0.1000 8 0.0
0.2000 8 1006.63296
0.3000 8 16619.9296
0.4000 8 35347.49696
0.5000 8 39688.6016
0.6000 8 37906.0224
0.7000 8 41083.20768
0.8000 8 40045.11744
0.9000 8 41114.66496
1.0000 8 41334.86592
1.1000 8 41313.8944
1.2000 8 42278.58432
1.3000 8 36726.3744
1.4000 8 24531.43552
1.5000 8 29685.18656
1.6000 8 21338.5216
1.7000 8 39651.90144
1.8000 8 33795.60448
1.9000 8 33622.58944
2.0000 8 25564.28288
2.1000 8 19692.25728
2.2000 8 14003.73248
2.3000 8 7748.97664
2.4000 8 8718.90944
2.5000 8 8315.20768
2.6000 8 8315.20768
2.7000 8 8451.52256
2.8000 8 8294.23616
2.9000 8 8336.1792
3.0000 8 8210.35008
3.1000 8 8304.72192
3.2000 8 8357.15072
3.3000 8 8566.86592
3.4000 8 686.81728
3.5000 8 62.91456
3.6000 8 0.0
3.7000 8 0.0
3.8000 8 0.0
3.9000 8 0.0
4.0000 8 0.0
4.1000 8 0.0
4.2000 8 2348.81024
4.3000 8 10055.84384
4.4000 8 14271.11936
4.5000 8 14313.0624
4.6000 8 13830.71744
4.7000 8 14638.12096
4.8000 8 14784.9216
4.9000 8 20394.8032
5.0000 8 19954.40128
5.1000 8 22722.64192
5.2000 8 32327.59808
5.3000 8 44318.06464
5.4000 8 40910.19264
5.5000 8 37706.79296
5.6000 8 36616.27392
5.7000 8 38000.39424
5.8000 8 37318.81984
5.9000 8 36878.41792
6.0000 8 36626.75968
6.1000 8 40317.7472
6.2000 8 41502.63808
6.3000 8 37843.10784
6.4000 8 38073.79456
6.5000 8 27189.57568
6.6000 8 23996.66176
6.7000 8 21118.32064
6.8000 8 18795.7248
6.9000 8 15906.89792
7.0000 8 15875.44064
7.1000 8 15781.0688
7.2000 8 12409.89696
7.3000 8 8136.94976
7.4000 8 8147.43552
7.5000 8 2532.31104
7.6000 8 73.40032
7.7000 8 4477.41952
7.8000 8 8210.35008
7.9000 8 8220.83584
8.0000 8 8136.94976
8.1000 8 8168.40704
8.2000 8 8325.69344
8.3000 8 8262.77888
8.4000 8 8304.72192
8.5000 8 7927.23456
8.6000 8 11607.73632
8.7000 8 11644.43648
8.8000 8 8095.00672
8.9000 8 8126.464
9.0000 8 8147.43552
9.1000 8 10821.30432
9.2000 8 14837.3504
9.3000 8 20331.88864
9.4000 8 21443.3792
9.5000 8 24809.30816
9.6000 8 29721.88672
9.7000 8 23781.70368
9.8000 8 31845.25312
9.9000 8 31677.48096
10.0000 8 37276.8768
10.1000 8 34351.34976
10.2000 8 35363.2256
10.3000 8 36490.4448
10.4000 8 33496.76032
10.5000 8 29050.79808
10.6000 8 22837.98528
10.7000 8 29842.47296
10.8000 8 23136.82944
10.9000 8 21107.83488
11.0000 8 28972.15488
11.1000 8 28961.66912
11.2000 8 27839.6928
11.3000 8 27792.50688
11.4000 8 17348.68992
11.5000 8 15686.69696
11.6000 8 10386.14528
11.7000 8 7392.4608
11.8000 8 7591.69024
11.9000 8 7203.71712
12.0000 8 14098.10432
12.1000 8 7916.7488
12.2000 8 8000.63488
12.3000 8 7707.0336
12.4000 8 7832.86272
12.5000 8 7675.57632
12.6000 8 7612.66176
12.7000 8 7581.20448
12.8000 8 10076.81536
12.9000 8 14900.26496
13.0000 8 18386.78016
13.1000 8 12446.59712
13.2000 8 12656.31232
13.3000 8 13904.11776
13.4000 8 17112.76032
13.5000 8 17741.90592
13.6000 8 17815.30624
13.7000 8 17878.2208
13.8000 8 18371.05152
13.9000 8 18260.95104
14.0000 8 12278.82496
14.1000 8 18727.56736
14.2000 8 24631.05024
14.3000 8 24945.62304
14.4000 8 32941.01504
14.5000 8 31646.02368
14.6000 8 31625.05216
14.7000 8 31635.53792
14.8000 8 32521.58464
14.9000 8 34036.77696
15.0000 8 34152.12032
15.1000 8 34529.60768
15.2000 8 34613.49376
15.3000 8 34770.78016
15.4000 8 32002.53952
15.5000 8 21233.664
15.6000 8 12121.53856
15.7000 8 17867.73504
15.8000 8 16546.52928
15.9000 8 16509.82912
16.0000 8 15309.2096
16.1000 8 15330.18112
16.2000 8 15372.12416
16.3000 8 12383.68256
16.4000 8 15864.95488
16.5000 8 20017.31584
16.6000 8 19818.0864
16.7000 8 17705.20576
16.8000 8 12614.36928
16.9000 8 12666.79808
17.0000 8 9054.45376
17.1000 8 8178.8928
17.2000 8 8231.3216
17.3000 8 8136.94976
17.4000 8 5678.03904
17.5000 8 0.0
17.6000 8 0.0
17.7000 8 0.0
17.8000 8 0.0
17.9000 8 0.0
18.0000 8 0.0
18.1000 8 0.0
18.2000 8 4949.27872
18.3000 8 16410.2144
18.4000 8 22366.12608
18.5000 8 21736.98048
18.6000 8 25186.79552
18.7000 8 24473.76384
18.8000 8 25050.48064
18.9000 8 25260.19584
19.0000 8 29454.49984
19.1000 8 25721.56928
19.2000 8 27525.12
19.3000 8 27530.36288
19.4000 8 22166.89664
19.5000 8 23781.70368
19.6000 8 26901.21728
19.7000 8 25973.22752
19.8000 8 15618.53952
19.9000 8 21883.78112
20.0000 8 17317.23264
20.1000 8 11733.56544
20.2000 8 11502.87872
20.3000 8 9017.7536
20.4000 8 6779.04384
20.5000 8 10747.904
20.6000 8 823.13216
