0.1000 8 0.0
0.2000 8 713.03168
0.3000 8 17563.648
0.4000 8 29244.78464
0.5000 8 38199.62368
0.6000 8 38514.19648
0.7000 8 34382.80704
0.8000 8 40674.26304
0.9000 8 44249.9072
1.0000 8 42289.07008
1.1000 8 50226.7904
1.2000 8 47699.72224
1.3000 8 44816.13824
1.4000 8 37533.77792
1.5000 8 34582.03648
1.6000 8 41083.20768
1.7000 8 39620.44416
1.8000 8 33973.8624
1.9000 8 28190.96576
2.0000 8 24012.3904
2.1000 8 19445.84192
2.2000 8 7444.8896
2.3000 8 8598.3232
2.4000 8 8545.8944
2.5000 8 8860.4672
2.6000 8 8210.35008
2.7000 8 8032.09216
2.8000 8 5258.60864
2.9000 8 136.31488
3.0000 8 125.82912
3.1000 8 0.0
3.2000 8 62.91456
3.3000 8 73.40032
3.4000 8 0.0
3.5000 8 73.40032
3.6000 8 2348.81024
3.7000 8 8220.83584
3.8000 8 8178.8928
3.9000 8 8157.92128
4.0000 8 8430.55104
4.1000 8 14606.66368
4.2000 8 14480.83456
4.3000 8 14166.26176
4.4000 8 20499.6608
4.5000 8 29926.35904
4.6000 8 29847.71584
4.7000 8 33470.54592
4.8000 8 42656.07168
4.9000 8 42110.81216
5.0000 8 44260.39296
5.1000 8 51023.70816
5.2000 8 50294.94784
5.3000 8 45246.0544
5.4000 8 42524.99968
5.5000 8 34880.88064
5.6000 8 28416.4096
5.7000 8 24085.79072
5.8000 8 31174.16448
5.9000 8 26466.05824
6.0000 8 21223.17824
6.1000 8 23267.90144
6.2000 8 23142.07232
6.3000 8 23225.9584
6.4000 8 21396.19328
6.5000 8 17233.34656
6.6000 8 13238.272
6.7000 8 15130.95168
6.8000 8 18030.26432
6.9000 8 14889.7792
7.0000 8 15193.86624
7.1000 8 14879.29344
7.2000 8 15214.83776
7.3000 8 15225.32352
7.4000 8 15298.72384
7.5000 8 15372.12416
7.6000 8 15309.2096
7.7000 8 13332.64384
7.8000 8 7790.91968
7.9000 8 17673.74848
8.0000 8 14092.86144
8.1000 8 15109.98016
8.2000 8 15560.86784
8.3000 8 13820.23168
8.4000 8 13484.68736
8.5000 8 13191.08608
8.6000 8 13191.08608
8.7000 8 12939.42784
8.8000 8 21160.26368
8.9000 8 28594.66752
9.0000 8 33711.7184
9.1000 8 30345.78944
9.2000 8 25396.51072
9.3000 8 26403.14368
9.4000 8 35987.12832
9.5000 8 37811.65056
9.6000 8 38870.71232
9.7000 8 34833.69472
9.8000 8 34361.83552
9.9000 8 31473.00864
10.0000 8 23849.86112
10.1000 8 26916.94592
10.2000 8 31006.39232
10.3000 8 32159.82592
10.4000 8 30901.53472
10.5000 8 28631.36768
10.6000 8 28489.80992
10.7000 8 27021.80352
10.8000 8 16216.22784
10.9000 8 19146.99776
11.0000 8 16452.15744
11.1000 8 17385.39008
11.2000 8 21453.86496
11.3000 8 20892.8768
11.4000 8 12860.78464
11.5000 8 15015.60832
11.6000 8 18664.6528
11.7000 8 21957.18144
11.8000 8 22596.8128
11.9000 8 22743.61344
12.0000 8 19320.0128
12.1000 8 15728.64
12.2000 8 15906.89792
12.3000 8 14428.40576
12.4000 8 15529.41056
12.5000 8 14066.64704
12.6000 8 7271.87456
12.7000 8 83.88608
12.8000 8 136.31488
12.9000 8 146.80064
13.0000 8 2464.1536
13.1000 8 8074.0352
13.2000 8 8378.12224
13.3000 8 15592.32512
13.4000 8 24421.33504
13.5000 8 24924.65152
13.6000 8 23771.21792
13.7000 8 26822.57408
13.8000 8 31656.50944
13.9000 8 32736.54272
14.0000 8 31745.6384
14.1000 8 28919.72608
14.2000 8 35819.35616
14.3000 8 43631.24736
14.4000 8 38598.08256
14.5000 8 28500.29568
14.6000 8 27808.23552
14.7000 8 38755.36896
14.8000 8 40097.54624
14.9000 8 39814.43072
15.0000 8 38304.48128
15.1000 8 36726.3744
15.2000 8 30503.07584
15.3000 8 29695.67232
15.4000 8 30953.96352
15.5000 8 29103.22688
15.6000 8 24300.7488
15.7000 8 20148.38784
15.8000 8 15560.86784
15.9000 8 15613.29664
16.0000 8 15518.9248
16.1000 8 15560.86784
16.2000 8 15686.69696
16.3000 8 15896.41216
16.4000 8 12048.13824
16.5000 8 7906.26304
16.6000 8 7885.29152
16.7000 8 7832.86272
16.8000 8 8053.06368
16.9000 8 7937.72032
17.0000 8 7990.14912
17.1000 8 7906.26304
17.2000 8 7832.86272
17.3000 8 7979.66336
17.4000 8 3832.54528
17.5000 8 0.0
17.6000 8 1373.63456
17.7000 8 8430.55104
17.8000 8 8325.69344
17.9000 8 8472.49408
18.0000 8 8451.52256
18.1000 8 8462.00832
18.2000 8 8493.4656
18.3000 8 8566.86592
18.4000 8 8514.43712
18.5000 8 8388.608
18.6000 8 3664.77312
