0.1000 8 0.0
0.2000 8 1069.54752
0.3000 8 21244.14976
0.4000 8 49838.81728
0.5000 8 45382.36928
0.6000 8 47815.0656
0.7000 8 44449.13664
0.8000 8 42037.41184
0.9000 8 42268.09856
1.0000 8 40496.00512
1.1000 8 40558.91968
1.2000 8 39657.14432
1.3000 8 39201.01376
1.4000 8 25076.69504
1.5000 8 23813.16096
1.6000 8 23865.58976
1.7000 8 23309.84448
1.8000 8 26539.45856
1.9000 8 20158.8736
2.0000 8 22796.04224
2.1000 8 23765.97504
2.2000 8 23876.07552
2.3000 8 24285.02016
2.4000 8 23823.64672
2.5000 8 20845.69088
2.6000 8 16452.15744
2.7000 8 19723.71456
2.8000 8 19451.0848
2.9000 8 23456.64512
3.0000 8 26487.02976
3.1000 8 29270.99904
3.2000 8 26560.43008
3.3000 8 25213.00992
3.4000 8 22722.64192
3.5000 8 22187.86816
3.6000 8 30251.4176
3.7000 8 26728.20224
3.8000 8 30513.5616
3.9000 8 32390.51264
4.0000 8 35777.41312
4.1000 8 35562.45504
4.2000 8 29223.81312
4.3000 8 18717.0816
4.4000 8 24620.56448
4.5000 8 27315.4048
4.6000 8 28028.43648
4.7000 8 29926.35904
4.8000 8 27923.57888
4.9000 8 40737.1776
5.0000 8 48224.01024
5.1000 8 49188.70016
5.2000 8 43327.16032
5.3000 8 40585.13408
5.4000 8 31200.37888
5.5000 8 22235.05408
5.6000 8 19136.512
5.7000 8 21936.20992
5.8000 8 25186.79552
5.9000 8 18124.63616
6.0000 8 17909.67808
6.1000 8 18753.78176
6.2000 8 14716.76416
6.3000 8 10359.93088
6.4000 8 9971.95776
6.5000 8 11377.0496
6.6000 8 24043.84768
6.7000 8 21768.43776
6.8000 8 25627.19744
6.9000 8 30083.64544
7.0000 8 30429.67552
7.1000 8 28479.32416
7.2000 8 31090.2784
7.3000 8 34267.46368
7.4000 8 32909.55776
7.5000 8 31163.67872
7.6000 8 28002.22208
7.7000 8 18648.92416
7.8000 8 24861.73696
7.9000 8 27053.2608
8.0000 8 19493.02784
8.1000 8 40244.34688
8.2000 8 32851.88608
8.3000 8 37874.56512
8.4000 8 34204.54912
8.5000 8 40223.37536
8.6000 8 25275.92448
8.7000 8 16939.74528
8.8000 8 24730.66496
8.9000 8 10380.9024
9.0000 8 54966.35392
9.1000 8 18150.85056
9.2000 8 23865.58976
9.3000 8 24132.97664
9.4000 8 17878.2208
9.5000 8 13998.4896
9.6000 8 7161.77408
9.7000 8 27577.5488
9.8000 8 23378.00192
9.9000 8 25207.76704
10.0000 8 13379.82976
10.1000 8 24950.86592
10.2000 8 23131.58656
10.3000 8 25920.79872
10.4000 8 27131.904
10.5000 8 0.0
10.6000 8 933.23264
10.7000 8 692.06016
10.8000 8 73.40032
10.9000 8 14029.94688
11.0000 8 19283.31264
11.1000 8 734.0032
11.2000 8 24117.248
11.3000 8 46336.57344
11.4000 8 41313.8944
11.5000 8 49618.61632
11.6000 8 37843.10784
11.7000 8 555.74528
11.8000 8 10443.81696
11.9000 8 4875.8784
12.0000 8 35882.27072
12.1000 8 44186.99264
12.2000 8 39872.1024
12.3000 8 41340.1088
12.4000 8 32060.2112
12.5000 8 31619.80928
12.6000 8 25511.85408
12.7000 8 13563.33056
12.8000 8 26287.80032
12.9000 8 31981.568
13.0000 8 23136.82944
13.1000 8 12855.54176
13.2000 8 15948.84096
13.3000 8 975.17568
13.4000 8 13925.08928
13.5000 8 25291.65312
13.6000 8 28668.06784
13.7000 8 22481.46944
13.8000 8 27540.84864
13.9000 8 19225.64096
14.0000 8 19776.14336
14.1000 8 22984.78592
14.2000 8 23571.98848
14.3000 8 25197.28128
14.4000 8 23267.90144
14.5000 8 22911.3856
14.6000 8 24494.73536
14.7000 8 24395.12064
14.8000 8 15545.1392
14.9000 8 10705.96096
15.0000 8 8960.08192
15.1000 8 7098.85952
15.2000 8 6700.40064
15.3000 8 5725.22496
15.4000 8 5651.82464
15.5000 8 5798.62528
15.6000 8 7885.29152
15.7000 8 4031.77472
