0.1000 8 0.0
0.2000 8 1027.60448
0.3000 8 18738.05312
0.4000 8 40842.0352
0.5000 8 38283.50976
0.6000 8 40034.63168
0.7000 8 38650.51136
0.8000 8 44386.22208
0.9000 8 43159.38816
1.0000 8 40328.23296
1.1000 8 37622.90688
1.2000 8 36186.35776
1.3000 8 34256.97792
1.4000 8 29029.82656
1.5000 8 29265.75616
1.6000 8 32002.53952
1.7000 8 28783.4112
1.8000 8 21490.56512
1.9000 8 24358.42048
2.0000 8 27719.10656
2.1000 8 21658.33728
2.2000 8 18308.13696
2.3000 8 18486.39488
2.4000 8 19251.85536
2.5000 8 19477.2992
2.6000 8 13416.52992
2.7000 8 7748.97664
2.8000 8 7570.71872
2.9000 8 14763.95008
3.0000 8 17998.80704
3.1000 8 14334.03392
3.2000 8 11817.45152
3.3000 8 14711.52128
3.4000 8 18895.33952
3.5000 8 17458.7904
3.6000 8 18392.02304
3.7000 8 24389.87776
3.8000 8 29852.95872
3.9000 8 29706.15808
4.0000 8 33743.17568
4.1000 8 33470.54592
4.2000 8 31887.19616
4.3000 8 29638.00064
4.4000 8 32400.9984
4.5000 8 33129.75872
4.6000 8 33889.97632
4.7000 8 33722.20416
4.8000 8 36380.34432
4.9000 8 28966.912
5.0000 8 19173.21216
5.1000 8 22879.92832
5.2000 8 25459.42528
5.3000 8 28322.03776
5.4000 8 27304.91904
5.5000 8 23514.3168
5.6000 8 22995.27168
5.7000 8 20683.1616
5.8000 8 13972.2752
5.9000 8 18821.9392
6.0000 8 18570.28096
6.1000 8 22345.15456
6.2000 8 27745.32096
6.3000 8 25899.8272
6.4000 8 29250.02752
6.5000 8 24127.73376
6.6000 8 22984.78592
6.7000 8 22397.58336
6.8000 8 20861.41952
6.9000 8 25144.85248
7.0000 8 27142.38976
7.1000 8 23026.72896
7.2000 8 25501.36832
7.3000 8 28615.63904
7.4000 8 25034.752
7.5000 8 24264.04864
7.6000 8 27273.46176
7.7000 8 29349.64224
7.8000 8 36312.18688
7.9000 8 39452.672
8.0000 8 39415.97184
8.1000 8 34817.96608
8.2000 8 35735.47008
8.3000 8 33365.68832
8.4000 8 31184.65024
8.5000 8 31247.5648
8.6000 8 34194.06336
8.7000 8 29905.38752
8.8000 8 28951.18336
8.9000 8 27829.20704
9.0000 8 24489.49248
9.1000 8 22020.096
9.2000 8 17443.06176
9.3000 8 16646.144
9.4000 8 14648.60672
9.5000 8 6894.3872
9.6000 8 10108.27264
9.7000 8 10915.67616
9.8000 8 10947.13344
9.9000 8 11093.93408
10.0000 8 10821.30432
10.1000 8 15487.46752
10.2000 8 16268.65664
10.3000 8 16452.15744
10.4000 8 16483.61472
10.5000 8 17055.08864
10.6000 8 15298.72384
10.7000 8 220.20096
10.8000 8 31950.11072
10.9000 8 36196.84352
11.0000 8 33743.17568
11.1000 8 38650.51136
11.2000 8 40726.69184
11.3000 8 43012.58752
11.4000 8 40475.0336
11.5000 8 40794.84928
11.6000 8 39866.85952
11.7000 8 37444.64896
11.8000 8 25873.6128
11.9000 8 20677.91872
12.0000 8 27535.60576
12.1000 8 27273.46176
12.2000 8 21972.91008
12.3000 8 20856.17664
12.4000 8 20268.97408
12.5000 8 21170.74944
12.6000 8 20510.14656
12.7000 8 21149.77792
12.8000 8 30953.96352
12.9000 8 36600.54528
13.0000 8 31153.19296
13.1000 8 20578.304
13.2000 8 18570.28096
13.3000 8 22596.8128
13.4000 8 36385.5872
13.5000 8 30115.10272
13.6000 8 29601.30048
13.7000 8 30041.7024
13.8000 8 22486.71232
13.9000 8 19346.2272
14.0000 8 16583.22944
14.1000 8 16640.90112
14.2000 8 18198.03648
14.3000 8 14082.37568
14.4000 8 22617.78432
14.5000 8 15922.62656
14.6000 8 15047.0656
14.7000 8 13054.7712
14.8000 8 14459.86304
14.9000 8 15130.95168
15.0000 8 15623.7824
15.1000 8 15497.95328
15.2000 8 14585.69216
15.3000 8 12866.02752
15.4000 8 14732.4928
15.5000 8 11544.82176
15.6000 8 6794.77248
15.7000 8 6973.0304
15.8000 8 7004.48768
15.9000 8 6868.1728
16.0000 8 5903.48288
16.1000 8 7549.7472
16.2000 8 4356.83328
