0.1000 8 0.0
0.2000 8 870.31808
0.3000 8 11565.79328
0.4000 8 25543.31136
0.5000 8 38314.96704
0.6000 8 36500.93056
0.7000 8 35106.32448
0.8000 8 35305.55392
0.9000 8 35190.21056
1.0000 8 36595.3024
1.1000 8 37067.1616
1.2000 8 37549.50656
1.3000 8 36784.04608
1.4000 8 39090.91328
1.5000 8 38619.05408
1.6000 8 37837.86496
1.7000 8 30943.47776
1.8000 8 23734.51776
1.9000 8 18617.46688
2.0000 8 15335.424
2.1000 8 13537.11616
2.2000 8 13946.0608
2.3000 8 13662.94528
2.4000 8 13820.23168
2.5000 8 13788.7744
2.6000 8 16824.40192
2.7000 8 12268.3392
2.8000 8 12268.3392
2.9000 8 8110.73536
3.0000 8 7140.80256
3.1000 8 6847.20128
3.2000 8 7570.71872
3.3000 8 11691.6224
3.4000 8 16955.47392
3.5000 8 19534.97088
3.6000 8 22974.30016
3.7000 8 27504.14848
3.8000 8 27278.70464
3.9000 8 32642.17088
4.0000 8 40904.94976
4.1000 8 38388.36736
4.2000 8 40496.00512
4.3000 8 37885.05088
4.4000 8 39405.48608
4.5000 8 41114.66496
4.6000 8 40516.97664
4.7000 8 39782.97344
4.8000 8 39101.39904
4.9000 8 34047.26272
5.0000 8 35426.14016
5.1000 8 30974.93504
5.2000 8 23949.47584
5.3000 8 20394.8032
5.4000 8 9458.15552
5.5000 8 6343.8848
5.6000 8 8535.40864
5.7000 8 9190.76864
5.8000 8 7035.94496
5.9000 8 7014.97344
6.0000 8 6427.77088
6.1000 8 7958.69184
6.2000 8 14250.14784
6.3000 8 15487.46752
6.4000 8 15382.60992
6.5000 8 15298.72384
6.6000 8 17007.90272
6.7000 8 20866.6624
6.8000 8 17789.09184
6.9000 8 16431.18592
7.0000 8 23173.5296
7.1000 8 28720.49664
7.2000 8 31908.16768
7.3000 8 33816.576
7.4000 8 31923.89632
7.5000 8 42876.27264
7.6000 8 41754.29632
7.7000 8 38351.6672
7.8000 8 35148.26752
7.9000 8 36972.78976
8.0000 8 36291.21536
8.1000 8 32049.72544
8.2000 8 30041.7024
8.3000 8 31635.53792
8.4000 8 33155.97312
8.5000 8 33874.24768
8.6000 8 36909.8752
8.7000 8 40228.61824
8.8000 8 30565.9904
8.9000 8 23456.64512
9.0000 8 27409.77664
9.1000 8 30859.59168
9.2000 8 31111.24992
9.3000 8 31237.07904
9.4000 8 30256.66048
9.5000 8 24977.08032
9.6000 8 12378.43968
9.7000 8 13033.79968
9.8000 8 18832.42496
9.9000 8 25721.56928
10.0000 8 26046.62784
10.1000 8 24683.47904
10.2000 8 22759.34208
10.3000 8 19021.16864
10.4000 8 17836.27776
10.5000 8 21086.86336
10.6000 8 23320.33024
10.7000 8 22355.64032
10.8000 8 21134.04928
10.9000 8 22927.11424
11.0000 8 21579.69408
11.1000 8 25207.76704
11.2000 8 25150.09536
11.3000 8 31027.36384
11.4000 8 32600.22784
11.5000 8 31845.25312
11.6000 8 32862.37184
11.7000 8 38220.5952
11.8000 8 38881.19808
11.9000 8 41838.1824
12.0000 8 44019.22048
12.1000 8 42178.9696
12.2000 8 37287.36256
12.3000 8 30136.07424
12.4000 8 27755.80672
12.5000 8 21422.40768
12.6000 8 17353.9328
12.7000 8 17175.67488
12.8000 8 18633.19552
12.9000 8 21642.60864
13.0000 8 25894.58432
13.1000 8 20798.50496
13.2000 8 17794.33472
13.3000 8 17249.0752
13.4000 8 19482.54208
13.5000 8 22313.69728
13.6000 8 21831.35232
13.7000 8 30607.93344
13.8000 8 33397.1456
13.9000 8 35483.81184
14.0000 8 36988.5184
14.1000 8 38204.86656
14.2000 8 32023.51104
14.3000 8 29113.71264
14.4000 8 25469.91104
14.5000 8 25050.48064
14.6000 8 26329.74336
14.7000 8 27346.86208
14.8000 8 24337.44896
14.9000 8 13437.50144
15.0000 8 8378.12224
15.1000 8 2867.85536
