0.1000 8 0.0
0.2000 8 1059.06176
0.3000 8 10873.73312
0.4000 8 41659.92448
0.5000 8 42519.7568
0.6000 8 41072.72192
0.7000 8 40842.0352
0.8000 8 41523.6096
0.9000 8 44291.85024
1.0000 8 44847.59552
1.1000 8 44428.16512
1.2000 8 47238.3488
1.3000 8 45046.82496
1.4000 8 42608.88576
1.5000 8 37974.17984
1.6000 8 31955.3536
1.7000 8 29538.38592
1.8000 8 26612.85888
1.9000 8 16944.98816
2.0000 8 7423.91808
2.1000 8 7612.66176
2.2000 8 7570.71872
2.3000 8 4231.00416
2.4000 8 0.0
2.5000 8 73.40032
2.6000 8 62.91456
2.7000 8 0.0
2.8000 8 73.40032
2.9000 8 62.91456
3.0000 8 2977.95584
3.1000 8 7801.40544
3.2000 8 7707.0336
3.3000 8 7707.0336
3.4000 8 7665.09056
3.5000 8 7822.37696
3.6000 8 7707.0336
3.7000 8 7402.94656
3.8000 8 13809.74592
3.9000 8 14302.57664
4.0000 8 18066.96448
4.1000 8 19529.728
4.2000 8 15414.0672
4.3000 8 15424.55296
4.4000 8 18759.02464
4.5000 8 28143.77984
4.6000 8 29831.9872
4.7000 8 34938.55232
4.8000 8 40873.49248
4.9000 8 36626.75968
5.0000 8 35237.39648
5.1000 8 33428.60288
5.2000 8 34031.53408
5.3000 8 31069.30688
5.4000 8 30995.90656
5.5000 8 34036.77696
5.6000 8 33507.24608
5.7000 8 31813.79584
5.8000 8 35777.41312
5.9000 8 38608.56832
6.0000 8 38561.3824
6.1000 8 23980.93312
6.2000 8 23739.76064
6.3000 8 23855.104
6.4000 8 23860.34688
6.5000 8 20919.0912
6.6000 8 20195.57376
6.7000 8 15429.79584
6.8000 8 13170.11456
6.9000 8 12074.35264
7.0000 8 2102.39488
7.1000 8 0.0
7.2000 8 0.0
7.3000 8 0.0
7.4000 8 7025.4592
7.5000 8 8074.0352
7.6000 8 8189.37856
7.7000 8 8147.43552
7.8000 8 8115.97824
7.9000 8 8053.06368
8.0000 8 8074.0352
8.1000 8 8095.00672
8.2000 8 8011.12064
8.3000 8 8126.464
8.4000 8 1745.87904
8.5000 8 2348.81024
8.6000 8 11565.79328
8.7000 8 22502.44096
8.8000 8 27336.37632
8.9000 8 27472.6912
9.0000 8 32421.96992
9.1000 8 34036.77696
9.2000 8 36542.8736
9.3000 8 39552.28672
9.4000 8 37172.0192
9.5000 8 39164.3136
9.6000 8 39374.0288
9.7000 8 32647.41376
9.8000 8 39625.68704
9.9000 8 26371.6864
10.0000 8 31929.1392
10.1000 8 2862.61248
10.2000 8 0.0
10.3000 8 25700.59776
10.4000 8 37890.29376
10.5000 8 32453.4272
10.6000 8 36175.872
10.7000 8 24940.38016
10.8000 8 16965.95968
10.9000 8 17600.34816
11.0000 8 14963.17952
11.1000 8 17076.06016
11.2000 8 12923.6992
11.3000 8 11219.7632
11.4000 8 16231.95648
11.5000 8 13746.83136
11.6000 8 12436.11136
11.7000 8 15041.82272
11.8000 8 9479.12704
11.9000 8 8189.37856
12.0000 8 6270.48448
12.1000 8 6176.11264
12.2000 8 3156.21376
12.3000 8 10396.63104
12.4000 8 1876.95104
12.5000 8 62.91456
12.6000 8 1688.20736
12.7000 8 1646.26432
12.8000 8 7927.23456
12.9000 8 9542.0416
13.0000 8 7549.7472
13.1000 8 7392.4608
13.2000 8 7507.80416
13.3000 8 7361.00352
13.4000 8 10936.64768
13.5000 8 22733.12768
13.6000 8 29181.87008
13.7000 8 14711.52128
13.8000 8 16032.72704
13.9000 8 16420.70016
14.0000 8 41340.1088
14.1000 8 46032.4864
14.2000 8 43327.16032
14.3000 8 43044.0448
14.4000 8 39059.456
14.5000 8 49901.73184
14.6000 8 50504.66304
14.7000 8 48438.96832
14.8000 8 33659.2896
14.9000 8 32511.09888
15.0000 8 27567.06304
15.1000 8 25873.6128
15.2000 8 22628.27008
15.3000 8 22245.53984
15.4000 8 26418.87232
15.5000 8 23938.99008
15.6000 8 9604.95616
15.7000 8 8409.57952
15.8000 8 8252.29312
15.9000 8 12373.1968
16.0000 8 13610.51648
16.1000 8 13600.03072
16.2000 8 13662.94528
16.3000 8 10365.17376
16.4000 8 5557.4528
16.5000 8 2988.4416
16.6000 8 6511.65696
16.7000 8 10391.38816
16.8000 8 7748.97664
16.9000 8 7612.66176
17.0000 8 15330.18112
17.1000 8 9222.22592
17.2000 8 8095.00672
17.3000 8 14355.00544
17.4000 8 16116.61312
17.5000 8 15917.38368
17.6000 8 15990.784
17.7000 8 15927.86944
17.8000 8 16095.6416
17.9000 8 15303.96672
18.0000 8 8986.29632
18.1000 8 16095.6416
18.2000 8 23655.87456
18.3000 8 24762.12224
18.4000 8 25039.99488
18.5000 8 23068.672
18.6000 8 23383.2448
18.7000 8 22208.83968
18.8000 8 22733.12768
18.9000 8 22491.9552
19.0000 8 22712.15616
19.1000 8 23037.21472
19.2000 8 21862.8096
19.3000 8 11198.79168
19.4000 8 12226.39616
19.5000 8 9400.48384
19.6000 8 5735.71072
19.7000 8 5735.71072
19.8000 8 5725.22496
19.9000 8 1483.73504
