0.1000 8 0.0
0.2000 8 786.432
0.3000 8 18339.59424
0.4000 8 33229.37344
0.5000 8 40642.80576
0.6000 8 45015.36768
0.7000 8 40108.032
0.8000 8 41376.80896
0.9000 8 41953.52576
1.0000 8 39741.0304
1.1000 8 41240.49408
1.2000 8 39803.94496
1.3000 8 39845.888
1.4000 8 39043.72736
1.5000 8 31913.41056
1.6000 8 27829.20704
1.7000 8 14963.17952
1.8000 8 14459.86304
1.9000 8 14596.17792
2.0000 8 14501.80608
2.1000 8 16043.2128
2.2000 8 21202.20672
2.3000 8 21065.89184
2.4000 8 20992.49152
2.5000 8 17810.06336
2.6000 8 9872.34304
2.7000 8 7633.63328
2.8000 8 7570.71872
2.9000 8 7591.69024
3.0000 8 7528.77568
3.1000 8 9898.55744
3.2000 8 15791.55456
3.3000 8 15047.0656
3.4000 8 20305.67424
3.5000 8 21212.69248
3.6000 8 22995.27168
3.7000 8 23037.21472
3.8000 8 22313.69728
3.9000 8 20384.31744
4.0000 8 20761.8048
4.1000 8 19818.0864
4.2000 8 15335.424
4.3000 8 18759.02464
4.4000 8 24798.8224
4.5000 8 34996.224
4.6000 8 19692.25728
4.7000 8 754.97472
4.8000 8 41062.23616
4.9000 8 46331.33056
5.0000 8 38094.76608
5.1000 8 30870.07744
5.2000 8 32872.8576
5.3000 8 33931.91936
5.4000 8 19382.92736
5.5000 8 8053.06368
5.6000 8 43222.30272
5.7000 8 43038.80192
5.8000 8 43741.34784
5.9000 8 16761.48736
6.0000 8 51610.91072
6.1000 8 35515.26912
6.2000 8 23383.2448
6.3000 8 8084.52096
6.4000 8 2694.84032
6.5000 8 0.0
6.6000 8 18392.02304
6.7000 8 64419.26656
6.8000 8 31226.59328
6.9000 8 42907.72992
7.0000 8 40207.64672
7.1000 8 34089.20576
7.2000 8 43494.93248
7.3000 8 29181.87008
7.4000 8 37056.67584
7.5000 8 17511.2192
7.6000 8 5777.65376
7.7000 8 32615.95648
7.8000 8 29847.71584
7.9000 8 20421.0176
8.0000 8 14805.89312
8.1000 8 12923.6992
8.2000 8 7497.3184
8.3000 8 7665.09056
8.4000 8 7696.54784
8.5000 8 14292.09088
8.6000 8 17789.09184
8.7000 8 21422.40768
8.8000 8 20069.74464
8.9000 8 21422.40768
9.0000 8 20321.40288
9.1000 8 21789.40928
9.2000 8 21757.952
9.3000 8 21632.12288
9.4000 8 21417.1648
9.5000 8 20059.25888
9.6000 8 14868.80768
9.7000 8 16520.31488
9.8000 8 15335.424
9.9000 8 22806.528
10.0000 8 18465.42336
10.1000 8 20625.48992
10.2000 8 29444.01408
10.3000 8 29297.21344
10.4000 8 33669.77536
10.5000 8 34498.1504
10.6000 8 37570.47808
10.7000 8 37088.13312
10.8000 8 30298.60352
10.9000 8 27415.01952
11.0000 8 24830.27968
11.1000 8 31850.496
11.2000 8 32631.68512
11.3000 8 30282.87488
11.4000 8 30670.848
11.5000 8 30686.57664
11.6000 8 30324.81792
11.7000 8 38210.10944
11.8000 8 35253.12512
11.9000 8 24232.59136
12.0000 8 23959.9616
12.1000 8 25291.65312
12.2000 8 24898.43712
12.3000 8 27907.85024
12.4000 8 26140.99968
12.5000 8 19823.32928
12.6000 8 22775.07072
12.7000 8 15623.7824
12.8000 8 15843.98336
12.9000 8 15749.61152
13.0000 8 15482.22464
13.1000 8 12006.1952
13.2000 8 8283.7504
13.3000 8 8283.7504
13.4000 8 8346.66496
13.5000 8 7250.90304
13.6000 8 4645.19168
13.7000 8 14166.26176
13.8000 8 13495.17312
13.9000 8 13348.37248
14.0000 8 18266.19392
14.1000 8 19608.3712
14.2000 8 19493.02784
14.3000 8 22712.15616
14.4000 8 24662.50752
14.5000 8 22020.096
14.6000 8 32841.40032
14.7000 8 37182.50496
14.8000 8 41146.12224
14.9000 8 34907.09504
15.0000 8 32516.34176
15.1000 8 34760.2944
15.2000 8 34078.72
15.3000 8 32380.02688
15.4000 8 33533.46048
15.5000 8 29229.056
15.6000 8 22004.36736
15.7000 8 16242.44224
15.8000 8 10858.00448
15.9000 8 7423.91808
16.0000 8 7623.14752
16.1000 8 7486.83264
16.2000 8 7518.28992
16.3000 8 7497.3184
16.4000 8 487.58784
