0.1000 8 0.0
0.2000 8 933.23264
0.3000 8 20845.69088
0.4000 8 31887.19616
0.5000 8 35106.32448
0.6000 8 37035.70432
0.7000 8 37318.81984
0.8000 8 35441.8688
0.9000 8 37622.90688
1.0000 8 40779.12064
1.1000 8 41303.40864
1.2000 8 35043.40992
1.3000 8 31331.45088
1.4000 8 31132.22144
1.5000 8 27221.03296
1.6000 8 20567.81824
1.7000 8 18968.73984
1.8000 8 18580.76672
1.9000 8 18811.45344
2.0000 8 18575.52384
2.1000 8 20085.47328
2.2000 8 19482.54208
2.3000 8 18523.09504
2.4000 8 19671.28576
2.5000 8 21149.77792
2.6000 8 15665.72544
2.7000 8 18412.99456
2.8000 8 24620.56448
2.9000 8 23765.97504
3.0000 8 20814.2336
3.1000 8 20289.9456
3.2000 8 23897.04704
3.3000 8 36354.12992
3.4000 8 38734.39744
3.5000 8 37166.77632
3.6000 8 36333.1584
3.7000 8 38178.65216
3.8000 8 33994.83392
3.9000 8 32988.20096
4.0000 8 25941.77024
4.1000 8 29166.14144
4.2000 8 25019.02336
4.3000 8 23346.54464
4.4000 8 21123.56352
4.5000 8 15456.01024
4.6000 8 15875.44064
4.7000 8 22282.24
4.8000 8 24122.49088
4.9000 8 21307.06432
5.0000 8 24117.248
5.1000 8 19639.82848
5.2000 8 20169.35936
5.3000 8 16169.04192
5.4000 8 22366.12608
5.5000 8 27692.89216
5.6000 8 30922.50624
5.7000 8 33449.5744
5.8000 8 32783.72864
5.9000 8 29412.5568
6.0000 8 30849.10592
6.1000 8 31724.66688
6.2000 8 32579.25632
6.3000 8 31530.68032
6.4000 8 32102.15424
6.5000 8 29611.78624
6.6000 8 31572.62336
6.7000 8 34728.83712
6.8000 8 33554.432
6.9000 8 37308.33408
7.0000 8 37570.47808
7.1000 8 37696.3072
7.2000 8 35090.59584
7.3000 8 30088.88832
7.4000 8 25176.30976
7.5000 8 23645.3888
7.6000 8 20431.50336
7.7000 8 22911.3856
7.8000 8 21951.93856
7.9000 8 16530.80064
8.0000 8 11943.28064
8.1000 8 12289.31072
8.2000 8 12320.768
8.3000 8 12331.25376
8.4000 8 11985.22368
8.5000 8 12897.4848
8.6000 8 15812.52608
8.7000 8 13820.23168
8.8000 8 8524.92288
8.9000 8 11974.73792
9.0000 8 12383.68256
9.1000 8 18339.59424
9.2000 8 24494.73536
9.3000 8 30356.2752
9.4000 8 37580.96384
9.5000 8 37402.70592
9.6000 8 35043.40992
9.7000 8 39908.80256
9.8000 8 44019.22048
9.9000 8 43327.16032
10.0000 8 38854.98368
10.1000 8 29984.03072
10.2000 8 21983.39584
10.3000 8 22303.21152
10.4000 8 24840.76544
10.5000 8 23592.96
10.6000 8 23708.30336
10.7000 8 28578.93888
10.8000 8 25920.79872
10.9000 8 23189.25824
11.0000 8 16300.11392
11.1000 8 17726.17728
11.2000 8 13521.38752
11.3000 8 9856.6144
11.4000 8 13935.57504
11.5000 8 15707.66848
11.6000 8 16745.75872
11.7000 8 24022.87616
11.8000 8 20017.31584
11.9000 8 19964.88704
12.0000 8 20248.00256
12.1000 8 21296.57856
12.2000 8 24180.16256
12.3000 8 30974.93504
12.4000 8 36091.98592
12.5000 8 31562.1376
12.6000 8 29863.44448
12.7000 8 31016.87808
12.8000 8 33596.37504
12.9000 8 28657.58208
13.0000 8 29370.61376
13.1000 8 28903.99744
13.2000 8 30503.07584
13.3000 8 30167.53152
13.4000 8 30503.07584
13.5000 8 27163.36128
13.6000 8 13489.93024
13.7000 8 18895.33952
13.8000 8 19063.11168
13.9000 8 21915.2384
14.0000 8 22717.39904
14.1000 8 19508.75648
14.2000 8 19136.512
14.3000 8 19063.11168
14.4000 8 27661.43488
14.5000 8 27336.37632
14.6000 8 28185.72288
14.7000 8 29737.61536
14.8000 8 27944.5504
14.9000 8 26051.87072
15.0000 8 16625.17248
15.1000 8 14449.37728
15.2000 8 7806.64832
15.3000 8 7633.63328
15.4000 8 7759.4624
15.5000 8 1462.76352
