0.1000 8 0.0
0.2000 8 933.23264
0.3000 8 15854.46912
0.4000 8 25994.19904
0.5000 8 35714.49856
0.6000 8 39583.744
0.7000 8 41481.66656
0.8000 8 41492.15232
0.9000 8 41062.23616
1.0000 8 38965.08416
1.1000 8 38933.62688
1.2000 8 44837.10976
1.3000 8 45424.31232
1.4000 8 39242.9568
1.5000 8 28919.72608
1.6000 8 23142.07232
1.7000 8 23178.77248
1.8000 8 17637.04832
1.9000 8 17332.96128
2.0000 8 14208.2048
2.1000 8 14082.37568
2.2000 8 13893.632
2.3000 8 17311.98976
2.4000 8 20174.60224
2.5000 8 23666.36032
2.6000 8 24091.0336
2.7000 8 21548.2368
2.8000 8 20012.07296
2.9000 8 23110.61504
3.0000 8 26298.28608
3.1000 8 22124.9536
3.2000 8 25228.73856
3.3000 8 26948.4032
3.4000 8 30434.9184
3.5000 8 4131.38944
3.6000 8 27724.34944
3.7000 8 23718.78912
3.8000 8 43473.96096
3.9000 8 14879.29344
4.0000 8 47972.352
4.1000 8 42393.92768
4.2000 8 49157.24288
4.3000 8 43044.0448
4.4000 8 37885.05088
4.5000 8 39342.57152
4.6000 8 35536.24064
4.7000 8 37449.89184
4.8000 8 33281.80224
4.9000 8 20541.60384
5.0000 8 14753.46432
5.1000 8 23126.34368
5.2000 8 15529.41056
5.3000 8 14197.71904
5.4000 8 14606.66368
5.5000 8 14669.57824
5.6000 8 14575.2064
5.7000 8 14879.29344
5.8000 8 15036.57984
5.9000 8 14889.7792
6.0000 8 19120.78336
6.1000 8 16441.67168
6.2000 8 8876.19584
6.3000 8 12016.68096
6.4000 8 14805.89312
6.5000 8 14417.92
6.6000 8 16305.3568
6.7000 8 19839.05792
6.8000 8 11062.4768
6.9000 8 29360.128
7.0000 8 34938.55232
7.1000 8 37685.82144
7.2000 8 63008.93184
7.3000 8 42865.78688
7.4000 8 42021.6832
7.5000 8 33931.91936
7.6000 8 31111.24992
7.7000 8 35242.63936
7.8000 8 36621.5168
7.9000 8 23398.97344
8.0000 8 6249.51296
8.1000 8 35347.49696
8.2000 8 41586.52416
8.3000 8 37691.06432
8.4000 8 35331.76832
8.5000 8 39840.64512
8.6000 8 33208.40192
8.7000 8 18874.368
8.8000 8 38907.41248
8.9000 8 31132.22144
9.0000 8 7298.08896
9.1000 8 11518.60736
9.2000 8 1677.7216
9.3000 8 22974.30016
9.4000 8 42577.42848
9.5000 8 32207.01184
9.6000 8 32621.19936
9.7000 8 34377.56416
9.8000 8 39279.65696
9.9000 8 34540.09344
10.0000 8 27567.06304
10.1000 8 22287.48288
10.2000 8 17731.42016
10.3000 8 24033.36192
10.4000 8 27682.4064
10.5000 8 27802.99264
10.6000 8 32516.34176
10.7000 8 35337.0112
10.8000 8 35924.21376
10.9000 8 30235.68896
11.0000 8 25186.79552
11.1000 8 33208.40192
11.2000 8 40338.71872
11.3000 8 36647.7312
11.4000 8 34697.37984
11.5000 8 37250.6624
11.6000 8 27582.79168
11.7000 8 26492.27264
11.8000 8 25433.21088
11.9000 8 30088.88832
12.0000 8 27000.832
12.1000 8 27514.63424
12.2000 8 24641.536
12.3000 8 18098.42176
12.4000 8 12635.3408
12.5000 8 20719.86176
12.6000 8 21118.32064
12.7000 8 22408.06912
12.8000 8 26072.84224
12.9000 8 23425.18784
13.0000 8 22439.5264
13.1000 8 21338.5216
13.2000 8 21485.32224
13.3000 8 24101.51936
13.4000 8 26403.14368
13.5000 8 23650.63168
13.6000 8 26895.9744
13.7000 8 28379.70944
13.8000 8 19587.39968
13.9000 8 16043.2128
14.0000 8 17196.6464
14.1000 8 22649.2416
14.2000 8 23173.5296
14.3000 8 22366.12608
14.4000 8 18428.7232
14.5000 8 12635.3408
14.6000 8 5903.48288
