0.1000 8 0.0
0.2000 8 954.20416
0.3000 8 24222.1056
0.4000 8 47416.60672
0.5000 8 44249.9072
0.6000 8 42750.44352
0.7000 8 43746.59072
0.8000 8 42173.72672
0.9000 8 43295.70304
1.0000 8 44061.16352
1.1000 8 42561.69984
1.2000 8 42771.41504
1.3000 8 43400.56064
1.4000 8 43646.976
1.5000 8 39510.34368
1.6000 8 38938.86976
1.7000 8 31871.46752
1.8000 8 18507.3664
1.9000 8 21925.72416
2.0000 8 11639.1936
2.1000 8 11272.192
2.2000 8 9117.36832
2.3000 8 7644.11904
2.4000 8 7602.176
2.5000 8 7748.97664
2.6000 8 7738.49088
2.7000 8 7853.83424
2.8000 8 7633.63328
2.9000 8 6391.07072
3.0000 8 4141.8752
3.1000 8 6941.57312
3.2000 8 6480.19968
3.3000 8 14302.57664
3.4000 8 23571.98848
3.5000 8 26560.43008
3.6000 8 33218.88768
3.7000 8 36133.92896
3.8000 8 38021.36576
3.9000 8 41093.69344
4.0000 8 41292.92288
4.1000 8 41030.77888
4.2000 8 41733.3248
4.3000 8 40742.42048
4.4000 8 36223.05792
4.5000 8 27126.66112
4.6000 8 26251.10016
4.7000 8 16766.73024
4.8000 8 15450.76736
4.9000 8 23299.35872
5.0000 8 32144.09728
5.1000 8 21789.40928
5.2000 8 26025.65632
5.3000 8 25742.5408
5.4000 8 21480.07936
5.5000 8 25889.34144
5.6000 8 24872.22272
5.7000 8 36385.5872
5.8000 8 37172.0192
5.9000 8 9447.66976
6.0000 8 44595.93728
6.1000 8 25019.02336
6.2000 8 44553.99424
6.3000 8 37229.69088
6.4000 8 3722.4448
6.5000 8 25155.33824
6.6000 8 46955.23328
6.7000 8 37617.664
6.8000 8 29790.04416
6.9000 8 35724.98432
7.0000 8 39195.77088
7.1000 8 45324.6976
7.2000 8 44973.42464
7.3000 8 34550.5792
7.4000 8 29690.42944
7.5000 8 28447.86688
7.6000 8 28259.1232
7.7000 8 22292.72576
7.8000 8 31389.12256
7.9000 8 19676.52864
8.0000 8 9688.84224
8.1000 8 18166.5792
8.2000 8 16557.01504
8.3000 8 20714.61888
8.4000 8 21349.00736
8.5000 8 23834.13248
8.6000 8 23792.18944
8.7000 8 26413.62944
8.8000 8 27703.37792
8.9000 8 28164.75136
9.0000 8 29024.58368
9.1000 8 28400.68096
9.2000 8 19314.76992
9.3000 8 19566.42816
9.4000 8 21002.97728
9.5000 8 20552.0896
9.6000 8 31819.03872
9.7000 8 40270.56128
9.8000 8 21212.69248
9.9000 8 33732.68992
10.0000 8 20006.83008
10.1000 8 48433.72544
10.2000 8 42881.51552
10.3000 8 34414.26432
10.4000 8 42341.49888
10.5000 8 35908.48512
10.6000 8 28793.89696
10.7000 8 28647.09632
10.8000 8 42729.472
10.9000 8 44449.13664
11.0000 8 47741.66528
11.1000 8 35840.32768
11.2000 8 32238.46912
11.3000 8 22628.27008
11.4000 8 20321.40288
11.5000 8 18633.19552
11.6000 8 19320.0128
11.7000 8 16882.0736
11.8000 8 14412.67712
11.9000 8 8745.12384
12.0000 8 15885.9264
12.1000 8 14627.6352
12.2000 8 13835.96032
12.3000 8 11083.44832
12.4000 8 14774.43584
12.5000 8 16714.30144
12.6000 8 26025.65632
12.7000 8 25270.6816
12.8000 8 32117.88288
12.9000 8 27415.01952
13.0000 8 27734.8352
13.1000 8 30723.2768
13.2000 8 32883.34336
13.3000 8 36983.27552
13.4000 8 34440.47872
13.5000 8 25962.74176
13.6000 8 29580.32896
13.7000 8 24971.83744
13.8000 8 23781.70368
13.9000 8 16625.17248
14.0000 8 16557.01504
14.1000 8 15639.51104
14.2000 8 12310.28224
14.3000 8 8341.42208
14.4000 8 7591.69024
14.5000 8 7308.57472
14.6000 8 3612.34432
