0.1000 8 0.0
0.2000 8 964.68992
0.3000 8 7130.3168
0.4000 8 36972.78976
0.5000 8 37130.07616
0.6000 8 27745.32096
0.7000 8 5012.19328
0.8000 8 4005.56032
0.9000 8 2558.52544
1.0000 8 0.0
1.1000 8 30450.64704
1.2000 8 35724.98432
1.3000 8 15781.0688
1.4000 8 40202.40384
1.5000 8 43316.67456
1.6000 8 41460.69504
1.7000 8 48328.86784
1.8000 8 46252.68736
1.9000 8 45592.08448
2.0000 8 37769.70752
2.1000 8 37533.77792
2.2000 8 35688.28416
2.3000 8 26293.0432
2.4000 8 19985.85856
2.5000 8 22156.41088
2.6000 8 21102.592
2.7000 8 10192.15872
2.8000 8 188.74368
2.9000 8 115.34336
3.0000 8 0.0
3.1000 8 52.4288
3.2000 8 52.4288
3.3000 8 1520.4352
3.4000 8 10234.10176
3.5000 8 9059.69664
3.6000 8 8849.98144
3.7000 8 11848.9088
3.8000 8 14050.9184
3.9000 8 16190.01344
4.0000 8 21674.06592
4.1000 8 21139.29216
4.2000 8 18554.55232
4.3000 8 14103.3472
4.4000 8 16976.44544
4.5000 8 17217.61792
4.6000 8 19021.16864
4.7000 8 35137.78176
4.8000 8 42331.01312
4.9000 8 42939.1872
5.0000 8 45015.36768
5.1000 8 44989.15328
5.2000 8 40448.8192
5.3000 8 35483.81184
5.4000 8 37706.79296
5.5000 8 37706.79296
5.6000 8 38419.82464
5.7000 8 36275.48672
5.8000 8 32736.54272
5.9000 8 33313.25952
6.0000 8 32385.26976
6.1000 8 23891.80416
6.2000 8 19293.7984
6.3000 8 18208.52224
6.4000 8 14910.75072
6.5000 8 14816.37888
6.6000 8 14522.7776
6.7000 8 17259.56096
6.8000 8 21778.92352
6.9000 8 21978.15296
7.0000 8 21328.03584
7.1000 8 8891.92448
7.2000 8 8105.49248
7.3000 8 7832.86272
7.4000 8 8157.92128
7.5000 8 8042.57792
7.6000 8 8042.57792
7.7000 8 7733.248
7.8000 8 9374.26944
7.9000 8 14879.29344
8.0000 8 17626.56256
8.1000 8 24211.61984
8.2000 8 30901.53472
8.3000 8 34298.92096
8.4000 8 27609.00608
8.5000 8 35441.8688
8.6000 8 34655.4368
8.7000 8 38252.05248
8.8000 8 41256.22272
8.9000 8 39316.35712
9.0000 8 38283.50976
9.1000 8 37947.96544
9.2000 8 37753.97888
9.3000 8 32505.856
9.4000 8 35625.3696
9.5000 8 33418.11712
9.6000 8 37371.24864
9.7000 8 39762.00192
9.8000 8 39473.64352
9.9000 8 37418.43456
10.0000 8 19063.11168
10.1000 8 17448.30464
10.2000 8 12991.85664
10.3000 8 13725.85984
10.4000 8 24305.99168
10.5000 8 21574.4512
10.6000 8 18769.5104
10.7000 8 22282.24
10.8000 8 20483.93216
10.9000 8 16210.98496
11.0000 8 14952.69376
11.1000 8 15487.46752
11.2000 8 15361.6384
11.3000 8 13269.72928
11.4000 8 8283.7504
11.5000 8 8142.19264
11.6000 8 870.31808
11.7000 8 2936.0128
11.8000 8 8168.40704
11.9000 8 25144.85248
12.0000 8 33596.37504
12.1000 8 32327.59808
12.2000 8 28510.78144
12.3000 8 30041.7024
12.4000 8 34644.95104
12.5000 8 31048.33536
12.6000 8 37685.82144
12.7000 8 39594.22976
12.8000 8 41811.968
12.9000 8 31037.8496
13.0000 8 27435.99104
13.1000 8 23225.9584
13.2000 8 27105.6896
13.3000 8 26644.31616
13.4000 8 27399.29088
13.5000 8 27110.93248
13.6000 8 27304.91904
13.7000 8 32107.39712
13.8000 8 28516.02432
13.9000 8 25260.19584
14.0000 8 25365.05344
14.1000 8 20552.0896
14.2000 8 7728.00512
14.3000 8 7801.40544
14.4000 8 7769.94816
14.5000 8 11953.7664
14.6000 8 10124.00128
14.7000 8 7266.63168
14.8000 8 7319.06048
14.9000 8 7077.888
15.0000 8 12226.39616
15.1000 8 17406.3616
15.2000 8 21527.26528
15.3000 8 20824.71936
15.4000 8 21254.63552
15.5000 8 26445.08672
15.6000 8 25632.44032
15.7000 8 25648.16896
15.8000 8 32526.82752
15.9000 8 32998.68672
16.0000 8 32448.18432
16.1000 8 23178.77248
16.2000 8 23267.90144
16.3000 8 21705.5232
16.4000 8 22072.5248
16.5000 8 21516.77952
16.6000 8 21369.97888
16.7000 8 16079.91296
16.8000 8 9977.20064
16.9000 8 7481.58976
