0.1000 8 0.0
0.2000 8 943.7184
0.3000 8 13956.54656
0.4000 8 35274.09664
0.5000 8 39929.77408
0.6000 8 34277.94944
0.7000 8 33848.03328
0.8000 8 34015.80544
0.9000 8 34078.72
1.0000 8 39457.91488
1.1000 8 42530.24256
1.2000 8 40527.4624
1.3000 8 42540.72832
1.4000 8 39227.22816
1.5000 8 38592.83968
1.6000 8 32474.39872
1.7000 8 28138.53696
1.8000 8 25967.98464
1.9000 8 22119.71072
2.0000 8 14119.07584
2.1000 8 20143.14496
2.2000 8 19021.16864
2.3000 8 17264.80384
2.4000 8 14659.09248
2.5000 8 16420.70016
2.6000 8 20515.38944
2.7000 8 15812.52608
2.8000 8 14423.16288
2.9000 8 13516.14464
3.0000 8 13883.14624
3.1000 8 16840.13056
3.2000 8 22439.5264
3.3000 8 22806.528
3.4000 8 20767.04768
3.5000 8 20300.43136
3.6000 8 27242.00448
3.7000 8 28982.64064
3.8000 8 38273.024
3.9000 8 34367.0784
4.0000 8 32023.51104
4.1000 8 32883.34336
4.2000 8 33549.18912
4.3000 8 29339.15648
4.4000 8 31604.08064
4.5000 8 28489.80992
4.6000 8 34492.90752
4.7000 8 31981.568
4.8000 8 34933.30944
4.9000 8 30592.2048
5.0000 8 27441.23392
5.1000 8 31258.05056
5.2000 8 32348.5696
5.3000 8 34582.03648
5.4000 8 35672.55552
5.5000 8 36972.78976
5.6000 8 42451.59936
5.7000 8 35032.92416
5.8000 8 31955.3536
5.9000 8 31646.02368
6.0000 8 29276.24192
6.1000 8 32516.34176
6.2000 8 32511.09888
6.3000 8 26948.4032
6.4000 8 21411.92192
6.5000 8 22408.06912
6.6000 8 24028.11904
6.7000 8 20777.53344
6.8000 8 19629.34272
6.9000 8 19513.99936
7.0000 8 19534.97088
7.1000 8 18811.45344
7.2000 8 19167.96928
7.3000 8 17296.26112
7.4000 8 15655.23968
7.5000 8 18329.10848
7.6000 8 18433.96608
7.7000 8 21474.83648
7.8000 8 28101.8368
7.9000 8 25522.33984
8.0000 8 18423.48032
8.1000 8 22858.9568
8.2000 8 25616.71168
8.3000 8 28993.1264
8.4000 8 35557.21216
8.5000 8 38461.76768
8.6000 8 39206.25664
8.7000 8 41984.98304
8.8000 8 41114.66496
8.9000 8 31656.50944
9.0000 8 24924.65152
9.1000 8 24264.04864
9.2000 8 24442.30656
9.3000 8 24043.84768
9.4000 8 20945.3056
9.5000 8 24180.16256
9.6000 8 29349.64224
9.7000 8 30366.76096
9.8000 8 21191.72096
9.9000 8 24893.19424
10.0000 8 30246.17472
10.1000 8 24274.5344
10.2000 8 22470.98368
10.3000 8 20541.60384
10.4000 8 19996.34432
10.5000 8 27242.00448
10.6000 8 32222.74048
10.7000 8 35677.7984
10.8000 8 32857.12896
10.9000 8 37192.99072
11.0000 8 39447.42912
11.1000 8 36223.05792
11.2000 8 29779.5584
11.3000 8 32752.27136
11.4000 8 29989.2736
11.5000 8 30319.57504
11.6000 8 35169.23904
11.7000 8 29926.35904
11.8000 8 23404.21632
11.9000 8 28814.86848
12.0000 8 27278.70464
12.1000 8 20405.28896
12.2000 8 20405.28896
12.3000 8 24568.13568
12.4000 8 28951.18336
12.5000 8 28358.73792
12.6000 8 15209.59488
12.7000 8 14155.776
12.8000 8 17081.30304
12.9000 8 17437.81888
13.0000 8 20635.97568
13.1000 8 19403.89888
13.2000 8 16735.27296
13.3000 8 16640.90112
13.4000 8 34057.74848
13.5000 8 41036.02176
13.6000 8 21495.808
13.7000 8 17028.87424
13.8000 8 19451.0848
13.9000 8 21044.92032
14.0000 8 20866.6624
14.1000 8 16258.17088
14.2000 8 16032.72704
14.3000 8 13731.10272
14.4000 8 12320.768
14.5000 8 11885.60896
14.6000 8 4309.64736
14.7000 8 7361.00352
14.8000 8 7319.06048
14.9000 8 7287.6032
15.0000 8 1719.66464
15.1000 8 6548.35712
