0.1000 8 0.0
0.2000 8 954.20416
0.3000 8 14742.97856
0.4000 8 44920.99584
0.5000 8 41250.97984
0.6000 8 37182.50496
0.7000 8 37266.39104
0.8000 8 36396.07296
0.9000 8 41219.52256
1.0000 8 40076.57472
1.1000 8 43264.24576
1.2000 8 41775.26784
1.3000 8 36658.21696
1.4000 8 37098.61888
1.5000 8 32720.81408
1.6000 8 32086.4256
1.7000 8 28872.54016
1.8000 8 23792.18944
1.9000 8 21736.98048
2.0000 8 26508.00128
2.1000 8 26911.70304
2.2000 8 20048.77312
2.3000 8 19141.75488
2.4000 8 14155.776
2.5000 8 14271.11936
2.6000 8 10066.3296
2.7000 8 10464.78848
2.8000 8 10496.24576
2.9000 8 10517.21728
3.0000 8 14821.62176
3.1000 8 20373.83168
3.2000 8 20583.54688
3.3000 8 21170.74944
3.4000 8 20877.14816
3.5000 8 23079.15776
3.6000 8 26528.9728
3.7000 8 25585.2544
3.8000 8 30607.93344
3.9000 8 26838.30272
4.0000 8 30146.56
4.1000 8 35557.21216
4.2000 8 37444.64896
4.3000 8 38252.05248
4.4000 8 40438.33344
4.5000 8 32851.88608
4.6000 8 26099.05664
4.7000 8 25899.8272
4.8000 8 25574.76864
4.9000 8 25008.5376
5.0000 8 25176.30976
5.1000 8 23073.91488
5.2000 8 16598.95808
5.3000 8 20279.45984
5.4000 8 28390.1952
5.5000 8 24610.07872
5.6000 8 28311.552
5.7000 8 29360.128
5.8000 8 29402.07104
5.9000 8 31027.36384
6.0000 8 28605.15328
6.1000 8 30807.16288
6.2000 8 31431.0656
6.3000 8 31609.32352
6.4000 8 26214.4
6.5000 8 24389.87776
6.6000 8 24819.79392
6.7000 8 24725.42208
6.8000 8 22434.28352
6.9000 8 22093.49632
7.0000 8 27089.96096
7.1000 8 24861.73696
7.2000 8 32243.712
7.3000 8 33580.6464
7.4000 8 30125.58848
7.5000 8 33360.44544
7.6000 8 31845.25312
7.7000 8 30974.93504
7.8000 8 37979.42272
7.9000 8 38356.91008
8.0000 8 37748.736
8.1000 8 32972.47232
8.2000 8 26319.2576
8.3000 8 26508.00128
8.4000 8 34540.09344
8.5000 8 36018.5856
8.6000 8 35981.88544
8.7000 8 28542.23872
8.8000 8 22780.3136
8.9000 8 20069.74464
9.0000 8 18507.3664
9.1000 8 22397.58336
9.2000 8 23488.1024
9.3000 8 34980.49536
9.4000 8 25732.05504
9.5000 8 19120.78336
9.6000 8 17521.70496
9.7000 8 18570.28096
9.8000 8 24138.21952
9.9000 8 25239.22432
10.0000 8 25165.824
10.1000 8 24966.59456
10.2000 8 25260.19584
10.3000 8 25501.36832
10.4000 8 28542.23872
10.5000 8 22287.48288
10.6000 8 23676.84608
10.7000 8 28563.21024
10.8000 8 34309.40672
10.9000 8 37250.6624
11.0000 8 34844.18048
11.1000 8 35777.41312
11.2000 8 35924.21376
11.3000 8 39337.32864
11.4000 8 36815.50336
11.5000 8 29485.95712
11.6000 8 22570.5984
11.7000 8 25711.08352
11.8000 8 25690.112
11.9000 8 27750.56384
12.0000 8 24699.20768
12.1000 8 18717.0816
12.2000 8 15094.25152
12.3000 8 11460.93568
12.4000 8 11398.02112
12.5000 8 11366.56384
12.6000 8 11167.3344
12.7000 8 11167.3344
12.8000 8 18937.28256
12.9000 8 22455.25504
13.0000 8 24998.05184
13.1000 8 24903.68
13.2000 8 28636.61056
13.3000 8 36626.75968
13.4000 8 38262.53824
13.5000 8 38907.41248
13.6000 8 35431.38304
13.7000 8 35829.84192
13.8000 8 36616.27392
13.9000 8 33192.67328
14.0000 8 26775.38816
14.1000 8 22691.18464
14.2000 8 15183.38048
14.3000 8 7654.6048
14.4000 8 7748.97664
14.5000 8 403.70176
