0.1000 8 0.0
0.2000 8 943.7184
0.3000 8 17091.7888
0.4000 8 27577.5488
0.5000 8 40569.40544
0.6000 8 42278.58432
0.7000 8 39332.08576
0.8000 8 42005.95456
0.9000 8 40359.69024
1.0000 8 37696.3072
1.1000 8 36679.18848
1.2000 8 36689.67424
1.3000 8 37308.33408
1.4000 8 37507.56352
1.5000 8 31488.73728
1.6000 8 27514.63424
1.7000 8 28201.45152
1.8000 8 24835.52256
1.9000 8 25228.73856
2.0000 8 26256.34304
2.1000 8 24106.76224
2.2000 8 12215.9104
2.3000 8 13175.35744
2.4000 8 13254.00064
2.5000 8 15193.86624
2.6000 8 12976.128
2.7000 8 11198.79168
2.8000 8 11691.6224
2.9000 8 11639.1936
3.0000 8 18035.5072
3.1000 8 25669.14048
3.2000 8 25836.91264
3.3000 8 23498.58816
3.4000 8 15770.58304
3.5000 8 17773.3632
3.6000 8 27913.09312
3.7000 8 27016.56064
3.8000 8 28741.46816
3.9000 8 27535.60576
4.0000 8 31410.09408
4.1000 8 26927.43168
4.2000 8 29779.5584
4.3000 8 29905.38752
4.4000 8 30665.60512
4.5000 8 26025.65632
4.6000 8 26140.99968
4.7000 8 27892.1216
4.8000 8 34865.152
4.9000 8 40726.69184
5.0000 8 39651.90144
5.1000 8 32290.89792
5.2000 8 29213.32736
5.3000 8 21930.96704
5.4000 8 8157.92128
5.5000 8 29695.67232
5.6000 8 28180.48
5.7000 8 26681.01632
5.8000 8 28846.32576
5.9000 8 7822.37696
6.0000 8 14659.09248
6.1000 8 36102.47168
6.2000 8 33161.216
6.3000 8 25910.31296
6.4000 8 31147.95008
6.5000 8 12509.51168
6.6000 8 21857.56672
6.7000 8 71858.91328
6.8000 8 51107.59424
6.9000 8 34178.33472
7.0000 8 30565.9904
7.1000 8 29276.24192
7.2000 8 33203.15904
7.3000 8 34959.52384
7.4000 8 24311.23456
7.5000 8 11723.07968
7.6000 8 29926.35904
7.7000 8 29082.25536
7.8000 8 27299.67616
7.9000 8 27514.63424
8.0000 8 26078.08512
8.1000 8 30503.07584
8.2000 8 31635.53792
8.3000 8 29569.8432
8.4000 8 19933.42976
8.5000 8 40223.37536
8.6000 8 38446.03904
8.7000 8 32149.34016
8.8000 8 28903.99744
8.9000 8 29024.58368
9.0000 8 30146.56
9.1000 8 27493.66272
9.2000 8 19377.68448
9.3000 8 30429.67552
9.4000 8 27100.44672
9.5000 8 29234.29888
9.6000 8 33407.63136
9.7000 8 36495.68768
9.8000 8 32505.856
9.9000 8 22229.8112
10.0000 8 19534.97088
10.1000 8 24169.6768
10.2000 8 28657.58208
10.3000 8 29050.79808
10.4000 8 25585.2544
10.5000 8 25349.3248
10.6000 8 19230.88384
10.7000 8 17374.90432
10.8000 8 21044.92032
10.9000 8 22837.98528
11.0000 8 24835.52256
11.1000 8 24127.73376
11.2000 8 28835.84
11.3000 8 28405.92384
11.4000 8 28909.24032
11.5000 8 36684.43136
11.6000 8 36500.93056
11.7000 8 36920.36096
11.8000 8 39143.34208
11.9000 8 38965.08416
12.0000 8 37166.77632
12.1000 8 32526.82752
12.2000 8 35651.584
12.3000 8 35882.27072
12.4000 8 36694.91712
12.5000 8 33019.65824
12.6000 8 25008.5376
12.7000 8 19839.05792
12.8000 8 16247.68512
12.9000 8 17815.30624
13.0000 8 17993.56416
13.1000 8 14900.26496
13.2000 8 13794.01728
13.3000 8 11471.42144
13.4000 8 13694.40256
13.5000 8 21265.12128
13.6000 8 21925.72416
13.7000 8 21081.62048
13.8000 8 20331.88864
13.9000 8 20190.33088
14.0000 8 14218.69056
14.1000 8 13914.60352
14.2000 8 11261.70624
14.3000 8 10129.24416
14.4000 8 10443.81696
14.5000 8 11251.22048
14.6000 8 12346.9824
14.7000 8 6883.90144
