0.1000 8 0.0
0.2000 8 901.77536
0.3000 8 18947.76832
0.4000 8 31562.1376
0.5000 8 35515.26912
0.6000 8 43127.93088
0.7000 8 43830.4768
0.8000 8 40244.34688
0.9000 8 34361.83552
1.0000 8 34907.09504
1.1000 8 34865.152
1.2000 8 34173.09184
1.3000 8 33103.54432
1.4000 8 31651.26656
1.5000 8 28280.09472
1.6000 8 22890.41408
1.7000 8 22712.15616
1.8000 8 20583.54688
1.9000 8 22397.58336
2.0000 8 16095.6416
2.1000 8 15613.29664
2.2000 8 18675.13856
2.3000 8 18890.09664
2.4000 8 16001.26976
2.5000 8 18444.45184
2.6000 8 18066.96448
2.7000 8 18161.33632
2.8000 8 21380.46464
2.9000 8 27236.7616
3.0000 8 24127.73376
3.1000 8 22937.6
3.2000 8 17028.87424
3.3000 8 16557.01504
3.4000 8 20316.16
3.5000 8 27525.12
3.6000 8 27588.03456
3.7000 8 27441.23392
3.8000 8 28384.95232
3.9000 8 28400.68096
4.0000 8 24672.99328
4.1000 8 24148.70528
4.2000 8 27357.34784
4.3000 8 31514.95168
4.4000 8 23980.93312
4.5000 8 31887.19616
4.6000 8 30812.40576
4.7000 8 28369.22368
4.8000 8 24452.79232
4.9000 8 22712.15616
5.0000 8 24347.93472
5.1000 8 25847.3984
5.2000 8 29611.78624
5.3000 8 24693.9648
5.4000 8 16798.18752
5.5000 8 17909.67808
5.6000 8 18077.45024
5.7000 8 22376.61184
5.8000 8 27451.71968
5.9000 8 33323.74528
6.0000 8 33869.0048
6.1000 8 34807.48032
6.2000 8 27698.13504
6.3000 8 22785.55648
6.4000 8 26240.6144
6.5000 8 26948.4032
6.6000 8 26780.63104
6.7000 8 27095.20384
6.8000 8 24610.07872
6.9000 8 26340.22912
7.0000 8 21338.5216
7.1000 8 19912.45824
7.2000 8 15356.39552
7.3000 8 18538.82368
7.4000 8 20080.2304
7.5000 8 19618.85696
7.6000 8 22775.07072
7.7000 8 26476.544
7.8000 8 25202.52416
7.9000 8 18129.87904
8.0000 8 16127.09888
8.1000 8 21915.2384
8.2000 8 25050.48064
8.3000 8 31111.24992
8.4000 8 31195.136
8.5000 8 33229.37344
8.6000 8 35871.78496
8.7000 8 32594.98496
8.8000 8 31729.90976
8.9000 8 32416.72704
9.0000 8 28327.28064
9.1000 8 23949.47584
9.2000 8 22691.18464
9.3000 8 24725.42208
9.4000 8 27462.20544
9.5000 8 28038.92224
9.6000 8 25312.62464
9.7000 8 25307.38176
9.8000 8 27137.14688
9.9000 8 25034.752
10.0000 8 16100.88448
10.1000 8 13233.02912
10.2000 8 14826.86464
10.3000 8 17637.04832
10.4000 8 21181.2352
10.5000 8 19493.02784
10.6000 8 19136.512
10.7000 8 18706.59584
10.8000 8 17920.16384
10.9000 8 11544.82176
11.0000 8 7560.23296
11.1000 8 13946.0608
11.2000 8 14323.54816
11.3000 8 17296.26112
11.4000 8 12645.82656
11.5000 8 14680.064
11.6000 8 22743.61344
11.7000 8 21789.40928
11.8000 8 20709.376
11.9000 8 22166.89664
12.0000 8 24683.47904
12.1000 8 27063.74656
12.2000 8 27095.20384
12.3000 8 29244.78464
12.4000 8 31153.19296
12.5000 8 36154.90048
12.6000 8 33900.46208
12.7000 8 33790.3616
12.8000 8 31530.68032
12.9000 8 30728.51968
13.0000 8 25181.55264
13.1000 8 27336.37632
13.2000 8 28673.31072
13.3000 8 29685.18656
13.4000 8 30476.86144
13.5000 8 23341.30176
13.6000 8 26812.08832
13.7000 8 26675.77344
13.8000 8 24180.16256
13.9000 8 27100.44672
14.0000 8 23320.33024
14.1000 8 18381.53728
14.2000 8 22177.3824
14.3000 8 22607.29856
14.4000 8 24473.76384
14.5000 8 29003.61216
14.6000 8 28091.35104
14.7000 8 23336.05888
14.8000 8 23624.41728
14.9000 8 24830.27968
15.0000 8 24096.27648
15.1000 8 27776.77824
15.2000 8 27168.60416
15.3000 8 18848.1536
15.4000 8 15288.23808
15.5000 8 14832.10752
15.6000 8 7790.91968
15.7000 8 7675.57632
15.8000 8 7979.66336
15.9000 8 7958.69184
16.0000 8 7979.66336
16.1000 8 7937.72032
16.2000 8 1053.81888
