0.1000 8 0.0
0.2000 8 859.83232
0.3000 8 22638.75584
0.4000 8 41240.49408
0.5000 8 41911.58272
0.6000 8 43106.95936
0.7000 8 43127.93088
0.8000 8 40863.00672
0.9000 8 41051.7504
1.0000 8 44679.82336
1.1000 8 45067.79648
1.2000 8 44302.336
1.3000 8 43515.904
1.4000 8 37151.04768
1.5000 8 33695.98976
1.6000 8 34865.152
1.7000 8 34603.008
1.8000 8 28830.59712
1.9000 8 15938.3552
2.0000 8 8042.57792
2.1000 8 17212.37504
2.2000 8 13804.50304
2.3000 8 8147.43552
2.4000 8 8032.09216
2.5000 8 8136.94976
2.6000 8 8503.95136
2.7000 8 14428.40576
2.8000 8 14155.776
2.9000 8 16158.55616
3.0000 8 16897.80224
3.1000 8 11251.22048
3.2000 8 18591.25248
3.3000 8 18759.02464
3.4000 8 24295.50592
3.5000 8 23236.44416
3.6000 8 32275.16928
3.7000 8 36930.84672
3.8000 8 42771.41504
3.9000 8 40579.8912
4.0000 8 45560.6272
4.1000 8 39819.6736
4.2000 8 38283.50976
4.3000 8 38021.36576
4.4000 8 36285.97248
4.5000 8 33931.91936
4.6000 8 36238.78656
4.7000 8 36988.5184
4.8000 8 23970.44736
4.9000 8 23325.57312
5.0000 8 24347.93472
5.1000 8 26235.37152
5.2000 8 25910.31296
5.3000 8 22371.36896
5.4000 8 20289.9456
5.5000 8 20248.00256
5.6000 8 20017.31584
5.7000 8 23031.97184
5.8000 8 16766.73024
5.9000 8 16777.216
6.0000 8 20017.31584
6.1000 8 26109.5424
6.2000 8 26979.86048
6.3000 8 26864.51712
6.4000 8 27273.46176
6.5000 8 29842.47296
6.6000 8 27493.66272
6.7000 8 25595.74016
6.8000 8 28149.02272
6.9000 8 27079.4752
7.0000 8 24819.79392
7.1000 8 27776.77824
7.2000 8 26188.1856
7.3000 8 25595.74016
7.4000 8 31289.50784
7.5000 8 31184.65024
7.6000 8 28909.24032
7.7000 8 31006.39232
7.8000 8 33376.17408
7.9000 8 35074.8672
8.0000 8 36102.47168
8.1000 8 36637.24544
8.2000 8 35950.42816
8.3000 8 28269.60896
8.4000 8 27886.87872
8.5000 8 20793.26208
8.6000 8 20122.17344
8.7000 8 21668.82304
8.8000 8 15555.62496
8.9000 8 13170.11456
9.0000 8 12907.97056
9.1000 8 13201.57184
9.2000 8 12881.75616
9.3000 8 12362.71104
9.4000 8 16216.22784
9.5000 8 16661.87264
9.6000 8 19534.97088
9.7000 8 22963.8144
9.8000 8 30565.9904
9.9000 8 29391.58528
10.0000 8 30272.38912
10.1000 8 29475.47136
10.2000 8 30985.4208
10.3000 8 33606.8608
10.4000 8 36065.77152
10.5000 8 41009.80736
10.6000 8 41911.58272
10.7000 8 38645.26848
10.8000 8 28332.52352
10.9000 8 30891.04896
11.0000 8 34498.1504
11.1000 8 34529.60768
11.2000 8 34204.54912
11.3000 8 34403.77856
11.4000 8 24840.76544
11.5000 8 19466.81344
11.6000 8 27021.80352
11.7000 8 29213.32736
11.8000 8 29202.8416
11.9000 8 28091.35104
12.0000 8 31625.05216
12.1000 8 32788.97152
12.2000 8 33423.36
12.3000 8 33045.87264
12.4000 8 34162.60608
12.5000 8 35221.66784
12.6000 8 33003.9296
12.7000 8 28274.85184
12.8000 8 20043.53024
12.9000 8 19776.14336
13.0000 8 25480.3968
13.1000 8 28332.52352
13.2000 8 28500.29568
13.3000 8 28573.696
13.4000 8 27346.86208
13.5000 8 29118.95552
13.6000 8 23524.80256
13.7000 8 23530.04544
13.8000 8 26969.37472
13.9000 8 23042.4576
14.0000 8 20772.29056
14.1000 8 14832.10752
14.2000 8 4529.84832
