0.1000 8 0.0
0.2000 8 125.82912
0.3000 8 4278.19008
0.4000 8 19451.0848
0.5000 8 22187.86816
0.6000 8 1069.54752
0.7000 8 16682.84416
0.8000 8 5064.62208
0.9000 8 45613.056
1.0000 8 51757.71136
1.1000 8 44879.0528
1.2000 8 10433.3312
1.3000 8 38692.4544
1.4000 8 21495.808
1.5000 8 38965.08416
1.6000 8 53309.60384
1.7000 8 24956.1088
1.8000 8 8587.83744
1.9000 8 45403.3408
2.0000 8 46174.04416
2.1000 8 37748.736
2.2000 8 36086.74304
2.3000 8 27084.71808
2.4000 8 31032.60672
2.5000 8 23446.15936
2.6000 8 15073.28
2.7000 8 3795.84512
2.8000 8 8608.80896
2.9000 8 8860.4672
3.0000 8 9122.6112
3.1000 8 9678.35648
3.2000 8 10265.55904
3.3000 8 10684.98944
3.4000 8 4183.81824
3.5000 8 9258.92608
3.6000 8 8912.896
3.7000 8 8268.02176
3.8000 8 0.0
3.9000 8 513.80224
4.0000 8 2799.69792
4.1000 8 10601.10336
4.2000 8 7612.66176
4.3000 8 21034.43456
4.4000 8 22617.78432
4.5000 8 23058.18624
4.6000 8 11733.56544
4.7000 8 19996.34432
4.8000 8 6385.82784
4.9000 8 28154.2656
5.0000 8 31530.68032
5.1000 8 47867.4944
5.2000 8 49188.70016
5.3000 8 45791.31392
5.4000 8 21978.15296
5.5000 8 43101.71648
5.6000 8 37371.24864
5.7000 8 33072.08704
5.8000 8 24075.30496
5.9000 8 28479.32416
6.0000 8 28280.09472
6.1000 8 29213.32736
6.2000 8 27876.39296
6.3000 8 22376.61184
6.4000 8 20871.90528
6.5000 8 19844.3008
6.6000 8 27692.89216
6.7000 8 27179.08992
6.8000 8 22775.07072
6.9000 8 23320.33024
7.0000 8 20793.26208
7.1000 8 21600.6656
7.2000 8 21485.32224
7.3000 8 20279.45984
7.4000 8 20237.5168
7.5000 8 21453.86496
7.6000 8 9321.84064
7.7000 8 7020.21632
7.8000 8 8640.26624
7.9000 8 10695.4752
8.0000 8 20038.28736
8.1000 8 21757.952
8.2000 8 26644.31616
8.3000 8 26455.57248
8.4000 8 27095.20384
8.5000 8 30178.01728
8.6000 8 30272.38912
8.7000 8 31944.86784
8.8000 8 24159.19104
8.9000 8 24148.70528
9.0000 8 26203.91424
9.1000 8 30676.09088
9.2000 8 27546.09152
9.3000 8 31231.83616
9.4000 8 28972.15488
9.5000 8 27661.43488
9.6000 8 26361.20064
9.7000 8 29234.29888
9.8000 8 32967.22944
9.9000 8 34346.10688
10.0000 8 30628.90496
10.1000 8 30922.50624
10.2000 8 34424.75008
10.3000 8 24295.50592
10.4000 8 20835.20512
10.5000 8 27567.06304
10.6000 8 27079.4752
10.7000 8 27074.23232
10.8000 8 27341.6192
10.9000 8 24578.62144
11.0000 8 23613.93152
11.1000 8 34644.95104
11.2000 8 34833.69472
11.3000 8 34734.08
11.4000 8 34618.73664
11.5000 8 30062.67392
11.6000 8 27771.53536
11.7000 8 25228.73856
11.8000 8 27582.79168
11.9000 8 32054.96832
12.0000 8 27897.36448
12.1000 8 24725.42208
12.2000 8 20310.91712
12.3000 8 19907.21536
12.4000 8 14208.2048
12.5000 8 20877.14816
12.6000 8 23897.04704
12.7000 8 24783.09376
12.8000 8 20274.21696
12.9000 8 17081.30304
13.0000 8 21569.20832
13.1000 8 19922.944
13.2000 8 19954.40128
13.3000 8 20342.3744
13.4000 8 21390.9504
13.5000 8 25008.5376
13.6000 8 26203.91424
13.7000 8 33150.73024
13.8000 8 30843.86304
13.9000 8 23855.104
14.0000 8 22423.79776
14.1000 8 37518.04928
14.2000 8 36784.04608
14.3000 8 36458.98752
14.4000 8 36584.81664
14.5000 8 29480.71424
14.6000 8 26036.14208
14.7000 8 25899.8272
14.8000 8 25123.88096
14.9000 8 29921.11616
15.0000 8 27084.71808
15.1000 8 30906.7776
15.2000 8 24830.27968
15.3000 8 20615.00416
15.4000 8 20615.00416
15.5000 8 20279.45984
15.6000 8 19776.14336
15.7000 8 19524.48512
15.8000 8 19786.62912
15.9000 8 18192.7936
16.0000 8 17369.66144
16.1000 8 9762.24256
