0.1000 8 0.0
0.2000 8 943.7184
0.3000 8 23708.30336
0.4000 8 2946.49856
0.5000 8 24012.3904
0.6000 8 48349.83936
0.7000 8 9479.12704
0.8000 8 55522.0992
0.9000 8 47259.32032
1.0000 8 18821.9392
1.1000 8 30461.1328
1.2000 8 25742.5408
1.3000 8 10265.55904
1.4000 8 54683.2384
1.5000 8 55375.29856
1.6000 8 41743.81056
1.7000 8 45744.128
1.8000 8 41880.12544
1.9000 8 33313.25952
2.0000 8 16441.67168
2.1000 8 8535.40864
2.2000 8 25050.48064
2.3000 8 25155.33824
2.4000 8 5625.61024
2.5000 8 6134.1696
2.6000 8 13935.57504
2.7000 8 16085.15584
2.8000 8 10328.4736
2.9000 8 7696.54784
3.0000 8 7633.63328
3.1000 8 7413.43232
3.2000 8 7004.48768
3.3000 8 11691.6224
3.4000 8 12918.45632
3.5000 8 12981.37088
3.6000 8 13128.17152
3.7000 8 14543.74912
3.8000 8 26854.03136
3.9000 8 28044.16512
4.0000 8 34990.98112
4.1000 8 37381.7344
4.2000 8 38797.312
4.3000 8 39762.00192
4.4000 8 39337.32864
4.5000 8 35190.21056
4.6000 8 33250.34496
4.7000 8 32170.31168
4.8000 8 34429.99296
4.9000 8 39395.00032
5.0000 8 32574.01344
5.1000 8 38786.82624
5.2000 8 38886.44096
5.3000 8 35122.05312
5.4000 8 26717.71648
5.5000 8 29349.64224
5.6000 8 32951.5008
5.7000 8 26628.58752
5.8000 8 25700.59776
5.9000 8 21244.14976
6.0000 8 19865.27232
6.1000 8 13647.21664
6.2000 8 12771.65568
6.3000 8 13358.85824
6.4000 8 15172.89472
6.5000 8 13967.03232
6.6000 8 22434.28352
6.7000 8 24012.3904
6.8000 8 18161.33632
6.9000 8 18150.85056
7.0000 8 17773.3632
7.1000 8 18528.33792
7.2000 8 21747.46624
7.3000 8 23718.78912
7.4000 8 31908.16768
7.5000 8 39012.27008
7.6000 8 40800.09216
7.7000 8 39945.50272
7.8000 8 39720.05888
7.9000 8 35997.61408
8.0000 8 32757.51424
8.1000 8 43091.23072
8.2000 8 37780.19328
8.3000 8 41916.8256
8.4000 8 41009.80736
8.5000 8 35059.13856
8.6000 8 29564.60032
8.7000 8 26691.50208
8.8000 8 28259.1232
8.9000 8 26015.17056
9.0000 8 25580.01152
9.1000 8 21390.9504
9.2000 8 19304.28416
9.3000 8 20153.63072
9.4000 8 24363.66336
9.5000 8 24405.6064
9.6000 8 16368.27136
9.7000 8 13526.6304
9.8000 8 17951.62112
9.9000 8 18433.96608
10.0000 8 23645.3888
10.1000 8 23587.71712
10.2000 8 23718.78912
10.3000 8 19970.12992
10.4000 8 20027.8016
10.5000 8 22114.46784
10.6000 8 20248.00256
10.7000 8 25008.5376
10.8000 8 28751.95392
10.9000 8 36794.53184
11.0000 8 33407.63136
11.1000 8 34487.66464
11.2000 8 43222.30272
11.3000 8 44926.23872
11.4000 8 45094.01088
11.5000 8 41528.85248
11.6000 8 31132.22144
11.7000 8 28751.95392
11.8000 8 31153.19296
11.9000 8 38613.8112
12.0000 8 28017.95072
12.1000 8 17600.34816
12.2000 8 12719.22688
12.3000 8 12666.79808
12.4000 8 12729.71264
12.5000 8 12205.42464
12.6000 8 13170.11456
12.7000 8 22696.42752
12.8000 8 22743.61344
12.9000 8 20080.2304
13.0000 8 16756.24448
13.1000 8 17815.30624
13.2000 8 17658.01984
13.3000 8 17469.27616
13.4000 8 16724.7872
13.5000 8 22680.69888
13.6000 8 30445.40416
13.7000 8 36008.09984
13.8000 8 27116.17536
13.9000 8 30912.02048
14.0000 8 31457.28
14.1000 8 31299.9936
14.2000 8 31562.1376
14.3000 8 31897.68192
14.4000 8 31174.16448
14.5000 8 29365.37088
14.6000 8 24777.85088
14.7000 8 21432.89344
14.8000 8 12719.22688
14.9000 8 8645.50912
15.0000 8 8000.63488
15.1000 8 3864.00256
