0.1000 8 0.0
0.2000 8 985.66144
0.3000 8 11523.85024
0.4000 8 36605.78816
0.5000 8 41890.6112
0.6000 8 40537.94816
0.7000 8 39667.63008
0.8000 8 38608.56832
0.9000 8 38419.82464
1.0000 8 39499.85792
1.1000 8 38912.65536
1.2000 8 38923.14112
1.3000 8 39908.80256
1.4000 8 38723.91168
1.5000 8 38881.19808
1.6000 8 35782.656
1.7000 8 34540.09344
1.8000 8 34949.03808
1.9000 8 30330.0608
2.0000 8 19246.61248
2.1000 8 14774.43584
2.2000 8 4157.60384
2.3000 8 62.91456
2.4000 8 73.40032
2.5000 8 62.91456
2.6000 8 0.0
2.7000 8 0.0
2.8000 8 4540.33408
2.9000 8 5232.39424
3.0000 8 5179.96544
3.1000 8 10852.7616
3.2000 8 15843.98336
3.3000 8 16252.928
3.4000 8 15707.66848
3.5000 8 16221.47072
3.6000 8 18350.08
3.7000 8 23100.12928
3.8000 8 25218.2528
3.9000 8 33889.97632
4.0000 8 32914.80064
4.1000 8 33685.504
4.2000 8 29653.72928
4.3000 8 27629.9776
4.4000 8 26193.42848
4.5000 8 27567.06304
4.6000 8 34886.12352
4.7000 8 39478.8864
4.8000 8 39625.68704
4.9000 8 39258.68544
5.0000 8 39048.97024
5.1000 8 36768.31744
5.2000 8 30314.33216
5.3000 8 22617.78432
5.4000 8 20746.07616
5.5000 8 18696.11008
5.6000 8 20662.19008
5.7000 8 11660.16512
5.8000 8 10726.93248
5.9000 8 11686.37952
6.0000 8 6962.54464
6.1000 8 7046.43072
6.2000 8 6962.54464
6.3000 8 7130.3168
6.4000 8 6941.57312
6.5000 8 6899.63008
6.6000 8 10548.67456
6.7000 8 13442.74432
6.8000 8 8891.92448
6.9000 8 6899.63008
7.0000 8 18601.73824
7.1000 8 19010.68288
7.2000 8 17757.63456
7.3000 8 18643.68128
7.4000 8 20059.25888
7.5000 8 28793.89696
7.6000 8 31551.65184
7.7000 8 33564.91776
7.8000 8 35609.64096
7.9000 8 35389.44
8.0000 8 28285.3376
8.1000 8 26130.51392
8.2000 8 27273.46176
8.3000 8 27068.98944
8.4000 8 29286.72768
8.5000 8 34707.8656
8.6000 8 31431.0656
8.7000 8 28589.42464
8.8000 8 26759.65952
8.9000 8 32736.54272
9.0000 8 33051.11552
9.1000 8 32054.96832
9.2000 8 36050.04288
9.3000 8 41659.92448
9.4000 8 35567.69792
9.5000 8 29176.6272
9.6000 8 21265.12128
9.7000 8 25669.14048
9.8000 8 25433.21088
9.9000 8 20494.41792
10.0000 8 13568.57344
10.1000 8 17762.87744
10.2000 8 18040.75008
10.3000 8 13138.65728
10.4000 8 11120.14848
10.5000 8 7748.97664
10.6000 8 17762.87744
10.7000 8 17836.27776
10.8000 8 8032.09216
10.9000 8 1835.008
11.0000 8 12320.768
11.1000 8 25139.6096
11.2000 8 30534.53312
11.3000 8 25711.08352
11.4000 8 23163.04384
11.5000 8 24463.27808
11.6000 8 28363.9808
11.7000 8 36333.1584
11.8000 8 31163.67872
11.9000 8 33837.54752
12.0000 8 25658.65472
12.1000 8 4383.04768
12.2000 8 32757.51424
12.3000 8 19042.14016
12.4000 8 37806.40768
12.5000 8 33785.11872
12.6000 8 32883.34336
12.7000 8 33695.98976
12.8000 8 28788.65408
12.9000 8 29108.46976
13.0000 8 27289.1904
13.1000 8 26099.05664
13.2000 8 22801.28512
13.3000 8 22418.55488
13.4000 8 24258.80576
13.5000 8 28227.66592
13.6000 8 26927.43168
13.7000 8 25039.99488
13.8000 8 5106.56512
13.9000 8 188.74368
14.0000 8 17007.90272
14.1000 8 19671.28576
14.2000 8 16829.6448
14.3000 8 21936.20992
14.4000 8 21212.69248
14.5000 8 26329.74336
14.6000 8 14507.04896
14.7000 8 6553.6
14.8000 8 30838.62016
14.9000 8 34749.80864
15.0000 8 17741.90592
15.1000 8 43620.7616
15.2000 8 4603.24864
15.3000 8 14674.82112
15.4000 8 38225.83808
15.5000 8 31845.25312
15.6000 8 31997.29664
15.7000 8 27850.17856
15.8000 8 26770.14528
15.9000 8 21978.15296
16.0000 8 20677.91872
16.1000 8 20536.36096
16.2000 8 19430.11328
16.3000 8 9101.63968
16.4000 8 10097.78688
16.5000 8 16787.70176
16.6000 8 10097.78688
16.7000 8 9950.98624
16.8000 8 11838.42304
16.9000 8 14968.4224
17.0000 8 5835.32544
