0.1000 8 0.0
0.2000 8 1038.09024
0.3000 8 16557.01504
0.4000 8 23320.33024
0.5000 8 33061.60128
0.6000 8 37528.53504
0.7000 8 38870.71232
0.8000 8 39699.08736
0.9000 8 40475.0336
1.0000 8 40212.8896
1.1000 8 41544.58112
1.2000 8 39353.05728
1.3000 8 37822.13632
1.4000 8 33271.31648
1.5000 8 23142.07232
1.6000 8 20819.47648
1.7000 8 27708.6208
1.8000 8 28825.35424
1.9000 8 28206.6944
2.0000 8 22748.85632
2.1000 8 19272.82688
2.2000 8 19891.48672
2.3000 8 22041.06752
2.4000 8 22638.75584
2.5000 8 18161.33632
2.6000 8 8918.13888
2.7000 8 10747.904
2.8000 8 14606.66368
2.9000 8 14061.40416
3.0000 8 14763.95008
3.1000 8 23005.75744
3.2000 8 27504.14848
3.3000 8 26612.85888
3.4000 8 22276.99712
3.5000 8 21411.92192
3.6000 8 24756.87936
3.7000 8 24893.19424
3.8000 8 24804.06528
3.9000 8 18727.56736
4.0000 8 24075.30496
4.1000 8 34319.89248
4.2000 8 34403.77856
4.3000 8 32086.4256
4.4000 8 35221.66784
4.5000 8 33287.04512
4.6000 8 28374.46656
4.7000 8 31871.46752
4.8000 8 37790.67904
4.9000 8 38723.91168
5.0000 8 40904.94976
5.1000 8 40176.18944
5.2000 8 39877.34528
5.3000 8 40270.56128
5.4000 8 31373.39392
5.5000 8 25983.71328
5.6000 8 31226.59328
5.7000 8 31090.2784
5.8000 8 27934.06464
5.9000 8 20961.03424
6.0000 8 21453.86496
6.1000 8 20253.24544
6.2000 8 14805.89312
6.3000 8 14239.66208
6.4000 8 14501.80608
6.5000 8 14480.83456
6.6000 8 9950.98624
6.7000 8 62.91456
6.8000 8 1593.83552
6.9000 8 10370.41664
7.0000 8 11345.59232
7.1000 8 15361.6384
7.2000 8 15581.83936
7.3000 8 15298.72384
7.4000 8 15497.95328
7.5000 8 14617.14944
7.6000 8 21527.26528
7.7000 8 29181.87008
7.8000 8 31258.05056
7.9000 8 33407.63136
8.0000 8 30041.7024
8.1000 8 33213.6448
8.2000 8 38954.5984
8.3000 8 38131.46624
8.4000 8 37046.19008
8.5000 8 37318.81984
8.6000 8 39699.08736
8.7000 8 40768.63488
8.8000 8 43180.35968
8.9000 8 33009.17248
9.0000 8 8661.23776
9.1000 8 398.45888
9.2000 8 1017.11872
9.3000 8 34277.94944
9.4000 8 11565.79328
9.5000 8 7056.91648
9.6000 8 39473.64352
9.7000 8 19781.38624
9.8000 8 25517.09696
9.9000 8 33439.08864
10.0000 8 37444.64896
10.1000 8 26644.31616
10.2000 8 9059.69664
10.3000 8 30891.04896
10.4000 8 41020.29312
10.5000 8 34650.19392
10.6000 8 10936.64768
10.7000 8 22722.64192
10.8000 8 19403.89888
10.9000 8 534.77376
11.0000 8 35761.68448
11.1000 8 35258.368
11.2000 8 33916.19072
11.3000 8 22701.6704
11.4000 8 26424.1152
11.5000 8 9615.44192
11.6000 8 33124.51584
11.7000 8 31142.7072
11.8000 8 25312.62464
11.9000 8 26639.07328
12.0000 8 23283.63008
12.1000 8 24316.47744
12.2000 8 30230.44608
12.3000 8 25024.26624
12.4000 8 16127.09888
12.5000 8 20447.232
12.6000 8 1279.26272
12.7000 8 1069.54752
12.8000 8 1405.09184
12.9000 8 15356.39552
13.0000 8 32526.82752
13.1000 8 42152.7552
13.2000 8 38645.26848
13.3000 8 10905.1904
13.4000 8 27283.94752
13.5000 8 36742.10304
13.6000 8 41324.38016
13.7000 8 42278.58432
13.8000 8 25207.76704
13.9000 8 39332.08576
14.0000 8 28657.58208
14.1000 8 30492.59008
14.2000 8 34162.60608
14.3000 8 36443.25888
14.4000 8 36626.75968
14.5000 8 26167.21408
14.6000 8 16609.44384
14.7000 8 3187.67104
14.8000 8 19105.05472
14.9000 8 20221.78816
15.0000 8 17102.27456
15.1000 8 14858.32192
15.2000 8 11445.20704
15.3000 8 8074.0352
15.4000 8 7948.20608
15.5000 8 8011.12064
15.6000 8 8095.00672
15.7000 8 8210.35008
15.8000 8 1766.85056
