0.1000 8 0.0
0.2000 8 964.68992
0.3000 8 16043.2128
0.4000 8 42100.3264
0.5000 8 44679.82336
0.6000 8 40579.8912
0.7000 8 34361.83552
0.8000 8 34319.89248
0.9000 8 35840.32768
1.0000 8 32904.31488
1.1000 8 34026.2912
1.2000 8 34141.63456
1.3000 8 34078.72
1.4000 8 34131.1488
1.5000 8 33601.61792
1.6000 8 33486.27456
1.7000 8 26078.08512
1.8000 8 24762.12224
1.9000 8 22345.15456
2.0000 8 23509.07392
2.1000 8 17616.0768
2.2000 8 17133.73184
2.3000 8 22879.92832
2.4000 8 23923.26144
2.5000 8 21369.97888
2.6000 8 25265.43872
2.7000 8 25600.98304
2.8000 8 21716.00896
2.9000 8 23718.78912
3.0000 8 22858.9568
3.1000 8 28384.95232
3.2000 8 29580.32896
3.3000 8 29402.07104
3.4000 8 25669.14048
3.5000 8 15267.26656
3.6000 8 19786.62912
3.7000 8 28175.23712
3.8000 8 30864.83456
3.9000 8 25448.93952
4.0000 8 24368.90624
4.1000 8 27226.27584
4.2000 8 20248.00256
4.3000 8 24924.65152
4.4000 8 28479.32416
4.5000 8 29863.44448
4.6000 8 35064.38144
4.7000 8 34487.66464
4.8000 8 37601.93536
4.9000 8 33654.04672
5.0000 8 33963.37664
5.1000 8 39541.80096
5.2000 8 40055.6032
5.3000 8 38917.89824
5.4000 8 38508.9536
5.5000 8 29370.61376
5.6000 8 25328.35328
5.7000 8 26843.5456
5.8000 8 26801.60256
5.9000 8 25511.85408
6.0000 8 16258.17088
6.1000 8 16394.48576
6.2000 8 12310.28224
6.3000 8 17983.0784
6.4000 8 18108.90752
6.5000 8 18308.13696
6.6000 8 20331.88864
6.7000 8 22135.43936
6.8000 8 29160.89856
6.9000 8 26025.65632
7.0000 8 27892.1216
7.1000 8 22895.65696
7.2000 8 10391.38816
7.3000 8 9804.1856
7.4000 8 25711.08352
7.5000 8 7256.14592
7.6000 8 16053.69856
7.7000 8 40899.70688
7.8000 8 2977.95584
7.9000 8 40144.73216
8.0000 8 39342.57152
8.1000 8 36626.75968
8.2000 8 37465.62048
8.3000 8 38697.69728
8.4000 8 27619.49184
8.5000 8 27273.46176
8.6000 8 0.0
8.7000 8 5400.1664
8.8000 8 1625.2928
8.9000 8 20961.03424
9.0000 8 37549.50656
9.1000 8 37921.75104
9.2000 8 35625.3696
9.3000 8 31420.57984
9.4000 8 22366.12608
9.5000 8 23519.55968
9.6000 8 28982.64064
9.7000 8 26964.13184
9.8000 8 35724.98432
9.9000 8 34734.08
10.0000 8 30230.44608
10.1000 8 24143.4624
10.2000 8 19660.8
10.3000 8 17474.51904
10.4000 8 2962.2272
10.5000 8 20258.48832
10.6000 8 29926.35904
10.7000 8 9699.328
10.8000 8 13977.51808
10.9000 8 11156.84864
11.0000 8 12090.08128
11.1000 8 37858.83648
11.2000 8 35032.92416
11.3000 8 0.0
11.4000 8 1080.03328
11.5000 8 1101.0048
11.6000 8 0.0
11.7000 8 32411.48416
11.8000 8 45717.9136
11.9000 8 43164.63104
12.0000 8 39122.37056
12.1000 8 36857.4464
12.2000 8 36668.70272
12.3000 8 36270.24384
12.4000 8 39410.72896
12.5000 8 30251.4176
12.6000 8 27289.1904
12.7000 8 10910.43328
12.8000 8 9992.92928
12.9000 8 32699.84256
13.0000 8 32306.62656
13.1000 8 35777.41312
13.2000 8 34173.09184
13.3000 8 30230.44608
13.4000 8 31714.18112
13.5000 8 28117.56544
13.6000 8 27194.81856
13.7000 8 29517.4144
13.8000 8 31756.12416
13.9000 8 22476.22656
14.0000 8 17647.53408
14.1000 8 16703.81568
14.2000 8 17123.24608
14.3000 8 19398.656
14.4000 8 19587.39968
14.5000 8 21128.8064
14.6000 8 21747.46624
14.7000 8 21191.72096
14.8000 8 18795.7248
14.9000 8 14674.82112
15.0000 8 11985.22368
15.1000 8 11985.22368
15.2000 8 9169.79712
15.3000 8 6354.37056
15.4000 8 6291.456
15.5000 8 1661.99296
