0.1000 8 0.0
0.2000 8 870.31808
0.3000 8 18685.62432
0.4000 8 31132.22144
0.5000 8 31090.2784
0.6000 8 38031.85152
0.7000 8 38692.4544
0.8000 8 37727.76448
0.9000 8 38577.11104
1.0000 8 41775.26784
1.1000 8 45927.6288
1.2000 8 46472.88832
1.3000 8 47227.86304
1.4000 8 46226.47296
1.5000 8 41497.3952
1.6000 8 35861.2992
1.7000 8 35510.02624
1.8000 8 29113.71264
1.9000 8 21427.65056
2.0000 8 18863.88224
2.1000 8 11167.3344
2.2000 8 11838.42304
2.3000 8 9819.91424
2.4000 8 5484.05248
2.5000 8 5033.1648
2.6000 8 12048.13824
2.7000 8 13558.08768
2.8000 8 13201.57184
2.9000 8 13736.3456
3.0000 8 13149.14304
3.1000 8 13694.40256
3.2000 8 17207.13216
3.3000 8 21212.69248
3.4000 8 30555.50464
3.5000 8 32044.48256
3.6000 8 28877.78304
3.7000 8 38409.33888
3.8000 8 37004.24704
3.9000 8 38472.25344
4.0000 8 38115.7376
4.1000 8 38021.36576
4.2000 8 40170.94656
4.3000 8 46294.6304
4.4000 8 41570.79552
4.5000 8 31514.95168
4.6000 8 27850.17856
4.7000 8 27514.63424
4.8000 8 27734.8352
4.9000 8 30891.04896
5.0000 8 29711.40096
5.1000 8 32532.0704
5.2000 8 28049.408
5.3000 8 22523.41248
5.4000 8 22796.04224
5.5000 8 23839.37536
5.6000 8 23110.61504
5.7000 8 22691.18464
5.8000 8 21595.42272
5.9000 8 21621.63712
6.0000 8 21778.92352
6.1000 8 18166.5792
6.2000 8 17259.56096
6.3000 8 20289.9456
6.4000 8 28164.75136
6.5000 8 32553.04192
6.6000 8 30314.33216
6.7000 8 29811.01568
6.8000 8 31483.4944
6.9000 8 33827.06176
7.0000 8 34592.52224
7.1000 8 40139.48928
7.2000 8 39269.1712
7.3000 8 35583.42656
7.4000 8 33905.70496
7.5000 8 33743.17568
7.6000 8 33942.40512
7.7000 8 34707.8656
7.8000 8 34697.37984
7.9000 8 31567.38048
8.0000 8 29166.14144
8.1000 8 24641.536
8.2000 8 23451.40224
8.3000 8 20929.57696
8.4000 8 24132.97664
8.5000 8 23498.58816
8.6000 8 23225.9584
8.7000 8 24106.76224
8.8000 8 29842.47296
8.9000 8 30718.03392
9.0000 8 31404.8512
9.1000 8 32264.68352
9.2000 8 34393.2928
9.3000 8 32296.1408
9.4000 8 35095.83872
9.5000 8 39693.84448
9.6000 8 37790.67904
9.7000 8 36836.47488
9.8000 8 37040.9472
9.9000 8 30597.44768
10.0000 8 33213.6448
10.1000 8 32280.41216
10.2000 8 24447.54944
10.3000 8 19409.14176
10.4000 8 18507.3664
10.5000 8 17259.56096
10.6000 8 15927.86944
10.7000 8 17133.73184
10.8000 8 15324.93824
10.9000 8 11754.53696
11.0000 8 11450.44992
11.1000 8 11377.0496
11.2000 8 13337.88672
11.3000 8 17112.76032
11.4000 8 17102.27456
11.5000 8 18040.75008
11.6000 8 17825.792
11.7000 8 24893.19424
11.8000 8 26738.688
11.9000 8 33926.67648
12.0000 8 30964.44928
12.1000 8 32453.4272
12.2000 8 35871.78496
12.3000 8 35268.85376
12.4000 8 34886.12352
12.5000 8 42310.0416
12.6000 8 36107.71456
12.7000 8 33543.94624
12.8000 8 31929.1392
12.9000 8 35504.78336
13.0000 8 31562.1376
13.1000 8 30083.64544
13.2000 8 23697.8176
13.3000 8 26198.67136
13.4000 8 25868.36992
13.5000 8 20158.8736
13.6000 8 19954.40128
13.7000 8 15220.08064
13.8000 8 11513.36448
13.9000 8 11712.59392
14.0000 8 11282.67776
14.1000 8 11114.9056
14.2000 8 10522.46016
14.3000 8 6710.8864
14.4000 8 5630.85312
14.5000 8 0.0
14.6000 8 52.4288
14.7000 8 4367.31904
