0.1000 8 0.0
0.2000 8 870.31808
0.3000 8 13631.488
0.4000 8 26623.34464
0.5000 8 28217.18016
0.6000 8 32338.08384
0.7000 8 32589.74208
0.8000 8 33281.80224
0.9000 8 38126.22336
1.0000 8 37696.3072
1.1000 8 36626.75968
1.2000 8 34099.69152
1.3000 8 36238.78656
1.4000 8 35761.68448
1.5000 8 25076.69504
1.6000 8 21894.26688
1.7000 8 22512.92672
1.8000 8 20358.10304
1.9000 8 19288.55552
2.0000 8 14947.45088
2.1000 8 17532.19072
2.2000 8 20887.63392
2.3000 8 20583.54688
2.4000 8 26329.74336
2.5000 8 27955.03616
2.6000 8 25102.90944
2.7000 8 26182.94272
2.8000 8 30707.54816
2.9000 8 27577.5488
3.0000 8 28426.89536
3.1000 8 30466.37568
3.2000 8 27430.74816
3.3000 8 27530.36288
3.4000 8 25857.88416
3.5000 8 35368.46848
3.6000 8 31100.76416
3.7000 8 29527.90016
3.8000 8 28479.32416
3.9000 8 27221.03296
4.0000 8 32170.31168
4.1000 8 30146.56
4.2000 8 29596.0576
4.3000 8 22156.41088
4.4000 8 30555.50464
4.5000 8 28238.15168
4.6000 8 34634.46528
4.7000 8 33580.6464
4.8000 8 30198.9888
4.9000 8 28673.31072
5.0000 8 24672.99328
5.1000 8 22680.69888
5.2000 8 25123.88096
5.3000 8 31782.33856
5.4000 8 31514.95168
5.5000 8 29108.46976
5.6000 8 18895.33952
5.7000 8 20777.53344
5.8000 8 20520.63232
5.9000 8 18025.02144
6.0000 8 22733.12768
6.1000 8 23876.07552
6.2000 8 24798.8224
6.3000 8 27137.14688
6.4000 8 26340.22912
6.5000 8 27404.53376
6.6000 8 21558.72256
6.7000 8 20740.83328
6.8000 8 21202.20672
6.9000 8 22093.49632
7.0000 8 27152.87552
7.1000 8 22219.32544
7.2000 8 27221.03296
7.3000 8 29223.81312
7.4000 8 24159.19104
7.5000 8 24809.30816
7.6000 8 27755.80672
7.7000 8 27671.92064
7.8000 8 31441.55136
7.9000 8 27242.00448
8.0000 8 24762.12224
8.1000 8 26895.9744
8.2000 8 27567.06304
8.3000 8 31053.57824
8.4000 8 30817.64864
8.5000 8 29533.14304
8.6000 8 27304.91904
8.7000 8 27105.6896
8.8000 8 24389.87776
8.9000 8 24872.22272
9.0000 8 33391.90272
9.1000 8 33638.31808
9.2000 8 36752.5888
9.3000 8 34608.25088
9.4000 8 29596.0576
9.5000 8 28269.60896
9.6000 8 22261.26848
9.7000 8 25595.74016
9.8000 8 24206.37696
9.9000 8 20709.376
10.0000 8 31299.9936
10.1000 8 29769.07264
10.2000 8 32264.68352
10.3000 8 33260.83072
10.4000 8 29695.67232
10.5000 8 30634.14784
10.6000 8 27582.79168
10.7000 8 25008.5376
10.8000 8 27577.5488
10.9000 8 26633.8304
11.0000 8 28175.23712
11.1000 8 26696.74496
11.2000 8 28510.78144
11.3000 8 26057.1136
11.4000 8 25653.41184
11.5000 8 28405.92384
11.6000 8 30188.50304
11.7000 8 30534.53312
11.8000 8 28185.72288
11.9000 8 23666.36032
12.0000 8 27053.2608
12.1000 8 26492.27264
12.2000 8 19922.944
12.3000 8 10894.70464
12.4000 8 12839.81312
12.5000 8 14250.14784
12.6000 8 16242.44224
12.7000 8 19881.00096
12.8000 8 23760.73216
12.9000 8 26046.62784
13.0000 8 24243.07712
13.1000 8 20111.68768
13.2000 8 30240.93184
13.3000 8 36333.1584
13.4000 8 32128.36864
13.5000 8 31855.73888
13.6000 8 26151.48544
13.7000 8 30513.5616
13.8000 8 11649.67936
13.9000 8 8367.63648
14.0000 8 28327.28064
14.1000 8 8771.33824
14.2000 8 26969.37472
14.3000 8 28390.1952
14.4000 8 20919.0912
14.5000 8 9772.72832
14.6000 8 13683.9168
14.7000 8 10496.24576
14.8000 8 6328.15616
14.9000 8 5106.56512
15.0000 8 5452.5952
15.1000 8 5389.68064
15.2000 8 5630.85312
15.3000 8 4262.46144
