0.1000 8 0.0
0.2000 8 985.66144
0.3000 8 12603.88352
0.4000 8 31687.96672
0.5000 8 36280.7296
0.6000 8 37444.64896
0.7000 8 39636.1728
0.8000 8 42026.92608
0.9000 8 43421.53216
1.0000 8 40779.12064
1.1000 8 40516.97664
1.2000 8 38797.312
1.3000 8 40034.63168
1.4000 8 40800.09216
1.5000 8 40957.37856
1.6000 8 38105.25184
1.7000 8 28856.81152
1.8000 8 21055.40608
1.9000 8 18512.60928
2.0000 8 15487.46752
2.1000 8 16619.9296
2.2000 8 15293.48096
2.3000 8 11555.30752
2.4000 8 8273.26464
2.5000 8 0.0
2.6000 8 157.2864
2.7000 8 157.2864
2.8000 8 62.91456
2.9000 8 73.40032
3.0000 8 1635.77856
3.1000 8 9237.95456
3.2000 8 10768.87552
3.3000 8 10926.16192
3.4000 8 11062.4768
3.5000 8 13914.60352
3.6000 8 15843.98336
3.7000 8 2810.18368
3.8000 8 15602.81088
3.9000 8 28605.15328
4.0000 8 21747.46624
4.1000 8 7203.71712
4.2000 8 1572.864
4.3000 8 23246.92992
4.4000 8 19409.14176
4.5000 8 46420.45952
4.6000 8 53215.232
4.7000 8 46063.94368
4.8000 8 55380.54144
4.9000 8 13888.38912
5.0000 8 32652.65664
5.1000 8 32343.32672
5.2000 8 27692.89216
5.3000 8 26460.81536
5.4000 8 22649.2416
5.5000 8 17600.34816
5.6000 8 12855.54176
5.7000 8 28699.52512
5.8000 8 36354.12992
5.9000 8 33161.216
6.0000 8 34466.69312
6.1000 8 30980.17792
6.2000 8 21349.00736
6.3000 8 26245.85728
6.4000 8 28510.78144
6.5000 8 30985.4208
6.6000 8 30739.00544
6.7000 8 24468.52096
6.8000 8 20866.6624
6.9000 8 19807.60064
7.0000 8 30565.9904
7.1000 8 31200.37888
7.2000 8 22544.384
7.3000 8 21317.55008
7.4000 8 29884.416
7.5000 8 40291.5328
7.6000 8 32563.52768
7.7000 8 15906.89792
7.8000 8 19340.98432
7.9000 8 23938.99008
8.0000 8 36962.304
8.1000 8 32788.97152
8.2000 8 26025.65632
8.3000 8 26880.24576
8.4000 8 30555.50464
8.5000 8 27640.46336
8.6000 8 36825.98912
8.7000 8 22156.41088
8.8000 8 3187.67104
8.9000 8 34723.59424
9.0000 8 36422.28736
9.1000 8 10553.91744
9.2000 8 29475.47136
9.3000 8 26256.34304
9.4000 8 26413.62944
9.5000 8 36039.55712
9.6000 8 37455.13472
9.7000 8 32521.58464
9.8000 8 27367.8336
9.9000 8 41151.36512
10.0000 8 38000.39424
10.1000 8 34975.25248
10.2000 8 39830.15936
10.3000 8 36202.0864
10.4000 8 31111.24992
10.5000 8 31415.33696
10.6000 8 34540.09344
10.7000 8 34655.4368
10.8000 8 34015.80544
10.9000 8 29077.01248
11.0000 8 19681.77152
11.1000 8 19078.84032
11.2000 8 18853.39648
11.3000 8 14669.57824
11.4000 8 18271.4368
11.5000 8 23026.72896
11.6000 8 24882.70848
11.7000 8 23503.83104
11.8000 8 14795.40736
11.9000 8 15833.4976
12.0000 8 22093.49632
12.1000 8 22313.69728
12.2000 8 19419.62752
12.3000 8 18947.76832
12.4000 8 24452.79232
12.5000 8 25784.48384
12.6000 8 30586.96192
12.7000 8 30786.19136
12.8000 8 36238.78656
12.9000 8 36238.78656
13.0000 8 35179.7248
13.1000 8 34760.2944
13.2000 8 36280.7296
13.3000 8 42787.14368
13.4000 8 40920.6784
13.5000 8 38860.22656
13.6000 8 36710.64576
13.7000 8 33601.61792
13.8000 8 27572.30592
13.9000 8 24804.06528
14.0000 8 19472.05632
14.1000 8 20122.17344
14.2000 8 18439.20896
14.3000 8 18622.70976
14.4000 8 17055.08864
14.5000 8 17495.49056
14.6000 8 14124.31872
14.7000 8 14407.43424
14.8000 8 14292.09088
14.9000 8 14417.92
15.0000 8 14554.23488
15.1000 8 12546.21184
15.2000 8 7560.23296
15.3000 8 7644.11904
15.4000 8 7769.94816
15.5000 8 6128.92672
