0.1000 8 0.0
0.2000 8 943.7184
0.3000 8 13327.40096
0.4000 8 44050.67776
0.5000 8 42026.92608
0.6000 8 41597.00992
0.7000 8 42771.41504
0.8000 8 44186.99264
0.9000 8 47374.66368
1.0000 8 47626.32192
1.1000 8 47427.09248
1.2000 8 45529.16992
1.3000 8 44344.27904
1.4000 8 41161.85088
1.5000 8 36333.1584
1.6000 8 33234.61632
1.7000 8 32914.80064
1.8000 8 31687.96672
1.9000 8 20352.86016
2.0000 8 5358.22336
2.1000 8 52.4288
2.2000 8 7843.34848
2.3000 8 7937.72032
2.4000 8 7937.72032
2.5000 8 7990.14912
2.6000 8 7927.23456
2.7000 8 8011.12064
2.8000 8 8923.38176
2.9000 8 12257.85344
3.0000 8 12152.99584
3.1000 8 16190.01344
3.2000 8 15503.19616
3.3000 8 14417.92
3.4000 8 14239.66208
3.5000 8 14459.86304
3.6000 8 13757.31712
3.7000 8 13967.03232
3.8000 8 14092.86144
3.9000 8 14386.46272
4.0000 8 13767.80288
4.1000 8 10679.74656
4.2000 8 15739.12576
4.3000 8 26780.63104
4.4000 8 33507.24608
4.5000 8 30041.7024
4.6000 8 28468.8384
4.7000 8 34498.1504
4.8000 8 34728.83712
4.9000 8 35704.0128
5.0000 8 34435.23584
5.1000 8 30440.16128
5.2000 8 29381.09952
5.3000 8 31672.23808
5.4000 8 23084.40064
5.5000 8 22806.528
5.6000 8 23367.51616
5.7000 8 24075.30496
5.8000 8 29847.71584
5.9000 8 24987.56608
6.0000 8 23535.28832
6.1000 8 21999.12448
6.2000 8 21485.32224
6.3000 8 28290.58048
6.4000 8 25349.3248
6.5000 8 26434.60096
6.6000 8 25836.91264
6.7000 8 21238.90688
6.8000 8 20331.88864
6.9000 8 14161.01888
7.0000 8 12834.57024
7.1000 8 17154.70336
7.2000 8 17542.67648
7.3000 8 17773.3632
7.4000 8 22848.47104
7.5000 8 22313.69728
7.6000 8 0.0
7.7000 8 723.51744
7.8000 8 20310.91712
7.9000 8 33444.33152
8.0000 8 26156.72832
8.1000 8 33166.45888
8.2000 8 32013.02528
8.3000 8 34277.94944
8.4000 8 34838.9376
8.5000 8 29842.47296
8.6000 8 37916.50816
8.7000 8 18255.70816
8.8000 8 555.74528
8.9000 8 27745.32096
9.0000 8 17112.76032
9.1000 8 20971.52
9.2000 8 32432.45568
9.3000 8 27734.8352
9.4000 8 36673.9456
9.5000 8 27430.74816
9.6000 8 31918.65344
9.7000 8 30891.04896
9.8000 8 20719.86176
9.9000 8 18035.5072
10.0000 8 8451.52256
10.1000 8 22575.84128
10.2000 8 33973.8624
10.3000 8 29307.6992
10.4000 8 28982.64064
10.5000 8 24861.73696
10.6000 8 17186.16064
10.7000 8 29066.52672
10.8000 8 24872.22272
10.9000 8 32028.75392
11.0000 8 27210.5472
11.1000 8 38776.34048
11.2000 8 6700.40064
11.3000 8 10821.30432
11.4000 8 32275.16928
11.5000 8 41119.90784
11.6000 8 35766.92736
11.7000 8 36396.07296
11.8000 8 28898.75456
11.9000 8 36123.4432
12.0000 8 41093.69344
12.1000 8 38435.55328
12.2000 8 34781.26592
12.3000 8 33931.91936
12.4000 8 34414.26432
12.5000 8 34419.5072
12.6000 8 29375.85664
12.7000 8 22596.8128
12.8000 8 19791.872
12.9000 8 17364.41856
13.0000 8 5678.03904
13.1000 8 10270.80192
13.2000 8 1625.2928
13.3000 8 450.88768
13.4000 8 10234.10176
13.5000 8 15875.44064
13.6000 8 21411.92192
13.7000 8 20751.31904
13.8000 8 21076.3776
13.9000 8 20279.45984
14.0000 8 20898.11968
14.1000 8 20541.60384
14.2000 8 21390.9504
14.3000 8 21097.34912
14.4000 8 25994.19904
14.5000 8 19409.14176
14.6000 8 18329.10848
14.7000 8 32542.55616
14.8000 8 38933.62688
14.9000 8 33334.23104
15.0000 8 35672.55552
15.1000 8 35578.18368
15.2000 8 36029.07136
15.3000 8 35850.81344
15.4000 8 33989.59104
15.5000 8 27341.6192
15.6000 8 19513.99936
15.7000 8 19639.82848
15.8000 8 11502.87872
15.9000 8 6873.41568
