0.1000 8 0.0
0.2000 8 849.34656
0.3000 8 21464.35072
0.4000 8 45497.71264
0.5000 8 40915.43552
0.6000 8 17710.44864
0.7000 8 28888.2688
0.8000 8 34707.8656
0.9000 8 33585.88928
1.0000 8 34183.5776
1.1000 8 44134.56384
1.2000 8 20625.48992
1.3000 8 10548.67456
1.4000 8 1258.2912
1.5000 8 3932.16
1.6000 8 41345.35168
1.7000 8 33292.288
1.8000 8 41261.4656
1.9000 8 33832.30464
2.0000 8 24887.95136
2.1000 8 14926.47936
2.2000 8 587.20256
2.3000 8 94.37184
2.4000 8 9122.6112
2.5000 8 3271.55712
2.6000 8 5934.94016
2.7000 8 9300.86912
2.8000 8 9154.06848
2.9000 8 19723.71456
3.0000 8 24001.90464
3.1000 8 21212.69248
3.2000 8 23315.08736
3.3000 8 15372.12416
3.4000 8 2139.09504
3.5000 8 15324.93824
3.6000 8 8577.35168
3.7000 8 10003.41504
3.8000 8 31740.39552
3.9000 8 35793.14176
4.0000 8 32684.11392
4.1000 8 37103.86176
4.2000 8 9720.29952
4.3000 8 20698.89024
4.4000 8 16095.6416
4.5000 8 24704.45056
4.6000 8 38346.42432
4.7000 8 37864.07936
4.8000 8 36679.18848
4.9000 8 42210.42688
5.0000 8 35095.83872
5.1000 8 32479.6416
5.2000 8 29077.01248
5.3000 8 26785.87392
5.4000 8 23619.1744
5.5000 8 14250.14784
5.6000 8 14564.72064
5.7000 8 28762.43968
5.8000 8 32621.19936
5.9000 8 32380.02688
6.0000 8 36359.3728
6.1000 8 24075.30496
6.2000 8 28185.72288
6.3000 8 26513.24416
6.4000 8 20074.98752
6.5000 8 18371.05152
6.6000 8 16069.4272
6.7000 8 12755.92704
6.8000 8 6008.34048
6.9000 8 5473.56672
7.0000 8 5830.08256
7.1000 8 5809.11104
7.2000 8 11911.82336
7.3000 8 13023.31392
7.4000 8 23404.21632
7.5000 8 33559.67488
7.6000 8 29118.95552
7.7000 8 28793.89696
7.8000 8 29968.30208
7.9000 8 30219.96032
8.0000 8 31583.10912
8.1000 8 31258.05056
8.2000 8 30539.776
8.3000 8 28814.86848
8.4000 8 31604.08064
8.5000 8 36427.53024
8.6000 8 28814.86848
8.7000 8 27200.06144
8.8000 8 25501.36832
8.9000 8 25427.968
9.0000 8 33051.11552
9.1000 8 33853.27616
9.2000 8 28636.61056
9.3000 8 29695.67232
9.4000 8 29218.57024
9.5000 8 29679.94368
9.6000 8 33250.34496
9.7000 8 35295.06816
9.8000 8 34057.74848
9.9000 8 33984.34816
10.0000 8 24174.91968
10.1000 8 13600.03072
10.2000 8 17584.61952
10.3000 8 21663.58016
10.4000 8 20164.11648
10.5000 8 20274.21696
10.6000 8 15660.48256
10.7000 8 9038.72512
10.8000 8 6291.456
10.9000 8 6396.3136
11.0000 8 9038.72512
11.1000 8 17720.9344
11.2000 8 17678.99136
11.3000 8 18890.09664
11.4000 8 14564.72064
11.5000 8 15990.784
11.6000 8 14805.89312
11.7000 8 14449.37728
11.8000 8 14491.32032
11.9000 8 14428.40576
12.0000 8 20782.77632
12.1000 8 34629.2224
12.2000 8 31237.07904
12.3000 8 32820.4288
12.4000 8 30309.08928
12.5000 8 33281.80224
12.6000 8 37067.1616
12.7000 8 38765.85472
12.8000 8 34833.69472
12.9000 8 37596.69248
13.0000 8 31661.75232
13.1000 8 23257.41568
13.2000 8 35766.92736
13.3000 8 31310.47936
13.4000 8 32437.69856
13.5000 8 28143.77984
13.6000 8 16357.7856
13.7000 8 17060.33152
13.8000 8 16273.89952
13.9000 8 24683.47904
14.0000 8 26817.3312
14.1000 8 25081.93792
14.2000 8 17395.87584
14.3000 8 15335.424
14.4000 8 8325.69344
14.5000 8 15833.4976
14.6000 8 15309.2096
14.7000 8 15665.72544
14.8000 8 10103.02976
14.9000 8 7811.8912
15.0000 8 13421.7728
15.1000 8 15256.7808
15.2000 8 15581.83936
15.3000 8 14952.69376
15.4000 8 13835.96032
15.5000 8 7811.8912
15.6000 8 8839.49568
15.7000 8 14910.75072
15.8000 8 18821.9392
15.9000 8 24903.68
16.0000 8 22235.05408
16.1000 8 25123.88096
16.2000 8 29664.21504
16.3000 8 29947.33056
16.4000 8 29821.50144
16.5000 8 29412.5568
16.6000 8 28521.2672
16.7000 8 27142.38976
16.8000 8 18470.66624
16.9000 8 15906.89792
17.0000 8 10050.60096
17.1000 8 4503.63392
