0.1000 8 0.0
0.2000 8 954.20416
0.3000 8 12729.71264
0.4000 8 31971.08224
0.5000 8 35378.95424
0.6000 8 44711.28064
0.7000 8 39258.68544
0.8000 8 40422.6048
0.9000 8 41974.49728
1.0000 8 36888.90368
1.1000 8 39625.68704
1.2000 8 38734.39744
1.3000 8 37528.53504
1.4000 8 36726.3744
1.5000 8 16997.41696
1.6000 8 30115.10272
1.7000 8 34047.26272
1.8000 8 34854.66624
1.9000 8 25055.72352
2.0000 8 25538.06848
2.1000 8 23288.87296
2.2000 8 23142.07232
2.3000 8 22266.51136
2.4000 8 20085.47328
2.5000 8 17815.30624
2.6000 8 12640.58368
2.7000 8 7591.69024
2.8000 8 7581.20448
2.9000 8 7602.176
3.0000 8 7507.80416
3.1000 8 3580.88704
3.2000 8 6427.77088
3.3000 8 12499.02592
3.4000 8 12981.37088
3.5000 8 16483.61472
3.6000 8 19534.97088
3.7000 8 24610.07872
3.8000 8 24610.07872
3.9000 8 24484.2496
4.0000 8 21810.3808
4.1000 8 24767.36512
4.2000 8 34456.20736
4.3000 8 44512.0512
4.4000 8 44816.13824
4.5000 8 43211.81696
4.6000 8 35620.12672
4.7000 8 33638.31808
4.8000 8 29501.68576
4.9000 8 22727.8848
5.0000 8 21611.15136
5.1000 8 26319.2576
5.2000 8 25868.36992
5.3000 8 25291.65312
5.4000 8 26376.92928
5.5000 8 21385.70752
5.6000 8 17196.6464
5.7000 8 18790.48192
5.8000 8 25244.4672
5.9000 8 22900.89984
6.0000 8 21181.2352
6.1000 8 26140.99968
6.2000 8 26460.81536
6.3000 8 26088.57088
6.4000 8 22717.39904
6.5000 8 18224.25088
6.6000 8 18811.45344
6.7000 8 30891.04896
6.8000 8 30136.07424
6.9000 8 30083.64544
7.0000 8 29014.09792
7.1000 8 31908.16768
7.2000 8 24305.99168
7.3000 8 20877.14816
7.4000 8 24599.59296
7.5000 8 26660.0448
7.6000 8 28332.52352
7.7000 8 30387.73248
7.8000 8 30010.24512
7.9000 8 28830.59712
8.0000 8 26030.8992
8.1000 8 24033.36192
8.2000 8 18339.59424
8.3000 8 8441.0368
8.4000 8 28594.66752
8.5000 8 32112.64
8.6000 8 29139.92704
8.7000 8 29192.35584
8.8000 8 25920.79872
8.9000 8 27430.74816
9.0000 8 20761.8048
9.1000 8 34304.16384
9.2000 8 41072.72192
9.3000 8 48564.79744
9.4000 8 46294.6304
9.5000 8 69793.21856
9.6000 8 36978.03264
9.7000 8 31876.7104
9.8000 8 32117.88288
9.9000 8 27561.82016
10.0000 8 24190.64832
10.1000 8 14538.50624
10.2000 8 16279.1424
10.3000 8 15634.26816
10.4000 8 15581.83936
10.5000 8 4928.3072
10.6000 8 15256.7808
10.7000 8 8682.20928
10.8000 8 3061.84192
10.9000 8 14847.83616
11.0000 8 14737.73568
11.1000 8 10097.78688
11.2000 8 14008.97536
11.3000 8 20730.34752
11.4000 8 14701.03552
11.5000 8 20683.1616
11.6000 8 22177.3824
11.7000 8 27629.9776
11.8000 8 36983.27552
11.9000 8 39636.1728
12.0000 8 43432.01792
12.1000 8 43809.50528
12.2000 8 46168.80128
12.3000 8 13086.22848
12.4000 8 22135.43936
12.5000 8 39447.42912
12.6000 8 42131.78368
12.7000 8 29103.22688
12.8000 8 22995.27168
12.9000 8 22554.86976
13.0000 8 22874.68544
13.1000 8 17768.12032
13.2000 8 14826.86464
13.3000 8 15613.29664
13.4000 8 16420.70016
13.5000 8 14202.96192
13.6000 8 19671.28576
13.7000 8 21658.33728
13.8000 8 17595.10528
13.9000 8 18895.33952
14.0000 8 22240.29696
14.1000 8 23184.01536
14.2000 8 23561.50272
14.3000 8 23215.47264
14.4000 8 23042.4576
14.5000 8 27965.52192
14.6000 8 31677.48096
14.7000 8 26523.72992
14.8000 8 25721.56928
14.9000 8 20719.86176
15.0000 8 12803.11296
15.1000 8 13012.82816
15.2000 8 13128.17152
15.3000 8 13054.7712
15.4000 8 13065.25696
15.5000 8 13096.71424
15.6000 8 7450.13248
15.7000 8 5599.39584
15.8000 8 5704.25344
15.9000 8 5363.46624
