0.1000 8 0.0
0.2000 8 870.31808
0.3000 8 14837.3504
0.4000 8 24924.65152
0.5000 8 33585.88928
0.6000 8 34676.40832
0.7000 8 35305.55392
0.8000 8 36175.872
0.9000 8 36752.5888
1.0000 8 37287.36256
1.1000 8 36500.93056
1.2000 8 34361.83552
1.3000 8 34970.0096
1.4000 8 33910.94784
1.5000 8 33349.95968
1.6000 8 28196.20864
1.7000 8 29024.58368
1.8000 8 33606.8608
1.9000 8 36458.98752
2.0000 8 35677.7984
2.1000 8 24216.86272
2.2000 8 19346.2272
2.3000 8 16845.37344
2.4000 8 17804.82048
2.5000 8 20027.8016
2.6000 8 14889.7792
2.7000 8 6868.1728
2.8000 8 6742.34368
2.9000 8 6836.71552
3.0000 8 6773.80096
3.1000 8 6805.25824
3.2000 8 4870.63552
3.3000 8 5274.33728
3.4000 8 5546.96704
3.5000 8 12037.65248
3.6000 8 12383.68256
3.7000 8 21139.29216
3.8000 8 29685.18656
3.9000 8 28353.49504
4.0000 8 33942.40512
4.1000 8 33292.288
4.2000 8 32809.94304
4.3000 8 35305.55392
4.4000 8 39415.97184
4.5000 8 38619.05408
4.6000 8 38734.39744
4.7000 8 40904.94976
4.8000 8 35174.48192
4.9000 8 27084.71808
5.0000 8 23902.28992
5.1000 8 23246.92992
5.2000 8 18816.69632
5.3000 8 17825.792
5.4000 8 17815.30624
5.5000 8 17165.18912
5.6000 8 18077.45024
5.7000 8 17731.42016
5.8000 8 15188.62336
5.9000 8 11990.46656
6.0000 8 8268.02176
6.1000 8 12425.6256
6.2000 8 15948.84096
6.3000 8 17972.59264
6.4000 8 20908.60544
6.5000 8 24337.44896
6.6000 8 32348.5696
6.7000 8 31918.65344
6.8000 8 32317.11232
6.9000 8 31163.67872
7.0000 8 35814.11328
7.1000 8 27336.37632
7.2000 8 28227.66592
7.3000 8 30125.58848
7.4000 8 32432.45568
7.5000 8 30466.37568
7.6000 8 26764.9024
7.7000 8 24164.43392
7.8000 8 25233.98144
7.9000 8 21506.29376
8.0000 8 21799.89504
8.1000 8 21925.72416
8.2000 8 20835.20512
8.3000 8 21590.17984
8.4000 8 22324.18304
8.5000 8 23278.3872
8.6000 8 22822.25664
8.7000 8 28143.77984
8.8000 8 28484.56704
8.9000 8 32757.51424
9.0000 8 31960.59648
9.1000 8 31394.36544
9.2000 8 33931.91936
9.3000 8 31798.0672
9.4000 8 31646.02368
9.5000 8 33942.40512
9.6000 8 33486.27456
9.7000 8 25249.71008
9.8000 8 28059.89376
9.9000 8 29947.33056
10.0000 8 29276.24192
10.1000 8 26649.55904
10.2000 8 22963.8144
10.3000 8 22581.08416
10.4000 8 29014.09792
10.5000 8 26806.84544
10.6000 8 26135.7568
10.7000 8 24573.37856
10.8000 8 27860.66432
10.9000 8 28856.81152
11.0000 8 27556.57728
11.1000 8 25878.85568
11.2000 8 24767.36512
11.3000 8 28867.29728
11.4000 8 23026.72896
11.5000 8 23582.47424
11.6000 8 29171.38432
11.7000 8 29171.38432
11.8000 8 32726.05696
11.9000 8 33397.1456
12.0000 8 27430.74816
12.1000 8 31541.16608
12.2000 8 33816.576
12.3000 8 32002.53952
12.4000 8 32243.712
12.5000 8 30728.51968
12.6000 8 29213.32736
12.7000 8 37580.96384
12.8000 8 41576.0384
12.9000 8 38246.8096
13.0000 8 38115.7376
13.1000 8 35163.99616
13.2000 8 26434.60096
13.3000 8 23121.1008
13.4000 8 19833.81504
13.5000 8 18790.48192
13.6000 8 21862.8096
13.7000 8 21883.78112
13.8000 8 24672.99328
13.9000 8 17726.17728
14.0000 8 6081.7408
14.1000 8 13007.58528
14.2000 8 9353.29792
14.3000 8 10947.13344
14.4000 8 12944.67072
14.5000 8 11618.22208
14.6000 8 19881.00096
14.7000 8 19419.62752
14.8000 8 17542.67648
14.9000 8 12519.99744
15.0000 8 36983.27552
15.1000 8 19388.17024
15.2000 8 25721.56928
15.3000 8 15324.93824
15.4000 8 9840.88576
15.5000 8 7340.032
15.6000 8 6317.6704
