0.1000 8 0.0
0.2000 8 807.40352
0.3000 8 15707.66848
0.4000 8 38356.91008
0.5000 8 46955.23328
0.6000 8 45707.42784
0.7000 8 43117.44512
0.8000 8 48035.26656
0.9000 8 41628.4672
1.0000 8 37664.84992
1.1000 8 38493.22496
1.2000 8 39646.65856
1.3000 8 39908.80256
1.4000 8 40579.8912
1.5000 8 40475.0336
1.6000 8 40716.20608
1.7000 8 23855.104
1.8000 8 17563.648
1.9000 8 17411.60448
2.0000 8 15618.53952
2.1000 8 13893.632
2.2000 8 9348.05504
2.3000 8 5400.1664
2.4000 8 602.9312
2.5000 8 0.0
2.6000 8 0.0
2.7000 8 0.0
2.8000 8 0.0
2.9000 8 0.0
3.0000 8 0.0
3.1000 8 0.0
3.2000 8 0.0
3.3000 8 6406.79936
3.4000 8 7843.34848
3.5000 8 7864.32
3.6000 8 7675.57632
3.7000 8 10800.3328
3.8000 8 18329.10848
3.9000 8 20562.57536
4.0000 8 21244.14976
4.1000 8 21799.89504
4.2000 8 28793.89696
4.3000 8 42456.84224
4.4000 8 42393.92768
4.5000 8 34513.87904
4.6000 8 33502.0032
4.7000 8 35431.38304
4.8000 8 33491.51744
4.9000 8 32317.11232
5.0000 8 35756.4416
5.1000 8 36731.61728
5.2000 8 39725.30176
5.3000 8 39845.888
5.4000 8 37843.10784
5.5000 8 28516.02432
5.6000 8 25847.3984
5.7000 8 25899.8272
5.8000 8 25758.26944
5.9000 8 11691.6224
6.0000 8 5746.19648
6.1000 8 17353.9328
6.2000 8 15429.79584
6.3000 8 8021.6064
6.4000 8 7088.37376
6.5000 8 7224.68864
6.6000 8 7109.34528
6.7000 8 5358.22336
6.8000 8 7759.4624
6.9000 8 7088.37376
7.0000 8 6689.91488
7.1000 8 10160.70144
7.2000 8 11623.46496
7.3000 8 11744.0512
7.4000 8 20457.71776
7.5000 8 26046.62784
7.6000 8 26916.94592
7.7000 8 23456.64512
7.8000 8 20583.54688
7.9000 8 28531.75296
8.0000 8 27588.03456
8.1000 8 13988.00384
8.2000 8 44805.65248
8.3000 8 40254.83264
8.4000 8 37795.92192
8.5000 8 34099.69152
8.6000 8 15718.15424
8.7000 8 35861.2992
8.8000 8 34854.66624
8.9000 8 20971.52
9.0000 8 19126.02624
9.1000 8 33313.25952
9.2000 8 34272.70656
9.3000 8 29737.61536
9.4000 8 22969.05728
9.5000 8 20489.17504
9.6000 8 24557.64992
9.7000 8 8640.26624
9.8000 8 23477.61664
9.9000 8 15372.12416
10.0000 8 28909.24032
10.1000 8 26487.02976
10.2000 8 26172.45696
10.3000 8 27247.24736
10.4000 8 18738.05312
10.5000 8 18580.76672
10.6000 8 18722.32448
10.7000 8 19010.68288
10.8000 8 24714.93632
10.9000 8 10412.35968
11.0000 8 41958.76864
11.1000 8 31556.89472
11.2000 8 21736.98048
11.3000 8 30565.9904
11.4000 8 26560.43008
11.5000 8 25197.28128
11.6000 8 28793.89696
11.7000 8 31362.90816
11.8000 8 31750.88128
11.9000 8 31923.89632
12.0000 8 25994.19904
12.1000 8 20289.9456
12.2000 8 23215.47264
12.3000 8 28898.75456
12.4000 8 29858.2016
12.5000 8 27609.00608
12.6000 8 27283.94752
12.7000 8 27556.57728
12.8000 8 27734.8352
12.9000 8 27425.50528
13.0000 8 24153.94816
13.1000 8 15172.89472
13.2000 8 17070.81728
13.3000 8 27435.99104
13.4000 8 25102.90944
13.5000 8 29113.71264
13.6000 8 22429.04064
13.7000 8 22617.78432
13.8000 8 22062.03904
13.9000 8 26109.5424
14.0000 8 26612.85888
14.1000 8 26654.80192
14.2000 8 26586.64448
14.3000 8 26298.28608
14.4000 8 16651.38688
14.5000 8 11712.59392
14.6000 8 17133.73184
14.7000 8 19241.3696
14.8000 8 25637.6832
14.9000 8 26665.28768
15.0000 8 25176.30976
15.1000 8 28133.29408
15.2000 8 25810.69824
15.3000 8 21401.43616
15.4000 8 22366.12608
15.5000 8 25448.93952
15.6000 8 30251.4176
15.7000 8 27698.13504
15.8000 8 35289.82528
15.9000 8 28175.23712
16.0000 8 25406.99648
16.1000 8 21050.1632
16.2000 8 17474.51904
16.3000 8 15141.43744
16.4000 8 15833.4976
16.5000 8 14674.82112
16.6000 8 7633.63328
16.7000 8 7927.23456
16.8000 8 8157.92128
16.9000 8 1190.13376
