0.1000 8 0.0
0.2000 8 912.26112
0.3000 8 14837.3504
0.4000 8 34015.80544
0.5000 8 43557.84704
0.6000 8 42393.92768
0.7000 8 41901.09696
0.8000 8 40359.69024
0.9000 8 40695.23456
1.0000 8 41743.81056
1.1000 8 41009.80736
1.2000 8 39730.54464
1.3000 8 38283.50976
1.4000 8 37628.14976
1.5000 8 29213.32736
1.6000 8 33790.3616
1.7000 8 30466.37568
1.8000 8 25878.85568
1.9000 8 24783.09376
2.0000 8 25978.4704
2.1000 8 17956.864
2.2000 8 16252.928
2.3000 8 14952.69376
2.4000 8 14732.4928
2.5000 8 11827.93728
2.6000 8 12027.16672
2.7000 8 12121.53856
2.8000 8 12132.02432
2.9000 8 16284.38528
3.0000 8 20279.45984
3.1000 8 19755.17184
3.2000 8 19000.19712
3.3000 8 20457.71776
3.4000 8 19377.68448
3.5000 8 26822.57408
3.6000 8 24075.30496
3.7000 8 29674.7008
3.8000 8 29926.35904
3.9000 8 29674.7008
4.0000 8 25286.41024
4.1000 8 28217.18016
4.2000 8 26424.1152
4.3000 8 27682.4064
4.4000 8 29643.24352
4.5000 8 32359.05536
4.6000 8 35106.32448
4.7000 8 34498.1504
4.8000 8 38262.53824
4.9000 8 34241.24928
5.0000 8 27671.92064
5.1000 8 25354.56768
5.2000 8 25873.6128
5.3000 8 26314.01472
5.4000 8 31016.87808
5.5000 8 29475.47136
5.6000 8 27053.2608
5.7000 8 28196.20864
5.8000 8 29444.01408
5.9000 8 31341.93664
6.0000 8 29601.30048
6.1000 8 25690.112
6.2000 8 24070.06208
6.3000 8 18475.90912
6.4000 8 20457.71776
6.5000 8 19849.54368
6.6000 8 24641.536
6.7000 8 24232.59136
6.8000 8 23844.61824
6.9000 8 25139.6096
7.0000 8 32033.9968
7.1000 8 34136.39168
7.2000 8 35048.6528
7.3000 8 32736.54272
7.4000 8 36521.90208
7.5000 8 38335.93856
7.6000 8 38891.68384
7.7000 8 40842.0352
7.8000 8 42991.616
7.9000 8 37397.46304
8.0000 8 38514.19648
8.1000 8 38461.76768
8.2000 8 37166.77632
8.3000 8 31771.8528
8.4000 8 24122.49088
8.5000 8 21621.63712
8.6000 8 20761.8048
8.7000 8 18890.09664
8.8000 8 17521.70496
8.9000 8 17532.19072
9.0000 8 17332.96128
9.1000 8 17967.34976
9.2000 8 17616.0768
9.3000 8 18392.02304
9.4000 8 19047.38304
9.5000 8 15172.89472
9.6000 8 15209.59488
9.7000 8 15739.12576
9.8000 8 23456.64512
9.9000 8 26182.94272
10.0000 8 28038.92224
10.1000 8 30157.04576
10.2000 8 32233.22624
10.3000 8 28720.49664
10.4000 8 30817.64864
10.5000 8 26209.15712
10.6000 8 30345.78944
10.7000 8 30681.33376
10.8000 8 32390.51264
10.9000 8 38016.12288
11.0000 8 34796.99456
11.1000 8 33271.31648
11.2000 8 33103.54432
11.3000 8 30754.73408
11.4000 8 30219.96032
11.5000 8 34068.23424
11.6000 8 35892.75648
11.7000 8 29433.52832
11.8000 8 29617.02912
11.9000 8 27100.44672
12.0000 8 22780.3136
12.1000 8 19713.2288
12.2000 8 19975.3728
12.3000 8 19818.0864
12.4000 8 18869.12512
12.5000 8 14313.0624
12.6000 8 14113.83296
12.7000 8 12923.6992
12.8000 8 17846.76352
12.9000 8 20877.14816
13.0000 8 21244.14976
13.1000 8 21784.1664
13.2000 8 17458.7904
13.3000 8 21328.03584
13.4000 8 26120.02816
13.5000 8 24568.13568
13.6000 8 22628.27008
13.7000 8 28343.00928
13.8000 8 30010.24512
13.9000 8 31048.33536
14.0000 8 27100.44672
14.1000 8 26937.91744
14.2000 8 22318.94016
14.3000 8 20090.71616
14.4000 8 16237.19936
14.5000 8 9914.28608
14.6000 8 7811.8912
14.7000 8 7083.13088
