0.1000 8 0.0
0.2000 8 849.34656
0.3000 8 20300.43136
0.4000 8 30964.44928
0.5000 8 35452.35456
0.6000 8 33732.68992
0.7000 8 33921.4336
0.8000 8 36427.53024
0.9000 8 35546.7264
1.0000 8 36752.5888
1.1000 8 35955.67104
1.2000 8 35169.23904
1.3000 8 35316.03968
1.4000 8 31210.86464
1.5000 8 29506.92864
1.6000 8 30476.86144
1.7000 8 27839.6928
1.8000 8 29449.25696
1.9000 8 26895.9744
2.0000 8 24180.16256
2.1000 8 28741.46816
2.2000 8 36920.36096
2.3000 8 34734.08
2.4000 8 33465.30304
2.5000 8 32416.72704
2.6000 8 30665.60512
2.7000 8 23115.85792
2.8000 8 20919.0912
2.9000 8 20342.3744
3.0000 8 21223.17824
3.1000 8 23918.01856
3.2000 8 15309.2096
3.3000 8 15162.40896
3.4000 8 15508.43904
3.5000 8 19230.88384
3.6000 8 24007.14752
3.7000 8 19314.76992
3.8000 8 20468.20352
3.9000 8 26214.4
4.0000 8 31216.10752
4.1000 8 27650.94912
4.2000 8 25102.90944
4.3000 8 31635.53792
4.4000 8 34886.12352
4.5000 8 37271.63392
4.6000 8 35053.89568
4.7000 8 33444.33152
4.8000 8 33785.11872
4.9000 8 35882.27072
5.0000 8 38529.92512
5.1000 8 32563.52768
5.2000 8 34802.23744
5.3000 8 31410.09408
5.4000 8 27902.60736
5.5000 8 27640.46336
5.6000 8 29360.128
5.7000 8 28175.23712
5.8000 8 32893.82912
5.9000 8 42257.6128
6.0000 8 40721.44896
6.1000 8 30822.89152
6.2000 8 29014.09792
6.3000 8 27021.80352
6.4000 8 27095.20384
6.5000 8 21731.7376
6.6000 8 18591.25248
6.7000 8 18266.19392
6.8000 8 18014.53568
6.9000 8 13825.47456
7.0000 8 12834.57024
7.1000 8 16934.5024
7.2000 8 17831.03488
7.3000 8 17626.56256
7.4000 8 16803.4304
7.5000 8 18738.05312
7.6000 8 21149.77792
7.7000 8 27682.4064
7.8000 8 30786.19136
7.9000 8 30198.9888
8.0000 8 31792.82432
8.1000 8 35127.296
8.2000 8 34498.1504
8.3000 8 39007.0272
8.4000 8 32809.94304
8.5000 8 27126.66112
8.6000 8 28164.75136
8.7000 8 27336.37632
8.8000 8 25134.36672
8.9000 8 29339.15648
9.0000 8 30550.26176
9.1000 8 25952.256
9.2000 8 28122.80832
9.3000 8 28023.1936
9.4000 8 29748.10112
9.5000 8 30309.08928
9.6000 8 25480.3968
9.7000 8 28584.18176
9.8000 8 31546.40896
9.9000 8 30712.79104
10.0000 8 34697.37984
10.1000 8 33328.98816
10.2000 8 29485.95712
10.3000 8 32013.02528
10.4000 8 17332.96128
10.5000 8 1426.06336
10.6000 8 26251.10016
10.7000 8 24389.87776
10.8000 8 37958.4512
10.9000 8 37250.6624
11.0000 8 31708.93824
11.1000 8 35735.47008
11.2000 8 34728.83712
11.3000 8 28767.68256
11.4000 8 27572.30592
11.5000 8 25564.28288
11.6000 8 18486.39488
11.7000 8 26350.71488
11.8000 8 24741.15072
11.9000 8 18659.40992
12.0000 8 20866.6624
12.1000 8 28594.66752
12.2000 8 29077.01248
12.3000 8 28951.18336
12.4000 8 28631.36768
12.5000 8 14706.2784
12.6000 8 19723.71456
12.7000 8 25616.71168
12.8000 8 24253.56288
12.9000 8 24222.1056
13.0000 8 23225.9584
13.1000 8 18156.09344
13.2000 8 408.94464
13.3000 8 4016.04608
13.4000 8 30985.4208
13.5000 8 27509.39136
13.6000 8 26528.9728
13.7000 8 27462.20544
13.8000 8 25732.05504
13.9000 8 25406.99648
14.0000 8 21438.13632
14.1000 8 15843.98336
14.2000 8 21873.29536
14.3000 8 20604.5184
14.4000 8 13495.17312
14.5000 8 5227.15136
