0.1000 8 0.0
0.2000 8 1027.60448
0.3000 8 12530.4832
0.4000 8 39929.77408
0.5000 8 35966.1568
0.6000 8 40087.06048
0.7000 8 42603.64288
0.8000 8 42551.21408
0.9000 8 41250.97984
1.0000 8 43872.41984
1.1000 8 41722.83904
1.2000 8 44375.73632
1.3000 8 42372.95616
1.4000 8 39552.28672
1.5000 8 27960.27904
1.6000 8 22423.79776
1.7000 8 14444.1344
1.8000 8 17018.38848
1.9000 8 18014.53568
2.0000 8 17846.76352
2.1000 8 16279.1424
2.2000 8 14753.46432
2.3000 8 14659.09248
2.4000 8 14543.74912
2.5000 8 11151.60576
2.6000 8 17983.0784
2.7000 8 15996.02688
2.8000 8 17521.70496
2.9000 8 21170.74944
3.0000 8 22523.41248
3.1000 8 26340.22912
3.2000 8 32663.1424
3.3000 8 32652.65664
3.4000 8 31268.53632
3.5000 8 24347.93472
3.6000 8 31095.52128
3.7000 8 35578.18368
3.8000 8 35578.18368
3.9000 8 36626.75968
4.0000 8 27640.46336
4.1000 8 27892.1216
4.2000 8 28175.23712
4.3000 8 28007.46496
4.4000 8 28217.18016
4.5000 8 29008.85504
4.6000 8 28416.4096
4.7000 8 27032.28928
4.8000 8 30828.1344
4.9000 8 33680.26112
5.0000 8 41728.08192
5.1000 8 38844.49792
5.2000 8 33271.31648
5.3000 8 31971.08224
5.4000 8 30046.94528
5.5000 8 24856.49408
5.6000 8 22166.89664
5.7000 8 22497.19808
5.8000 8 20950.54848
5.9000 8 21700.28032
6.0000 8 22911.3856
6.1000 8 22077.76768
6.2000 8 18759.02464
6.3000 8 20289.9456
6.4000 8 21647.85152
6.5000 8 21202.20672
6.6000 8 24998.05184
6.7000 8 24253.56288
6.8000 8 24222.1056
6.9000 8 25522.33984
7.0000 8 33365.68832
7.1000 8 37575.72096
7.2000 8 39646.65856
7.3000 8 41041.26464
7.4000 8 35667.31264
7.5000 8 31630.29504
7.6000 8 32369.54112
7.7000 8 31971.08224
7.8000 8 33737.9328
7.9000 8 29035.06944
8.0000 8 31950.11072
8.1000 8 39426.4576
8.2000 8 39997.93152
8.3000 8 38168.1664
8.4000 8 39007.0272
8.5000 8 36862.68928
8.6000 8 31452.03712
8.7000 8 28369.22368
8.8000 8 24180.16256
8.9000 8 23398.97344
9.0000 8 18433.96608
9.1000 8 15754.8544
9.2000 8 11859.39456
9.3000 8 17049.84576
9.4000 8 16567.5008
9.5000 8 18570.28096
9.6000 8 26581.4016
9.7000 8 26759.65952
9.8000 8 35829.84192
9.9000 8 37979.42272
10.0000 8 36999.00416
10.1000 8 34875.63776
10.2000 8 27823.96416
10.3000 8 30786.19136
10.4000 8 36679.18848
10.5000 8 40129.00352
10.6000 8 39699.08736
10.7000 8 37093.376
10.8000 8 27546.09152
10.9000 8 28395.43808
11.0000 8 26046.62784
11.1000 8 26890.73152
11.2000 8 23876.07552
11.3000 8 21537.75104
11.4000 8 19052.62592
11.5000 8 29611.78624
11.6000 8 38954.5984
11.7000 8 24463.27808
11.8000 8 25239.22432
11.9000 8 26093.81376
12.0000 8 22712.15616
12.1000 8 22649.2416
12.2000 8 22921.87136
12.3000 8 21238.90688
12.4000 8 30429.67552
12.5000 8 36265.00096
12.6000 8 31310.47936
12.7000 8 32809.94304
12.8000 8 32752.27136
12.9000 8 26140.99968
13.0000 8 25249.71008
13.1000 8 25176.30976
13.2000 8 25417.48224
13.3000 8 25448.93952
13.4000 8 24935.13728
13.5000 8 20525.8752
13.6000 8 17946.37824
13.7000 8 15188.62336
13.8000 8 12949.9136
13.9000 8 12273.58208
14.0000 8 4367.31904
