0.1000 8 0.0
0.2000 8 859.83232
0.3000 8 52.4288
0.4000 8 32558.2848
0.5000 8 45225.08288
0.6000 8 26738.688
0.7000 8 12100.56704
0.8000 8 54117.00736
0.9000 8 44669.3376
1.0000 8 42404.41344
1.1000 8 14732.4928
1.2000 8 12037.65248
1.3000 8 50268.73344
1.4000 8 50646.2208
1.5000 8 47374.66368
1.6000 8 28783.4112
1.7000 8 23807.91808
1.8000 8 52177.14176
1.9000 8 41764.78208
2.0000 8 28059.89376
2.1000 8 12572.42624
2.2000 8 18040.75008
2.3000 8 13883.14624
2.4000 8 12640.58368
2.5000 8 13091.47136
2.6000 8 5295.3088
2.7000 8 9384.7552
2.8000 8 14973.66528
2.9000 8 7549.7472
3.0000 8 5798.62528
3.1000 8 1604.32128
3.2000 8 9971.95776
3.3000 8 11204.03456
3.4000 8 5819.5968
3.5000 8 272.62976
3.6000 8 272.62976
3.7000 8 545.25952
3.8000 8 167.77216
3.9000 8 251.65824
4.0000 8 167.77216
4.1000 8 262.144
4.2000 8 136.31488
4.3000 8 325.05856
4.4000 8 377.48736
4.5000 8 188.74368
4.6000 8 2726.2976
4.7000 8 15309.2096
4.8000 8 16022.24128
4.9000 8 8640.26624
5.0000 8 2778.7264
5.1000 8 0.0
5.2000 8 42268.09856
5.3000 8 49199.18592
5.4000 8 52932.11648
5.5000 8 33355.20256
5.6000 8 35578.18368
5.7000 8 52292.48512
5.8000 8 52355.39968
5.9000 8 46362.78784
6.0000 8 47542.43584
6.1000 8 45801.79968
6.2000 8 43605.03296
6.3000 8 44249.9072
6.4000 8 31368.15104
6.5000 8 29936.8448
6.6000 8 28909.24032
6.7000 8 16541.2864
6.8000 8 7591.69024
6.9000 8 7350.51776
7.0000 8 7717.51936
7.1000 8 7319.06048
7.2000 8 7371.48928
7.3000 8 7465.86112
7.4000 8 7450.13248
7.5000 8 7298.08896
7.6000 8 754.97472
7.7000 8 62.91456
7.8000 8 0.0
7.9000 8 73.40032
8.0000 8 0.0
8.1000 8 73.40032
8.2000 8 0.0
8.3000 8 52.4288
8.4000 8 0.0
8.5000 8 8524.92288
8.6000 8 15120.46592
8.7000 8 14973.66528
8.8000 8 19566.42816
8.9000 8 21695.03744
9.0000 8 22156.41088
9.1000 8 24641.536
9.2000 8 29339.15648
9.3000 8 32442.94144
9.4000 8 39667.63008
9.5000 8 44852.8384
9.6000 8 43327.16032
9.7000 8 42582.67136
9.8000 8 38681.96864
9.9000 8 30524.04736
10.0000 8 30586.96192
10.1000 8 27818.72128
10.2000 8 31247.5648
10.3000 8 36490.4448
10.4000 8 36212.57216
10.5000 8 32395.75552
10.6000 8 35709.25568
10.7000 8 26644.31616
10.8000 8 17983.0784
10.9000 8 18580.76672
11.0000 8 15791.55456
11.1000 8 16420.70016
11.2000 8 19776.14336
11.3000 8 25181.55264
11.4000 8 19513.99936
11.5000 8 14638.12096
11.6000 8 14543.74912
11.7000 8 14921.23648
11.8000 8 14769.19296
11.9000 8 11681.13664
12.0000 8 8079.27808
12.1000 8 3082.81344
12.2000 8 136.31488
12.3000 8 136.31488
12.4000 8 62.91456
12.5000 8 62.91456
12.6000 8 471.8592
12.7000 8 7434.40384
12.8000 8 7308.57472
12.9000 8 11827.93728
13.0000 8 13841.2032
13.1000 8 15393.09568
13.2000 8 23687.33184
13.3000 8 28437.38112
13.4000 8 34372.32128
13.5000 8 35200.69632
13.6000 8 35955.67104
13.7000 8 36254.5152
13.8000 8 33428.60288
13.9000 8 50048.53248
14.0000 8 43720.37632
14.1000 8 39290.14272
14.2000 8 39845.888
14.3000 8 36364.61568
14.4000 8 32348.5696
14.5000 8 32233.22624
14.6000 8 34131.1488
14.7000 8 33905.70496
14.8000 8 26293.0432
14.9000 8 19094.56896
15.0000 8 22355.64032
15.1000 8 19870.5152
15.2000 8 14375.97696
15.3000 8 14711.52128
15.4000 8 14554.23488
15.5000 8 14486.07744
15.6000 8 11293.16352
15.7000 8 7853.83424
15.8000 8 7748.97664
15.9000 8 7717.51936
16.0000 8 7381.97504
16.1000 8 4000.31744
16.2000 8 0.0
16.3000 8 0.0
16.4000 8 0.0
16.5000 8 0.0
16.6000 8 0.0
16.7000 8 0.0
16.8000 8 744.48896
16.9000 8 12740.1984
17.0000 8 14648.60672
17.1000 8 14271.11936
17.2000 8 14627.6352
17.3000 8 14617.14944
17.4000 8 17416.84736
17.5000 8 23718.78912
17.6000 8 30660.36224
17.7000 8 31499.22304
17.8000 8 26030.8992
17.9000 8 25716.3264
18.0000 8 22020.096
18.1000 8 29391.58528
18.2000 8 29318.18496
18.3000 8 29077.01248
18.4000 8 25580.01152
18.5000 8 20856.17664
18.6000 8 21044.92032
18.7000 8 20709.376
18.8000 8 20940.06272
18.9000 8 20719.86176
19.0000 8 20866.6624
19.1000 8 21207.4496
19.2000 8 13704.88832
19.3000 8 14386.46272
19.4000 8 13374.58688
19.5000 8 11974.73792
19.6000 8 17275.2896
19.7000 8 13946.0608
19.8000 8 10784.60416
19.9000 8 3035.62752
