1 1 0.0
2 1 4158.0
3 1 4479.0
4 1 6503.0
5 1 5929.0
6 1 4754.0
7 1 7000.0
8 1 4747.0
9 1 5427.0
10 1 6920.0
11 1 5990.0
12 1 6639.0
13 1 6217.0
14 1 5713.0
15 1 4689.0
16 1 6535.0
17 1 4198.0
18 1 4623.0
19 1 6649.0
20 1 4229.0
21 1 5764.0
22 1 4278.0
23 1 4845.0
24 1 7888.0
25 1 6183.0
26 1 5560.0
27 1 5767.0
28 1 5649.0
29 1 6494.0
30 1 5394.0
31 1 6548.0
32 1 4237.0
33 1 5736.0
34 1 6206.0
35 1 6340.0
36 1 6658.0
37 1 7207.0
38 1 7470.0
39 1 6277.0
40 1 6494.0
41 1 5689.0
42 1 7950.0
43 1 4985.0
44 1 4066.0
45 1 5733.0
46 1 4566.0
47 1 6111.0
48 1 4919.0
49 1 6003.0
50 1 7023.0
51 1 6952.0
52 1 6728.0
53 1 6748.0
54 1 5339.0
55 1 8034.0
56 1 4045.0
57 1 5099.0
58 1 7570.0
59 1 5755.0
60 1 5674.0
61 1 6766.0
62 1 6830.0
63 1 6417.0
64 1 5830.0
65 1 6752.0
66 1 7046.0
67 1 6925.0
68 1 6426.0
69 1 5937.0
70 1 7937.0
71 1 4223.0
72 1 4665.0
73 1 7503.0
74 1 6514.0
75 1 6326.0
76 1 5121.0
77 1 5704.0
78 1 5340.0
79 1 6706.0
80 1 8009.0
81 1 4476.0
82 1 4401.0
83 1 6481.0
84 1 5827.0
85 1 6090.0
86 1 7081.0
87 1 5172.0
88 1 4716.0
89 1 5533.0
90 1 4301.0
91 1 6037.0
92 1 6469.0
93 1 5542.0
94 1 5167.0
95 1 6369.0
96 1 5605.0
97 1 5738.0
98 1 6928.0
99 1 5415.0
100 1 4404.0
101 1 5060.0
102 1 3931.0
103 1 5837.0
104 1 4458.0
105 1 5581.0
106 1 4020.0
107 1 4687.0
108 1 5240.0
109 1 6182.0
110 1 6427.0
111 1 6525.0
112 1 5719.0
113 1 5712.0
114 1 7125.0
115 1 5140.0
116 1 4738.0
117 1 6320.0
118 1 4081.0
119 1 5380.0
120 1 4401.0
121 1 4974.0
122 1 4577.0
123 1 4307.0
124 1 4743.0
125 1 4852.0
126 1 6554.0
127 1 6099.0
128 1 6569.0
129 1 6349.0
130 1 5855.0
131 1 6326.0
132 1 6210.0
133 1 6759.0
134 1 6650.0
135 1 6570.0
136 1 5623.0
137 1 6419.0
138 1 6790.0
139 1 6606.0
140 1 4741.0
141 1 7622.0
142 1 6435.0
143 1 6550.0
144 1 6427.0
145 1 6359.0
146 1 7504.0
147 1 5645.0
148 1 3954.0
