1 1 0.0
2 1 6440.0
3 1 4273.0
4 1 6487.0
5 1 6689.0
6 1 4862.0
7 1 5638.0
8 1 7053.0
9 1 5397.0
10 1 4723.0
11 1 8235.0
12 1 5507.0
13 1 4381.0
14 1 6329.0
15 1 4569.0
16 1 5365.0
17 1 6773.0
18 1 4850.0
19 1 6198.0
20 1 6767.0
21 1 4862.0
22 1 4870.0
23 1 4949.0
24 1 6116.0
25 1 6112.0
26 1 5648.0
27 1 5102.0
28 1 6427.0
29 1 5563.0
30 1 4513.0
31 1 6509.0
32 1 4412.0
33 1 4996.0
34 1 6631.0
35 1 5020.0
36 1 5296.0
37 1 6704.0
38 1 4735.0
39 1 5737.0
40 1 3768.0
41 1 5201.0
42 1 6747.0
43 1 5285.0
44 1 4763.0
45 1 6702.0
46 1 4870.0
47 1 5620.0
48 1 6881.0
49 1 5605.0
50 1 5157.0
51 1 6703.0
52 1 4575.0
53 1 5431.0
54 1 6398.0
55 1 5630.0
56 1 5149.0
57 1 7132.0
58 1 5682.0
59 1 5576.0
60 1 6880.0
61 1 5563.0
62 1 4692.0
63 1 7418.0
64 1 5949.0
65 1 5650.0
66 1 5578.0
67 1 6961.0
68 1 5455.0
69 1 5512.0
70 1 7081.0
71 1 5489.0
72 1 4483.0
73 1 7236.0
74 1 5587.0
75 1 5329.0
76 1 5962.0
77 1 5032.0
78 1 4599.0
79 1 5119.0
80 1 4258.0
81 1 6716.0
82 1 5415.0
83 1 5435.0
84 1 6918.0
85 1 5103.0
86 1 5160.0
87 1 6321.0
88 1 5494.0
89 1 5283.0
90 1 6876.0
91 1 5616.0
92 1 5716.0
93 1 6450.0
94 1 6206.0
95 1 4932.0
96 1 6039.0
97 1 6550.0
98 1 5670.0
99 1 5564.0
100 1 6952.0
101 1 5492.0
102 1 5483.0
103 1 6612.0
104 1 5505.0
105 1 5802.0
106 1 6486.0
107 1 6120.0
108 1 5566.0
109 1 5480.0
110 1 5594.0
111 1 4431.0
112 1 6861.0
113 1 5764.0
114 1 4687.0
115 1 6198.0
116 1 5656.0
117 1 4999.0
118 1 6980.0
119 1 5711.0
120 1 5818.0
121 1 6018.0
122 1 6636.0
123 1 5582.0
124 1 5613.0
125 1 6813.0
126 1 5587.0
127 1 5650.0
128 1 6688.0
129 1 5508.0
130 1 4918.0
131 1 7103.0
132 1 5416.0
133 1 3968.0
134 1 7385.0
135 1 5217.0
136 1 4775.0
137 1 6251.0
138 1 5790.0
139 1 5196.0
140 1 6817.0
141 1 5065.0
142 1 5294.0
143 1 7196.0
144 1 5730.0
145 1 5737.0
146 1 6042.0
147 1 7060.0
148 1 5987.0
149 1 5798.0
150 1 6719.0
151 1 117.0
