1 1 0.0
2 1 4843.0
3 1 4307.0
4 1 7098.0
5 1 5010.0
6 1 4552.0
7 1 7580.0
8 1 4303.0
9 1 5290.0
10 1 6466.0
11 1 5249.0
12 1 5874.0
13 1 6037.0
14 1 5414.0
15 1 6090.0
16 1 6101.0
17 1 5289.0
18 1 5018.0
19 1 7309.0
20 1 5804.0
21 1 5408.0
22 1 7243.0
23 1 6933.0
24 1 5022.0
25 1 5208.0
26 1 7978.0
27 1 4794.0
28 1 6424.0
29 1 6502.0
30 1 4635.0
31 1 5560.0
32 1 5769.0
33 1 5431.0
34 1 5697.0
35 1 7330.0
36 1 6600.0
37 1 5337.0
38 1 5242.0
39 1 5856.0
40 1 4912.0
41 1 6410.0
42 1 6495.0
43 1 6765.0
44 1 6329.0
45 1 6183.0
46 1 7018.0
47 1 4941.0
48 1 5316.0
49 1 6714.0
50 1 5941.0
51 1 6507.0
52 1 6490.0
53 1 7863.0
54 1 6016.0
55 1 5993.0
56 1 5883.0
57 1 6491.0
58 1 4310.0
59 1 6392.0
60 1 5864.0
61 1 5673.0
62 1 5935.0
63 1 7043.0
64 1 4961.0
65 1 5314.0
66 1 8147.0
67 1 5666.0
68 1 5974.0
69 1 6586.0
70 1 7293.0
71 1 4938.0
72 1 4480.0
73 1 5010.0
74 1 4120.0
75 1 5393.0
76 1 4743.0
77 1 5904.0
78 1 5179.0
79 1 5850.0
80 1 6472.0
81 1 7938.0
82 1 5113.0
83 1 6614.0
84 1 6580.0
85 1 6370.0
86 1 4845.0
87 1 5896.0
88 1 7411.0
89 1 5437.0
90 1 5181.0
91 1 6572.0
92 1 6463.0
93 1 6020.0
94 1 6684.0
95 1 7008.0
96 1 6145.0
97 1 6499.0
98 1 5440.0
99 1 6354.0
100 1 6785.0
101 1 6457.0
102 1 6237.0
103 1 6512.0
104 1 4832.0
105 1 4857.0
106 1 5402.0
107 1 5121.0
108 1 6408.0
109 1 5476.0
110 1 5713.0
111 1 6230.0
112 1 5932.0
113 1 6863.0
114 1 5423.0
115 1 7539.0
116 1 6969.0
117 1 6633.0
118 1 6593.0
119 1 6526.0
120 1 7370.0
121 1 5816.0
122 1 5484.0
123 1 6133.0
124 1 5866.0
125 1 5791.0
126 1 6554.0
127 1 7560.0
128 1 5380.0
129 1 6707.0
130 1 6900.0
131 1 6777.0
132 1 6978.0
133 1 6646.0
134 1 6326.0
135 1 6641.0
136 1 6946.0
137 1 5318.0
138 1 6182.0
139 1 6348.0
140 1 6724.0
141 1 5244.0
142 1 5345.0
143 1 6398.0
144 1 2111.0
