1 1 0.0
2 1 7195.0
3 1 5617.0
4 1 5302.0
5 1 6491.0
6 1 6548.0
7 1 4717.0
8 1 6807.0
9 1 4636.0
10 1 4995.0
11 1 7177.0
12 1 5556.0
13 1 5815.0
14 1 6465.0
15 1 5915.0
16 1 5191.0
17 1 6071.0
18 1 4704.0
19 1 5842.0
20 1 6631.0
21 1 7366.0
22 1 6703.0
23 1 6222.0
24 1 5844.0
25 1 8217.0
26 1 6164.0
27 1 5712.0
28 1 5647.0
29 1 8242.0
30 1 7491.0
31 1 5278.0
32 1 6068.0
33 1 5911.0
34 1 4635.0
35 1 4957.0
36 1 6050.0
37 1 6753.0
38 1 6729.0
39 1 6261.0
40 1 6925.0
41 1 5179.0
42 1 6635.0
43 1 7011.0
44 1 7151.0
45 1 4768.0
46 1 5275.0
47 1 4919.0
48 1 5668.0
49 1 6573.0
50 1 7218.0
51 1 4925.0
52 1 5045.0
53 1 6955.0
54 1 5971.0
55 1 5596.0
56 1 7219.0
57 1 4628.0
58 1 5427.0
59 1 7098.0
60 1 5934.0
61 1 5670.0
62 1 5613.0
63 1 8000.0
64 1 4815.0
65 1 4857.0
66 1 6594.0
67 1 4930.0
68 1 5686.0
69 1 6727.0
70 1 5580.0
71 1 6966.0
72 1 6492.0
73 1 7821.0
74 1 5686.0
75 1 5857.0
76 1 6357.0
77 1 6230.0
78 1 6594.0
79 1 5976.0
80 1 6743.0
81 1 6685.0
82 1 6286.0
83 1 5369.0
84 1 7156.0
85 1 5970.0
86 1 6653.0
87 1 6937.0
88 1 6200.0
89 1 6042.0
90 1 5722.0
91 1 6697.0
92 1 7301.0
93 1 6027.0
94 1 6111.0
95 1 5752.0
96 1 7874.0
97 1 7155.0
98 1 5850.0
99 1 5808.0
100 1 6948.0
101 1 5460.0
102 1 6062.0
103 1 5661.0
104 1 7106.0
105 1 6618.0
106 1 6460.0
107 1 5578.0
108 1 7746.0
109 1 6488.0
110 1 6831.0
111 1 6144.0
112 1 7147.0
113 1 6927.0
114 1 6954.0
115 1 5492.0
116 1 6393.0
117 1 6322.0
118 1 6485.0
119 1 6848.0
120 1 6096.0
121 1 7686.0
122 1 5220.0
123 1 6203.0
124 1 6666.0
125 1 5575.0
126 1 5423.0
127 1 6182.0
128 1 5981.0
129 1 6370.0
130 1 7132.0
131 1 6716.0
132 1 7870.0
133 1 6515.0
134 1 5646.0
135 1 5459.0
136 1 7681.0
137 1 6936.0
138 1 5788.0
139 1 5107.0
