1 8 0.0
2 8 24547.0
3 8 30608.0
4 8 12051.0
5 8 18469.0
6 8 29717.0
7 8 18471.0
8 8 15505.0
9 8 13274.0
10 8 10686.0
11 8 15030.0
12 8 18768.0
13 8 16521.0
14 8 23901.0
15 8 19683.0
16 8 21057.0
17 8 18727.0
18 8 22757.0
19 8 18975.0
20 8 19640.0
21 8 19187.0
22 8 20489.0
23 8 17358.0
24 8 20501.0
25 8 16451.0
26 8 20182.0
27 8 23294.0
28 8 18450.0
29 8 14622.0
30 8 17342.0
31 8 17562.0
32 8 20880.0
33 8 15386.0
34 8 16855.0
35 8 16662.0
36 8 18275.0
37 8 20014.0
38 8 15765.0
39 8 15953.0
40 8 21908.0
41 8 15607.0
42 8 15210.0
43 8 17073.0
44 8 23113.0
45 8 18733.0
46 8 18529.0
47 8 14122.0
