1 8 0.0
2 8 25440.0
3 8 29816.0
4 8 14101.0
5 8 25282.0
6 8 13650.0
7 8 17338.0
8 8 19367.0
9 8 21964.0
10 8 23644.0
11 8 20555.0
12 8 13382.0
13 8 13186.0
14 8 12338.0
15 8 14070.0
16 8 13387.0
17 8 17827.0
18 8 22348.0
19 8 22642.0
20 8 21608.0
21 8 21592.0
22 8 21137.0
23 8 19350.0
24 8 19792.0
25 8 17064.0
26 8 19598.0
27 8 16739.0
28 8 18102.0
29 8 17310.0
30 8 16464.0
31 8 17089.0
32 8 19629.0
33 8 15746.0
34 8 15457.0
35 8 13812.0
36 8 18559.0
37 8 13597.0
38 8 16444.0
39 8 18011.0
40 8 16983.0
41 8 18253.0
42 8 17208.0
43 8 15831.0
44 8 16565.0
45 8 15318.0
46 8 15690.0
47 8 17932.0
48 8 18620.0
49 8 8100.0
