1 8 0.0
2 8 25345.0
3 8 26581.0
4 8 11842.0
5 8 19184.0
6 8 30286.0
7 8 18526.0
8 8 16415.0
9 8 16985.0
10 8 16390.0
11 8 14762.0
12 8 12256.0
13 8 17011.0
14 8 22852.0
15 8 22592.0
16 8 18076.0
17 8 15959.0
18 8 13957.0
19 8 14006.0
20 8 15450.0
21 8 15906.0
22 8 18357.0
23 8 17712.0
24 8 15814.0
25 8 23208.0
26 8 18074.0
27 8 14752.0
28 8 12917.0
29 8 14674.0
30 8 18015.0
31 8 19411.0
32 8 19009.0
33 8 18652.0
34 8 12710.0
35 8 16324.0
36 8 15873.0
37 8 18486.0
38 8 19313.0
39 8 14250.0
40 8 14935.0
41 8 16205.0
42 8 18167.0
43 8 18853.0
44 8 18489.0
45 8 17857.0
46 8 21673.0
47 8 20879.0
48 8 18256.0
49 8 18475.0
50 8 2285.0
