1 8 0.0
2 8 25435.0
3 8 27761.0
4 8 14586.0
5 8 22524.0
6 8 21964.0
7 8 19886.0
8 8 18600.0
9 8 14058.0
10 8 9526.0
11 8 15961.0
12 8 15146.0
13 8 12178.0
14 8 13063.0
15 8 13579.0
16 8 14821.0
17 8 18774.0
18 8 22110.0
19 8 19823.0
20 8 21647.0
21 8 18356.0
22 8 16488.0
23 8 20603.0
24 8 15874.0
25 8 18958.0
26 8 17192.0
27 8 17711.0
28 8 14809.0
29 8 17262.0
30 8 17753.0
31 8 17038.0
32 8 16169.0
33 8 14093.0
34 8 14884.0
35 8 14566.0
36 8 15597.0
37 8 17936.0
38 8 20665.0
39 8 15213.0
40 8 15232.0
41 8 18393.0
42 8 16876.0
43 8 15935.0
44 8 18756.0
45 8 20262.0
46 8 20385.0
47 8 17611.0
48 8 17925.0
49 8 20784.0
50 8 11605.0
51 8 1572.0
