1 8 0.0
2 8 25252.0
3 8 28415.0
4 8 11441.0
5 8 12608.0
6 8 17692.0
7 8 18049.0
8 8 13261.0
9 8 19317.0
10 8 20543.0
11 8 17090.0
12 8 17504.0
13 8 11594.0
14 8 12410.0
15 8 13485.0
16 8 14736.0
17 8 14411.0
18 8 15568.0
19 8 12996.0
20 8 20122.0
21 8 20413.0
22 8 14589.0
23 8 16493.0
24 8 12681.0
25 8 13218.0
26 8 19477.0
27 8 15532.0
28 8 13897.0
29 8 12868.0
30 8 16657.0
31 8 19105.0
32 8 17198.0
33 8 16474.0
34 8 20110.0
35 8 19282.0
36 8 14625.0
37 8 15440.0
38 8 17205.0
39 8 17073.0
40 8 13521.0
41 8 15224.0
42 8 17478.0
43 8 17187.0
44 8 16708.0
45 8 16603.0
46 8 13854.0
47 8 21040.0
48 8 19475.0
49 8 15808.0
50 8 15882.0
51 8 15287.0
52 8 17138.0
53 8 11790.0
54 8 2068.0
