1 8 0.0
2 8 18558.0
3 8 16595.0
4 8 13530.0
5 8 11735.0
6 8 18032.0
7 8 21637.0
8 8 15205.0
9 8 12744.0
10 8 15720.0
11 8 26940.0
12 8 31869.0
13 8 14227.0
14 8 17339.0
15 8 22057.0
16 8 14974.0
17 8 20871.0
18 8 15659.0
19 8 17729.0
20 8 16672.0
21 8 18700.0
22 8 17079.0
23 8 19428.0
24 8 13928.0
25 8 18126.0
26 8 17524.0
27 8 14583.0
28 8 14115.0
29 8 16899.0
30 8 15137.0
31 8 14802.0
32 8 18901.0
33 8 19828.0
34 8 15703.0
35 8 13701.0
36 8 15679.0
37 8 16083.0
38 8 15694.0
39 8 14520.0
40 8 16360.0
41 8 16623.0
42 8 13819.0
43 8 16406.0
44 8 14339.0
45 8 17831.0
46 8 14951.0
47 8 15237.0
48 8 15541.0
49 8 15021.0
50 8 15344.0
51 8 15904.0
52 8 16343.0
53 8 1798.0
