1 8 0.0
2 8 27843.0
3 8 18190.0
4 8 13504.0
5 8 22365.0
6 8 25992.0
7 8 13596.0
8 8 15495.0
9 8 25098.0
10 8 20835.0
11 8 12942.0
12 8 21440.0
13 8 17999.0
14 8 18147.0
15 8 13971.0
16 8 15631.0
17 8 12204.0
18 8 12633.0
19 8 14774.0
20 8 19066.0
21 8 18714.0
22 8 16027.0
23 8 15499.0
24 8 19604.0
25 8 17350.0
26 8 14923.0
27 8 14888.0
28 8 16154.0
29 8 14888.0
30 8 16160.0
31 8 18114.0
32 8 18691.0
33 8 16388.0
34 8 19949.0
35 8 13522.0
36 8 16897.0
37 8 15191.0
38 8 14136.0
39 8 19566.0
40 8 15673.0
41 8 15674.0
42 8 16842.0
43 8 18713.0
44 8 16481.0
45 8 16817.0
46 8 13588.0
47 8 14015.0
48 8 18092.0
49 8 13333.0
50 8 16700.0
51 8 16107.0
52 8 7562.0
