1 4 0.0
2 4 1318.0
3 4 12315.0
4 4 12480.0
5 4 12576.0
6 4 11443.0
7 4 12383.0
8 4 12434.0
9 4 11547.0
10 4 11763.0
11 4 12458.0
12 4 12507.0
13 4 12629.0
14 4 12616.0
15 4 12505.0
16 4 11424.0
17 4 12225.0
18 4 11031.0
19 4 10254.0
20 4 10402.0
21 4 10427.0
22 4 11418.0
23 4 12639.0
24 4 12632.0
25 4 12469.0
26 4 12699.0
27 4 12579.0
28 4 12707.0
29 4 12821.0
30 4 12432.0
31 4 12421.0
32 4 12106.0
33 4 12503.0
34 4 12009.0
35 4 11805.0
36 4 12081.0
37 4 12242.0
38 4 12726.0
39 4 12589.0
40 4 12491.0
41 4 12559.0
42 4 11671.0
43 4 11002.0
44 4 11011.0
45 4 8889.0
46 4 9510.0
47 4 10058.0
48 4 11020.0
49 4 11056.0
50 4 12173.0
51 4 11446.0
52 4 12656.0
53 4 11611.0
54 4 12328.0
55 4 11216.0
56 4 12091.0
57 4 11388.0
58 4 11196.0
59 4 11175.0
60 4 11916.0
61 4 11995.0
62 4 12096.0
63 4 12295.0
64 4 11727.0
65 4 12362.0
66 4 12117.0
67 4 12153.0
68 4 12268.0
69 4 11801.0
70 4 10528.0
71 4 7785.0
72 4 3526.0
