1 4 0.0
2 4 1233.0
3 4 12365.0
4 4 12857.0
5 4 11973.0
6 4 11728.0
7 4 12323.0
8 4 12323.0
9 4 10378.0
10 4 11249.0
11 4 11795.0
12 4 11316.0
13 4 9787.0
14 4 10922.0
15 4 10153.0
16 4 13627.0
17 4 11456.0
18 4 12434.0
19 4 12691.0
20 4 12674.0
21 4 12809.0
22 4 12644.0
23 4 12047.0
24 4 12402.0
25 4 12473.0
26 4 12616.0
27 4 12356.0
28 4 12519.0
29 4 12717.0
30 4 12194.0
31 4 12783.0
32 4 12781.0
33 4 12499.0
34 4 12678.0
35 4 11281.0
36 4 12590.0
37 4 12538.0
38 4 10290.0
39 4 8042.0
40 4 8692.0
41 4 10238.0
42 4 9871.0
43 4 11093.0
44 4 12903.0
45 4 12818.0
46 4 12382.0
47 4 12778.0
48 4 12807.0
49 4 12507.0
50 4 12417.0
51 4 12501.0
52 4 12874.0
53 4 12531.0
54 4 12441.0
55 4 12248.0
56 4 11993.0
57 4 11959.0
58 4 11808.0
59 4 12235.0
60 4 12204.0
61 4 12344.0
62 4 12404.0
63 4 12576.0
64 4 12424.0
65 4 12445.0
66 4 9552.0
67 4 9411.0
68 4 9698.0
69 4 10412.0
70 4 9702.0
71 4 7238.0
72 4 4249.0
73 4 1497.0
