1 4 0.0
2 4 1290.0
3 4 12137.0
4 4 12557.0
5 4 12228.0
6 4 11711.0
7 4 12689.0
8 4 12574.0
9 4 8957.0
10 4 9933.0
11 4 11500.0
12 4 10342.0
13 4 11875.0
14 4 10550.0
15 4 12203.0
16 4 9808.0
17 4 11989.0
18 4 11078.0
19 4 12451.0
20 4 12231.0
21 4 12370.0
22 4 12545.0
23 4 12489.0
24 4 12482.0
25 4 12424.0
26 4 12378.0
27 4 12384.0
28 4 12615.0
29 4 12561.0
30 4 12605.0
31 4 12471.0
32 4 12752.0
33 4 12619.0
34 4 12675.0
35 4 12081.0
36 4 11171.0
37 4 11800.0
38 4 10714.0
39 4 12607.0
40 4 11951.0
41 4 10524.0
42 4 9388.0
43 4 9580.0
44 4 12216.0
45 4 12493.0
46 4 12787.0
47 4 12642.0
48 4 12426.0
49 4 12438.0
50 4 12200.0
51 4 12254.0
52 4 12954.0
53 4 12979.0
54 4 11133.0
55 4 8865.0
56 4 11372.0
57 4 11869.0
58 4 8814.0
59 4 11034.0
60 4 11944.0
61 4 12243.0
62 4 12041.0
63 4 10289.0
64 4 12096.0
65 4 11465.0
66 4 12102.0
67 4 10829.0
68 4 12154.0
69 4 11203.0
70 4 9840.0
71 4 10981.0
72 4 5924.0
73 4 3806.0
