0.1000 2 0.0
0.2000 2 12299.79648
0.3000 2 8462.00832
0.4000 2 13610.51648
0.5000 2 12708.74112
0.6000 2 11670.65088
0.7000 2 11345.59232
0.8000 2 14438.89152
0.9000 2 13243.51488
1.0000 2 11387.53536
1.1000 2 11324.6208
1.2000 2 14313.0624
1.3000 2 13337.88672
1.4000 2 11429.4784
1.5000 2 11051.99104
1.6000 2 14229.17632
1.7000 2 13044.28544
1.8000 2 11282.67776
1.9000 2 11083.44832
2.0000 2 14533.26336
2.1000 2 13065.25696
2.2000 2 10947.13344
2.3000 2 11492.39296
2.4000 2 12383.68256
2.5000 2 11953.7664
2.6000 2 11293.16352
2.7000 2 11188.30592
2.8000 2 12278.82496
2.9000 2 11366.56384
3.0000 2 7906.26304
3.1000 2 11660.16512
3.2000 2 12289.31072
3.3000 2 10632.56064
3.4000 2 12499.02592
3.5000 2 11995.70944
3.6000 2 11051.99104
3.7000 2 10842.27584
3.8000 2 13138.65728
3.9000 2 11251.22048
4.0000 2 10244.58752
4.1000 2 9919.52896
4.2000 2 62.91456
4.3000 2 10737.41824
4.4000 2 14375.97696
4.5000 2 10611.58912
4.6000 2 7895.77728
4.7000 2 14984.15104
4.8000 2 7539.26144
4.9000 2 7843.34848
5.0000 2 15969.81248
5.1000 2 10705.96096
5.2000 2 10863.24736
5.3000 2 12981.37088
5.4000 2 12572.42624
5.5000 2 10611.58912
5.6000 2 12761.16992
5.7000 2 10223.616
5.8000 2 15697.18272
5.9000 2 10789.84704
6.0000 2 11618.22208
6.1000 2 5767.168
6.2000 2 734.0032
6.3000 2 2401.23904
6.4000 2 2097.152
6.5000 2 964.68992
6.6000 2 12257.85344
6.7000 2 12981.37088
6.8000 2 10936.64768
6.9000 2 13274.97216
7.0000 2 12614.36928
7.1000 2 13337.88672
7.2000 2 11534.336
7.3000 2 12624.85504
7.4000 2 13107.2
7.5000 2 13526.6304
7.6000 2 12467.56864
7.7000 2 11691.6224
7.8000 2 11439.96416
7.9000 2 15319.69536
8.0000 2 12373.1968
8.1000 2 11744.0512
8.2000 2 12037.65248
8.3000 2 13788.7744
8.4000 2 11775.50848
8.5000 2 11712.59392
8.6000 2 12855.54176
8.7000 2 13589.54496
8.8000 2 12866.02752
8.9000 2 10915.67616
9.0000 2 12918.45632
9.1000 2 12708.74112
9.2000 2 11481.9072
9.3000 2 11135.87712
9.4000 2 13474.2016
9.5000 2 13841.2032
9.6000 2 10684.98944
9.7000 2 10978.59072
9.8000 2 13914.60352
9.9000 2 11838.42304
10.0000 2 10831.79008
10.1000 2 12048.13824
10.2000 2 14313.0624
10.3000 2 10705.96096
10.4000 2 10118.7584
10.5000 2 13505.65888
10.6000 2 12656.31232
10.7000 2 11093.93408
10.8000 2 11618.22208
10.9000 2 14763.95008
11.0000 2 11146.36288
11.1000 2 10160.70144
11.2000 2 13023.31392
11.3000 2 12834.57024
11.4000 2 10601.10336
11.5000 2 11272.192
11.6000 2 13788.7744
11.7000 2 11114.9056
11.8000 2 10684.98944
11.9000 2 12939.42784
12.0000 2 12478.0544
12.1000 2 10517.21728
12.2000 2 10978.59072
12.3000 2 10968.10496
12.4000 2 11785.99424
12.5000 2 12425.6256
12.6000 2 10884.21888
12.7000 2 12383.68256
12.8000 2 12981.37088
12.9000 2 8745.12384
13.0000 2 11670.65088
13.1000 2 11114.9056
13.2000 2 10391.38816
13.3000 2 12404.65408
13.4000 2 13537.11616
13.5000 2 11303.64928
13.6000 2 9489.6128
13.7000 2 14480.83456
13.8000 2 8441.0368
13.9000 2 5379.19488
14.0000 2 14659.09248
14.1000 2 8032.09216
14.2000 2 14449.37728
14.3000 2 11429.4784
14.4000 2 8420.06528
14.5000 2 13662.94528
14.6000 2 10548.67456
14.7000 2 9479.12704
14.8000 2 13254.00064
14.9000 2 13453.23008
15.0000 2 11146.36288
15.1000 2 11775.50848
15.2000 2 12519.99744
15.3000 2 14166.26176
15.4000 2 11775.50848
15.5000 2 12341.73952
15.6000 2 12855.54176
15.7000 2 13841.2032
15.8000 2 11985.22368
15.9000 2 11691.6224
16.0000 2 13778.28864
16.1000 2 13526.6304
16.2000 2 12383.68256
16.3000 2 11272.192
16.4000 2 13149.14304
16.5000 2 14071.88992
16.6000 2 12289.31072
16.7000 2 11366.56384
16.8000 2 12970.88512
16.9000 2 13998.4896
17.0000 2 12614.36928
17.1000 2 11398.02112
17.2000 2 12446.59712
17.3000 2 14103.3472
17.4000 2 13170.11456
17.5000 2 11460.93568
17.6000 2 11775.50848
17.7000 2 14491.32032
17.8000 2 12855.54176
17.9000 2 11565.79328
18.0000 2 11387.53536
18.1000 2 14606.66368
18.2000 2 12949.9136
18.3000 2 11293.16352
18.4000 2 11513.36448
18.5000 2 14501.80608
18.6000 2 12897.4848
18.7000 2 11597.25056
18.8000 2 11649.67936
18.9000 2 14176.74752
19.0000 2 13526.6304
19.1000 2 11534.336
19.2000 2 11125.39136
19.3000 2 13883.14624
19.4000 2 13799.26016
19.5000 2 11261.70624
19.6000 2 11114.9056
19.7000 2 13893.632
19.8000 2 13537.11616
19.9000 2 10957.6192
20.0000 2 10989.07648
20.1000 2 13222.54336
20.2000 2 12048.13824
20.3000 2 10506.73152
20.4000 2 12572.42624
20.5000 2 12268.3392
20.6000 2 10286.53056
20.7000 2 12635.3408
20.8000 2 10601.10336
20.9000 2 12897.4848
21.0000 2 12635.3408
21.1000 2 10244.58752
21.2000 2 11146.36288
21.3000 2 13180.60032
21.4000 2 9930.01472
21.5000 2 10055.84384
21.6000 2 13967.03232
21.7000 2 8975.81056
21.8000 2 11272.192
21.9000 2 14533.26336
22.0000 2 12939.42784
22.1000 2 11534.336
22.2000 2 11859.39456
22.3000 2 13925.08928
22.4000 2 13086.22848
22.5000 2 11744.0512
22.6000 2 12310.28224
22.7000 2 13117.68576
22.8000 2 13851.68896
22.9000 2 11586.7648
23.0000 2 12027.16672
23.1000 2 12761.16992
23.2000 2 13862.17472
23.3000 2 11555.30752
23.4000 2 11880.36608
23.5000 2 12666.79808
23.6000 2 12918.45632
23.7000 2 10601.10336
23.8000 2 11785.99424
23.9000 2 13002.3424
24.0000 2 6459.22816
24.1000 2 9269.41184
24.2000 2 14271.11936
24.3000 2 12121.53856
24.4000 2 11261.70624
24.5000 2 12425.6256
24.6000 2 8178.8928
24.7000 2 12907.97056
24.8000 2 12614.36928
24.9000 2 10380.9024
25.0000 2 12215.9104
25.1000 2 12037.65248
25.2000 2 11576.27904
25.3000 2 11618.22208
25.4000 2 11387.53536
25.5000 2 12488.54016
25.6000 2 11806.96576
25.7000 2 11408.50688
25.8000 2 10454.30272
25.9000 2 13254.00064
26.0000 2 11544.82176
26.1000 2 9678.35648
26.2000 2 13044.28544
26.3000 2 11272.192
26.4000 2 12341.73952
26.5000 2 9919.52896
26.6000 2 12886.99904
26.7000 2 10580.13184
26.8000 2 11607.73632
26.9000 2 13484.68736
27.0000 2 12268.3392
27.1000 2 10779.36128
27.2000 2 12970.88512
27.3000 2 11702.10816
27.4000 2 11051.99104
27.5000 2 12792.6272
27.6000 2 11072.96256
27.7000 2 12771.65568
27.8000 2 11471.42144
27.9000 2 11796.48
28.0000 2 11785.99424
28.1000 2 11943.28064
28.2000 2 12928.94208
28.3000 2 11272.192
28.4000 2 13012.82816
28.5000 2 12677.28384
28.6000 2 13044.28544
28.7000 2 11251.22048
28.8000 2 13012.82816
28.9000 2 12740.1984
29.0000 2 13327.40096
29.1000 2 11450.44992
29.2000 2 13295.94368
29.3000 2 12331.25376
29.4000 2 12593.39776
29.5000 2 12907.97056
29.6000 2 11974.73792
29.7000 2 8462.00832
29.8000 2 6039.79776
29.9000 2 880.80384
30.0000 2 1059.06176
30.1000 2 0.0
30.2000 2 13600.03072
30.3000 2 13117.68576
30.4000 2 13484.68736
30.5000 2 9950.98624
30.6000 2 702.54592
30.7000 2 272.62976
30.8000 2 14208.2048
30.9000 2 6805.25824
31.0000 2 14113.83296
31.1000 2 18381.53728
31.2000 2 11943.28064
31.3000 2 6731.85792
31.4000 2 6710.8864
31.5000 2 12824.08448
31.6000 2 12373.1968
31.7000 2 13579.0592
31.8000 2 10747.904
31.9000 2 10842.27584
32.0000 2 13170.11456
32.1000 2 11723.07968
32.2000 2 10338.95936
32.3000 2 13306.42944
32.4000 2 13568.57344
32.5000 2 11471.42144
32.6000 2 10705.96096
32.7000 2 14103.3472
32.8000 2 12184.45312
32.9000 2 11177.82016
33.0000 2 11261.70624
33.1000 2 13201.57184
33.2000 2 11408.50688
33.3000 2 11460.93568
33.4000 2 9720.29952
33.5000 2 15319.69536
33.6000 2 11618.22208
33.7000 2 11806.96576
33.8000 2 14564.72064
33.9000 2 3135.24224
34.0000 2 3690.98752
34.1000 2 7361.00352
34.2000 2 14774.43584
34.3000 2 11188.30592
34.4000 2 13327.40096
34.5000 2 11031.01952
34.6000 2 12645.82656
34.7000 2 11785.99424
34.8000 2 10276.0448
34.9000 2 13799.26016
35.0000 2 10684.98944
35.1000 2 12666.79808
35.2000 2 10422.84544
35.3000 2 12499.02592
35.4000 2 12446.59712
35.5000 2 10338.95936
35.6000 2 11188.30592
35.7000 2 13254.00064
35.8000 2 9112.12544
35.9000 2 8430.55104
36.0000 2 4970.25024
