0.1000 2 0.0
0.2000 2 12404.65408
0.3000 2 9510.58432
0.4000 2 12142.51008
0.5000 2 12855.54176
0.6000 2 10601.10336
0.7000 2 12058.624
0.8000 2 12561.94048
0.9000 2 11335.10656
1.0000 2 10999.56224
1.1000 2 12509.51168
1.2000 2 12792.6272
1.3000 2 10297.01632
1.4000 2 12614.36928
1.5000 2 12100.56704
1.6000 2 10758.38976
1.7000 2 11859.39456
1.8000 2 11639.1936
1.9000 2 11723.07968
2.0000 2 11335.10656
2.1000 2 12845.056
2.2000 2 12656.31232
2.3000 2 10297.01632
2.4000 2 12394.16832
2.5000 2 11985.22368
2.6000 2 10622.07488
2.7000 2 12048.13824
2.8000 2 11712.59392
2.9000 2 12499.02592
3.0000 2 10747.904
3.1000 2 12478.0544
3.2000 2 12530.4832
3.3000 2 12551.45472
3.4000 2 12394.16832
3.5000 2 13390.31552
3.6000 2 13191.08608
3.7000 2 12708.74112
3.8000 2 11817.45152
3.9000 2 12866.02752
4.0000 2 12194.93888
4.1000 2 11314.13504
4.2000 2 12037.65248
4.3000 2 11041.50528
4.4000 2 12425.6256
4.5000 2 10789.84704
4.6000 2 11922.30912
4.7000 2 12582.912
4.8000 2 10391.38816
4.9000 2 12425.6256
5.0000 2 11502.87872
5.1000 2 11230.24896
5.2000 2 12813.59872
5.3000 2 10800.3328
5.4000 2 12729.71264
5.5000 2 11733.56544
5.6000 2 11450.44992
5.7000 2 11544.82176
5.8000 2 11523.85024
5.9000 2 12519.99744
6.0000 2 10548.67456
6.1000 2 12960.39936
6.2000 2 12834.57024
6.3000 2 11481.9072
6.4000 2 11702.10816
6.5000 2 13799.26016
6.6000 2 13463.71584
6.7000 2 12226.39616
6.8000 2 12163.4816
6.9000 2 13736.3456
7.0000 2 12069.10976
7.1000 2 13788.7744
7.2000 2 11995.70944
7.3000 2 13379.82976
7.4000 2 10810.81856
7.5000 2 12687.7696
7.6000 2 11523.85024
7.7000 2 11890.85184
7.8000 2 12960.39936
7.9000 2 10538.1888
8.0000 2 12792.6272
8.1000 2 11869.88032
8.2000 2 11335.10656
8.3000 2 11282.67776
8.4000 2 12278.82496
8.5000 2 12268.3392
8.6000 2 10496.24576
8.7000 2 12488.54016
8.8000 2 12729.71264
8.9000 2 10653.53216
9.0000 2 11691.6224
9.1000 2 12918.45632
9.2000 2 11177.82016
9.3000 2 10422.84544
9.4000 2 12960.39936
9.5000 2 11188.30592
9.6000 2 10076.81536
9.7000 2 13033.79968
9.8000 2 12257.85344
9.9000 2 10139.72992
10.0000 2 11618.22208
10.1000 2 13830.71744
10.2000 2 10328.4736
10.3000 2 10485.76
10.4000 2 14113.83296
10.5000 2 11072.96256
10.6000 2 10370.41664
10.7000 2 13012.82816
10.8000 2 12478.0544
10.9000 2 9615.44192
11.0000 2 11408.50688
11.1000 2 13432.25856
11.2000 2 10097.78688
11.3000 2 10852.7616
11.4000 2 13925.08928
11.5000 2 10506.73152
11.6000 2 10443.81696
11.7000 2 14145.29024
11.8000 2 10747.904
11.9000 2 9542.0416
12.0000 2 13096.71424
12.1000 2 11785.99424
12.2000 2 9730.78528
12.3000 2 12079.59552
12.4000 2 12341.73952
12.5000 2 8881.43872
12.6000 2 12299.79648
12.7000 2 10905.1904
12.8000 2 8608.80896
12.9000 2 13935.57504
13.0000 2 9699.328
13.1000 2 9521.07008
13.2000 2 13841.2032
13.3000 2 11010.048
13.4000 2 10276.0448
13.5000 2 12666.79808
13.6000 2 12425.6256
13.7000 2 10213.13024
13.8000 2 11429.4784
13.9000 2 13872.66048
14.0000 2 10045.35808
14.1000 2 10548.67456
14.2000 2 13505.65888
14.3000 2 11114.9056
14.4000 2 10171.1872
14.5000 2 13925.08928
14.6000 2 11083.44832
14.7000 2 10087.30112
14.8000 2 12373.1968
14.9000 2 12897.4848
15.0000 2 10097.78688
15.1000 2 11272.192
15.2000 2 13851.68896
15.3000 2 9667.87072
15.4000 2 10905.1904
15.5000 2 13411.28704
15.6000 2 10936.64768
15.7000 2 11020.53376
15.8000 2 13054.7712
15.9000 2 12624.85504
16.0000 2 10422.84544
16.1000 2 11911.82336
16.2000 2 12949.9136
16.3000 2 10496.24576
16.4000 2 10810.81856
16.5000 2 13033.79968
16.6000 2 11471.42144
16.7000 2 10464.78848
16.8000 2 12949.9136
16.9000 2 12719.22688
17.0000 2 10716.44672
17.1000 2 11051.99104
17.2000 2 14292.09088
17.3000 2 11628.70784
17.4000 2 10139.72992
17.5000 2 11859.39456
17.6000 2 11922.30912
17.7000 2 7644.11904
17.8000 2 13600.03072
17.9000 2 6123.68384
18.0000 2 12677.28384
18.1000 2 12457.08288
18.2000 2 14229.17632
18.3000 2 12624.85504
18.4000 2 10527.70304
18.5000 2 13725.85984
18.6000 2 10349.44512
18.7000 2 8084.52096
18.8000 2 14680.064
18.9000 2 5389.68064
19.0000 2 7958.69184
19.1000 2 5389.68064
19.2000 2 3680.50176
19.3000 2 13600.03072
19.4000 2 13725.85984
19.5000 2 7371.48928
19.6000 2 7319.06048
19.7000 2 1740.63616
19.8000 2 125.82912
19.9000 2 5494.53824
20.0000 2 9615.44192
20.1000 2 16420.70016
20.2000 2 15508.43904
20.3000 2 12173.96736
20.4000 2 12278.82496
20.5000 2 12488.54016
20.6000 2 10139.72992
20.7000 2 11702.10816
20.8000 2 12394.16832
20.9000 2 8074.0352
21.0000 2 13002.3424
21.1000 2 9112.12544
21.2000 2 5494.53824
21.3000 2 8503.95136
21.4000 2 985.66144
21.5000 2 136.31488
21.6000 2 3649.04448
21.7000 2 8231.3216
21.8000 2 10873.73312
21.9000 2 16997.41696
22.0000 2 11733.56544
22.1000 2 10328.4736
22.2000 2 15644.75392
22.3000 2 10538.1888
22.4000 2 12687.7696
22.5000 2 12561.94048
22.6000 2 9405.72672
22.7000 2 12079.59552
22.8000 2 11691.6224
22.9000 2 10517.21728
23.0000 2 7528.77568
23.1000 2 10968.10496
23.2000 2 12069.10976
23.3000 2 14795.40736
23.4000 2 5767.168
23.5000 2 1887.4368
23.6000 2 9919.52896
23.7000 2 15770.58304
23.8000 2 14407.43424
23.9000 2 12058.624
24.0000 2 10401.87392
24.1000 2 13149.14304
24.2000 2 9856.6144
24.3000 2 10202.64448
24.4000 2 12719.22688
24.5000 2 13180.60032
24.6000 2 10716.44672
24.7000 2 13023.31392
24.8000 2 10936.64768
24.9000 2 13285.45792
25.0000 2 12362.71104
25.1000 2 11869.88032
25.2000 2 10737.41824
25.3000 2 13600.03072
25.4000 2 13201.57184
25.5000 2 9867.10016
25.6000 2 10737.41824
25.7000 2 13725.85984
25.8000 2 9416.21248
25.9000 2 10758.38976
26.0000 2 13977.51808
26.1000 2 10244.58752
26.2000 2 10223.616
26.3000 2 14124.31872
26.4000 2 10538.1888
26.5000 2 9772.72832
26.6000 2 13872.66048
26.7000 2 11177.82016
26.8000 2 9919.52896
26.9000 2 12803.11296
27.0000 2 12006.1952
27.1000 2 7958.69184
27.2000 2 8136.94976
27.3000 2 14124.31872
27.4000 2 11345.59232
27.5000 2 13495.17312
27.6000 2 11555.30752
27.7000 2 11471.42144
27.8000 2 11911.82336
27.9000 2 14900.26496
28.0000 2 12519.99744
28.1000 2 11408.50688
28.2000 2 11702.10816
28.3000 2 12918.45632
28.4000 2 12006.1952
28.5000 2 10716.44672
28.6000 2 12803.11296
28.7000 2 12341.73952
28.8000 2 10978.59072
28.9000 2 12467.56864
29.0000 2 10831.79008
29.1000 2 12761.16992
29.2000 2 12226.39616
29.3000 2 10737.41824
29.4000 2 12016.68096
29.5000 2 12446.59712
29.6000 2 11177.82016
29.7000 2 10559.16032
29.8000 2 13558.08768
29.9000 2 9248.44032
30.0000 2 6700.40064
30.1000 2 11429.4784
30.2000 2 15057.55136
30.3000 2 12981.37088
30.4000 2 12603.88352
30.5000 2 13694.40256
30.6000 2 9363.78368
30.7000 2 9940.50048
30.8000 2 13715.37408
30.9000 2 8650.752
31.0000 2 11471.42144
31.1000 2 13558.08768
31.2000 2 10580.13184
31.3000 2 11418.99264
31.4000 2 14522.7776
31.5000 2 11691.6224
31.6000 2 10590.6176
31.7000 2 12268.3392
31.8000 2 13065.25696
31.9000 2 11377.0496
32.0000 2 11031.01952
32.1000 2 12572.42624
32.2000 2 12635.3408
32.3000 2 10674.50368
32.4000 2 13086.22848
32.5000 2 10863.24736
32.6000 2 13274.97216
32.7000 2 12782.14144
32.8000 2 10559.16032
32.9000 2 11156.84864
33.0000 2 14155.776
33.1000 2 11293.16352
33.2000 2 9909.0432
33.3000 2 13107.2
33.4000 2 12163.4816
33.5000 2 9342.81216
33.6000 2 11974.73792
33.7000 2 12194.93888
33.8000 2 8095.00672
33.9000 2 13222.54336
34.0000 2 9961.472
34.1000 2 10265.55904
34.2000 2 12855.54176
34.3000 2 12478.0544
34.4000 2 10548.67456
34.5000 2 12561.94048
34.6000 2 11953.7664
34.7000 2 11785.99424
34.8000 2 12194.93888
34.9000 2 11712.59392
35.0000 2 12121.53856
35.1000 2 12006.1952
35.2000 2 12205.42464
35.3000 2 10496.24576
35.4000 2 12645.82656
35.5000 2 12918.45632
35.6000 2 10632.56064
35.7000 2 11135.87712
35.8000 2 14292.09088
35.9000 2 10443.81696
36.0000 2 10150.21568
36.1000 2 14302.57664
36.2000 2 10653.53216
36.3000 2 8357.15072
36.4000 2 14512.29184
36.5000 2 2862.61248
