0.1000 2 0.0
0.2000 2 14585.69216
0.3000 2 7518.28992
0.4000 2 7455.37536
0.5000 2 10087.30112
0.6000 2 10831.79008
0.7000 2 12027.16672
0.8000 2 11135.87712
0.9000 2 12624.85504
1.0000 2 12708.74112
1.1000 2 10401.87392
1.2000 2 11639.1936
1.3000 2 13149.14304
1.4000 2 10894.70464
1.5000 2 10433.3312
1.6000 2 13621.00224
1.7000 2 11534.336
1.8000 2 9164.55424
1.9000 2 10852.7616
2.0000 2 13023.31392
2.1000 2 11020.53376
2.2000 2 13233.02912
2.3000 2 11261.70624
2.4000 2 11911.82336
2.5000 2 12561.94048
2.6000 2 11093.93408
2.7000 2 12645.82656
2.8000 2 11513.36448
2.9000 2 11943.28064
3.0000 2 11398.02112
3.1000 2 11439.96416
3.2000 2 12561.94048
3.3000 2 10496.24576
3.4000 2 12614.36928
3.5000 2 11618.22208
3.6000 2 11576.27904
3.7000 2 12866.02752
3.8000 2 10569.64608
3.9000 2 12373.1968
4.0000 2 12446.59712
4.1000 2 10265.55904
4.2000 2 10768.87552
4.3000 2 14050.9184
4.4000 2 8608.80896
4.5000 2 10527.70304
4.6000 2 13767.80288
4.7000 2 10297.01632
4.8000 2 10569.64608
4.9000 2 13862.17472
5.0000 2 11020.53376
5.1000 2 10548.67456
5.2000 2 12803.11296
5.3000 2 12352.22528
5.4000 2 10297.01632
5.5000 2 11838.42304
5.6000 2 13862.17472
5.7000 2 11660.16512
5.8000 2 10454.30272
5.9000 2 12803.11296
6.0000 2 12488.54016
6.1000 2 10412.35968
6.2000 2 11576.27904
6.3000 2 13725.85984
6.4000 2 11177.82016
6.5000 2 11020.53376
6.6000 2 13107.2
6.7000 2 12121.53856
6.8000 2 10139.72992
6.9000 2 11974.73792
7.0000 2 13568.57344
7.1000 2 10590.6176
7.2000 2 10580.13184
7.3000 2 14019.46112
7.4000 2 11314.13504
7.5000 2 10590.6176
7.6000 2 12970.88512
7.7000 2 14386.46272
7.8000 2 11660.16512
7.9000 2 10821.30432
8.0000 2 12928.94208
8.1000 2 11020.53376
8.2000 2 7958.69184
8.3000 2 14533.26336
8.4000 2 7717.51936
8.5000 2 11209.27744
8.6000 2 13086.22848
8.7000 2 13191.08608
8.8000 2 11460.93568
8.9000 2 12530.4832
9.0000 2 11702.10816
9.1000 2 12771.65568
9.2000 2 11513.36448
9.3000 2 13579.0592
9.4000 2 11964.25216
9.5000 2 13463.71584
9.6000 2 11135.87712
9.7000 2 12834.57024
9.8000 2 11429.4784
9.9000 2 12121.53856
10.0000 2 12708.74112
10.1000 2 10443.81696
10.2000 2 12289.31072
10.3000 2 13421.7728
10.4000 2 11062.4768
10.5000 2 11314.13504
10.6000 2 12907.97056
10.7000 2 11649.67936
10.8000 2 10055.84384
10.9000 2 12677.28384
11.0000 2 10223.616
11.1000 2 10391.38816
11.2000 2 11062.4768
11.3000 2 13788.7744
11.4000 2 11418.99264
11.5000 2 12184.45312
11.6000 2 12268.3392
11.7000 2 12855.54176
11.8000 2 11481.9072
11.9000 2 13054.7712
12.0000 2 10831.79008
12.1000 2 13075.74272
12.2000 2 12478.0544
12.3000 2 12069.10976
12.4000 2 11209.27744
12.5000 2 13170.11456
12.6000 2 13558.08768
12.7000 2 11230.24896
12.8000 2 10223.616
12.9000 2 14491.32032
13.0000 2 10821.30432
13.1000 2 11010.048
13.2000 2 12184.45312
13.3000 2 13337.88672
13.4000 2 10957.6192
13.5000 2 10737.41824
13.6000 2 13809.74592
13.7000 2 11723.07968
13.8000 2 10842.27584
13.9000 2 12236.88192
14.0000 2 14103.3472
14.1000 2 10527.70304
14.2000 2 10863.24736
14.3000 2 14417.92
14.4000 2 11555.30752
14.5000 2 10297.01632
14.6000 2 12006.1952
14.7000 2 13033.79968
14.8000 2 10181.67296
14.9000 2 11513.36448
15.0000 2 13117.68576
15.1000 2 11670.65088
15.2000 2 10989.07648
15.3000 2 12310.28224
15.4000 2 12299.79648
15.5000 2 11062.4768
15.6000 2 12111.0528
15.7000 2 10338.95936
15.8000 2 12624.85504
15.9000 2 12278.82496
16.0000 2 10286.53056
16.1000 2 11806.96576
16.2000 2 11775.50848
16.3000 2 9290.38336
16.4000 2 11135.87712
16.5000 2 13662.94528
16.6000 2 10234.10176
16.7000 2 10433.3312
16.8000 2 14271.11936
16.9000 2 10810.81856
17.0000 2 10202.64448
17.1000 2 13327.40096
17.2000 2 11586.7648
17.3000 2 10139.72992
17.4000 2 12027.16672
17.5000 2 13086.22848
17.6000 2 10129.24416
17.7000 2 11020.53376
17.8000 2 14449.37728
17.9000 2 10034.87232
18.0000 2 10087.30112
18.1000 2 14187.23328
18.2000 2 11167.3344
18.3000 2 10118.7584
18.4000 2 12572.42624
18.5000 2 12698.25536
18.6000 2 10370.41664
18.7000 2 11272.192
18.8000 2 13830.71744
18.9000 2 10213.13024
19.0000 2 10234.10176
19.1000 2 14113.83296
19.2000 2 10684.98944
19.3000 2 10234.10176
19.4000 2 13149.14304
19.5000 2 11723.07968
19.6000 2 10307.50208
19.7000 2 11911.82336
19.8000 2 13285.45792
19.9000 2 10422.84544
20.0000 2 10726.93248
20.1000 2 14554.23488
20.2000 2 9867.10016
20.3000 2 10055.84384
20.4000 2 14082.37568
20.5000 2 11418.99264
20.6000 2 10297.01632
20.7000 2 12320.768
20.8000 2 12635.3408
20.9000 2 9846.12864
21.0000 2 11408.50688
21.1000 2 13977.51808
21.2000 2 8304.72192
21.3000 2 9321.84064
21.4000 2 13904.11776
21.5000 2 9804.1856
21.6000 2 11859.39456
21.7000 2 13474.2016
21.8000 2 10664.01792
21.9000 2 10464.78848
22.0000 2 13149.14304
22.1000 2 12027.16672
22.2000 2 5567.93856
22.3000 2 7130.3168
22.4000 2 5442.10944
22.5000 2 5421.13792
22.6000 2 12939.42784
22.7000 2 11031.01952
22.8000 2 14155.776
22.9000 2 10548.67456
23.0000 2 12394.16832
23.1000 2 4288.67584
23.2000 2 7738.49088
23.3000 2 14480.83456
23.4000 2 18025.02144
23.5000 2 14428.40576
23.6000 2 12132.02432
23.7000 2 14543.74912
23.8000 2 12939.42784
23.9000 2 11838.42304
24.0000 2 11565.79328
24.1000 2 13988.00384
24.2000 2 12907.97056
24.3000 2 10517.21728
24.4000 2 12834.57024
24.5000 2 11901.3376
24.6000 2 4383.04768
24.7000 2 16840.13056
24.8000 2 12949.9136
24.9000 2 13128.17152
25.0000 2 13736.3456
25.1000 2 13065.25696
25.2000 2 10747.904
25.3000 2 11880.36608
25.4000 2 12551.45472
25.5000 2 12499.02592
25.6000 2 10894.70464
25.7000 2 12928.94208
25.8000 2 13495.17312
25.9000 2 10737.41824
26.0000 2 10758.38976
26.1000 2 8965.3248
26.2000 2 1918.89408
26.3000 2 14732.4928
26.4000 2 29989.2736
26.5000 2 11964.25216
26.6000 2 13830.71744
26.7000 2 12205.42464
26.8000 2 10443.81696
26.9000 2 11806.96576
27.0000 2 14375.97696
27.1000 2 10538.1888
27.2000 2 10569.64608
27.3000 2 13589.54496
27.4000 2 12236.88192
27.5000 2 11785.99424
27.6000 2 10884.21888
27.7000 2 12561.94048
27.8000 2 5588.91008
27.9000 2 7895.77728
28.0000 2 16735.27296
28.1000 2 13170.11456
28.2000 2 13652.45952
28.3000 2 13579.0592
28.4000 2 12677.28384
28.5000 2 12561.94048
28.6000 2 11995.70944
28.7000 2 14124.31872
28.8000 2 12488.54016
28.9000 2 13316.9152
29.0000 2 11565.79328
29.1000 2 13316.9152
29.2000 2 12897.4848
29.3000 2 13579.0592
29.4000 2 11733.56544
29.5000 2 12540.96896
29.6000 2 11586.7648
29.7000 2 13400.80128
29.8000 2 11219.7632
29.9000 2 13568.57344
30.0000 2 10905.1904
30.1000 2 13306.42944
30.2000 2 12677.28384
30.3000 2 11104.41984
30.4000 2 11146.36288
30.5000 2 12782.14144
30.6000 2 13012.82816
30.7000 2 10580.13184
30.8000 2 12310.28224
30.9000 2 13631.488
31.0000 2 10936.64768
31.1000 2 10611.58912
31.2000 2 13778.28864
31.3000 2 7329.54624
31.4000 2 7214.20288
31.5000 2 13862.17472
31.6000 2 17427.33312
31.7000 2 11744.0512
31.8000 2 11114.9056
31.9000 2 14386.46272
32.0000 2 12152.99584
32.1000 2 11062.4768
32.2000 2 12446.59712
32.3000 2 13337.88672
32.4000 2 12666.79808
32.5000 2 11146.36288
32.6000 2 8105.49248
32.7000 2 9982.44352
32.8000 2 17091.7888
32.9000 2 15005.12256
33.0000 2 12142.51008
33.1000 2 11502.87872
33.2000 2 12037.65248
33.3000 2 13033.79968
33.4000 2 10643.0464
33.5000 2 12939.42784
33.6000 2 11083.44832
33.7000 2 12855.54176
33.8000 2 12299.79648
33.9000 2 11901.3376
34.0000 2 11418.99264
34.1000 2 12603.88352
34.2000 2 13967.03232
34.3000 2 11859.39456
34.4000 2 11995.70944
34.5000 2 13830.71744
34.6000 2 13159.6288
34.7000 2 11639.1936
34.8000 2 12499.02592
34.9000 2 13463.71584
35.0000 2 12582.912
35.1000 2 11230.24896
35.2000 2 8849.98144
