0.1000 2 0.0
0.2000 2 13767.80288
0.3000 2 9563.01312
0.4000 2 13327.40096
0.5000 2 12540.96896
0.6000 2 12834.57024
0.7000 2 11534.336
0.8000 2 13704.88832
0.9000 2 12499.02592
1.0000 2 12907.97056
1.1000 2 11565.79328
1.2000 2 13694.40256
1.3000 2 12698.25536
1.4000 2 12886.99904
1.5000 2 11534.336
1.6000 2 13390.31552
1.7000 2 13023.31392
1.8000 2 13012.82816
1.9000 2 11450.44992
2.0000 2 12866.02752
2.1000 2 13117.68576
2.2000 2 11303.64928
2.3000 2 10800.3328
2.4000 2 10905.1904
2.5000 2 12111.0528
2.6000 2 14092.86144
2.7000 2 12792.6272
2.8000 2 11230.24896
2.9000 2 11995.70944
3.0000 2 14082.37568
3.1000 2 12876.51328
3.2000 2 10496.24576
3.3000 2 11156.84864
3.4000 2 13170.11456
3.5000 2 8409.57952
3.6000 2 11681.13664
3.7000 2 11565.79328
3.8000 2 10884.21888
3.9000 2 12121.53856
4.0000 2 14103.3472
4.1000 2 11387.53536
4.2000 2 10884.21888
4.3000 2 13107.2
4.4000 2 13212.0576
4.5000 2 11125.39136
4.6000 2 10936.64768
4.7000 2 12792.6272
4.8000 2 12530.4832
4.9000 2 11555.30752
5.0000 2 12834.57024
5.1000 2 13233.02912
5.2000 2 12771.65568
5.3000 2 11188.30592
5.4000 2 12446.59712
5.5000 2 14302.57664
5.6000 2 12310.28224
5.7000 2 11020.53376
5.8000 2 12226.39616
5.9000 2 14302.57664
6.0000 2 11282.67776
6.1000 2 11156.84864
6.2000 2 12771.65568
6.3000 2 14229.17632
6.4000 2 11072.96256
6.5000 2 11072.96256
6.6000 2 13631.488
6.7000 2 13316.9152
6.8000 2 11146.36288
6.9000 2 11020.53376
7.0000 2 14334.03392
7.1000 2 12645.82656
7.2000 2 10716.44672
7.3000 2 11848.9088
7.4000 2 13295.94368
7.5000 2 11209.27744
7.6000 2 11240.73472
7.7000 2 11607.73632
7.8000 2 12331.25376
7.9000 2 11062.4768
8.0000 2 11261.70624
8.1000 2 11083.44832
8.2000 2 12991.85664
8.3000 2 10884.21888
8.4000 2 9982.44352
8.5000 2 13641.97376
8.6000 2 10380.9024
8.7000 2 9720.29952
8.8000 2 13600.03072
8.9000 2 10286.53056
9.0000 2 9615.44192
9.1000 2 13568.57344
9.2000 2 10066.3296
9.3000 2 8378.12224
9.4000 2 14942.208
9.5000 2 8021.6064
9.6000 2 8944.35328
9.7000 2 13862.17472
9.8000 2 9164.55424
9.9000 2 10842.27584
10.0000 2 14229.17632
10.1000 2 10475.27424
10.2000 2 10443.81696
10.3000 2 13641.97376
10.4000 2 11555.30752
10.5000 2 10370.41664
10.6000 2 12708.74112
10.7000 2 12268.3392
10.8000 2 10684.98944
10.9000 2 11848.9088
11.0000 2 13107.2
11.1000 2 11848.9088
11.2000 2 8944.35328
11.3000 2 13285.45792
11.4000 2 10852.7616
11.5000 2 9154.06848
11.6000 2 13348.37248
11.7000 2 11639.1936
11.8000 2 10286.53056
11.9000 2 12939.42784
12.0000 2 12960.39936
12.1000 2 11964.25216
12.2000 2 11702.10816
12.3000 2 12824.08448
12.4000 2 12939.42784
12.5000 2 10548.67456
12.6000 2 12593.39776
12.7000 2 11439.96416
12.8000 2 13044.28544
12.9000 2 11827.93728
13.0000 2 10821.30432
13.1000 2 11261.70624
13.2000 2 13033.79968
13.3000 2 10517.21728
13.4000 2 9835.64288
13.5000 2 14669.57824
13.6000 2 8545.8944
13.7000 2 9196.01152
13.8000 2 14155.776
13.9000 2 11125.39136
14.0000 2 11261.70624
14.1000 2 13096.71424
14.2000 2 14124.31872
14.3000 2 11293.16352
14.4000 2 10810.81856
14.5000 2 14029.94688
14.6000 2 12740.1984
14.7000 2 10747.904
14.8000 2 11932.79488
14.9000 2 12352.22528
15.0000 2 12048.13824
15.1000 2 11240.73472
15.2000 2 12467.56864
15.3000 2 12079.59552
15.4000 2 11995.70944
15.5000 2 13379.82976
15.6000 2 11293.16352
15.7000 2 12373.1968
15.8000 2 12184.45312
15.9000 2 11167.3344
16.0000 2 10443.81696
16.1000 2 14050.9184
16.2000 2 9730.78528
16.3000 2 7717.51936
16.4000 2 14134.80448
16.5000 2 7172.25984
16.6000 2 11649.67936
16.7000 2 12331.25376
16.8000 2 10286.53056
16.9000 2 12320.768
17.0000 2 11869.88032
17.1000 2 11607.73632
17.2000 2 12635.3408
17.3000 2 10705.96096
17.4000 2 12645.82656
17.5000 2 12415.13984
17.6000 2 13327.40096
17.7000 2 11460.93568
17.8000 2 13191.08608
17.9000 2 11785.99424
18.0000 2 13589.54496
18.1000 2 11450.44992
18.2000 2 13830.71744
18.3000 2 11230.24896
18.4000 2 13254.00064
18.5000 2 12132.02432
18.6000 2 12184.45312
18.7000 2 11167.3344
18.8000 2 12750.68416
18.9000 2 13390.31552
19.0000 2 10433.3312
19.1000 2 10936.64768
19.2000 2 13568.57344
19.3000 2 11586.7648
19.4000 2 10884.21888
19.5000 2 12708.74112
19.6000 2 12530.4832
19.7000 2 10569.64608
19.8000 2 11460.93568
19.9000 2 13862.17472
20.0000 2 9531.55584
20.1000 2 9038.72512
20.2000 2 12184.45312
20.3000 2 10454.30272
20.4000 2 11649.67936
20.5000 2 18622.70976
20.6000 2 13652.45952
20.7000 2 11272.192
20.8000 2 10034.87232
20.9000 2 12572.42624
21.0000 2 12467.56864
21.1000 2 10139.72992
21.2000 2 15340.66688
21.3000 2 9982.44352
21.4000 2 10695.4752
21.5000 2 11513.36448
21.6000 2 10506.73152
21.7000 2 12614.36928
21.8000 2 12027.16672
21.9000 2 11439.96416
22.0000 2 12079.59552
22.1000 2 12257.85344
22.2000 2 13233.02912
22.3000 2 9594.4704
22.4000 2 12163.4816
22.5000 2 15099.4944
22.6000 2 11398.02112
22.7000 2 11345.59232
22.8000 2 12226.39616
22.9000 2 14711.52128
23.0000 2 6176.11264
23.1000 2 16263.41376
23.2000 2 16210.98496
23.3000 2 14491.32032
23.4000 2 11744.0512
23.5000 2 13023.31392
23.6000 2 13222.54336
23.7000 2 12960.39936
23.8000 2 11167.3344
23.9000 2 11880.36608
24.0000 2 13222.54336
24.1000 2 11104.41984
24.2000 2 10045.35808
24.3000 2 14313.0624
24.4000 2 10695.4752
24.5000 2 10045.35808
24.6000 2 13453.23008
24.7000 2 11660.16512
24.8000 2 10118.7584
24.9000 2 11733.56544
25.0000 2 10947.13344
25.1000 2 9856.6144
25.2000 2 13400.80128
25.3000 2 13694.40256
25.4000 2 11785.99424
25.5000 2 10947.13344
25.6000 2 12708.74112
25.7000 2 12499.02592
25.8000 2 10255.07328
25.9000 2 11534.336
26.0000 2 13453.23008
26.1000 2 10821.30432
26.2000 2 11324.6208
26.3000 2 13600.03072
26.4000 2 12949.9136
26.5000 2 11177.82016
26.6000 2 12425.6256
26.7000 2 12436.11136
26.8000 2 13306.42944
26.9000 2 11324.6208
27.0000 2 13379.82976
27.1000 2 11565.79328
27.2000 2 13096.71424
27.3000 2 11408.50688
27.4000 2 12037.65248
27.5000 2 11785.99424
27.6000 2 11429.4784
27.7000 2 12530.4832
27.8000 2 11093.93408
27.9000 2 12467.56864
28.0000 2 10695.4752
28.1000 2 13075.74272
28.2000 2 12813.59872
28.3000 2 10842.27584
28.4000 2 11398.02112
28.5000 2 14564.72064
28.6000 2 10055.84384
28.7000 2 10066.3296
28.8000 2 13694.40256
28.9000 2 11293.16352
29.0000 2 10045.35808
29.1000 2 12488.54016
29.2000 2 12645.82656
29.3000 2 10024.38656
29.4000 2 11398.02112
29.5000 2 13725.85984
29.6000 2 9909.0432
29.7000 2 10580.13184
29.8000 2 14690.54976
29.9000 2 10129.24416
30.0000 2 9971.95776
30.1000 2 14103.3472
30.2000 2 10601.10336
30.3000 2 7990.14912
30.4000 2 14837.3504
30.5000 2 10181.67296
30.6000 2 8619.29472
30.7000 2 14680.064
30.8000 2 7916.7488
30.9000 2 10276.0448
31.0000 2 14638.12096
31.1000 2 11628.70784
31.2000 2 10978.59072
31.3000 2 12163.4816
31.4000 2 12362.71104
31.5000 2 7025.4592
31.6000 2 9604.95616
31.7000 2 16557.01504
31.8000 2 14575.2064
31.9000 2 10412.35968
32.0000 2 12467.56864
32.1000 2 12792.6272
32.2000 2 10464.78848
32.3000 2 12048.13824
32.4000 2 12236.88192
32.5000 2 11681.13664
32.6000 2 11198.79168
32.7000 2 11859.39456
32.8000 2 13264.4864
32.9000 2 10485.76
33.0000 2 11785.99424
33.1000 2 12079.59552
33.2000 2 12079.59552
33.3000 2 12719.22688
33.4000 2 10873.73312
33.5000 2 12132.02432
33.6000 2 12362.71104
33.7000 2 11806.96576
33.8000 2 10066.3296
33.9000 2 13484.68736
34.0000 2 11964.25216
34.1000 2 10244.58752
34.2000 2 11880.36608
34.3000 2 13767.80288
34.4000 2 11450.44992
34.5000 2 11114.9056
34.6000 2 13432.25856
34.7000 2 12415.13984
34.8000 2 10611.58912
34.9000 2 11806.96576
35.0000 2 13044.28544
35.1000 2 1688.20736
