0.1000 2 0.0
0.2000 2 13086.22848
0.3000 2 6878.65856
0.4000 2 12981.37088
0.5000 2 7130.3168
0.6000 2 11104.41984
0.7000 2 10034.87232
0.8000 2 8829.00992
0.9000 2 13600.03072
1.0000 2 10349.44512
1.1000 2 9909.0432
1.2000 2 12603.88352
1.3000 2 9846.12864
1.4000 2 10202.64448
1.5000 2 12645.82656
1.6000 2 9646.8992
1.7000 2 10328.4736
1.8000 2 12236.88192
1.9000 2 9458.15552
2.0000 2 10926.16192
2.1000 2 11345.59232
2.2000 2 9615.44192
2.3000 2 12048.13824
2.4000 2 10768.87552
2.5000 2 9583.98464
2.6000 2 12750.68416
2.7000 2 9930.01472
2.8000 2 9489.6128
2.9000 2 13180.60032
3.0000 2 9395.24096
3.1000 2 10129.24416
3.2000 2 12729.71264
3.3000 2 9091.15392
3.4000 2 10852.7616
3.5000 2 13327.40096
3.6000 2 9709.81376
3.7000 2 11324.6208
3.8000 2 12824.08448
3.9000 2 10276.0448
4.0000 2 11188.30592
4.1000 2 11702.10816
4.2000 2 10255.07328
4.3000 2 11398.02112
4.4000 2 12740.1984
4.5000 2 10223.616
4.6000 2 9992.92928
4.7000 2 13610.51648
4.8000 2 8524.92288
4.9000 2 10255.07328
5.0000 2 10213.13024
5.1000 2 7696.54784
5.2000 2 13998.4896
5.3000 2 9049.21088
5.4000 2 10433.3312
5.5000 2 12320.768
5.6000 2 9363.78368
5.7000 2 11240.73472
5.8000 2 11177.82016
5.9000 2 9363.78368
6.0000 2 11534.336
6.1000 2 11460.93568
6.2000 2 9667.87072
6.3000 2 11964.25216
6.4000 2 10936.64768
6.5000 2 9563.01312
6.6000 2 12572.42624
6.7000 2 11230.24896
6.8000 2 10433.3312
6.9000 2 13337.88672
7.0000 2 11251.22048
7.1000 2 9342.81216
7.2000 2 12436.11136
7.3000 2 9804.1856
7.4000 2 9510.58432
7.5000 2 12834.57024
7.6000 2 9458.15552
7.7000 2 10055.84384
7.8000 2 12845.056
7.9000 2 9500.09856
8.0000 2 10716.44672
8.1000 2 11859.39456
8.2000 2 9175.04
8.3000 2 11890.85184
8.4000 2 9919.52896
8.5000 2 8724.15232
8.6000 2 13044.28544
8.7000 2 8965.3248
8.8000 2 9688.84224
8.9000 2 11964.25216
9.0000 2 8011.12064
9.1000 2 13348.37248
9.2000 2 8252.29312
9.3000 2 8556.38016
9.4000 2 11398.02112
9.5000 2 8797.55264
9.6000 2 13212.0576
9.7000 2 8126.464
9.8000 2 9688.84224
9.9000 2 12960.39936
10.0000 2 9269.41184
10.1000 2 10821.30432
10.2000 2 12037.65248
10.3000 2 9531.55584
10.4000 2 11272.192
10.5000 2 11272.192
10.6000 2 9919.52896
10.7000 2 11523.85024
10.8000 2 11565.79328
10.9000 2 9667.87072
11.0000 2 13537.11616
11.1000 2 11733.56544
11.2000 2 9521.07008
11.3000 2 11272.192
11.4000 2 11230.24896
11.5000 2 7990.14912
11.6000 2 14931.72224
11.7000 2 6343.8848
11.8000 2 12310.28224
11.9000 2 8053.06368
12.0000 2 9741.27104
12.1000 2 13631.488
12.2000 2 10590.6176
12.3000 2 6092.22656
12.4000 2 2076.18048
12.5000 2 14648.60672
12.6000 2 10758.38976
12.7000 2 11471.42144
12.8000 2 13610.51648
12.9000 2 14973.66528
13.0000 2 9227.4688
13.1000 2 11618.22208
13.2000 2 11901.3376
13.3000 2 9573.49888
13.4000 2 11628.70784
13.5000 2 11083.44832
13.6000 2 5830.08256
13.7000 2 8692.69504
13.8000 2 13851.68896
13.9000 2 12582.912
14.0000 2 12928.94208
14.1000 2 3523.21536
14.2000 2 10359.93088
14.3000 2 8692.69504
14.4000 2 14470.3488
14.5000 2 7465.86112
14.6000 2 9479.12704
14.7000 2 14302.57664
14.8000 2 11377.0496
14.9000 2 11513.36448
15.0000 2 12729.71264
15.1000 2 11848.9088
15.2000 2 1310.72
15.3000 2 10622.07488
15.4000 2 16431.18592
15.5000 2 11314.13504
15.6000 2 8199.86432
15.7000 2 14742.97856
15.8000 2 11492.39296
15.9000 2 10989.07648
16.0000 2 11356.07808
16.1000 2 11848.9088
16.2000 2 10003.41504
16.3000 2 11974.73792
16.4000 2 10999.56224
16.5000 2 9814.67136
16.6000 2 12907.97056
16.7000 2 13086.22848
16.8000 2 9615.44192
16.9000 2 10978.59072
17.0000 2 11272.192
17.1000 2 9248.44032
17.2000 2 12194.93888
17.3000 2 10590.6176
17.4000 2 8944.35328
17.5000 2 13065.25696
17.6000 2 10276.0448
17.7000 2 9468.64128
17.8000 2 13065.25696
17.9000 2 8881.43872
18.0000 2 10496.24576
18.1000 2 12656.31232
18.2000 2 9028.23936
18.3000 2 11293.16352
18.4000 2 11010.048
18.5000 2 9919.52896
18.6000 2 11911.82336
18.7000 2 11618.22208
18.8000 2 9961.472
18.9000 2 11785.99424
19.0000 2 8682.20928
19.1000 2 8220.83584
19.2000 2 16336.81408
19.3000 2 11723.07968
19.4000 2 7371.48928
19.5000 2 12949.9136
19.6000 2 8357.15072
19.7000 2 10831.79008
19.8000 2 11387.53536
19.9000 2 9521.07008
20.0000 2 12582.912
20.1000 2 10517.21728
20.2000 2 9311.35488
20.3000 2 13348.37248
20.4000 2 9751.7568
20.5000 2 9552.52736
20.6000 2 12960.39936
20.7000 2 9971.95776
20.8000 2 9258.92608
20.9000 2 13862.17472
21.0000 2 6532.62848
21.1000 2 12152.99584
21.2000 2 8514.43712
21.3000 2 8902.41024
21.4000 2 12404.65408
21.5000 2 7979.66336
21.6000 2 8954.83904
21.7000 2 9594.4704
21.8000 2 9604.95616
21.9000 2 14050.9184
22.0000 2 7130.3168
22.1000 2 13128.17152
22.2000 2 6931.08736
22.3000 2 9909.0432
22.4000 2 9982.44352
22.5000 2 6805.25824
22.6000 2 12855.54176
22.7000 2 6322.91328
22.8000 2 12928.94208
22.9000 2 5924.4544
23.0000 2 12184.45312
23.1000 2 11062.4768
23.2000 2 9552.52736
23.3000 2 12268.3392
23.4000 2 9657.38496
23.5000 2 9521.07008
23.6000 2 12656.31232
23.7000 2 9531.55584
23.8000 2 10758.38976
23.9000 2 11576.27904
24.0000 2 10108.27264
24.1000 2 11251.22048
24.2000 2 11765.02272
24.3000 2 9909.0432
24.4000 2 10989.07648
24.5000 2 11481.9072
24.6000 2 9500.09856
24.7000 2 11450.44992
24.8000 2 10884.21888
24.9000 2 9531.55584
25.0000 2 12509.51168
25.1000 2 10947.13344
25.2000 2 9825.15712
25.3000 2 13149.14304
25.4000 2 9101.63968
25.5000 2 10129.24416
25.6000 2 12530.4832
25.7000 2 9573.49888
25.8000 2 10401.87392
25.9000 2 11460.93568
26.0000 2 9783.21408
26.1000 2 11995.70944
26.2000 2 9531.55584
26.3000 2 7402.94656
26.4000 2 12436.11136
26.5000 2 7423.91808
26.6000 2 13547.60192
26.7000 2 11544.82176
26.8000 2 10884.21888
26.9000 2 12886.99904
27.0000 2 11020.53376
27.1000 2 10831.79008
27.2000 2 11272.192
27.3000 2 11408.50688
27.4000 2 10297.01632
27.5000 2 11649.67936
27.6000 2 11345.59232
27.7000 2 11544.82176
27.8000 2 12341.73952
27.9000 2 9741.27104
28.0000 2 11314.13504
28.1000 2 11041.50528
28.2000 2 9730.78528
28.3000 2 12331.25376
28.4000 2 10821.30432
28.5000 2 10034.87232
28.6000 2 12006.1952
28.7000 2 10464.78848
28.8000 2 10234.10176
28.9000 2 12152.99584
29.0000 2 9793.69984
29.1000 2 10831.79008
29.2000 2 9699.328
29.3000 2 8535.40864
29.4000 2 14900.26496
29.5000 2 14533.26336
29.6000 2 9122.6112
29.7000 2 10234.10176
29.8000 2 12530.4832
29.9000 2 9437.184
30.0000 2 11093.93408
30.1000 2 11744.0512
30.2000 2 9300.86912
30.3000 2 11628.70784
30.4000 2 11366.56384
30.5000 2 9604.95616
30.6000 2 12163.4816
30.7000 2 12488.54016
30.8000 2 9604.95616
30.9000 2 11219.7632
31.0000 2 11240.73472
31.1000 2 9279.8976
31.2000 2 12519.99744
31.3000 2 8986.29632
31.4000 2 9615.44192
31.5000 2 12121.53856
31.6000 2 9300.86912
31.7000 2 9458.15552
31.8000 2 8199.86432
31.9000 2 9856.6144
32.0000 2 15099.4944
32.1000 2 9437.184
32.2000 2 10454.30272
32.3000 2 12824.08448
32.4000 2 9636.41344
32.5000 2 10810.81856
32.6000 2 12404.65408
32.7000 2 9542.0416
32.8000 2 11240.73472
32.9000 2 11869.88032
33.0000 2 9657.38496
33.1000 2 12278.82496
33.2000 2 11565.79328
33.3000 2 9846.12864
33.4000 2 11293.16352
33.5000 2 11450.44992
33.6000 2 9762.24256
33.7000 2 11314.13504
33.8000 2 11125.39136
33.9000 2 10433.3312
34.0000 2 10768.87552
34.1000 2 11366.56384
34.2000 2 10831.79008
34.3000 2 10045.35808
34.4000 2 11450.44992
34.5000 2 11146.36288
34.6000 2 9804.1856
34.7000 2 10370.41664
34.8000 2 11156.84864
34.9000 2 11272.192
35.0000 2 9489.6128
35.1000 2 11209.27744
35.2000 2 11209.27744
35.3000 2 9950.98624
35.4000 2 11198.79168
35.5000 2 10957.6192
35.6000 2 10412.35968
35.7000 2 12687.7696
35.8000 2 9888.07168
35.9000 2 9814.67136
36.0000 2 12457.08288
36.1000 2 9258.92608
36.2000 2 10674.50368
36.3000 2 11146.36288
36.4000 2 9007.26784
36.5000 2 12488.54016
36.6000 2 9720.29952
36.7000 2 9248.44032
36.8000 2 12708.74112
36.9000 2 9279.8976
37.0000 2 10087.30112
37.1000 2 7602.176
37.2000 2 11785.99424
37.3000 2 13600.03072
37.4000 2 9531.55584
37.5000 2 8870.95296
37.6000 2 12310.28224
37.7000 2 8598.3232
37.8000 2 9206.49728
37.9000 2 13159.6288
38.0000 2 10034.87232
38.1000 2 2977.95584
38.2000 2 8021.6064
38.3000 2 7046.43072
38.4000 2 828.37504
38.5000 2 6385.82784
38.6000 2 14701.03552
38.7000 2 12572.42624
38.8000 2 10800.3328
38.9000 2 16756.24448
39.0000 2 9604.95616
39.1000 2 4383.04768
