0.1000 2 0.0
0.2000 2 12824.08448
0.3000 2 8514.43712
0.4000 2 12268.3392
0.5000 2 10202.64448
0.6000 2 10527.70304
0.7000 2 14554.23488
0.8000 2 8032.09216
0.9000 2 9300.86912
1.0000 2 14134.80448
1.1000 2 11167.3344
1.2000 2 11366.56384
1.3000 2 6385.82784
1.4000 2 9237.95456
1.5000 2 11607.73632
1.6000 2 13662.94528
1.7000 2 11020.53376
1.8000 2 9049.21088
1.9000 2 13432.25856
2.0000 2 7235.1744
2.1000 2 12373.1968
2.2000 2 6952.05888
2.3000 2 12907.97056
2.4000 2 6207.56992
2.5000 2 11712.59392
2.6000 2 8818.52416
2.7000 2 9625.92768
2.8000 2 12792.6272
2.9000 2 9332.3264
3.0000 2 10726.93248
3.1000 2 11691.6224
3.2000 2 12803.11296
3.3000 2 9542.0416
3.4000 2 11681.13664
3.5000 2 12771.65568
3.6000 2 10957.6192
3.7000 2 12048.13824
3.8000 2 11985.22368
3.9000 2 10391.38816
4.0000 2 10831.79008
4.1000 2 12991.85664
4.2000 2 9216.98304
4.3000 2 10066.3296
4.4000 2 7140.80256
4.5000 2 10003.41504
4.6000 2 12677.28384
4.7000 2 8996.78208
4.8000 2 11020.53376
4.9000 2 11282.67776
5.0000 2 9510.58432
5.1000 2 12729.71264
5.2000 2 12740.1984
5.3000 2 9426.69824
5.4000 2 11607.73632
5.5000 2 9206.49728
5.6000 2 8870.95296
5.7000 2 12740.1984
5.8000 2 9248.44032
5.9000 2 10538.1888
6.0000 2 11785.99424
6.1000 2 10380.9024
6.2000 2 10884.21888
6.3000 2 11429.4784
6.4000 2 8881.43872
6.5000 2 12247.36768
6.6000 2 10705.96096
6.7000 2 9133.09696
6.8000 2 12729.71264
6.9000 2 9521.07008
7.0000 2 9468.64128
7.1000 2 12499.02592
7.2000 2 8986.29632
7.3000 2 11513.36448
7.4000 2 11565.79328
7.5000 2 9542.0416
7.6000 2 11513.36448
7.7000 2 11324.6208
7.8000 2 10559.16032
7.9000 2 12352.22528
8.0000 2 10789.84704
8.1000 2 12152.99584
8.2000 2 9615.44192
8.3000 2 10401.87392
8.4000 2 13159.6288
8.5000 2 11827.93728
8.6000 2 11649.67936
8.7000 2 12132.02432
8.8000 2 11293.16352
8.9000 2 13128.17152
9.0000 2 12226.39616
9.1000 2 9196.01152
9.2000 2 12100.56704
9.3000 2 10066.3296
9.4000 2 9699.328
9.5000 2 12750.68416
9.6000 2 9898.55744
9.7000 2 9625.92768
9.8000 2 13820.23168
9.9000 2 7916.7488
10.0000 2 8682.20928
10.1000 2 11177.82016
10.2000 2 12226.39616
10.3000 2 11995.70944
10.4000 2 11806.96576
10.5000 2 10129.24416
10.6000 2 11303.64928
10.7000 2 10202.64448
10.8000 2 7140.80256
10.9000 2 14344.51968
11.0000 2 7738.49088
11.1000 2 10842.27584
11.2000 2 12509.51168
11.3000 2 8734.63808
11.4000 2 12090.08128
11.5000 2 13484.68736
11.6000 2 9332.3264
11.7000 2 12205.42464
11.8000 2 11702.10816
11.9000 2 11943.28064
12.0000 2 11460.93568
12.1000 2 9237.95456
12.2000 2 11314.13504
12.3000 2 12540.96896
12.4000 2 9992.92928
12.5000 2 12624.85504
12.6000 2 12719.22688
12.7000 2 10873.73312
12.8000 2 9615.44192
12.9000 2 13432.25856
13.0000 2 7298.08896
13.1000 2 12719.22688
13.2000 2 8304.72192
13.3000 2 8462.00832
13.4000 2 11827.93728
13.5000 2 8357.15072
13.6000 2 12310.28224
13.7000 2 9321.84064
13.8000 2 9688.84224
13.9000 2 12257.85344
14.0000 2 9269.41184
14.1000 2 11398.02112
14.2000 2 14124.31872
14.3000 2 6836.71552
14.4000 2 11639.1936
14.5000 2 9007.26784
14.6000 2 8766.09536
14.7000 2 12792.6272
14.8000 2 7843.34848
14.9000 2 11817.45152
15.0000 2 9028.23936
15.1000 2 8336.1792
15.2000 2 11932.79488
15.3000 2 8493.4656
15.4000 2 12132.02432
15.5000 2 10160.70144
15.6000 2 10800.3328
15.7000 2 12729.71264
15.8000 2 12467.56864
15.9000 2 11565.79328
16.0000 2 12886.99904
16.1000 2 10705.96096
16.2000 2 11471.42144
16.3000 2 11523.85024
16.4000 2 9447.66976
16.5000 2 11691.6224
16.6000 2 10632.56064
16.7000 2 9332.3264
16.8000 2 12530.4832
16.9000 2 9625.92768
17.0000 2 9940.50048
17.1000 2 14606.66368
17.2000 2 7109.34528
17.3000 2 11408.50688
17.4000 2 12939.42784
17.5000 2 10055.84384
17.6000 2 9332.3264
17.7000 2 11261.70624
17.8000 2 6301.94176
17.9000 2 14250.14784
18.0000 2 9091.15392
18.1000 2 11051.99104
18.2000 2 11324.6208
18.3000 2 12090.08128
18.4000 2 11387.53536
18.5000 2 11827.93728
18.6000 2 11429.4784
18.7000 2 11964.25216
18.8000 2 12090.08128
18.9000 2 10464.78848
19.0000 2 12582.912
19.1000 2 11628.70784
19.2000 2 11901.3376
19.3000 2 12488.54016
19.4000 2 10265.55904
19.5000 2 11702.10816
19.6000 2 11712.59392
19.7000 2 9846.12864
19.8000 2 11439.96416
19.9000 2 11072.96256
20.0000 2 10202.64448
20.1000 2 10884.21888
20.2000 2 10485.76
20.3000 2 9604.95616
20.4000 2 14984.15104
20.5000 2 9971.95776
20.6000 2 8745.12384
20.7000 2 12645.82656
20.8000 2 10255.07328
20.9000 2 10244.58752
21.0000 2 14606.66368
21.1000 2 6731.85792
21.2000 2 10475.27424
21.3000 2 10265.55904
21.4000 2 6983.51616
21.5000 2 12666.79808
21.6000 2 7161.77408
21.7000 2 12708.74112
21.8000 2 7539.26144
21.9000 2 9594.4704
22.0000 2 12163.4816
22.1000 2 7696.54784
22.2000 2 12698.25536
22.3000 2 9919.52896
22.4000 2 9604.95616
22.5000 2 14155.776
22.6000 2 8902.41024
22.7000 2 9867.10016
22.8000 2 13117.68576
22.9000 2 9521.07008
23.0000 2 10957.6192
23.1000 2 12834.57024
23.2000 2 10538.1888
23.3000 2 10328.4736
23.4000 2 13757.31712
23.5000 2 9237.95456
23.6000 2 10391.38816
23.7000 2 13621.00224
23.8000 2 9531.55584
23.9000 2 10129.24416
24.0000 2 13547.60192
24.1000 2 10475.27424
24.2000 2 7958.69184
24.3000 2 13096.71424
24.4000 2 10810.81856
24.5000 2 11796.48
24.6000 2 12866.02752
24.7000 2 10810.81856
24.8000 2 12205.42464
24.9000 2 10632.56064
25.0000 2 10066.3296
25.1000 2 11240.73472
25.2000 2 12132.02432
25.3000 2 10433.3312
25.4000 2 10957.6192
25.5000 2 12037.65248
25.6000 2 12341.73952
25.7000 2 12467.56864
25.8000 2 11251.22048
25.9000 2 10810.81856
26.0000 2 14753.46432
26.1000 2 7214.20288
26.2000 2 9552.52736
26.3000 2 11293.16352
26.4000 2 8157.92128
26.5000 2 12740.1984
26.6000 2 8378.12224
26.7000 2 9720.29952
26.8000 2 12205.42464
26.9000 2 7235.1744
27.0000 2 13054.7712
27.1000 2 6543.11424
27.2000 2 11188.30592
27.3000 2 8294.23616
27.4000 2 8430.55104
27.5000 2 11398.02112
27.6000 2 7665.09056
27.7000 2 14365.4912
27.8000 2 7979.66336
27.9000 2 8860.4672
28.0000 2 11838.42304
28.1000 2 9563.01312
28.2000 2 12048.13824
28.3000 2 10286.53056
28.4000 2 9279.8976
28.5000 2 13914.60352
28.6000 2 7937.72032
28.7000 2 8870.95296
28.8000 2 12152.99584
28.9000 2 7885.29152
29.0000 2 13516.14464
29.1000 2 9290.38336
29.2000 2 10475.27424
29.3000 2 12310.28224
29.4000 2 11146.36288
29.5000 2 10370.41664
29.6000 2 11261.70624
29.7000 2 12582.912
29.8000 2 10433.3312
29.9000 2 11565.79328
30.0000 2 11093.93408
30.1000 2 9447.66976
30.2000 2 12194.93888
30.3000 2 8084.52096
30.4000 2 9982.44352
30.5000 2 15497.95328
30.6000 2 12152.99584
30.7000 2 9615.44192
30.8000 2 11230.24896
30.9000 2 11177.82016
31.0000 2 11460.93568
31.1000 2 11796.48
31.2000 2 10590.6176
31.3000 2 12037.65248
31.4000 2 9332.3264
31.5000 2 10538.1888
31.6000 2 13180.60032
31.7000 2 6973.0304
31.8000 2 12907.97056
31.9000 2 10433.3312
32.0000 2 9982.44352
32.1000 2 11555.30752
32.2000 2 11544.82176
32.3000 2 10622.07488
32.4000 2 12866.02752
32.5000 2 7948.20608
32.6000 2 8755.6096
32.7000 2 9992.92928
32.8000 2 8839.49568
32.9000 2 12771.65568
33.0000 2 9479.12704
33.1000 2 10422.84544
33.2000 2 13631.488
33.3000 2 9070.1824
33.4000 2 10192.15872
33.5000 2 11670.65088
33.6000 2 10758.38976
33.7000 2 10307.50208
33.8000 2 10768.87552
33.9000 2 6815.744
34.0000 2 12939.42784
34.1000 2 7853.83424
34.2000 2 11838.42304
34.3000 2 12289.31072
34.4000 2 10863.24736
34.5000 2 12614.36928
34.6000 2 10831.79008
34.7000 2 9772.72832
34.8000 2 12352.22528
34.9000 2 13212.0576
35.0000 2 11104.41984
35.1000 2 8839.49568
35.2000 2 13694.40256
35.3000 2 7371.48928
35.4000 2 10978.59072
35.5000 2 8388.608
35.6000 2 8430.55104
35.7000 2 11785.99424
35.8000 2 8881.43872
35.9000 2 12813.59872
36.0000 2 9101.63968
36.1000 2 7769.94816
36.2000 2 12488.54016
36.3000 2 6574.57152
36.4000 2 13002.3424
36.5000 2 6878.65856
36.6000 2 11293.16352
36.7000 2 8608.80896
36.8000 2 8283.7504
36.9000 2 14092.86144
37.0000 2 8147.43552
37.1000 2 11041.50528
37.2000 2 12582.912
37.3000 2 8692.69504
37.4000 2 12194.93888
37.5000 2 10559.16032
37.6000 2 7895.77728
37.7000 2 12488.54016
37.8000 2 7465.86112
37.9000 2 11869.88032
38.0000 2 9468.64128
38.1000 2 9416.21248
38.2000 2 12530.4832
38.3000 2 9468.64128
38.4000 2 10297.01632
38.5000 2 13579.0592
38.6000 2 11062.4768
38.7000 2 3051.35616
