0.1000 2 0.0
0.2000 2 13274.97216
0.3000 2 7927.23456
0.4000 2 12740.1984
0.5000 2 12813.59872
0.6000 2 11282.67776
0.7000 2 12362.71104
0.8000 2 13117.68576
0.9000 2 13201.57184
1.0000 2 12320.768
1.1000 2 13149.14304
1.2000 2 12341.73952
1.3000 2 11649.67936
1.4000 2 13411.28704
1.5000 2 13662.94528
1.6000 2 10506.73152
1.7000 2 10412.35968
1.8000 2 15330.18112
1.9000 2 8912.896
2.0000 2 9279.8976
2.1000 2 14417.92
2.2000 2 13117.68576
2.3000 2 11104.41984
2.4000 2 10716.44672
2.5000 2 14050.9184
2.6000 2 10517.21728
2.7000 2 8996.78208
2.8000 2 15298.72384
2.9000 2 8503.95136
3.0000 2 9017.7536
3.1000 2 15057.55136
3.2000 2 11188.30592
3.3000 2 10873.73312
3.4000 2 13295.94368
3.5000 2 12656.31232
3.6000 2 11607.73632
3.7000 2 11366.56384
3.8000 2 11890.85184
3.9000 2 12152.99584
4.0000 2 11314.13504
4.1000 2 13222.54336
4.2000 2 11796.48
4.3000 2 12467.56864
4.4000 2 12194.93888
4.5000 2 11272.192
4.6000 2 12205.42464
4.7000 2 11356.07808
4.8000 2 12331.25376
4.9000 2 11125.39136
5.0000 2 12572.42624
5.1000 2 12226.39616
5.2000 2 10632.56064
5.3000 2 10737.41824
5.4000 2 15047.0656
5.5000 2 11492.39296
5.6000 2 11272.192
5.7000 2 13757.31712
5.8000 2 12687.7696
5.9000 2 14008.97536
6.0000 2 11932.79488
6.1000 2 13054.7712
6.2000 2 13558.08768
6.3000 2 13621.00224
6.4000 2 13054.7712
6.5000 2 11911.82336
6.6000 2 13967.03232
6.7000 2 12729.71264
6.8000 2 14197.71904
6.9000 2 12540.96896
7.0000 2 12257.85344
7.1000 2 14449.37728
7.2000 2 12572.42624
7.3000 2 11471.42144
7.4000 2 9898.55744
7.5000 2 1583.34976
7.6000 2 576.7168
7.7000 2 807.40352
7.8000 2 0.0
7.9000 2 11576.27904
8.0000 2 10171.1872
8.1000 2 10055.84384
8.2000 2 13851.68896
8.3000 2 10548.67456
8.4000 2 10234.10176
8.5000 2 13662.94528
8.6000 2 11565.79328
8.7000 2 10517.21728
8.8000 2 12383.68256
8.9000 2 12656.31232
9.0000 2 10622.07488
9.1000 2 9636.41344
9.2000 2 15728.64
9.3000 2 10999.56224
9.4000 2 9846.12864
9.5000 2 14501.80608
9.6000 2 8462.00832
9.7000 2 9950.98624
9.8000 2 10003.41504
9.9000 2 3470.78656
10.0000 2 17291.01824
10.1000 2 4057.98912
10.2000 2 12782.14144
10.3000 2 10422.84544
10.4000 2 9059.69664
10.5000 2 12907.97056
10.6000 2 10244.58752
10.7000 2 11838.42304
10.8000 2 10496.24576
10.9000 2 12069.10976
11.0000 2 11681.13664
11.1000 2 6218.05568
11.2000 2 12037.65248
11.3000 2 5463.08096
11.4000 2 14921.23648
11.5000 2 11880.36608
11.6000 2 11156.84864
11.7000 2 11565.79328
11.8000 2 10045.35808
11.9000 2 14134.80448
12.0000 2 1530.92096
12.1000 2 4383.04768
12.2000 2 10695.4752
12.3000 2 11356.07808
12.4000 2 10894.70464
12.5000 2 13998.4896
12.6000 2 12509.51168
12.7000 2 11555.30752
12.8000 2 10349.44512
12.9000 2 13537.11616
13.0000 2 12970.88512
13.1000 2 8965.3248
13.2000 2 11502.87872
13.3000 2 11628.70784
13.4000 2 8462.00832
13.5000 2 13390.31552
13.6000 2 11356.07808
13.7000 2 10989.07648
13.8000 2 12719.22688
13.9000 2 14019.46112
14.0000 2 13138.65728
14.1000 2 11859.39456
14.2000 2 11723.07968
14.3000 2 14428.40576
14.4000 2 13662.94528
14.5000 2 11785.99424
14.6000 2 11995.70944
14.7000 2 13201.57184
14.8000 2 14690.54976
14.9000 2 11513.36448
15.0000 2 11408.50688
15.1000 2 13201.57184
15.2000 2 14029.94688
15.3000 2 12194.93888
15.4000 2 11555.30752
15.5000 2 13212.0576
15.6000 2 13128.17152
15.7000 2 12457.08288
15.8000 2 11502.87872
15.9000 2 13537.11616
16.0000 2 12278.82496
16.1000 2 13138.65728
16.2000 2 11439.96416
16.3000 2 13820.23168
16.4000 2 11502.87872
16.5000 2 13778.28864
16.6000 2 10255.07328
16.7000 2 12415.13984
16.8000 2 11985.22368
16.9000 2 9678.35648
17.0000 2 11607.73632
17.1000 2 11324.6208
17.2000 2 9279.8976
17.3000 2 12918.45632
17.4000 2 13463.71584
17.5000 2 8682.20928
17.6000 2 11450.44992
17.7000 2 14008.97536
17.8000 2 13033.79968
17.9000 2 13044.28544
18.0000 2 13337.88672
18.1000 2 11303.64928
18.2000 2 11481.9072
18.3000 2 14596.17792
18.4000 2 9709.81376
18.5000 2 10066.3296
18.6000 2 14103.3472
18.7000 2 10580.13184
18.8000 2 10087.30112
18.9000 2 13558.08768
19.0000 2 11062.4768
19.1000 2 9846.12864
19.2000 2 12572.42624
19.3000 2 12415.13984
19.4000 2 10055.84384
19.5000 2 11251.22048
19.6000 2 13327.40096
19.7000 2 9835.64288
19.8000 2 10873.73312
19.9000 2 13778.28864
20.0000 2 9982.44352
20.1000 2 10244.58752
20.2000 2 14501.80608
20.3000 2 9709.81376
20.4000 2 9898.55744
20.5000 2 14313.0624
20.6000 2 10338.95936
20.7000 2 9500.09856
20.8000 2 14113.83296
20.9000 2 10066.3296
21.0000 2 8755.6096
21.1000 2 14134.80448
21.2000 2 9762.24256
21.3000 2 9038.72512
21.4000 2 14659.09248
21.5000 2 9856.6144
21.6000 2 8126.464
21.7000 2 15435.03872
21.8000 2 9804.1856
21.9000 2 11135.87712
22.0000 2 13180.60032
22.1000 2 12866.02752
22.2000 2 11765.02272
22.3000 2 12928.94208
22.4000 2 9814.67136
22.5000 2 9950.98624
22.6000 2 14564.72064
22.7000 2 12383.68256
22.8000 2 10810.81856
22.9000 2 12425.6256
23.0000 2 12551.45472
23.1000 2 10758.38976
23.2000 2 12142.51008
23.3000 2 14994.6368
23.4000 2 11114.9056
23.5000 2 9573.49888
23.6000 2 13935.57504
23.7000 2 9258.92608
23.8000 2 9992.92928
23.9000 2 11230.24896
24.0000 2 10768.87552
24.1000 2 12593.39776
24.2000 2 10307.50208
24.3000 2 12058.624
24.4000 2 13421.7728
24.5000 2 12205.42464
24.6000 2 11219.7632
24.7000 2 12299.79648
24.8000 2 9856.6144
24.9000 2 9950.98624
25.0000 2 13673.43104
25.1000 2 14554.23488
25.2000 2 11481.9072
25.3000 2 11660.16512
25.4000 2 13023.31392
25.5000 2 13159.6288
25.6000 2 10684.98944
25.7000 2 11544.82176
25.8000 2 12132.02432
25.9000 2 12173.96736
26.0000 2 10664.01792
26.1000 2 12572.42624
26.2000 2 12425.6256
26.3000 2 10643.0464
26.4000 2 13033.79968
26.5000 2 10873.73312
26.6000 2 13117.68576
26.7000 2 12603.88352
26.8000 2 10863.24736
26.9000 2 10747.904
27.0000 2 14417.92
27.1000 2 11093.93408
27.2000 2 9772.72832
27.3000 2 12907.97056
27.4000 2 11880.36608
27.5000 2 10045.35808
27.6000 2 11293.16352
27.7000 2 9940.50048
27.8000 2 8724.15232
27.9000 2 15036.57984
28.0000 2 11366.56384
28.1000 2 10286.53056
28.2000 2 12247.36768
28.3000 2 12593.39776
28.4000 2 10517.21728
28.5000 2 11555.30752
28.6000 2 12939.42784
28.7000 2 11051.99104
28.8000 2 11293.16352
28.9000 2 13505.65888
29.0000 2 13621.00224
29.1000 2 12761.16992
29.2000 2 11859.39456
29.3000 2 13641.97376
29.4000 2 12111.0528
29.5000 2 12614.36928
29.6000 2 11660.16512
29.7000 2 11492.39296
29.8000 2 11964.25216
29.9000 2 11125.39136
30.0000 2 12006.1952
30.1000 2 10905.1904
30.2000 2 11377.0496
30.3000 2 13033.79968
30.4000 2 10108.27264
30.5000 2 12561.94048
30.6000 2 12729.71264
30.7000 2 10223.616
30.8000 2 11502.87872
30.9000 2 14313.0624
31.0000 2 10580.13184
31.1000 2 9143.58272
31.2000 2 14910.75072
31.3000 2 8745.12384
31.4000 2 10978.59072
31.5000 2 13306.42944
31.6000 2 13233.02912
31.7000 2 10087.30112
31.8000 2 12593.39776
31.9000 2 11901.3376
32.0000 2 13631.488
32.1000 2 11775.50848
32.2000 2 12949.9136
32.3000 2 10926.16192
32.4000 2 11785.99424
32.5000 2 12184.45312
32.6000 2 8168.40704
32.7000 2 10139.72992
32.8000 2 13841.2032
32.9000 2 12656.31232
33.0000 2 13117.68576
33.1000 2 11272.192
33.2000 2 12876.51328
33.3000 2 11020.53376
33.4000 2 12540.96896
33.5000 2 13358.85824
33.6000 2 10160.70144
33.7000 2 10779.36128
33.8000 2 8975.81056
33.9000 2 1667.23584
34.0000 2 838.8608
34.1000 2 807.40352
34.2000 2 5704.25344
34.3000 2 13851.68896
34.4000 2 11471.42144
34.5000 2 11744.0512
34.6000 2 12803.11296
34.7000 2 10601.10336
34.8000 2 12310.28224
34.9000 2 12152.99584
35.0000 2 10915.67616
35.1000 2 11387.53536
35.2000 2 9468.64128
35.3000 2 13830.71744
35.4000 2 9468.64128
35.5000 2 12488.54016
35.6000 2 11502.87872
35.7000 2 11869.88032
35.8000 2 11618.22208
35.9000 2 11932.79488
36.0000 2 10968.10496
36.1000 2 11806.96576
36.2000 2 9583.98464
36.3000 2 2610.95424
