0.1000 2 0.0
0.2000 2 12226.39616
0.3000 2 7769.94816
0.4000 2 13579.0592
0.5000 2 11827.93728
0.6000 2 10831.79008
0.7000 2 12792.6272
0.8000 2 11377.0496
0.9000 2 11135.87712
1.0000 2 11303.64928
1.1000 2 10632.56064
1.2000 2 12918.45632
1.3000 2 11502.87872
1.4000 2 9961.472
1.5000 2 11922.30912
1.6000 2 12635.3408
1.7000 2 8608.80896
1.8000 2 12090.08128
1.9000 2 10905.1904
2.0000 2 9290.38336
2.1000 2 12352.22528
2.2000 2 10695.4752
2.3000 2 9237.95456
2.4000 2 13191.08608
2.5000 2 10684.98944
2.6000 2 8409.57952
2.7000 2 14313.0624
2.8000 2 8818.52416
2.9000 2 9395.24096
3.0000 2 13285.45792
3.1000 2 10160.70144
3.2000 2 10454.30272
3.3000 2 13295.94368
3.4000 2 9814.67136
3.5000 2 10097.78688
3.6000 2 13107.2
3.7000 2 10684.98944
3.8000 2 9521.07008
3.9000 2 13264.4864
4.0000 2 10590.6176
4.1000 2 11314.13504
4.2000 2 12719.22688
4.3000 2 12698.25536
4.4000 2 11481.9072
4.5000 2 12813.59872
4.6000 2 10758.38976
4.7000 2 11922.30912
4.8000 2 12519.99744
4.9000 2 9751.7568
5.0000 2 10863.24736
5.1000 2 10401.87392
5.2000 2 9133.09696
5.3000 2 12373.1968
5.4000 2 10789.84704
5.5000 2 10538.1888
5.6000 2 11869.88032
5.7000 2 12656.31232
5.8000 2 11817.45152
5.9000 2 11555.30752
6.0000 2 10611.58912
6.1000 2 13914.60352
6.2000 2 7780.43392
6.3000 2 9133.09696
6.4000 2 10674.50368
6.5000 2 9909.0432
6.6000 2 10873.73312
6.7000 2 12876.51328
6.8000 2 11418.99264
6.9000 2 13274.97216
7.0000 2 11670.65088
7.1000 2 13390.31552
7.2000 2 11188.30592
7.3000 2 12362.71104
7.4000 2 13820.23168
7.5000 2 10024.38656
7.6000 2 10317.98784
7.7000 2 11932.79488
7.8000 2 10559.16032
7.9000 2 11691.6224
8.0000 2 12782.14144
8.1000 2 13149.14304
8.2000 2 11356.07808
8.3000 2 11450.44992
8.4000 2 14784.9216
8.5000 2 10097.78688
8.6000 2 9269.41184
8.7000 2 13442.74432
8.8000 2 9846.12864
8.9000 2 10076.81536
9.0000 2 13704.88832
9.1000 2 12509.51168
9.2000 2 11072.96256
9.3000 2 13107.2
9.4000 2 11167.3344
9.5000 2 11272.192
9.6000 2 11460.93568
9.7000 2 11303.64928
9.8000 2 12037.65248
9.9000 2 10873.73312
10.0000 2 13453.23008
10.1000 2 12341.73952
10.2000 2 8000.63488
10.3000 2 12666.79808
10.4000 2 9604.95616
10.5000 2 9332.3264
10.6000 2 13400.80128
10.7000 2 9112.12544
10.8000 2 9930.01472
10.9000 2 11177.82016
11.0000 2 8881.43872
11.1000 2 9678.35648
11.2000 2 10580.13184
11.3000 2 9930.01472
11.4000 2 8325.69344
11.5000 2 14134.80448
11.6000 2 11450.44992
11.7000 2 10873.73312
11.8000 2 12834.57024
11.9000 2 12121.53856
12.0000 2 11691.6224
12.1000 2 12750.68416
12.2000 2 10768.87552
12.3000 2 11702.10816
12.4000 2 12100.56704
12.5000 2 9395.24096
12.6000 2 11775.50848
12.7000 2 11838.42304
12.8000 2 8619.29472
12.9000 2 13012.82816
13.0000 2 8776.58112
13.1000 2 10317.98784
13.2000 2 11702.10816
13.3000 2 11565.79328
13.4000 2 10684.98944
13.5000 2 13621.00224
13.6000 2 8860.4672
13.7000 2 8545.8944
13.8000 2 3355.4432
13.9000 2 8336.1792
14.0000 2 6585.05728
14.1000 2 13432.25856
14.2000 2 6029.312
14.3000 2 6784.28672
14.4000 2 6134.1696
14.5000 2 5347.7376
14.6000 2 5326.76608
14.7000 2 14103.3472
14.8000 2 13390.31552
14.9000 2 12834.57024
15.0000 2 14029.94688
15.1000 2 6889.14432
15.2000 2 6973.0304
15.3000 2 4445.96224
15.4000 2 15917.38368
15.5000 2 12247.36768
15.6000 2 15445.52448
15.7000 2 14627.6352
15.8000 2 11240.73472
15.9000 2 11974.73792
16.0000 2 7381.97504
16.1000 2 14218.69056
16.2000 2 11125.39136
16.3000 2 15571.3536
16.4000 2 10370.41664
16.5000 2 8902.41024
16.6000 2 13159.6288
16.7000 2 11817.45152
16.8000 2 9542.0416
16.9000 2 13170.11456
17.0000 2 2663.38304
17.1000 2 13453.23008
17.2000 2 12331.25376
17.3000 2 16294.87104
17.4000 2 2736.78336
17.5000 2 2338.32448
17.6000 2 6710.8864
17.7000 2 4456.448
17.8000 2 5211.42272
17.9000 2 7707.0336
18.0000 2 11649.67936
18.1000 2 13075.74272
18.2000 2 11534.336
18.3000 2 16305.3568
18.4000 2 11167.3344
18.5000 2 11156.84864
18.6000 2 13956.54656
18.7000 2 10391.38816
18.8000 2 11146.36288
18.9000 2 12037.65248
19.0000 2 11765.02272
19.1000 2 10590.6176
19.2000 2 11167.3344
19.3000 2 13757.31712
19.4000 2 8189.37856
19.5000 2 11576.27904
19.6000 2 10108.27264
19.7000 2 9510.58432
19.8000 2 13967.03232
19.9000 2 10485.76
20.0000 2 7518.28992
20.1000 2 13358.85824
20.2000 2 7161.77408
20.3000 2 11586.7648
20.4000 2 10475.27424
20.5000 2 9898.55744
20.6000 2 12236.88192
20.7000 2 10936.64768
20.8000 2 9804.1856
20.9000 2 12016.68096
21.0000 2 12215.9104
21.1000 2 11093.93408
21.2000 2 12457.08288
21.3000 2 10936.64768
21.4000 2 12897.4848
21.5000 2 11345.59232
21.6000 2 9772.72832
21.7000 2 13138.65728
21.8000 2 7203.71712
21.9000 2 7329.54624
22.0000 2 13568.57344
22.1000 2 12121.53856
22.2000 2 11324.6208
22.3000 2 13799.26016
22.4000 2 7308.57472
22.5000 2 6857.68704
22.6000 2 8881.43872
22.7000 2 8692.69504
22.8000 2 15141.43744
22.9000 2 9856.6144
23.0000 2 12593.39776
23.1000 2 13631.488
23.2000 2 10370.41664
23.3000 2 9468.64128
23.4000 2 11114.9056
23.5000 2 10171.1872
23.6000 2 11649.67936
23.7000 2 12970.88512
23.8000 2 7098.85952
23.9000 2 13295.94368
24.0000 2 7381.97504
24.1000 2 9395.24096
24.2000 2 11754.53696
24.3000 2 7119.83104
24.4000 2 12100.56704
24.5000 2 8881.43872
24.6000 2 12058.624
24.7000 2 12132.02432
24.8000 2 12006.1952
24.9000 2 10664.01792
25.0000 2 12603.88352
25.1000 2 10548.67456
25.2000 2 9867.10016
25.3000 2 13201.57184
25.4000 2 10905.1904
25.5000 2 9961.472
25.6000 2 12803.11296
25.7000 2 9804.1856
25.8000 2 9447.66976
25.9000 2 13138.65728
26.0000 2 9416.21248
26.1000 2 9940.50048
26.2000 2 13505.65888
26.3000 2 6815.744
26.4000 2 12572.42624
26.5000 2 7654.6048
26.6000 2 9730.78528
26.7000 2 12488.54016
26.8000 2 9688.84224
26.9000 2 10538.1888
27.0000 2 12897.4848
27.1000 2 11869.88032
27.2000 2 11492.39296
27.3000 2 11702.10816
27.4000 2 11523.85024
27.5000 2 13138.65728
27.6000 2 11481.9072
27.7000 2 8032.09216
27.8000 2 14365.4912
27.9000 2 8839.49568
28.0000 2 11177.82016
28.1000 2 12404.65408
28.2000 2 11366.56384
28.3000 2 10611.58912
28.4000 2 10391.38816
28.5000 2 11586.7648
28.6000 2 12331.25376
28.7000 2 10842.27584
28.8000 2 11681.13664
28.9000 2 14008.97536
29.0000 2 9521.07008
29.1000 2 8441.0368
29.2000 2 12362.71104
29.3000 2 7612.66176
29.4000 2 13579.0592
29.5000 2 12247.36768
29.6000 2 10737.41824
29.7000 2 12824.08448
29.8000 2 11534.336
29.9000 2 12886.99904
30.0000 2 12163.4816
30.1000 2 11880.36608
30.2000 2 11062.4768
30.3000 2 13400.80128
30.4000 2 12278.82496
30.5000 2 8787.06688
30.6000 2 12478.0544
30.7000 2 9594.4704
30.8000 2 10684.98944
30.9000 2 10433.3312
31.0000 2 11072.96256
31.1000 2 11314.13504
31.2000 2 9741.27104
31.3000 2 11398.02112
31.4000 2 10884.21888
31.5000 2 12436.11136
31.6000 2 9332.3264
31.7000 2 11366.56384
31.8000 2 9982.44352
31.9000 2 12561.94048
32.0000 2 4970.25024
32.1000 2 7612.66176
32.2000 2 12540.96896
32.3000 2 11576.27904
32.4000 2 12740.1984
32.5000 2 12845.056
32.6000 2 7507.80416
32.7000 2 6962.54464
32.8000 2 10978.59072
32.9000 2 14868.80768
33.0000 2 14260.6336
33.1000 2 11806.96576
33.2000 2 13285.45792
33.3000 2 12729.71264
33.4000 2 10045.35808
33.5000 2 11555.30752
33.6000 2 12845.056
33.7000 2 9625.92768
33.8000 2 11544.82176
33.9000 2 13316.9152
34.0000 2 10643.0464
34.1000 2 10003.41504
34.2000 2 13935.57504
34.3000 2 9133.09696
34.4000 2 10412.35968
34.5000 2 12624.85504
34.6000 2 10601.10336
34.7000 2 11523.85024
34.8000 2 12886.99904
34.9000 2 12792.6272
35.0000 2 11209.27744
35.1000 2 12436.11136
35.2000 2 10737.41824
35.3000 2 10747.904
35.4000 2 12729.71264
35.5000 2 11953.7664
35.6000 2 12048.13824
35.7000 2 10821.30432
35.8000 2 12121.53856
35.9000 2 10810.81856
36.0000 2 9793.69984
36.1000 2 13767.80288
36.2000 2 12163.4816
36.3000 2 9007.26784
36.4000 2 12362.71104
36.5000 2 10485.76
36.6000 2 9426.69824
36.7000 2 12782.14144
36.8000 2 9940.50048
36.9000 2 10066.3296
37.0000 2 14564.72064
37.1000 2 8682.20928
37.2000 2 10905.1904
37.3000 2 14271.11936
37.4000 2 8115.97824
37.5000 2 10338.95936
37.6000 2 13149.14304
37.7000 2 10737.41824
37.8000 2 9867.10016
37.9000 2 1310.72
