0.1000 2 0.0
0.2000 2 12436.11136
0.3000 2 9395.24096
0.4000 2 12373.1968
0.5000 2 12886.99904
0.6000 2 10517.21728
0.7000 2 12572.42624
0.8000 2 10643.0464
0.9000 2 13075.74272
1.0000 2 12645.82656
1.1000 2 11125.39136
1.2000 2 10926.16192
1.3000 2 14103.3472
1.4000 2 11880.36608
1.5000 2 9542.0416
1.6000 2 12299.79648
1.7000 2 12719.22688
1.8000 2 10475.27424
1.9000 2 11125.39136
2.0000 2 14365.4912
2.1000 2 9405.72672
2.2000 2 10286.53056
2.3000 2 14690.54976
2.4000 2 6878.65856
2.5000 2 10548.67456
2.6000 2 12163.4816
2.7000 2 7906.26304
2.8000 2 13379.82976
2.9000 2 9888.07168
3.0000 2 10297.01632
3.1000 2 13306.42944
3.2000 2 13337.88672
3.3000 2 10842.27584
3.4000 2 11670.65088
3.5000 2 12949.9136
3.6000 2 13736.3456
3.7000 2 11660.16512
3.8000 2 12111.0528
3.9000 2 12540.96896
4.0000 2 12771.65568
4.1000 2 10821.30432
4.2000 2 12897.4848
4.3000 2 11293.16352
4.4000 2 12792.6272
4.5000 2 12582.912
4.6000 2 11041.50528
4.7000 2 11398.02112
4.8000 2 13568.57344
4.9000 2 11848.9088
5.0000 2 10705.96096
5.1000 2 12624.85504
5.2000 2 14103.3472
5.3000 2 10359.93088
5.4000 2 9950.98624
5.5000 2 14365.4912
5.6000 2 10674.50368
5.7000 2 10559.16032
5.8000 2 12824.08448
5.9000 2 12530.4832
6.0000 2 8745.12384
6.1000 2 12173.96736
6.2000 2 10643.0464
6.3000 2 10936.64768
6.4000 2 12488.54016
6.5000 2 12509.51168
6.6000 2 10464.78848
6.7000 2 12509.51168
6.8000 2 10464.78848
6.9000 2 12729.71264
7.0000 2 12771.65568
7.1000 2 12907.97056
7.2000 2 11922.30912
7.3000 2 13956.54656
7.4000 2 12069.10976
7.5000 2 13610.51648
7.6000 2 11586.7648
7.7000 2 12813.59872
7.8000 2 11366.56384
7.9000 2 13180.60032
8.0000 2 11303.64928
8.1000 2 12698.25536
8.2000 2 12792.6272
8.3000 2 10936.64768
8.4000 2 11691.6224
8.5000 2 13180.60032
8.6000 2 12027.16672
8.7000 2 11156.84864
8.8000 2 12446.59712
8.9000 2 13914.60352
9.0000 2 10538.1888
9.1000 2 10087.30112
9.2000 2 14417.92
9.3000 2 11083.44832
9.4000 2 10129.24416
9.5000 2 11534.336
9.6000 2 14103.3472
9.7000 2 10517.21728
9.8000 2 9720.29952
9.9000 2 2506.09664
10.0000 2 650.11712
10.1000 2 1195.37664
10.2000 2 0.0
10.3000 2 12645.82656
10.4000 2 14040.43264
10.5000 2 10181.67296
10.6000 2 12278.82496
10.7000 2 12981.37088
10.8000 2 9877.58592
10.9000 2 10831.79008
11.0000 2 5515.50976
11.1000 2 7539.26144
11.2000 2 16903.04512
11.3000 2 10936.64768
11.4000 2 11104.41984
11.5000 2 14428.40576
11.6000 2 13159.6288
11.7000 2 11618.22208
11.8000 2 11146.36288
11.9000 2 2369.78176
12.0000 2 10024.38656
12.1000 2 18014.53568
12.2000 2 10852.7616
12.3000 2 10705.96096
12.4000 2 19000.19712
12.5000 2 11691.6224
12.6000 2 12792.6272
12.7000 2 9657.38496
12.8000 2 11051.99104
12.9000 2 13159.6288
13.0000 2 7822.37696
13.1000 2 12383.68256
13.2000 2 11586.7648
13.3000 2 10705.96096
13.4000 2 12446.59712
13.5000 2 13579.0592
13.6000 2 7361.00352
13.7000 2 4089.4464
13.8000 2 13327.40096
13.9000 2 16588.47232
14.0000 2 10842.27584
14.1000 2 12278.82496
14.2000 2 13117.68576
14.3000 2 12247.36768
14.4000 2 10978.59072
14.5000 2 13988.00384
14.6000 2 12561.94048
14.7000 2 12488.54016
14.8000 2 11010.048
14.9000 2 11523.85024
15.0000 2 11523.85024
15.1000 2 13149.14304
15.2000 2 11460.93568
15.3000 2 9374.26944
15.4000 2 13988.00384
15.5000 2 8703.1808
15.6000 2 8430.55104
15.7000 2 14239.66208
15.8000 2 10359.93088
15.9000 2 11418.99264
16.0000 2 12645.82656
16.1000 2 13065.25696
16.2000 2 10905.1904
16.3000 2 13012.82816
16.4000 2 10559.16032
16.5000 2 13421.7728
16.6000 2 12341.73952
16.7000 2 11209.27744
16.8000 2 11156.84864
16.9000 2 13715.37408
17.0000 2 14082.37568
17.1000 2 11681.13664
17.2000 2 11377.0496
17.3000 2 11744.0512
17.4000 2 12656.31232
17.5000 2 10737.41824
17.6000 2 12666.79808
17.7000 2 13033.79968
17.8000 2 10590.6176
17.9000 2 9636.41344
18.0000 2 14795.40736
18.1000 2 8703.1808
18.2000 2 9185.52576
18.3000 2 13526.6304
18.4000 2 7958.69184
18.5000 2 12016.68096
18.6000 2 13505.65888
18.7000 2 10768.87552
18.8000 2 11607.73632
18.9000 2 12027.16672
19.0000 2 12142.51008
19.1000 2 10758.38976
19.2000 2 12247.36768
19.3000 2 12299.79648
19.4000 2 10894.70464
19.5000 2 12792.6272
19.6000 2 10412.35968
19.7000 2 12970.88512
19.8000 2 13390.31552
19.9000 2 12048.13824
20.0000 2 10905.1904
20.1000 2 12499.02592
20.2000 2 12331.25376
20.3000 2 10443.81696
20.4000 2 12729.71264
20.5000 2 13568.57344
20.6000 2 12761.16992
20.7000 2 10653.53216
20.8000 2 12624.85504
20.9000 2 11534.336
21.0000 2 6952.05888
21.1000 2 11156.84864
21.2000 2 15665.72544
21.3000 2 11848.9088
21.4000 2 11345.59232
21.5000 2 12897.4848
21.6000 2 11041.50528
21.7000 2 10139.72992
21.8000 2 14124.31872
21.9000 2 9479.12704
22.0000 2 7853.83424
22.1000 2 10422.84544
22.2000 2 9950.98624
22.3000 2 13872.66048
22.4000 2 13254.00064
22.5000 2 12236.88192
22.6000 2 10768.87552
22.7000 2 12519.99744
22.8000 2 11953.7664
22.9000 2 11869.88032
23.0000 2 13872.66048
23.1000 2 12048.13824
23.2000 2 12173.96736
23.3000 2 12121.53856
23.4000 2 12981.37088
23.5000 2 11125.39136
23.6000 2 11723.07968
23.7000 2 14092.86144
23.8000 2 8325.69344
23.9000 2 10192.15872
24.0000 2 11754.53696
24.1000 2 9992.92928
24.2000 2 12478.0544
24.3000 2 12499.02592
24.4000 2 11261.70624
24.5000 2 12561.94048
24.6000 2 13054.7712
24.7000 2 12635.3408
24.8000 2 11492.39296
24.9000 2 12687.7696
25.0000 2 10559.16032
25.1000 2 12719.22688
25.2000 2 11995.70944
25.3000 2 11051.99104
25.4000 2 11932.79488
25.5000 2 12425.6256
25.6000 2 13421.7728
25.7000 2 10852.7616
25.8000 2 12561.94048
25.9000 2 11481.9072
26.0000 2 12257.85344
26.1000 2 11765.02272
26.2000 2 12027.16672
26.3000 2 12603.88352
26.4000 2 10527.70304
26.5000 2 12394.16832
26.6000 2 13516.14464
26.7000 2 10758.38976
26.8000 2 9699.328
26.9000 2 14795.40736
27.0000 2 9216.98304
27.1000 2 7874.80576
27.2000 2 15099.4944
27.3000 2 8954.83904
27.4000 2 11072.96256
27.5000 2 13652.45952
27.6000 2 12142.51008
27.7000 2 10527.70304
27.8000 2 12782.14144
27.9000 2 11418.99264
28.0000 2 12509.51168
28.1000 2 12782.14144
28.2000 2 10873.73312
28.3000 2 11702.10816
28.4000 2 13757.31712
28.5000 2 10580.13184
28.6000 2 10255.07328
28.7000 2 14124.31872
28.8000 2 10276.0448
28.9000 2 9290.38336
29.0000 2 13746.83136
29.1000 2 11051.99104
29.2000 2 10307.50208
29.3000 2 12394.16832
29.4000 2 12320.768
29.5000 2 10213.13024
29.6000 2 11072.96256
29.7000 2 13652.45952
29.8000 2 9594.4704
29.9000 2 10768.87552
30.0000 2 14092.86144
30.1000 2 9489.6128
30.2000 2 9363.78368
30.3000 2 14281.60512
30.4000 2 7906.26304
30.5000 2 11775.50848
30.6000 2 14071.88992
30.7000 2 11806.96576
30.8000 2 11492.39296
30.9000 2 12645.82656
31.0000 2 13673.43104
31.1000 2 8315.20768
31.2000 2 8420.06528
31.3000 2 13054.7712
31.4000 2 12813.59872
31.5000 2 12656.31232
31.6000 2 10737.41824
31.7000 2 12635.3408
31.8000 2 12488.54016
31.9000 2 10695.4752
32.0000 2 10601.10336
32.1000 2 14648.60672
32.2000 2 4466.93376
32.3000 2 9175.04
32.4000 2 14082.37568
32.5000 2 12478.0544
32.6000 2 12299.79648
32.7000 2 14921.23648
32.8000 2 11681.13664
32.9000 2 10580.13184
33.0000 2 13023.31392
33.1000 2 12677.28384
33.2000 2 12163.4816
33.3000 2 11418.99264
33.4000 2 12635.3408
33.5000 2 12394.16832
33.6000 2 12184.45312
33.7000 2 12907.97056
33.8000 2 11177.82016
33.9000 2 11660.16512
34.0000 2 14323.54816
34.1000 2 10758.38976
34.2000 2 9237.95456
34.3000 2 14375.97696
34.4000 2 9971.95776
34.5000 2 8933.86752
34.6000 2 14669.57824
34.7000 2 9164.55424
34.8000 2 7906.26304
34.9000 2 15309.2096
35.0000 2 8577.35168
35.1000 2 10716.44672
35.2000 2 13988.00384
35.3000 2 12467.56864
35.4000 2 10726.93248
35.5000 2 12970.88512
35.6000 2 12478.0544
35.7000 2 1205.8624
35.8000 2 230.68672
35.9000 2 650.11712
36.0000 2 14050.9184
36.1000 2 13914.60352
36.2000 2 2852.12672
