0.1000 2 0.0
0.2000 2 16053.69856
0.3000 2 8367.63648
0.4000 2 12058.624
0.5000 2 13704.88832
0.6000 2 10527.70304
0.7000 2 10622.07488
0.8000 2 14134.80448
0.9000 2 11681.13664
1.0000 2 10674.50368
1.1000 2 12310.28224
1.2000 2 13358.85824
1.3000 2 10821.30432
1.4000 2 10926.16192
1.5000 2 13537.11616
1.6000 2 12404.65408
1.7000 2 10569.64608
1.8000 2 12310.28224
1.9000 2 13453.23008
2.0000 2 10611.58912
2.1000 2 10873.73312
2.2000 2 13337.88672
2.3000 2 12027.16672
2.4000 2 10485.76
2.5000 2 12687.7696
2.6000 2 12960.39936
2.7000 2 11345.59232
2.8000 2 11901.3376
2.9000 2 12677.28384
3.0000 2 13065.25696
3.1000 2 11806.96576
3.2000 2 13159.6288
3.3000 2 11125.39136
3.4000 2 12415.13984
3.5000 2 13023.31392
3.6000 2 13327.40096
3.7000 2 10726.93248
3.8000 2 11901.3376
3.9000 2 14438.89152
4.0000 2 10852.7616
4.1000 2 10611.58912
4.2000 2 13201.57184
4.3000 2 13044.28544
4.4000 2 10276.0448
4.5000 2 10768.87552
4.6000 2 14921.23648
4.7000 2 9992.92928
4.8000 2 9237.95456
4.9000 2 12907.97056
5.0000 2 11544.82176
5.1000 2 11618.22208
5.2000 2 13883.14624
5.3000 2 12488.54016
5.4000 2 12299.79648
5.5000 2 11010.048
5.6000 2 13474.2016
5.7000 2 13065.25696
5.8000 2 10884.21888
5.9000 2 10653.53216
6.0000 2 14963.17952
6.1000 2 11051.99104
6.2000 2 9930.01472
6.3000 2 12645.82656
6.4000 2 12310.28224
6.5000 2 8839.49568
6.6000 2 12383.68256
6.7000 2 11408.50688
6.8000 2 7853.83424
6.9000 2 14197.71904
7.0000 2 10884.21888
7.1000 2 10286.53056
7.2000 2 12446.59712
7.3000 2 13704.88832
7.4000 2 10863.24736
7.5000 2 10842.27584
7.6000 2 13757.31712
7.7000 2 12247.36768
7.8000 2 10800.3328
7.9000 2 12394.16832
8.0000 2 13558.08768
8.1000 2 10957.6192
8.2000 2 10758.38976
8.3000 2 12970.88512
8.4000 2 13086.22848
8.5000 2 10716.44672
8.6000 2 12163.4816
8.7000 2 12708.74112
8.8000 2 11890.85184
8.9000 2 10873.73312
9.0000 2 12624.85504
9.1000 2 12960.39936
9.2000 2 10653.53216
9.3000 2 12582.912
9.4000 2 11303.64928
9.5000 2 12624.85504
9.6000 2 11429.4784
9.7000 2 12121.53856
9.8000 2 12320.768
9.9000 2 11597.25056
10.0000 2 12519.99744
10.1000 2 9688.84224
10.2000 2 8923.38176
10.3000 2 11104.41984
10.4000 2 12834.57024
10.5000 2 12436.11136
10.6000 2 12813.59872
10.7000 2 10643.0464
10.8000 2 12666.79808
10.9000 2 12341.73952
11.0000 2 11744.0512
11.1000 2 10831.79008
11.2000 2 12866.02752
11.3000 2 12656.31232
11.4000 2 10747.904
11.5000 2 12247.36768
11.6000 2 12928.94208
11.7000 2 11272.192
11.8000 2 10873.73312
11.9000 2 13012.82816
12.0000 2 12855.54176
12.1000 2 10737.41824
12.2000 2 11534.336
12.3000 2 13851.68896
12.4000 2 11230.24896
12.5000 2 10695.4752
12.6000 2 13180.60032
12.7000 2 12656.31232
12.8000 2 10643.0464
12.9000 2 11377.0496
13.0000 2 14260.6336
13.1000 2 11251.22048
13.2000 2 10716.44672
13.3000 2 12740.1984
13.4000 2 12960.39936
13.5000 2 10601.10336
13.6000 2 11010.048
13.7000 2 14690.54976
13.8000 2 10747.904
13.9000 2 10716.44672
14.0000 2 12949.9136
14.1000 2 12949.9136
14.2000 2 9206.49728
14.3000 2 11890.85184
14.4000 2 14470.3488
14.5000 2 9856.6144
14.6000 2 10747.904
14.7000 2 14019.46112
14.8000 2 11251.22048
14.9000 2 10611.58912
15.0000 2 12331.25376
15.1000 2 13704.88832
15.2000 2 8493.4656
15.3000 2 5987.36896
15.4000 2 1331.69152
15.5000 2 9510.58432
15.6000 2 10118.7584
15.7000 2 1142.94784
15.8000 2 2128.60928
15.9000 2 838.8608
16.0000 2 4697.62048
16.1000 2 15980.29824
16.2000 2 12415.13984
16.3000 2 16777.216
16.4000 2 12247.36768
16.5000 2 11681.13664
16.6000 2 13841.2032
16.7000 2 13348.37248
16.8000 2 11261.70624
16.9000 2 10957.6192
17.0000 2 14554.23488
17.1000 2 11723.07968
17.2000 2 10831.79008
17.3000 2 11586.7648
17.4000 2 14564.72064
17.5000 2 10821.30432
17.6000 2 10999.56224
17.7000 2 13149.14304
17.8000 2 13390.31552
17.9000 2 10800.3328
18.0000 2 10726.93248
18.1000 2 12981.37088
18.2000 2 2684.35456
18.3000 2 17458.7904
18.4000 2 12194.93888
18.5000 2 14480.83456
18.6000 2 11251.22048
18.7000 2 13274.97216
18.8000 2 12803.11296
18.9000 2 12698.25536
19.0000 2 11544.82176
19.1000 2 12037.65248
19.2000 2 14952.69376
19.3000 2 8891.92448
19.4000 2 8661.23776
19.5000 2 14711.52128
19.6000 2 7780.43392
19.7000 2 11104.41984
19.8000 2 13736.3456
19.9000 2 9709.81376
20.0000 2 10422.84544
20.1000 2 15340.66688
20.2000 2 9290.38336
20.3000 2 8136.94976
20.4000 2 10160.70144
20.5000 2 9007.26784
20.6000 2 14218.69056
20.7000 2 8734.63808
20.8000 2 13998.4896
20.9000 2 13935.57504
21.0000 2 15602.81088
21.1000 2 11607.73632
21.2000 2 13893.632
21.3000 2 12215.9104
21.4000 2 12582.912
21.5000 2 11261.70624
21.6000 2 12897.4848
21.7000 2 14292.09088
21.8000 2 11188.30592
21.9000 2 10664.01792
22.0000 2 13191.08608
22.1000 2 13379.82976
22.2000 2 10401.87392
22.3000 2 10622.07488
22.4000 2 15172.89472
22.5000 2 10118.7584
22.6000 2 10601.10336
22.7000 2 13474.2016
22.8000 2 12845.056
22.9000 2 10538.1888
23.0000 2 10810.81856
23.1000 2 15078.52288
23.2000 2 10150.21568
23.3000 2 9835.64288
23.4000 2 14459.86304
23.5000 2 10213.13024
23.6000 2 9835.64288
23.7000 2 11964.25216
23.8000 2 11806.96576
23.9000 2 11765.02272
24.0000 2 9814.67136
24.1000 2 9521.07008
24.2000 2 8346.66496
24.3000 2 9783.21408
24.4000 2 16525.55776
24.5000 2 14596.17792
24.6000 2 10768.87552
24.7000 2 10590.6176
24.8000 2 13474.2016
24.9000 2 13390.31552
25.0000 2 9604.95616
25.1000 2 11293.16352
25.2000 2 14596.17792
25.3000 2 10842.27584
25.4000 2 10664.01792
25.5000 2 13243.51488
25.6000 2 12152.99584
25.7000 2 10548.67456
25.8000 2 11681.13664
25.9000 2 14585.69216
26.0000 2 10999.56224
26.1000 2 10726.93248
26.2000 2 12824.08448
26.3000 2 13306.42944
26.4000 2 10737.41824
26.5000 2 10873.73312
26.6000 2 14543.74912
26.7000 2 11051.99104
26.8000 2 10674.50368
26.9000 2 12635.3408
27.0000 2 13453.23008
27.1000 2 11198.79168
27.2000 2 10506.73152
27.3000 2 14491.32032
27.4000 2 11785.99424
27.5000 2 10779.36128
27.6000 2 12048.13824
27.7000 2 13998.4896
27.8000 2 9395.24096
27.9000 2 10705.96096
28.0000 2 14543.74912
28.1000 2 10401.87392
28.2000 2 10789.84704
28.3000 2 13400.80128
28.4000 2 13264.4864
28.5000 2 9552.52736
28.6000 2 11660.16512
28.7000 2 14029.94688
28.8000 2 11523.85024
28.9000 2 10517.21728
29.0000 2 13180.60032
29.1000 2 11513.36448
29.2000 2 9720.29952
29.3000 2 13579.0592
29.4000 2 12457.08288
29.5000 2 11282.67776
29.6000 2 11083.44832
29.7000 2 13149.14304
29.8000 2 12918.45632
29.9000 2 10758.38976
30.0000 2 12194.93888
30.1000 2 13453.23008
30.2000 2 11335.10656
30.3000 2 10842.27584
30.4000 2 13421.7728
30.5000 2 9405.72672
30.6000 2 7633.63328
30.7000 2 13442.74432
30.8000 2 14554.23488
30.9000 2 11639.1936
31.0000 2 13998.4896
31.1000 2 11418.99264
31.2000 2 12037.65248
31.3000 2 13851.68896
31.4000 2 12981.37088
31.5000 2 11272.192
31.6000 2 10391.38816
31.7000 2 14438.89152
31.8000 2 10978.59072
31.9000 2 10632.56064
32.0000 2 13600.03072
32.1000 2 12016.68096
32.2000 2 10244.58752
32.3000 2 11848.9088
32.4000 2 13641.97376
32.5000 2 11251.22048
32.6000 2 10066.3296
32.7000 2 14008.97536
32.8000 2 11702.10816
32.9000 2 11125.39136
33.0000 2 11911.82336
33.1000 2 14837.3504
33.2000 2 10506.73152
33.3000 2 10317.98784
33.4000 2 13925.08928
33.5000 2 12740.1984
33.6000 2 10286.53056
33.7000 2 11303.64928
33.8000 2 14931.72224
33.9000 2 10684.98944
34.0000 2 10317.98784
34.1000 2 12928.94208
34.2000 2 13044.28544
34.3000 2 11051.99104
34.4000 2 11366.56384
34.5000 2 14554.23488
34.6000 2 11293.16352
34.7000 2 10066.3296
34.8000 2 13086.22848
34.9000 2 12918.45632
35.0000 2 10181.67296
35.1000 2 10884.21888
35.2000 2 11607.73632
35.3000 2 7979.66336
35.4000 2 12866.02752
35.5000 2 7497.3184
