0.1000 2 0.0
0.2000 2 11513.36448
0.3000 2 10076.81536
0.4000 2 12866.02752
0.5000 2 13086.22848
0.6000 2 10968.10496
0.7000 2 11450.44992
0.8000 2 12698.25536
0.9000 2 12247.36768
1.0000 2 10989.07648
1.1000 2 12813.59872
1.2000 2 12614.36928
1.3000 2 11523.85024
1.4000 2 11639.1936
1.5000 2 12394.16832
1.6000 2 12247.36768
1.7000 2 10590.6176
1.8000 2 10359.93088
1.9000 2 10999.56224
2.0000 2 12519.99744
2.1000 2 7444.8896
2.2000 2 11827.93728
2.3000 2 12771.65568
2.4000 2 11198.79168
2.5000 2 13285.45792
2.6000 2 11020.53376
2.7000 2 12645.82656
2.8000 2 13212.0576
2.9000 2 11943.28064
3.0000 2 10999.56224
3.1000 2 12299.79648
3.2000 2 13547.60192
3.3000 2 8902.41024
3.4000 2 11775.50848
3.5000 2 12436.11136
3.6000 2 10915.67616
3.7000 2 11733.56544
3.8000 2 12803.11296
3.9000 2 12278.82496
4.0000 2 10611.58912
4.1000 2 12845.056
4.2000 2 13107.2
4.3000 2 11439.96416
4.4000 2 11565.79328
4.5000 2 12446.59712
4.6000 2 13212.0576
4.7000 2 11188.30592
4.8000 2 11429.4784
4.9000 2 14585.69216
5.0000 2 11712.59392
5.1000 2 10622.07488
5.2000 2 12194.93888
5.3000 2 13904.11776
5.4000 2 10873.73312
5.5000 2 10737.41824
5.6000 2 13233.02912
5.7000 2 12907.97056
5.8000 2 10622.07488
5.9000 2 12236.88192
6.0000 2 13579.0592
6.1000 2 11890.85184
6.2000 2 10726.93248
6.3000 2 12677.28384
6.4000 2 13295.94368
6.5000 2 11062.4768
6.6000 2 10968.10496
6.7000 2 13757.31712
6.8000 2 12519.99744
6.9000 2 10737.41824
7.0000 2 12352.22528
7.1000 2 12981.37088
7.2000 2 11628.70784
7.3000 2 10915.67616
7.4000 2 13463.71584
7.5000 2 12771.65568
7.6000 2 9909.0432
7.7000 2 11156.84864
7.8000 2 5735.71072
7.9000 2 11293.16352
8.0000 2 15959.32672
8.1000 2 13652.45952
8.2000 2 13054.7712
8.3000 2 11251.22048
8.4000 2 12331.25376
8.5000 2 14375.97696
8.6000 2 10622.07488
8.7000 2 10559.16032
8.8000 2 13432.25856
8.9000 2 12467.56864
9.0000 2 10674.50368
9.1000 2 11974.73792
9.2000 2 13337.88672
9.3000 2 11398.02112
9.4000 2 10789.84704
9.5000 2 12582.912
9.6000 2 12960.39936
9.7000 2 10674.50368
9.8000 2 12509.51168
9.9000 2 12090.08128
10.0000 2 12079.59552
10.1000 2 11230.24896
10.2000 2 12341.73952
10.3000 2 12918.45632
10.4000 2 11083.44832
10.5000 2 12782.14144
10.6000 2 10684.98944
10.7000 2 13254.00064
10.8000 2 11387.53536
10.9000 2 12037.65248
11.0000 2 11827.93728
11.1000 2 11880.36608
11.2000 2 11806.96576
11.3000 2 9657.38496
11.4000 2 13369.344
11.5000 2 12142.51008
11.6000 2 10422.84544
11.7000 2 11576.27904
11.8000 2 14187.23328
11.9000 2 10150.21568
12.0000 2 10726.93248
12.1000 2 14050.9184
12.2000 2 12415.13984
12.3000 2 11083.44832
12.4000 2 12289.31072
12.5000 2 13212.0576
12.6000 2 13033.79968
12.7000 2 11324.6208
12.8000 2 13233.02912
12.9000 2 11607.73632
13.0000 2 13432.25856
13.1000 2 10989.07648
13.2000 2 12970.88512
13.3000 2 11481.9072
13.4000 2 13149.14304
13.5000 2 12079.59552
13.6000 2 11303.64928
13.7000 2 12467.56864
13.8000 2 10842.27584
13.9000 2 13002.3424
14.0000 2 11198.79168
14.1000 2 11985.22368
14.2000 2 11932.79488
14.3000 2 11723.07968
14.4000 2 12740.1984
14.5000 2 10674.50368
14.6000 2 13033.79968
14.7000 2 12530.4832
14.8000 2 11806.96576
14.9000 2 10779.36128
15.0000 2 12949.9136
15.1000 2 12173.96736
15.2000 2 7539.26144
15.3000 2 13044.28544
15.4000 2 11817.45152
15.5000 2 10915.67616
15.6000 2 13086.22848
15.7000 2 12278.82496
15.8000 2 11880.36608
15.9000 2 12362.71104
16.0000 2 11523.85024
16.1000 2 12320.768
16.2000 2 12404.65408
16.3000 2 12876.51328
16.4000 2 10863.24736
16.5000 2 12519.99744
16.6000 2 14166.26176
16.7000 2 11848.9088
16.8000 2 10894.70464
16.9000 2 12163.4816
17.0000 2 13526.6304
17.1000 2 10391.38816
17.2000 2 10684.98944
17.3000 2 14837.3504
17.4000 2 9950.98624
17.5000 2 9961.472
17.6000 2 13390.31552
17.7000 2 12027.16672
17.8000 2 8933.86752
17.9000 2 6071.25504
18.0000 2 8860.4672
18.1000 2 9751.7568
18.2000 2 19472.05632
18.3000 2 10359.93088
18.4000 2 11261.70624
18.5000 2 13337.88672
18.6000 2 13946.0608
18.7000 2 11219.7632
18.8000 2 12058.624
18.9000 2 18287.16544
19.0000 2 14334.03392
19.1000 2 12582.912
19.2000 2 12289.31072
19.3000 2 9867.10016
19.4000 2 20174.60224
19.5000 2 9646.8992
19.6000 2 13243.51488
19.7000 2 7235.1744
19.8000 2 10297.01632
19.9000 2 13809.74592
20.0000 2 13453.23008
20.1000 2 18706.59584
20.2000 2 12949.9136
20.3000 2 11418.99264
20.4000 2 11901.3376
20.5000 2 9185.52576
20.6000 2 11324.6208
20.7000 2 14344.51968
20.8000 2 10726.93248
20.9000 2 10779.36128
21.0000 2 14166.26176
21.1000 2 11765.02272
21.2000 2 10307.50208
21.3000 2 12373.1968
21.4000 2 13180.60032
21.5000 2 6564.08576
21.6000 2 5882.51136
21.7000 2 15403.58144
21.8000 2 10338.95936
21.9000 2 8891.92448
22.0000 2 13547.60192
22.1000 2 11922.30912
22.2000 2 11083.44832
22.3000 2 11932.79488
22.4000 2 8965.3248
22.5000 2 8545.8944
22.6000 2 14218.69056
22.7000 2 12824.08448
22.8000 2 10758.38976
22.9000 2 12247.36768
23.0000 2 13180.60032
23.1000 2 11723.07968
23.2000 2 10611.58912
23.3000 2 10842.27584
23.4000 2 11481.9072
23.5000 2 13358.85824
23.6000 2 10454.30272
23.7000 2 8818.52416
23.8000 2 14250.14784
23.9000 2 8797.55264
24.0000 2 10307.50208
24.1000 2 15256.7808
24.2000 2 10894.70464
24.3000 2 10926.16192
24.4000 2 13191.08608
24.5000 2 12855.54176
24.6000 2 11859.39456
24.7000 2 11806.96576
24.8000 2 12970.88512
24.9000 2 13463.71584
25.0000 2 11785.99424
25.1000 2 11712.59392
25.2000 2 13033.79968
25.3000 2 12928.94208
25.4000 2 11806.96576
25.5000 2 13044.28544
25.6000 2 11251.22048
25.7000 2 12446.59712
25.8000 2 12719.22688
25.9000 2 12677.28384
26.0000 2 10947.13344
26.1000 2 12383.68256
26.2000 2 14701.03552
26.3000 2 11628.70784
26.4000 2 10821.30432
26.5000 2 12331.25376
26.6000 2 13579.0592
26.7000 2 10412.35968
26.8000 2 10643.0464
26.9000 2 14554.23488
27.0000 2 11177.82016
27.1000 2 10034.87232
27.2000 2 13159.6288
27.3000 2 12331.25376
27.4000 2 9248.44032
27.5000 2 12341.73952
27.6000 2 11356.07808
27.7000 2 11618.22208
27.8000 2 7696.54784
27.9000 2 4393.53344
28.0000 2 12803.11296
28.1000 2 16011.75552
28.2000 2 12866.02752
28.3000 2 11020.53376
28.4000 2 12415.13984
28.5000 2 14826.86464
28.6000 2 10968.10496
28.7000 2 11104.41984
28.8000 2 13411.28704
28.9000 2 13264.4864
29.0000 2 11282.67776
29.1000 2 12530.4832
29.2000 2 11534.336
29.3000 2 12467.56864
29.4000 2 12614.36928
29.5000 2 12960.39936
29.6000 2 11534.336
29.7000 2 11859.39456
29.8000 2 14627.6352
29.9000 2 11827.93728
30.0000 2 10800.3328
30.1000 2 12478.0544
30.2000 2 14428.40576
30.3000 2 11995.70944
30.4000 2 10989.07648
30.5000 2 12111.0528
30.6000 2 14522.7776
30.7000 2 11356.07808
30.8000 2 11628.70784
30.9000 2 12981.37088
31.0000 2 14302.57664
31.1000 2 11156.84864
31.2000 2 11125.39136
31.3000 2 13128.17152
31.4000 2 12813.59872
31.5000 2 12635.3408
31.6000 2 11953.7664
31.7000 2 12939.42784
31.8000 2 13180.60032
31.9000 2 11104.41984
32.0000 2 11282.67776
32.1000 2 14134.80448
32.2000 2 12446.59712
32.3000 2 10674.50368
32.4000 2 11628.70784
32.5000 2 14522.7776
32.6000 2 9971.95776
32.7000 2 9552.52736
32.8000 2 15382.60992
32.9000 2 9468.64128
33.0000 2 9437.184
33.1000 2 14344.51968
33.2000 2 12247.36768
33.3000 2 10999.56224
33.4000 2 12687.7696
33.5000 2 12111.0528
33.6000 2 13337.88672
33.7000 2 11114.9056
33.8000 2 13201.57184
33.9000 2 11471.42144
34.0000 2 12897.4848
34.1000 2 11639.1936
34.2000 2 13065.25696
34.3000 2 12949.9136
34.4000 2 11125.39136
34.5000 2 11209.27744
34.6000 2 14061.40416
34.7000 2 12572.42624
34.8000 2 8933.86752
34.9000 2 1038.09024
