0.1000 2 0.0
0.2000 2 12666.79808
0.3000 2 7780.43392
0.4000 2 13600.03072
0.5000 2 11167.3344
0.6000 2 10454.30272
0.7000 2 12698.25536
0.8000 2 13746.83136
0.9000 2 11135.87712
1.0000 2 11114.9056
1.1000 2 10716.44672
1.2000 2 13778.28864
1.3000 2 11209.27744
1.4000 2 13526.6304
1.5000 2 11544.82176
1.6000 2 12519.99744
1.7000 2 10171.1872
1.8000 2 13453.23008
1.9000 2 7874.80576
2.0000 2 9321.84064
2.1000 2 14522.7776
2.2000 2 10653.53216
2.3000 2 11083.44832
2.4000 2 12687.7696
2.5000 2 13128.17152
2.6000 2 10915.67616
2.7000 2 12582.912
2.8000 2 10873.73312
2.9000 2 13107.2
3.0000 2 13096.71424
3.1000 2 11356.07808
3.2000 2 10915.67616
3.3000 2 13830.71744
3.4000 2 12593.39776
3.5000 2 10496.24576
3.6000 2 11209.27744
3.7000 2 14816.37888
3.8000 2 10443.81696
3.9000 2 10454.30272
4.0000 2 13547.60192
4.1000 2 12635.3408
4.2000 2 10401.87392
4.3000 2 11377.0496
4.4000 2 14701.03552
4.5000 2 10433.3312
4.6000 2 10213.13024
4.7000 2 13977.51808
4.8000 2 11607.73632
4.9000 2 10024.38656
5.0000 2 12090.08128
5.1000 2 14145.29024
5.2000 2 10643.0464
5.3000 2 10643.0464
5.4000 2 14313.0624
5.5000 2 11890.85184
5.6000 2 10433.3312
5.7000 2 11723.07968
5.8000 2 14334.03392
5.9000 2 9992.92928
6.0000 2 10716.44672
6.1000 2 14533.26336
6.2000 2 11398.02112
6.3000 2 10118.7584
6.4000 2 12079.59552
6.5000 2 13799.26016
6.6000 2 10485.76
6.7000 2 10705.96096
6.8000 2 14816.37888
6.9000 2 11356.07808
7.0000 2 10475.27424
7.1000 2 12163.4816
7.2000 2 13956.54656
7.3000 2 10234.10176
7.4000 2 10359.93088
7.5000 2 15036.57984
7.6000 2 9028.23936
7.7000 2 10831.79008
7.8000 2 13988.00384
7.9000 2 11398.02112
8.0000 2 9521.07008
8.1000 2 12540.96896
8.2000 2 13306.42944
8.3000 2 10758.38976
8.4000 2 11639.1936
8.5000 2 12530.4832
8.6000 2 12698.25536
8.7000 2 10223.616
8.8000 2 12939.42784
8.9000 2 12142.51008
9.0000 2 11314.13504
9.1000 2 12425.6256
9.2000 2 12142.51008
9.3000 2 12981.37088
9.4000 2 10936.64768
9.5000 2 12509.51168
9.6000 2 13610.51648
9.7000 2 11534.336
9.8000 2 11051.99104
9.9000 2 12813.59872
10.0000 2 13128.17152
10.1000 2 10548.67456
10.2000 2 10936.64768
10.3000 2 14847.83616
10.4000 2 10873.73312
10.5000 2 10758.38976
10.6000 2 12656.31232
10.7000 2 13264.4864
10.8000 2 10475.27424
10.9000 2 10968.10496
11.0000 2 14795.40736
11.1000 2 10643.0464
11.2000 2 10349.44512
11.3000 2 13547.60192
11.4000 2 12310.28224
11.5000 2 10255.07328
11.6000 2 11439.96416
11.7000 2 14438.89152
11.8000 2 10297.01632
11.9000 2 10307.50208
12.0000 2 14407.43424
12.1000 2 10716.44672
12.2000 2 10852.7616
12.3000 2 11964.25216
12.4000 2 13484.68736
12.5000 2 9269.41184
12.6000 2 11460.93568
12.7000 2 14459.86304
12.8000 2 10737.41824
12.9000 2 10202.64448
13.0000 2 13998.4896
13.1000 2 11806.96576
13.2000 2 9898.55744
13.3000 2 12090.08128
13.4000 2 13998.4896
13.5000 2 10160.70144
13.6000 2 10401.87392
13.7000 2 14847.83616
13.8000 2 9751.7568
13.9000 2 10118.7584
14.0000 2 13600.03072
14.1000 2 12383.68256
14.2000 2 10601.10336
14.3000 2 11502.87872
14.4000 2 14050.9184
14.5000 2 10286.53056
14.6000 2 10076.81536
14.7000 2 14575.2064
14.8000 2 10076.81536
14.9000 2 9950.98624
15.0000 2 13662.94528
15.1000 2 11429.4784
15.2000 2 10590.6176
15.3000 2 12100.56704
15.4000 2 12698.25536
15.5000 2 10234.10176
15.6000 2 11660.16512
15.7000 2 13390.31552
15.8000 2 11681.13664
15.9000 2 11010.048
16.0000 2 12824.08448
16.1000 2 12446.59712
16.2000 2 10632.56064
16.3000 2 11135.87712
16.4000 2 13778.28864
16.5000 2 10936.64768
16.6000 2 10202.64448
16.7000 2 14355.00544
16.8000 2 11293.16352
16.9000 2 10297.01632
17.0000 2 12236.88192
17.1000 2 13474.2016
17.2000 2 11293.16352
17.3000 2 10852.7616
17.4000 2 11880.36608
17.5000 2 8178.8928
17.6000 2 10559.16032
17.7000 2 14428.40576
17.8000 2 11146.36288
17.9000 2 10527.70304
18.0000 2 13033.79968
18.1000 2 12949.9136
18.2000 2 9667.87072
18.3000 2 11324.6208
18.4000 2 5872.0256
18.5000 2 2610.95424
18.6000 2 8692.69504
18.7000 2 9500.09856
18.8000 2 7780.43392
18.9000 2 14763.95008
19.0000 2 7319.06048
19.1000 2 11398.02112
19.2000 2 6784.28672
19.3000 2 13201.57184
19.4000 2 12970.88512
19.5000 2 13358.85824
19.6000 2 10789.84704
19.7000 2 10842.27584
19.8000 2 5966.39744
19.9000 2 3365.92896
20.0000 2 28322.03776
20.1000 2 12897.4848
20.2000 2 14554.23488
20.3000 2 10055.84384
20.4000 2 10055.84384
20.5000 2 11523.85024
20.6000 2 9206.49728
20.7000 2 293.60128
20.8000 2 440.40192
20.9000 2 901.77536
21.0000 2 4655.67744
21.1000 2 18612.224
21.2000 2 15089.00864
21.3000 2 13285.45792
21.4000 2 11114.9056
21.5000 2 13537.11616
21.6000 2 12886.99904
21.7000 2 8378.12224
21.8000 2 10726.93248
21.9000 2 8388.608
22.0000 2 8252.29312
22.1000 2 5788.13952
22.2000 2 964.68992
22.3000 2 14459.86304
22.4000 2 6952.05888
22.5000 2 14459.86304
22.6000 2 16011.75552
22.7000 2 12750.68416
22.8000 2 13925.08928
22.9000 2 12331.25376
23.0000 2 10118.7584
23.1000 2 11649.67936
23.2000 2 14753.46432
23.3000 2 10066.3296
23.4000 2 10601.10336
23.5000 2 14124.31872
23.6000 2 12509.51168
23.7000 2 10632.56064
23.8000 2 11156.84864
23.9000 2 14942.208
24.0000 2 10664.01792
24.1000 2 9877.58592
24.2000 2 13767.80288
24.3000 2 12027.16672
24.4000 2 9699.328
24.5000 2 12163.4816
24.6000 2 13893.632
24.7000 2 10464.78848
24.8000 2 10370.41664
24.9000 2 14365.4912
25.0000 2 11670.65088
25.1000 2 10716.44672
25.2000 2 12205.42464
25.3000 2 13484.68736
25.4000 2 10821.30432
25.5000 2 10758.38976
25.6000 2 14050.9184
25.7000 2 12111.0528
25.8000 2 10674.50368
25.9000 2 11964.25216
26.0000 2 14145.29024
26.1000 2 10789.84704
26.2000 2 10705.96096
26.3000 2 13537.11616
26.4000 2 12593.39776
26.5000 2 10716.44672
26.6000 2 11439.96416
26.7000 2 14040.43264
26.8000 2 11104.41984
26.9000 2 10622.07488
27.0000 2 13411.28704
27.1000 2 12792.6272
27.2000 2 10726.93248
27.3000 2 11335.10656
27.4000 2 14680.064
27.5000 2 11481.9072
27.6000 2 10747.904
27.7000 2 12226.39616
27.8000 2 14155.776
27.9000 2 10664.01792
28.0000 2 6763.3152
28.1000 2 10024.38656
28.2000 2 13254.00064
28.3000 2 15246.29504
28.4000 2 11230.24896
28.5000 2 13086.22848
28.6000 2 11093.93408
28.7000 2 13505.65888
28.8000 2 11597.25056
28.9000 2 12341.73952
29.0000 2 10789.84704
29.1000 2 13432.25856
29.2000 2 12761.16992
29.3000 2 11020.53376
29.4000 2 10747.904
29.5000 2 14774.43584
29.6000 2 10181.67296
29.7000 2 9489.6128
29.8000 2 9961.472
29.9000 2 5033.1648
30.0000 2 12236.88192
30.1000 2 17070.81728
30.2000 2 14617.14944
30.3000 2 9720.29952
30.4000 2 12750.68416
30.5000 2 12268.3392
30.6000 2 8577.35168
30.7000 2 12792.6272
30.8000 2 11827.93728
30.9000 2 10443.81696
31.0000 2 11765.02272
31.1000 2 14459.86304
31.2000 2 9877.58592
31.3000 2 10129.24416
31.4000 2 14355.00544
31.5000 2 11083.44832
31.6000 2 10506.73152
31.7000 2 12761.16992
31.8000 2 12457.08288
31.9000 2 10297.01632
32.0000 2 11293.16352
32.1000 2 14554.23488
32.2000 2 9699.328
32.3000 2 10118.7584
32.4000 2 14344.51968
32.5000 2 10957.6192
32.6000 2 10244.58752
32.7000 2 13212.0576
32.8000 2 12037.65248
32.9000 2 10150.21568
33.0000 2 11314.13504
33.1000 2 13662.94528
33.2000 2 10160.70144
33.3000 2 10328.4736
33.4000 2 14533.26336
33.5000 2 9930.01472
33.6000 2 9940.50048
33.7000 2 14365.4912
33.8000 2 10569.64608
33.9000 2 9332.3264
34.0000 2 14040.43264
34.1000 2 11848.9088
34.2000 2 8923.38176
34.3000 2 12981.37088
34.4000 2 12782.14144
34.5000 2 9720.29952
34.6000 2 10957.6192
34.7000 2 13233.02912
34.8000 2 9772.72832
34.9000 2 10443.81696
35.0000 2 12845.056
35.1000 2 7801.40544
35.2000 2 12803.11296
35.3000 2 8409.57952
35.4000 2 10789.84704
35.5000 2 13012.82816
35.6000 2 12719.22688
35.7000 2 10538.1888
35.8000 2 12939.42784
35.9000 2 11377.0496
36.0000 2 8545.8944
