0.1000 2 0.0
0.2000 2 12278.82496
0.3000 2 10223.616
0.4000 2 12163.4816
0.5000 2 13379.82976
0.6000 2 10821.30432
0.7000 2 9311.35488
0.8000 2 14134.80448
0.9000 2 10684.98944
1.0000 2 10852.7616
1.1000 2 12792.6272
1.2000 2 12561.94048
1.3000 2 10894.70464
1.4000 2 12803.11296
1.5000 2 12236.88192
1.6000 2 12006.1952
1.7000 2 11135.87712
1.8000 2 12194.93888
1.9000 2 12572.42624
2.0000 2 10108.27264
2.1000 2 11985.22368
2.2000 2 12048.13824
2.3000 2 10810.81856
2.4000 2 11838.42304
2.5000 2 13977.51808
2.6000 2 10506.73152
2.7000 2 7895.77728
2.8000 2 15235.80928
2.9000 2 10045.35808
3.0000 2 11083.44832
3.1000 2 12813.59872
3.2000 2 13149.14304
3.3000 2 11272.192
3.4000 2 12897.4848
3.5000 2 11345.59232
3.6000 2 12069.10976
3.7000 2 14355.00544
3.8000 2 10905.1904
3.9000 2 8996.78208
4.0000 2 14491.32032
4.1000 2 9458.15552
4.2000 2 11167.3344
4.3000 2 13023.31392
4.4000 2 12949.9136
4.5000 2 11964.25216
4.6000 2 12540.96896
4.7000 2 11093.93408
4.8000 2 11408.50688
4.9000 2 14512.29184
5.0000 2 10213.13024
5.1000 2 9017.7536
5.2000 2 14889.7792
5.3000 2 8577.35168
5.4000 2 10873.73312
5.5000 2 13023.31392
5.6000 2 13117.68576
5.7000 2 11125.39136
5.8000 2 12320.768
5.9000 2 11523.85024
6.0000 2 10527.70304
6.1000 2 12184.45312
6.2000 2 10401.87392
6.3000 2 12069.10976
6.4000 2 12236.88192
6.5000 2 10202.64448
6.6000 2 12037.65248
6.7000 2 13411.28704
6.8000 2 10171.1872
6.9000 2 9552.52736
7.0000 2 14166.26176
7.1000 2 6878.65856
7.2000 2 10737.41824
7.3000 2 11429.4784
7.4000 2 11544.82176
7.5000 2 11502.87872
7.6000 2 11712.59392
7.7000 2 12058.624
7.8000 2 13453.23008
7.9000 2 11597.25056
8.0000 2 12488.54016
8.1000 2 13526.6304
8.2000 2 13621.00224
8.3000 2 11618.22208
8.4000 2 11450.44992
8.5000 2 14292.09088
8.6000 2 13400.80128
8.7000 2 10108.27264
8.8000 2 9982.44352
8.9000 2 13233.02912
9.0000 2 10255.07328
9.1000 2 11765.02272
9.2000 2 13421.7728
9.3000 2 13463.71584
9.4000 2 11744.0512
9.5000 2 12771.65568
9.6000 2 13075.74272
9.7000 2 13348.37248
9.8000 2 12152.99584
9.9000 2 12530.4832
10.0000 2 12708.74112
10.1000 2 12551.45472
10.2000 2 12991.85664
10.3000 2 12593.39776
10.4000 2 13264.4864
10.5000 2 11765.02272
10.6000 2 14082.37568
10.7000 2 11618.22208
10.8000 2 11628.70784
10.9000 2 11251.22048
11.0000 2 11859.39456
11.1000 2 12278.82496
11.2000 2 10433.3312
11.3000 2 12530.4832
11.4000 2 12750.68416
11.5000 2 10181.67296
11.6000 2 11628.70784
11.7000 2 13704.88832
11.8000 2 10496.24576
11.9000 2 10297.01632
12.0000 2 13988.00384
12.1000 2 10863.24736
12.2000 2 10055.84384
12.3000 2 12886.99904
12.4000 2 11964.25216
12.5000 2 10286.53056
12.6000 2 11492.39296
12.7000 2 13505.65888
12.8000 2 8598.3232
12.9000 2 11031.01952
13.0000 2 7780.43392
13.1000 2 9258.92608
13.2000 2 13054.7712
13.3000 2 10286.53056
13.4000 2 11072.96256
13.5000 2 13589.54496
13.6000 2 11031.01952
13.7000 2 10338.95936
13.8000 2 12824.08448
13.9000 2 12404.65408
14.0000 2 10359.93088
14.1000 2 12886.99904
14.2000 2 11943.28064
14.3000 2 10936.64768
14.4000 2 12740.1984
14.5000 2 10443.81696
14.6000 2 12687.7696
14.7000 2 12205.42464
14.8000 2 11429.4784
14.9000 2 11072.96256
15.0000 2 10506.73152
15.1000 2 11681.13664
15.2000 2 10684.98944
15.3000 2 12677.28384
15.4000 2 11366.56384
15.5000 2 7717.51936
15.6000 2 1384.12032
15.7000 2 1184.89088
15.8000 2 1184.89088
15.9000 2 0.0
16.0000 2 12352.22528
16.1000 2 11093.93408
16.2000 2 11890.85184
16.3000 2 10464.78848
16.4000 2 8472.49408
16.5000 2 15057.55136
16.6000 2 9426.69824
16.7000 2 11555.30752
16.8000 2 12142.51008
16.9000 2 12928.94208
17.0000 2 12310.28224
17.1000 2 12928.94208
17.2000 2 11408.50688
17.3000 2 12069.10976
17.4000 2 6731.85792
17.5000 2 8965.3248
17.6000 2 6941.57312
17.7000 2 9751.7568
17.8000 2 10664.01792
17.9000 2 12582.912
18.0000 2 13054.7712
18.1000 2 5200.93696
18.2000 2 2569.0112
18.3000 2 9154.06848
18.4000 2 6134.1696
18.5000 2 5934.94016
18.6000 2 8032.09216
18.7000 2 6343.8848
18.8000 2 6637.48608
18.9000 2 14334.03392
19.0000 2 14229.17632
19.1000 2 11660.16512
19.2000 2 9846.12864
19.3000 2 11209.27744
19.4000 2 11681.13664
19.5000 2 11481.9072
19.6000 2 11324.6208
19.7000 2 12352.22528
19.8000 2 10559.16032
19.9000 2 4477.41952
20.0000 2 7853.83424
20.1000 2 3229.61408
20.2000 2 94.37184
20.3000 2 8524.92288
20.4000 2 4823.4496
20.5000 2 6050.28352
20.6000 2 3072.32768
20.7000 2 7581.20448
20.8000 2 1960.83712
20.9000 2 12152.99584
21.0000 2 17857.24928
21.1000 2 13621.00224
21.2000 2 9814.67136
21.3000 2 12132.02432
21.4000 2 12886.99904
21.5000 2 11775.50848
21.6000 2 12132.02432
21.7000 2 13925.08928
21.8000 2 12268.3392
21.9000 2 13610.51648
22.0000 2 12121.53856
22.1000 2 14113.83296
22.2000 2 11922.30912
22.3000 2 13411.28704
22.4000 2 12687.7696
22.5000 2 13274.97216
22.6000 2 11974.73792
22.7000 2 11628.70784
22.8000 2 12016.68096
22.9000 2 12415.13984
23.0000 2 10810.81856
23.1000 2 12792.6272
23.2000 2 13662.94528
23.3000 2 10611.58912
23.4000 2 10223.616
23.5000 2 13526.6304
23.6000 2 11481.9072
23.7000 2 10569.64608
23.8000 2 12907.97056
23.9000 2 12824.08448
24.0000 2 9971.95776
24.1000 2 11387.53536
24.2000 2 13967.03232
24.3000 2 10338.95936
24.4000 2 10422.84544
24.5000 2 13893.632
24.6000 2 10695.4752
24.7000 2 10601.10336
24.8000 2 12991.85664
24.9000 2 12436.11136
25.0000 2 10150.21568
25.1000 2 11481.9072
25.2000 2 14103.3472
25.3000 2 7990.14912
25.4000 2 7707.0336
25.5000 2 15550.38208
25.6000 2 11974.73792
25.7000 2 11754.53696
25.8000 2 13568.57344
25.9000 2 12918.45632
26.0000 2 10747.904
26.1000 2 13453.23008
26.2000 2 10653.53216
26.3000 2 12740.1984
26.4000 2 11597.25056
26.5000 2 12121.53856
26.6000 2 11618.22208
26.7000 2 11492.39296
26.8000 2 12918.45632
26.9000 2 10401.87392
27.0000 2 12719.22688
27.1000 2 12341.73952
27.2000 2 10905.1904
27.3000 2 11796.48
27.4000 2 12173.96736
27.5000 2 12394.16832
27.6000 2 10265.55904
27.7000 2 12834.57024
27.8000 2 12907.97056
27.9000 2 10506.73152
28.0000 2 11303.64928
28.1000 2 13589.54496
28.2000 2 11209.27744
28.3000 2 10244.58752
28.4000 2 13274.97216
28.5000 2 12530.4832
28.6000 2 10454.30272
28.7000 2 11827.93728
28.8000 2 13841.2032
28.9000 2 10695.4752
29.0000 2 11272.192
29.1000 2 13327.40096
29.2000 2 13893.632
29.3000 2 10716.44672
29.4000 2 10758.38976
29.5000 2 13820.23168
29.6000 2 11723.07968
29.7000 2 10412.35968
29.8000 2 12593.39776
29.9000 2 12687.7696
30.0000 2 10213.13024
30.1000 2 11240.73472
30.2000 2 13988.00384
30.3000 2 9762.24256
30.4000 2 6490.68544
30.5000 2 7927.23456
30.6000 2 9814.67136
30.7000 2 12624.85504
30.8000 2 17857.24928
30.9000 2 11586.7648
31.0000 2 10684.98944
31.1000 2 13149.14304
31.2000 2 11555.30752
31.3000 2 12782.14144
31.4000 2 12530.4832
31.5000 2 11733.56544
31.6000 2 11125.39136
31.7000 2 12792.6272
31.8000 2 13295.94368
31.9000 2 7958.69184
32.0000 2 11953.7664
32.1000 2 13233.02912
32.2000 2 7895.77728
32.3000 2 12278.82496
32.4000 2 12593.39776
32.5000 2 11093.93408
32.6000 2 13170.11456
32.7000 2 10496.24576
32.8000 2 12362.71104
32.9000 2 11922.30912
33.0000 2 9950.98624
33.1000 2 11031.01952
33.2000 2 13348.37248
33.3000 2 8032.09216
33.4000 2 11628.70784
33.5000 2 11953.7664
33.6000 2 9636.41344
33.7000 2 12519.99744
33.8000 2 11859.39456
33.9000 2 10391.38816
34.0000 2 11953.7664
34.1000 2 10297.01632
34.2000 2 12394.16832
34.3000 2 12100.56704
34.4000 2 10401.87392
34.5000 2 12373.1968
34.6000 2 11890.85184
34.7000 2 9667.87072
34.8000 2 11744.0512
34.9000 2 10758.38976
35.0000 2 12037.65248
35.1000 2 10454.30272
35.2000 2 8975.81056
35.3000 2 12918.45632
35.4000 2 6805.25824
35.5000 2 9479.12704
35.6000 2 6815.744
35.7000 2 9416.21248
35.8000 2 12310.28224
35.9000 2 12226.39616
36.0000 2 9950.98624
36.1000 2 11733.56544
36.2000 2 12918.45632
36.3000 2 9531.55584
36.4000 2 11555.30752
36.5000 2 14092.86144
36.6000 2 12855.54176
36.7000 2 20268.97408
36.8000 2 10003.41504
36.9000 2 8000.63488
37.0000 2 786.432
