0.1000 2 0.0
0.2000 2 11964.25216
0.3000 2 10055.84384
0.4000 2 6333.39904
0.5000 2 15823.01184
0.6000 2 7895.77728
0.7000 2 12058.624
0.8000 2 19209.91232
0.9000 2 9898.55744
1.0000 2 13631.488
1.1000 2 9175.04
1.2000 2 9814.67136
1.3000 2 12404.65408
1.4000 2 12876.51328
1.5000 2 11303.64928
1.6000 2 11628.70784
1.7000 2 9573.49888
1.8000 2 8084.52096
1.9000 2 15791.55456
2.0000 2 12981.37088
2.1000 2 10852.7616
2.2000 2 9101.63968
2.3000 2 16913.53088
2.4000 2 7423.91808
2.5000 2 11586.7648
2.6000 2 16504.58624
2.7000 2 12163.4816
2.8000 2 10055.84384
2.9000 2 11565.79328
3.0000 2 13463.71584
3.1000 2 10097.78688
3.2000 2 10957.6192
3.3000 2 14050.9184
3.4000 2 7623.14752
3.5000 2 20268.97408
3.6000 2 2170.55232
3.7000 2 15109.98016
3.8000 2 13610.51648
3.9000 2 11471.42144
4.0000 2 13893.632
4.1000 2 12551.45472
4.2000 2 11932.79488
4.3000 2 13285.45792
4.4000 2 13212.0576
4.5000 2 11555.30752
4.6000 2 12635.3408
4.7000 2 12614.36928
4.8000 2 13579.0592
4.9000 2 11733.56544
5.0000 2 13201.57184
5.1000 2 11953.7664
5.2000 2 12740.1984
5.3000 2 12478.0544
5.4000 2 13589.54496
5.5000 2 10737.41824
5.6000 2 12362.71104
5.7000 2 11597.25056
5.8000 2 11597.25056
5.9000 2 11681.13664
6.0000 2 11838.42304
6.1000 2 12551.45472
6.2000 2 10831.79008
6.3000 2 12016.68096
6.4000 2 11072.96256
6.5000 2 9825.15712
6.6000 2 12467.56864
6.7000 2 13400.80128
6.8000 2 10821.30432
6.9000 2 11586.7648
7.0000 2 13537.11616
7.1000 2 13243.51488
7.2000 2 11439.96416
7.3000 2 11712.59392
7.4000 2 14029.94688
7.5000 2 13568.57344
7.6000 2 11020.53376
7.7000 2 11282.67776
7.8000 2 14375.97696
7.9000 2 12991.85664
8.0000 2 10884.21888
8.1000 2 11765.02272
8.2000 2 14480.83456
8.3000 2 12436.11136
8.4000 2 10433.3312
8.5000 2 11125.39136
8.6000 2 10705.96096
8.7000 2 12142.51008
8.8000 2 9237.95456
8.9000 2 9961.472
9.0000 2 12257.85344
9.1000 2 10286.53056
9.2000 2 12918.45632
9.3000 2 12488.54016
9.4000 2 13212.0576
9.5000 2 11681.13664
9.6000 2 12079.59552
9.7000 2 11345.59232
9.8000 2 12740.1984
9.9000 2 6522.14272
10.0000 2 7119.83104
10.1000 2 16609.44384
10.2000 2 15739.12576
10.3000 2 11114.9056
10.4000 2 11670.65088
10.5000 2 13495.17312
10.6000 2 13568.57344
10.7000 2 10978.59072
10.8000 2 12278.82496
10.9000 2 12782.14144
11.0000 2 13621.00224
11.1000 2 12163.4816
11.2000 2 12666.79808
11.3000 2 13316.9152
11.4000 2 12677.28384
11.5000 2 13212.0576
11.6000 2 12079.59552
11.7000 2 14103.3472
11.8000 2 11817.45152
11.9000 2 14250.14784
12.0000 2 11544.82176
12.1000 2 13516.14464
12.2000 2 12446.59712
12.3000 2 13474.2016
12.4000 2 11953.7664
12.5000 2 12624.85504
12.6000 2 12897.4848
12.7000 2 13159.6288
12.8000 2 12845.056
12.9000 2 11775.50848
13.0000 2 13862.17472
13.1000 2 12687.7696
13.2000 2 13432.25856
13.3000 2 11607.73632
13.4000 2 13694.40256
13.5000 2 11932.79488
13.6000 2 13704.88832
13.7000 2 11806.96576
13.8000 2 13526.6304
13.9000 2 12530.4832
14.0000 2 13044.28544
14.1000 2 10747.904
14.2000 2 11848.9088
14.3000 2 12918.45632
14.4000 2 10108.27264
14.5000 2 10643.0464
14.6000 2 14375.97696
14.7000 2 9143.58272
14.8000 2 9185.52576
14.9000 2 14375.97696
15.0000 2 9196.01152
15.1000 2 10611.58912
15.2000 2 14071.88992
15.3000 2 10768.87552
15.4000 2 10276.0448
15.5000 2 13589.54496
15.6000 2 11796.48
15.7000 2 10622.07488
15.8000 2 11796.48
15.9000 2 13400.80128
16.0000 2 10286.53056
16.1000 2 10873.73312
16.2000 2 14292.09088
16.3000 2 10999.56224
16.4000 2 10265.55904
16.5000 2 13201.57184
16.6000 2 12236.88192
16.7000 2 10517.21728
16.8000 2 11534.336
16.9000 2 13757.31712
17.0000 2 10674.50368
17.1000 2 10517.21728
17.2000 2 13778.28864
17.3000 2 11639.1936
17.4000 2 10590.6176
17.5000 2 12037.65248
17.6000 2 13641.97376
17.7000 2 10422.84544
17.8000 2 10653.53216
17.9000 2 14197.71904
18.0000 2 10947.13344
18.1000 2 10097.78688
18.2000 2 13254.00064
18.3000 2 12467.56864
18.4000 2 10150.21568
18.5000 2 11356.07808
18.6000 2 13893.632
18.7000 2 10223.616
18.8000 2 10580.13184
18.9000 2 14271.11936
19.0000 2 10800.3328
19.1000 2 10213.13024
19.2000 2 13191.08608
19.3000 2 12016.68096
19.4000 2 10349.44512
19.5000 2 11723.07968
19.6000 2 13453.23008
19.7000 2 10716.44672
19.8000 2 10758.38976
19.9000 2 14040.43264
20.0000 2 9699.328
20.1000 2 4404.0192
20.2000 2 14050.9184
20.3000 2 11806.96576
20.4000 2 12457.08288
20.5000 2 14313.0624
20.6000 2 13264.4864
20.7000 2 11859.39456
20.8000 2 11838.42304
20.9000 2 14134.80448
21.0000 2 13998.4896
21.1000 2 11911.82336
21.2000 2 11848.9088
21.3000 2 13432.25856
21.4000 2 13704.88832
21.5000 2 12352.22528
21.6000 2 11314.13504
21.7000 2 11282.67776
21.8000 2 10160.70144
21.9000 2 12551.45472
22.0000 2 9395.24096
22.1000 2 12719.22688
22.2000 2 12184.45312
22.3000 2 13107.2
22.4000 2 11083.44832
22.5000 2 12184.45312
22.6000 2 10873.73312
22.7000 2 12677.28384
22.8000 2 12719.22688
22.9000 2 10297.01632
23.0000 2 12499.02592
23.1000 2 13128.17152
23.2000 2 10412.35968
23.3000 2 11146.36288
23.4000 2 14313.0624
23.5000 2 11796.48
23.6000 2 9437.184
23.7000 2 11817.45152
23.8000 2 12519.99744
23.9000 2 10464.78848
24.0000 2 12194.93888
24.1000 2 13820.23168
24.2000 2 11356.07808
24.3000 2 9405.72672
24.4000 2 11702.10816
24.5000 2 11240.73472
24.6000 2 11723.07968
24.7000 2 13159.6288
24.8000 2 12813.59872
24.9000 2 12320.768
25.0000 2 12467.56864
25.1000 2 13086.22848
25.2000 2 12467.56864
25.3000 2 13180.60032
25.4000 2 12415.13984
25.5000 2 12960.39936
25.6000 2 11230.24896
25.7000 2 12530.4832
25.8000 2 12677.28384
25.9000 2 11146.36288
26.0000 2 12729.71264
26.1000 2 10779.36128
26.2000 2 12635.3408
26.3000 2 11093.93408
26.4000 2 11806.96576
26.5000 2 12478.0544
26.6000 2 10726.93248
26.7000 2 12362.71104
26.8000 2 2558.52544
26.9000 2 10947.13344
27.0000 2 12991.85664
27.1000 2 15036.57984
27.2000 2 10926.16192
27.3000 2 11167.3344
27.4000 2 15571.3536
27.5000 2 12394.16832
27.6000 2 11796.48
27.7000 2 13274.97216
27.8000 2 12656.31232
27.9000 2 11156.84864
28.0000 2 12362.71104
28.1000 2 11534.336
28.2000 2 13526.6304
28.3000 2 11576.27904
28.4000 2 7277.11744
28.5000 2 12069.10976
28.6000 2 17699.96288
28.7000 2 13086.22848
28.8000 2 9112.12544
28.9000 2 13893.632
29.0000 2 13746.83136
29.1000 2 13254.00064
29.2000 2 12215.9104
29.3000 2 12509.51168
29.4000 2 12687.7696
29.5000 2 11943.28064
29.6000 2 12446.59712
29.7000 2 12331.25376
29.8000 2 12698.25536
29.9000 2 12593.39776
30.0000 2 10590.6176
30.1000 2 12394.16832
30.2000 2 7633.63328
30.3000 2 5651.82464
30.4000 2 10538.1888
30.5000 2 16777.216
30.6000 2 13306.42944
30.7000 2 1646.26432
30.8000 2 12173.96736
30.9000 2 17217.61792
31.0000 2 7539.26144
31.1000 2 13746.83136
31.2000 2 9699.328
31.3000 2 10569.64608
31.4000 2 11251.22048
31.5000 2 13400.80128
31.6000 2 11303.64928
31.7000 2 12729.71264
31.8000 2 11953.7664
31.9000 2 12761.16992
32.0000 2 11901.3376
32.1000 2 11377.0496
32.2000 2 12866.02752
32.3000 2 10779.36128
32.4000 2 13117.68576
32.5000 2 10884.21888
32.6000 2 12845.056
32.7000 2 12761.16992
32.8000 2 10852.7616
32.9000 2 12226.39616
33.0000 2 12394.16832
33.1000 2 13736.3456
33.2000 2 11366.56384
33.3000 2 13033.79968
33.4000 2 12404.65408
33.5000 2 13348.37248
33.6000 2 11922.30912
33.7000 2 13610.51648
33.8000 2 11754.53696
33.9000 2 12278.82496
34.0000 2 11324.6208
34.1000 2 12415.13984
34.2000 2 11114.9056
34.3000 2 12331.25376
34.4000 2 12163.4816
34.5000 2 11041.50528
34.6000 2 13212.0576
34.7000 2 10317.98784
34.8000 2 2243.95264
