0.1000 2 0.0
0.2000 2 12299.79648
0.3000 2 9625.92768
0.4000 2 12425.6256
0.5000 2 13117.68576
0.6000 2 10464.78848
0.7000 2 11010.048
0.8000 2 13736.3456
0.9000 2 11345.59232
1.0000 2 10464.78848
1.1000 2 13023.31392
1.2000 2 12173.96736
1.3000 2 10559.16032
1.4000 2 11104.41984
1.5000 2 13746.83136
1.6000 2 10758.38976
1.7000 2 10412.35968
1.8000 2 13432.25856
1.9000 2 11922.30912
2.0000 2 10611.58912
2.1000 2 12069.10976
2.2000 2 13463.71584
2.3000 2 10297.01632
2.4000 2 10905.1904
2.5000 2 12771.65568
2.6000 2 11125.39136
2.7000 2 10328.4736
2.8000 2 12582.912
2.9000 2 12069.10976
3.0000 2 10150.21568
3.1000 2 12079.59552
3.2000 2 11492.39296
3.3000 2 10401.87392
3.4000 2 12278.82496
3.5000 2 12069.10976
3.6000 2 10338.95936
3.7000 2 11890.85184
3.8000 2 11146.36288
3.9000 2 11167.3344
4.0000 2 12362.71104
4.1000 2 10391.38816
4.2000 2 12142.51008
4.3000 2 12478.0544
4.4000 2 10370.41664
4.5000 2 11911.82336
4.6000 2 13002.3424
4.7000 2 10244.58752
4.8000 2 10705.96096
4.9000 2 14124.31872
5.0000 2 10066.3296
5.1000 2 9258.92608
5.2000 2 14617.14944
5.3000 2 7465.86112
5.4000 2 10852.7616
5.5000 2 13117.68576
5.6000 2 9720.29952
5.7000 2 10643.0464
5.8000 2 14050.9184
5.9000 2 9489.6128
6.0000 2 9909.0432
6.1000 2 13432.25856
6.2000 2 9615.44192
6.3000 2 9950.98624
6.4000 2 14134.80448
6.5000 2 8818.52416
6.6000 2 10590.6176
6.7000 2 11712.59392
6.8000 2 10496.24576
6.9000 2 11544.82176
7.0000 2 10066.3296
7.1000 2 11639.1936
7.2000 2 11335.10656
7.3000 2 10255.07328
7.4000 2 13002.3424
7.5000 2 11932.79488
7.6000 2 9542.0416
7.7000 2 11995.70944
7.8000 2 10370.41664
7.9000 2 8378.12224
8.0000 2 14250.14784
8.1000 2 11114.9056
8.2000 2 10108.27264
8.3000 2 11985.22368
8.4000 2 11240.73472
8.5000 2 13495.17312
8.6000 2 10747.904
8.7000 2 9720.29952
8.8000 2 13956.54656
8.9000 2 8912.896
9.0000 2 10202.64448
9.1000 2 11209.27744
9.2000 2 12236.88192
9.3000 2 11911.82336
9.4000 2 8881.43872
9.5000 2 11932.79488
9.6000 2 12593.39776
9.7000 2 10213.13024
9.8000 2 12425.6256
9.9000 2 10150.21568
10.0000 2 13096.71424
10.1000 2 12111.0528
10.2000 2 8881.43872
10.3000 2 12519.99744
10.4000 2 10276.0448
10.5000 2 9038.72512
10.6000 2 12708.74112
10.7000 2 10779.36128
10.8000 2 11534.336
10.9000 2 10506.73152
11.0000 2 11880.36608
11.1000 2 11356.07808
11.2000 2 9500.09856
11.3000 2 11240.73472
11.4000 2 9657.38496
11.5000 2 8797.55264
11.6000 2 11838.42304
11.7000 2 15980.29824
11.8000 2 9007.26784
11.9000 2 9867.10016
12.0000 2 9604.95616
12.1000 2 10013.9008
12.2000 2 9447.66976
12.3000 2 10653.53216
12.4000 2 8472.49408
12.5000 2 11261.70624
12.6000 2 8787.06688
12.7000 2 8829.00992
12.8000 2 12215.9104
12.9000 2 4341.10464
13.0000 2 7769.94816
13.1000 2 11272.192
13.2000 2 6123.68384
13.3000 2 4791.99232
13.4000 2 6239.0272
13.5000 2 73.40032
13.6000 2 6123.68384
13.7000 2 12645.82656
13.8000 2 9321.84064
13.9000 2 10684.98944
14.0000 2 13715.37408
14.1000 2 18098.42176
14.2000 2 12331.25376
14.3000 2 11565.79328
14.4000 2 14355.00544
14.5000 2 11072.96256
14.6000 2 9667.87072
14.7000 2 19430.11328
14.8000 2 10989.07648
14.9000 2 12771.65568
15.0000 2 7455.37536
15.1000 2 13243.51488
15.2000 2 10150.21568
15.3000 2 8755.6096
15.4000 2 10485.76
15.5000 2 8734.63808
15.6000 2 11702.10816
15.7000 2 14900.26496
15.8000 2 10863.24736
15.9000 2 16536.04352
16.0000 2 11251.22048
16.1000 2 14071.88992
16.2000 2 13054.7712
16.3000 2 12509.51168
16.4000 2 11670.65088
16.5000 2 13159.6288
16.6000 2 14239.66208
16.7000 2 12037.65248
16.8000 2 7885.29152
16.9000 2 13757.31712
17.0000 2 15739.12576
17.1000 2 9783.21408
17.2000 2 5525.99552
17.3000 2 5851.05408
17.4000 2 639.63136
17.5000 2 891.2896
17.6000 2 15655.23968
17.7000 2 12320.768
17.8000 2 15885.9264
17.9000 2 11125.39136
18.0000 2 13033.79968
18.1000 2 13306.42944
18.2000 2 10412.35968
18.3000 2 9919.52896
18.4000 2 14711.52128
18.5000 2 7665.09056
18.6000 2 11062.4768
18.7000 2 14145.29024
18.8000 2 10412.35968
18.9000 2 9552.52736
19.0000 2 14302.57664
19.1000 2 10800.3328
19.2000 2 10842.27584
19.3000 2 12551.45472
19.4000 2 12530.4832
19.5000 2 10192.15872
19.6000 2 11974.73792
19.7000 2 10622.07488
19.8000 2 13516.14464
19.9000 2 10485.76
20.0000 2 7916.7488
20.1000 2 14334.03392
20.2000 2 10297.01632
20.3000 2 10936.64768
20.4000 2 11534.336
20.5000 2 12582.912
20.6000 2 11890.85184
20.7000 2 10496.24576
20.8000 2 9290.38336
20.9000 2 13002.3424
21.0000 2 9363.78368
21.1000 2 8787.06688
21.2000 2 10653.53216
21.3000 2 12341.73952
21.4000 2 10842.27584
21.5000 2 12079.59552
21.6000 2 10297.01632
21.7000 2 13212.0576
21.8000 2 9814.67136
21.9000 2 10559.16032
22.0000 2 13023.31392
22.1000 2 11827.93728
22.2000 2 11932.79488
22.3000 2 11744.0512
22.4000 2 8902.41024
22.5000 2 14029.94688
22.6000 2 6071.25504
22.7000 2 6679.42912
22.8000 2 11093.93408
22.9000 2 13830.71744
23.0000 2 15435.03872
23.1000 2 10894.70464
23.2000 2 12100.56704
23.3000 2 12729.71264
23.4000 2 8084.52096
23.5000 2 11796.48
23.6000 2 12803.11296
23.7000 2 10297.01632
23.8000 2 16326.32832
23.9000 2 11261.70624
24.0000 2 13935.57504
24.1000 2 12121.53856
24.2000 2 13264.4864
24.3000 2 11010.048
24.4000 2 12949.9136
24.5000 2 11398.02112
24.6000 2 10160.70144
24.7000 2 13421.7728
24.8000 2 11282.67776
24.9000 2 12624.85504
25.0000 2 10905.1904
25.1000 2 13379.82976
25.2000 2 13526.6304
25.3000 2 11890.85184
25.4000 2 11649.67936
25.5000 2 13715.37408
25.6000 2 13621.00224
25.7000 2 12488.54016
25.8000 2 11513.36448
25.9000 2 13075.74272
26.0000 2 13579.0592
26.1000 2 13149.14304
26.2000 2 11597.25056
26.3000 2 12645.82656
26.4000 2 13274.97216
26.5000 2 13830.71744
26.6000 2 12048.13824
26.7000 2 11890.85184
26.8000 2 13600.03072
26.9000 2 13191.08608
27.0000 2 12320.768
27.1000 2 11964.25216
27.2000 2 13463.71584
27.3000 2 13012.82816
27.4000 2 12614.36928
27.5000 2 11691.6224
27.6000 2 13914.60352
27.7000 2 12090.08128
27.8000 2 12509.51168
27.9000 2 10517.21728
28.0000 2 12708.74112
28.1000 2 12614.36928
28.2000 2 10108.27264
28.3000 2 11460.93568
28.4000 2 13411.28704
28.5000 2 10664.01792
28.6000 2 11660.16512
28.7000 2 14522.7776
28.8000 2 13191.08608
28.9000 2 11272.192
29.0000 2 11492.39296
29.1000 2 13568.57344
29.2000 2 13526.6304
29.3000 2 11177.82016
29.4000 2 12404.65408
29.5000 2 11670.65088
29.6000 2 12299.79648
29.7000 2 10517.21728
29.8000 2 12666.79808
29.9000 2 12876.51328
30.0000 2 10527.70304
30.1000 2 11848.9088
30.2000 2 13484.68736
30.3000 2 11974.73792
30.4000 2 11513.36448
30.5000 2 12142.51008
30.6000 2 14019.46112
30.7000 2 10213.13024
30.8000 2 10359.93088
30.9000 2 14323.54816
31.0000 2 10380.9024
31.1000 2 11188.30592
31.2000 2 9751.7568
31.3000 2 10632.56064
31.4000 2 8629.78048
31.5000 2 16515.072
31.6000 2 11492.39296
31.7000 2 11660.16512
31.8000 2 12352.22528
31.9000 2 14491.32032
32.0000 2 12519.99744
32.1000 2 11209.27744
32.2000 2 12132.02432
32.3000 2 14701.03552
32.4000 2 12719.22688
32.5000 2 11429.4784
32.6000 2 11660.16512
32.7000 2 14659.09248
32.8000 2 9604.95616
32.9000 2 6941.57312
33.0000 2 11702.10816
33.1000 2 18308.13696
33.2000 2 12991.85664
33.3000 2 10611.58912
33.4000 2 12970.88512
33.5000 2 12488.54016
33.6000 2 10674.50368
33.7000 2 12845.056
33.8000 2 13075.74272
33.9000 2 12467.56864
34.0000 2 11429.4784
34.1000 2 12666.79808
34.2000 2 14239.66208
34.3000 2 11460.93568
34.4000 2 11041.50528
34.5000 2 12729.71264
34.6000 2 14239.66208
34.7000 2 11156.84864
34.8000 2 11398.02112
34.9000 2 13295.94368
35.0000 2 13474.2016
35.1000 2 10055.84384
35.2000 2 11051.99104
35.3000 2 10401.87392
35.4000 2 12111.0528
35.5000 2 9573.49888
35.6000 2 9741.27104
35.7000 2 14690.54976
35.8000 2 11062.4768
35.9000 2 10842.27584
36.0000 2 12687.7696
36.1000 2 13170.11456
36.2000 2 10349.44512
36.3000 2 5567.93856
