0.1000 2 0.0
0.2000 2 11345.59232
0.3000 2 9699.328
0.4000 2 13054.7712
0.5000 2 11995.70944
0.6000 2 10747.904
0.7000 2 12048.13824
0.8000 2 13547.60192
0.9000 2 12027.16672
1.0000 2 11135.87712
1.1000 2 13222.54336
1.2000 2 12173.96736
1.3000 2 12551.45472
1.4000 2 12404.65408
1.5000 2 10422.84544
1.6000 2 12551.45472
1.7000 2 11723.07968
1.8000 2 19786.62912
1.9000 2 13254.00064
2.0000 2 10989.07648
2.1000 2 10905.1904
2.2000 2 13694.40256
2.3000 2 11586.7648
2.4000 2 10601.10336
2.5000 2 12362.71104
2.6000 2 12907.97056
2.7000 2 10391.38816
2.8000 2 11219.7632
2.9000 2 13988.00384
3.0000 2 10894.70464
3.1000 2 10412.35968
3.2000 2 11345.59232
3.3000 2 10884.21888
3.4000 2 12079.59552
3.5000 2 10978.59072
3.6000 2 12299.79648
3.7000 2 12960.39936
3.8000 2 11502.87872
3.9000 2 12750.68416
4.0000 2 12194.93888
4.1000 2 12268.3392
4.2000 2 11293.16352
4.3000 2 11481.9072
4.4000 2 12897.4848
4.5000 2 10873.73312
4.6000 2 12845.056
4.7000 2 11408.50688
4.8000 2 12027.16672
4.9000 2 13086.22848
5.0000 2 10726.93248
5.1000 2 12069.10976
5.2000 2 12771.65568
5.3000 2 12488.54016
5.4000 2 11439.96416
5.5000 2 13348.37248
5.6000 2 12845.056
5.7000 2 12687.7696
5.8000 2 11418.99264
5.9000 2 12845.056
6.0000 2 12561.94048
6.1000 2 10370.41664
6.2000 2 10548.67456
6.3000 2 11450.44992
6.4000 2 10380.9024
6.5000 2 12100.56704
6.6000 2 13054.7712
6.7000 2 10087.30112
6.8000 2 10580.13184
6.9000 2 14701.03552
7.0000 2 8661.23776
7.1000 2 8503.95136
7.2000 2 14071.88992
7.3000 2 10171.1872
7.4000 2 11261.70624
7.5000 2 12708.74112
7.6000 2 11712.59392
7.7000 2 10622.07488
7.8000 2 12027.16672
7.9000 2 12404.65408
8.0000 2 10307.50208
8.1000 2 12373.1968
8.2000 2 11387.53536
8.3000 2 11460.93568
8.4000 2 13683.9168
8.5000 2 11062.4768
8.6000 2 12813.59872
8.7000 2 11943.28064
8.8000 2 13526.6304
8.9000 2 11167.3344
9.0000 2 13820.23168
9.1000 2 11649.67936
9.2000 2 13621.00224
9.3000 2 11146.36288
9.4000 2 12855.54176
9.5000 2 11240.73472
9.6000 2 12037.65248
9.7000 2 12247.36768
9.8000 2 10779.36128
9.9000 2 12897.4848
10.0000 2 11104.41984
10.1000 2 12194.93888
10.2000 2 11890.85184
10.3000 2 11681.13664
10.4000 2 12457.08288
10.5000 2 10517.21728
10.6000 2 12939.42784
10.7000 2 11429.4784
10.8000 2 11733.56544
10.9000 2 12530.4832
11.0000 2 10433.3312
11.1000 2 12572.42624
11.2000 2 11387.53536
11.3000 2 12698.25536
11.4000 2 12729.71264
11.5000 2 12373.1968
11.6000 2 11848.9088
11.7000 2 12132.02432
11.8000 2 12540.96896
11.9000 2 11366.56384
12.0000 2 12981.37088
12.1000 2 10758.38976
12.2000 2 12928.94208
12.3000 2 12719.22688
12.4000 2 12069.10976
12.5000 2 11439.96416
12.6000 2 13589.54496
12.7000 2 12866.02752
12.8000 2 12100.56704
12.9000 2 11051.99104
13.0000 2 12362.71104
13.1000 2 12970.88512
13.2000 2 10653.53216
13.3000 2 12582.912
13.4000 2 12499.02592
13.5000 2 12194.93888
13.6000 2 11261.70624
13.7000 2 13537.11616
13.8000 2 12666.79808
13.9000 2 11387.53536
14.0000 2 11335.10656
14.1000 2 12111.0528
14.2000 2 12866.02752
14.3000 2 11261.70624
14.4000 2 11723.07968
14.5000 2 13841.2032
14.6000 2 10517.21728
14.7000 2 9971.95776
14.8000 2 14239.66208
14.9000 2 11251.22048
15.0000 2 9185.52576
15.1000 2 13065.25696
15.2000 2 10307.50208
15.3000 2 10171.1872
15.4000 2 13621.00224
15.5000 2 11985.22368
15.6000 2 10580.13184
15.7000 2 11544.82176
15.8000 2 13851.68896
15.9000 2 10622.07488
16.0000 2 10601.10336
16.1000 2 13914.60352
16.2000 2 11523.85024
16.3000 2 10517.21728
16.4000 2 12289.31072
16.5000 2 13306.42944
16.6000 2 10611.58912
16.7000 2 10863.24736
16.8000 2 13925.08928
16.9000 2 11261.70624
17.0000 2 10443.81696
17.1000 2 13065.25696
17.2000 2 12446.59712
17.3000 2 10506.73152
17.4000 2 11660.16512
17.5000 2 13767.80288
17.6000 2 10800.3328
17.7000 2 10527.70304
17.8000 2 13243.51488
17.9000 2 12173.96736
18.0000 2 10412.35968
18.1000 2 12037.65248
18.2000 2 13946.0608
18.3000 2 9678.35648
18.4000 2 10538.1888
18.5000 2 14092.86144
18.6000 2 10590.6176
18.7000 2 10286.53056
18.8000 2 13841.2032
18.9000 2 11901.3376
19.0000 2 10150.21568
19.1000 2 11618.22208
19.2000 2 13662.94528
19.3000 2 9342.81216
19.4000 2 9625.92768
19.5000 2 10936.64768
19.6000 2 11806.96576
19.7000 2 13159.6288
19.8000 2 12111.0528
19.9000 2 12645.82656
20.0000 2 12006.1952
20.1000 2 12394.16832
20.2000 2 11251.22048
20.3000 2 11639.1936
20.4000 2 12268.3392
20.5000 2 10443.81696
20.6000 2 12488.54016
20.7000 2 12446.59712
20.8000 2 9489.6128
20.9000 2 12530.4832
21.0000 2 12478.0544
21.1000 2 10611.58912
21.2000 2 11618.22208
21.3000 2 12478.0544
21.4000 2 12121.53856
21.5000 2 10401.87392
21.6000 2 12876.51328
21.7000 2 12834.57024
21.8000 2 10643.0464
21.9000 2 11953.7664
22.0000 2 12352.22528
22.1000 2 11586.7648
22.2000 2 10664.01792
22.3000 2 12425.6256
22.4000 2 12677.28384
22.5000 2 10422.84544
22.6000 2 12886.99904
22.7000 2 12100.56704
22.8000 2 11880.36608
22.9000 2 12299.79648
23.0000 2 11618.22208
23.1000 2 12310.28224
23.2000 2 12048.13824
23.3000 2 12645.82656
23.4000 2 11471.42144
23.5000 2 13191.08608
23.6000 2 12530.4832
23.7000 2 13274.97216
23.8000 2 10999.56224
23.9000 2 13547.60192
24.0000 2 11712.59392
24.1000 2 13432.25856
24.2000 2 11513.36448
24.3000 2 13306.42944
24.4000 2 11282.67776
24.5000 2 13495.17312
24.6000 2 12132.02432
24.7000 2 12257.85344
24.8000 2 11429.4784
24.9000 2 12792.6272
25.0000 2 12656.31232
25.1000 2 10475.27424
25.2000 2 10370.41664
25.3000 2 10034.87232
25.4000 2 13002.3424
25.5000 2 11796.48
25.6000 2 10611.58912
25.7000 2 12572.42624
25.8000 2 12960.39936
25.9000 2 10359.93088
26.0000 2 12478.0544
26.1000 2 12352.22528
26.2000 2 11293.16352
26.3000 2 11010.048
26.4000 2 12383.68256
26.5000 2 12247.36768
26.6000 2 10559.16032
26.7000 2 12561.94048
26.8000 2 12866.02752
26.9000 2 10527.70304
27.0000 2 11460.93568
27.1000 2 12803.11296
27.2000 2 11964.25216
27.3000 2 10506.73152
27.4000 2 13379.82976
27.5000 2 15781.0688
27.6000 2 13725.85984
27.7000 2 11502.87872
27.8000 2 12226.39616
27.9000 2 13023.31392
28.0000 2 12656.31232
28.1000 2 10559.16032
28.2000 2 11628.70784
28.3000 2 13180.60032
28.4000 2 10202.64448
28.5000 2 10485.76
28.6000 2 14564.72064
28.7000 2 9783.21408
28.8000 2 9709.81376
28.9000 2 14197.71904
29.0000 2 10076.81536
29.1000 2 9237.95456
29.2000 2 13746.83136
29.3000 2 11398.02112
29.4000 2 10978.59072
29.5000 2 11754.53696
29.6000 2 11869.88032
29.7000 2 10108.27264
29.8000 2 12142.51008
29.9000 2 12918.45632
30.0000 2 9552.52736
30.1000 2 10716.44672
30.2000 2 13337.88672
30.3000 2 8703.1808
30.4000 2 11408.50688
30.5000 2 1793.06496
30.6000 2 18360.56576
30.7000 2 12855.54176
30.8000 2 10863.24736
30.9000 2 12457.08288
31.0000 2 12834.57024
31.1000 2 10684.98944
31.2000 2 12666.79808
31.3000 2 11670.65088
31.4000 2 11985.22368
31.5000 2 11848.9088
31.6000 2 11890.85184
31.7000 2 12362.71104
31.8000 2 11314.13504
31.9000 2 12593.39776
32.0000 2 10884.21888
32.1000 2 12572.42624
32.2000 2 12866.02752
32.3000 2 10705.96096
32.4000 2 11649.67936
32.5000 2 13516.14464
32.6000 2 11282.67776
32.7000 2 10433.3312
32.8000 2 13358.85824
32.9000 2 12352.22528
33.0000 2 10192.15872
33.1000 2 11439.96416
33.2000 2 14008.97536
33.3000 2 10076.81536
33.4000 2 10590.6176
33.5000 2 14071.88992
33.6000 2 11377.0496
33.7000 2 10422.84544
33.8000 2 12729.71264
33.9000 2 12750.68416
34.0000 2 8986.29632
34.1000 2 11282.67776
34.2000 2 11995.70944
34.3000 2 10506.73152
34.4000 2 12761.16992
34.5000 2 11869.88032
34.6000 2 11597.25056
34.7000 2 11712.59392
34.8000 2 12111.0528
34.9000 2 12624.85504
35.0000 2 11114.9056
35.1000 2 7843.34848
35.2000 2 3219.12832
