0.1000 2 0.0
0.2000 2 10192.15872
0.3000 2 9227.4688
0.4000 2 12698.25536
0.5000 2 9038.72512
0.6000 2 10664.01792
0.7000 2 11093.93408
0.8000 2 9175.04
0.9000 2 11827.93728
1.0000 2 10276.0448
1.1000 2 9468.64128
1.2000 2 14113.83296
1.3000 2 7035.94496
1.4000 2 8965.3248
1.5000 2 11754.53696
1.6000 2 8944.35328
1.7000 2 12771.65568
1.8000 2 13463.71584
1.9000 2 16609.44384
2.0000 2 12006.1952
2.1000 2 11712.59392
2.2000 2 9500.09856
2.3000 2 11628.70784
2.4000 2 10863.24736
2.5000 2 9185.52576
2.6000 2 8399.09376
2.7000 2 2946.49856
2.8000 2 12635.3408
2.9000 2 11502.87872
3.0000 2 11523.85024
3.1000 2 14134.80448
3.2000 2 11114.9056
3.3000 2 11796.48
3.4000 2 18454.9376
3.5000 2 11953.7664
3.6000 2 9594.4704
3.7000 2 11251.22048
3.8000 2 12645.82656
3.9000 2 9835.64288
4.0000 2 10747.904
4.1000 2 11586.7648
4.2000 2 15288.23808
4.3000 2 12289.31072
4.4000 2 11010.048
4.5000 2 4886.36416
4.6000 2 5305.79456
4.7000 2 6679.42912
4.8000 2 83.88608
4.9000 2 9730.78528
5.0000 2 13652.45952
5.1000 2 17228.10368
5.2000 2 12163.4816
5.3000 2 11806.96576
5.4000 2 12624.85504
5.5000 2 7371.48928
5.6000 2 10265.55904
5.7000 2 12121.53856
5.8000 2 9730.78528
5.9000 2 11827.93728
6.0000 2 13526.6304
6.1000 2 10234.10176
6.2000 2 11031.01952
6.3000 2 12404.65408
6.4000 2 7025.4592
6.5000 2 10622.07488
6.6000 2 7811.8912
6.7000 2 5735.71072
6.8000 2 5494.53824
6.9000 2 8357.15072
7.0000 2 14344.51968
7.1000 2 10590.6176
7.2000 2 12855.54176
7.3000 2 14239.66208
7.4000 2 9604.95616
7.5000 2 12719.22688
7.6000 2 12666.79808
7.7000 2 10003.41504
7.8000 2 12121.53856
7.9000 2 10223.616
8.0000 2 11565.79328
8.1000 2 11618.22208
8.2000 2 10737.41824
8.3000 2 11167.3344
8.4000 2 11995.70944
8.5000 2 10664.01792
8.6000 2 12320.768
8.7000 2 12404.65408
8.8000 2 10884.21888
8.9000 2 11597.25056
9.0000 2 14271.11936
9.1000 2 9038.72512
9.2000 2 9374.26944
9.3000 2 13180.60032
9.4000 2 9825.15712
9.5000 2 11010.048
9.6000 2 13662.94528
9.7000 2 9426.69824
9.8000 2 9961.472
9.9000 2 13516.14464
10.0000 2 7885.29152
10.1000 2 7759.4624
10.2000 2 10800.3328
10.3000 2 6815.744
10.4000 2 11198.79168
10.5000 2 10632.56064
10.6000 2 9814.67136
10.7000 2 12708.74112
10.8000 2 12163.4816
10.9000 2 10590.6176
11.0000 2 12824.08448
11.1000 2 11471.42144
11.2000 2 12215.9104
11.3000 2 12415.13984
11.4000 2 9867.10016
11.5000 2 11723.07968
11.6000 2 10789.84704
11.7000 2 11439.96416
11.8000 2 12761.16992
11.9000 2 11565.79328
12.0000 2 11744.0512
12.1000 2 10821.30432
12.2000 2 12519.99744
12.3000 2 12090.08128
12.4000 2 10726.93248
12.5000 2 11723.07968
12.6000 2 13631.488
12.7000 2 10768.87552
12.8000 2 11209.27744
12.9000 2 14522.7776
13.0000 2 8157.92128
13.1000 2 9258.92608
13.2000 2 13820.23168
13.3000 2 10632.56064
13.4000 2 11282.67776
13.5000 2 11010.048
13.6000 2 12383.68256
13.7000 2 11817.45152
13.8000 2 10475.27424
13.9000 2 11765.02272
14.0000 2 13191.08608
14.1000 2 11240.73472
14.2000 2 9856.6144
14.3000 2 13767.80288
14.4000 2 10559.16032
14.5000 2 9363.78368
14.6000 2 12582.912
14.7000 2 6385.82784
14.8000 2 7591.69024
14.9000 2 16011.75552
15.0000 2 13432.25856
15.1000 2 12320.768
15.2000 2 12866.02752
15.3000 2 12509.51168
15.4000 2 11303.64928
15.5000 2 12383.68256
15.6000 2 10684.98944
15.7000 2 12771.65568
15.8000 2 12436.11136
15.9000 2 11104.41984
16.0000 2 10779.36128
16.1000 2 13505.65888
16.2000 2 11408.50688
16.3000 2 9940.50048
16.4000 2 12886.99904
16.5000 2 11439.96416
16.6000 2 7948.20608
16.7000 2 13715.37408
16.8000 2 7025.4592
16.9000 2 10223.616
17.0000 2 12090.08128
17.1000 2 9300.86912
17.2000 2 12048.13824
17.3000 2 12771.65568
17.4000 2 10338.95936
17.5000 2 11932.79488
17.6000 2 12467.56864
17.7000 2 11859.39456
17.8000 2 11460.93568
17.9000 2 12205.42464
18.0000 2 11796.48
18.1000 2 12006.1952
18.2000 2 12111.0528
18.3000 2 10884.21888
18.4000 2 12362.71104
18.5000 2 12289.31072
18.6000 2 10747.904
18.7000 2 10936.64768
18.8000 2 13914.60352
18.9000 2 9007.26784
19.0000 2 10150.21568
19.1000 2 13641.97376
19.2000 2 8671.72352
19.3000 2 10936.64768
19.4000 2 11723.07968
19.5000 2 9552.52736
19.6000 2 12320.768
19.7000 2 13075.74272
19.8000 2 10496.24576
19.9000 2 12415.13984
20.0000 2 11418.99264
20.1000 2 12687.7696
20.2000 2 11754.53696
20.3000 2 11660.16512
20.4000 2 11219.7632
20.5000 2 12813.59872
20.6000 2 11555.30752
20.7000 2 10873.73312
20.8000 2 12163.4816
20.9000 2 12394.16832
21.0000 2 7528.77568
21.1000 2 13484.68736
21.2000 2 11125.39136
21.3000 2 10852.7616
21.4000 2 12593.39776
21.5000 2 12194.93888
21.6000 2 10831.79008
21.7000 2 12173.96736
21.8000 2 10968.10496
21.9000 2 12855.54176
22.0000 2 12048.13824
22.1000 2 11366.56384
22.2000 2 10999.56224
22.3000 2 13411.28704
22.4000 2 11796.48
22.5000 2 9762.24256
22.6000 2 12824.08448
22.7000 2 9971.95776
22.8000 2 8493.4656
22.9000 2 14218.69056
23.0000 2 11240.73472
23.1000 2 11240.73472
23.2000 2 12236.88192
23.3000 2 9720.29952
23.4000 2 11481.9072
23.5000 2 11398.02112
23.6000 2 9594.4704
23.7000 2 12362.71104
23.8000 2 13191.08608
23.9000 2 10737.41824
24.0000 2 9143.58272
24.1000 2 13935.57504
24.2000 2 10894.70464
24.3000 2 10737.41824
24.4000 2 12771.65568
24.5000 2 13295.94368
24.6000 2 11398.02112
24.7000 2 12824.08448
24.8000 2 8661.23776
24.9000 2 8451.52256
25.0000 2 12425.6256
25.1000 2 7696.54784
25.2000 2 13830.71744
25.3000 2 14229.17632
25.4000 2 11104.41984
25.5000 2 13316.9152
25.6000 2 14816.37888
25.7000 2 10590.6176
25.8000 2 10192.15872
25.9000 2 12079.59552
26.0000 2 10601.10336
26.1000 2 12635.3408
26.2000 2 11051.99104
26.3000 2 11460.93568
26.4000 2 11723.07968
26.5000 2 9479.12704
26.6000 2 11597.25056
26.7000 2 11576.27904
26.8000 2 10601.10336
26.9000 2 13075.74272
27.0000 2 11303.64928
27.1000 2 11272.192
27.2000 2 11471.42144
27.3000 2 10255.07328
27.4000 2 11072.96256
27.5000 2 11387.53536
27.6000 2 10370.41664
27.7000 2 12551.45472
27.8000 2 11754.53696
27.9000 2 9552.52736
28.0000 2 12163.4816
28.1000 2 11031.01952
28.2000 2 9730.78528
28.3000 2 11576.27904
28.4000 2 11366.56384
28.5000 2 9741.27104
28.6000 2 11681.13664
28.7000 2 11177.82016
28.8000 2 10139.72992
28.9000 2 10852.7616
29.0000 2 10800.3328
29.1000 2 10391.38816
29.2000 2 12404.65408
29.3000 2 10789.84704
29.4000 2 12299.79648
29.5000 2 11785.99424
29.6000 2 10538.1888
29.7000 2 10622.07488
29.8000 2 11670.65088
29.9000 2 10349.44512
30.0000 2 11083.44832
30.1000 2 11848.9088
30.2000 2 11083.44832
30.3000 2 10464.78848
30.4000 2 14239.66208
30.5000 2 9741.27104
30.6000 2 8178.8928
30.7000 2 13757.31712
30.8000 2 9384.7552
30.9000 2 10611.58912
31.0000 2 12352.22528
31.1000 2 11471.42144
31.2000 2 10831.79008
31.3000 2 16798.18752
31.4000 2 5714.7392
31.5000 2 5725.22496
31.6000 2 6700.40064
31.7000 2 9667.87072
31.8000 2 10234.10176
31.9000 2 11471.42144
32.0000 2 13442.74432
32.1000 2 11230.24896
32.2000 2 13526.6304
32.3000 2 12415.13984
32.4000 2 5421.13792
32.5000 2 6039.79776
32.6000 2 11010.048
32.7000 2 335.54432
32.8000 2 7769.94816
32.9000 2 5746.19648
33.0000 2 6385.82784
33.1000 2 11492.39296
33.2000 2 12603.88352
33.3000 2 11251.22048
33.4000 2 11324.6208
33.5000 2 13254.00064
33.6000 2 16504.58624
33.7000 2 15864.95488
33.8000 2 12488.54016
33.9000 2 12236.88192
34.0000 2 10894.70464
34.1000 2 12771.65568
34.2000 2 12907.97056
34.3000 2 11744.0512
34.4000 2 14166.26176
34.5000 2 15162.40896
34.6000 2 12687.7696
34.7000 2 8745.12384
34.8000 2 9164.55424
34.9000 2 10045.35808
35.0000 2 11733.56544
35.1000 2 11387.53536
35.2000 2 13348.37248
35.3000 2 11314.13504
35.4000 2 12132.02432
35.5000 2 11607.73632
35.6000 2 11544.82176
35.7000 2 12551.45472
35.8000 2 10580.13184
35.9000 2 12132.02432
36.0000 2 11775.50848
36.1000 2 9615.44192
36.2000 2 11240.73472
36.3000 2 12719.22688
36.4000 2 10517.21728
36.5000 2 12530.4832
36.6000 2 11188.30592
36.7000 2 10223.616
36.8000 2 12362.71104
36.9000 2 10863.24736
37.0000 2 10443.81696
37.1000 2 11335.10656
37.2000 2 9877.58592
37.3000 2 9699.328
