0.1000 2 0.0
0.2000 2 13704.88832
0.3000 2 9804.1856
0.4000 2 11607.73632
0.5000 2 14208.2048
0.6000 2 10726.93248
0.7000 2 10349.44512
0.8000 2 13558.08768
0.9000 2 12362.71104
1.0000 2 10601.10336
1.1000 2 12257.85344
1.2000 2 13138.65728
1.3000 2 10726.93248
1.4000 2 11188.30592
1.5000 2 12771.65568
1.6000 2 12729.71264
1.7000 2 10674.50368
1.8000 2 12740.1984
1.9000 2 11859.39456
2.0000 2 11901.3376
2.1000 2 12373.1968
2.2000 2 10947.13344
2.3000 2 12677.28384
2.4000 2 11251.22048
2.5000 2 12320.768
2.6000 2 11125.39136
2.7000 2 11890.85184
2.8000 2 12624.85504
2.9000 2 10968.10496
3.0000 2 12792.6272
3.1000 2 11639.1936
3.2000 2 11471.42144
3.3000 2 11827.93728
3.4000 2 12876.51328
3.5000 2 12824.08448
3.6000 2 12603.88352
3.7000 2 13662.94528
3.8000 2 11712.59392
3.9000 2 10569.64608
4.0000 2 12635.3408
4.1000 2 12677.28384
4.2000 2 11261.70624
4.3000 2 11576.27904
4.4000 2 14973.66528
4.5000 2 9636.41344
4.6000 2 8053.06368
4.7000 2 14805.89312
4.8000 2 7728.00512
4.9000 2 10643.0464
5.0000 2 13568.57344
5.1000 2 9720.29952
5.2000 2 10758.38976
5.3000 2 13925.08928
5.4000 2 10454.30272
5.5000 2 10789.84704
5.6000 2 13977.51808
5.7000 2 11460.93568
5.8000 2 10297.01632
5.9000 2 12299.79648
6.0000 2 13033.79968
6.1000 2 10622.07488
6.2000 2 10978.59072
6.3000 2 14459.86304
6.4000 2 10338.95936
6.5000 2 10213.13024
6.6000 2 13621.00224
6.7000 2 11471.42144
6.8000 2 10559.16032
6.9000 2 12152.99584
7.0000 2 13799.26016
7.1000 2 10181.67296
7.2000 2 10611.58912
7.3000 2 14302.57664
7.4000 2 10852.7616
7.5000 2 10338.95936
7.6000 2 13191.08608
7.7000 2 12247.36768
7.8000 2 10464.78848
7.9000 2 11481.9072
8.0000 2 14134.80448
8.1000 2 10076.81536
8.2000 2 10297.01632
8.3000 2 14092.86144
8.4000 2 11083.44832
8.5000 2 10370.41664
8.6000 2 12897.4848
8.7000 2 13348.37248
8.8000 2 9825.15712
8.9000 2 11083.44832
9.0000 2 14019.46112
9.1000 2 1971.32288
9.2000 2 2527.06816
9.3000 2 2915.04128
9.4000 2 0.0
9.5000 2 12666.79808
9.6000 2 16085.15584
9.7000 2 13704.88832
9.8000 2 9489.6128
9.9000 2 13778.28864
10.0000 2 12415.13984
10.1000 2 12299.79648
10.2000 2 7759.4624
10.3000 2 26088.57088
10.4000 2 10884.21888
10.5000 2 13683.9168
10.6000 2 11555.30752
10.7000 2 13505.65888
10.8000 2 12530.4832
10.9000 2 13201.57184
11.0000 2 11219.7632
11.1000 2 12394.16832
11.2000 2 12698.25536
11.3000 2 11240.73472
11.4000 2 11429.4784
11.5000 2 12320.768
11.6000 2 12803.11296
11.7000 2 10758.38976
11.8000 2 13484.68736
11.9000 2 12331.25376
12.0000 2 7476.34688
12.1000 2 5704.25344
12.2000 2 6595.54304
12.3000 2 10485.76
12.4000 2 14994.6368
12.5000 2 14040.43264
12.6000 2 12079.59552
12.7000 2 6501.1712
12.8000 2 3491.75808
12.9000 2 17993.56416
13.0000 2 6469.71392
13.1000 2 5777.65376
13.2000 2 6322.91328
13.3000 2 0.0
13.4000 2 8713.66656
13.5000 2 10779.36128
13.6000 2 12991.85664
13.7000 2 16850.61632
13.8000 2 9961.472
13.9000 2 10317.98784
14.0000 2 14522.7776
14.1000 2 10695.4752
14.2000 2 10108.27264
14.3000 2 13316.9152
14.4000 2 12173.96736
14.5000 2 9898.55744
14.6000 2 11660.16512
14.7000 2 13442.74432
14.8000 2 10129.24416
14.9000 2 10695.4752
15.0000 2 14260.6336
15.1000 2 10527.70304
15.2000 2 10202.64448
15.3000 2 13883.14624
15.4000 2 11702.10816
15.5000 2 9583.98464
15.6000 2 12519.99744
15.7000 2 11523.85024
15.8000 2 7885.29152
15.9000 2 14155.776
16.0000 2 10192.15872
16.1000 2 10171.1872
16.2000 2 12499.02592
16.3000 2 12457.08288
16.4000 2 10370.41664
16.5000 2 12551.45472
16.6000 2 11198.79168
16.7000 2 12006.1952
16.8000 2 12499.02592
16.9000 2 10590.6176
17.0000 2 11702.10816
17.1000 2 13170.11456
17.2000 2 10171.1872
17.3000 2 9269.41184
17.4000 2 13872.66048
17.5000 2 7455.37536
17.6000 2 12310.28224
17.7000 2 11439.96416
17.8000 2 10496.24576
17.9000 2 12488.54016
18.0000 2 12310.28224
18.1000 2 11985.22368
18.2000 2 12593.39776
18.3000 2 10926.16192
18.4000 2 11293.16352
18.5000 2 14375.97696
18.6000 2 13201.57184
18.7000 2 11586.7648
18.8000 2 11985.22368
18.9000 2 11156.84864
19.0000 2 10664.01792
19.1000 2 10244.58752
19.2000 2 9447.66976
19.3000 2 16682.84416
19.4000 2 16137.58464
19.5000 2 12111.0528
19.6000 2 12247.36768
19.7000 2 14868.80768
19.8000 2 13180.60032
19.9000 2 11796.48
20.0000 2 11502.87872
20.1000 2 14313.0624
20.2000 2 13683.9168
20.3000 2 11670.65088
20.4000 2 11398.02112
20.5000 2 13526.6304
20.6000 2 13914.60352
20.7000 2 10265.55904
20.8000 2 10297.01632
20.9000 2 15655.23968
21.0000 2 9709.81376
21.1000 2 8157.92128
21.2000 2 14449.37728
21.3000 2 10664.01792
21.4000 2 10412.35968
21.5000 2 12687.7696
21.6000 2 12886.99904
21.7000 2 10632.56064
21.8000 2 12876.51328
21.9000 2 11586.7648
22.0000 2 11869.88032
22.1000 2 12142.51008
22.2000 2 11303.64928
22.3000 2 12079.59552
22.4000 2 11607.73632
22.5000 2 12194.93888
22.6000 2 10779.36128
22.7000 2 12855.54176
22.8000 2 12866.02752
22.9000 2 10485.76
23.0000 2 11723.07968
23.1000 2 14313.0624
23.2000 2 10349.44512
23.3000 2 9678.35648
23.4000 2 14396.94848
23.5000 2 10422.84544
23.6000 2 9563.01312
23.7000 2 13715.37408
23.8000 2 10915.67616
23.9000 2 8063.54944
24.0000 2 14533.26336
24.1000 2 9521.07008
24.2000 2 10947.13344
24.3000 2 12656.31232
24.4000 2 13421.7728
24.5000 2 10989.07648
24.6000 2 12698.25536
24.7000 2 11251.22048
24.8000 2 12687.7696
24.9000 2 11492.39296
25.0000 2 11429.4784
25.1000 2 11114.9056
25.2000 2 13212.0576
25.3000 2 12603.88352
25.4000 2 10601.10336
25.5000 2 10957.6192
25.6000 2 14029.94688
25.7000 2 8965.3248
25.8000 2 11282.67776
25.9000 2 15057.55136
26.0000 2 11534.336
26.1000 2 9898.55744
26.2000 2 12876.51328
26.3000 2 12499.02592
26.4000 2 10359.93088
26.5000 2 11209.27744
26.6000 2 13788.7744
26.7000 2 10234.10176
26.8000 2 10380.9024
26.9000 2 14585.69216
27.0000 2 10150.21568
27.1000 2 10338.95936
27.2000 2 13631.488
27.3000 2 9342.81216
27.4000 2 10611.58912
27.5000 2 12488.54016
27.6000 2 13191.08608
27.7000 2 11565.79328
27.8000 2 12236.88192
27.9000 2 13851.68896
28.0000 2 13967.03232
28.1000 2 12446.59712
28.2000 2 11628.70784
28.3000 2 14375.97696
28.4000 2 11880.36608
28.5000 2 13704.88832
28.6000 2 11796.48
28.7000 2 14134.80448
28.8000 2 11943.28064
28.9000 2 13274.97216
29.0000 2 9919.52896
29.1000 2 10349.44512
29.2000 2 11838.42304
29.3000 2 8629.78048
29.4000 2 6878.65856
29.5000 2 17270.04672
29.6000 2 13600.03072
29.7000 2 12813.59872
29.8000 2 13180.60032
29.9000 2 11492.39296
30.0000 2 9856.6144
30.1000 2 12205.42464
30.2000 2 12666.79808
30.3000 2 8839.49568
30.4000 2 11953.7664
30.5000 2 11156.84864
30.6000 2 10485.76
30.7000 2 12918.45632
30.8000 2 14092.86144
30.9000 2 12782.14144
31.0000 2 11985.22368
31.1000 2 12090.08128
31.2000 2 14533.26336
31.3000 2 13631.488
31.4000 2 10821.30432
31.5000 2 11534.336
31.6000 2 12100.56704
31.7000 2 12142.51008
31.8000 2 11565.79328
31.9000 2 11670.65088
32.0000 2 11523.85024
32.1000 2 12299.79648
32.2000 2 11691.6224
32.3000 2 10475.27424
32.4000 2 13191.08608
32.5000 2 11272.192
32.6000 2 9091.15392
32.7000 2 13159.6288
32.8000 2 12970.88512
32.9000 2 9332.3264
33.0000 2 11314.13504
33.1000 2 11848.9088
33.2000 2 7906.26304
33.3000 2 13589.54496
33.4000 2 9395.24096
33.5000 2 10485.76
33.6000 2 13600.03072
33.7000 2 12268.3392
33.8000 2 11460.93568
33.9000 2 11387.53536
34.0000 2 13778.28864
34.1000 2 11439.96416
34.2000 2 10611.58912
34.3000 2 12907.97056
34.4000 2 13799.26016
34.5000 2 11628.70784
34.6000 2 10800.3328
34.7000 2 13337.88672
34.8000 2 13641.97376
34.9000 2 10926.16192
35.0000 2 11356.07808
35.1000 2 12530.4832
35.2000 2 12928.94208
35.3000 2 10538.1888
35.4000 2 12855.54176
35.5000 2 11398.02112
35.6000 2 11890.85184
35.7000 2 10842.27584
35.8000 2 4120.90368
