0.1000 2 0.0
0.2000 2 11408.50688
0.3000 2 9625.92768
0.4000 2 13725.85984
0.5000 2 13285.45792
0.6000 2 12519.99744
0.7000 2 11702.10816
0.8000 2 13767.80288
0.9000 2 12666.79808
1.0000 2 12425.6256
1.1000 2 11481.9072
1.2000 2 13631.488
1.3000 2 12561.94048
1.4000 2 12205.42464
1.5000 2 10905.1904
1.6000 2 13065.25696
1.7000 2 13872.66048
1.8000 2 10664.01792
1.9000 2 10412.35968
2.0000 2 14061.40416
2.1000 2 11848.9088
2.2000 2 11104.41984
2.3000 2 12373.1968
2.4000 2 12907.97056
2.5000 2 10684.98944
2.6000 2 11429.4784
2.7000 2 13893.632
2.8000 2 13117.68576
2.9000 2 10674.50368
3.0000 2 10999.56224
3.1000 2 13977.51808
3.2000 2 10768.87552
3.3000 2 10527.70304
3.4000 2 13988.00384
3.5000 2 12184.45312
3.6000 2 10317.98784
3.7000 2 11439.96416
3.8000 2 14239.66208
3.9000 2 10863.24736
4.0000 2 11135.87712
4.1000 2 13600.03072
4.2000 2 12677.28384
4.3000 2 10957.6192
4.4000 2 11072.96256
4.5000 2 14753.46432
4.6000 2 10601.10336
4.7000 2 11135.87712
4.8000 2 12519.99744
4.9000 2 13033.79968
5.0000 2 10957.6192
5.1000 2 11010.048
5.2000 2 14617.14944
5.3000 2 11293.16352
5.4000 2 10884.21888
5.5000 2 12142.51008
5.6000 2 14428.40576
5.7000 2 10852.7616
5.8000 2 10863.24736
5.9000 2 12394.16832
6.0000 2 13778.28864
6.1000 2 9091.15392
6.2000 2 10989.07648
6.3000 2 10527.70304
6.4000 2 12635.3408
6.5000 2 13589.54496
6.6000 2 11335.10656
6.7000 2 13379.82976
6.8000 2 11010.048
6.9000 2 13096.71424
7.0000 2 12048.13824
7.1000 2 12886.99904
7.2000 2 11125.39136
7.3000 2 12792.6272
7.4000 2 13935.57504
7.5000 2 11513.36448
7.6000 2 10810.81856
7.7000 2 12824.08448
7.8000 2 11041.50528
7.9000 2 10653.53216
8.0000 2 8996.78208
8.1000 2 11188.30592
8.2000 2 11639.1936
8.3000 2 11177.82016
8.4000 2 12247.36768
8.5000 2 14092.86144
8.6000 2 12949.9136
8.7000 2 11544.82176
8.8000 2 11765.02272
8.9000 2 14260.6336
9.0000 2 13023.31392
9.1000 2 11251.22048
9.2000 2 11555.30752
9.3000 2 14459.86304
9.4000 2 13159.6288
9.5000 2 10643.0464
9.6000 2 11681.13664
9.7000 2 12866.02752
9.8000 2 12740.1984
9.9000 2 10810.81856
10.0000 2 12981.37088
10.1000 2 10894.70464
10.2000 2 12352.22528
10.3000 2 12090.08128
10.4000 2 9196.01152
10.5000 2 12897.4848
10.6000 2 11628.70784
10.7000 2 9028.23936
10.8000 2 10800.3328
10.9000 2 12698.25536
11.0000 2 8839.49568
11.1000 2 12079.59552
11.2000 2 13935.57504
11.3000 2 9772.72832
11.4000 2 9468.64128
11.5000 2 12163.4816
11.6000 2 9269.41184
11.7000 2 12446.59712
11.8000 2 13967.03232
11.9000 2 10443.81696
12.0000 2 11660.16512
12.1000 2 10097.78688
12.2000 2 10737.41824
12.3000 2 9122.6112
12.4000 2 12299.79648
12.5000 2 11953.7664
12.6000 2 13033.79968
12.7000 2 11618.22208
12.8000 2 13149.14304
12.9000 2 10863.24736
13.0000 2 12236.88192
13.1000 2 13893.632
13.2000 2 10705.96096
13.3000 2 9468.64128
13.4000 2 14942.208
13.5000 2 9227.4688
13.6000 2 7738.49088
13.7000 2 15319.69536
13.8000 2 8965.3248
13.9000 2 11041.50528
14.0000 2 13107.2
14.1000 2 12362.71104
14.2000 2 11083.44832
14.3000 2 11450.44992
14.4000 2 10422.84544
14.5000 2 14617.14944
14.6000 2 11114.9056
14.7000 2 8430.55104
14.8000 2 14229.17632
14.9000 2 9699.328
15.0000 2 10758.38976
15.1000 2 13274.97216
15.2000 2 12645.82656
15.3000 2 10003.41504
15.4000 2 11198.79168
15.5000 2 11733.56544
15.6000 2 11723.07968
15.7000 2 12656.31232
15.8000 2 12991.85664
15.9000 2 11146.36288
16.0000 2 11649.67936
16.1000 2 14386.46272
16.2000 2 10779.36128
16.3000 2 10548.67456
16.4000 2 13243.51488
16.5000 2 12782.14144
16.6000 2 10569.64608
16.7000 2 11198.79168
16.8000 2 14585.69216
16.9000 2 9971.95776
17.0000 2 8587.83744
17.1000 2 14438.89152
17.2000 2 8923.38176
17.3000 2 11418.99264
17.4000 2 11744.0512
17.5000 2 11282.67776
17.6000 2 13327.40096
17.7000 2 13138.65728
17.8000 2 10947.13344
17.9000 2 11869.88032
18.0000 2 13841.2032
18.1000 2 9646.8992
18.2000 2 8818.52416
18.3000 2 13799.26016
18.4000 2 8839.49568
18.5000 2 11586.7648
18.6000 2 13820.23168
18.7000 2 11251.22048
18.8000 2 11230.24896
18.9000 2 12478.0544
19.0000 2 12834.57024
19.1000 2 11356.07808
19.2000 2 13096.71424
19.3000 2 11114.9056
19.4000 2 13117.68576
19.5000 2 12058.624
19.6000 2 12152.99584
19.7000 2 10894.70464
19.8000 2 13411.28704
19.9000 2 12918.45632
20.0000 2 10905.1904
20.1000 2 9269.41184
20.2000 2 12740.1984
20.3000 2 9772.72832
20.4000 2 11953.7664
20.5000 2 13463.71584
20.6000 2 10842.27584
20.7000 2 11083.44832
20.8000 2 12666.79808
20.9000 2 13327.40096
21.0000 2 10831.79008
21.1000 2 12981.37088
21.2000 2 11272.192
21.3000 2 12834.57024
21.4000 2 11660.16512
21.5000 2 11555.30752
21.6000 2 12132.02432
21.7000 2 12729.71264
21.8000 2 13054.7712
21.9000 2 11072.96256
22.0000 2 12194.93888
22.1000 2 13495.17312
22.2000 2 12666.79808
22.3000 2 11628.70784
22.4000 2 11377.0496
22.5000 2 9930.01472
22.6000 2 13474.2016
22.7000 2 12645.82656
22.8000 2 11041.50528
22.9000 2 12016.68096
23.0000 2 14669.57824
23.1000 2 11639.1936
23.2000 2 10664.01792
23.3000 2 12111.0528
23.4000 2 13358.85824
23.5000 2 10926.16192
23.6000 2 10915.67616
23.7000 2 13673.43104
23.8000 2 11418.99264
23.9000 2 10412.35968
24.0000 2 12540.96896
24.1000 2 12582.912
24.2000 2 10517.21728
24.3000 2 11932.79488
24.4000 2 13337.88672
24.5000 2 11513.36448
24.6000 2 10905.1904
24.7000 2 13285.45792
24.8000 2 13295.94368
24.9000 2 10569.64608
25.0000 2 10999.56224
25.1000 2 14470.3488
25.2000 2 11209.27744
25.3000 2 10653.53216
25.4000 2 12394.16832
25.5000 2 13306.42944
25.6000 2 10643.0464
25.7000 2 10894.70464
25.8000 2 14103.3472
25.9000 2 11429.4784
26.0000 2 10622.07488
26.1000 2 12666.79808
26.2000 2 12834.57024
26.3000 2 10758.38976
26.4000 2 11534.336
26.5000 2 13222.54336
26.6000 2 11513.36448
26.7000 2 10789.84704
26.8000 2 12981.37088
26.9000 2 12761.16992
27.0000 2 10999.56224
27.1000 2 11765.02272
27.2000 2 13935.57504
27.3000 2 12939.42784
27.4000 2 11387.53536
27.5000 2 11796.48
27.6000 2 14208.2048
27.7000 2 13023.31392
27.8000 2 11303.64928
27.9000 2 11408.50688
28.0000 2 14617.14944
28.1000 2 12111.0528
28.2000 2 10884.21888
28.3000 2 12205.42464
28.4000 2 14659.09248
28.5000 2 11838.42304
28.6000 2 10789.84704
28.7000 2 12572.42624
28.8000 2 12981.37088
28.9000 2 10873.73312
29.0000 2 11649.67936
29.1000 2 11765.02272
29.2000 2 12897.4848
29.3000 2 11198.79168
29.4000 2 13379.82976
29.5000 2 11880.36608
29.6000 2 13191.08608
29.7000 2 11523.85024
29.8000 2 13631.488
29.9000 2 11974.73792
30.0000 2 12907.97056
30.1000 2 11450.44992
30.2000 2 13662.94528
30.3000 2 12582.912
30.4000 2 12614.36928
30.5000 2 11387.53536
30.6000 2 13568.57344
30.7000 2 12803.11296
30.8000 2 12331.25376
30.9000 2 11544.82176
31.0000 2 13379.82976
31.1000 2 13274.97216
31.2000 2 12289.31072
31.3000 2 11366.56384
31.4000 2 13191.08608
31.5000 2 13725.85984
31.6000 2 12499.02592
31.7000 2 11544.82176
31.8000 2 12656.31232
31.9000 2 13820.23168
32.0000 2 12509.51168
32.1000 2 11335.10656
32.2000 2 11314.13504
32.3000 2 14648.60672
32.4000 2 12708.74112
32.5000 2 10705.96096
32.6000 2 9730.78528
32.7000 2 11198.79168
32.8000 2 10223.616
32.9000 2 12530.4832
33.0000 2 12792.6272
33.1000 2 10213.13024
33.2000 2 11492.39296
33.3000 2 14480.83456
33.4000 2 10129.24416
33.5000 2 10391.38816
33.6000 2 13904.11776
33.7000 2 11838.42304
33.8000 2 10569.64608
33.9000 2 11723.07968
34.0000 2 13641.97376
34.1000 2 10223.616
34.2000 2 10789.84704
34.3000 2 14176.74752
34.4000 2 11827.93728
34.5000 2 11135.87712
34.6000 2 12687.7696
34.7000 2 13012.82816
34.8000 2 8776.58112
34.9000 2 1237.31968
