0.1000 2 0.0
0.2000 2 10527.70304
0.3000 2 10317.98784
0.4000 2 11345.59232
0.5000 2 12069.10976
0.6000 2 12939.42784
0.7000 2 10821.30432
0.8000 2 10957.6192
0.9000 2 11827.93728
1.0000 2 10139.72992
1.1000 2 10968.10496
1.2000 2 11251.22048
1.3000 2 9930.01472
1.4000 2 11356.07808
1.5000 2 11156.84864
1.6000 2 9783.21408
1.7000 2 10936.64768
1.8000 2 11880.36608
1.9000 2 11691.6224
2.0000 2 11964.25216
2.1000 2 10433.3312
2.2000 2 13149.14304
2.3000 2 8021.6064
2.4000 2 8745.12384
2.5000 2 12907.97056
2.6000 2 8587.83744
2.7000 2 11964.25216
2.8000 2 11492.39296
2.9000 2 9468.64128
3.0000 2 11785.99424
3.1000 2 10590.6176
3.2000 2 9594.4704
3.3000 2 12289.31072
3.4000 2 9971.95776
3.5000 2 9909.0432
3.6000 2 11838.42304
3.7000 2 9300.86912
3.8000 2 10255.07328
3.9000 2 11188.30592
4.0000 2 8849.98144
4.1000 2 11450.44992
4.2000 2 10422.84544
4.3000 2 8797.55264
4.4000 2 13243.51488
4.5000 2 8640.26624
4.6000 2 9563.01312
4.7000 2 11723.07968
4.8000 2 8199.86432
4.9000 2 13201.57184
5.0000 2 10527.70304
5.1000 2 9825.15712
5.2000 2 12886.99904
5.3000 2 11366.56384
5.4000 2 10118.7584
5.5000 2 12299.79648
5.6000 2 11911.82336
5.7000 2 9657.38496
5.8000 2 11670.65088
5.9000 2 11502.87872
6.0000 2 9479.12704
6.1000 2 11177.82016
6.2000 2 11356.07808
6.3000 2 10726.93248
6.4000 2 10810.81856
6.5000 2 12027.16672
6.6000 2 10968.10496
6.7000 2 11146.36288
6.8000 2 11387.53536
6.9000 2 11125.39136
7.0000 2 10705.96096
7.1000 2 10422.84544
7.2000 2 12027.16672
7.3000 2 9447.66976
7.4000 2 10485.76
7.5000 2 11093.93408
7.6000 2 6899.63008
7.7000 2 12949.9136
7.8000 2 8367.63648
7.9000 2 11083.44832
8.0000 2 11775.50848
8.1000 2 10087.30112
8.2000 2 11943.28064
8.3000 2 11628.70784
8.4000 2 9363.78368
8.5000 2 11251.22048
8.6000 2 11303.64928
8.7000 2 10653.53216
8.8000 2 10087.30112
8.9000 2 11481.9072
9.0000 2 11146.36288
9.1000 2 9363.78368
9.2000 2 11901.3376
9.3000 2 11492.39296
9.4000 2 9751.7568
9.5000 2 12331.25376
9.6000 2 9164.55424
9.7000 2 7591.69024
9.8000 2 12194.93888
9.9000 2 8755.6096
10.0000 2 12236.88192
10.1000 2 8975.81056
10.2000 2 7885.29152
10.3000 2 8766.09536
10.4000 2 12205.42464
10.5000 2 9751.7568
10.6000 2 11513.36448
10.7000 2 12782.14144
10.8000 2 10338.95936
10.9000 2 10632.56064
11.0000 2 12121.53856
11.1000 2 9867.10016
11.2000 2 11681.13664
11.3000 2 10926.16192
11.4000 2 10045.35808
11.5000 2 11356.07808
11.6000 2 10108.27264
11.7000 2 12289.31072
11.8000 2 10223.616
11.9000 2 8535.40864
12.0000 2 12509.51168
12.1000 2 7633.63328
12.2000 2 12184.45312
12.3000 2 10800.3328
12.4000 2 10108.27264
12.5000 2 12813.59872
12.6000 2 11439.96416
12.7000 2 10055.84384
12.8000 2 12792.6272
12.9000 2 11377.0496
13.0000 2 9216.98304
13.1000 2 11544.82176
13.2000 2 11586.7648
13.3000 2 10276.0448
13.4000 2 12907.97056
13.5000 2 11251.22048
13.6000 2 9290.38336
13.7000 2 11827.93728
13.8000 2 11586.7648
13.9000 2 10265.55904
14.0000 2 12142.51008
14.1000 2 11628.70784
14.2000 2 10181.67296
14.3000 2 10034.87232
14.4000 2 513.80224
14.5000 2 2831.1552
14.6000 2 11691.6224
14.7000 2 9888.07168
14.8000 2 12226.39616
14.9000 2 11544.82176
15.0000 2 9762.24256
15.1000 2 10926.16192
15.2000 2 3932.16
15.3000 2 10684.98944
15.4000 2 11943.28064
15.5000 2 12163.4816
15.6000 2 8168.40704
15.7000 2 10097.78688
15.8000 2 13683.9168
15.9000 2 13662.94528
16.0000 2 10055.84384
16.1000 2 9583.98464
16.2000 2 7245.66016
16.3000 2 7025.4592
16.4000 2 13033.79968
16.5000 2 5966.39744
16.6000 2 5368.70912
16.7000 2 7612.66176
16.8000 2 6123.68384
16.9000 2 11785.99424
17.0000 2 16798.18752
17.1000 2 8912.896
17.2000 2 8996.78208
17.3000 2 13830.71744
17.4000 2 10569.64608
17.5000 2 11723.07968
17.6000 2 11817.45152
17.7000 2 13610.51648
17.8000 2 11502.87872
17.9000 2 13327.40096
18.0000 2 11272.192
18.1000 2 9814.67136
18.2000 2 15382.60992
18.3000 2 7581.20448
18.4000 2 11744.0512
18.5000 2 11020.53376
18.6000 2 13201.57184
18.7000 2 11534.336
18.8000 2 13358.85824
18.9000 2 8996.78208
19.0000 2 11093.93408
19.1000 2 12069.10976
19.2000 2 10747.904
19.3000 2 10915.67616
19.4000 2 12215.9104
19.5000 2 10380.9024
19.6000 2 11010.048
19.7000 2 11209.27744
19.8000 2 10926.16192
19.9000 2 11398.02112
20.0000 2 9751.7568
20.1000 2 10800.3328
20.2000 2 7874.80576
20.3000 2 7790.91968
20.4000 2 12016.68096
20.5000 2 11219.7632
20.6000 2 9426.69824
20.7000 2 11314.13504
20.8000 2 11502.87872
20.9000 2 10003.41504
21.0000 2 11576.27904
21.1000 2 10968.10496
21.2000 2 9552.52736
21.3000 2 12970.88512
21.4000 2 9070.1824
21.5000 2 9573.49888
21.6000 2 12278.82496
21.7000 2 8503.95136
21.8000 2 11869.88032
21.9000 2 9930.01472
22.0000 2 10590.6176
22.1000 2 12970.88512
22.2000 2 11198.79168
22.3000 2 10129.24416
22.4000 2 12121.53856
22.5000 2 11272.192
22.6000 2 9269.41184
22.7000 2 12698.25536
22.8000 2 9248.44032
22.9000 2 9112.12544
23.0000 2 13096.71424
23.1000 2 7906.26304
23.2000 2 11083.44832
23.3000 2 9133.09696
23.4000 2 7906.26304
23.5000 2 13191.08608
23.6000 2 7990.14912
23.7000 2 11848.9088
23.8000 2 10496.24576
23.9000 2 6962.54464
24.0000 2 13306.42944
24.1000 2 7371.48928
24.2000 2 12090.08128
24.3000 2 10978.59072
24.4000 2 10150.21568
24.5000 2 11754.53696
24.6000 2 11691.6224
24.7000 2 9877.58592
24.8000 2 12886.99904
24.9000 2 12866.02752
25.0000 2 11439.96416
25.1000 2 10810.81856
25.2000 2 14585.69216
25.3000 2 9856.6144
25.4000 2 7623.14752
25.5000 2 14837.3504
25.6000 2 8808.0384
25.7000 2 7486.83264
25.8000 2 13170.11456
25.9000 2 14648.60672
26.0000 2 11377.0496
26.1000 2 12173.96736
26.2000 2 11293.16352
26.3000 2 9709.81376
26.4000 2 12834.57024
26.5000 2 9709.81376
26.6000 2 8126.464
26.7000 2 13463.71584
26.8000 2 8084.52096
26.9000 2 10779.36128
27.0000 2 11072.96256
27.1000 2 9804.1856
27.2000 2 12970.88512
27.3000 2 13233.02912
27.4000 2 11219.7632
27.5000 2 11167.3344
27.6000 2 10454.30272
27.7000 2 10538.1888
27.8000 2 11785.99424
27.9000 2 11502.87872
28.0000 2 10097.78688
28.1000 2 11188.30592
28.2000 2 12090.08128
28.3000 2 10003.41504
28.4000 2 10905.1904
28.5000 2 12226.39616
28.6000 2 9510.58432
28.7000 2 11272.192
28.8000 2 11282.67776
28.9000 2 9594.4704
29.0000 2 12457.08288
29.1000 2 10359.93088
29.2000 2 9007.26784
29.3000 2 13044.28544
29.4000 2 9625.92768
29.5000 2 9479.12704
29.6000 2 13212.0576
29.7000 2 8923.38176
29.8000 2 10087.30112
29.9000 2 11869.88032
30.0000 2 7172.25984
30.1000 2 13285.45792
30.2000 2 6952.05888
30.3000 2 11041.50528
30.4000 2 7235.1744
30.5000 2 8661.23776
30.6000 2 11859.39456
30.7000 2 10213.13024
30.8000 2 13233.02912
30.9000 2 11492.39296
31.0000 2 13170.11456
31.1000 2 11744.0512
31.2000 2 9888.07168
31.3000 2 12048.13824
31.4000 2 10800.3328
31.5000 2 10045.35808
31.6000 2 10947.13344
31.7000 2 11534.336
31.8000 2 11513.36448
31.9000 2 9898.55744
32.0000 2 10894.70464
32.1000 2 12845.056
32.2000 2 11188.30592
32.3000 2 10842.27584
32.4000 2 13044.28544
32.5000 2 10601.10336
32.6000 2 9751.7568
32.7000 2 13086.22848
32.8000 2 10915.67616
32.9000 2 10055.84384
33.0000 2 12048.13824
33.1000 2 10957.6192
33.2000 2 10297.01632
33.3000 2 11890.85184
33.4000 2 11188.30592
33.5000 2 10087.30112
33.6000 2 11314.13504
33.7000 2 10831.79008
33.8000 2 11230.24896
33.9000 2 11806.96576
34.0000 2 10611.58912
34.1000 2 10873.73312
34.2000 2 12069.10976
34.3000 2 10873.73312
34.4000 2 10643.0464
34.5000 2 12425.6256
34.6000 2 10590.6176
34.7000 2 10548.67456
34.8000 2 12907.97056
34.9000 2 10873.73312
35.0000 2 10024.38656
35.1000 2 12677.28384
35.2000 2 10601.10336
35.3000 2 10045.35808
35.4000 2 13201.57184
35.5000 2 9762.24256
35.6000 2 9625.92768
35.7000 2 12729.71264
35.8000 2 7151.28832
35.9000 2 9877.58592
36.0000 2 16494.10048
36.1000 2 11167.3344
36.2000 2 9856.6144
36.3000 2 12436.11136
36.4000 2 9898.55744
36.5000 2 12383.68256
36.6000 2 11785.99424
36.7000 2 11534.336
36.8000 2 10999.56224
36.9000 2 10150.21568
37.0000 2 10737.41824
37.1000 2 11135.87712
37.2000 2 10622.07488
37.3000 2 12111.0528
37.4000 2 12069.10976
37.5000 2 12698.25536
37.6000 2 11880.36608
37.7000 2 8650.752
37.8000 2 14281.60512
37.9000 2 10066.3296
38.0000 2 10601.10336
38.1000 2 12425.6256
38.2000 2 11586.7648
38.3000 2 9856.6144
38.4000 2 12226.39616
38.5000 2 9269.41184
