0.1000 2 0.0
0.2000 2 11104.41984
0.3000 2 8629.78048
0.4000 2 12750.68416
0.5000 2 9269.41184
0.6000 2 10580.13184
0.7000 2 13128.17152
0.8000 2 11995.70944
0.9000 2 10873.73312
1.0000 2 9384.7552
1.1000 2 11219.7632
1.2000 2 10947.13344
1.3000 2 9594.4704
1.4000 2 12006.1952
1.5000 2 10234.10176
1.6000 2 9667.87072
1.7000 2 13369.344
1.8000 2 11324.6208
1.9000 2 10297.01632
2.0000 2 11744.0512
2.1000 2 10401.87392
2.2000 2 9940.50048
2.3000 2 12383.68256
2.4000 2 9615.44192
2.5000 2 10852.7616
2.6000 2 12310.28224
2.7000 2 9625.92768
2.8000 2 10716.44672
2.9000 2 13149.14304
3.0000 2 7539.26144
3.1000 2 12289.31072
3.2000 2 10538.1888
3.3000 2 9175.04
3.4000 2 12834.57024
3.5000 2 9720.29952
3.6000 2 9762.24256
3.7000 2 13222.54336
3.8000 2 9479.12704
3.9000 2 10506.73152
4.0000 2 12446.59712
4.1000 2 9500.09856
4.2000 2 11051.99104
4.3000 2 12970.88512
4.4000 2 9583.98464
4.5000 2 10632.56064
4.6000 2 12519.99744
4.7000 2 10517.21728
4.8000 2 8787.06688
4.9000 2 12687.7696
5.0000 2 8808.0384
5.1000 2 11460.93568
5.2000 2 11083.44832
5.3000 2 9500.09856
5.4000 2 11712.59392
5.5000 2 12016.68096
5.6000 2 10202.64448
5.7000 2 10821.30432
5.8000 2 12163.4816
5.9000 2 11911.82336
6.0000 2 9877.58592
6.1000 2 10705.96096
6.2000 2 11712.59392
6.3000 2 11051.99104
6.4000 2 8829.00992
6.5000 2 13212.0576
6.6000 2 10160.70144
6.7000 2 7675.57632
6.8000 2 7109.34528
6.9000 2 5190.4512
7.0000 2 5190.4512
7.1000 2 9164.55424
7.2000 2 12991.85664
7.3000 2 9950.98624
7.4000 2 7560.23296
7.5000 2 9468.64128
7.6000 2 1541.40672
7.7000 2 9867.10016
7.8000 2 12499.02592
7.9000 2 2757.75488
8.0000 2 7832.86272
8.1000 2 1950.35136
8.2000 2 5358.22336
8.3000 2 9604.95616
8.4000 2 12446.59712
8.5000 2 7140.80256
8.6000 2 7633.63328
8.7000 2 8808.0384
8.8000 2 7161.77408
8.9000 2 11932.79488
9.0000 2 15875.44064
9.1000 2 14229.17632
9.2000 2 13065.25696
9.3000 2 9793.69984
9.4000 2 11586.7648
9.5000 2 12991.85664
9.6000 2 11031.01952
9.7000 2 10758.38976
9.8000 2 11943.28064
9.9000 2 8724.15232
10.0000 2 12373.1968
10.1000 2 11754.53696
10.2000 2 10422.84544
10.3000 2 11576.27904
10.4000 2 11240.73472
10.5000 2 15089.00864
10.6000 2 9531.55584
10.7000 2 13830.71744
10.8000 2 7916.7488
10.9000 2 9353.29792
11.0000 2 11335.10656
11.1000 2 7161.77408
11.2000 2 13002.3424
11.3000 2 7193.23136
11.4000 2 11618.22208
11.5000 2 9342.81216
11.6000 2 8524.92288
11.7000 2 12981.37088
11.8000 2 9070.1824
11.9000 2 10726.93248
12.0000 2 13432.25856
12.1000 2 7801.40544
12.2000 2 11932.79488
12.3000 2 11377.0496
12.4000 2 8566.86592
12.5000 2 12698.25536
12.6000 2 9667.87072
12.7000 2 9521.07008
12.8000 2 14218.69056
12.9000 2 8388.608
13.0000 2 10307.50208
13.1000 2 12226.39616
13.2000 2 9426.69824
13.3000 2 11240.73472
13.4000 2 11093.93408
13.5000 2 9489.6128
13.6000 2 7161.77408
13.7000 2 8315.20768
13.8000 2 11691.6224
13.9000 2 13914.60352
14.0000 2 13537.11616
14.1000 2 11733.56544
14.2000 2 9625.92768
14.3000 2 11219.7632
14.4000 2 11439.96416
14.5000 2 10716.44672
14.6000 2 11880.36608
14.7000 2 10548.67456
14.8000 2 7203.71712
14.9000 2 13851.68896
15.0000 2 7371.48928
15.1000 2 11335.10656
15.2000 2 10454.30272
15.3000 2 9657.38496
15.4000 2 13306.42944
15.5000 2 8682.20928
15.6000 2 8787.06688
15.7000 2 14313.0624
15.8000 2 7277.11744
15.9000 2 11314.13504
16.0000 2 9133.09696
16.1000 2 8975.81056
16.2000 2 14050.9184
16.3000 2 10454.30272
16.4000 2 9814.67136
16.5000 2 9646.8992
16.6000 2 8954.83904
16.7000 2 8870.95296
16.8000 2 18360.56576
16.9000 2 9510.58432
17.0000 2 10160.70144
17.1000 2 12320.768
17.2000 2 8881.43872
17.3000 2 11513.36448
17.4000 2 11660.16512
17.5000 2 9751.7568
17.6000 2 12656.31232
17.7000 2 14784.9216
17.8000 2 11429.4784
17.9000 2 10590.6176
18.0000 2 11649.67936
18.1000 2 11502.87872
18.2000 2 8891.92448
18.3000 2 12729.71264
18.4000 2 9300.86912
18.5000 2 10097.78688
18.6000 2 12960.39936
18.7000 2 10171.1872
18.8000 2 10873.73312
18.9000 2 11104.41984
19.0000 2 9416.21248
19.1000 2 11114.9056
19.2000 2 11303.64928
19.3000 2 10485.76
19.4000 2 11398.02112
19.5000 2 11240.73472
19.6000 2 10223.616
19.7000 2 12561.94048
19.8000 2 10999.56224
19.9000 2 9762.24256
20.0000 2 12708.74112
20.1000 2 9898.55744
20.2000 2 9269.41184
20.3000 2 13369.344
20.4000 2 9279.8976
20.5000 2 9741.27104
20.6000 2 13883.14624
20.7000 2 10422.84544
20.8000 2 10401.87392
20.9000 2 14260.6336
21.0000 2 8933.86752
21.1000 2 9384.7552
21.2000 2 14208.2048
21.3000 2 8074.0352
21.4000 2 10160.70144
21.5000 2 11869.88032
21.6000 2 9248.44032
21.7000 2 11869.88032
21.8000 2 10118.7584
21.9000 2 9426.69824
22.0000 2 13012.82816
22.1000 2 9804.1856
22.2000 2 10821.30432
22.3000 2 12383.68256
22.4000 2 11765.02272
22.5000 2 10433.3312
22.6000 2 10003.41504
22.7000 2 10999.56224
22.8000 2 11209.27744
22.9000 2 9321.84064
23.0000 2 11293.16352
23.1000 2 10758.38976
23.2000 2 10066.3296
23.3000 2 13998.4896
23.4000 2 9531.55584
23.5000 2 9290.38336
23.6000 2 14082.37568
23.7000 2 5924.4544
23.8000 2 7014.97344
23.9000 2 7822.37696
24.0000 2 9709.81376
24.1000 2 14522.7776
24.2000 2 10821.30432
24.3000 2 12037.65248
24.4000 2 11597.25056
24.5000 2 9636.41344
24.6000 2 12299.79648
24.7000 2 12383.68256
24.8000 2 10905.1904
24.9000 2 12740.1984
25.0000 2 10412.35968
25.1000 2 11398.02112
25.2000 2 10905.1904
25.3000 2 9311.35488
25.4000 2 12593.39776
25.5000 2 9657.38496
25.6000 2 9563.01312
25.7000 2 12593.39776
25.8000 2 9028.23936
25.9000 2 10464.78848
26.0000 2 11660.16512
26.1000 2 9363.78368
26.2000 2 12499.02592
26.3000 2 9909.0432
26.4000 2 7361.00352
26.5000 2 12761.16992
26.6000 2 7822.37696
26.7000 2 8273.26464
26.8000 2 8881.43872
26.9000 2 12278.82496
27.0000 2 14365.4912
27.1000 2 9783.21408
27.2000 2 10475.27424
27.3000 2 14145.29024
27.4000 2 8755.6096
27.5000 2 9825.15712
27.6000 2 12257.85344
27.7000 2 9573.49888
27.8000 2 10863.24736
27.9000 2 12111.0528
28.0000 2 9028.23936
28.1000 2 11953.7664
28.2000 2 11775.50848
28.3000 2 7790.91968
28.4000 2 12719.22688
28.5000 2 7497.3184
28.6000 2 10800.3328
28.7000 2 10580.13184
28.8000 2 7549.7472
28.9000 2 12866.02752
29.0000 2 7675.57632
29.1000 2 11502.87872
29.2000 2 11377.0496
29.3000 2 10349.44512
29.4000 2 11691.6224
29.5000 2 10527.70304
29.6000 2 8818.52416
29.7000 2 12782.14144
29.8000 2 9814.67136
29.9000 2 10045.35808
30.0000 2 13872.66048
30.1000 2 9216.98304
30.2000 2 9678.35648
30.3000 2 12268.3392
30.4000 2 9279.8976
30.5000 2 10947.13344
30.6000 2 12205.42464
30.7000 2 7193.23136
30.8000 2 12499.02592
30.9000 2 7392.4608
31.0000 2 10695.4752
31.1000 2 10422.84544
31.2000 2 9332.3264
31.3000 2 13830.71744
31.4000 2 7256.14592
31.5000 2 9447.66976
31.6000 2 11628.70784
31.7000 2 7046.43072
31.8000 2 12960.39936
31.9000 2 7329.54624
32.0000 2 11125.39136
32.1000 2 10506.73152
32.2000 2 8095.00672
32.3000 2 14323.54816
32.4000 2 10150.21568
32.5000 2 9751.7568
32.6000 2 12446.59712
32.7000 2 9667.87072
32.8000 2 9982.44352
32.9000 2 12928.94208
33.0000 2 9143.58272
33.1000 2 10517.21728
33.2000 2 12446.59712
33.3000 2 8115.97824
33.4000 2 12635.3408
33.5000 2 12761.16992
33.6000 2 10810.81856
33.7000 2 11219.7632
33.8000 2 10338.95936
33.9000 2 8860.4672
34.0000 2 7371.48928
34.1000 2 9122.6112
34.2000 2 17678.99136
34.3000 2 5043.65056
34.4000 2 2925.52704
34.5000 2 3418.35776
34.6000 2 12803.11296
34.7000 2 14847.83616
34.8000 2 13715.37408
34.9000 2 11765.02272
35.0000 2 10768.87552
35.1000 2 11901.3376
35.2000 2 11020.53376
35.3000 2 10213.13024
35.4000 2 11922.30912
35.5000 2 10779.36128
35.6000 2 9604.95616
35.7000 2 13107.2
35.8000 2 9940.50048
35.9000 2 8682.20928
36.0000 2 12813.59872
36.1000 2 9395.24096
36.2000 2 10307.50208
36.3000 2 10957.6192
36.4000 2 3575.64416
36.5000 2 1142.94784
36.6000 2 880.80384
36.7000 2 11859.39456
36.8000 2 12058.624
36.9000 2 13421.7728
37.0000 2 9657.38496
37.1000 2 13641.97376
37.2000 2 12499.02592
37.3000 2 13725.85984
37.4000 2 13149.14304
37.5000 2 6123.68384
37.6000 2 6081.7408
37.7000 2 15781.0688
37.8000 2 11649.67936
37.9000 2 6962.54464
38.0000 2 5400.1664
38.1000 2 7298.08896
38.2000 2 5515.50976
38.3000 2 7056.91648
38.4000 2 13264.4864
38.5000 2 11377.0496
38.6000 2 12918.45632
38.7000 2 14428.40576
38.8000 2 9290.38336
38.9000 2 12048.13824
39.0000 2 12247.36768
39.1000 2 6218.05568
39.2000 2 12582.912
39.3000 2 11492.39296
39.4000 2 10852.7616
39.5000 2 12519.99744
39.6000 2 9437.184
39.7000 2 650.11712
