0.1000 2 0.0
0.2000 2 6595.54304
0.3000 2 13820.23168
0.4000 2 11859.39456
0.5000 2 11460.93568
0.6000 2 10265.55904
0.7000 2 3439.32928
0.8000 2 4183.81824
0.9000 2 14292.09088
1.0000 2 18119.39328
1.1000 2 12278.82496
1.2000 2 7738.49088
1.3000 2 13254.00064
1.4000 2 8870.95296
1.5000 2 17364.41856
1.6000 2 9992.92928
1.7000 2 12729.71264
1.8000 2 11240.73472
1.9000 2 16924.01664
2.0000 2 8587.83744
2.1000 2 14491.32032
2.2000 2 6941.57312
2.3000 2 11377.0496
2.4000 2 9437.184
2.5000 2 6700.40064
2.6000 2 14092.86144
2.7000 2 7465.86112
2.8000 2 12446.59712
2.9000 2 8199.86432
3.0000 2 8640.26624
3.1000 2 12121.53856
3.2000 2 8766.09536
3.3000 2 11890.85184
3.4000 2 10999.56224
3.5000 2 10118.7584
3.6000 2 12740.1984
3.7000 2 12666.79808
3.8000 2 9950.98624
3.9000 2 11377.0496
4.0000 2 11534.336
4.1000 2 11995.70944
4.2000 2 12761.16992
4.3000 2 10234.10176
4.4000 2 11523.85024
4.5000 2 10328.4736
4.6000 2 8797.55264
4.7000 2 12970.88512
4.8000 2 9751.7568
4.9000 2 9762.24256
5.0000 2 13212.0576
5.1000 2 10213.13024
5.2000 2 8944.35328
5.3000 2 14501.80608
5.4000 2 8095.00672
5.5000 2 10789.84704
5.6000 2 12719.22688
5.7000 2 11072.96256
5.8000 2 12163.4816
5.9000 2 11775.50848
6.0000 2 12855.54176
6.1000 2 12299.79648
6.2000 2 10747.904
6.3000 2 9856.6144
6.4000 2 11481.9072
6.5000 2 9059.69664
6.6000 2 10527.70304
6.7000 2 11293.16352
6.8000 2 11125.39136
6.9000 2 11335.10656
7.0000 2 10978.59072
7.1000 2 11418.99264
7.2000 2 11681.13664
7.3000 2 10380.9024
7.4000 2 10496.24576
7.5000 2 11439.96416
7.6000 2 11230.24896
7.7000 2 12352.22528
7.8000 2 12289.31072
7.9000 2 10464.78848
8.0000 2 11995.70944
8.1000 2 12394.16832
8.2000 2 9604.95616
8.3000 2 11597.25056
8.4000 2 11660.16512
8.5000 2 9227.4688
8.6000 2 12100.56704
8.7000 2 11041.50528
8.8000 2 9688.84224
8.9000 2 11083.44832
9.0000 2 10789.84704
9.1000 2 12037.65248
9.2000 2 9521.07008
9.3000 2 10391.38816
9.4000 2 12373.1968
9.5000 2 9164.55424
9.6000 2 11649.67936
9.7000 2 10328.4736
9.8000 2 9751.7568
9.9000 2 12635.3408
10.0000 2 10213.13024
10.1000 2 7423.91808
10.2000 2 13044.28544
10.3000 2 7444.8896
10.4000 2 12635.3408
10.5000 2 10108.27264
10.6000 2 8482.97984
10.7000 2 9636.41344
10.8000 2 5609.8816
10.9000 2 9196.01152
11.0000 2 13369.344
11.1000 2 8944.35328
11.2000 2 13432.25856
11.3000 2 11932.79488
11.4000 2 10118.7584
11.5000 2 13096.71424
11.6000 2 12194.93888
11.7000 2 10590.6176
11.8000 2 13621.00224
11.9000 2 11062.4768
12.0000 2 7308.57472
12.1000 2 13411.28704
12.2000 2 7560.23296
12.3000 2 11660.16512
12.4000 2 11827.93728
12.5000 2 8115.97824
12.6000 2 13400.80128
12.7000 2 9856.6144
12.8000 2 8849.98144
12.9000 2 14375.97696
13.0000 2 7507.80416
13.1000 2 9646.8992
13.2000 2 12488.54016
13.3000 2 9804.1856
13.4000 2 11544.82176
13.5000 2 12897.4848
13.6000 2 9416.21248
13.7000 2 11366.56384
13.8000 2 13065.25696
13.9000 2 10548.67456
14.0000 2 9458.15552
14.1000 2 13295.94368
14.2000 2 7811.8912
14.3000 2 12163.4816
14.4000 2 12320.768
14.5000 2 8829.00992
14.6000 2 12457.08288
14.7000 2 10852.7616
14.8000 2 8294.23616
14.9000 2 13757.31712
15.0000 2 10496.24576
15.1000 2 9374.26944
15.2000 2 13264.4864
15.3000 2 10517.21728
15.4000 2 10202.64448
15.5000 2 13379.82976
15.6000 2 10894.70464
15.7000 2 9426.69824
15.8000 2 13495.17312
15.9000 2 9741.27104
16.0000 2 9321.84064
16.1000 2 13725.85984
16.2000 2 10716.44672
16.3000 2 10024.38656
16.4000 2 12540.96896
16.5000 2 11387.53536
16.6000 2 10391.38816
16.7000 2 12048.13824
16.8000 2 10454.30272
16.9000 2 10139.72992
17.0000 2 12362.71104
17.1000 2 12268.3392
17.2000 2 10548.67456
17.3000 2 11817.45152
17.4000 2 11838.42304
17.5000 2 10003.41504
17.6000 2 12037.65248
17.7000 2 11848.9088
17.8000 2 9458.15552
17.9000 2 11838.42304
18.0000 2 12037.65248
18.1000 2 10622.07488
18.2000 2 12215.9104
18.3000 2 12960.39936
18.4000 2 10884.21888
18.5000 2 10265.55904
18.6000 2 13233.02912
18.7000 2 10789.84704
18.8000 2 11576.27904
18.9000 2 13788.7744
19.0000 2 9269.41184
19.1000 2 10034.87232
19.2000 2 12362.71104
19.3000 2 9814.67136
19.4000 2 11031.01952
19.5000 2 12614.36928
19.6000 2 10433.3312
19.7000 2 9625.92768
19.8000 2 12142.51008
19.9000 2 7056.91648
20.0000 2 14554.23488
20.1000 2 16284.38528
20.2000 2 12111.0528
20.3000 2 13579.0592
20.4000 2 8115.97824
20.5000 2 12226.39616
20.6000 2 9122.6112
20.7000 2 11628.70784
20.8000 2 6501.1712
20.9000 2 5546.96704
21.0000 2 19021.16864
21.1000 2 14522.7776
21.2000 2 10936.64768
21.3000 2 11523.85024
21.4000 2 13044.28544
21.5000 2 9206.49728
21.6000 2 10643.0464
21.7000 2 11639.1936
21.8000 2 9542.0416
21.9000 2 12058.624
22.0000 2 10705.96096
22.1000 2 9646.8992
22.2000 2 12593.39776
22.3000 2 9992.92928
22.4000 2 9950.98624
22.5000 2 13379.82976
22.6000 2 12719.22688
22.7000 2 18119.39328
22.8000 2 12750.68416
22.9000 2 11901.3376
23.0000 2 10852.7616
23.1000 2 11460.93568
23.2000 2 16326.32832
23.3000 2 12886.99904
23.4000 2 9395.24096
23.5000 2 10873.73312
23.6000 2 11439.96416
23.7000 2 10202.64448
23.8000 2 11398.02112
23.9000 2 2411.7248
24.0000 2 16808.67328
24.1000 2 13054.7712
24.2000 2 10789.84704
24.3000 2 12152.99584
24.4000 2 11953.7664
24.5000 2 11796.48
24.6000 2 9762.24256
24.7000 2 11827.93728
24.8000 2 12834.57024
24.9000 2 11062.4768
25.0000 2 12320.768
25.1000 2 10108.27264
25.2000 2 11785.99424
25.3000 2 13086.22848
25.4000 2 17909.67808
25.5000 2 9804.1856
25.6000 2 10622.07488
25.7000 2 11565.79328
25.8000 2 7088.37376
25.9000 2 13096.71424
26.0000 2 6511.65696
26.1000 2 12383.68256
26.2000 2 7434.40384
26.3000 2 9237.95456
26.4000 2 10842.27584
26.5000 2 9112.12544
26.6000 2 12624.85504
26.7000 2 11754.53696
26.8000 2 8367.63648
26.9000 2 14313.0624
27.0000 2 8535.40864
27.1000 2 10045.35808
27.2000 2 14323.54816
27.3000 2 8598.3232
27.4000 2 10884.21888
27.5000 2 11995.70944
27.6000 2 9804.1856
27.7000 2 11293.16352
27.8000 2 12048.13824
27.9000 2 9374.26944
28.0000 2 11607.73632
28.1000 2 12226.39616
28.2000 2 9730.78528
28.3000 2 11177.82016
28.4000 2 13233.02912
28.5000 2 10192.15872
28.6000 2 10968.10496
28.7000 2 11785.99424
28.8000 2 9583.98464
28.9000 2 11765.02272
29.0000 2 14323.54816
29.1000 2 8346.66496
29.2000 2 9500.09856
29.3000 2 12593.39776
29.4000 2 10066.3296
29.5000 2 12813.59872
29.6000 2 11272.192
29.7000 2 12813.59872
29.8000 2 9007.26784
29.9000 2 8839.49568
30.0000 2 15508.43904
30.1000 2 12436.11136
30.2000 2 9531.55584
30.3000 2 10779.36128
30.4000 2 11135.87712
30.5000 2 9007.26784
30.6000 2 13358.85824
30.7000 2 5588.91008
30.8000 2 5525.99552
30.9000 2 12194.93888
31.0000 2 10150.21568
31.1000 2 13358.85824
31.2000 2 12383.68256
31.3000 2 10936.64768
31.4000 2 12834.57024
31.5000 2 9835.64288
31.6000 2 9500.09856
31.7000 2 13295.94368
31.8000 2 9804.1856
31.9000 2 9814.67136
32.0000 2 13107.2
32.1000 2 9489.6128
32.2000 2 10349.44512
32.3000 2 13851.68896
32.4000 2 7560.23296
32.5000 2 11429.4784
32.6000 2 9122.6112
32.7000 2 9175.04
32.8000 2 13369.344
32.9000 2 12048.13824
33.0000 2 10422.84544
33.1000 2 10443.81696
33.2000 2 11198.79168
33.3000 2 11188.30592
33.4000 2 9877.58592
33.5000 2 12446.59712
33.6000 2 12582.912
33.7000 2 10894.70464
33.8000 2 10192.15872
33.9000 2 14292.09088
34.0000 2 7696.54784
34.1000 2 10863.24736
34.2000 2 10726.93248
34.3000 2 9164.55424
34.4000 2 13600.03072
34.5000 2 8944.35328
34.6000 2 9636.41344
34.7000 2 12478.0544
34.8000 2 9867.10016
34.9000 2 10622.07488
35.0000 2 13033.79968
35.1000 2 10821.30432
35.2000 2 8346.66496
35.3000 2 12467.56864
35.4000 2 6899.63008
35.5000 2 13652.45952
35.6000 2 10569.64608
35.7000 2 9154.06848
35.8000 2 13065.25696
35.9000 2 9017.7536
36.0000 2 10139.72992
36.1000 2 12488.54016
36.2000 2 9814.67136
36.3000 2 10716.44672
36.4000 2 12027.16672
36.5000 2 9667.87072
36.6000 2 11439.96416
36.7000 2 12509.51168
36.8000 2 11282.67776
36.9000 2 12740.1984
37.0000 2 10957.6192
37.1000 2 11775.50848
37.2000 2 12069.10976
37.3000 2 11125.39136
37.4000 2 10957.6192
37.5000 2 11418.99264
37.6000 2 10915.67616
37.7000 2 12614.36928
37.8000 2 859.83232
