0.1000 2 0.0
0.2000 2 14543.74912
0.3000 2 8598.3232
0.4000 2 12289.31072
0.5000 2 13369.344
0.6000 2 10821.30432
0.7000 2 11702.10816
0.8000 2 11198.79168
0.9000 2 12142.51008
1.0000 2 11838.42304
1.1000 2 12205.42464
1.2000 2 11995.70944
1.3000 2 11523.85024
1.4000 2 12666.79808
1.5000 2 10664.01792
1.6000 2 12530.4832
1.7000 2 12132.02432
1.8000 2 11041.50528
1.9000 2 11827.93728
2.0000 2 12792.6272
2.1000 2 12352.22528
2.2000 2 11209.27744
2.3000 2 12425.6256
2.4000 2 14344.51968
2.5000 2 11020.53376
2.6000 2 10265.55904
2.7000 2 12090.08128
2.8000 2 12729.71264
2.9000 2 11010.048
3.0000 2 12037.65248
3.1000 2 14250.14784
3.2000 2 10475.27424
3.3000 2 10443.81696
3.4000 2 12970.88512
3.5000 2 12058.624
3.6000 2 10989.07648
3.7000 2 12048.13824
3.8000 2 14229.17632
3.9000 2 9825.15712
4.0000 2 10643.0464
4.1000 2 12824.08448
4.2000 2 11177.82016
4.3000 2 12037.65248
4.4000 2 11272.192
4.5000 2 12268.3392
4.6000 2 12289.31072
4.7000 2 12436.11136
4.8000 2 10433.3312
4.9000 2 12677.28384
5.0000 2 13411.28704
5.1000 2 13054.7712
5.2000 2 11492.39296
5.3000 2 13191.08608
5.4000 2 12278.82496
5.5000 2 13243.51488
5.6000 2 11062.4768
5.7000 2 12341.73952
5.8000 2 11555.30752
5.9000 2 11282.67776
6.0000 2 11953.7664
6.1000 2 11513.36448
6.2000 2 11555.30752
6.3000 2 10506.73152
6.4000 2 13065.25696
6.5000 2 11869.88032
6.6000 2 9835.64288
6.7000 2 12677.28384
6.8000 2 11471.42144
6.9000 2 9646.8992
7.0000 2 12310.28224
7.1000 2 11765.02272
7.2000 2 10066.3296
7.3000 2 11660.16512
7.4000 2 14417.92
7.5000 2 11953.7664
7.6000 2 10286.53056
7.7000 2 13505.65888
7.8000 2 8147.43552
7.9000 2 10968.10496
8.0000 2 12603.88352
8.1000 2 12603.88352
8.2000 2 12247.36768
8.3000 2 11523.85024
8.4000 2 7549.7472
8.5000 2 12792.6272
8.6000 2 7570.71872
8.7000 2 12771.65568
8.8000 2 7717.51936
8.9000 2 10370.41664
9.0000 2 14711.52128
9.1000 2 10905.1904
9.2000 2 8399.09376
9.3000 2 14847.83616
9.4000 2 11335.10656
9.5000 2 11041.50528
9.6000 2 12310.28224
9.7000 2 13117.68576
9.8000 2 12111.0528
9.9000 2 10779.36128
10.0000 2 12729.71264
10.1000 2 13641.97376
10.2000 2 11785.99424
10.3000 2 11712.59392
10.4000 2 11471.42144
10.5000 2 13212.0576
10.6000 2 9688.84224
10.7000 2 13799.26016
10.8000 2 7455.37536
10.9000 2 10265.55904
11.0000 2 13065.25696
11.1000 2 10569.64608
11.2000 2 11932.79488
11.3000 2 9825.15712
11.4000 2 12163.4816
11.5000 2 11880.36608
11.6000 2 7885.29152
11.7000 2 13683.9168
11.8000 2 11460.93568
11.9000 2 11450.44992
12.0000 2 11639.1936
12.1000 2 14459.86304
12.2000 2 8902.41024
12.3000 2 10643.0464
12.4000 2 12016.68096
12.5000 2 10234.10176
12.6000 2 11712.59392
12.7000 2 9594.4704
12.8000 2 11523.85024
12.9000 2 11125.39136
13.0000 2 11481.9072
13.1000 2 12677.28384
13.2000 2 12708.74112
13.3000 2 11502.87872
13.4000 2 12236.88192
13.5000 2 11471.42144
13.6000 2 13274.97216
13.7000 2 11398.02112
13.8000 2 12236.88192
13.9000 2 10936.64768
14.0000 2 13463.71584
14.1000 2 13023.31392
14.2000 2 11177.82016
14.3000 2 10443.81696
14.4000 2 14753.46432
14.5000 2 10957.6192
14.6000 2 9615.44192
14.7000 2 12845.056
14.8000 2 12299.79648
14.9000 2 10192.15872
15.0000 2 11943.28064
15.1000 2 13809.74592
15.2000 2 11712.59392
15.3000 2 11020.53376
15.4000 2 13243.51488
15.5000 2 12614.36928
15.6000 2 12331.25376
15.7000 2 12352.22528
15.8000 2 12100.56704
15.9000 2 11901.3376
16.0000 2 12824.08448
16.1000 2 13264.4864
16.2000 2 11062.4768
16.3000 2 11555.30752
16.4000 2 14187.23328
16.5000 2 12152.99584
16.6000 2 9961.472
16.7000 2 12236.88192
16.8000 2 9930.01472
16.9000 2 62.91456
17.0000 2 2443.18208
17.1000 2 8734.63808
17.2000 2 13337.88672
17.3000 2 16777.216
17.4000 2 14040.43264
17.5000 2 10202.64448
17.6000 2 11827.93728
17.7000 2 10716.44672
17.8000 2 13484.68736
17.9000 2 10611.58912
18.0000 2 7067.40224
18.1000 2 2589.98272
18.2000 2 12058.624
18.3000 2 11083.44832
18.4000 2 6952.05888
18.5000 2 3051.35616
18.6000 2 0.0
18.7000 2 5295.3088
18.8000 2 9657.38496
18.9000 2 16494.10048
19.0000 2 9793.69984
19.1000 2 10821.30432
19.2000 2 13138.65728
19.3000 2 9793.69984
19.4000 2 12750.68416
19.5000 2 10076.81536
19.6000 2 7486.83264
19.7000 2 15739.12576
19.8000 2 8157.92128
19.9000 2 9426.69824
20.0000 2 13851.68896
20.1000 2 6952.05888
20.2000 2 5955.91168
20.3000 2 5945.42592
20.4000 2 6459.22816
20.5000 2 13442.74432
20.6000 2 11765.02272
20.7000 2 13295.94368
20.8000 2 14281.60512
20.9000 2 13096.71424
21.0000 2 11041.50528
21.1000 2 11303.64928
21.2000 2 6176.11264
21.3000 2 4592.76288
21.4000 2 13610.51648
21.5000 2 15749.61152
21.6000 2 16043.2128
21.7000 2 11785.99424
21.8000 2 10454.30272
21.9000 2 11083.44832
22.0000 2 16420.70016
22.1000 2 11471.42144
22.2000 2 13065.25696
22.3000 2 10936.64768
22.4000 2 13799.26016
22.5000 2 12226.39616
22.6000 2 11576.27904
22.7000 2 5400.1664
22.8000 2 5054.13632
22.9000 2 8598.3232
23.0000 2 10076.81536
23.1000 2 9846.12864
23.2000 2 18874.368
23.3000 2 9615.44192
23.4000 2 10726.93248
23.5000 2 13463.71584
23.6000 2 14386.46272
23.7000 2 11911.82336
23.8000 2 10873.73312
23.9000 2 13180.60032
24.0000 2 12866.02752
24.1000 2 11723.07968
24.2000 2 12656.31232
24.3000 2 12184.45312
24.4000 2 12016.68096
24.5000 2 12635.3408
24.6000 2 13295.94368
24.7000 2 10695.4752
24.8000 2 10464.78848
24.9000 2 13537.11616
25.0000 2 10643.0464
25.1000 2 10894.70464
25.2000 2 13841.2032
25.3000 2 11691.6224
25.4000 2 10622.07488
25.5000 2 12593.39776
25.6000 2 13516.14464
25.7000 2 10831.79008
25.8000 2 10580.13184
25.9000 2 14008.97536
26.0000 2 11639.1936
26.1000 2 10737.41824
26.2000 2 11408.50688
26.3000 2 12729.71264
26.4000 2 9814.67136
26.5000 2 11188.30592
26.6000 2 13400.80128
26.7000 2 10664.01792
26.8000 2 10590.6176
26.9000 2 10108.27264
27.0000 2 8556.38016
27.1000 2 11418.99264
27.2000 2 17794.33472
27.3000 2 11135.87712
27.4000 2 9028.23936
27.5000 2 13191.08608
27.6000 2 10401.87392
27.7000 2 9206.49728
27.8000 2 11985.22368
27.9000 2 12478.0544
28.0000 2 11723.07968
28.1000 2 11135.87712
28.2000 2 9332.3264
28.3000 2 13474.2016
28.4000 2 10915.67616
28.5000 2 11974.73792
28.6000 2 10255.07328
28.7000 2 11460.93568
28.8000 2 12970.88512
28.9000 2 8713.66656
29.0000 2 12142.51008
29.1000 2 11481.9072
29.2000 2 11146.36288
29.3000 2 11880.36608
29.4000 2 8829.00992
29.5000 2 13746.83136
29.6000 2 8220.83584
29.7000 2 8818.52416
29.8000 2 10538.1888
29.9000 2 12257.85344
30.0000 2 11618.22208
30.1000 2 12048.13824
30.2000 2 10129.24416
30.3000 2 10905.1904
30.4000 2 10643.0464
30.5000 2 10097.78688
30.6000 2 11817.45152
30.7000 2 11932.79488
30.8000 2 12446.59712
30.9000 2 10255.07328
31.0000 2 8944.35328
31.1000 2 13589.54496
31.2000 2 10989.07648
31.3000 2 11943.28064
31.4000 2 10171.1872
31.5000 2 11733.56544
31.6000 2 13086.22848
31.7000 2 7486.83264
31.8000 2 12184.45312
31.9000 2 7969.1776
32.0000 2 9458.15552
32.1000 2 13191.08608
32.2000 2 10433.3312
32.3000 2 11869.88032
32.4000 2 10338.95936
32.5000 2 12320.768
32.6000 2 10905.1904
32.7000 2 6826.22976
32.8000 2 12519.99744
32.9000 2 6501.1712
33.0000 2 13390.31552
33.1000 2 9646.8992
33.2000 2 10705.96096
33.3000 2 12499.02592
33.4000 2 13222.54336
33.5000 2 10758.38976
33.6000 2 12803.11296
33.7000 2 10695.4752
33.8000 2 12855.54176
33.9000 2 12478.0544
34.0000 2 9992.92928
34.1000 2 9898.55744
34.2000 2 12173.96736
34.3000 2 10527.70304
34.4000 2 11471.42144
34.5000 2 11702.10816
34.6000 2 11135.87712
34.7000 2 10726.93248
34.8000 2 11062.4768
34.9000 2 10831.79008
35.0000 2 12079.59552
35.1000 2 12635.3408
35.2000 2 10118.7584
35.3000 2 11523.85024
35.4000 2 10213.13024
35.5000 2 10496.24576
35.6000 2 12698.25536
35.7000 2 12792.6272
35.8000 2 11356.07808
35.9000 2 13044.28544
36.0000 2 10297.01632
36.1000 2 12499.02592
36.2000 2 12394.16832
36.3000 2 10223.616
36.4000 2 11460.93568
36.5000 2 13589.54496
36.6000 2 7329.54624
36.7000 2 1929.37984
