0.1000 4 0.0
0.2000 4 5085.5936
0.3000 4 3470.78656
0.4000 4 3030.38464
0.5000 4 692.06016
0.6000 4 10024.38656
0.7000 4 9290.38336
0.8000 4 5851.05408
0.9000 4 5494.53824
1.0000 4 9625.92768
1.1000 4 9426.69824
1.2000 4 8577.35168
1.3000 4 2527.06816
1.4000 4 1006.63296
1.5000 4 5368.70912
1.6000 4 10034.87232
1.7000 4 8975.81056
1.8000 4 1730.1504
1.9000 4 1048.576
2.0000 4 2275.40992
2.1000 4 503.31648
2.2000 4 167.77216
2.3000 4 3019.89888
2.4000 4 8147.43552
2.5000 4 9867.10016
2.6000 4 9070.1824
2.7000 4 7581.20448
2.8000 4 7591.69024
2.9000 4 9856.6144
3.0000 4 9164.55424
3.1000 4 8220.83584
3.2000 4 5704.25344
3.3000 4 8755.6096
3.4000 4 9395.24096
3.5000 4 9038.72512
3.6000 4 9720.29952
3.7000 4 2977.95584
3.8000 4 4571.79136
3.9000 4 7686.06208
4.0000 4 7948.20608
4.1000 4 9814.67136
4.2000 4 9437.184
4.3000 4 8650.752
4.4000 4 6280.97024
4.5000 4 10297.01632
4.6000 4 8839.49568
4.7000 4 891.2896
4.8000 4 167.77216
4.9000 4 503.31648
5.0000 4 2904.55552
5.1000 4 1593.83552
5.2000 4 1468.0064
5.3000 4 3848.27392
5.4000 4 5546.96704
5.5000 4 10255.07328
5.6000 4 9017.7536
5.7000 4 8954.83904
5.8000 4 8829.00992
5.9000 4 9542.0416
6.0000 4 9604.95616
6.1000 4 8986.29632
6.2000 4 8053.06368
6.3000 4 9154.06848
6.4000 4 9594.4704
6.5000 4 4068.47488
6.6000 4 2013.26592
6.7000 4 6501.1712
6.8000 4 9846.12864
6.9000 4 9468.64128
7.0000 4 5630.85312
7.1000 4 7287.6032
7.2000 4 9374.26944
7.3000 4 9216.98304
7.4000 4 8682.20928
7.5000 4 7444.8896
7.6000 4 9227.4688
7.7000 4 9814.67136
7.8000 4 5641.33888
7.9000 4 838.8608
8.0000 4 1342.17728
8.1000 4 5368.70912
8.2000 4 9950.98624
8.3000 4 3974.10304
8.4000 4 9594.4704
8.5000 4 9227.4688
8.6000 4 9521.07008
8.7000 4 9248.44032
8.8000 4 8975.81056
8.9000 4 9867.10016
9.0000 4 9227.4688
9.1000 4 9783.21408
9.2000 4 8755.6096
9.3000 4 8986.29632
9.4000 4 9258.92608
9.5000 4 6207.56992
9.6000 4 7245.66016
9.7000 4 9216.98304
9.8000 4 9793.69984
9.9000 4 8629.78048
10.0000 4 2684.35456
10.1000 4 8325.69344
10.2000 4 8210.35008
10.3000 4 2065.69472
10.4000 4 3376.41472
10.5000 4 6689.91488
10.6000 4 7874.80576
10.7000 4 10234.10176
10.8000 4 9342.81216
10.9000 4 6543.11424
11.0000 4 2485.12512
11.1000 4 6071.25504
11.2000 4 9384.7552
11.3000 4 9405.72672
11.4000 4 7686.06208
11.5000 4 4697.62048
11.6000 4 10244.58752
11.7000 4 9563.01312
11.8000 4 9332.3264
11.9000 4 8241.80736
12.0000 4 6207.56992
12.1000 4 3355.4432
12.2000 4 2013.26592
12.3000 4 5033.1648
12.4000 4 9479.12704
12.5000 4 8808.0384
12.6000 4 5588.91008
12.7000 4 7958.69184
12.8000 4 9479.12704
12.9000 4 9353.29792
13.0000 4 5463.08096
13.1000 4 9741.27104
13.2000 4 6239.0272
13.3000 4 9992.92928
13.4000 4 9164.55424
13.5000 4 5861.53984
13.6000 4 335.54432
13.7000 4 671.08864
13.8000 4 7298.08896
13.9000 4 10181.67296
14.0000 4 4959.76448
14.1000 4 1394.60608
14.2000 4 8325.69344
14.3000 4 9720.29952
14.4000 4 9038.72512
14.5000 4 3670.016
14.6000 4 6878.65856
14.7000 4 9258.92608
14.8000 4 9059.69664
14.9000 4 7350.51776
15.0000 4 1342.17728
15.1000 4 1509.94944
15.2000 4 5494.53824
15.3000 4 3376.41472
15.4000 4 3019.89888
15.5000 4 671.08864
15.6000 4 1006.63296
15.7000 4 3848.27392
15.8000 4 2778.7264
15.9000 4 3890.21696
16.0000 4 10066.3296
16.1000 4 9227.4688
16.2000 4 9154.06848
16.3000 4 9909.0432
16.4000 4 8839.49568
16.5000 4 9164.55424
16.6000 4 2222.98112
16.7000 4 4194.304
16.8000 4 7790.91968
16.9000 4 9416.21248
17.0000 4 9468.64128
17.1000 4 7717.51936
17.2000 4 4529.84832
17.3000 4 9248.44032
17.4000 4 9489.6128
17.5000 4 9059.69664
17.6000 4 408.94464
17.7000 4 398.45888
17.8000 4 125.82912
17.9000 4 0.0
18.0000 4 0.0
18.1000 4 513.80224
18.2000 4 1174.40512
18.3000 4 2841.64096
18.4000 4 5242.88
18.5000 4 10171.1872
18.6000 4 8902.41024
18.7000 4 5305.79456
18.8000 4 6102.71232
18.9000 4 10234.10176
19.0000 4 7130.3168
19.1000 4 838.8608
19.2000 4 1174.40512
19.3000 4 5442.10944
19.4000 4 4477.41952
19.5000 4 6868.1728
19.6000 4 10255.07328
19.7000 4 9049.21088
19.8000 4 7801.40544
19.9000 4 5368.70912
20.0000 4 9563.01312
20.1000 4 9405.72672
20.2000 4 6847.20128
20.3000 4 4896.84992
20.4000 4 9237.95456
20.5000 4 9353.29792
20.6000 4 8556.38016
20.7000 4 4833.93536
20.8000 4 8199.86432
20.9000 4 9678.35648
21.0000 4 9363.78368
21.1000 4 4267.70432
21.2000 4 7413.43232
21.3000 4 9500.09856
21.4000 4 9070.1824
21.5000 4 6333.39904
21.6000 4 1342.17728
21.7000 4 2977.95584
21.8000 4 8944.35328
21.9000 4 9552.52736
22.0000 4 8965.3248
22.1000 4 5861.53984
22.2000 4 8545.8944
22.3000 4 9583.98464
22.4000 4 9133.09696
22.5000 4 5882.51136
22.6000 4 985.66144
22.7000 4 1855.97952
22.8000 4 4362.07616
22.9000 4 9992.92928
23.0000 4 8881.43872
23.1000 4 3890.21696
23.2000 4 5169.47968
23.3000 4 9374.26944
23.4000 4 9479.12704
23.5000 4 8482.97984
23.6000 4 4131.38944
23.7000 4 5546.96704
23.8000 4 9982.44352
23.9000 4 9279.8976
24.0000 4 6333.39904
24.1000 4 0.0
24.2000 4 838.8608
24.3000 4 1342.17728
24.4000 4 5945.42592
24.5000 4 9898.55744
24.6000 4 9091.15392
24.7000 4 8021.6064
24.8000 4 4760.53504
24.9000 4 10234.10176
25.0000 4 9154.06848
25.1000 4 8619.29472
25.2000 4 8734.63808
25.3000 4 9468.64128
25.4000 4 9164.55424
25.5000 4 8304.72192
25.6000 4 6280.97024
25.7000 4 8818.52416
25.8000 4 4529.84832
25.9000 4 6102.71232
26.0000 4 9290.38336
26.1000 4 8157.92128
26.2000 4 8608.80896
26.3000 4 8891.92448
26.4000 4 5232.39424
26.5000 4 503.31648
26.6000 4 5410.65216
26.7000 4 10422.84544
26.8000 4 9175.04
26.9000 4 7151.28832
27.0000 4 5127.53664
27.1000 4 9930.01472
27.2000 4 9395.24096
27.3000 4 3890.21696
27.4000 4 283.11552
27.5000 4 2852.12672
27.6000 4 335.54432
27.7000 4 671.08864
27.8000 4 2023.75168
27.9000 4 2327.83872
28.0000 4 7004.48768
28.1000 4 9909.0432
28.2000 4 8849.98144
28.3000 4 5232.39424
28.4000 4 9426.69824
28.5000 4 8891.92448
28.6000 4 4183.81824
28.7000 4 5106.56512
28.8000 4 5955.91168
28.9000 4 9269.41184
29.0000 4 9793.69984
29.1000 4 9028.23936
29.2000 4 7056.91648
29.3000 4 7990.14912
29.4000 4 9898.55744
29.5000 4 8755.6096
29.6000 4 2642.41152
29.7000 4 0.0
29.8000 4 1006.63296
29.9000 4 0.0
30.0000 4 0.0
30.1000 4 1342.17728
30.2000 4 4529.84832
30.3000 4 7853.83424
30.4000 4 9185.52576
30.5000 4 8933.86752
30.6000 4 996.1472
30.7000 4 1006.63296
30.8000 4 4592.76288
30.9000 4 9164.55424
31.0000 4 9458.15552
31.1000 4 7969.1776
31.2000 4 3019.89888
31.3000 4 8053.06368
31.4000 4 10003.41504
31.5000 4 9091.15392
31.6000 4 3848.27392
31.7000 4 7119.83104
31.8000 4 10223.616
31.9000 4 9437.184
32.0000 4 7413.43232
32.1000 4 838.8608
32.2000 4 0.0
32.3000 4 335.54432
32.4000 4 671.08864
32.5000 4 2222.98112
32.6000 4 5913.96864
32.7000 4 10286.53056
32.8000 4 9374.26944
32.9000 4 5410.65216
33.0000 4 6763.3152
33.1000 4 9804.1856
33.2000 4 9363.78368
33.3000 4 5054.13632
33.4000 4 2086.66624
33.5000 4 8378.12224
33.6000 4 9699.328
33.7000 4 9395.24096
33.8000 4 5117.05088
33.9000 4 5924.4544
34.0000 4 10349.44512
34.1000 4 9395.24096
34.2000 4 6176.11264
34.3000 4 0.0
34.4000 4 335.54432
34.5000 4 0.0
34.6000 4 671.08864
34.7000 4 0.0
34.8000 4 1006.63296
34.9000 4 5840.56832
35.0000 4 5882.51136
35.1000 4 5379.19488
35.2000 4 9426.69824
35.3000 4 7161.77408
35.4000 4 8860.4672
35.5000 4 9258.92608
35.6000 4 6050.28352
35.7000 4 335.54432
35.8000 4 0.0
35.9000 4 2684.35456
36.0000 4 3019.89888
36.1000 4 2013.26592
36.2000 4 8021.6064
36.3000 4 8462.00832
36.4000 4 9678.35648
36.5000 4 6857.68704
36.6000 4 5567.93856
36.7000 4 10213.13024
36.8000 4 9070.1824
36.9000 4 9143.58272
37.0000 4 4896.84992
37.1000 4 10202.64448
37.2000 4 9458.15552
37.3000 4 9258.92608
37.4000 4 7759.4624
37.5000 4 2684.35456
37.6000 4 6616.51456
37.7000 4 9573.49888
37.8000 4 9175.04
37.9000 4 8881.43872
38.0000 4 8367.63648
38.1000 4 1509.94944
38.2000 4 2453.66784
38.3000 4 10066.3296
38.4000 4 9563.01312
38.5000 4 9227.4688
38.6000 4 8996.78208
38.7000 4 9059.69664
38.8000 4 7748.97664
38.9000 4 9458.15552
39.0000 4 9636.41344
39.1000 4 9049.21088
39.2000 4 5190.4512
39.3000 4 1488.97792
39.4000 4 1006.63296
39.5000 4 6647.97184
39.6000 4 9258.92608
39.7000 4 9604.95616
39.8000 4 8598.3232
39.9000 4 7654.6048
40.0000 4 7759.4624
40.1000 4 9867.10016
40.2000 4 8912.896
40.3000 4 9311.35488
40.4000 4 10034.87232
40.5000 4 4718.592
40.6000 4 335.54432
40.7000 4 1342.17728
40.8000 4 1006.63296
40.9000 4 1006.63296
41.0000 4 0.0
41.1000 4 4938.79296
41.2000 4 3837.78816
41.3000 4 9961.472
41.4000 4 9248.44032
41.5000 4 4215.27552
41.6000 4 8797.55264
41.7000 4 10129.24416
41.8000 4 9542.0416
41.9000 4 8074.0352
42.0000 4 7046.43072
42.1000 4 9992.92928
42.2000 4 5934.94016
42.3000 4 2170.55232
42.4000 4 335.54432
42.5000 4 3019.89888
42.6000 4 2002.78016
42.7000 4 2495.61088
42.8000 4 5211.42272
42.9000 4 10045.35808
43.0000 4 9185.52576
43.1000 4 9573.49888
43.2000 4 8954.83904
43.3000 4 9909.0432
43.4000 4 9143.58272
43.5000 4 9667.87072
43.6000 4 8619.29472
43.7000 4 5347.7376
43.8000 4 3690.98752
43.9000 4 1677.7216
44.0000 4 9667.87072
44.1000 4 9216.98304
44.2000 4 6931.08736
44.3000 4 6983.51616
44.4000 4 10097.78688
44.5000 4 9122.6112
44.6000 4 8168.40704
44.7000 4 3019.89888
44.8000 4 9950.98624
44.9000 4 9206.49728
45.0000 4 9405.72672
45.1000 4 7486.83264
45.2000 4 3523.21536
45.3000 4 1226.83392
45.4000 4 5966.39744
45.5000 4 10276.0448
45.6000 4 9185.52576
45.7000 4 3344.95744
45.8000 4 4938.79296
45.9000 4 10559.16032
46.0000 4 9248.44032
46.1000 4 8378.12224
46.2000 4 4781.50656
46.3000 4 5263.85152
46.4000 4 3093.2992
46.5000 4 8598.3232
46.6000 4 9468.64128
46.7000 4 5651.82464
46.8000 4 7371.48928
46.9000 4 9657.38496
47.0000 4 9091.15392
47.1000 4 8503.95136
47.2000 4 8891.92448
47.3000 4 9342.81216
47.4000 4 9615.44192
47.5000 4 3219.12832
47.6000 4 7004.48768
47.7000 4 9510.58432
47.8000 4 9437.184
47.9000 4 9091.15392
48.0000 4 9342.81216
48.1000 4 9604.95616
48.2000 4 4613.7344
48.3000 4 4529.84832
48.4000 4 6259.99872
48.5000 4 9846.12864
48.6000 4 9573.49888
48.7000 4 8860.4672
48.8000 4 5913.96864
48.9000 4 7098.85952
49.0000 4 9877.58592
49.1000 4 9080.66816
49.2000 4 5389.68064
49.3000 4 10118.7584
49.4000 4 8032.09216
49.5000 4 2579.49696
49.6000 4 1006.63296
49.7000 4 3019.89888
49.8000 4 1845.49376
49.9000 4 335.54432
50.0000 4 1677.7216
50.1000 4 1845.49376
50.2000 4 7329.54624
50.3000 4 8734.63808
50.4000 4 9940.50048
50.5000 4 9154.06848
50.6000 4 9080.66816
50.7000 4 9950.98624
50.8000 4 9143.58272
50.9000 4 4854.90688
51.0000 4 1342.17728
51.1000 4 6050.28352
51.2000 4 10265.55904
51.3000 4 9479.12704
51.4000 4 9300.86912
51.5000 4 9101.63968
51.6000 4 9133.09696
51.7000 4 9216.98304
51.8000 4 9458.15552
51.9000 4 8870.95296
52.0000 4 5400.1664
52.1000 4 9216.98304
52.2000 4 9657.38496
52.3000 4 8136.94976
52.4000 4 503.31648
52.5000 4 2348.81024
52.6000 4 9542.0416
52.7000 4 9625.92768
52.8000 4 9290.38336
52.9000 4 8797.55264
53.0000 4 9395.24096
53.1000 4 8084.52096
53.2000 4 8566.86592
53.3000 4 9510.58432
53.4000 4 5326.76608
53.5000 4 10055.84384
53.6000 4 9458.15552
53.7000 4 9300.86912
53.8000 4 9175.04
53.9000 4 9552.52736
54.0000 4 9919.52896
54.1000 4 8682.20928
54.2000 4 9814.67136
54.3000 4 8965.3248
54.4000 4 8126.464
54.5000 4 671.08864
54.6000 4 2348.81024
54.7000 4 8734.63808
54.8000 4 10139.72992
54.9000 4 9049.21088
55.0000 4 6994.00192
55.1000 4 1279.26272
55.2000 4 5872.0256
55.3000 4 9311.35488
55.4000 4 9363.78368
55.5000 4 7140.80256
55.6000 4 6039.79776
55.7000 4 8860.4672
55.8000 4 9489.6128
55.9000 4 7895.77728
56.0000 4 73.40032
56.1000 4 335.54432
56.2000 4 671.08864
56.3000 4 503.31648
56.4000 4 1006.63296
56.5000 4 6375.34208
56.6000 4 9783.21408
56.7000 4 9531.55584
56.8000 4 7843.34848
56.9000 4 4739.56352
57.0000 4 8199.86432
57.1000 4 7843.34848
57.2000 4 5819.5968
57.3000 4 8849.98144
57.4000 4 8933.86752
57.5000 4 9678.35648
57.6000 4 9290.38336
57.7000 4 9206.49728
57.8000 4 8105.49248
57.9000 4 10139.72992
58.0000 4 9122.6112
58.1000 4 8755.6096
58.2000 4 8378.12224
58.3000 4 8336.1792
58.4000 4 2390.75328
58.5000 4 9583.98464
58.6000 4 9133.09696
58.7000 4 8157.92128
58.8000 4 9751.7568
58.9000 4 8304.72192
59.0000 4 2610.95424
59.1000 4 1656.75008
59.2000 4 5442.10944
59.3000 4 2778.7264
59.4000 4 5033.1648
59.5000 4 8797.55264
59.6000 4 9248.44032
59.7000 4 5672.79616
59.8000 4 9227.4688
59.9000 4 9867.10016
60.0000 4 9028.23936
60.1000 4 8629.78048
60.2000 4 6312.42752
60.3000 4 10181.67296
60.4000 4 8954.83904
60.5000 4 1038.09024
60.6000 4 838.8608
60.7000 4 167.77216
60.8000 4 335.54432
60.9000 4 2181.03808
61.0000 4 1237.31968
61.1000 4 5987.36896
61.2000 4 7602.176
61.3000 4 9888.07168
61.4000 4 8849.98144
61.5000 4 5955.91168
61.6000 4 9447.66976
61.7000 4 9426.69824
61.8000 4 9353.29792
61.9000 4 6239.0272
62.0000 4 9101.63968
62.1000 4 9919.52896
62.2000 4 9783.21408
62.3000 4 8493.4656
62.4000 4 6689.91488
62.5000 4 7340.032
62.6000 4 9279.8976
62.7000 4 9070.1824
62.8000 4 5012.19328
62.9000 4 7507.80416
63.0000 4 9479.12704
63.1000 4 9573.49888
63.2000 4 4278.19008
63.3000 4 6606.0288
63.4000 4 9405.72672
63.5000 4 9426.69824
63.6000 4 8577.35168
63.7000 4 1688.20736
63.8000 4 335.54432
63.9000 4 7340.032
64.0000 4 9573.49888
64.1000 4 9080.66816
64.2000 4 4183.81824
64.3000 4 5368.70912
64.4000 4 8147.43552
64.5000 4 9772.72832
64.6000 4 8482.97984
64.7000 4 5075.10784
64.8000 4 7549.7472
64.9000 4 10087.30112
65.0000 4 9112.12544
65.1000 4 5284.82304
65.2000 4 5672.79616
65.3000 4 7843.34848
65.4000 4 9762.24256
65.5000 4 8409.57952
65.6000 4 3135.24224
65.7000 4 9961.472
65.8000 4 9363.78368
65.9000 4 7549.7472
66.0000 4 6155.14112
66.1000 4 1866.46528
66.2000 4 3806.33088
66.3000 4 10349.44512
66.4000 4 9426.69824
66.5000 4 8650.752
66.6000 4 5033.1648
66.7000 4 9730.78528
66.8000 4 8388.608
66.9000 4 335.54432
67.0000 4 6438.25664
67.1000 4 8157.92128
67.2000 4 8661.23776
67.3000 4 4162.84672
67.4000 4 10055.84384
67.5000 4 9426.69824
67.6000 4 8902.41024
67.7000 4 10087.30112
67.8000 4 9059.69664
67.9000 4 6186.5984
68.0000 4 4519.36256
68.1000 4 8063.54944
68.2000 4 9678.35648
68.3000 4 9353.29792
68.4000 4 6448.7424
68.5000 4 5704.25344
68.6000 4 9458.15552
68.7000 4 9133.09696
68.8000 4 6931.08736
68.9000 4 7927.23456
69.0000 4 10013.9008
69.1000 4 6637.48608
69.2000 4 2485.12512
69.3000 4 2862.61248
69.4000 4 7728.00512
69.5000 4 8619.29472
69.6000 4 9856.6144
69.7000 4 8954.83904
69.8000 4 6270.48448
69.9000 4 6931.08736
70.0000 4 10045.35808
70.1000 4 8724.15232
70.2000 4 3995.07456
70.3000 4 167.77216
70.4000 4 0.0
70.5000 4 933.23264
70.6000 4 3250.5856
70.7000 4 4928.3072
70.8000 4 8598.3232
70.9000 4 9583.98464
71.0000 4 6427.77088
71.1000 4 5620.36736
71.2000 4 8598.3232
71.3000 4 9615.44192
71.4000 4 8692.69504
71.5000 4 5819.5968
71.6000 4 10097.78688
71.7000 4 9405.72672
71.8000 4 9059.69664
71.9000 4 2799.69792
72.0000 4 838.8608
72.1000 4 1677.7216
72.2000 4 6962.54464
72.3000 4 9563.01312
72.4000 4 9374.26944
72.5000 4 5546.96704
72.6000 4 10192.15872
72.7000 4 9143.58272
72.8000 4 9573.49888
72.9000 4 5127.53664
73.0000 4 377.48736
73.1000 4 6039.79776
73.2000 4 5987.36896
73.3000 4 2044.7232
73.4000 4 9122.6112
73.5000 4 7413.43232
73.6000 4 7990.14912
73.7000 4 9363.78368
73.8000 4 9332.3264
73.9000 4 3313.50016
74.0000 4 167.77216
74.1000 4 838.8608
74.2000 4 1342.17728
74.3000 4 8462.00832
74.4000 4 10150.21568
74.5000 4 9426.69824
74.6000 4 7182.7456
74.7000 4 5295.3088
74.8000 4 10013.9008
74.9000 4 9227.4688
75.0000 4 4099.93216
75.1000 4 5033.1648
