Will transfer 1000 files
0.1000 2 0.0
0.2000 2 10810.81856
0.3000 2 5473.56672
0.4000 2 12027.16672
0.5000 2 7633.63328
0.6000 2 10307.50208
0.7000 2 8021.6064
0.8000 2 12645.82656
0.9000 2 9059.69664
1.0000 2 8346.66496
1.1000 2 11534.336
1.2000 2 8986.29632
1.3000 2 10852.7616
1.4000 2 9395.24096
1.5000 2 9615.44192
1.6000 2 10139.72992
1.7000 2 8294.23616
1.8000 2 9216.98304
1.9000 2 9793.69984
2.0000 2 10338.95936
2.1000 2 9321.84064
2.2000 2 9867.10016
2.3000 2 7948.20608
2.4000 2 9510.58432
2.5000 2 9185.52576
2.6000 2 12100.56704
2.7000 2 8787.06688
2.8000 2 10999.56224
2.9000 2 10003.41504
3.0000 2 8430.55104
3.1000 2 11093.93408
3.2000 2 9384.7552
3.3000 2 11198.79168
3.4000 2 10852.7616
3.5000 2 8084.52096
3.6000 2 12079.59552
3.7000 2 8650.752
3.8000 2 10359.93088
3.9000 2 10160.70144
4.0000 2 8797.55264
4.1000 2 10611.58912
4.2000 2 6721.37216
4.3000 2 10464.78848
4.4000 2 7801.40544
4.5000 2 10097.78688
4.6000 2 8074.0352
4.7000 2 9563.01312
4.8000 2 10705.96096
4.9000 2 9007.26784
5.0000 2 9049.21088
5.1000 2 9657.38496
5.2000 2 8168.40704
5.3000 2 9353.29792
5.4000 2 7486.83264
5.5000 2 9038.72512
5.6000 2 8640.26624
5.7000 2 11880.36608
5.8000 2 11051.99104
5.9000 2 10234.10176
6.0000 2 9489.6128
6.1000 2 10150.21568
6.2000 2 11702.10816
6.3000 2 8692.69504
6.4000 2 11502.87872
6.5000 2 9447.66976
6.6000 2 9468.64128
6.7000 2 9206.49728
6.8000 2 10160.70144
6.9000 2 9017.7536
7.0000 2 8975.81056
7.1000 2 8084.52096
7.2000 2 9762.24256
7.3000 2 9395.24096
7.4000 2 9363.78368
7.5000 2 9846.12864
7.6000 2 9154.06848
7.7000 2 10905.1904
7.8000 2 9164.55424
7.9000 2 11335.10656
8.0000 2 8954.83904
8.1000 2 8912.896
8.2000 2 10087.30112
8.3000 2 8975.81056
8.4000 2 11733.56544
8.5000 2 8241.80736
8.6000 2 9909.0432
8.7000 2 10747.904
8.8000 2 10055.84384
8.9000 2 9531.55584
9.0000 2 9825.15712
9.1000 2 11251.22048
9.2000 2 11209.27744
9.3000 2 10202.64448
9.4000 2 8724.15232
9.5000 2 10810.81856
9.6000 2 10401.87392
9.7000 2 10160.70144
9.8000 2 9636.41344
9.9000 2 9458.15552
10.0000 2 9479.12704
10.1000 2 10349.44512
10.2000 2 10150.21568
10.3000 2 8902.41024
10.4000 2 10192.15872
10.5000 2 10066.3296
10.6000 2 9017.7536
10.7000 2 8996.78208
10.8000 2 9049.21088
10.9000 2 9143.58272
11.0000 2 9877.58592
11.1000 2 8713.66656
11.2000 2 10066.3296
11.3000 2 8808.0384
11.4000 2 9489.6128
11.5000 2 9258.92608
11.6000 2 10957.6192
11.7000 2 9699.328
11.8000 2 9468.64128
11.9000 2 9772.72832
12.0000 2 8965.3248
12.1000 2 9395.24096
12.2000 2 9384.7552
12.3000 2 9489.6128
12.4000 2 9615.44192
12.5000 2 9615.44192
12.6000 2 7927.23456
12.7000 2 10569.64608
12.8000 2 8524.92288
12.9000 2 10569.64608
13.0000 2 9877.58592
13.1000 2 9479.12704
13.2000 2 10087.30112
13.3000 2 8818.52416
13.4000 2 9940.50048
13.5000 2 8808.0384
13.6000 2 10192.15872
13.7000 2 8881.43872
13.8000 2 9762.24256
13.9000 2 9846.12864
14.0000 2 8315.20768
14.1000 2 10905.1904
14.2000 2 9143.58272
14.3000 2 10747.904
14.4000 2 10118.7584
14.5000 2 9542.0416
14.6000 2 10055.84384
14.7000 2 8566.86592
14.8000 2 9625.92768
14.9000 2 9070.1824
15.0000 2 9919.52896
15.1000 2 9699.328
15.2000 2 10968.10496
15.3000 2 9374.26944
15.4000 2 10548.67456
15.5000 2 10548.67456
15.6000 2 10643.0464
15.7000 2 11754.53696
15.8000 2 10716.44672
15.9000 2 9468.64128
16.0000 2 10150.21568
16.1000 2 8399.09376
16.2000 2 11775.50848
16.3000 2 10108.27264
16.4000 2 9185.52576
16.5000 2 9458.15552
16.6000 2 7528.77568
16.7000 2 10863.24736
16.8000 2 8357.15072
16.9000 2 10349.44512
17.0000 2 8808.0384
17.1000 2 10506.73152
17.2000 2 9468.64128
17.3000 2 8157.92128
17.4000 2 6983.51616
17.5000 2 9793.69984
17.6000 2 7340.032
17.7000 2 9133.09696
17.8000 2 8556.38016
17.9000 2 9080.66816
18.0000 2 10013.9008
18.1000 2 7759.4624
18.2000 2 12352.22528
18.3000 2 9416.21248
18.4000 2 9814.67136
18.5000 2 9206.49728
18.6000 2 9112.12544
18.7000 2 10338.95936
18.8000 2 8849.98144
18.9000 2 10569.64608
19.0000 2 8986.29632
19.1000 2 9311.35488
19.2000 2 9919.52896
19.3000 2 10695.4752
19.4000 2 9395.24096
19.5000 2 9017.7536
19.6000 2 8640.26624
19.7000 2 9825.15712
19.8000 2 9772.72832
19.9000 2 10160.70144
20.0000 2 10349.44512
20.1000 2 9028.23936
20.2000 2 10758.38976
20.3000 2 9049.21088
20.4000 2 9657.38496
20.5000 2 10559.16032
20.6000 2 9185.52576
20.7000 2 10989.07648
20.8000 2 9720.29952
20.9000 2 9279.8976
21.0000 2 10055.84384
21.1000 2 9237.95456
21.2000 2 11660.16512
21.3000 2 9007.26784
21.4000 2 9615.44192
21.5000 2 8430.55104
21.6000 2 9059.69664
21.7000 2 10359.93088
21.8000 2 9699.328
21.9000 2 10622.07488
22.0000 2 10055.84384
22.1000 2 11702.10816
22.2000 2 10821.30432
22.3000 2 9101.63968
22.4000 2 10873.73312
22.5000 2 11010.048
22.6000 2 9583.98464
22.7000 2 9216.98304
22.8000 2 10464.78848
22.9000 2 9646.8992
23.0000 2 9028.23936
23.1000 2 9143.58272
23.2000 2 10055.84384
23.3000 2 8881.43872
23.4000 2 10003.41504
23.5000 2 9049.21088
23.6000 2 10789.84704
23.7000 2 10192.15872
23.8000 2 10391.38816
23.9000 2 10234.10176
24.0000 2 9814.67136
24.1000 2 9804.1856
24.2000 2 9971.95776
24.3000 2 10139.72992
24.4000 2 10674.50368
24.5000 2 10590.6176
24.6000 2 11565.79328
24.7000 2 9678.35648
24.8000 2 10632.56064
24.9000 2 9038.72512
25.0000 2 9751.7568
25.1000 2 10097.78688
25.2000 2 9510.58432
25.3000 2 11534.336
25.4000 2 10003.41504
25.5000 2 10380.9024
25.6000 2 9877.58592
25.7000 2 10580.13184
25.8000 2 10674.50368
25.9000 2 10255.07328
26.0000 2 10548.67456
26.1000 2 9342.81216
26.2000 2 9930.01472
26.3000 2 7455.37536
26.4000 2 10076.81536
26.5000 2 9667.87072
26.6000 2 10307.50208
26.7000 2 9447.66976
26.8000 2 9269.41184
26.9000 2 9583.98464
27.0000 2 8933.86752
27.1000 2 10380.9024
27.2000 2 9133.09696
27.3000 2 10160.70144
27.4000 2 8283.7504
27.5000 2 8482.97984
27.6000 2 10800.3328
27.7000 2 8703.1808
27.8000 2 11796.48
27.9000 2 6931.08736
28.0000 2 9636.41344
28.1000 2 7874.80576
28.2000 2 10286.53056
28.3000 2 8430.55104
28.4000 2 10160.70144
28.5000 2 11010.048
28.6000 2 9583.98464
28.7000 2 10496.24576
28.8000 2 9510.58432
28.9000 2 9154.06848
29.0000 2 10171.1872
29.1000 2 8346.66496
29.2000 2 10800.3328
29.3000 2 8053.06368
29.4000 2 9982.44352
29.5000 2 9384.7552
29.6000 2 10380.9024
29.7000 2 11135.87712
29.8000 2 9405.72672
29.9000 2 11345.59232
30.0000 2 9500.09856
30.1000 2 10684.98944
30.2000 2 10401.87392
30.3000 2 10580.13184
30.4000 2 9405.72672
30.5000 2 9227.4688
30.6000 2 9657.38496
30.7000 2 10726.93248
30.8000 2 8703.1808
30.9000 2 11796.48
31.0000 2 9489.6128
31.1000 2 9363.78368
31.2000 2 9730.78528
31.3000 2 8388.608
31.4000 2 10684.98944
31.5000 2 9196.01152
31.6000 2 9070.1824
31.7000 2 9531.55584
31.8000 2 9185.52576
31.9000 2 10213.13024
32.0000 2 8671.72352
32.1000 2 10464.78848
32.2000 2 9091.15392
32.3000 2 10674.50368
32.4000 2 8671.72352
32.5000 2 9017.7536
32.6000 2 10024.38656
32.7000 2 9500.09856
32.8000 2 10391.38816
32.9000 2 9783.21408
33.0000 2 10370.41664
33.1000 2 11607.73632
33.2000 2 8682.20928
33.3000 2 12383.68256
33.4000 2 11555.30752
33.5000 2 9720.29952
33.6000 2 10548.67456
33.7000 2 8986.29632
33.8000 2 10297.01632
33.9000 2 9678.35648
34.0000 2 8074.0352
34.1000 2 10475.27424
34.2000 2 6627.00032
34.3000 2 9468.64128
34.4000 2 6668.94336
34.5000 2 8378.12224
34.6000 2 8157.92128
34.7000 2 9384.7552
34.8000 2 9919.52896
34.9000 2 11450.44992
35.0000 2 9290.38336
35.1000 2 10443.81696
35.2000 2 10370.41664
35.3000 2 9961.472
35.4000 2 8629.78048
35.5000 2 9909.0432
35.6000 2 10087.30112
35.7000 2 10108.27264
35.8000 2 8535.40864
35.9000 2 9783.21408
36.0000 2 9321.84064
36.1000 2 9751.7568
36.2000 2 9122.6112
36.3000 2 9405.72672
36.4000 2 9080.66816
36.5000 2 9479.12704
36.6000 2 9573.49888
36.7000 2 9657.38496
36.8000 2 9678.35648
36.9000 2 8965.3248
37.0000 2 9762.24256
37.1000 2 7214.20288
37.2000 2 9982.44352
37.3000 2 9133.09696
37.4000 2 9793.69984
37.5000 2 9783.21408
37.6000 2 8241.80736
37.7000 2 9940.50048
37.8000 2 7696.54784
37.9000 2 11702.10816
38.0000 2 9321.84064
38.1000 2 9961.472
38.2000 2 9489.6128
38.3000 2 7423.91808
38.4000 2 9405.72672
38.5000 2 9070.1824
38.6000 2 11345.59232
38.7000 2 8053.06368
38.8000 2 10800.3328
38.9000 2 8136.94976
39.0000 2 10066.3296
39.1000 2 8954.83904
39.2000 2 7675.57632
39.3000 2 9059.69664
39.4000 2 7790.91968
39.5000 2 8210.35008
39.6000 2 8451.52256
39.7000 2 6868.1728
39.8000 2 8399.09376
39.9000 2 6123.68384
40.0000 2 7874.80576
40.1000 2 7665.09056
40.2000 2 6322.91328
40.3000 2 8776.58112
40.4000 2 9049.21088
40.5000 2 9730.78528
40.6000 2 9216.98304
40.7000 2 9678.35648
40.8000 2 9867.10016
40.9000 2 10129.24416
41.0000 2 9227.4688
41.1000 2 10003.41504
41.2000 2 9688.84224
41.3000 2 9416.21248
41.4000 2 9804.1856
41.5000 2 10181.67296
41.6000 2 10538.1888
41.7000 2 9751.7568
41.8000 2 9950.98624
41.9000 2 10118.7584
42.0000 2 9867.10016
42.1000 2 8493.4656
42.2000 2 9604.95616
42.3000 2 9258.92608
42.4000 2 10779.36128
42.5000 2 9384.7552
42.6000 2 10066.3296
42.7000 2 9751.7568
42.8000 2 10150.21568
42.9000 2 10684.98944
43.0000 2 9059.69664
43.1000 2 10171.1872
43.2000 2 10307.50208
43.3000 2 9867.10016
43.4000 2 11450.44992
43.5000 2 9877.58592
43.6000 2 10359.93088
43.7000 2 9028.23936
43.8000 2 9573.49888
43.9000 2 8965.3248
44.0000 2 9416.21248
44.1000 2 8577.35168
44.2000 2 9898.55744
44.3000 2 8923.38176
44.4000 2 9950.98624
44.5000 2 10726.93248
44.6000 2 9709.81376
44.7000 2 9426.69824
44.8000 2 9384.7552
44.9000 2 9573.49888
45.0000 2 10202.64448
45.1000 2 11691.6224
45.2000 2 10139.72992
45.3000 2 9720.29952
45.4000 2 9363.78368
45.5000 2 10496.24576
45.6000 2 10601.10336
45.7000 2 9216.98304
45.8000 2 10989.07648
45.9000 2 9290.38336
46.0000 2 10255.07328
46.1000 2 9804.1856
46.2000 2 9038.72512
46.3000 2 10328.4736
46.4000 2 8944.35328
46.5000 2 10433.3312
46.6000 2 9971.95776
46.7000 2 9447.66976
46.8000 2 10045.35808
46.9000 2 9867.10016
47.0000 2 11618.22208
47.1000 2 10580.13184
47.2000 2 10422.84544
47.3000 2 10821.30432
47.4000 2 10580.13184
47.5000 2 9625.92768
47.6000 2 9468.64128
47.7000 2 9678.35648
47.8000 2 10789.84704
47.9000 2 10370.41664
48.0000 2 9898.55744
48.1000 2 10601.10336
48.2000 2 8346.66496
48.3000 2 10380.9024
48.4000 2 8745.12384
48.5000 2 9856.6144
48.6000 2 8891.92448
48.7000 2 10024.38656
48.8000 2 10276.0448
48.9000 2 9384.7552
49.0000 2 11051.99104
49.1000 2 9405.72672
49.2000 2 9961.472
49.3000 2 10055.84384
49.4000 2 8797.55264
49.5000 2 10643.0464
49.6000 2 10139.72992
49.7000 2 10160.70144
49.8000 2 11167.3344
49.9000 2 9835.64288
50.0000 2 11251.22048
50.1000 2 10213.13024
50.2000 2 8860.4672
50.3000 2 10338.95936
50.4000 2 8661.23776
50.5000 2 10391.38816
50.6000 2 8933.86752
50.7000 2 9678.35648
50.8000 2 9636.41344
50.9000 2 7560.23296
51.0000 2 10412.35968
51.1000 2 7497.3184
51.2000 2 11230.24896
51.3000 2 8944.35328
51.4000 2 10580.13184
51.5000 2 9154.06848
51.6000 2 9625.92768
51.7000 2 9458.15552
51.8000 2 8283.7504
51.9000 2 11806.96576
52.0000 2 9772.72832
52.1000 2 9877.58592
52.2000 2 10066.3296
52.3000 2 9437.184
52.4000 2 10978.59072
52.5000 2 7549.7472
52.6000 2 11020.53376
52.7000 2 8357.15072
52.8000 2 9720.29952
52.9000 2 8168.40704
53.0000 2 8724.15232
53.1000 2 8273.26464
53.2000 2 9237.95456
53.3000 2 9510.58432
53.4000 2 8105.49248
53.5000 2 9877.58592
53.6000 2 8577.35168
53.7000 2 11209.27744
53.8000 2 10338.95936
53.9000 2 9940.50048
54.0000 2 10831.79008
54.1000 2 9154.06848
54.2000 2 10737.41824
54.3000 2 9583.98464
54.4000 2 9405.72672
54.5000 2 11681.13664
54.6000 2 7434.40384
54.7000 2 11135.87712
54.8000 2 8388.608
54.9000 2 10926.16192
55.0000 2 8000.63488
55.1000 2 8724.15232
55.2000 2 7811.8912
55.3000 2 9017.7536
55.4000 2 10328.4736
55.5000 2 7675.57632
55.6000 2 11156.84864
55.7000 2 7067.40224
55.8000 2 10684.98944
55.9000 2 7979.66336
56.0000 2 10538.1888
56.1000 2 8095.00672
56.2000 2 9007.26784
56.3000 2 8367.63648
56.4000 2 9468.64128
56.5000 2 9563.01312
56.6000 2 9804.1856
56.7000 2 9437.184
56.8000 2 9332.3264
56.9000 2 9311.35488
57.0000 2 9216.98304
57.1000 2 9185.52576
57.2000 2 10884.21888
57.3000 2 9374.26944
57.4000 2 10674.50368
57.5000 2 8912.896
57.6000 2 10213.13024
57.7000 2 9395.24096
57.8000 2 9332.3264
57.9000 2 10160.70144
58.0000 2 8776.58112
58.1000 2 10831.79008
58.2000 2 8776.58112
58.3000 2 9930.01472
58.4000 2 9489.6128
58.5000 2 9101.63968
58.6000 2 10192.15872
58.7000 2 8954.83904
58.8000 2 10936.64768
58.9000 2 8524.92288
59.0000 2 10538.1888
59.1000 2 9416.21248
59.2000 2 7811.8912
59.3000 2 12593.39776
59.4000 2 9028.23936
59.5000 2 11408.50688
59.6000 2 9353.29792
59.7000 2 9038.72512
59.8000 2 10863.24736
59.9000 2 9279.8976
60.0000 2 10496.24576
60.1000 2 8944.35328
60.2000 2 9909.0432
60.3000 2 10108.27264
60.4000 2 9961.472
60.5000 2 10118.7584
60.6000 2 9930.01472
60.7000 2 10087.30112
60.8000 2 10664.01792
60.9000 2 9500.09856
61.0000 2 9552.52736
61.1000 2 9730.78528
61.2000 2 9122.6112
61.3000 2 9552.52736
61.4000 2 10789.84704
61.5000 2 10192.15872
61.6000 2 9762.24256
61.7000 2 10213.13024
61.8000 2 10705.96096
61.9000 2 9898.55744
62.0000 2 8954.83904
62.1000 2 11041.50528
62.2000 2 9122.6112
62.3000 2 9646.8992
62.4000 2 9038.72512
62.5000 2 9091.15392
62.6000 2 11513.36448
62.7000 2 7455.37536
62.8000 2 9395.24096
62.9000 2 9279.8976
63.0000 2 12048.13824
63.1000 2 10978.59072
63.2000 2 9185.52576
63.3000 2 10349.44512
63.4000 2 9552.52736
63.5000 2 10244.58752
63.6000 2 10412.35968
63.7000 2 8650.752
63.8000 2 10905.1904
63.9000 2 9049.21088
64.0000 2 9363.78368
64.1000 2 10716.44672
64.2000 2 9049.21088
64.3000 2 9206.49728
64.4000 2 8346.66496
64.5000 2 9856.6144
64.6000 2 8860.4672
64.7000 2 9447.66976
64.8000 2 10737.41824
64.9000 2 11460.93568
65.0000 2 10192.15872
65.1000 2 9017.7536
65.2000 2 9363.78368
65.3000 2 9804.1856
65.4000 2 9772.72832
65.5000 2 9143.58272
65.6000 2 9500.09856
65.7000 2 9751.7568
65.8000 2 9017.7536
65.9000 2 9196.01152
66.0000 2 9636.41344
66.1000 2 9825.15712
66.2000 2 9332.3264
66.3000 2 9961.472
66.4000 2 8996.78208
66.5000 2 9321.84064
66.6000 2 9049.21088
66.7000 2 10831.79008
66.8000 2 10632.56064
66.9000 2 10506.73152
67.0000 2 9856.6144
67.1000 2 9175.04
67.2000 2 10286.53056
67.3000 2 9311.35488
67.4000 2 9940.50048
67.5000 2 9615.44192
67.6000 2 9856.6144
67.7000 2 9363.78368
67.8000 2 9279.8976
67.9000 2 9877.58592
68.0000 2 10213.13024
68.1000 2 9563.01312
68.2000 2 11156.84864
68.3000 2 9196.01152
68.4000 2 10129.24416
68.5000 2 9458.15552
68.6000 2 9458.15552
68.7000 2 8860.4672
68.8000 2 9059.69664
68.9000 2 10433.3312
69.0000 2 9877.58592
69.1000 2 10286.53056
69.2000 2 10674.50368
69.3000 2 9615.44192
69.4000 2 10265.55904
69.5000 2 8671.72352
69.6000 2 10066.3296
69.7000 2 9028.23936
69.8000 2 10087.30112
69.9000 2 9657.38496
70.0000 2 8189.37856
70.1000 2 10349.44512
70.2000 2 9290.38336
70.3000 2 9709.81376
70.4000 2 8996.78208
70.5000 2 9479.12704
70.6000 2 10055.84384
70.7000 2 7654.6048
70.8000 2 10255.07328
70.9000 2 9342.81216
71.0000 2 10391.38816
71.1000 2 9038.72512
71.2000 2 9594.4704
71.3000 2 10003.41504
71.4000 2 9154.06848
71.5000 2 9468.64128
71.6000 2 9688.84224
71.7000 2 9248.44032
71.8000 2 9804.1856
71.9000 2 9783.21408
72.0000 2 10139.72992
72.1000 2 9709.81376
72.2000 2 9468.64128
72.3000 2 10370.41664
72.4000 2 9216.98304
72.5000 2 9552.52736
72.6000 2 8912.896
72.7000 2 9867.10016
72.8000 2 10380.9024
72.9000 2 8787.06688
73.0000 2 11125.39136
73.1000 2 8346.66496
73.2000 2 9898.55744
73.3000 2 7245.66016
73.4000 2 9814.67136
73.5000 2 9300.86912
73.6000 2 10401.87392
73.7000 2 11953.7664
73.8000 2 9793.69984
73.9000 2 9898.55744
74.0000 2 9835.64288
74.1000 2 9384.7552
74.2000 2 9825.15712
74.3000 2 8996.78208
74.4000 2 10517.21728
74.5000 2 10076.81536
74.6000 2 9699.328
74.7000 2 9615.44192
74.8000 2 9007.26784
74.9000 2 9604.95616
75.0000 2 8766.09536
75.1000 2 9667.87072
75.2000 2 9542.0416
75.3000 2 9971.95776
75.4000 2 11345.59232
75.5000 2 10349.44512
75.6000 2 8199.86432
75.7000 2 8441.0368
75.8000 2 9216.98304
75.9000 2 9971.95776
76.0000 2 9678.35648
76.1000 2 9332.3264
76.2000 2 10013.9008
76.3000 2 10265.55904
76.4000 2 10391.38816
76.5000 2 9468.64128
76.6000 2 10674.50368
76.7000 2 10391.38816
76.8000 2 9772.72832
76.9000 2 9898.55744
77.0000 2 9699.328
77.1000 2 9867.10016
77.2000 2 9846.12864
77.3000 2 9720.29952
77.4000 2 9825.15712
77.5000 2 9940.50048
77.6000 2 9479.12704
77.7000 2 9950.98624
77.8000 2 9531.55584
77.9000 2 9783.21408
78.0000 2 9049.21088
78.1000 2 9489.6128
78.2000 2 9888.07168
78.3000 2 9500.09856
78.4000 2 10370.41664
78.5000 2 9919.52896
78.6000 2 9196.01152
78.7000 2 9846.12864
78.8000 2 9458.15552
78.9000 2 9447.66976
79.0000 2 9772.72832
79.1000 2 9353.29792
79.2000 2 9521.07008
79.3000 2 9080.66816
79.4000 2 9688.84224
79.5000 2 8503.95136
79.6000 2 9321.84064
79.7000 2 9846.12864
79.8000 2 9342.81216
79.9000 2 10108.27264
80.0000 2 9007.26784
80.1000 2 9772.72832
80.2000 2 8912.896
80.3000 2 11481.9072
80.4000 2 11523.85024
80.5000 2 9846.12864
80.6000 2 11429.4784
80.7000 2 9353.29792
80.8000 2 9521.07008
80.9000 2 10726.93248
81.0000 2 8891.92448
81.1000 2 10034.87232
81.2000 2 8692.69504
81.3000 2 9961.472
81.4000 2 9374.26944
81.5000 2 9604.95616
81.6000 2 10338.95936
81.7000 2 8650.752
81.8000 2 10370.41664
81.9000 2 9112.12544
82.0000 2 9793.69984
82.1000 2 8619.29472
82.2000 2 9563.01312
82.3000 2 10013.9008
82.4000 2 9468.64128
82.5000 2 10601.10336
82.6000 2 7864.32
82.7000 2 11156.84864
82.8000 2 9175.04
82.9000 2 8168.40704
83.0000 2 11198.79168
83.1000 2 8724.15232
83.2000 2 11377.0496
83.3000 2 8252.29312
83.4000 2 10066.3296
83.5000 2 9961.472
83.6000 2 9374.26944
83.7000 2 10485.76
83.8000 2 8629.78048
83.9000 2 11502.87872
84.0000 2 10139.72992
84.1000 2 7623.14752
84.2000 2 10223.616
84.3000 2 8042.57792
84.4000 2 10013.9008
84.5000 2 8776.58112
84.6000 2 10118.7584
84.7000 2 9804.1856
84.8000 2 11125.39136
84.9000 2 10066.3296
85.0000 2 9395.24096
85.1000 2 9206.49728
85.2000 2 9290.38336
85.3000 2 9772.72832
85.4000 2 9804.1856
85.5000 2 9363.78368
85.6000 2 9395.24096
85.7000 2 9867.10016
85.8000 2 8671.72352
85.9000 2 9961.472
86.0000 2 7927.23456
86.1000 2 9793.69984
86.2000 2 7853.83424
86.3000 2 9521.07008
86.4000 2 9678.35648
86.5000 2 9175.04
86.6000 2 8629.78048
86.7000 2 10265.55904
86.8000 2 3523.21536
Time 86935 ms
