Will transfer 1000 files
0.1000 2 0.0
0.2000 2 10034.87232
0.3000 2 7151.28832
0.4000 2 9101.63968
0.5000 2 7539.26144
0.6000 2 8566.86592
0.7000 2 8283.7504
0.8000 2 7014.97344
0.9000 2 8608.80896
1.0000 2 8755.6096
1.1000 2 10779.36128
1.2000 2 9772.72832
1.3000 2 10485.76
1.4000 2 8808.0384
1.5000 2 11146.36288
1.6000 2 12268.3392
1.7000 2 5620.36736
1.8000 2 13589.54496
1.9000 2 9154.06848
2.0000 2 11492.39296
2.1000 2 8766.09536
2.2000 2 9426.69824
2.3000 2 11586.7648
2.4000 2 9604.95616
2.5000 2 8199.86432
2.6000 2 10349.44512
2.7000 2 8870.95296
2.8000 2 10223.616
2.9000 2 7790.91968
3.0000 2 11041.50528
3.1000 2 8692.69504
3.2000 2 8860.4672
3.3000 2 10181.67296
3.4000 2 10821.30432
3.5000 2 11261.70624
3.6000 2 10370.41664
3.7000 2 11481.9072
3.8000 2 9867.10016
3.9000 2 11293.16352
4.0000 2 11093.93408
4.1000 2 9416.21248
4.2000 2 10276.0448
4.3000 2 9007.26784
4.4000 2 12320.768
4.5000 2 9804.1856
4.6000 2 9227.4688
4.7000 2 9667.87072
4.8000 2 8472.49408
4.9000 2 11565.79328
5.0000 2 8346.66496
5.1000 2 9657.38496
5.2000 2 6522.14272
5.3000 2 10160.70144
5.4000 2 8472.49408
5.5000 2 8671.72352
5.6000 2 8954.83904
5.7000 2 8755.6096
5.8000 2 8545.8944
5.9000 2 8220.83584
6.0000 2 11765.02272
6.1000 2 9930.01472
6.2000 2 11460.93568
6.3000 2 10307.50208
6.4000 2 12048.13824
6.5000 2 10496.24576
6.6000 2 8587.83744
6.7000 2 11314.13504
6.8000 2 9154.06848
6.9000 2 9971.95776
7.0000 2 9007.26784
7.1000 2 10244.58752
7.2000 2 10202.64448
7.3000 2 8776.58112
7.4000 2 13463.71584
7.5000 2 9122.6112
7.6000 2 8776.58112
7.7000 2 11429.4784
7.8000 2 8294.23616
7.9000 2 11041.50528
8.0000 2 8556.38016
8.1000 2 10842.27584
8.2000 2 10464.78848
8.3000 2 7570.71872
8.4000 2 13631.488
8.5000 2 8808.0384
8.6000 2 10171.1872
8.7000 2 8713.66656
8.8000 2 8357.15072
8.9000 2 10831.79008
9.0000 2 6144.65536
9.1000 2 13631.488
9.2000 2 10359.93088
9.3000 2 10401.87392
9.4000 2 11932.79488
9.5000 2 11282.67776
9.6000 2 10538.1888
9.7000 2 11911.82336
9.8000 2 10024.38656
9.9000 2 10737.41824
10.0000 2 10789.84704
10.1000 2 9657.38496
10.2000 2 10349.44512
10.3000 2 11523.85024
10.4000 2 10569.64608
10.5000 2 9940.50048
10.6000 2 10863.24736
10.7000 2 11817.45152
10.8000 2 9489.6128
10.9000 2 12236.88192
11.0000 2 10066.3296
11.1000 2 10307.50208
11.2000 2 11806.96576
11.3000 2 8975.81056
11.4000 2 9049.21088
11.5000 2 9961.472
11.6000 2 8923.38176
11.7000 2 9804.1856
11.8000 2 6815.744
11.9000 2 12184.45312
12.0000 2 9311.35488
12.1000 2 12352.22528
12.2000 2 11387.53536
12.3000 2 9300.86912
12.4000 2 8619.29472
12.5000 2 8787.06688
12.6000 2 8608.80896
12.7000 2 9311.35488
12.8000 2 9143.58272
12.9000 2 8262.77888
13.0000 2 10024.38656
13.1000 2 11565.79328
13.2000 2 10622.07488
13.3000 2 9395.24096
13.4000 2 9751.7568
13.5000 2 10391.38816
13.6000 2 8818.52416
13.7000 2 9122.6112
13.8000 2 8766.09536
13.9000 2 12645.82656
14.0000 2 10485.76
14.1000 2 7748.97664
14.2000 2 12719.22688
14.3000 2 11702.10816
14.4000 2 8734.63808
14.5000 2 12645.82656
14.6000 2 10024.38656
14.7000 2 9846.12864
14.8000 2 11114.9056
14.9000 2 8692.69504
15.0000 2 10192.15872
15.1000 2 9384.7552
15.2000 2 11020.53376
15.3000 2 10852.7616
15.4000 2 9059.69664
15.5000 2 11943.28064
15.6000 2 10905.1904
15.7000 2 7822.37696
15.8000 2 8703.1808
15.9000 2 6354.37056
16.0000 2 11555.30752
16.1000 2 6134.1696
16.2000 2 10286.53056
16.3000 2 7465.86112
16.4000 2 13411.28704
16.5000 2 9762.24256
16.6000 2 8357.15072
16.7000 2 9521.07008
16.8000 2 7193.23136
16.9000 2 9898.55744
17.0000 2 8283.7504
17.1000 2 10328.4736
17.2000 2 7707.0336
17.3000 2 10653.53216
17.4000 2 8220.83584
17.5000 2 10076.81536
17.6000 2 8975.81056
17.7000 2 10129.24416
17.8000 2 8860.4672
17.9000 2 9101.63968
18.0000 2 10328.4736
18.1000 2 9500.09856
18.2000 2 10800.3328
18.3000 2 9594.4704
18.4000 2 9143.58272
18.5000 2 9206.49728
18.6000 2 9112.12544
18.7000 2 9332.3264
18.8000 2 10412.35968
18.9000 2 9625.92768
19.0000 2 10370.41664
19.1000 2 9971.95776
19.2000 2 9405.72672
19.3000 2 9342.81216
19.4000 2 9919.52896
19.5000 2 10213.13024
19.6000 2 11534.336
19.7000 2 10758.38976
19.8000 2 10464.78848
19.9000 2 11586.7648
20.0000 2 9279.8976
20.1000 2 8860.4672
20.2000 2 9405.72672
20.3000 2 10024.38656
20.4000 2 8933.86752
20.5000 2 9783.21408
20.6000 2 7927.23456
20.7000 2 9814.67136
20.8000 2 7381.97504
20.9000 2 9468.64128
21.0000 2 9636.41344
21.1000 2 7182.7456
21.2000 2 11953.7664
21.3000 2 7696.54784
21.4000 2 12341.73952
21.5000 2 9216.98304
21.6000 2 8420.06528
21.7000 2 9772.72832
21.8000 2 8556.38016
21.9000 2 9814.67136
22.0000 2 7570.71872
22.1000 2 10391.38816
22.2000 2 8136.94976
22.3000 2 10307.50208
22.4000 2 7392.4608
22.5000 2 9636.41344
22.6000 2 8147.43552
22.7000 2 10989.07648
22.8000 2 10601.10336
22.9000 2 8954.83904
23.0000 2 9825.15712
23.1000 2 8975.81056
23.2000 2 11010.048
23.3000 2 10810.81856
23.4000 2 11093.93408
23.5000 2 10422.84544
23.6000 2 8933.86752
23.7000 2 11303.64928
23.8000 2 9699.328
23.9000 2 8608.80896
24.0000 2 9342.81216
24.1000 2 9825.15712
24.2000 2 11649.67936
24.3000 2 10045.35808
24.4000 2 8671.72352
24.5000 2 12939.42784
24.6000 2 9300.86912
24.7000 2 8252.29312
24.8000 2 11660.16512
24.9000 2 9552.52736
25.0000 2 12897.4848
25.1000 2 9709.81376
25.2000 2 7549.7472
25.3000 2 10789.84704
25.4000 2 9552.52736
25.5000 2 12278.82496
25.6000 2 7759.4624
25.7000 2 9196.01152
25.8000 2 9237.95456
25.9000 2 8849.98144
26.0000 2 9154.06848
26.1000 2 9101.63968
26.2000 2 11702.10816
26.3000 2 9709.81376
26.4000 2 9730.78528
26.5000 2 8315.20768
26.6000 2 8367.63648
26.7000 2 9133.09696
26.8000 2 8252.29312
26.9000 2 11439.96416
27.0000 2 8556.38016
27.1000 2 11492.39296
27.2000 2 7832.86272
27.3000 2 8881.43872
27.4000 2 9416.21248
27.5000 2 8891.92448
27.6000 2 7308.57472
27.7000 2 7518.28992
27.8000 2 7832.86272
27.9000 2 9101.63968
28.0000 2 7549.7472
28.1000 2 8975.81056
28.2000 2 8860.4672
28.3000 2 9479.12704
28.4000 2 10433.3312
28.5000 2 9971.95776
28.6000 2 11167.3344
28.7000 2 9825.15712
28.8000 2 9017.7536
28.9000 2 8063.54944
29.0000 2 8336.1792
29.1000 2 10286.53056
29.2000 2 10705.96096
29.3000 2 9646.8992
29.4000 2 10999.56224
29.5000 2 9248.44032
29.6000 2 9321.84064
29.7000 2 9007.26784
29.8000 2 7948.20608
29.9000 2 11356.07808
30.0000 2 9269.41184
30.1000 2 9175.04
30.2000 2 6511.65696
30.3000 2 10234.10176
30.4000 2 9196.01152
30.5000 2 10003.41504
30.6000 2 9112.12544
30.7000 2 9300.86912
30.8000 2 8640.26624
30.9000 2 8420.06528
31.0000 2 10391.38816
31.1000 2 8336.1792
31.2000 2 9877.58592
31.3000 2 11010.048
31.4000 2 9405.72672
31.5000 2 7769.94816
31.6000 2 9384.7552
31.7000 2 10003.41504
31.8000 2 9521.07008
31.9000 2 7612.66176
32.0000 2 9038.72512
32.1000 2 6794.77248
32.2000 2 12383.68256
32.3000 2 8808.0384
32.4000 2 10192.15872
32.5000 2 11943.28064
32.6000 2 6029.312
32.7000 2 12698.25536
32.8000 2 9017.7536
32.9000 2 9405.72672
33.0000 2 7864.32
33.1000 2 9594.4704
33.2000 2 9017.7536
33.3000 2 8462.00832
33.4000 2 8021.6064
33.5000 2 8053.06368
33.6000 2 8608.80896
33.7000 2 7769.94816
33.8000 2 8713.66656
33.9000 2 8241.80736
34.0000 2 8283.7504
34.1000 2 8682.20928
34.2000 2 8157.92128
34.3000 2 8126.464
34.4000 2 9175.04
34.5000 2 10097.78688
34.6000 2 7895.77728
34.7000 2 9374.26944
34.8000 2 7203.71712
34.9000 2 10800.3328
35.0000 2 9038.72512
35.1000 2 11387.53536
35.2000 2 10527.70304
35.3000 2 10538.1888
35.4000 2 10831.79008
35.5000 2 9751.7568
35.6000 2 8556.38016
35.7000 2 8797.55264
35.8000 2 9248.44032
35.9000 2 10601.10336
36.0000 2 8755.6096
36.1000 2 11303.64928
36.2000 2 5798.62528
36.3000 2 8713.66656
36.4000 2 7895.77728
36.5000 2 9531.55584
36.6000 2 9143.58272
36.7000 2 9919.52896
36.8000 2 6794.77248
36.9000 2 9510.58432
37.0000 2 7077.888
37.1000 2 9804.1856
37.2000 2 7748.97664
37.3000 2 10622.07488
37.4000 2 7203.71712
37.5000 2 8766.09536
37.6000 2 7801.40544
37.7000 2 9353.29792
37.8000 2 8178.8928
37.9000 2 9583.98464
38.0000 2 7916.7488
38.1000 2 8954.83904
38.2000 2 9751.7568
38.3000 2 9594.4704
38.4000 2 9279.8976
38.5000 2 8115.97824
38.6000 2 9300.86912
38.7000 2 6742.34368
38.8000 2 9248.44032
38.9000 2 6595.54304
39.0000 2 9720.29952
39.1000 2 7465.86112
39.2000 2 13306.42944
39.3000 2 8860.4672
39.4000 2 9175.04
39.5000 2 9867.10016
39.6000 2 8241.80736
39.7000 2 9688.84224
39.8000 2 7056.91648
39.9000 2 10118.7584
40.0000 2 5400.1664
40.1000 2 11723.07968
40.2000 2 10003.41504
40.3000 2 11219.7632
40.4000 2 9856.6144
40.5000 2 7518.28992
40.6000 2 12310.28224
40.7000 2 9321.84064
40.8000 2 10244.58752
40.9000 2 9667.87072
41.0000 2 9028.23936
41.1000 2 9248.44032
41.2000 2 8032.09216
41.3000 2 12530.4832
41.4000 2 9992.92928
41.5000 2 10108.27264
41.6000 2 8157.92128
41.7000 2 8787.06688
41.8000 2 8388.608
41.9000 2 8241.80736
42.0000 2 6941.57312
42.1000 2 8965.3248
42.2000 2 8860.4672
42.3000 2 9856.6144
42.4000 2 9657.38496
42.5000 2 7843.34848
42.6000 2 10223.616
42.7000 2 8829.00992
42.8000 2 10359.93088
42.9000 2 10569.64608
43.0000 2 10768.87552
43.1000 2 9500.09856
43.2000 2 8482.97984
43.3000 2 9028.23936
43.4000 2 8797.55264
43.5000 2 9258.92608
43.6000 2 7738.49088
43.7000 2 8304.72192
43.8000 2 8787.06688
43.9000 2 9416.21248
44.0000 2 10443.81696
44.1000 2 9447.66976
44.2000 2 7822.37696
44.3000 2 9468.64128
44.4000 2 9091.15392
44.5000 2 9416.21248
44.6000 2 8797.55264
44.7000 2 11744.0512
44.8000 2 8860.4672
44.9000 2 9625.92768
45.0000 2 8535.40864
45.1000 2 8367.63648
45.2000 2 10454.30272
45.3000 2 9279.8976
45.4000 2 9196.01152
45.5000 2 8472.49408
45.6000 2 9971.95776
45.7000 2 8262.77888
45.8000 2 10076.81536
45.9000 2 7224.68864
46.0000 2 9657.38496
46.1000 2 7298.08896
46.2000 2 9248.44032
46.3000 2 8346.66496
46.4000 2 9384.7552
46.5000 2 12331.25376
46.6000 2 7077.888
46.7000 2 11041.50528
46.8000 2 6742.34368
46.9000 2 9028.23936
47.0000 2 5903.48288
47.1000 2 10328.4736
47.2000 2 8367.63648
47.3000 2 8168.40704
47.4000 2 8724.15232
47.5000 2 7035.94496
47.6000 2 9258.92608
47.7000 2 8021.6064
47.8000 2 9227.4688
47.9000 2 7235.1744
48.0000 2 11744.0512
48.1000 2 9762.24256
48.2000 2 9028.23936
48.3000 2 10066.3296
48.4000 2 9919.52896
48.5000 2 9657.38496
48.6000 2 9741.27104
48.7000 2 9353.29792
48.8000 2 9458.15552
48.9000 2 9583.98464
49.0000 2 8933.86752
49.1000 2 10716.44672
49.2000 2 7780.43392
49.3000 2 10055.84384
49.4000 2 7455.37536
49.5000 2 10506.73152
49.6000 2 7853.83424
49.7000 2 11513.36448
49.8000 2 8954.83904
49.9000 2 7853.83424
50.0000 2 10223.616
50.1000 2 8147.43552
50.2000 2 9563.01312
50.3000 2 9531.55584
50.4000 2 11010.048
50.5000 2 8105.49248
50.6000 2 9175.04
50.7000 2 11083.44832
50.8000 2 8493.4656
50.9000 2 10810.81856
51.0000 2 8545.8944
51.1000 2 11439.96416
51.2000 2 9290.38336
51.3000 2 7937.72032
51.4000 2 8745.12384
51.5000 2 8808.0384
51.6000 2 9070.1824
51.7000 2 9521.07008
51.8000 2 9458.15552
51.9000 2 9395.24096
52.0000 2 10611.58912
52.1000 2 8818.52416
52.2000 2 9416.21248
52.3000 2 8870.95296
52.4000 2 9112.12544
52.5000 2 9258.92608
52.6000 2 8650.752
52.7000 2 9269.41184
52.8000 2 9122.6112
52.9000 2 8860.4672
53.0000 2 12257.85344
53.1000 2 11125.39136
53.2000 2 9279.8976
53.3000 2 9269.41184
53.4000 2 8996.78208
53.5000 2 9384.7552
53.6000 2 8283.7504
53.7000 2 9762.24256
53.8000 2 8912.896
53.9000 2 9468.64128
54.0000 2 8524.92288
54.1000 2 8451.52256
54.2000 2 9353.29792
54.3000 2 8482.97984
54.4000 2 10307.50208
54.5000 2 6731.85792
54.6000 2 9405.72672
54.7000 2 8650.752
54.8000 2 8367.63648
54.9000 2 8095.00672
55.0000 2 9625.92768
55.1000 2 10076.81536
55.2000 2 10349.44512
55.3000 2 7423.91808
55.4000 2 8199.86432
55.5000 2 7780.43392
55.6000 2 7717.51936
55.7000 2 8524.92288
55.8000 2 8451.52256
55.9000 2 8441.0368
56.0000 2 8734.63808
56.1000 2 8661.23776
56.2000 2 9667.87072
56.3000 2 8787.06688
56.4000 2 9196.01152
56.5000 2 7738.49088
56.6000 2 8388.608
56.7000 2 8441.0368
56.8000 2 7958.69184
56.9000 2 9059.69664
57.0000 2 10066.3296
57.1000 2 8891.92448
57.2000 2 7644.11904
57.3000 2 8724.15232
57.4000 2 8199.86432
57.5000 2 11072.96256
57.6000 2 7161.77408
57.7000 2 8556.38016
57.8000 2 7916.7488
57.9000 2 9059.69664
58.0000 2 8074.0352
58.1000 2 9017.7536
58.2000 2 7193.23136
58.3000 2 9563.01312
58.4000 2 7853.83424
58.5000 2 10569.64608
58.6000 2 7979.66336
58.7000 2 10129.24416
58.8000 2 10202.64448
58.9000 2 9269.41184
59.0000 2 9751.7568
59.1000 2 9500.09856
59.2000 2 9248.44032
59.3000 2 8399.09376
59.4000 2 8619.29472
59.5000 2 9604.95616
59.6000 2 9112.12544
59.7000 2 9175.04
59.8000 2 10475.27424
59.9000 2 9615.44192
60.0000 2 9269.41184
60.1000 2 9122.6112
60.2000 2 9741.27104
60.3000 2 8409.57952
60.4000 2 9772.72832
60.5000 2 8734.63808
60.6000 2 9311.35488
60.7000 2 10475.27424
60.8000 2 9468.64128
60.9000 2 10496.24576
61.0000 2 8692.69504
61.1000 2 9667.87072
61.2000 2 7675.57632
61.3000 2 8849.98144
61.4000 2 9405.72672
61.5000 2 9867.10016
61.6000 2 9384.7552
61.7000 2 7371.48928
61.8000 2 12194.93888
61.9000 2 10255.07328
62.0000 2 9688.84224
62.1000 2 9814.67136
62.2000 2 10821.30432
62.3000 2 11555.30752
62.4000 2 8661.23776
62.5000 2 9122.6112
62.6000 2 5756.68224
62.7000 2 8011.12064
62.8000 2 8524.92288
62.9000 2 9311.35488
63.0000 2 9416.21248
63.1000 2 9458.15552
63.2000 2 8011.12064
63.3000 2 9374.26944
63.4000 2 9384.7552
63.5000 2 8808.0384
63.6000 2 10108.27264
63.7000 2 9762.24256
63.8000 2 9154.06848
63.9000 2 11628.70784
64.0000 2 11733.56544
64.1000 2 10601.10336
64.2000 2 7832.86272
64.3000 2 9311.35488
64.4000 2 8891.92448
64.5000 2 10024.38656
64.6000 2 8724.15232
64.7000 2 9909.0432
64.8000 2 9730.78528
64.9000 2 9363.78368
65.0000 2 8766.09536
65.1000 2 9992.92928
65.2000 2 9709.81376
65.3000 2 9940.50048
65.4000 2 10003.41504
65.5000 2 9426.69824
65.6000 2 9112.12544
65.7000 2 8399.09376
65.8000 2 9353.29792
65.9000 2 8388.608
66.0000 2 9678.35648
66.1000 2 9437.184
66.2000 2 9867.10016
66.3000 2 11251.22048
66.4000 2 8944.35328
66.5000 2 11513.36448
66.6000 2 10653.53216
66.7000 2 8755.6096
66.8000 2 10517.21728
66.9000 2 8776.58112
67.0000 2 8755.6096
67.1000 2 8703.1808
67.2000 2 9741.27104
67.3000 2 8283.7504
67.4000 2 10999.56224
67.5000 2 9930.01472
67.6000 2 10139.72992
67.7000 2 12530.4832
67.8000 2 8703.1808
67.9000 2 9416.21248
68.0000 2 10087.30112
68.1000 2 9479.12704
68.2000 2 10328.4736
68.3000 2 9300.86912
68.4000 2 8682.20928
68.5000 2 8514.43712
68.6000 2 10464.78848
68.7000 2 10223.616
68.8000 2 9468.64128
68.9000 2 9248.44032
69.0000 2 8849.98144
69.1000 2 8650.752
69.2000 2 8220.83584
69.3000 2 10643.0464
69.4000 2 9038.72512
69.5000 2 9269.41184
69.6000 2 10747.904
69.7000 2 9909.0432
69.8000 2 9521.07008
69.9000 2 11366.56384
70.0000 2 11995.70944
70.1000 2 10297.01632
70.2000 2 9384.7552
70.3000 2 8996.78208
70.4000 2 10160.70144
70.5000 2 9594.4704
70.6000 2 9867.10016
70.7000 2 10559.16032
70.8000 2 7161.77408
70.9000 2 9688.84224
71.0000 2 7780.43392
71.1000 2 11114.9056
71.2000 2 10475.27424
71.3000 2 8503.95136
71.4000 2 10317.98784
71.5000 2 9563.01312
71.6000 2 8933.86752
71.7000 2 11261.70624
71.8000 2 10024.38656
71.9000 2 9154.06848
72.0000 2 8849.98144
72.1000 2 8870.95296
72.2000 2 9909.0432
72.3000 2 8808.0384
72.4000 2 10716.44672
72.5000 2 9112.12544
72.6000 2 8902.41024
72.7000 2 8891.92448
72.8000 2 8273.26464
72.9000 2 12006.1952
73.0000 2 10265.55904
73.1000 2 9479.12704
73.2000 2 8587.83744
73.3000 2 8787.06688
73.4000 2 9374.26944
73.5000 2 9342.81216
73.6000 2 10129.24416
73.7000 2 9930.01472
73.8000 2 10066.3296
73.9000 2 9667.87072
74.0000 2 8325.69344
74.1000 2 8881.43872
74.2000 2 10192.15872
74.3000 2 9437.184
74.4000 2 9258.92608
74.5000 2 8273.26464
74.6000 2 8262.77888
74.7000 2 11408.50688
74.8000 2 9741.27104
74.9000 2 9489.6128
75.0000 2 8682.20928
75.1000 2 9930.01472
75.2000 2 7591.69024
75.3000 2 8011.12064
75.4000 2 9521.07008
75.5000 2 8870.95296
75.6000 2 8661.23776
75.7000 2 9122.6112
75.8000 2 12069.10976
75.9000 2 9521.07008
76.0000 2 9741.27104
76.1000 2 9112.12544
76.2000 2 8713.66656
76.3000 2 9332.3264
76.4000 2 8283.7504
76.5000 2 9458.15552
76.6000 2 7895.77728
76.7000 2 9751.7568
76.8000 2 8818.52416
76.9000 2 9426.69824
77.0000 2 6889.14432
77.1000 2 9028.23936
77.2000 2 7046.43072
77.3000 2 9772.72832
77.4000 2 7979.66336
77.5000 2 10905.1904
77.6000 2 7528.77568
77.7000 2 8944.35328
77.8000 2 7256.14592
77.9000 2 8954.83904
78.0000 2 7958.69184
78.1000 2 9237.95456
78.2000 2 10527.70304
78.3000 2 10307.50208
78.4000 2 9500.09856
78.5000 2 8084.52096
78.6000 2 9542.0416
78.7000 2 8053.06368
78.8000 2 9615.44192
78.9000 2 8367.63648
79.0000 2 9846.12864
79.1000 2 8514.43712
79.2000 2 10129.24416
79.3000 2 8975.81056
79.4000 2 8189.37856
79.5000 2 10936.64768
79.6000 2 9164.55424
79.7000 2 10265.55904
79.8000 2 8954.83904
79.9000 2 10181.67296
80.0000 2 7340.032
80.1000 2 8839.49568
80.2000 2 8923.38176
80.3000 2 8210.35008
80.4000 2 10747.904
80.5000 2 9395.24096
80.6000 2 10705.96096
80.7000 2 8409.57952
80.8000 2 9741.27104
80.9000 2 7948.20608
81.0000 2 9143.58272
81.1000 2 8954.83904
81.2000 2 8325.69344
81.3000 2 10380.9024
81.4000 2 9290.38336
81.5000 2 10223.616
81.6000 2 8566.86592
81.7000 2 10936.64768
81.8000 2 8441.0368
81.9000 2 9384.7552
82.0000 2 7801.40544
82.1000 2 9049.21088
82.2000 2 9216.98304
82.3000 2 8587.83744
82.4000 2 10989.07648
82.5000 2 9332.3264
82.6000 2 9279.8976
82.7000 2 8692.69504
82.8000 2 8430.55104
82.9000 2 8619.29472
83.0000 2 10611.58912
83.1000 2 10097.78688
83.2000 2 8808.0384
83.3000 2 8671.72352
83.4000 2 6616.51456
83.5000 2 8703.1808
83.6000 2 7298.08896
83.7000 2 8126.464
83.8000 2 6060.76928
83.9000 2 8053.06368
84.0000 2 7948.20608
84.1000 2 7392.4608
84.2000 2 9237.95456
84.3000 2 7151.28832
84.4000 2 10454.30272
84.5000 2 8535.40864
84.6000 2 8891.92448
84.7000 2 8881.43872
84.8000 2 10076.81536
84.9000 2 7822.37696
85.0000 2 9374.26944
85.1000 2 9678.35648
85.2000 2 8755.6096
85.3000 2 9164.55424
85.4000 2 8472.49408
85.5000 2 10433.3312
85.6000 2 8598.3232
85.7000 2 9940.50048
85.8000 2 9185.52576
85.9000 2 8839.49568
86.0000 2 9793.69984
86.1000 2 8692.69504
86.2000 2 9426.69824
86.3000 2 7308.57472
86.4000 2 10643.0464
86.5000 2 7371.48928
86.6000 2 9814.67136
86.7000 2 7308.57472
86.8000 2 10695.4752
86.9000 2 7979.66336
87.0000 2 12194.93888
87.1000 2 7025.4592
87.2000 2 8713.66656
87.3000 2 7067.40224
87.4000 2 9007.26784
87.5000 2 8168.40704
87.6000 2 8262.77888
87.7000 2 9206.49728
87.8000 2 8304.72192
87.9000 2 10370.41664
88.0000 2 8105.49248
88.1000 2 8944.35328
88.2000 2 8671.72352
88.3000 2 8430.55104
88.4000 2 10034.87232
88.5000 2 8870.95296
88.6000 2 11041.50528
88.7000 2 8996.78208
88.8000 2 8881.43872
88.9000 2 8870.95296
89.0000 2 8346.66496
89.1000 2 8787.06688
89.2000 2 9458.15552
89.3000 2 8587.83744
89.4000 2 8808.0384
89.5000 2 8556.38016
89.6000 2 5337.25184
Time 89724 ms
