1 8 0.0
2 8 1449.0
3 8 19602.0
4 8 22697.0
5 8 23456.0
6 8 20221.0
7 8 6761.0
8 8 22144.0
9 8 22729.0
10 8 22528.0
11 8 10832.0
12 8 18545.0
13 8 20233.0
14 8 19555.0
15 8 16288.0
16 8 17326.0
17 8 18584.0
18 8 21828.0
19 8 23670.0
20 8 20513.0
21 8 22364.0
22 8 21664.0
23 8 18393.0
24 8 19598.0
25 8 23942.0
26 8 18508.0
27 8 20888.0
28 8 24124.0
29 8 24096.0
30 8 15884.0
31 8 19818.0
32 8 20447.0
33 8 21926.0
34 8 20104.0
35 8 22434.0
36 8 20282.0
37 8 19763.0
38 8 19206.0
39 8 15839.0
40 8 16915.0
41 8 16042.0
42 8 16920.0
43 8 17174.0
44 8 11438.0
45 8 758.0
46 8 1104.0
