1 8 0.0
2 8 1400.0
3 8 19737.0
4 8 22640.0
5 8 23017.0
6 8 21914.0
7 8 12673.0
8 8 20532.0
9 8 22695.0
10 8 22864.0
11 8 21298.0
12 8 20513.0
13 8 22512.0
14 8 21518.0
15 8 22896.0
16 8 17147.0
17 8 19534.0
18 8 19182.0
19 8 16919.0
20 8 14598.0
21 8 17034.0
22 8 18594.0
23 8 21525.0
24 8 23268.0
25 8 24012.0
26 8 16356.0
27 8 16469.0
28 8 20264.0
29 8 22887.0
30 8 19996.0
31 8 21765.0
32 8 23273.0
33 8 23959.0
34 8 19825.0
35 8 18631.0
36 8 22221.0
37 8 22467.0
38 8 20583.0
39 8 21659.0
40 8 21162.0
41 8 16190.0
42 8 13075.0
43 8 9185.0
44 8 178.0
