1 8 0.0
2 8 1394.0
3 8 19757.0
4 8 23742.0
5 8 24044.0
6 8 22485.0
7 8 9316.0
8 8 16928.0
9 8 19728.0
10 8 16301.0
11 8 16388.0
12 8 15673.0
13 8 19364.0
14 8 18873.0
15 8 17077.0
16 8 17835.0
17 8 20052.0
18 8 20971.0
19 8 17192.0
20 8 22636.0
21 8 22197.0
22 8 20509.0
23 8 21869.0
24 8 20846.0
25 8 16640.0
26 8 19238.0
27 8 22883.0
28 8 20414.0
29 8 17757.0
30 8 16065.0
31 8 19590.0
32 8 20081.0
33 8 16583.0
34 8 14836.0
35 8 14649.0
36 8 21907.0
37 8 19266.0
38 8 19398.0
39 8 16795.0
40 8 19711.0
41 8 17757.0
42 8 17550.0
43 8 17877.0
44 8 17402.0
45 8 13488.0
46 8 9552.0
47 8 3890.0
