1 8 0.0
2 8 1405.0
3 8 19177.0
4 8 21175.0
5 8 21451.0
6 8 20126.0
7 8 12053.0
8 8 17126.0
9 8 20135.0
10 8 20731.0
11 8 17198.0
12 8 19923.0
13 8 22934.0
14 8 21182.0
15 8 21460.0
16 8 20648.0
17 8 21085.0
18 8 21896.0
19 8 22370.0
20 8 23019.0
21 8 18969.0
22 8 16869.0
23 8 20829.0
24 8 19177.0
25 8 18703.0
26 8 20505.0
27 8 23015.0
28 8 21365.0
29 8 19044.0
30 8 22006.0
31 8 21364.0
32 8 19774.0
33 8 17275.0
34 8 20175.0
35 8 20137.0
36 8 16766.0
37 8 20477.0
38 8 19081.0
39 8 20194.0
40 8 18867.0
41 8 19946.0
42 8 17552.0
43 8 13175.0
44 8 8315.0
