1 8 0.0
2 8 1411.0
3 8 19438.0
4 8 23885.0
5 8 20616.0
6 8 20929.0
7 8 14962.0
8 8 19030.0
9 8 19931.0
10 8 19020.0
11 8 19157.0
12 8 23305.0
13 8 19401.0
14 8 20895.0
15 8 22934.0
16 8 21158.0
17 8 20621.0
18 8 24555.0
19 8 22822.0
20 8 19285.0
21 8 21936.0
22 8 23308.0
23 8 23245.0
24 8 23200.0
25 8 23316.0
26 8 19372.0
27 8 21500.0
28 8 22843.0
29 8 20934.0
30 8 21042.0
31 8 21117.0
32 8 22174.0
33 8 22807.0
34 8 20867.0
35 8 20576.0
36 8 17982.0
37 8 14999.0
38 8 15744.0
39 8 19551.0
40 8 21618.0
41 8 15885.0
42 8 9456.0
43 8 1857.0
