1 16 0.0
2 16 27509.0
3 16 37125.0
4 16 37313.0
5 16 21298.0
6 16 23651.0
7 16 31644.0
8 16 15292.0
9 16 14731.0
10 16 14407.0
11 16 16854.0
12 16 24260.0
13 16 18136.0
14 16 16714.0
15 16 27270.0
16 16 32427.0
17 16 30333.0
18 16 27869.0
19 16 28373.0
20 16 32723.0
21 16 26755.0
22 16 26259.0
23 16 30576.0
24 16 26449.0
25 16 24459.0
26 16 23562.0
27 16 25678.0
28 16 29560.0
29 16 15317.0
30 16 15568.0
31 16 14996.0
32 16 17099.0
33 16 12256.0
34 16 11965.0
35 16 19693.0
36 16 25245.0
37 16 22729.0
38 16 11489.0
