1 16 0.0
2 16 30196.0
3 16 37249.0
4 16 25290.0
5 16 16899.0
6 16 25411.0
7 16 25401.0
8 16 29812.0
9 16 29692.0
10 16 29589.0
11 16 26359.0
12 16 24674.0
13 16 23245.0
14 16 19608.0
15 16 16731.0
16 16 14347.0
17 16 24233.0
18 16 26494.0
19 16 18703.0
20 16 25991.0
21 16 21685.0
22 16 18344.0
23 16 16706.0
24 16 15539.0
25 16 21929.0
26 16 22164.0
27 16 16835.0
28 16 17840.0
29 16 17668.0
30 16 16980.0
31 16 16014.0
32 16 20829.0
33 16 26935.0
34 16 19792.0
35 16 20988.0
36 16 18980.0
37 16 19154.0
38 16 18880.0
39 16 19248.0
40 16 19730.0
41 16 1422.0
