1 16 0.0
2 16 28547.0
3 16 37433.0
4 16 34406.0
5 16 20421.0
6 16 23942.0
7 16 35761.0
8 16 29247.0
9 16 22180.0
10 16 16683.0
11 16 20441.0
12 16 23867.0
13 16 25325.0
14 16 27986.0
15 16 26631.0
16 16 14134.0
17 16 21306.0
18 16 20536.0
19 16 20353.0
20 16 23083.0
21 16 24578.0
22 16 21352.0
23 16 24937.0
24 16 15022.0
25 16 21729.0
26 16 21310.0
27 16 22588.0
28 16 22964.0
29 16 21926.0
30 16 30731.0
31 16 30969.0
32 16 16726.0
33 16 15462.0
34 16 16605.0
35 16 12562.0
36 16 22763.0
37 16 25003.0
38 16 16624.0
39 16 1454.0
