0.1000 2 0.0
0.2000 2 262.144
0.3000 2 11093.93408
0.4000 2 14910.75072
0.5000 2 14868.80768
0.6000 2 14784.9216
0.7000 2 15005.12256
0.8000 2 14868.80768
0.9000 2 14753.46432
1.0000 2 14491.32032
1.1000 2 15036.57984
1.2000 2 12499.02592
1.3000 2 12703.49824
1.4000 2 6973.0304
1.5000 2 4084.20352
1.6000 2 0.0
1.7000 2 0.0
1.8000 2 891.2896
1.9000 2 7413.43232
2.0000 2 8283.7504
2.1000 2 13694.40256
2.2000 2 14512.29184
2.3000 2 14879.29344
2.4000 2 14596.17792
2.5000 2 14659.09248
2.6000 2 14701.03552
2.7000 2 14606.66368
2.8000 2 14648.60672
2.9000 2 14669.57824
3.0000 2 13919.8464
3.1000 2 2028.99456
3.2000 2 0.0
3.3000 2 0.0
3.4000 2 0.0
3.5000 2 0.0
3.6000 2 0.0
3.7000 2 2579.49696
3.8000 2 13767.80288
3.9000 2 15151.9232
4.0000 2 15099.4944
4.1000 2 15099.4944
4.2000 2 14879.29344
4.3000 2 14868.80768
4.4000 2 14826.86464
4.5000 2 14889.7792
4.6000 2 14900.26496
4.7000 2 13689.15968
4.8000 2 7245.66016
4.9000 2 6569.32864
5.0000 2 0.0
5.1000 2 0.0
5.2000 2 5305.79456
5.3000 2 8420.06528
5.4000 2 9332.3264
5.5000 2 14784.9216
5.6000 2 14763.95008
5.7000 2 14900.26496
5.8000 2 14942.208
5.9000 2 14952.69376
6.0000 2 14858.32192
6.1000 2 14868.80768
6.2000 2 10082.05824
6.3000 2 7392.4608
6.4000 2 7046.43072
6.5000 2 7214.20288
6.6000 2 11361.32096
6.7000 2 8357.15072
6.8000 2 8273.26464
6.9000 2 8451.52256
7.0000 2 11838.42304
7.1000 2 14344.51968
7.2000 2 14375.97696
7.3000 2 14480.83456
7.4000 2 14449.37728
7.5000 2 14517.53472
7.6000 2 7906.26304
7.7000 2 6931.08736
7.8000 2 6931.08736
7.9000 2 6805.25824
8.0000 2 14334.03392
8.1000 2 14554.23488
8.2000 2 14202.96192
8.3000 2 7958.69184
8.4000 2 8105.49248
8.5000 2 8157.92128
8.6000 2 9720.29952
8.7000 2 14994.6368
8.8000 2 15015.60832
8.9000 2 14758.7072
9.0000 2 7696.54784
9.1000 2 7298.08896
9.2000 2 7193.23136
9.3000 2 8514.43712
9.4000 2 14606.66368
9.5000 2 14564.72064
9.6000 2 14543.74912
9.7000 2 14638.12096
9.8000 2 12252.61056
9.9000 2 8074.0352
10.0000 2 8178.8928
10.1000 2 7444.8896
10.2000 2 11366.56384
10.3000 2 12892.24192
10.4000 2 6637.48608
10.5000 2 8839.49568
10.6000 2 7916.7488
10.7000 2 8965.3248
10.8000 2 16221.47072
10.9000 2 4645.19168
11.0000 2 9154.06848
11.1000 2 16431.18592
11.2000 2 24326.9632
11.3000 2 16226.7136
11.4000 2 9898.55744
11.5000 2 8514.43712
11.6000 2 8503.95136
11.7000 2 9143.58272
11.8000 2 15178.1376
11.9000 2 11597.25056
12.0000 2 7654.6048
12.1000 2 7319.06048
12.2000 2 7528.77568
12.3000 2 8336.1792
12.4000 2 13243.51488
12.5000 2 5379.19488
12.6000 2 18968.73984
12.7000 2 6333.39904
12.8000 2 13673.43104
12.9000 2 21013.46304
13.0000 2 15796.79744
13.1000 2 8629.78048
13.2000 2 8718.90944
13.3000 2 5211.42272
13.4000 2 4980.736
13.5000 2 7654.6048
13.6000 2 7507.80416
13.7000 2 9216.98304
13.8000 2 15476.98176
13.9000 2 15581.83936
14.0000 2 15204.352
14.1000 2 15078.52288
14.2000 2 15330.18112
14.3000 2 14984.15104
14.4000 2 8524.92288
14.5000 2 13495.17312
14.6000 2 12656.31232
14.7000 2 2558.52544
14.8000 2 146.80064
14.9000 2 73.40032
15.0000 2 62.91456
15.1000 2 136.31488
15.2000 2 3156.21376
15.3000 2 5452.5952
15.4000 2 13201.57184
15.5000 2 19461.57056
15.6000 2 17605.59104
15.7000 2 15351.15264
15.8000 2 15581.83936
15.9000 2 15456.01024
16.0000 2 15456.01024
16.1000 2 15267.26656
16.2000 2 15440.2816
16.3000 2 15356.39552
16.4000 2 2904.55552
16.5000 2 73.40032
16.6000 2 0.0
16.7000 2 0.0
16.8000 2 0.0
16.9000 2 0.0
17.0000 2 0.0
17.1000 2 10737.41824
17.2000 2 15036.57984
17.3000 2 14900.26496
17.4000 2 14910.75072
17.5000 2 14973.66528
17.6000 2 14973.66528
17.7000 2 14984.15104
17.8000 2 14868.80768
17.9000 2 15109.98016
18.0000 2 15146.68032
18.1000 2 7109.34528
18.2000 2 7208.96
18.3000 2 3690.98752
18.4000 2 0.0
18.5000 2 6773.80096
18.6000 2 8095.00672
18.7000 2 8713.66656
18.8000 2 14816.37888
18.9000 2 14617.14944
19.0000 2 14575.2064
19.1000 2 14344.51968
19.2000 2 14732.4928
19.3000 2 14470.3488
19.4000 2 14895.02208
19.5000 2 11293.16352
19.6000 2 7528.77568
19.7000 2 7591.69024
19.8000 2 7345.27488
19.9000 2 9615.44192
20.0000 2 6312.42752
20.1000 2 3355.4432
20.2000 2 8126.464
20.3000 2 16882.0736
20.4000 2 14396.94848
20.5000 2 10076.81536
20.6000 2 14575.2064
20.7000 2 17574.13376
20.8000 2 17820.54912
20.9000 2 11922.30912
21.0000 2 7528.77568
21.1000 2 7235.1744
21.2000 2 7266.63168
21.3000 2 10019.14368
21.4000 2 12855.54176
21.5000 2 6291.456
21.6000 2 6197.08416
21.7000 2 6165.62688
21.8000 2 7413.43232
21.9000 2 13023.31392
22.0000 2 13694.40256
22.1000 2 14669.57824
22.2000 2 14690.54976
22.3000 2 14690.54976
22.4000 2 14790.16448
22.5000 2 11198.79168
22.6000 2 7287.6032
22.7000 2 7413.43232
22.8000 2 7497.3184
22.9000 2 11245.9776
23.0000 2 8315.20768
23.1000 2 6039.79776
23.2000 2 5966.39744
23.3000 2 6144.65536
23.4000 2 11974.73792
23.5000 2 12698.25536
23.6000 2 13558.08768
23.7000 2 14910.75072
23.8000 2 14952.69376
23.9000 2 14826.86464
24.0000 2 14863.5648
24.1000 2 8482.97984
24.2000 2 6962.54464
24.3000 2 7088.37376
24.4000 2 6857.68704
24.5000 2 14124.31872
24.6000 2 9814.67136
24.7000 2 8524.92288
24.8000 2 8472.49408
24.9000 2 9321.84064
25.0000 2 14795.40736
25.1000 2 14774.43584
25.2000 2 14837.3504
25.3000 2 14722.00704
25.4000 2 13825.47456
25.5000 2 7151.28832
25.6000 2 6994.00192
25.7000 2 6994.00192
25.8000 2 8367.63648
25.9000 2 14847.83616
26.0000 2 14664.33536
26.1000 2 14176.74752
26.2000 2 9489.6128
26.3000 2 8294.23616
26.4000 2 8346.66496
26.5000 2 8766.09536
26.6000 2 15099.4944
26.7000 2 14978.90816
26.8000 2 13065.25696
26.9000 2 7161.77408
27.0000 2 7361.00352
27.1000 2 7224.68864
27.2000 2 9751.7568
27.3000 2 14365.4912
27.4000 2 14459.86304
27.5000 2 14638.12096
27.6000 2 14737.73568
27.7000 2 11733.56544
27.8000 2 8095.00672
27.9000 2 8074.0352
28.0000 2 8336.1792
28.1000 2 11723.07968
28.2000 2 14674.82112
28.3000 2 7969.1776
28.4000 2 7413.43232
28.5000 2 7235.1744
28.6000 2 7340.032
28.7000 2 15109.98016
28.8000 2 15151.9232
28.9000 2 14952.69376
29.0000 2 15057.55136
29.1000 2 14957.93664
29.2000 2 15057.55136
29.3000 2 8965.3248
29.4000 2 8462.00832
29.5000 2 8577.35168
29.6000 2 8121.22112
29.7000 2 7801.40544
29.8000 2 7287.6032
29.9000 2 7235.1744
30.0000 2 10013.9008
30.1000 2 14774.43584
30.2000 2 11681.13664
30.3000 2 10821.30432
30.4000 2 16965.95968
30.5000 2 17783.84896
30.6000 2 12362.71104
30.7000 2 10464.78848
30.8000 2 12021.92384
30.9000 2 8262.77888
31.0000 2 8268.02176
31.1000 2 73.40032
31.2000 2 1855.97952
31.3000 2 11513.36448
31.4000 2 9898.55744
31.5000 2 11356.07808
31.6000 2 15172.89472
31.7000 2 15036.57984
31.8000 2 14753.46432
31.9000 2 15047.0656
32.0000 2 14910.75072
32.1000 2 14774.43584
32.2000 2 14847.83616
32.3000 2 14832.10752
32.4000 2 10847.51872
32.5000 2 5347.7376
32.6000 2 83.88608
32.7000 2 0.0
32.8000 2 0.0
32.9000 2 2013.26592
33.0000 2 7193.23136
33.1000 2 11188.30592
33.2000 2 13128.17152
33.3000 2 12645.82656
33.4000 2 13149.14304
33.5000 2 13306.42944
33.6000 2 13107.2
33.7000 2 13295.94368
33.8000 2 13358.85824
33.9000 2 13348.37248
34.0000 2 13217.30048
34.1000 2 13788.7744
34.2000 2 8456.76544
34.3000 2 2170.55232
34.4000 2 83.88608
34.5000 2 94.37184
34.6000 2 0.0
34.7000 2 6207.56992
34.8000 2 7686.06208
34.9000 2 15193.86624
35.0000 2 15309.2096
35.1000 2 14963.17952
35.2000 2 15141.43744
35.3000 2 14921.23648
35.4000 2 15162.40896
35.5000 2 15036.57984
35.6000 2 15172.89472
35.7000 2 15115.22304
35.8000 2 6936.33024
35.9000 2 73.40032
36.0000 2 73.40032
36.1000 2 0.0
36.2000 2 73.40032
36.3000 2 62.91456
36.4000 2 0.0
36.5000 2 513.80224
36.6000 2 8577.35168
36.7000 2 7350.51776
36.8000 2 7444.8896
36.9000 2 7413.43232
37.0000 2 7402.94656
37.1000 2 7371.48928
37.2000 2 6721.37216
37.3000 2 10034.87232
37.4000 2 8105.49248
37.5000 2 2710.56896
