0.1000 2 0.0
0.2000 2 178.25792
0.3000 2 9321.84064
0.4000 2 13516.14464
0.5000 2 13652.45952
0.6000 2 13484.68736
0.7000 2 13484.68736
0.8000 2 13411.28704
0.9000 2 14375.97696
1.0000 2 15204.352
1.1000 2 14250.14784
1.2000 2 7245.66016
1.3000 2 16190.01344
1.4000 2 13280.21504
1.5000 2 6008.34048
1.6000 2 5950.6688
1.7000 2 0.0
1.8000 2 6574.57152
1.9000 2 8325.69344
2.0000 2 12656.31232
2.1000 2 15990.784
2.2000 2 16263.41376
2.3000 2 16169.04192
2.4000 2 16368.27136
2.5000 2 16294.87104
2.6000 2 16368.27136
2.7000 2 15681.45408
2.8000 2 10055.84384
2.9000 2 7916.7488
3.0000 2 4713.34912
3.1000 2 2652.89728
3.2000 2 5997.85472
3.3000 2 7539.26144
3.4000 2 12530.4832
3.5000 2 13526.6304
3.6000 2 13516.14464
3.7000 2 13600.03072
3.8000 2 13715.37408
3.9000 2 13579.0592
4.0000 2 13568.57344
4.1000 2 13505.65888
4.2000 2 16053.69856
4.3000 2 16016.9984
4.4000 2 7408.18944
4.5000 2 62.91456
4.6000 2 0.0
4.7000 2 0.0
4.8000 2 3145.728
4.9000 2 11649.67936
5.0000 2 15550.38208
5.1000 2 15424.55296
5.2000 2 15529.41056
5.3000 2 15424.55296
5.4000 2 14784.9216
5.5000 2 15560.86784
5.6000 2 15497.95328
5.7000 2 15466.496
5.8000 2 15524.16768
5.9000 2 9641.65632
6.0000 2 0.0
6.1000 2 0.0
6.2000 2 0.0
6.3000 2 0.0
6.4000 2 1960.83712
6.5000 2 15089.00864
6.6000 2 15760.09728
6.7000 2 15644.75392
6.8000 2 14742.97856
6.9000 2 15529.41056
7.0000 2 15424.55296
7.1000 2 15476.98176
7.2000 2 15560.86784
7.3000 2 15403.58144
7.4000 2 15854.46912
7.5000 2 6994.00192
7.6000 2 0.0
7.7000 2 0.0
7.8000 2 0.0
7.9000 2 0.0
8.0000 2 471.8592
8.1000 2 14868.80768
8.2000 2 15906.89792
8.3000 2 16043.2128
8.4000 2 16200.4992
8.5000 2 16074.67008
8.6000 2 16148.0704
8.7000 2 16158.55616
8.8000 2 16158.55616
8.9000 2 16032.72704
9.0000 2 15833.4976
9.1000 2 3418.35776
9.2000 2 73.40032
9.3000 2 0.0
9.4000 2 0.0
9.5000 2 0.0
9.6000 2 2548.03968
9.7000 2 15959.32672
9.8000 2 15927.86944
9.9000 2 15969.81248
10.0000 2 15906.89792
10.1000 2 15990.784
10.2000 2 16001.26976
10.3000 2 16116.61312
10.4000 2 16074.67008
10.5000 2 13757.31712
10.6000 2 12357.46816
10.7000 2 3371.17184
10.8000 2 52.4288
10.9000 2 62.91456
11.0000 2 62.91456
11.1000 2 62.91456
11.2000 2 6343.8848
11.3000 2 15550.38208
11.4000 2 17678.99136
11.5000 2 16001.26976
11.6000 2 16085.15584
11.7000 2 16106.12736
11.8000 2 16169.04192
11.9000 2 16032.72704
12.0000 2 16022.24128
12.1000 2 16011.75552
12.2000 2 14250.14784
12.3000 2 115.34336
12.4000 2 146.80064
12.5000 2 0.0
12.6000 2 0.0
12.7000 2 0.0
12.8000 2 8105.49248
12.9000 2 16022.24128
13.0000 2 14942.208
13.1000 2 13558.08768
13.2000 2 15518.9248
13.3000 2 15497.95328
13.4000 2 15424.55296
13.5000 2 15602.81088
13.6000 2 15539.89632
13.7000 2 15686.69696
13.8000 2 14512.29184
13.9000 2 2495.61088
14.0000 2 62.91456
14.1000 2 0.0
14.2000 2 4812.96384
14.3000 2 10045.35808
14.4000 2 15403.58144
14.5000 2 15319.69536
14.6000 2 15435.03872
14.7000 2 15529.41056
14.8000 2 15885.9264
14.9000 2 15277.75232
15.0000 2 12866.02752
15.1000 2 16011.75552
15.2000 2 15996.02688
15.3000 2 8771.33824
15.4000 2 1960.83712
15.5000 2 73.40032
15.6000 2 0.0
15.7000 2 4005.56032
15.8000 2 10622.07488
15.9000 2 15760.09728
16.0000 2 16064.18432
16.1000 2 15854.46912
16.2000 2 16064.18432
16.3000 2 15256.7808
16.4000 2 15487.46752
16.5000 2 15550.38208
16.6000 2 16242.44224
16.7000 2 13364.10112
16.8000 2 7733.248
16.9000 2 1300.23424
17.0000 2 0.0
17.1000 2 2317.35296
17.2000 2 8136.94976
17.3000 2 13662.94528
17.4000 2 15372.12416
17.5000 2 14701.03552
17.6000 2 15770.58304
17.7000 2 15980.29824
17.8000 2 15948.84096
17.9000 2 15948.84096
18.0000 2 15204.352
18.1000 2 14632.87808
18.2000 2 7822.37696
18.3000 2 7775.19104
18.4000 2 157.2864
18.5000 2 3229.61408
18.6000 2 6847.20128
18.7000 2 10317.98784
18.8000 2 14386.46272
18.9000 2 16242.44224
19.0000 2 16032.72704
19.1000 2 15256.7808
19.2000 2 14942.208
19.3000 2 15162.40896
19.4000 2 15109.98016
19.5000 2 15246.29504
19.6000 2 14653.8496
19.7000 2 6128.92672
19.8000 2 73.40032
19.9000 2 0.0
20.0000 2 0.0
20.1000 2 1488.97792
20.2000 2 10234.10176
20.3000 2 14187.23328
20.4000 2 13316.9152
20.5000 2 14019.46112
20.6000 2 13967.03232
20.7000 2 10297.01632
20.8000 2 10873.73312
20.9000 2 15560.86784
21.0000 2 14166.26176
21.1000 2 13746.83136
21.2000 2 13820.23168
21.3000 2 10711.20384
21.4000 2 6181.35552
21.5000 2 796.91776
21.6000 2 52.4288
21.7000 2 2642.41152
21.8000 2 8084.52096
21.9000 2 12666.79808
22.0000 2 220.20096
22.1000 2 11848.9088
22.2000 2 20982.00576
22.3000 2 15823.01184
22.4000 2 14501.80608
22.5000 2 14617.14944
22.6000 2 13411.28704
22.7000 2 17526.94784
22.8000 2 14239.66208
22.9000 2 8000.63488
23.0000 2 8021.6064
23.1000 2 8299.47904
23.2000 2 11272.192
23.3000 2 7895.77728
23.4000 2 8378.12224
23.5000 2 5788.13952
23.6000 2 21736.98048
23.7000 2 16672.3584
23.8000 2 16190.01344
23.9000 2 16357.7856
24.0000 2 16268.65664
24.1000 2 15697.18272
24.2000 2 5001.70752
24.3000 2 2915.04128
24.4000 2 11303.64928
24.5000 2 14119.07584
24.6000 2 9615.44192
24.7000 2 8074.0352
24.8000 2 8126.464
24.9000 2 13254.00064
25.0000 2 15309.2096
25.1000 2 15151.9232
25.2000 2 15026.09408
25.3000 2 14386.46272
25.4000 2 9285.14048
25.5000 2 3292.52864
25.6000 2 83.88608
25.7000 2 0.0
25.8000 2 12499.02592
25.9000 2 17049.84576
26.0000 2 15697.18272
26.1000 2 15781.0688
26.2000 2 15587.08224
26.3000 2 12163.4816
26.4000 2 7077.888
26.5000 2 3680.50176
26.6000 2 5809.11104
26.7000 2 15728.64
26.8000 2 18722.32448
26.9000 2 13086.22848
27.0000 2 7906.26304
27.1000 2 8189.37856
27.2000 2 9950.98624
27.3000 2 10800.3328
27.4000 2 6973.0304
27.5000 2 4487.90528
27.6000 2 1174.40512
27.7000 2 13453.23008
27.8000 2 18795.7248
27.9000 2 12635.3408
28.0000 2 7801.40544
28.1000 2 8074.0352
28.2000 2 11251.22048
28.3000 2 16630.41536
28.4000 2 16384.0
28.5000 2 12037.65248
28.6000 2 7864.32
28.7000 2 6427.77088
28.8000 2 9416.21248
28.9000 2 14879.29344
29.0000 2 14994.6368
29.1000 2 14900.26496
29.2000 2 14989.39392
29.3000 2 9542.0416
29.4000 2 7539.26144
29.5000 2 8000.63488
29.6000 2 12048.13824
29.7000 2 15718.15424
29.8000 2 15639.51104
29.9000 2 12635.3408
30.0000 2 8304.72192
30.1000 2 8252.29312
30.2000 2 9961.472
30.3000 2 16053.69856
30.4000 2 16169.04192
30.5000 2 15975.05536
30.6000 2 11827.93728
30.7000 2 7864.32
30.8000 2 8095.00672
30.9000 2 9636.41344
31.0000 2 16032.72704
31.1000 2 15282.9952
31.2000 2 15760.09728
31.3000 2 8011.12064
31.4000 2 7769.94816
31.5000 2 8074.0352
31.6000 2 13652.45952
31.7000 2 15644.75392
31.8000 2 15246.29504
31.9000 2 15828.25472
32.0000 2 10611.58912
32.1000 2 8157.92128
32.2000 2 8147.43552
32.3000 2 11513.36448
32.4000 2 15948.84096
32.5000 2 16037.96992
32.6000 2 12027.16672
32.7000 2 7906.26304
32.8000 2 7874.80576
32.9000 2 10422.84544
33.0000 2 16043.2128
33.1000 2 16116.61312
33.2000 2 16085.15584
33.3000 2 13773.04576
33.4000 2 7958.69184
33.5000 2 7927.23456
33.6000 2 8262.77888
33.7000 2 15802.04032
33.8000 2 15912.1408
33.9000 2 15875.44064
34.0000 2 7686.06208
34.1000 2 7801.40544
34.2000 2 8294.23616
34.3000 2 5085.5936
34.4000 2 12635.3408
34.5000 2 19639.82848
34.6000 2 16342.05696
34.7000 2 7864.32
34.8000 2 7465.86112
34.9000 2 7780.43392
35.0000 2 8095.00672
35.1000 2 8367.63648
35.2000 2 8220.83584
35.3000 2 288.3584
