0.1000 2 0.0
0.2000 2 178.25792
0.3000 2 15613.29664
0.4000 2 15330.18112
0.5000 2 15330.18112
0.6000 2 15288.23808
0.7000 2 15204.352
0.8000 2 15183.38048
0.9000 2 15036.57984
1.0000 2 15172.89472
1.1000 2 15319.69536
1.2000 2 15130.95168
1.3000 2 13264.4864
1.4000 2 220.20096
1.5000 2 0.0
1.6000 2 0.0
1.7000 2 0.0
1.8000 2 0.0
1.9000 2 10978.59072
2.0000 2 16410.2144
2.1000 2 16441.67168
2.2000 2 16116.61312
2.3000 2 15770.58304
2.4000 2 14522.7776
2.5000 2 15623.7824
2.6000 2 15854.46912
2.7000 2 15864.95488
2.8000 2 15749.61152
2.9000 2 10076.81536
3.0000 2 62.91456
3.1000 2 0.0
3.2000 2 0.0
3.3000 2 0.0
3.4000 2 0.0
3.5000 2 8818.52416
3.6000 2 14281.60512
3.7000 2 16179.52768
3.8000 2 15204.352
3.9000 2 16064.18432
4.0000 2 16106.12736
4.1000 2 16116.61312
4.2000 2 16148.0704
4.3000 2 16116.61312
4.4000 2 15896.41216
4.5000 2 12152.99584
4.6000 2 377.48736
4.7000 2 0.0
4.8000 2 0.0
4.9000 2 0.0
5.0000 2 0.0
5.1000 2 8849.98144
5.2000 2 15068.03712
5.3000 2 15057.55136
5.4000 2 15057.55136
5.5000 2 14942.208
5.6000 2 14921.23648
5.7000 2 14763.95008
5.8000 2 13851.68896
5.9000 2 14208.2048
6.0000 2 14145.29024
6.1000 2 14029.94688
6.2000 2 8283.7504
6.3000 2 62.91456
6.4000 2 0.0
6.5000 2 0.0
6.6000 2 0.0
6.7000 2 786.432
6.8000 2 10873.73312
6.9000 2 15068.03712
7.0000 2 14994.6368
7.1000 2 15015.60832
7.2000 2 14795.40736
7.3000 2 15026.09408
7.4000 2 15015.60832
7.5000 2 15047.0656
7.6000 2 15099.4944
7.7000 2 15151.9232
7.8000 2 15120.46592
7.9000 2 1289.74848
8.0000 2 0.0
8.1000 2 0.0
8.2000 2 0.0
8.3000 2 0.0
8.4000 2 6280.97024
8.5000 2 14784.9216
8.6000 2 14795.40736
8.7000 2 14722.00704
8.8000 2 14784.9216
8.9000 2 14669.57824
9.0000 2 14701.03552
9.1000 2 14732.4928
9.2000 2 14722.00704
9.3000 2 14742.97856
9.4000 2 14659.09248
9.5000 2 9804.1856
9.6000 2 0.0
9.7000 2 62.91456
9.8000 2 0.0
9.9000 2 0.0
10.0000 2 0.0
10.1000 2 10013.9008
10.2000 2 14638.12096
10.3000 2 14669.57824
10.4000 2 14564.72064
10.5000 2 14753.46432
10.6000 2 14669.57824
10.7000 2 14816.37888
10.8000 2 14711.52128
10.9000 2 14826.86464
11.0000 2 14638.12096
11.1000 2 14795.40736
11.2000 2 6239.0272
11.3000 2 0.0
11.4000 2 0.0
11.5000 2 0.0
11.6000 2 0.0
11.7000 2 0.0
11.8000 2 10265.55904
11.9000 2 14826.86464
12.0000 2 14952.69376
12.1000 2 14900.26496
12.2000 2 14847.83616
12.3000 2 14680.064
12.4000 2 13935.57504
12.5000 2 13904.11776
12.6000 2 14029.94688
12.7000 2 14554.23488
12.8000 2 14449.37728
12.9000 2 7979.66336
13.0000 2 52.4288
13.1000 2 0.0
13.2000 2 0.0
13.3000 2 0.0
13.4000 2 608.17408
13.5000 2 13075.74272
13.6000 2 13673.43104
13.7000 2 15403.58144
13.8000 2 15518.9248
13.9000 2 15403.58144
14.0000 2 15340.66688
14.1000 2 15602.81088
14.2000 2 15592.32512
14.3000 2 15697.18272
14.4000 2 15529.41056
14.5000 2 11953.7664
14.6000 2 73.40032
14.7000 2 0.0
14.8000 2 0.0
14.9000 2 0.0
15.0000 2 1289.74848
15.1000 2 13432.25856
15.2000 2 12173.96736
15.3000 2 12215.9104
15.4000 2 12299.79648
15.5000 2 12257.85344
15.6000 2 13683.9168
15.7000 2 14239.66208
15.8000 2 14176.74752
15.9000 2 14459.86304
16.0000 2 14627.6352
16.1000 2 14711.52128
16.2000 2 13851.68896
16.3000 2 73.40032
16.4000 2 0.0
16.5000 2 0.0
16.6000 2 0.0
16.7000 2 0.0
16.8000 2 6385.82784
16.9000 2 13925.08928
17.0000 2 14606.66368
17.1000 2 14533.26336
17.2000 2 14501.80608
17.3000 2 14564.72064
17.4000 2 14554.23488
17.5000 2 14585.69216
17.6000 2 14564.72064
17.7000 2 14711.52128
17.8000 2 14491.32032
17.9000 2 11104.41984
18.0000 2 1048.576
18.1000 2 0.0
18.2000 2 0.0
18.3000 2 0.0
18.4000 2 0.0
18.5000 2 0.0
18.6000 2 5693.76768
18.7000 2 14313.0624
18.8000 2 15214.83776
18.9000 2 15246.29504
19.0000 2 15151.9232
19.1000 2 15193.86624
19.2000 2 15214.83776
19.3000 2 15309.2096
19.4000 2 15235.80928
19.5000 2 15309.2096
19.6000 2 14176.74752
19.7000 2 188.74368
19.8000 2 7801.40544
19.9000 2 83.88608
20.0000 2 62.91456
20.1000 2 0.0
20.2000 2 73.40032
20.3000 2 4152.36096
20.4000 2 13883.14624
20.5000 2 13054.7712
20.6000 2 8598.3232
20.7000 2 15581.83936
20.8000 2 12404.65408
20.9000 2 12949.9136
21.0000 2 12782.14144
21.1000 2 13012.82816
21.2000 2 12970.88512
21.3000 2 11240.73472
21.4000 2 11717.8368
21.5000 2 6532.62848
21.6000 2 6186.5984
21.7000 2 8178.8928
21.8000 2 11770.2656
21.9000 2 8262.77888
22.0000 2 8126.464
22.1000 2 8178.8928
22.2000 2 13411.28704
22.3000 2 12708.74112
22.4000 2 17280.53248
22.5000 2 15665.72544
22.6000 2 15476.98176
22.7000 2 15188.62336
22.8000 2 6406.79936
22.9000 2 6459.22816
23.0000 2 7465.86112
23.1000 2 13872.66048
23.2000 2 15151.9232
23.3000 2 12263.09632
23.4000 2 8084.52096
23.5000 2 8011.12064
23.6000 2 7937.72032
23.7000 2 14134.80448
23.8000 2 15015.60832
23.9000 2 15089.00864
24.0000 2 15062.79424
24.1000 2 11177.82016
24.2000 2 6176.11264
24.3000 2 6039.79776
24.4000 2 9091.15392
24.5000 2 14480.83456
24.6000 2 14627.6352
24.7000 2 14596.17792
24.8000 2 14202.96192
24.9000 2 7738.49088
25.0000 2 7864.32
25.1000 2 7644.11904
25.2000 2 11639.1936
25.3000 2 12928.94208
25.4000 2 16069.4272
25.5000 2 11020.53376
25.6000 2 7287.6032
25.7000 2 7308.57472
25.8000 2 8986.29632
25.9000 2 14271.11936
26.0000 2 14638.12096
26.1000 2 14659.09248
26.2000 2 14826.86464
26.3000 2 14653.8496
26.4000 2 8126.464
26.5000 2 7969.1776
26.6000 2 8000.63488
26.7000 2 11765.02272
26.8000 2 15398.33856
26.9000 2 8891.92448
27.0000 2 6564.08576
27.1000 2 6952.05888
27.2000 2 10034.87232
27.3000 2 14826.86464
27.4000 2 15089.00864
27.5000 2 14858.32192
27.6000 2 15005.12256
27.7000 2 14984.15104
27.8000 2 13049.52832
27.9000 2 7476.34688
28.0000 2 7969.1776
28.1000 2 7591.69024
28.2000 2 14140.04736
28.3000 2 11062.4768
28.4000 2 8126.464
28.5000 2 7549.7472
28.6000 2 10349.44512
28.7000 2 14250.14784
28.8000 2 14292.09088
28.9000 2 13254.00064
29.0000 2 12383.68256
29.1000 2 13704.88832
29.2000 2 14627.6352
29.3000 2 9756.99968
29.4000 2 11093.93408
29.5000 2 14617.14944
29.6000 2 14942.208
29.7000 2 15020.8512
29.8000 2 9101.63968
29.9000 2 7581.20448
30.0000 2 7465.86112
30.1000 2 10160.70144
30.2000 2 14879.29344
30.3000 2 14963.17952
30.4000 2 15456.01024
30.5000 2 10753.14688
30.6000 2 7864.32
30.7000 2 7507.80416
30.8000 2 10737.41824
30.9000 2 14396.94848
31.0000 2 14617.14944
31.1000 2 14496.5632
31.2000 2 11670.65088
31.3000 2 6700.40064
31.4000 2 7759.4624
31.5000 2 9563.01312
31.6000 2 15518.9248
31.7000 2 15403.58144
31.8000 2 15382.60992
31.9000 2 11927.552
32.0000 2 8178.8928
32.1000 2 7581.20448
32.2000 2 7790.91968
32.3000 2 14103.3472
32.4000 2 14596.17792
32.5000 2 14632.87808
32.6000 2 8126.464
32.7000 2 6574.57152
32.8000 2 7340.032
32.9000 2 11156.84864
33.0000 2 14449.37728
33.1000 2 14365.4912
33.2000 2 14554.23488
33.3000 2 15256.7808
33.4000 2 12944.67072
33.5000 2 8000.63488
33.6000 2 7361.00352
33.7000 2 8084.52096
33.8000 2 14858.32192
33.9000 2 12420.38272
34.0000 2 7811.8912
34.1000 2 8095.00672
34.2000 2 7675.57632
34.3000 2 11020.53376
34.4000 2 16148.0704
34.5000 2 14092.86144
34.6000 2 14092.86144
34.7000 2 13977.51808
34.8000 2 13967.03232
34.9000 2 9389.99808
35.0000 2 6952.05888
35.1000 2 7361.00352
35.2000 2 11020.53376
35.3000 2 14533.26336
35.4000 2 14486.07744
35.5000 2 7990.14912
35.6000 2 7560.23296
35.7000 2 7591.69024
35.8000 2 11492.39296
35.9000 2 14239.66208
36.0000 2 15256.7808
36.1000 2 15298.72384
36.2000 2 15267.26656
36.3000 2 9882.8288
36.4000 2 8021.6064
36.5000 2 7864.32
36.6000 2 7990.14912
36.7000 2 7853.83424
36.8000 2 3171.9424
