0.1000 2 0.0
0.2000 2 167.77216
0.3000 2 14564.72064
0.4000 2 14417.92
0.5000 2 14627.6352
0.6000 2 14701.03552
0.7000 2 14428.40576
0.8000 2 14050.9184
0.9000 2 12886.99904
1.0000 2 12960.39936
1.1000 2 12939.42784
1.2000 2 12991.85664
1.3000 2 11938.03776
1.4000 2 6385.82784
1.5000 2 6543.11424
1.6000 2 2752.512
1.7000 2 4812.96384
1.8000 2 6910.11584
1.9000 2 8283.7504
2.0000 2 13075.74272
2.1000 2 13893.632
2.2000 2 5452.5952
2.3000 2 429.91616
2.4000 2 7014.97344
2.5000 2 14659.09248
2.6000 2 15099.4944
2.7000 2 14407.43424
2.8000 2 14082.37568
2.9000 2 14722.00704
3.0000 2 13133.4144
3.1000 2 2506.09664
3.2000 2 7423.91808
3.3000 2 8074.0352
3.4000 2 760.2176
3.5000 2 1782.5792
3.6000 2 12069.10976
3.7000 2 12006.1952
3.8000 2 10464.78848
3.9000 2 6668.94336
4.0000 2 8986.29632
4.1000 2 13054.7712
4.2000 2 17154.70336
4.3000 2 15602.81088
4.4000 2 15393.09568
4.5000 2 13594.78784
4.6000 2 7591.69024
4.7000 2 7979.66336
4.8000 2 7759.4624
4.9000 2 13348.37248
5.0000 2 13259.24352
5.1000 2 3313.50016
5.2000 2 9950.98624
5.3000 2 8262.77888
5.4000 2 10349.44512
5.5000 2 13463.71584
5.6000 2 15749.61152
5.7000 2 14491.32032
5.8000 2 14837.3504
5.9000 2 14800.65024
6.0000 2 11806.96576
6.1000 2 7665.09056
6.2000 2 8042.57792
6.3000 2 8147.43552
6.4000 2 13369.344
6.5000 2 11015.29088
6.6000 2 7266.63168
6.7000 2 7340.032
6.8000 2 7486.83264
6.9000 2 14627.6352
7.0000 2 14470.3488
7.1000 2 13830.71744
7.2000 2 14627.6352
7.3000 2 14166.26176
7.4000 2 14622.39232
7.5000 2 11188.30592
7.6000 2 7895.77728
7.7000 2 7843.34848
7.8000 2 9017.7536
7.9000 2 12902.72768
8.0000 2 7465.86112
8.1000 2 7560.23296
8.2000 2 7329.54624
8.3000 2 12771.65568
8.4000 2 14019.46112
8.5000 2 985.66144
8.6000 2 2432.69632
8.7000 2 15309.2096
8.8000 2 13883.14624
8.9000 2 18633.19552
9.0000 2 16195.25632
9.1000 2 12373.1968
9.2000 2 8451.52256
9.3000 2 8441.0368
9.4000 2 8566.86592
9.5000 2 11822.6944
9.6000 2 7329.54624
9.7000 2 7570.71872
9.8000 2 7455.37536
9.9000 2 12561.94048
10.0000 2 13086.22848
10.1000 2 13054.7712
10.2000 2 12834.57024
10.3000 2 14040.43264
10.4000 2 15277.75232
10.5000 2 15309.2096
10.6000 2 12189.696
10.7000 2 7570.71872
10.8000 2 7560.23296
10.9000 2 7953.44896
11.0000 2 12645.82656
11.1000 2 8441.0368
11.2000 2 8325.69344
11.3000 2 9489.6128
11.4000 2 15393.09568
11.5000 2 15309.2096
11.6000 2 15267.26656
11.7000 2 15393.09568
11.8000 2 14103.3472
11.9000 2 13154.38592
12.0000 2 7381.97504
12.1000 2 7423.91808
12.2000 2 7025.4592
12.3000 2 9405.72672
12.4000 2 13940.81792
12.5000 2 12467.56864
12.6000 2 8315.20768
12.7000 2 7612.66176
12.8000 2 7340.032
12.9000 2 11806.96576
13.0000 2 12918.45632
13.1000 2 13138.65728
13.2000 2 12614.36928
13.3000 2 12708.74112
13.4000 2 12525.24032
13.5000 2 7927.23456
13.6000 2 7340.032
13.7000 2 7371.48928
13.8000 2 9741.27104
13.9000 2 14732.4928
14.0000 2 14548.992
14.1000 2 12341.73952
14.2000 2 8346.66496
14.3000 2 8304.72192
14.4000 2 8388.608
14.5000 2 14124.31872
14.6000 2 14459.86304
14.7000 2 14501.80608
14.8000 2 12032.4096
14.9000 2 7182.7456
15.0000 2 6878.65856
15.1000 2 7119.83104
15.2000 2 12247.36768
15.3000 2 12635.3408
15.4000 2 12488.54016
15.5000 2 12918.45632
15.6000 2 12766.4128
15.7000 2 10024.38656
15.8000 2 6564.08576
15.9000 2 6752.82944
16.0000 2 8210.35008
16.1000 2 14805.89312
16.2000 2 14375.97696
16.3000 2 14706.2784
16.4000 2 11702.10816
16.5000 2 8273.26464
16.6000 2 8294.23616
16.7000 2 9101.63968
16.8000 2 14753.46432
16.9000 2 14816.37888
17.0000 2 12965.64224
17.1000 2 6994.00192
17.2000 2 6973.0304
17.3000 2 6994.00192
17.4000 2 13054.7712
17.5000 2 14690.54976
17.6000 2 14250.14784
17.7000 2 14900.26496
17.8000 2 15036.57984
17.9000 2 12409.89696
18.0000 2 6899.63008
18.1000 2 7004.48768
18.2000 2 7214.20288
18.3000 2 12100.56704
18.4000 2 13028.5568
18.5000 2 11093.93408
18.6000 2 7444.8896
18.7000 2 7486.83264
18.8000 2 7277.11744
18.9000 2 14596.17792
19.0000 2 14921.23648
19.1000 2 14984.15104
19.2000 2 13065.25696
19.3000 2 12970.88512
19.4000 2 13070.49984
19.5000 2 6826.22976
19.6000 2 6994.00192
19.7000 2 7203.71712
19.8000 2 10464.78848
19.9000 2 12897.4848
20.0000 2 12189.696
20.1000 2 7161.77408
20.2000 2 7256.14592
20.3000 2 7434.40384
20.4000 2 11198.79168
20.5000 2 13012.82816
20.6000 2 12886.99904
20.7000 2 13191.08608
20.8000 2 13075.74272
20.9000 2 12976.128
21.0000 2 10244.58752
21.1000 2 8357.15072
21.2000 2 7759.4624
21.3000 2 9101.63968
21.4000 2 12740.1984
21.5000 2 12682.52672
21.6000 2 9216.98304
21.7000 2 7402.94656
21.8000 2 7402.94656
21.9000 2 8619.29472
22.0000 2 12866.02752
22.1000 2 13054.7712
22.2000 2 13264.4864
22.3000 2 13264.4864
22.4000 2 12703.49824
22.5000 2 10842.27584
22.6000 2 6868.1728
22.7000 2 7245.66016
22.8000 2 7119.83104
22.9000 2 12624.85504
23.0000 2 12949.9136
23.1000 2 12713.984
23.2000 2 8965.3248
23.3000 2 7455.37536
23.4000 2 7528.77568
23.5000 2 9080.66816
23.6000 2 12635.3408
23.7000 2 12928.94208
23.8000 2 13117.68576
23.9000 2 12970.88512
24.0000 2 12776.89856
24.1000 2 7088.37376
24.2000 2 7004.48768
24.3000 2 7172.25984
24.4000 2 10003.41504
24.5000 2 14145.29024
24.6000 2 14281.60512
24.7000 2 12609.1264
24.8000 2 8965.3248
24.9000 2 7361.00352
25.0000 2 7214.20288
25.1000 2 8220.83584
25.2000 2 11932.79488
25.3000 2 12708.74112
25.4000 2 12499.02592
25.5000 2 12630.09792
25.6000 2 9667.87072
25.7000 2 7109.34528
25.8000 2 7350.51776
25.9000 2 8378.12224
26.0000 2 12666.79808
26.1000 2 12876.51328
26.2000 2 12708.74112
26.3000 2 14402.19136
26.4000 2 10422.84544
26.5000 2 8189.37856
26.6000 2 7402.94656
26.7000 2 9101.63968
26.8000 2 12803.11296
26.9000 2 12698.25536
27.0000 2 10013.9008
27.1000 2 9736.02816
27.2000 2 7298.08896
27.3000 2 7350.51776
27.4000 2 7381.97504
27.5000 2 12069.10976
27.6000 2 15036.57984
27.7000 2 13977.51808
27.8000 2 5620.36736
27.9000 2 398.45888
28.0000 2 723.51744
28.1000 2 1415.5776
28.2000 2 4210.03264
28.3000 2 9772.72832
28.4000 2 9531.55584
28.5000 2 8273.26464
28.6000 2 16106.12736
28.7000 2 16494.10048
28.8000 2 15162.40896
28.9000 2 13877.90336
29.0000 2 7340.032
29.1000 2 7381.97504
29.2000 2 7402.94656
29.3000 2 12582.912
29.4000 2 8860.4672
29.5000 2 6721.37216
29.6000 2 21023.9488
29.7000 2 22035.82464
29.8000 2 11544.82176
29.9000 2 8367.63648
30.0000 2 13956.54656
30.1000 2 15151.9232
30.2000 2 15136.19456
30.3000 2 7528.77568
30.4000 2 7717.51936
30.5000 2 7633.63328
30.6000 2 11922.30912
30.7000 2 15550.38208
30.8000 2 8954.83904
30.9000 2 115.34336
31.0000 2 828.37504
31.1000 2 0.0
31.2000 2 9384.7552
31.3000 2 21055.40608
31.4000 2 14947.45088
31.5000 2 8262.77888
31.6000 2 8399.09376
31.7000 2 8493.4656
31.8000 2 12446.59712
31.9000 2 12430.86848
32.0000 2 11146.36288
32.1000 2 8042.57792
32.2000 2 13694.40256
32.3000 2 12939.42784
32.4000 2 19126.02624
32.5000 2 14963.17952
32.6000 2 14501.80608
32.7000 2 13631.488
32.8000 2 6952.05888
32.9000 2 2081.42336
33.0000 2 3722.4448
33.1000 2 6794.77248
33.2000 2 11702.10816
33.3000 2 16745.75872
33.4000 2 8697.93792
33.5000 2 7612.66176
33.6000 2 7434.40384
33.7000 2 10255.07328
33.8000 2 14092.86144
33.9000 2 13998.4896
34.0000 2 13998.4896
34.1000 2 14040.43264
34.2000 2 14355.00544
34.3000 2 13238.272
34.4000 2 6889.14432
34.5000 2 6983.51616
34.6000 2 6658.4576
34.7000 2 12205.42464
34.8000 2 14082.37568
34.9000 2 10522.46016
35.0000 2 7287.6032
35.1000 2 7392.4608
35.2000 2 8262.77888
35.3000 2 13516.14464
35.4000 2 13946.0608
35.5000 2 13621.00224
35.6000 2 13862.17472
35.7000 2 13154.38592
35.8000 2 6815.744
35.9000 2 6952.05888
36.0000 2 7392.4608
36.1000 2 6878.65856
36.2000 2 7067.40224
36.3000 2 6952.05888
36.4000 2 5132.77952
