0.1000 2 0.0
0.2000 2 188.74368
0.3000 2 9416.21248
0.4000 2 12415.13984
0.5000 2 14071.88992
0.6000 2 15089.00864
0.7000 2 14879.29344
0.8000 2 14847.83616
0.9000 2 14837.3504
1.0000 2 14868.80768
1.1000 2 15089.00864
1.2000 2 14816.37888
1.3000 2 14407.43424
1.4000 2 8372.87936
1.5000 2 1211.10528
1.6000 2 0.0
1.7000 2 0.0
1.8000 2 0.0
1.9000 2 859.83232
2.0000 2 7140.80256
2.1000 2 11838.42304
2.2000 2 13054.7712
2.3000 2 12834.57024
2.4000 2 13736.3456
2.5000 2 14596.17792
2.6000 2 14816.37888
2.7000 2 14931.72224
2.8000 2 14910.75072
2.9000 2 14921.23648
3.0000 2 14910.75072
3.1000 2 12997.09952
3.2000 2 1913.6512
3.3000 2 0.0
3.4000 2 0.0
3.5000 2 0.0
3.6000 2 0.0
3.7000 2 0.0
3.8000 2 6522.14272
3.9000 2 13767.80288
4.0000 2 13956.54656
4.1000 2 13893.632
4.2000 2 13967.03232
4.3000 2 13736.3456
4.4000 2 13946.0608
4.5000 2 13725.85984
4.6000 2 14029.94688
4.7000 2 13977.51808
4.8000 2 13988.00384
4.9000 2 12221.15328
5.0000 2 5636.096
5.1000 2 62.91456
5.2000 2 0.0
5.3000 2 0.0
5.4000 2 0.0
5.5000 2 3491.75808
5.6000 2 8734.63808
5.7000 2 13820.23168
5.8000 2 13956.54656
5.9000 2 13862.17472
6.0000 2 13967.03232
6.1000 2 13851.68896
6.2000 2 14071.88992
6.3000 2 13694.40256
6.4000 2 13883.14624
6.5000 2 13809.74592
6.6000 2 13778.28864
6.7000 2 8068.79232
6.8000 2 4157.60384
6.9000 2 0.0
7.0000 2 0.0
7.1000 2 0.0
7.2000 2 5557.4528
7.3000 2 7266.63168
7.4000 2 13715.37408
7.5000 2 15026.09408
7.6000 2 15005.12256
7.7000 2 14701.03552
7.8000 2 14952.69376
7.9000 2 14994.6368
8.0000 2 14973.66528
8.1000 2 15036.57984
8.2000 2 15026.09408
8.3000 2 13699.64544
8.4000 2 3675.25888
8.5000 2 0.0
8.6000 2 0.0
8.7000 2 0.0
8.8000 2 0.0
8.9000 2 0.0
9.0000 2 6375.34208
9.1000 2 14742.97856
9.2000 2 15026.09408
9.3000 2 14931.72224
9.4000 2 14910.75072
9.5000 2 14774.43584
9.6000 2 14973.66528
9.7000 2 15005.12256
9.8000 2 14942.208
9.9000 2 14963.17952
10.0000 2 15005.12256
10.1000 2 7707.0336
10.2000 2 0.0
10.3000 2 0.0
10.4000 2 0.0
10.5000 2 0.0
10.6000 2 0.0
10.7000 2 7014.97344
10.8000 2 13883.14624
10.9000 2 14218.69056
11.0000 2 15676.2112
11.1000 2 15204.352
11.2000 2 15235.80928
11.3000 2 15120.46592
11.4000 2 15026.09408
11.5000 2 14365.4912
11.6000 2 14334.03392
11.7000 2 11403.264
11.8000 2 7570.71872
11.9000 2 4419.74784
12.0000 2 0.0
12.1000 2 0.0
12.2000 2 6071.25504
12.3000 2 8168.40704
12.4000 2 11282.67776
12.5000 2 14407.43424
12.6000 2 14428.40576
12.7000 2 14480.83456
12.8000 2 14543.74912
12.9000 2 14564.72064
13.0000 2 14575.2064
13.1000 2 14627.6352
13.2000 2 11990.46656
13.3000 2 7539.26144
13.4000 2 7518.28992
13.5000 2 7434.40384
13.6000 2 4965.00736
13.7000 2 7444.8896
13.8000 2 7298.08896
13.9000 2 7465.86112
14.0000 2 7518.28992
14.1000 2 7822.37696
14.2000 2 13946.0608
14.3000 2 12761.16992
14.4000 2 13337.88672
14.5000 2 13285.45792
14.6000 2 13400.80128
14.7000 2 13411.28704
14.8000 2 8257.536
14.9000 2 7392.4608
15.0000 2 6259.99872
15.1000 2 5158.99392
15.2000 2 14501.80608
15.3000 2 14334.03392
15.4000 2 8970.56768
15.5000 2 8378.12224
15.6000 2 7990.14912
15.7000 2 8105.49248
15.8000 2 10622.07488
15.9000 2 12257.85344
16.0000 2 12121.53856
16.1000 2 13159.6288
16.2000 2 14134.80448
16.3000 2 12084.8384
16.4000 2 7319.06048
16.5000 2 7266.63168
16.6000 2 7319.06048
16.7000 2 8818.52416
16.8000 2 14271.11936
16.9000 2 14192.47616
17.0000 2 3565.1584
17.1000 2 2946.49856
17.2000 2 9772.72832
17.3000 2 8545.8944
17.4000 2 14805.89312
17.5000 2 14722.00704
17.6000 2 14826.86464
17.7000 2 14795.40736
17.8000 2 14805.89312
17.9000 2 10700.71808
18.0000 2 7361.00352
18.1000 2 6627.00032
18.2000 2 83.88608
18.3000 2 11649.67936
18.4000 2 15026.09408
18.5000 2 14910.75072
18.6000 2 13972.2752
18.7000 2 8032.09216
18.8000 2 8095.00672
18.9000 2 8157.92128
19.0000 2 10066.3296
19.1000 2 14690.54976
19.2000 2 14648.60672
19.3000 2 10899.94752
19.4000 2 7287.6032
19.5000 2 6805.25824
19.6000 2 7266.63168
19.7000 2 10821.30432
19.8000 2 12729.71264
19.9000 2 13254.00064
20.0000 2 13421.7728
20.1000 2 13233.02912
20.2000 2 12818.8416
20.3000 2 7088.37376
20.4000 2 7256.14592
20.5000 2 7277.11744
20.6000 2 9615.44192
20.7000 2 14753.46432
20.8000 2 13982.76096
20.9000 2 5662.3104
21.0000 2 4666.1632
21.1000 2 7161.77408
21.2000 2 9835.64288
21.3000 2 14868.80768
21.4000 2 14722.00704
21.5000 2 14638.12096
21.6000 2 14742.97856
21.7000 2 14543.74912
21.8000 2 9369.02656
21.9000 2 7476.34688
22.0000 2 7528.77568
22.1000 2 7853.83424
22.2000 2 14313.0624
22.3000 2 14318.30528
22.4000 2 7769.94816
22.5000 2 7098.85952
22.6000 2 7256.14592
22.7000 2 7455.37536
22.8000 2 14239.66208
22.9000 2 14145.29024
23.0000 2 14239.66208
23.1000 2 14134.80448
23.2000 2 14103.3472
23.3000 2 12672.04096
23.4000 2 7895.77728
23.5000 2 7801.40544
23.6000 2 8011.12064
23.7000 2 10307.50208
23.8000 2 12168.72448
23.9000 2 7266.63168
24.0000 2 7308.57472
24.1000 2 7340.032
24.2000 2 10171.1872
24.3000 2 14145.29024
24.4000 2 13998.4896
24.5000 2 14082.37568
24.6000 2 14271.11936
24.7000 2 14218.69056
24.8000 2 14250.14784
24.9000 2 10616.832
25.0000 2 7738.49088
25.1000 2 7277.11744
25.2000 2 7392.4608
25.3000 2 8467.2512
25.4000 2 6847.20128
25.5000 2 6868.1728
25.6000 2 7077.888
25.7000 2 10695.4752
25.8000 2 13086.22848
25.9000 2 13778.28864
26.0000 2 14680.064
26.1000 2 14543.74912
26.2000 2 14627.6352
26.3000 2 14145.29024
26.4000 2 14575.2064
26.5000 2 11109.66272
26.6000 2 8021.6064
26.7000 2 7984.90624
26.8000 2 880.80384
26.9000 2 4844.42112
27.0000 2 7193.23136
27.1000 2 7224.68864
27.2000 2 8178.8928
27.3000 2 11649.67936
27.4000 2 13820.23168
27.5000 2 15151.9232
27.6000 2 14753.46432
27.7000 2 14659.09248
27.8000 2 14732.4928
27.9000 2 14879.29344
28.0000 2 14779.67872
28.1000 2 9542.0416
28.2000 2 7874.80576
28.3000 2 4304.40448
28.4000 2 0.0
28.5000 2 2380.26752
28.6000 2 7014.97344
28.7000 2 7046.43072
28.8000 2 11240.73472
28.9000 2 12960.39936
29.0000 2 13065.25696
29.1000 2 13348.37248
29.2000 2 13149.14304
29.3000 2 14082.37568
29.4000 2 14680.064
29.5000 2 14921.23648
29.6000 2 14905.50784
29.7000 2 9112.12544
29.8000 2 7497.3184
29.9000 2 7114.58816
30.0000 2 1038.09024
30.1000 2 6312.42752
30.2000 2 6983.51616
30.3000 2 7109.34528
30.4000 2 11251.22048
30.5000 2 13044.28544
30.6000 2 13086.22848
30.7000 2 13264.4864
30.8000 2 13295.94368
30.9000 2 13002.3424
31.0000 2 13170.11456
31.1000 2 11670.65088
31.2000 2 11995.70944
31.3000 2 12546.21184
31.4000 2 7203.71712
31.5000 2 7355.76064
31.6000 2 1530.92096
31.7000 2 891.2896
31.8000 2 9930.01472
31.9000 2 8315.20768
32.0000 2 11356.07808
32.1000 2 14889.7792
32.2000 2 14837.3504
32.3000 2 14805.89312
32.4000 2 14742.97856
32.5000 2 15057.55136
32.6000 2 14921.23648
32.7000 2 14538.50624
32.8000 2 7444.8896
32.9000 2 7560.23296
33.0000 2 7423.91808
33.1000 2 9662.62784
33.2000 2 8147.43552
33.3000 2 8210.35008
33.4000 2 8126.464
33.5000 2 9615.44192
33.6000 2 15120.46592
33.7000 2 15026.09408
33.8000 2 15047.0656
33.9000 2 14973.66528
34.0000 2 14963.17952
34.1000 2 13468.95872
34.2000 2 7319.06048
34.3000 2 7465.86112
34.4000 2 7381.97504
34.5000 2 9143.58272
34.6000 2 12902.72768
34.7000 2 8441.0368
34.8000 2 6994.00192
34.9000 2 7119.83104
35.0000 2 7287.6032
35.1000 2 11586.7648
35.2000 2 11660.16512
35.3000 2 11806.96576
35.4000 2 12394.16832
35.5000 2 14470.3488
35.6000 2 14606.66368
35.7000 2 13552.8448
35.8000 2 7927.23456
35.9000 2 7937.72032
36.0000 2 8178.8928
36.1000 2 10842.27584
36.2000 2 12336.49664
36.3000 2 7172.25984
36.4000 2 7172.25984
36.5000 2 7277.11744
36.6000 2 10213.13024
36.7000 2 12666.79808
36.8000 2 13191.08608
36.9000 2 13128.17152
37.0000 2 12981.37088
37.1000 2 13254.00064
37.2000 2 12593.39776
37.3000 2 9956.22912
37.4000 2 3753.90208
37.5000 2 6123.68384
37.6000 2 9730.78528
37.7000 2 8189.37856
37.8000 2 1515.19232
