0.1000 2 0.0
0.2000 2 167.77216
0.3000 2 9206.49728
0.4000 2 14061.40416
0.5000 2 14596.17792
0.6000 2 14501.80608
0.7000 2 14680.064
0.8000 2 14690.54976
0.9000 2 14659.09248
1.0000 2 14680.064
1.1000 2 14669.57824
1.2000 2 14711.52128
1.3000 2 14784.9216
1.4000 2 8320.45056
1.5000 2 477.10208
1.6000 2 0.0
1.7000 2 0.0
1.8000 2 0.0
1.9000 2 1981.80864
2.0000 2 7340.032
2.1000 2 14197.71904
2.2000 2 14606.66368
2.3000 2 14774.43584
2.4000 2 15005.12256
2.5000 2 15026.09408
2.6000 2 15047.0656
2.7000 2 15036.57984
2.8000 2 15057.55136
2.9000 2 15047.0656
3.0000 2 13794.01728
3.1000 2 6265.2416
3.2000 2 52.4288
3.3000 2 0.0
3.4000 2 0.0
3.5000 2 0.0
3.6000 2 4571.79136
3.7000 2 10884.21888
3.8000 2 15351.15264
3.9000 2 15718.15424
4.0000 2 16336.81408
4.1000 2 16252.928
4.2000 2 16221.47072
4.3000 2 16252.928
4.4000 2 16294.87104
4.5000 2 16368.27136
4.6000 2 12074.35264
4.7000 2 7030.70208
4.8000 2 0.0
4.9000 2 0.0
5.0000 2 0.0
5.1000 2 1101.0048
5.2000 2 8273.26464
5.3000 2 12687.7696
5.4000 2 16431.18592
5.5000 2 16504.58624
5.6000 2 15497.95328
5.7000 2 15435.03872
5.8000 2 15466.496
5.9000 2 15414.0672
6.0000 2 15414.0672
6.1000 2 14926.47936
6.2000 2 7350.51776
6.3000 2 7455.37536
6.4000 2 1315.96288
6.5000 2 0.0
6.6000 2 5337.25184
6.7000 2 8011.12064
6.8000 2 8430.55104
6.9000 2 15351.15264
7.0000 2 15476.98176
7.1000 2 15445.52448
7.2000 2 15518.9248
7.3000 2 16137.58464
7.4000 2 16231.95648
7.5000 2 16357.7856
7.6000 2 11183.06304
7.7000 2 8357.15072
7.8000 2 8325.69344
7.9000 2 3245.34272
8.0000 2 6857.68704
8.1000 2 8399.09376
8.2000 2 8241.80736
8.3000 2 12111.0528
8.4000 2 15644.75392
8.5000 2 15518.9248
8.6000 2 15518.9248
8.7000 2 15508.43904
8.8000 2 15277.75232
8.9000 2 15120.46592
9.0000 2 9389.99808
9.1000 2 7665.09056
9.2000 2 7717.51936
9.3000 2 7612.66176
9.4000 2 7932.47744
9.5000 2 8336.1792
9.6000 2 8409.57952
9.7000 2 9300.86912
9.8000 2 14711.52128
9.9000 2 13967.03232
10.0000 2 14564.72064
10.1000 2 14533.26336
10.2000 2 14313.0624
10.3000 2 14313.0624
10.4000 2 8142.19264
10.5000 2 7235.1744
10.6000 2 7130.3168
10.7000 2 7245.66016
10.8000 2 14491.32032
10.9000 2 14889.7792
11.0000 2 10071.57248
11.1000 2 7948.20608
11.2000 2 8042.57792
11.3000 2 8462.00832
11.4000 2 14847.83616
11.5000 2 16378.75712
11.6000 2 16284.38528
11.7000 2 16368.27136
11.8000 2 9201.2544
11.9000 2 8346.66496
12.0000 2 8399.09376
12.1000 2 9542.0416
12.2000 2 15697.18272
12.3000 2 15686.69696
12.4000 2 8645.50912
12.5000 2 8000.63488
12.6000 2 7937.72032
12.7000 2 9888.07168
12.8000 2 15781.0688
12.9000 2 15456.01024
13.0000 2 15068.03712
13.1000 2 15214.83776
13.2000 2 12084.8384
13.3000 2 8430.55104
13.4000 2 8367.63648
13.5000 2 8629.78048
13.6000 2 13400.80128
13.7000 2 12179.21024
13.8000 2 6259.99872
13.9000 2 6427.77088
14.0000 2 8042.57792
14.1000 2 12960.39936
14.2000 2 16179.52768
14.3000 2 17112.76032
14.4000 2 16546.52928
14.5000 2 16651.38688
14.6000 2 16530.80064
14.7000 2 8682.20928
14.8000 2 8409.57952
14.9000 2 8378.12224
15.0000 2 9856.6144
15.1000 2 10847.51872
15.2000 2 7895.77728
15.3000 2 8084.52096
15.4000 2 8336.1792
15.5000 2 13652.45952
15.6000 2 15246.29504
15.7000 2 15435.03872
15.8000 2 13138.65728
15.9000 2 8734.63808
16.0000 2 13274.97216
16.1000 2 18512.60928
16.2000 2 11146.36288
16.3000 2 7423.91808
16.4000 2 7371.48928
16.5000 2 7392.4608
16.6000 2 7009.73056
16.7000 2 6301.94176
16.8000 2 83.88608
16.9000 2 10653.53216
17.0000 2 23404.21632
17.1000 2 14742.97856
17.2000 2 14931.72224
17.3000 2 15487.46752
17.4000 2 15843.98336
17.5000 2 15823.01184
17.6000 2 15901.65504
17.7000 2 10087.30112
17.8000 2 8283.7504
17.9000 2 6632.2432
18.0000 2 10.48576
18.1000 2 7937.72032
18.2000 2 7759.4624
18.3000 2 8178.8928
18.4000 2 14638.12096
18.5000 2 14480.83456
18.6000 2 12530.4832
18.7000 2 14617.14944
18.8000 2 14952.69376
18.9000 2 15435.03872
19.0000 2 15099.4944
19.1000 2 15303.96672
19.2000 2 7623.14752
19.3000 2 7853.83424
19.4000 2 15419.31008
19.5000 2 4099.93216
19.6000 2 9783.21408
19.7000 2 8881.43872
19.8000 2 9521.07008
19.9000 2 15529.41056
20.0000 2 15529.41056
20.1000 2 15487.46752
20.2000 2 15288.23808
20.3000 2 12724.46976
20.4000 2 8482.97984
20.5000 2 7287.6032
20.6000 2 7423.91808
20.7000 2 7549.7472
20.8000 2 11586.7648
20.9000 2 12121.53856
21.0000 2 13075.74272
21.1000 2 10428.08832
21.2000 2 6878.65856
21.3000 2 7067.40224
21.4000 2 7298.08896
21.5000 2 11555.30752
21.6000 2 15120.46592
21.7000 2 14994.6368
21.8000 2 15199.10912
21.9000 2 8115.97824
22.0000 2 7591.69024
22.1000 2 7560.23296
22.2000 2 9290.38336
22.3000 2 15424.55296
22.4000 2 15414.0672
22.5000 2 15456.01024
22.6000 2 11287.92064
22.7000 2 8178.8928
22.8000 2 8283.7504
22.9000 2 8157.92128
23.0000 2 11785.99424
23.1000 2 15466.496
23.2000 2 12032.4096
23.3000 2 7266.63168
23.4000 2 7591.69024
23.5000 2 7486.83264
23.6000 2 9950.98624
23.7000 2 12813.59872
23.8000 2 12876.51328
23.9000 2 12876.51328
24.0000 2 12960.39936
24.1000 2 12939.42784
24.2000 2 13316.9152
24.3000 2 12944.67072
24.4000 2 7948.20608
24.5000 2 7927.23456
24.6000 2 7974.42048
24.7000 2 2852.12672
24.8000 2 7193.23136
24.9000 2 7329.54624
25.0000 2 8042.57792
25.1000 2 13149.14304
25.2000 2 13128.17152
25.3000 2 13086.22848
25.4000 2 13243.51488
25.5000 2 13159.6288
25.6000 2 13264.4864
25.7000 2 13358.85824
25.8000 2 13295.94368
25.9000 2 12163.4816
26.0000 2 8739.88096
26.1000 2 6883.90144
26.2000 2 52.4288
26.3000 2 0.0
26.4000 2 0.0
26.5000 2 115.34336
26.6000 2 4330.61888
26.7000 2 12194.93888
26.8000 2 15760.09728
26.9000 2 15917.38368
27.0000 2 15697.18272
27.1000 2 14826.86464
27.2000 2 14879.29344
27.3000 2 14784.9216
27.4000 2 14816.37888
27.5000 2 14879.29344
27.6000 2 14884.53632
27.7000 2 10611.58912
27.8000 2 4566.54848
27.9000 2 0.0
28.0000 2 73.40032
28.1000 2 0.0
28.2000 2 408.94464
28.3000 2 8294.23616
28.4000 2 12236.88192
28.5000 2 15204.352
28.6000 2 15497.95328
28.7000 2 16158.55616
28.8000 2 15823.01184
28.9000 2 15749.61152
29.0000 2 15047.0656
29.1000 2 15068.03712
29.2000 2 14905.50784
29.3000 2 7056.91648
29.4000 2 6490.68544
29.5000 2 5332.00896
29.6000 2 0.0
29.7000 2 0.0
29.8000 2 0.0
29.9000 2 3523.21536
30.0000 2 15351.15264
30.1000 2 15120.46592
30.2000 2 14438.89152
30.3000 2 14239.66208
30.4000 2 13505.65888
30.5000 2 13935.57504
30.6000 2 15256.7808
30.7000 2 15466.496
30.8000 2 14816.37888
30.9000 2 14564.72064
31.0000 2 12378.43968
31.1000 2 959.44704
31.2000 2 0.0
31.3000 2 0.0
31.4000 2 0.0
31.5000 2 0.0
31.6000 2 0.0
31.7000 2 8409.57952
31.8000 2 15340.66688
31.9000 2 16567.5008
32.0000 2 16494.10048
32.1000 2 16252.928
32.2000 2 15435.03872
32.3000 2 15550.38208
32.4000 2 15277.75232
32.5000 2 15581.83936
32.6000 2 15712.91136
32.7000 2 9867.10016
32.8000 2 3119.5136
32.9000 2 0.0
33.0000 2 0.0
33.1000 2 0.0
33.2000 2 1258.2912
33.3000 2 8283.7504
33.4000 2 14596.17792
33.5000 2 16326.32832
33.6000 2 16221.47072
33.7000 2 15948.84096
33.8000 2 16011.75552
33.9000 2 16200.4992
34.0000 2 16127.09888
34.1000 2 16294.87104
34.2000 2 16363.02848
34.3000 2 8745.12384
34.4000 2 1106.24768
34.5000 2 0.0
34.6000 2 0.0
34.7000 2 0.0
34.8000 2 4582.27712
34.9000 2 8315.20768
35.0000 2 13862.17472
35.1000 2 15351.15264
35.2000 2 15435.03872
35.3000 2 15623.7824
35.4000 2 15571.3536
35.5000 2 15162.40896
35.6000 2 15718.15424
35.7000 2 14475.59168
35.8000 2 7277.11744
35.9000 2 7381.97504
36.0000 2 7476.34688
36.1000 2 1903.16544
