0.1000 2 0.0
0.2000 2 178.25792
0.3000 2 10726.93248
0.4000 2 13348.37248
0.5000 2 14229.17632
0.6000 2 13809.74592
0.7000 2 14124.31872
0.8000 2 20856.17664
0.9000 2 13788.7744
1.0000 2 14145.29024
1.1000 2 13988.00384
1.2000 2 15057.55136
1.3000 2 14334.03392
1.4000 2 969.9328
1.5000 2 0.0
1.6000 2 209.7152
1.7000 2 4120.90368
1.8000 2 10218.37312
1.9000 2 7371.48928
2.0000 2 7927.23456
2.1000 2 6574.57152
2.2000 2 11114.9056
2.3000 2 14281.60512
2.4000 2 14166.26176
2.5000 2 15309.2096
2.6000 2 3523.21536
2.7000 2 4393.53344
2.8000 2 14742.97856
2.9000 2 12687.7696
3.0000 2 10417.60256
3.1000 2 3323.98592
3.2000 2 1426.06336
3.3000 2 6826.22976
3.4000 2 13558.08768
3.5000 2 8577.35168
3.6000 2 10821.30432
3.7000 2 8587.83744
3.8000 2 9825.15712
3.9000 2 7219.44576
4.0000 2 7172.25984
4.1000 2 7371.48928
4.2000 2 11555.30752
4.3000 2 15665.72544
4.4000 2 15791.55456
4.5000 2 12399.4112
4.6000 2 7937.72032
4.7000 2 7811.8912
4.8000 2 7696.54784
4.9000 2 13704.88832
5.0000 2 15623.7824
5.1000 2 15162.40896
5.2000 2 15954.08384
5.3000 2 7549.7472
5.4000 2 6857.68704
5.5000 2 6931.08736
5.6000 2 10653.53216
5.7000 2 13841.2032
5.8000 2 14596.17792
5.9000 2 14596.17792
6.0000 2 11843.66592
6.1000 2 7413.43232
6.2000 2 7465.86112
6.3000 2 8095.00672
6.4000 2 12320.768
6.5000 2 13222.54336
6.6000 2 13369.344
6.7000 2 7156.5312
6.8000 2 5578.42432
6.9000 2 5484.05248
7.0000 2 7392.4608
7.1000 2 12551.45472
7.2000 2 12792.6272
7.3000 2 13495.17312
7.4000 2 13390.31552
7.5000 2 13295.94368
7.6000 2 13201.57184
7.7000 2 15047.0656
7.8000 2 15712.91136
7.9000 2 9384.7552
8.0000 2 7397.70368
8.1000 2 5085.5936
8.2000 2 2747.26912
8.3000 2 7371.48928
8.4000 2 7465.86112
8.5000 2 11513.36448
8.6000 2 13243.51488
8.7000 2 13295.94368
8.8000 2 13222.54336
8.9000 2 13191.08608
9.0000 2 13935.57504
9.1000 2 14533.26336
9.2000 2 14575.2064
9.3000 2 14648.60672
9.4000 2 14003.73248
9.5000 2 8383.36512
9.6000 2 1310.72
9.7000 2 83.88608
9.8000 2 0.0
9.9000 2 3680.50176
10.0000 2 8199.86432
10.1000 2 12918.45632
10.2000 2 13170.11456
10.3000 2 13075.74272
10.4000 2 13432.25856
10.5000 2 14218.69056
10.6000 2 14805.89312
10.7000 2 13967.03232
10.8000 2 9667.87072
10.9000 2 9395.24096
11.0000 2 18156.09344
11.1000 2 13406.04416
11.2000 2 5190.4512
11.3000 2 0.0
11.4000 2 0.0
11.5000 2 3208.64256
11.6000 2 7465.86112
11.7000 2 12142.51008
11.8000 2 11723.07968
11.9000 2 12698.25536
12.0000 2 13505.65888
12.1000 2 13704.88832
12.2000 2 14910.75072
12.3000 2 14774.43584
12.4000 2 14680.064
12.5000 2 13872.66048
12.6000 2 13128.17152
12.7000 2 8771.33824
12.8000 2 6139.41248
12.9000 2 2768.24064
13.0000 2 73.40032
13.1000 2 0.0
13.2000 2 4383.04768
13.3000 2 13505.65888
13.4000 2 15372.12416
13.5000 2 15235.80928
13.6000 2 15382.60992
13.7000 2 15277.75232
13.8000 2 15267.26656
13.9000 2 15015.60832
14.0000 2 15183.38048
14.1000 2 14989.39392
14.2000 2 11964.25216
14.3000 2 6952.05888
14.4000 2 4776.26368
14.5000 2 0.0
14.6000 2 4571.79136
14.7000 2 7172.25984
14.8000 2 9290.38336
14.9000 2 14386.46272
15.0000 2 13138.65728
15.1000 2 13086.22848
15.2000 2 13327.40096
15.3000 2 13421.7728
15.4000 2 13285.45792
15.5000 2 13369.344
15.6000 2 13411.28704
15.7000 2 13332.64384
15.8000 2 10234.10176
15.9000 2 7182.7456
16.0000 2 4377.8048
16.1000 2 62.91456
16.2000 2 5641.33888
16.3000 2 7235.1744
16.4000 2 9196.01152
16.5000 2 11565.79328
16.6000 2 11586.7648
16.7000 2 11576.27904
16.8000 2 11492.39296
16.9000 2 11565.79328
17.0000 2 11785.99424
17.1000 2 11618.22208
17.2000 2 11660.16512
17.3000 2 11702.10816
17.4000 2 11555.30752
17.5000 2 11675.89376
17.6000 2 7628.3904
17.7000 2 5630.85312
17.8000 2 0.0
17.9000 2 73.40032
18.0000 2 4162.84672
18.1000 2 7224.68864
18.2000 2 10821.30432
18.3000 2 13012.82816
18.4000 2 13002.3424
18.5000 2 13044.28544
18.6000 2 13075.74272
18.7000 2 13264.4864
18.8000 2 13149.14304
18.9000 2 13086.22848
19.0000 2 13096.71424
19.1000 2 12991.85664
19.2000 2 9201.2544
19.3000 2 7020.21632
19.4000 2 6941.57312
19.5000 2 1709.17888
19.6000 2 7067.40224
19.7000 2 7340.032
19.8000 2 10831.79008
19.9000 2 13159.6288
20.0000 2 13233.02912
20.1000 2 13264.4864
20.2000 2 13264.4864
20.3000 2 13474.2016
20.4000 2 13589.54496
20.5000 2 14669.57824
20.6000 2 14826.86464
20.7000 2 10375.65952
20.8000 2 7518.28992
20.9000 2 6443.49952
21.0000 2 713.03168
21.1000 2 6784.28672
21.2000 2 7025.4592
21.3000 2 7874.80576
21.4000 2 15288.23808
21.5000 2 13233.02912
21.6000 2 13149.14304
21.7000 2 13421.7728
21.8000 2 13505.65888
21.9000 2 14784.9216
22.0000 2 11691.6224
22.1000 2 11702.10816
22.2000 2 14449.37728
22.3000 2 9987.6864
22.4000 2 7114.58816
22.5000 2 5987.36896
22.6000 2 639.63136
22.7000 2 5295.3088
22.8000 2 5473.56672
22.9000 2 9133.09696
23.0000 2 11785.99424
23.1000 2 14050.9184
23.2000 2 14585.69216
23.3000 2 14690.54976
23.4000 2 14627.6352
23.5000 2 13862.17472
23.6000 2 14260.6336
23.7000 2 15141.43744
23.8000 2 14947.45088
23.9000 2 9515.8272
24.0000 2 5379.19488
24.1000 2 73.40032
24.2000 2 83.88608
24.3000 2 3554.67264
24.4000 2 7434.40384
24.5000 2 10957.6192
24.6000 2 14050.9184
24.7000 2 13432.25856
24.8000 2 14742.97856
24.9000 2 14470.3488
25.0000 2 13683.9168
25.1000 2 12687.7696
25.2000 2 12907.97056
25.3000 2 12855.54176
25.4000 2 4980.736
25.5000 2 17600.34816
25.6000 2 12430.86848
25.7000 2 62.91456
25.8000 2 73.40032
25.9000 2 62.91456
26.0000 2 0.0
26.1000 2 62.91456
26.2000 2 11775.50848
26.3000 2 13558.08768
26.4000 2 13348.37248
26.5000 2 14774.43584
26.6000 2 15277.75232
26.7000 2 15298.72384
26.8000 2 15068.03712
26.9000 2 15214.83776
27.0000 2 15109.98016
27.1000 2 15162.40896
27.2000 2 14648.60672
27.3000 2 0.0
27.4000 2 73.40032
27.5000 2 73.40032
27.6000 2 157.2864
27.7000 2 146.80064
27.8000 2 1038.09024
27.9000 2 15791.55456
28.0000 2 14512.29184
28.1000 2 13641.97376
28.2000 2 15172.89472
28.3000 2 15120.46592
28.4000 2 14187.23328
28.5000 2 16410.2144
28.6000 2 15277.75232
28.7000 2 15309.2096
28.8000 2 15146.68032
28.9000 2 13814.9888
29.0000 2 2747.26912
29.1000 2 241.17248
29.2000 2 157.2864
29.3000 2 0.0
29.4000 2 0.0
29.5000 2 10433.3312
29.6000 2 12121.53856
29.7000 2 13662.94528
29.8000 2 16536.04352
29.9000 2 14438.89152
30.0000 2 14239.66208
30.1000 2 13432.25856
30.2000 2 13128.17152
30.3000 2 11209.27744
30.4000 2 7465.86112
30.5000 2 15513.68192
30.6000 2 12918.45632
30.7000 2 8236.56448
30.8000 2 136.31488
30.9000 2 0.0
31.0000 2 1520.4352
31.1000 2 5641.33888
31.2000 2 6700.40064
31.3000 2 7444.8896
31.4000 2 14239.66208
31.5000 2 16462.6432
31.6000 2 15812.52608
31.7000 2 13621.00224
31.8000 2 13379.82976
31.9000 2 13421.7728
32.0000 2 13075.74272
32.1000 2 8939.1104
32.2000 2 11062.4768
32.3000 2 10391.38816
32.4000 2 9473.88416
32.5000 2 2212.49536
32.6000 2 3229.61408
32.7000 2 7004.48768
32.8000 2 7224.68864
32.9000 2 12866.02752
33.0000 2 12939.42784
33.1000 2 13201.57184
33.2000 2 13159.6288
33.3000 2 13191.08608
33.4000 2 13117.68576
33.5000 2 13327.40096
33.6000 2 13065.25696
33.7000 2 13343.1296
33.8000 2 10821.30432
33.9000 2 7612.66176
34.0000 2 7691.30496
34.1000 2 2118.12352
34.2000 2 6941.57312
34.3000 2 7245.66016
34.4000 2 9206.49728
34.5000 2 14889.7792
34.6000 2 14963.17952
34.7000 2 14659.09248
34.8000 2 13547.60192
34.9000 2 12876.51328
35.0000 2 13212.0576
35.1000 2 13243.51488
35.2000 2 13122.92864
35.3000 2 12645.82656
35.4000 2 7675.57632
35.5000 2 7565.47584
35.6000 2 1478.49216
35.7000 2 4571.79136
35.8000 2 7224.68864
35.9000 2 7025.4592
36.0000 2 12194.93888
36.1000 2 12866.02752
36.2000 2 12907.97056
36.3000 2 13075.74272
36.4000 2 13054.7712
36.5000 2 13327.40096
36.6000 2 13033.79968
36.7000 2 13044.28544
36.8000 2 13290.7008
36.9000 2 9709.81376
37.0000 2 7602.176
37.1000 2 5342.49472
37.2000 2 1593.83552
37.3000 2 7098.85952
37.4000 2 7256.14592
37.5000 2 7612.66176
37.6000 2 7602.176
37.7000 2 7528.77568
37.8000 2 7591.69024
37.9000 2 7361.00352
38.0000 2 7623.14752
38.1000 2 7591.69024
38.2000 2 4881.12128
