0.1000 2 0.0
0.2000 2 178.25792
0.3000 2 10223.616
0.4000 2 13233.02912
0.5000 2 13505.65888
0.6000 2 13023.31392
0.7000 2 13400.80128
0.8000 2 13683.9168
0.9000 2 13621.00224
1.0000 2 13725.85984
1.1000 2 15183.38048
1.2000 2 15235.80928
1.3000 2 15225.32352
1.4000 2 12158.23872
1.5000 2 2951.74144
1.6000 2 0.0
1.7000 2 0.0
1.8000 2 0.0
1.9000 2 1321.20576
2.0000 2 11062.4768
2.1000 2 16252.928
2.2000 2 16399.72864
2.3000 2 16315.84256
2.4000 2 16053.69856
2.5000 2 15592.32512
2.6000 2 15015.60832
2.7000 2 14879.29344
2.8000 2 15089.00864
2.9000 2 14648.60672
3.0000 2 10779.36128
3.1000 2 0.0
3.2000 2 0.0
3.3000 2 0.0
3.4000 2 0.0
3.5000 2 0.0
3.6000 2 5651.82464
3.7000 2 13757.31712
3.8000 2 14323.54816
3.9000 2 14407.43424
4.0000 2 14271.11936
4.1000 2 14229.17632
4.2000 2 14134.80448
4.3000 2 14187.23328
4.4000 2 14218.69056
4.5000 2 14124.31872
4.6000 2 12116.29568
4.7000 2 6176.11264
4.8000 2 6291.456
4.9000 2 5709.49632
5.0000 2 6427.77088
5.1000 2 8357.15072
5.2000 2 8357.15072
5.3000 2 11565.79328
5.4000 2 14302.57664
5.5000 2 14082.37568
5.6000 2 14166.26176
5.7000 2 14229.17632
5.8000 2 14239.66208
5.9000 2 14176.74752
6.0000 2 7670.33344
6.1000 2 6259.99872
6.2000 2 6994.00192
6.3000 2 10433.3312
6.4000 2 15225.32352
6.5000 2 15398.33856
6.6000 2 8430.55104
6.7000 2 8136.94976
6.8000 2 8430.55104
6.9000 2 13295.94368
7.0000 2 16357.7856
7.1000 2 15948.84096
7.2000 2 15980.29824
7.3000 2 13427.01568
7.4000 2 8126.464
7.5000 2 8147.43552
7.6000 2 8095.00672
7.7000 2 12635.3408
7.8000 2 14029.94688
7.9000 2 10417.60256
8.0000 2 5840.56832
8.1000 2 5809.11104
8.2000 2 8262.77888
8.3000 2 15833.4976
8.4000 2 15739.12576
8.5000 2 15959.32672
8.6000 2 15980.29824
8.7000 2 15917.38368
8.8000 2 13248.75776
8.9000 2 8074.0352
9.0000 2 8105.49248
9.1000 2 7979.66336
9.2000 2 12677.28384
9.3000 2 8215.59296
9.4000 2 6249.51296
9.5000 2 8462.00832
9.6000 2 11502.87872
9.7000 2 16336.81408
9.8000 2 16200.4992
9.9000 2 16231.95648
10.0000 2 16210.98496
10.1000 2 16158.55616
10.2000 2 14349.76256
10.3000 2 8095.00672
10.4000 2 8147.43552
10.5000 2 8011.12064
10.6000 2 11120.14848
10.7000 2 8189.37856
10.8000 2 8462.00832
10.9000 2 8545.8944
11.0000 2 14145.29024
11.1000 2 15948.84096
11.2000 2 15875.44064
11.3000 2 15896.41216
11.4000 2 16106.12736
11.5000 2 16053.69856
11.6000 2 11067.71968
11.7000 2 8157.92128
11.8000 2 8105.49248
11.9000 2 9510.58432
12.0000 2 12913.21344
12.1000 2 8210.35008
12.2000 2 8178.8928
12.3000 2 8535.40864
12.4000 2 13631.488
12.5000 2 11639.1936
12.6000 2 14816.37888
12.7000 2 16273.89952
12.8000 2 16252.928
12.9000 2 16315.84256
13.0000 2 11183.06304
13.1000 2 7979.66336
13.2000 2 8105.49248
13.3000 2 8482.97984
13.4000 2 13164.87168
13.5000 2 8273.26464
13.6000 2 8084.52096
13.7000 2 8650.752
13.8000 2 15906.89792
13.9000 2 16190.01344
14.0000 2 15917.38368
14.1000 2 15948.84096
14.2000 2 16116.61312
14.3000 2 14538.50624
14.4000 2 8283.7504
14.5000 2 8220.83584
14.6000 2 8053.06368
14.7000 2 14019.46112
14.8000 2 10795.08992
14.9000 2 8388.608
15.0000 2 8482.97984
15.1000 2 10034.87232
15.2000 2 16190.01344
15.3000 2 16116.61312
15.4000 2 16190.01344
15.5000 2 16210.98496
15.6000 2 16273.89952
15.7000 2 8949.59616
15.8000 2 8105.49248
15.9000 2 8000.63488
16.0000 2 10653.53216
16.1000 2 16446.91456
16.2000 2 8692.69504
16.3000 2 8304.72192
16.4000 2 8336.1792
16.5000 2 12142.51008
16.6000 2 14386.46272
16.7000 2 14428.40576
16.8000 2 14449.37728
16.9000 2 14480.83456
17.0000 2 9819.91424
17.1000 2 6155.14112
17.2000 2 6176.11264
17.3000 2 6050.28352
17.4000 2 13736.3456
17.5000 2 13662.94528
17.6000 2 13799.26016
17.7000 2 13830.71744
17.8000 2 12609.1264
17.9000 2 7895.77728
18.0000 2 8671.72352
18.1000 2 8545.8944
18.2000 2 14323.54816
18.3000 2 15466.496
18.4000 2 10690.23232
18.5000 2 8000.63488
18.6000 2 8074.0352
18.7000 2 9290.38336
18.8000 2 16231.95648
18.9000 2 17301.504
19.0000 2 17028.87424
19.1000 2 15980.29824
19.2000 2 12336.49664
19.3000 2 8199.86432
19.4000 2 8388.608
19.5000 2 12970.88512
19.6000 2 15686.69696
19.7000 2 12063.86688
19.8000 2 8095.00672
19.9000 2 8136.94976
20.0000 2 8000.63488
20.1000 2 18821.9392
20.2000 2 11010.048
20.3000 2 21621.63712
20.4000 2 17794.33472
20.5000 2 5898.24
20.6000 2 5127.53664
20.7000 2 5599.39584
20.8000 2 8388.608
20.9000 2 8315.20768
21.0000 2 22334.6688
21.1000 2 18842.91072
21.2000 2 12703.49824
21.3000 2 8178.8928
21.4000 2 8262.77888
21.5000 2 8357.15072
21.6000 2 15655.23968
21.7000 2 16242.44224
21.8000 2 16310.59968
21.9000 2 16619.9296
22.0000 2 8262.77888
22.1000 2 8545.8944
22.2000 2 14313.0624
22.3000 2 10485.76
22.4000 2 8514.43712
22.5000 2 3255.82848
22.6000 2 52.4288
22.7000 2 4708.10624
22.8000 2 7203.71712
22.9000 2 20489.17504
23.0000 2 19419.62752
23.1000 2 15560.86784
23.2000 2 15592.32512
23.3000 2 15592.32512
23.4000 2 15592.32512
23.5000 2 15136.19456
23.6000 2 11031.01952
23.7000 2 8357.15072
23.8000 2 6296.69888
23.9000 2 1835.008
24.0000 2 6364.85632
24.1000 2 6249.51296
24.2000 2 9552.52736
24.3000 2 14659.09248
24.4000 2 14407.43424
24.5000 2 14428.40576
24.6000 2 14407.43424
24.7000 2 14407.43424
24.8000 2 14355.00544
24.9000 2 14302.57664
25.0000 2 14344.51968
25.1000 2 14286.848
25.2000 2 10040.1152
25.3000 2 0.0
25.4000 2 0.0
25.5000 2 0.0
25.6000 2 0.0
25.7000 2 0.0
25.8000 2 7717.51936
25.9000 2 16127.09888
26.0000 2 15864.95488
26.1000 2 15917.38368
26.2000 2 15833.4976
26.3000 2 15948.84096
26.4000 2 15875.44064
26.5000 2 16190.01344
26.6000 2 16043.2128
26.7000 2 16100.88448
26.8000 2 11759.77984
26.9000 2 0.0
27.0000 2 83.88608
27.1000 2 73.40032
27.2000 2 0.0
27.3000 2 0.0
27.4000 2 1426.06336
27.5000 2 15948.84096
27.6000 2 16242.44224
27.7000 2 16053.69856
27.8000 2 16011.75552
27.9000 2 15854.46912
28.0000 2 15896.41216
28.1000 2 15864.95488
28.2000 2 15990.784
28.3000 2 15927.86944
28.4000 2 12582.912
28.5000 2 1331.69152
28.6000 2 0.0
28.7000 2 62.91456
28.8000 2 0.0
28.9000 2 62.91456
29.0000 2 0.0
29.1000 2 15445.52448
29.2000 2 16861.10208
29.3000 2 16441.67168
29.4000 2 16190.01344
29.5000 2 16252.928
29.6000 2 16210.98496
29.7000 2 16273.89952
29.8000 2 16410.2144
29.9000 2 16284.38528
30.0000 2 16153.31328
30.1000 2 5038.40768
30.2000 2 73.40032
30.3000 2 73.40032
30.4000 2 0.0
30.5000 2 0.0
30.6000 2 0.0
30.7000 2 7612.66176
30.8000 2 14071.88992
30.9000 2 14113.83296
31.0000 2 14145.29024
31.1000 2 14061.40416
31.2000 2 13851.68896
31.3000 2 14029.94688
31.4000 2 14166.26176
31.5000 2 13998.4896
31.6000 2 14171.50464
31.7000 2 9751.7568
31.8000 2 5851.05408
31.9000 2 5777.65376
32.0000 2 6296.69888
32.1000 2 10517.21728
32.2000 2 8252.29312
32.3000 2 8325.69344
32.4000 2 8598.3232
32.5000 2 12530.4832
32.6000 2 14627.6352
32.7000 2 17794.33472
32.8000 2 16263.41376
32.9000 2 16300.11392
33.0000 2 15823.01184
33.1000 2 8189.37856
33.2000 2 8262.77888
33.3000 2 8462.00832
33.4000 2 13935.57504
33.5000 2 11057.23392
33.6000 2 8262.77888
33.7000 2 8147.43552
33.8000 2 10108.27264
33.9000 2 14396.94848
34.0000 2 14124.31872
34.1000 2 14396.94848
34.2000 2 14417.92
34.3000 2 8058.30656
34.4000 2 5872.0256
34.5000 2 6270.48448
34.6000 2 8189.37856
34.7000 2 8325.69344
34.8000 2 8325.69344
34.9000 2 8357.15072
35.0000 2 1693.45024
