0.1000 2 0.0
0.2000 2 262.144
0.3000 2 13170.11456
0.4000 2 15214.83776
0.5000 2 16011.75552
0.6000 2 16882.0736
0.7000 2 16116.61312
0.8000 2 16137.58464
0.9000 2 16064.18432
1.0000 2 16074.67008
1.1000 2 15980.29824
1.2000 2 16085.15584
1.3000 2 6742.34368
1.4000 2 0.0
1.5000 2 0.0
1.6000 2 0.0
1.7000 2 0.0
1.8000 2 0.0
1.9000 2 15057.55136
2.0000 2 16074.67008
2.1000 2 15875.44064
2.2000 2 15948.84096
2.3000 2 15833.4976
2.4000 2 15917.38368
2.5000 2 15938.3552
2.6000 2 16032.72704
2.7000 2 16095.6416
2.8000 2 16001.26976
2.9000 2 4875.8784
3.0000 2 0.0
3.1000 2 0.0
3.2000 2 0.0
3.3000 2 0.0
3.4000 2 0.0
3.5000 2 2715.81184
3.6000 2 14910.75072
3.7000 2 15403.58144
3.8000 2 15424.55296
3.9000 2 15089.00864
4.0000 2 15099.4944
4.1000 2 15529.41056
4.2000 2 15959.32672
4.3000 2 14921.23648
4.4000 2 8577.35168
4.5000 2 2264.92416
4.6000 2 6815.744
4.7000 2 18523.09504
4.8000 2 6936.33024
4.9000 2 3303.0144
5.0000 2 157.2864
5.1000 2 73.40032
5.2000 2 4886.36416
5.3000 2 9950.98624
5.4000 2 12478.0544
5.5000 2 17553.16224
5.6000 2 16431.18592
5.7000 2 16347.29984
5.8000 2 16158.55616
5.9000 2 15969.81248
6.0000 2 16263.41376
6.1000 2 16394.48576
6.2000 2 11827.93728
6.3000 2 7953.44896
6.4000 2 3344.95744
6.5000 2 73.40032
6.6000 2 3806.33088
6.7000 2 8157.92128
6.8000 2 8902.41024
6.9000 2 15802.04032
7.0000 2 15938.3552
7.1000 2 16032.72704
7.2000 2 16127.09888
7.3000 2 16064.18432
7.4000 2 16095.6416
7.5000 2 16247.68512
7.6000 2 13505.65888
7.7000 2 7958.69184
7.8000 2 7806.64832
7.9000 2 157.2864
8.0000 2 2338.32448
8.1000 2 11597.25056
8.2000 2 9489.6128
8.3000 2 16001.26976
8.4000 2 15655.23968
8.5000 2 15739.12576
8.6000 2 15823.01184
8.7000 2 15739.12576
8.8000 2 16127.09888
8.9000 2 15545.1392
9.0000 2 10936.64768
9.1000 2 8115.97824
9.2000 2 8173.64992
9.3000 2 3093.2992
9.4000 2 7235.1744
9.5000 2 8157.92128
9.6000 2 8745.12384
9.7000 2 16158.55616
9.8000 2 15980.29824
9.9000 2 16032.72704
10.0000 2 15980.29824
10.1000 2 15581.83936
10.2000 2 15613.29664
10.3000 2 15608.05376
10.4000 2 11565.79328
10.5000 2 8126.464
10.6000 2 8152.6784
10.7000 2 660.60288
10.8000 2 7990.14912
10.9000 2 8231.3216
11.0000 2 9059.69664
11.1000 2 16200.4992
11.2000 2 16127.09888
11.3000 2 15812.52608
11.4000 2 15193.86624
11.5000 2 13358.85824
11.6000 2 13327.40096
11.7000 2 15969.81248
11.8000 2 15031.33696
11.9000 2 8136.94976
12.0000 2 13762.56
12.1000 2 9101.63968
12.2000 2 8095.00672
12.3000 2 8105.49248
12.4000 2 9762.24256
12.5000 2 15330.18112
12.6000 2 15403.58144
12.7000 2 15393.09568
12.8000 2 15256.7808
12.9000 2 15366.88128
13.0000 2 12236.88192
13.1000 2 7969.1776
13.2000 2 7969.1776
13.3000 2 8304.72192
13.4000 2 14905.50784
13.5000 2 10024.38656
13.6000 2 7665.09056
13.7000 2 7707.0336
13.8000 2 9017.7536
13.9000 2 15969.81248
14.0000 2 15885.9264
14.1000 2 15581.83936
14.2000 2 15665.72544
14.3000 2 15618.53952
14.4000 2 12761.16992
14.5000 2 7979.66336
14.6000 2 4194.304
14.7000 2 4383.04768
14.8000 2 10768.87552
14.9000 2 8540.65152
15.0000 2 9500.09856
15.1000 2 11460.93568
15.2000 2 8357.15072
15.3000 2 16724.7872
15.4000 2 16127.09888
15.5000 2 16043.2128
15.6000 2 16294.87104
15.7000 2 16284.38528
15.8000 2 15157.16608
15.9000 2 7853.83424
16.0000 2 7948.20608
16.1000 2 8262.77888
16.2000 2 12871.2704
16.3000 2 10590.6176
16.4000 2 8042.57792
16.5000 2 7885.29152
16.6000 2 8608.80896
16.7000 2 16043.2128
16.8000 2 16064.18432
16.9000 2 16043.2128
17.0000 2 15770.58304
17.1000 2 13615.75936
17.2000 2 13170.11456
17.3000 2 7895.77728
17.4000 2 8084.52096
17.5000 2 8189.37856
17.6000 2 14465.10592
17.7000 2 11240.73472
17.8000 2 7979.66336
17.9000 2 10968.10496
18.0000 2 16315.84256
18.1000 2 15990.784
18.2000 2 15917.38368
18.3000 2 15634.26816
18.4000 2 15571.3536
18.5000 2 15660.48256
18.6000 2 10454.30272
18.7000 2 6773.80096
18.8000 2 6910.11584
18.9000 2 8876.19584
19.0000 2 11261.70624
19.1000 2 8105.49248
19.2000 2 8157.92128
19.3000 2 8126.464
19.4000 2 14596.17792
19.5000 2 15057.55136
19.6000 2 15057.55136
19.7000 2 15015.60832
19.8000 2 14847.83616
19.9000 2 15094.25152
20.0000 2 8042.57792
20.1000 2 6941.57312
20.2000 2 7088.37376
20.3000 2 10055.84384
20.4000 2 15220.08064
20.5000 2 11817.45152
20.6000 2 8021.6064
20.7000 2 8021.6064
20.8000 2 8105.49248
20.9000 2 14984.15104
21.0000 2 15802.04032
21.1000 2 15823.01184
21.2000 2 15728.64
21.3000 2 15691.93984
21.4000 2 7591.69024
21.5000 2 8053.06368
21.6000 2 8042.57792
21.7000 2 11702.10816
21.8000 2 15691.93984
21.9000 2 11335.10656
22.0000 2 8032.09216
22.1000 2 8231.3216
22.2000 2 9059.69664
22.3000 2 15760.09728
22.4000 2 15969.81248
22.5000 2 16095.6416
22.6000 2 15880.68352
22.7000 2 13600.03072
22.8000 2 7906.26304
22.9000 2 7958.69184
23.0000 2 8325.69344
23.1000 2 13662.94528
23.2000 2 16111.37024
23.3000 2 8923.38176
23.4000 2 8074.0352
23.5000 2 7948.20608
23.6000 2 10852.7616
23.7000 2 15602.81088
23.8000 2 15697.18272
23.9000 2 15833.4976
24.0000 2 16006.51264
24.1000 2 12603.88352
24.2000 2 7885.29152
24.3000 2 7916.7488
24.4000 2 8336.1792
24.5000 2 14826.86464
24.6000 2 15335.424
24.7000 2 7728.00512
24.8000 2 7937.72032
24.9000 2 8157.92128
25.0000 2 6113.19808
25.1000 2 11450.44992
25.2000 2 18203.27936
25.3000 2 18234.73664
25.4000 2 15466.496
25.5000 2 15251.53792
25.6000 2 10716.44672
25.7000 2 8063.54944
25.8000 2 8220.83584
25.9000 2 8215.59296
26.0000 2 12677.28384
26.1000 2 7990.14912
26.2000 2 7874.80576
26.3000 2 8304.72192
26.4000 2 14638.12096
26.5000 2 16200.4992
26.6000 2 16231.95648
26.7000 2 16032.72704
26.8000 2 16190.01344
26.9000 2 16205.74208
27.0000 2 9909.0432
27.1000 2 8115.97824
27.2000 2 8357.15072
27.3000 2 8288.99328
27.4000 2 11827.93728
27.5000 2 8063.54944
27.6000 2 8115.97824
27.7000 2 8860.4672
27.8000 2 20059.25888
27.9000 2 18559.7952
28.0000 2 16357.7856
28.1000 2 16074.67008
28.2000 2 13290.7008
28.3000 2 10066.3296
28.4000 2 10443.81696
28.5000 2 6721.37216
28.6000 2 9893.31456
28.7000 2 1436.54912
28.8000 2 7067.40224
28.9000 2 11051.99104
29.0000 2 11901.3376
29.1000 2 19503.5136
29.2000 2 15990.784
29.3000 2 15382.60992
29.4000 2 22722.64192
29.5000 2 18087.936
29.6000 2 15482.22464
29.7000 2 11985.22368
29.8000 2 8336.1792
29.9000 2 8309.9648
30.0000 2 3764.38784
30.1000 2 4278.19008
30.2000 2 8986.29632
30.3000 2 9227.4688
30.4000 2 15770.58304
30.5000 2 6039.79776
30.6000 2 23372.75904
30.7000 2 16955.47392
30.8000 2 15644.75392
30.9000 2 15634.26816
31.0000 2 10795.08992
31.1000 2 17112.76032
31.2000 2 8210.35008
31.3000 2 8194.62144
31.4000 2 3512.7296
31.5000 2 6071.25504
31.6000 2 6847.20128
31.7000 2 8252.29312
31.8000 2 15959.32672
31.9000 2 16190.01344
32.0000 2 25375.5392
32.1000 2 16210.98496
32.2000 2 16567.5008
32.3000 2 21679.3088
32.4000 2 12729.71264
32.5000 2 8336.1792
32.6000 2 2616.19712
32.7000 2 0.0
32.8000 2 4057.98912
32.9000 2 7948.20608
33.0000 2 8147.43552
33.1000 2 8315.20768
33.2000 2 8241.80736
33.3000 2 8388.608
33.4000 2 8304.72192
33.5000 2 8262.77888
33.6000 2 8304.72192
33.7000 2 4965.00736
