0.1000 2 0.0
0.2000 2 262.144
0.3000 2 8441.0368
0.4000 2 13621.00224
0.5000 2 15141.43744
0.6000 2 15235.80928
0.7000 2 15078.52288
0.8000 2 15078.52288
0.9000 2 15172.89472
1.0000 2 15141.43744
1.1000 2 14963.17952
1.2000 2 15204.352
1.3000 2 14213.44768
1.4000 2 7030.70208
1.5000 2 62.91456
1.6000 2 0.0
1.7000 2 0.0
1.8000 2 3019.89888
1.9000 2 10108.27264
2.0000 2 13820.23168
2.1000 2 15015.60832
2.2000 2 15109.98016
2.3000 2 14795.40736
2.4000 2 14847.83616
2.5000 2 14910.75072
2.6000 2 14889.7792
2.7000 2 14942.208
2.8000 2 14994.6368
2.9000 2 15010.36544
3.0000 2 1966.08
3.1000 2 0.0
3.2000 2 0.0
3.3000 2 0.0
3.4000 2 0.0
3.5000 2 5683.28192
3.6000 2 14774.43584
3.7000 2 14837.3504
3.8000 2 15036.57984
3.9000 2 13390.31552
4.0000 2 13914.60352
4.1000 2 12918.45632
4.2000 2 13054.7712
4.3000 2 12960.39936
4.4000 2 14784.9216
4.5000 2 15109.98016
4.6000 2 14307.81952
4.7000 2 2762.99776
4.8000 2 0.0
4.9000 2 0.0
5.0000 2 0.0
5.1000 2 20.97152
5.2000 2 10181.67296
5.3000 2 14711.52128
5.4000 2 14784.9216
5.5000 2 14910.75072
5.6000 2 14774.43584
5.7000 2 14753.46432
5.8000 2 14837.3504
5.9000 2 14868.80768
6.0000 2 14763.95008
6.1000 2 14617.14944
6.2000 2 14800.65024
6.3000 2 5269.0944
6.4000 2 0.0
6.5000 2 0.0
6.6000 2 0.0
6.7000 2 0.0
6.8000 2 7455.37536
6.9000 2 14889.7792
7.0000 2 14921.23648
7.1000 2 13295.94368
7.2000 2 12960.39936
7.3000 2 12928.94208
7.4000 2 13075.74272
7.5000 2 13044.28544
7.6000 2 13201.57184
7.7000 2 13201.57184
7.8000 2 14449.37728
7.9000 2 14884.53632
8.0000 2 5080.35072
8.1000 2 0.0
8.2000 2 0.0
8.3000 2 0.0
8.4000 2 0.0
8.5000 2 8514.43712
8.6000 2 12960.39936
8.7000 2 12918.45632
8.8000 2 12949.9136
8.9000 2 13044.28544
9.0000 2 13065.25696
9.1000 2 12939.42784
9.2000 2 13002.3424
9.3000 2 12991.85664
9.4000 2 13065.25696
9.5000 2 13044.28544
9.6000 2 13159.6288
9.7000 2 10480.51712
9.8000 2 1336.9344
9.9000 2 0.0
10.0000 2 0.0
10.1000 2 0.0
10.2000 2 4718.592
10.3000 2 10863.24736
10.4000 2 12845.056
10.5000 2 14050.9184
10.6000 2 12845.056
10.7000 2 12729.71264
10.8000 2 13998.4896
10.9000 2 14784.9216
11.0000 2 14690.54976
11.1000 2 12803.11296
11.2000 2 13054.7712
11.3000 2 12970.88512
11.4000 2 12095.32416
11.5000 2 969.9328
11.6000 2 0.0
11.7000 2 0.0
11.8000 2 0.0
11.9000 2 0.0
12.0000 2 6406.79936
12.1000 2 13012.82816
12.2000 2 12803.11296
12.3000 2 12939.42784
12.4000 2 13212.0576
12.5000 2 13075.74272
12.6000 2 13096.71424
12.7000 2 13075.74272
12.8000 2 13107.2
12.9000 2 14711.52128
13.0000 2 15078.52288
13.1000 2 13967.03232
13.2000 2 8808.0384
13.3000 2 0.0
13.4000 2 0.0
13.5000 2 0.0
13.6000 2 0.0
13.7000 2 251.65824
13.8000 2 10024.38656
13.9000 2 12981.37088
14.0000 2 12981.37088
14.1000 2 12782.14144
14.2000 2 12876.51328
14.3000 2 11481.9072
14.4000 2 11303.64928
14.5000 2 11618.22208
14.6000 2 12687.7696
14.7000 2 13683.9168
14.8000 2 13505.65888
14.9000 2 13610.51648
15.0000 2 10669.2608
15.1000 2 2962.2272
15.2000 2 0.0
15.3000 2 0.0
15.4000 2 0.0
15.5000 2 933.23264
15.6000 2 10464.78848
15.7000 2 14250.14784
15.8000 2 13631.488
15.9000 2 13023.31392
16.0000 2 8829.00992
16.1000 2 10999.56224
16.2000 2 209.7152
16.3000 2 4592.76288
16.4000 2 5704.25344
16.5000 2 5085.5936
16.6000 2 12855.54176
16.7000 2 14533.26336
16.8000 2 15833.4976
16.9000 2 15445.52448
17.0000 2 12850.29888
17.1000 2 8131.70688
17.2000 2 912.26112
17.3000 2 0.0
17.4000 2 0.0
17.5000 2 3848.27392
17.6000 2 7497.3184
17.7000 2 14239.66208
17.8000 2 14711.52128
17.9000 2 13967.03232
18.0000 2 14837.3504
18.1000 2 14491.32032
18.2000 2 14355.00544
18.3000 2 13956.54656
18.4000 2 13212.0576
18.5000 2 12991.85664
18.6000 2 14648.60672
18.7000 2 6170.86976
18.8000 2 0.0
18.9000 2 62.91456
19.0000 2 178.25792
19.1000 2 4681.89184
19.2000 2 7832.86272
19.3000 2 7340.032
19.4000 2 10370.41664
19.5000 2 12834.57024
19.6000 2 15634.26816
19.7000 2 15414.0672
19.8000 2 14952.69376
19.9000 2 11429.4784
20.0000 2 7748.97664
20.1000 2 6364.85632
20.2000 2 14659.09248
20.3000 2 13888.38912
20.4000 2 7843.34848
20.5000 2 8157.92128
20.6000 2 7513.04704
20.7000 2 5620.36736
20.8000 2 6994.00192
20.9000 2 7308.57472
21.0000 2 11429.4784
21.1000 2 15204.352
21.2000 2 14984.15104
21.3000 2 14994.6368
21.4000 2 14879.29344
21.5000 2 14921.23648
21.6000 2 15036.57984
21.7000 2 15078.52288
21.8000 2 14548.992
21.9000 2 7895.77728
22.0000 2 5499.78112
22.1000 2 62.91456
22.2000 2 1174.40512
22.3000 2 7371.48928
22.4000 2 9730.78528
22.5000 2 13463.71584
22.6000 2 14837.3504
22.7000 2 14742.97856
22.8000 2 13526.6304
22.9000 2 12960.39936
23.0000 2 12845.056
23.1000 2 13117.68576
23.2000 2 13054.7712
23.3000 2 13002.3424
23.4000 2 11550.06464
23.5000 2 7098.85952
23.6000 2 4912.57856
23.7000 2 62.91456
23.8000 2 5840.56832
23.9000 2 7444.8896
24.0000 2 10066.3296
24.1000 2 10894.70464
24.2000 2 9835.64288
24.3000 2 13589.54496
24.4000 2 15592.32512
24.5000 2 13526.6304
24.6000 2 11744.0512
24.7000 2 12394.16832
24.8000 2 13442.74432
24.9000 2 12886.99904
25.0000 2 11969.49504
25.1000 2 7077.888
25.2000 2 7051.6736
25.3000 2 188.74368
25.4000 2 6480.19968
25.5000 2 7392.4608
25.6000 2 9825.15712
25.7000 2 13012.82816
25.8000 2 13033.79968
25.9000 2 13117.68576
26.0000 2 13212.0576
26.1000 2 13316.9152
26.2000 2 12886.99904
26.3000 2 13159.6288
26.4000 2 13421.7728
26.5000 2 13322.15808
26.6000 2 8514.43712
26.7000 2 7340.032
26.8000 2 5405.40928
26.9000 2 3879.7312
27.0000 2 7287.6032
27.1000 2 7172.25984
27.2000 2 12897.4848
27.3000 2 14795.40736
27.4000 2 14627.6352
27.5000 2 14648.60672
27.6000 2 14596.17792
27.7000 2 14659.09248
27.8000 2 14701.03552
27.9000 2 14701.03552
28.0000 2 13977.51808
28.1000 2 7177.50272
28.2000 2 5332.00896
28.3000 2 3051.35616
28.4000 2 3701.47328
28.5000 2 7298.08896
28.6000 2 7151.28832
28.7000 2 13537.11616
28.8000 2 14795.40736
28.9000 2 13295.94368
29.0000 2 13023.31392
29.1000 2 14260.6336
29.2000 2 14763.95008
29.3000 2 14879.29344
29.4000 2 14816.37888
29.5000 2 13322.15808
29.6000 2 7644.11904
29.7000 2 7554.99008
29.8000 2 3502.24384
29.9000 2 7088.37376
30.0000 2 7035.94496
30.1000 2 8986.29632
30.2000 2 11513.36448
30.3000 2 11712.59392
30.4000 2 14638.12096
30.5000 2 14784.9216
30.6000 2 14690.54976
30.7000 2 14826.86464
30.8000 2 14805.89312
30.9000 2 14396.94848
31.0000 2 11906.58048
31.1000 2 7633.63328
31.2000 2 7020.21632
31.3000 2 2359.296
31.4000 2 3953.13152
31.5000 2 7256.14592
31.6000 2 8482.97984
31.7000 2 12897.4848
31.8000 2 12981.37088
31.9000 2 13138.65728
32.0000 2 13096.71424
32.1000 2 13222.54336
32.2000 2 13243.51488
32.3000 2 13033.79968
32.4000 2 13023.31392
32.5000 2 13421.7728
32.6000 2 11204.03456
32.7000 2 7025.4592
32.8000 2 7229.93152
32.9000 2 293.60128
33.0000 2 6553.6
33.1000 2 6952.05888
33.2000 2 11209.27744
33.3000 2 13379.82976
33.4000 2 13379.82976
33.5000 2 14355.00544
33.6000 2 14271.11936
33.7000 2 14334.03392
33.8000 2 14344.51968
33.9000 2 14323.54816
34.0000 2 14155.776
34.1000 2 14271.11936
34.2000 2 10758.38976
34.3000 2 1268.77696
34.4000 2 0.0
34.5000 2 0.0
34.6000 2 0.0
34.7000 2 5200.93696
34.8000 2 10454.30272
34.9000 2 11523.85024
35.0000 2 13075.74272
35.1000 2 12236.88192
35.2000 2 13579.0592
35.3000 2 14742.97856
35.4000 2 14858.32192
35.5000 2 14795.40736
35.6000 2 13505.65888
35.7000 2 12572.42624
35.8000 2 12698.25536
35.9000 2 8881.43872
36.0000 2 4131.38944
36.1000 2 0.0
36.2000 2 62.91456
36.3000 2 1258.2912
36.4000 2 7455.37536
36.5000 2 13998.4896
36.6000 2 13526.6304
36.7000 2 13065.25696
36.8000 2 13337.88672
36.9000 2 13547.60192
37.0000 2 13400.80128
37.1000 2 12729.71264
37.2000 2 13316.9152
37.3000 2 13453.23008
37.4000 2 13369.344
37.5000 2 13353.61536
37.6000 2 7418.6752
37.7000 2 0.0
37.8000 2 0.0
37.9000 2 0.0
38.0000 2 0.0
38.1000 2 0.0
38.2000 2 5924.4544
38.3000 2 7612.66176
38.4000 2 7644.11904
38.5000 2 7769.94816
38.6000 2 7696.54784
38.7000 2 7801.40544
38.8000 2 7675.57632
38.9000 2 7707.0336
39.0000 2 7633.63328
39.1000 2 7738.49088
39.2000 2 2469.39648
