0.1000 2 0.0
0.2000 2 167.77216
0.3000 2 11691.6224
0.4000 2 15823.01184
0.5000 2 15896.41216
0.6000 2 16085.15584
0.7000 2 15340.66688
0.8000 2 15172.89472
0.9000 2 15015.60832
1.0000 2 15277.75232
1.1000 2 15613.29664
1.2000 2 15456.01024
1.3000 2 12079.59552
1.4000 2 136.31488
1.5000 2 62.91456
1.6000 2 125.82912
1.7000 2 62.91456
1.8000 2 115.34336
1.9000 2 6847.20128
2.0000 2 14963.17952
2.1000 2 14847.83616
2.2000 2 16011.75552
2.3000 2 14753.46432
2.4000 2 14501.80608
2.5000 2 15351.15264
2.6000 2 15623.7824
2.7000 2 15466.496
2.8000 2 15204.352
2.9000 2 15414.0672
3.0000 2 3953.13152
3.1000 2 146.80064
3.2000 2 125.82912
3.3000 2 73.40032
3.4000 2 125.82912
3.5000 2 3795.84512
3.6000 2 15235.80928
3.7000 2 14984.15104
3.8000 2 14669.57824
3.9000 2 13715.37408
4.0000 2 14470.3488
4.1000 2 14648.60672
4.2000 2 15833.4976
4.3000 2 15969.81248
4.4000 2 14596.17792
4.5000 2 14250.14784
4.6000 2 12352.22528
4.7000 2 1499.46368
4.8000 2 0.0
4.9000 2 0.0
5.0000 2 0.0
5.1000 2 0.0
5.2000 2 4414.50496
5.3000 2 14596.17792
5.4000 2 14701.03552
5.5000 2 14585.69216
5.6000 2 14344.51968
5.7000 2 14606.66368
5.8000 2 14512.29184
5.9000 2 14449.37728
6.0000 2 14606.66368
6.1000 2 14596.17792
6.2000 2 14643.36384
6.3000 2 8818.52416
6.4000 2 4451.20512
6.5000 2 62.91456
6.6000 2 0.0
6.7000 2 3932.16
6.8000 2 7916.7488
6.9000 2 12928.94208
7.0000 2 12666.79808
7.1000 2 12855.54176
7.2000 2 13033.79968
7.3000 2 13002.3424
7.4000 2 12876.51328
7.5000 2 13117.68576
7.6000 2 13138.65728
7.7000 2 13096.71424
7.8000 2 13233.02912
7.9000 2 9987.6864
8.0000 2 6878.65856
8.1000 2 4807.72096
8.2000 2 1677.7216
8.3000 2 7025.4592
8.4000 2 7298.08896
8.5000 2 12152.99584
8.6000 2 13054.7712
8.7000 2 13117.68576
8.8000 2 13023.31392
8.9000 2 13212.0576
9.0000 2 13086.22848
9.1000 2 13212.0576
9.2000 2 13998.4896
9.3000 2 14931.72224
9.4000 2 14108.59008
9.5000 2 8115.97824
9.6000 2 5300.55168
9.7000 2 0.0
9.8000 2 2579.49696
9.9000 2 7245.66016
10.0000 2 9751.7568
10.1000 2 14428.40576
10.2000 2 14061.40416
10.3000 2 12090.08128
10.4000 2 12918.45632
10.5000 2 14386.46272
10.6000 2 13421.7728
10.7000 2 11806.96576
10.8000 2 12907.97056
10.9000 2 14155.776
11.0000 2 14386.46272
11.1000 2 9363.78368
11.2000 2 1688.20736
11.3000 2 6941.57312
11.4000 2 7214.20288
11.5000 2 11460.93568
11.6000 2 11702.10816
11.7000 2 11817.45152
11.8000 2 12069.10976
11.9000 2 12006.1952
12.0000 2 12132.02432
12.1000 2 12048.13824
12.2000 2 11943.28064
12.3000 2 12069.10976
12.4000 2 8886.6816
12.5000 2 5211.42272
12.6000 2 5253.36576
12.7000 2 6857.68704
12.8000 2 11513.36448
12.9000 2 11597.25056
13.0000 2 11633.95072
13.1000 2 7151.28832
13.2000 2 6668.94336
13.3000 2 7046.43072
13.4000 2 10611.58912
13.5000 2 11576.27904
13.6000 2 11523.85024
13.7000 2 13327.40096
13.8000 2 14344.51968
13.9000 2 14402.19136
14.0000 2 9164.55424
14.1000 2 7843.34848
14.2000 2 7853.83424
14.3000 2 9258.92608
14.4000 2 10328.4736
14.5000 2 12970.88512
14.6000 2 11780.75136
14.7000 2 7381.97504
14.8000 2 7413.43232
14.9000 2 7518.28992
15.0000 2 12886.99904
15.1000 2 13348.37248
15.2000 2 13180.60032
15.3000 2 13442.74432
15.4000 2 13295.94368
15.5000 2 10606.34624
15.6000 2 7224.68864
15.7000 2 7256.14592
15.8000 2 8357.15072
15.9000 2 12960.39936
16.0000 2 13159.6288
16.1000 2 12598.64064
16.2000 2 3407.872
16.3000 2 52.4288
16.4000 2 0.0
16.5000 2 6333.39904
16.6000 2 10873.73312
16.7000 2 15476.98176
16.8000 2 13295.94368
16.9000 2 6679.42912
17.0000 2 5515.50976
17.1000 2 6920.6016
17.2000 2 8923.38176
17.3000 2 12687.7696
17.4000 2 5662.3104
17.5000 2 5536.48128
17.6000 2 17605.59104
17.7000 2 19907.21536
17.8000 2 14161.01888
17.9000 2 870.31808
18.0000 2 0.0
18.1000 2 0.0
18.2000 2 0.0
18.3000 2 0.0
18.4000 2 2285.89568
18.5000 2 13096.71424
18.6000 2 13421.7728
18.7000 2 21936.20992
18.8000 2 15592.32512
18.9000 2 15068.03712
19.0000 2 14019.46112
19.1000 2 19042.14016
19.2000 2 14837.3504
19.3000 2 14742.97856
19.4000 2 13023.31392
19.5000 2 6364.85632
19.6000 2 73.40032
19.7000 2 146.80064
19.8000 2 62.91456
19.9000 2 3554.67264
20.0000 2 6176.11264
20.1000 2 9667.87072
20.2000 2 13222.54336
20.3000 2 17018.38848
20.4000 2 10884.21888
20.5000 2 13830.71744
20.6000 2 17857.24928
20.7000 2 15340.66688
20.8000 2 11890.85184
20.9000 2 6637.48608
21.0000 2 7916.7488
21.1000 2 12651.06944
21.2000 2 10679.74656
21.3000 2 62.91456
21.4000 2 136.31488
21.5000 2 1950.35136
21.6000 2 11660.16512
21.7000 2 9038.72512
21.8000 2 12813.59872
21.9000 2 11995.70944
22.0000 2 11995.70944
22.1000 2 11806.96576
22.2000 2 11880.36608
22.3000 2 12006.1952
22.4000 2 12016.68096
22.5000 2 12058.624
22.6000 2 12053.38112
22.7000 2 7444.8896
22.8000 2 7308.57472
22.9000 2 7560.23296
23.0000 2 10087.30112
23.1000 2 12042.89536
23.2000 2 12540.96896
23.3000 2 8011.12064
23.4000 2 8189.37856
23.5000 2 8524.92288
23.6000 2 13201.57184
23.7000 2 13012.82816
23.8000 2 13138.65728
23.9000 2 13212.0576
24.0000 2 13280.21504
24.1000 2 9909.0432
24.2000 2 6910.11584
24.3000 2 7140.80256
24.4000 2 7979.66336
24.5000 2 13285.45792
24.6000 2 13054.7712
24.7000 2 13112.44288
24.8000 2 11324.6208
24.9000 2 7738.49088
25.0000 2 7549.7472
25.1000 2 8231.3216
25.2000 2 13117.68576
25.3000 2 13201.57184
25.4000 2 13264.4864
25.5000 2 13280.21504
25.6000 2 9699.328
25.7000 2 6910.11584
25.8000 2 7014.97344
25.9000 2 9216.98304
26.0000 2 12970.88512
26.1000 2 13191.08608
26.2000 2 13432.25856
26.3000 2 13133.4144
26.4000 2 9437.184
26.5000 2 7308.57472
26.6000 2 7570.71872
26.7000 2 8661.23776
26.8000 2 14313.0624
26.9000 2 13484.68736
27.0000 2 13427.01568
27.1000 2 10150.21568
27.2000 2 7591.69024
27.3000 2 7738.49088
27.4000 2 8367.63648
27.5000 2 13673.43104
27.6000 2 13400.80128
27.7000 2 13526.6304
27.8000 2 13468.95872
27.9000 2 10003.41504
28.0000 2 7948.20608
28.1000 2 6773.80096
28.2000 2 8325.69344
28.3000 2 11827.93728
28.4000 2 12331.25376
28.5000 2 13316.9152
28.6000 2 13248.75776
28.7000 2 10443.81696
28.8000 2 8399.09376
28.9000 2 8409.57952
29.0000 2 11691.6224
29.1000 2 15172.89472
29.2000 2 15293.48096
29.3000 2 9667.87072
29.4000 2 7518.28992
29.5000 2 7644.11904
29.6000 2 11041.50528
29.7000 2 15068.03712
29.8000 2 15288.23808
29.9000 2 15424.55296
30.0000 2 15414.0672
30.1000 2 14580.44928
30.2000 2 8147.43552
30.3000 2 8199.86432
30.4000 2 8713.66656
30.5000 2 11350.8352
30.6000 2 7182.7456
30.7000 2 6165.62688
30.8000 2 9604.95616
30.9000 2 8430.55104
31.0000 2 8797.55264
31.1000 2 8598.3232
31.2000 2 15655.23968
31.3000 2 18905.82528
31.4000 2 14826.86464
31.5000 2 14774.43584
31.6000 2 14664.33536
31.7000 2 12782.14144
31.8000 2 8220.83584
31.9000 2 8330.93632
32.0000 2 7350.51776
32.1000 2 5515.50976
32.2000 2 5725.22496
32.3000 2 5630.85312
32.4000 2 10559.16032
32.5000 2 11607.73632
32.6000 2 11639.1936
32.7000 2 12016.68096
32.8000 2 11964.25216
32.9000 2 13610.51648
33.0000 2 14638.12096
33.1000 2 14554.23488
33.2000 2 14690.54976
33.3000 2 14517.53472
33.4000 2 7780.43392
33.5000 2 7135.55968
33.6000 2 2023.75168
33.7000 2 3607.10144
33.8000 2 7151.28832
33.9000 2 8294.23616
34.0000 2 13033.79968
34.1000 2 12949.9136
34.2000 2 13411.28704
34.3000 2 14900.26496
34.4000 2 15235.80928
34.5000 2 15068.03712
34.6000 2 15235.80928
34.7000 2 14470.3488
34.8000 2 13374.58688
34.9000 2 7874.80576
35.0000 2 7072.64512
35.1000 2 2055.20896
35.2000 2 3701.47328
35.3000 2 7381.97504
35.4000 2 8441.0368
35.5000 2 13075.74272
35.6000 2 12834.57024
35.7000 2 13033.79968
35.8000 2 13243.51488
35.9000 2 13274.97216
36.0000 2 13023.31392
36.1000 2 13358.85824
36.2000 2 13379.82976
36.3000 2 13049.52832
36.4000 2 8577.35168
36.5000 2 6889.14432
36.6000 2 1599.0784
36.7000 2 3093.2992
36.8000 2 6973.0304
36.9000 2 7319.06048
37.0000 2 7623.14752
37.1000 2 7560.23296
37.2000 2 7602.176
37.3000 2 7570.71872
37.4000 2 7738.49088
37.5000 2 7654.6048
37.6000 2 7644.11904
37.7000 2 5583.6672
