0.1000 2 0.0
0.2000 2 136.31488
0.3000 2 3103.78496
0.4000 2 13107.2
0.5000 2 14659.09248
0.6000 2 14701.03552
0.7000 2 14470.3488
0.8000 2 14627.6352
0.9000 2 14858.32192
1.0000 2 14753.46432
1.1000 2 16735.27296
1.2000 2 14428.40576
1.3000 2 14386.46272
1.4000 2 9169.79712
1.5000 2 1845.49376
1.6000 2 3596.61568
1.7000 2 592.44544
1.8000 2 5138.0224
1.9000 2 7958.69184
2.0000 2 8032.09216
2.1000 2 9426.69824
2.2000 2 14396.94848
2.3000 2 13337.88672
2.4000 2 10926.16192
2.5000 2 14375.97696
2.6000 2 14680.064
2.7000 2 14659.09248
2.8000 2 12116.29568
2.9000 2 6973.0304
3.0000 2 6647.97184
3.1000 2 10255.07328
3.2000 2 13694.40256
3.3000 2 14365.4912
3.4000 2 9652.14208
3.5000 2 7979.66336
3.6000 2 7979.66336
3.7000 2 8084.52096
3.8000 2 10758.38976
3.9000 2 9625.92768
4.0000 2 6543.11424
4.1000 2 14879.29344
4.2000 2 16551.77216
4.3000 2 6889.14432
4.4000 2 6406.79936
4.5000 2 6511.65696
4.6000 2 6710.8864
4.7000 2 14344.51968
4.8000 2 13799.26016
4.9000 2 14187.23328
5.0000 2 14396.94848
5.1000 2 12535.72608
5.2000 2 7644.11904
5.3000 2 7717.51936
5.4000 2 7885.29152
5.5000 2 8986.29632
5.6000 2 14019.46112
5.7000 2 12084.8384
5.8000 2 7109.34528
5.9000 2 7497.3184
6.0000 2 5525.99552
6.1000 2 7707.0336
6.2000 2 14973.66528
6.3000 2 14008.97536
6.4000 2 13180.60032
6.5000 2 13212.0576
6.6000 2 13264.4864
6.7000 2 13432.25856
6.8000 2 13364.10112
6.9000 2 10905.1904
7.0000 2 6952.05888
7.1000 2 7088.37376
7.2000 2 6066.01216
7.3000 2 3177.18528
7.4000 2 7266.63168
7.5000 2 7224.68864
7.6000 2 7790.91968
7.7000 2 14994.6368
7.8000 2 14690.54976
7.9000 2 14942.208
8.0000 2 14931.72224
8.1000 2 15047.0656
8.2000 2 14931.72224
8.3000 2 15041.82272
8.4000 2 11072.96256
8.5000 2 7811.8912
8.6000 2 7801.40544
8.7000 2 6705.64352
8.8000 2 3407.872
8.9000 2 7476.34688
9.0000 2 7350.51776
9.1000 2 7686.06208
9.2000 2 14428.40576
9.3000 2 15026.09408
9.4000 2 14921.23648
9.5000 2 14753.46432
9.6000 2 16095.6416
9.7000 2 15655.23968
9.8000 2 15660.48256
9.9000 2 10181.67296
10.0000 2 5326.76608
10.1000 2 5232.39424
10.2000 2 8383.36512
10.3000 2 6438.25664
10.4000 2 8136.94976
10.5000 2 8210.35008
10.6000 2 8199.86432
10.7000 2 14742.97856
10.8000 2 15791.55456
10.9000 2 15655.23968
11.0000 2 15613.29664
11.1000 2 15718.15424
11.2000 2 15649.9968
11.3000 2 10611.58912
11.4000 2 7319.06048
11.5000 2 7067.40224
11.6000 2 7098.85952
11.7000 2 10082.05824
11.8000 2 7707.0336
11.9000 2 7602.176
12.0000 2 7581.20448
12.1000 2 7570.71872
12.2000 2 11943.28064
12.3000 2 14512.29184
12.4000 2 14407.43424
12.5000 2 14826.86464
12.6000 2 14596.17792
12.7000 2 14832.10752
12.8000 2 10171.1872
12.9000 2 6899.63008
13.0000 2 6773.80096
13.1000 2 6752.82944
13.2000 2 10003.41504
13.3000 2 14323.54816
13.4000 2 7444.8896
13.5000 2 7476.34688
13.6000 2 7423.91808
13.7000 2 7644.11904
13.8000 2 12404.65408
13.9000 2 14522.7776
14.0000 2 14396.94848
14.1000 2 14470.3488
14.2000 2 14444.1344
14.3000 2 11943.28064
14.4000 2 6448.7424
14.5000 2 6710.8864
14.6000 2 6742.34368
14.7000 2 9846.12864
14.8000 2 14166.26176
14.9000 2 13526.6304
15.0000 2 7701.79072
15.1000 2 7287.6032
15.2000 2 7109.34528
15.3000 2 7329.54624
15.4000 2 12247.36768
15.5000 2 14166.26176
15.6000 2 14659.09248
15.7000 2 14176.74752
15.8000 2 14370.73408
15.9000 2 7130.3168
16.0000 2 6647.97184
16.1000 2 6763.3152
16.2000 2 6983.51616
16.3000 2 13075.74272
16.4000 2 14847.83616
16.5000 2 13794.01728
16.6000 2 7654.6048
16.7000 2 7969.1776
16.8000 2 7665.09056
16.9000 2 7822.37696
17.0000 2 13484.68736
17.1000 2 14396.94848
17.2000 2 14323.54816
17.3000 2 14601.4208
17.4000 2 7392.4608
17.5000 2 6878.65856
17.6000 2 6710.8864
17.7000 2 6973.0304
17.8000 2 13830.71744
17.9000 2 14837.3504
18.0000 2 15644.75392
18.1000 2 12514.75456
18.2000 2 7958.69184
18.3000 2 7319.06048
18.4000 2 7371.48928
18.5000 2 9950.98624
18.6000 2 14386.46272
18.7000 2 14417.92
18.8000 2 14538.50624
18.9000 2 7728.00512
19.0000 2 7602.176
19.1000 2 7549.7472
19.2000 2 8870.95296
19.3000 2 14512.29184
19.4000 2 14428.40576
19.5000 2 14501.80608
19.6000 2 14716.76416
19.7000 2 7707.0336
19.8000 2 7570.71872
19.9000 2 7612.66176
20.0000 2 7549.7472
20.1000 2 12698.25536
20.2000 2 12179.21024
20.3000 2 10118.7584
20.4000 2 8870.95296
20.5000 2 7937.72032
20.6000 2 7916.7488
20.7000 2 8021.6064
20.8000 2 13568.57344
20.9000 2 15340.66688
21.0000 2 15445.52448
21.1000 2 15015.60832
21.2000 2 10868.49024
21.3000 2 7497.3184
21.4000 2 7507.80416
21.5000 2 7444.8896
21.6000 2 10401.87392
21.7000 2 14449.37728
21.8000 2 14674.82112
21.9000 2 7948.20608
22.0000 2 7581.20448
22.1000 2 7486.83264
22.2000 2 7612.66176
22.3000 2 14019.46112
22.4000 2 14501.80608
22.5000 2 14459.86304
22.6000 2 14711.52128
22.7000 2 14528.02048
22.8000 2 7969.1776
22.9000 2 8011.12064
23.0000 2 7979.66336
23.1000 2 8032.09216
23.2000 2 15041.82272
23.3000 2 11985.22368
23.4000 2 7686.06208
23.5000 2 7822.37696
23.6000 2 8042.57792
23.7000 2 11565.79328
23.8000 2 15141.43744
23.9000 2 15256.7808
24.0000 2 15403.58144
24.1000 2 14533.26336
24.2000 2 11644.43648
24.3000 2 7361.00352
24.4000 2 5756.68224
24.5000 2 5746.19648
24.6000 2 7780.43392
24.7000 2 11702.10816
24.8000 2 11686.37952
24.9000 2 10810.81856
25.0000 2 6322.91328
25.1000 2 6847.20128
25.2000 2 7245.66016
25.3000 2 8787.06688
25.4000 2 14585.69216
25.5000 2 2904.55552
25.6000 2 220.20096
25.7000 2 8912.896
25.8000 2 17081.30304
25.9000 2 14271.11936
26.0000 2 14695.79264
26.1000 2 7759.4624
26.2000 2 7801.40544
26.3000 2 7686.06208
26.4000 2 7539.26144
26.5000 2 9804.1856
26.6000 2 8446.27968
26.7000 2 0.0
26.8000 2 4477.41952
26.9000 2 8514.43712
27.0000 2 14061.40416
27.1000 2 13170.11456
27.2000 2 12876.51328
27.3000 2 13925.08928
27.4000 2 7654.6048
27.5000 2 16284.38528
27.6000 2 146.80064
27.7000 2 450.88768
27.8000 2 4854.90688
27.9000 2 7245.66016
28.0000 2 17144.2176
28.1000 2 15214.83776
28.2000 2 8488.22272
28.3000 2 7638.87616
28.4000 2 3470.78656
28.5000 2 230.68672
28.6000 2 0.0
28.7000 2 1142.94784
28.8000 2 52.4288
28.9000 2 3460.3008
29.0000 2 6543.11424
29.1000 2 10391.38816
29.2000 2 19576.91392
29.3000 2 15938.3552
29.4000 2 14690.54976
29.5000 2 14826.86464
29.6000 2 14627.6352
29.7000 2 14763.95008
29.8000 2 14680.064
29.9000 2 14659.09248
30.0000 2 13662.94528
30.1000 2 429.91616
30.2000 2 73.40032
30.3000 2 0.0
30.4000 2 41.94304
30.5000 2 524.288
30.6000 2 146.80064
30.7000 2 1572.864
30.8000 2 8734.63808
30.9000 2 17007.90272
31.0000 2 10454.30272
31.1000 2 18570.28096
31.2000 2 14008.97536
31.3000 2 16053.69856
31.4000 2 15141.43744
31.5000 2 14858.32192
31.6000 2 14596.17792
31.7000 2 13526.6304
31.8000 2 13856.93184
31.9000 2 11403.264
32.0000 2 0.0
32.1000 2 346.03008
32.2000 2 0.0
32.3000 2 220.20096
32.4000 2 146.80064
32.5000 2 0.0
32.6000 2 0.0
32.7000 2 9615.44192
32.8000 2 13306.42944
32.9000 2 12593.39776
33.0000 2 13390.31552
33.1000 2 13746.83136
33.2000 2 14931.72224
33.3000 2 14680.064
33.4000 2 14543.74912
33.5000 2 14533.26336
33.6000 2 14092.86144
33.7000 2 14994.6368
33.8000 2 4708.10624
33.9000 2 0.0
34.0000 2 0.0
34.1000 2 367.0016
34.2000 2 0.0
34.3000 2 0.0
34.4000 2 136.31488
34.5000 2 6469.71392
34.6000 2 13558.08768
34.7000 2 14019.46112
34.8000 2 14082.37568
34.9000 2 13872.66048
35.0000 2 13799.26016
35.1000 2 14596.17792
35.2000 2 14019.46112
35.3000 2 13746.83136
35.4000 2 13767.80288
35.5000 2 13830.71744
35.6000 2 12902.72768
35.7000 2 4220.5184
35.8000 2 367.0016
35.9000 2 0.0
36.0000 2 0.0
36.1000 2 146.80064
36.2000 2 0.0
36.3000 2 5190.4512
36.4000 2 10873.73312
36.5000 2 14260.6336
36.6000 2 12939.42784
36.7000 2 12708.74112
36.8000 2 12551.45472
36.9000 2 12970.88512
37.0000 2 13075.74272
37.1000 2 12991.85664
37.2000 2 12907.97056
37.3000 2 12792.6272
37.4000 2 12939.42784
37.5000 2 12886.99904
37.6000 2 3638.55872
37.7000 2 0.0
37.8000 2 167.77216
37.9000 2 0.0
38.0000 2 0.0
38.1000 2 0.0
38.2000 2 146.80064
38.3000 2 4267.70432
38.4000 2 6606.0288
38.5000 2 6710.8864
38.6000 2 6710.8864
38.7000 2 7350.51776
38.8000 2 6994.00192
38.9000 2 6899.63008
39.0000 2 6962.54464
39.1000 2 6574.57152
39.2000 2 7014.97344
39.3000 2 6322.91328
39.4000 2 6522.14272
39.5000 2 2008.02304
