0.1000 2 0.0
0.2000 2 178.25792
0.3000 2 13233.02912
0.4000 2 14753.46432
0.5000 2 14753.46432
0.6000 2 14680.064
0.7000 2 14638.12096
0.8000 2 14659.09248
0.9000 2 14690.54976
1.0000 2 14585.69216
1.1000 2 14648.60672
1.2000 2 14533.26336
1.3000 2 11864.63744
1.4000 2 7534.01856
1.5000 2 1583.34976
1.6000 2 0.0
1.7000 2 0.0
1.8000 2 6826.22976
1.9000 2 10234.10176
2.0000 2 14438.89152
2.1000 2 14564.72064
2.2000 2 14250.14784
2.3000 2 14522.7776
2.4000 2 13044.28544
2.5000 2 13065.25696
2.6000 2 12499.02592
2.7000 2 4886.36416
2.8000 2 6417.28512
2.9000 2 7869.56288
3.0000 2 10559.16032
3.1000 2 9814.67136
3.2000 2 9049.21088
3.3000 2 13343.1296
3.4000 2 12016.68096
3.5000 2 7633.63328
3.6000 2 6941.57312
3.7000 2 3743.41632
3.8000 2 12163.4816
3.9000 2 15225.32352
4.0000 2 17049.84576
4.1000 2 15560.86784
4.2000 2 14921.23648
4.3000 2 12451.84
4.4000 2 7539.26144
4.5000 2 7434.40384
4.6000 2 7361.00352
4.7000 2 12132.02432
4.8000 2 12955.15648
4.9000 2 12362.71104
5.0000 2 5840.56832
5.1000 2 6018.82624
5.2000 2 5987.36896
5.3000 2 11356.07808
5.4000 2 12635.3408
5.5000 2 13201.57184
5.6000 2 7025.4592
5.7000 2 11723.07968
5.8000 2 14921.23648
5.9000 2 16221.47072
6.0000 2 11948.52352
6.1000 2 7717.51936
6.2000 2 7381.97504
6.3000 2 7534.01856
6.4000 2 13872.66048
6.5000 2 8388.608
6.6000 2 8252.29312
6.7000 2 2705.32608
6.8000 2 15833.4976
6.9000 2 10695.4752
7.0000 2 5085.5936
7.1000 2 20394.8032
7.2000 2 17637.04832
7.3000 2 16284.38528
7.4000 2 13657.7024
7.5000 2 7507.80416
7.6000 2 6658.4576
7.7000 2 8535.40864
7.8000 2 7151.28832
7.9000 2 8939.1104
8.0000 2 12404.65408
8.1000 2 8220.83584
8.2000 2 8545.8944
8.3000 2 15581.83936
8.4000 2 13946.0608
8.5000 2 19597.88544
8.6000 2 14648.60672
8.7000 2 15875.44064
8.8000 2 14161.01888
8.9000 2 7329.54624
9.0000 2 7623.14752
9.1000 2 7224.68864
9.2000 2 11953.7664
9.3000 2 15356.39552
9.4000 2 12614.36928
9.5000 2 8252.29312
9.6000 2 8514.43712
9.7000 2 8577.35168
9.8000 2 14365.4912
9.9000 2 15277.75232
10.0000 2 15319.69536
10.1000 2 11078.20544
10.2000 2 4152.36096
10.3000 2 11502.87872
10.4000 2 12698.25536
10.5000 2 11051.99104
10.6000 2 16777.216
10.7000 2 16604.20096
10.8000 2 15109.98016
10.9000 2 8346.66496
11.0000 2 8420.06528
11.1000 2 8462.00832
11.2000 2 14061.40416
11.3000 2 15172.89472
11.4000 2 15083.76576
11.5000 2 11418.99264
11.6000 2 7298.08896
11.7000 2 7308.57472
11.8000 2 7476.34688
11.9000 2 14984.15104
12.0000 2 15089.00864
12.1000 2 15162.40896
12.2000 2 15251.53792
12.3000 2 13736.3456
12.4000 2 8472.49408
12.5000 2 8346.66496
12.6000 2 8745.12384
12.7000 2 14134.80448
12.8000 2 13877.90336
12.9000 2 7235.1744
13.0000 2 7570.71872
13.1000 2 7203.71712
13.2000 2 13558.08768
13.3000 2 15109.98016
13.4000 2 15005.12256
13.5000 2 15005.12256
13.6000 2 15068.03712
13.7000 2 14999.87968
13.8000 2 12886.99904
13.9000 2 8378.12224
14.0000 2 8409.57952
14.1000 2 8351.90784
14.2000 2 8105.49248
14.3000 2 7413.43232
14.4000 2 7266.63168
14.5000 2 9290.38336
14.6000 2 14638.12096
14.7000 2 14826.86464
14.8000 2 15036.57984
14.9000 2 14742.97856
15.0000 2 14858.32192
15.1000 2 14795.40736
15.2000 2 14978.90816
15.3000 2 13390.31552
15.4000 2 8336.1792
15.5000 2 7167.01696
15.6000 2 73.40032
15.7000 2 4519.36256
15.8000 2 7172.25984
15.9000 2 7004.48768
16.0000 2 14596.17792
16.1000 2 14543.74912
16.2000 2 14554.23488
16.3000 2 14627.6352
16.4000 2 14763.95008
16.5000 2 14617.14944
16.6000 2 14722.00704
16.7000 2 14585.69216
16.8000 2 14737.73568
16.9000 2 12839.81312
17.0000 2 251.65824
17.1000 2 0.0
17.2000 2 73.40032
17.3000 2 73.40032
17.4000 2 0.0
17.5000 2 0.0
17.6000 2 11723.07968
17.7000 2 12635.3408
17.8000 2 12404.65408
17.9000 2 12415.13984
18.0000 2 12278.82496
18.1000 2 13191.08608
18.2000 2 13516.14464
18.3000 2 13830.71744
18.4000 2 13421.7728
18.5000 2 13704.88832
18.6000 2 12493.78304
18.7000 2 11492.39296
18.8000 2 5688.5248
18.9000 2 0.0
19.0000 2 62.91456
19.1000 2 73.40032
19.2000 2 83.88608
19.3000 2 6165.62688
19.4000 2 13180.60032
19.5000 2 13421.7728
19.6000 2 12572.42624
19.7000 2 13442.74432
19.8000 2 14145.29024
19.9000 2 13809.74592
20.0000 2 14197.71904
20.1000 2 14512.29184
20.2000 2 13075.74272
20.3000 2 8933.86752
20.4000 2 9788.45696
20.5000 2 7203.71712
20.6000 2 560.98816
20.7000 2 73.40032
20.8000 2 73.40032
20.9000 2 3470.78656
21.0000 2 10611.58912
21.1000 2 16651.38688
21.2000 2 15435.03872
21.3000 2 14942.208
21.4000 2 14774.43584
21.5000 2 14690.54976
21.6000 2 15015.60832
21.7000 2 14239.66208
21.8000 2 14260.6336
21.9000 2 14281.60512
22.0000 2 13898.87488
22.1000 2 8766.09536
22.2000 2 581.95968
22.3000 2 83.88608
22.4000 2 0.0
22.5000 2 62.91456
22.6000 2 1310.72
22.7000 2 10643.0464
22.8000 2 14994.6368
22.9000 2 14323.54816
23.0000 2 13841.2032
23.1000 2 13579.0592
23.2000 2 14103.3472
23.3000 2 14218.69056
23.4000 2 13725.85984
23.5000 2 13600.03072
23.6000 2 13893.632
23.7000 2 14486.07744
23.8000 2 9699.328
23.9000 2 728.76032
24.0000 2 62.91456
24.1000 2 62.91456
24.2000 2 94.37184
24.3000 2 0.0
24.4000 2 8629.78048
24.5000 2 14617.14944
24.6000 2 14606.66368
24.7000 2 14428.40576
24.8000 2 14627.6352
24.9000 2 13065.25696
25.0000 2 9720.29952
25.1000 2 10632.56064
25.2000 2 17532.19072
25.3000 2 16965.95968
25.4000 2 15157.16608
25.5000 2 15062.79424
25.6000 2 2915.04128
25.7000 2 83.88608
25.8000 2 73.40032
25.9000 2 0.0
26.0000 2 0.0
26.1000 2 136.31488
26.2000 2 12834.57024
26.3000 2 15120.46592
26.4000 2 15151.9232
26.5000 2 15162.40896
26.6000 2 15068.03712
26.7000 2 15026.09408
26.8000 2 14984.15104
26.9000 2 14334.03392
27.0000 2 14145.29024
27.1000 2 12913.21344
27.2000 2 7235.1744
27.3000 2 7376.73216
27.4000 2 4005.56032
27.5000 2 6060.76928
27.6000 2 8703.1808
27.7000 2 8661.23776
27.8000 2 14596.17792
27.9000 2 14491.32032
28.0000 2 14417.92
28.1000 2 14375.97696
28.2000 2 14417.92
28.3000 2 14522.7776
28.4000 2 14470.3488
28.5000 2 11906.58048
28.6000 2 7319.06048
28.7000 2 7056.91648
28.8000 2 7177.50272
28.9000 2 11261.70624
29.0000 2 14375.97696
29.1000 2 8482.97984
29.2000 2 10506.73152
29.3000 2 13274.97216
29.4000 2 8682.20928
29.5000 2 8210.35008
29.6000 2 8399.09376
29.7000 2 8362.3936
29.8000 2 11083.44832
29.9000 2 10821.30432
30.0000 2 9646.8992
30.1000 2 5274.33728
30.2000 2 9625.92768
30.3000 2 17689.47712
30.4000 2 11880.36608
30.5000 2 8912.896
30.6000 2 3942.64576
30.7000 2 17395.87584
30.8000 2 17967.34976
30.9000 2 8881.43872
31.0000 2 9279.8976
31.1000 2 9227.4688
31.2000 2 9211.74016
31.3000 2 8514.43712
31.4000 2 7581.20448
31.5000 2 7518.28992
31.6000 2 12530.4832
31.7000 2 11723.07968
31.8000 2 3219.12832
31.9000 2 11985.22368
32.0000 2 7549.7472
32.1000 2 18392.02304
32.2000 2 17458.7904
32.3000 2 2002.78016
32.4000 2 8226.07872
32.5000 2 8703.1808
32.6000 2 13851.68896
32.7000 2 5442.10944
32.8000 2 11681.13664
32.9000 2 4613.7344
33.0000 2 16058.94144
33.1000 2 10821.30432
33.2000 2 8535.40864
33.3000 2 7623.14752
33.4000 2 11838.42304
33.5000 2 14040.43264
33.6000 2 11838.42304
33.7000 2 14758.7072
33.8000 2 13841.2032
33.9000 2 8042.57792
34.0000 2 7811.8912
34.1000 2 7801.40544
34.2000 2 11429.4784
34.3000 2 12855.54176
34.4000 2 12928.94208
34.5000 2 13075.74272
34.6000 2 13049.52832
34.7000 2 9353.29792
34.8000 2 7581.20448
34.9000 2 7381.97504
35.0000 2 8713.66656
35.1000 2 15225.32352
35.2000 2 15010.36544
35.3000 2 12069.10976
35.4000 2 8273.26464
35.5000 2 8315.20768
35.6000 2 8566.86592
35.7000 2 14533.26336
35.8000 2 15298.72384
35.9000 2 14900.26496
36.0000 2 9327.08352
36.1000 2 7214.20288
36.2000 2 7214.20288
36.3000 2 7381.97504
36.4000 2 7486.83264
36.5000 2 7497.3184
36.6000 2 7476.34688
36.7000 2 1399.84896
