0.1000 2 0.0
0.2000 2 0.0
0.3000 2 230.68672
0.4000 2 4991.22176
0.5000 2 12960.39936
0.6000 2 13925.08928
0.7000 2 14050.9184
0.8000 2 14197.71904
0.9000 2 10496.24576
1.0000 2 11827.93728
1.1000 2 15214.83776
1.2000 2 5075.10784
1.3000 2 723.51744
1.4000 2 639.63136
1.5000 2 0.0
1.6000 2 24872.22272
1.7000 2 19660.8
1.8000 2 16740.51584
1.9000 2 8110.73536
2.0000 2 157.2864
2.1000 2 83.88608
2.2000 2 0.0
2.3000 2 62.91456
2.4000 2 83.88608
2.5000 2 2631.92576
2.6000 2 15151.9232
2.7000 2 16494.10048
2.8000 2 16011.75552
2.9000 2 16043.2128
3.0000 2 15854.46912
3.1000 2 15927.86944
3.2000 2 15424.55296
3.3000 2 15707.66848
3.4000 2 15576.59648
3.5000 2 14134.80448
3.6000 2 4147.11808
3.7000 2 0.0
3.8000 2 0.0
3.9000 2 0.0
4.0000 2 0.0
4.1000 2 2023.75168
4.2000 2 11523.85024
4.3000 2 16179.52768
4.4000 2 16462.6432
4.5000 2 16242.44224
4.6000 2 15885.9264
4.7000 2 15854.46912
4.8000 2 15718.15424
4.9000 2 15969.81248
5.0000 2 16300.11392
5.1000 2 15823.01184
5.2000 2 5457.83808
5.3000 2 73.40032
5.4000 2 0.0
5.5000 2 0.0
5.6000 2 0.0
5.7000 2 0.0
5.8000 2 10884.21888
5.9000 2 16085.15584
6.0000 2 15843.98336
6.1000 2 15340.66688
6.2000 2 16169.04192
6.3000 2 15592.32512
6.4000 2 15162.40896
6.5000 2 15151.9232
6.6000 2 15078.52288
6.7000 2 15209.59488
6.8000 2 9688.84224
6.9000 2 3213.88544
7.0000 2 0.0
7.1000 2 0.0
7.2000 2 0.0
7.3000 2 1121.97632
7.4000 2 8210.35008
7.5000 2 15214.83776
7.6000 2 15298.72384
7.7000 2 15151.9232
7.8000 2 15225.32352
7.9000 2 15298.72384
8.0000 2 15151.9232
8.1000 2 15214.83776
8.2000 2 15340.66688
8.3000 2 15209.59488
8.4000 2 8241.80736
8.5000 2 8110.73536
8.6000 2 891.2896
8.7000 2 73.40032
8.8000 2 4561.3056
8.9000 2 8210.35008
9.0000 2 9877.58592
9.1000 2 16368.27136
9.2000 2 16231.95648
9.3000 2 15948.84096
9.4000 2 16053.69856
9.5000 2 15340.66688
9.6000 2 15235.80928
9.7000 2 14947.45088
9.8000 2 12194.93888
9.9000 2 6647.97184
10.0000 2 6878.65856
10.1000 2 4944.03584
10.2000 2 5012.19328
10.3000 2 8357.15072
10.4000 2 8105.49248
10.5000 2 10915.67616
10.6000 2 13673.43104
10.7000 2 17154.70336
10.8000 2 16043.2128
10.9000 2 16127.09888
11.0000 2 11723.07968
11.1000 2 8682.20928
11.2000 2 12672.04096
11.3000 2 8021.6064
11.4000 2 8199.86432
11.5000 2 8095.00672
11.6000 2 4598.00576
11.7000 2 10831.79008
11.8000 2 17584.61952
11.9000 2 15770.58304
12.0000 2 15613.29664
12.1000 2 15466.496
12.2000 2 15382.60992
12.3000 2 15487.46752
12.4000 2 15361.6384
12.5000 2 15340.66688
12.6000 2 15534.65344
12.7000 2 7560.23296
12.8000 2 7151.28832
12.9000 2 2479.88224
13.0000 2 0.0
13.1000 2 8032.09216
13.2000 2 8262.77888
13.3000 2 11460.93568
13.4000 2 15445.52448
13.5000 2 15529.41056
13.6000 2 15130.95168
13.7000 2 15466.496
13.8000 2 15833.4976
13.9000 2 15529.41056
14.0000 2 15492.7104
14.1000 2 7832.86272
14.2000 2 6899.63008
14.3000 2 6889.14432
14.4000 2 7502.56128
14.5000 2 7769.94816
14.6000 2 7822.37696
14.7000 2 7990.14912
14.8000 2 10873.73312
14.9000 2 15193.86624
15.0000 2 15109.98016
15.1000 2 15214.83776
15.2000 2 15078.52288
15.3000 2 15256.7808
15.4000 2 15073.28
15.5000 2 7979.66336
15.6000 2 5913.96864
15.7000 2 6113.19808
15.8000 2 7675.57632
15.9000 2 14187.23328
16.0000 2 12147.75296
16.1000 2 7665.09056
16.2000 2 7790.91968
16.3000 2 8074.0352
16.4000 2 13516.14464
16.5000 2 15298.72384
16.6000 2 15435.03872
16.7000 2 15487.46752
16.8000 2 15366.88128
16.9000 2 7245.66016
17.0000 2 6857.68704
17.1000 2 7109.34528
17.2000 2 10380.9024
17.3000 2 15361.6384
17.4000 2 15435.03872
17.5000 2 11361.32096
17.6000 2 8011.12064
17.7000 2 8168.40704
17.8000 2 8430.55104
17.9000 2 15403.58144
18.0000 2 15476.98176
18.1000 2 15471.73888
18.2000 2 14145.29024
18.3000 2 7790.91968
18.4000 2 8053.06368
18.5000 2 8283.7504
18.6000 2 12866.02752
18.7000 2 16106.12736
18.8000 2 16064.18432
18.9000 2 11235.49184
19.0000 2 7780.43392
19.1000 2 7654.6048
19.2000 2 8220.83584
19.3000 2 15938.3552
19.4000 2 15980.29824
19.5000 2 16027.48416
19.6000 2 13788.7744
19.7000 2 8210.35008
19.8000 2 8032.09216
19.9000 2 8294.23616
20.0000 2 12886.99904
20.1000 2 15382.60992
20.2000 2 15587.08224
20.3000 2 8283.7504
20.4000 2 7853.83424
20.5000 2 8074.0352
20.6000 2 9489.6128
20.7000 2 11712.59392
20.8000 2 12331.25376
20.9000 2 16840.13056
21.0000 2 15461.25312
21.1000 2 11398.02112
21.2000 2 8147.43552
21.3000 2 8273.26464
21.4000 2 8074.0352
21.5000 2 13725.85984
21.6000 2 15833.4976
21.7000 2 10470.03136
21.8000 2 7759.4624
21.9000 2 7864.32
22.0000 2 8661.23776
22.1000 2 15864.95488
22.2000 2 16127.09888
22.3000 2 15833.4976
22.4000 2 15943.59808
22.5000 2 13149.14304
22.6000 2 8000.63488
22.7000 2 8420.06528
22.8000 2 8388.608
22.9000 2 4078.96064
23.0000 2 1352.66304
23.1000 2 11387.53536
23.2000 2 16672.3584
23.3000 2 12514.75456
23.4000 2 8210.35008
23.5000 2 8252.29312
23.6000 2 8147.43552
23.7000 2 14847.83616
23.8000 2 19807.60064
23.9000 2 16363.02848
24.0000 2 10391.38816
24.1000 2 8441.0368
24.2000 2 8503.95136
24.3000 2 8745.12384
24.4000 2 16546.52928
24.5000 2 16431.18592
24.6000 2 16604.20096
24.7000 2 10517.21728
24.8000 2 8021.6064
24.9000 2 8262.77888
25.0000 2 8556.38016
25.1000 2 14533.26336
25.2000 2 14307.81952
25.3000 2 14386.46272
25.4000 2 6081.7408
25.5000 2 6396.3136
25.6000 2 6270.48448
25.7000 2 8252.29312
25.8000 2 17920.16384
25.9000 2 16169.04192
26.0000 2 16242.44224
26.1000 2 16384.0
26.2000 2 11932.79488
26.3000 2 7738.49088
26.4000 2 8252.29312
26.5000 2 8252.29312
26.6000 2 14580.44928
26.7000 2 14742.97856
26.8000 2 4697.62048
26.9000 2 11565.79328
27.0000 2 8315.20768
27.1000 2 11817.45152
27.2000 2 16106.12736
27.3000 2 16043.2128
27.4000 2 16085.15584
27.5000 2 16184.77056
27.6000 2 9898.55744
27.7000 2 8336.1792
27.8000 2 8084.52096
27.9000 2 9835.64288
28.0000 2 16258.17088
28.1000 2 13432.25856
28.2000 2 7906.26304
28.3000 2 8294.23616
28.4000 2 8199.86432
28.5000 2 12960.39936
28.6000 2 16557.01504
28.7000 2 15781.0688
28.8000 2 15414.0672
28.9000 2 15073.28
29.0000 2 6585.05728
29.1000 2 7035.94496
29.2000 2 7193.23136
29.3000 2 10653.53216
29.4000 2 15823.01184
29.5000 2 15482.22464
29.6000 2 10632.56064
29.7000 2 8105.49248
29.8000 2 8105.49248
29.9000 2 8671.72352
30.0000 2 15791.55456
30.1000 2 16106.12736
30.2000 2 16562.25792
30.3000 2 12698.25536
30.4000 2 7937.72032
30.5000 2 7969.1776
30.6000 2 8178.8928
30.7000 2 14417.92
30.8000 2 16064.18432
30.9000 2 15681.45408
31.0000 2 9793.69984
31.1000 2 6595.54304
31.2000 2 6857.68704
31.3000 2 6941.57312
31.4000 2 14742.97856
31.5000 2 15319.69536
31.6000 2 15697.18272
31.7000 2 11109.66272
31.8000 2 7811.8912
31.9000 2 8000.63488
32.0000 2 7969.1776
32.1000 2 14365.4912
32.2000 2 15277.75232
32.3000 2 15513.68192
32.4000 2 9196.01152
32.5000 2 7528.77568
32.6000 2 7612.66176
32.7000 2 8692.69504
32.8000 2 15214.83776
32.9000 2 15990.784
33.0000 2 15539.89632
33.1000 2 13238.272
33.2000 2 7958.69184
33.3000 2 8011.12064
33.4000 2 8042.57792
33.5000 2 12624.85504
33.6000 2 15330.18112
33.7000 2 12221.15328
33.8000 2 6710.8864
33.9000 2 6176.11264
34.0000 2 8241.80736
34.1000 2 8608.80896
34.2000 2 14596.17792
34.3000 2 16148.0704
34.4000 2 14585.69216
34.5000 2 9321.84064
34.6000 2 12719.22688
34.7000 2 9211.74016
34.8000 2 9342.81216
34.9000 2 10003.41504
35.0000 2 8231.3216
35.1000 2 7963.93472
