0.1000 2 0.0
0.2000 2 167.77216
0.3000 2 14061.40416
0.4000 2 15183.38048
0.5000 2 15802.04032
0.6000 2 15802.04032
0.7000 2 16190.01344
0.8000 2 15959.32672
0.9000 2 15256.7808
1.0000 2 15550.38208
1.1000 2 15435.03872
1.2000 2 15550.38208
1.3000 2 10317.98784
1.4000 2 0.0
1.5000 2 0.0
1.6000 2 0.0
1.7000 2 0.0
1.8000 2 4120.90368
1.9000 2 14155.776
2.0000 2 15539.89632
2.1000 2 15466.496
2.2000 2 15466.496
2.3000 2 15487.46752
2.4000 2 15476.98176
2.5000 2 15571.3536
2.6000 2 15613.29664
2.7000 2 15581.83936
2.8000 2 14066.64704
2.9000 2 6464.47104
3.0000 2 461.37344
3.1000 2 0.0
3.2000 2 0.0
3.3000 2 6543.11424
3.4000 2 8136.94976
3.5000 2 14963.17952
3.6000 2 7444.8896
3.7000 2 17542.67648
3.8000 2 18612.224
3.9000 2 15602.81088
4.0000 2 15644.75392
4.1000 2 15508.43904
4.2000 2 15634.26816
4.3000 2 15629.02528
4.4000 2 6700.40064
4.5000 2 3670.016
4.6000 2 5111.808
4.7000 2 8420.06528
4.8000 2 8000.63488
4.9000 2 11901.3376
5.0000 2 17081.30304
5.1000 2 16043.2128
5.2000 2 16116.61312
5.3000 2 16001.26976
5.4000 2 8870.95296
5.5000 2 21579.69408
5.6000 2 17652.77696
5.7000 2 11083.44832
5.8000 2 6186.5984
5.9000 2 6233.78432
6.0000 2 6784.28672
6.1000 2 8095.00672
6.2000 2 8021.6064
6.3000 2 8283.7504
6.4000 2 12257.85344
6.5000 2 19073.59744
6.6000 2 7853.83424
6.7000 2 618.65984
6.8000 2 21286.0928
6.9000 2 19566.42816
7.0000 2 15623.7824
7.1000 2 8781.824
7.2000 2 8650.752
7.3000 2 7906.26304
7.4000 2 6752.82944
7.5000 2 4902.0928
7.6000 2 12289.31072
7.7000 2 9185.52576
7.8000 2 8252.29312
7.9000 2 14879.29344
8.0000 2 19734.20032
8.1000 2 16504.58624
8.2000 2 15990.784
8.3000 2 16431.18592
8.4000 2 16394.48576
8.5000 2 11104.41984
8.6000 2 6899.63008
8.7000 2 7455.37536
8.8000 2 10564.4032
8.9000 2 6291.456
9.0000 2 7979.66336
9.1000 2 8063.54944
9.2000 2 12278.82496
9.3000 2 15634.26816
9.4000 2 15644.75392
9.5000 2 15414.0672
9.6000 2 15665.72544
9.7000 2 15686.69696
9.8000 2 15691.93984
9.9000 2 12708.74112
10.0000 2 7486.83264
10.1000 2 7570.71872
10.2000 2 9085.91104
10.3000 2 9028.23936
10.4000 2 7969.1776
10.5000 2 8157.92128
10.6000 2 12299.79648
10.7000 2 15686.69696
10.8000 2 15739.12576
10.9000 2 15896.41216
11.0000 2 15812.52608
11.1000 2 15906.89792
11.2000 2 15366.88128
11.3000 2 7371.48928
11.4000 2 7748.97664
11.5000 2 7958.69184
11.6000 2 13353.61536
11.7000 2 7402.94656
11.8000 2 6910.11584
11.9000 2 7245.66016
12.0000 2 12016.68096
12.1000 2 15917.38368
12.2000 2 15665.72544
12.3000 2 15802.04032
12.4000 2 15875.44064
12.5000 2 15781.0688
12.6000 2 14465.10592
12.7000 2 7518.28992
12.8000 2 7591.69024
12.9000 2 7895.77728
13.0000 2 15010.36544
13.1000 2 9091.15392
13.2000 2 7937.72032
13.3000 2 8136.94976
13.4000 2 10947.13344
13.5000 2 16273.89952
13.6000 2 12121.53856
13.7000 2 13610.51648
13.8000 2 19000.19712
13.9000 2 18596.49536
14.0000 2 10255.07328
14.1000 2 8147.43552
14.2000 2 8409.57952
14.3000 2 8928.62464
14.4000 2 13212.0576
14.5000 2 6784.28672
14.6000 2 6742.34368
14.7000 2 8388.608
14.8000 2 15718.15424
14.9000 2 16011.75552
15.0000 2 16231.95648
15.1000 2 16273.89952
15.2000 2 15854.46912
15.3000 2 15744.36864
15.4000 2 12614.36928
15.5000 2 7665.09056
15.6000 2 6731.85792
15.7000 2 8278.50752
15.8000 2 8262.77888
15.9000 2 8640.26624
16.0000 2 8325.69344
16.1000 2 11408.50688
16.2000 2 15676.2112
16.3000 2 15445.52448
16.4000 2 15812.52608
16.5000 2 15707.66848
16.6000 2 15718.15424
16.7000 2 15660.48256
16.8000 2 10181.67296
16.9000 2 7581.20448
17.0000 2 7769.94816
17.1000 2 11245.9776
17.2000 2 10223.616
17.3000 2 7769.94816
17.4000 2 7853.83424
17.5000 2 11733.56544
17.6000 2 15518.9248
17.7000 2 15707.66848
17.8000 2 15539.89632
17.9000 2 16064.18432
18.0000 2 15948.84096
18.1000 2 14632.87808
18.2000 2 6889.14432
18.3000 2 6585.05728
18.4000 2 8115.97824
18.5000 2 12766.4128
18.6000 2 9070.1824
18.7000 2 7843.34848
18.8000 2 8168.40704
18.9000 2 12834.57024
19.0000 2 15571.3536
19.1000 2 15686.69696
19.2000 2 15948.84096
19.3000 2 15980.29824
19.4000 2 16053.69856
19.5000 2 15838.74048
19.6000 2 7969.1776
19.7000 2 8115.97824
19.8000 2 8320.45056
19.9000 2 6920.6016
20.0000 2 7948.20608
20.1000 2 8105.49248
20.2000 2 9437.184
20.3000 2 16913.53088
20.4000 2 15634.26816
20.5000 2 15781.0688
20.6000 2 15802.04032
20.7000 2 15686.69696
20.8000 2 15754.8544
20.9000 2 12813.59872
21.0000 2 6564.08576
21.1000 2 6794.77248
21.2000 2 7775.19104
21.3000 2 12373.1968
21.4000 2 8095.00672
21.5000 2 7948.20608
21.6000 2 8829.00992
21.7000 2 15602.81088
21.8000 2 15487.46752
21.9000 2 16032.72704
22.0000 2 15980.29824
22.1000 2 16106.12736
22.2000 2 16006.51264
22.3000 2 10097.78688
22.4000 2 7853.83424
22.5000 2 8252.29312
22.6000 2 8572.1088
22.7000 2 6637.48608
22.8000 2 7822.37696
22.9000 2 8157.92128
23.0000 2 13683.9168
23.1000 2 15781.0688
23.2000 2 15823.01184
23.3000 2 15948.84096
23.4000 2 15969.81248
23.5000 2 15864.95488
23.6000 2 15985.54112
23.7000 2 13222.54336
23.8000 2 2705.32608
23.9000 2 6239.0272
24.0000 2 7104.1024
24.1000 2 4246.7328
24.2000 2 6847.20128
24.3000 2 10223.616
24.4000 2 17196.6464
24.5000 2 15361.6384
24.6000 2 15655.23968
24.7000 2 13788.7744
24.8000 2 13694.40256
24.9000 2 13652.45952
25.0000 2 13558.08768
25.1000 2 13725.85984
25.2000 2 13552.8448
25.3000 2 12472.81152
25.4000 2 2768.24064
25.5000 2 0.0
25.6000 2 0.0
25.7000 2 0.0
25.8000 2 0.0
25.9000 2 4970.25024
26.0000 2 11953.7664
26.1000 2 17186.16064
26.2000 2 18255.70816
26.3000 2 15812.52608
26.4000 2 15823.01184
26.5000 2 15885.9264
26.6000 2 15781.0688
26.7000 2 15875.44064
26.8000 2 15623.7824
26.9000 2 14763.95008
27.0000 2 1593.83552
27.1000 2 167.77216
27.2000 2 83.88608
27.3000 2 0.0
27.4000 2 0.0
27.5000 2 9500.09856
27.6000 2 16294.87104
27.7000 2 16190.01344
27.8000 2 16252.928
27.9000 2 16200.4992
28.0000 2 16137.58464
28.1000 2 16368.27136
28.2000 2 16347.29984
28.3000 2 16336.81408
28.4000 2 16326.32832
28.5000 2 7371.48928
28.6000 2 62.91456
28.7000 2 0.0
28.8000 2 0.0
28.9000 2 0.0
29.0000 2 5054.13632
29.1000 2 16294.87104
29.2000 2 16536.04352
29.3000 2 16567.5008
29.4000 2 16179.52768
29.5000 2 16210.98496
29.6000 2 16032.72704
29.7000 2 15917.38368
29.8000 2 16305.3568
29.9000 2 16279.1424
30.0000 2 12179.21024
30.1000 2 73.40032
30.2000 2 73.40032
30.3000 2 0.0
30.4000 2 0.0
30.5000 2 2181.03808
30.6000 2 15204.352
30.7000 2 14543.74912
30.8000 2 15424.55296
30.9000 2 15424.55296
31.0000 2 15959.32672
31.1000 2 16085.15584
31.2000 2 11691.6224
31.3000 2 16871.58784
31.4000 2 20148.38784
31.5000 2 13762.56
31.6000 2 5861.53984
31.7000 2 73.40032
31.8000 2 0.0
31.9000 2 0.0
32.0000 2 3533.70112
32.1000 2 11911.82336
32.2000 2 16242.44224
32.3000 2 16032.72704
32.4000 2 16336.81408
32.5000 2 16294.87104
32.6000 2 11377.0496
32.7000 2 16672.3584
32.8000 2 18968.73984
32.9000 2 15670.96832
33.0000 2 13002.3424
33.1000 2 1462.76352
33.2000 2 0.0
33.3000 2 0.0
33.4000 2 1121.97632
33.5000 2 8053.06368
33.6000 2 8189.37856
33.7000 2 8189.37856
33.8000 2 8199.86432
33.9000 2 8189.37856
34.0000 2 8283.7504
34.1000 2 8304.72192
34.2000 2 8325.69344
34.3000 2 8346.66496
34.4000 2 718.27456
