0.1000 2 0.0
0.2000 2 209.7152
0.3000 2 12782.14144
0.4000 2 14795.40736
0.5000 2 14795.40736
0.6000 2 14774.43584
0.7000 2 14805.89312
0.8000 2 14166.26176
0.9000 2 14722.00704
1.0000 2 14763.95008
1.1000 2 14837.3504
1.2000 2 14879.29344
1.3000 2 14816.37888
1.4000 2 5588.91008
1.5000 2 0.0
1.6000 2 0.0
1.7000 2 0.0
1.8000 2 0.0
1.9000 2 20.97152
2.0000 2 12090.08128
2.1000 2 14292.09088
2.2000 2 14564.72064
2.3000 2 14575.2064
2.4000 2 14805.89312
2.5000 2 14753.46432
2.6000 2 14742.97856
2.7000 2 14470.3488
2.8000 2 14669.57824
2.9000 2 14994.6368
3.0000 2 15057.55136
3.1000 2 4299.1616
3.2000 2 0.0
3.3000 2 0.0
3.4000 2 0.0
3.5000 2 0.0
3.6000 2 0.0
3.7000 2 10422.84544
3.8000 2 15162.40896
3.9000 2 15047.0656
4.0000 2 14910.75072
4.1000 2 15235.80928
4.2000 2 15235.80928
4.3000 2 15330.18112
4.4000 2 15414.0672
4.5000 2 15319.69536
4.6000 2 15393.09568
4.7000 2 13217.30048
4.8000 2 2815.42656
4.9000 2 0.0
5.0000 2 0.0
5.1000 2 0.0
5.2000 2 0.0
5.3000 2 8912.896
5.4000 2 14585.69216
5.5000 2 14292.09088
5.6000 2 14816.37888
5.7000 2 14491.32032
5.8000 2 14554.23488
5.9000 2 14606.66368
6.0000 2 14061.40416
6.1000 2 14931.72224
6.2000 2 14889.7792
6.3000 2 14874.05056
6.4000 2 7827.61984
6.5000 2 534.77376
6.6000 2 0.0
6.7000 2 0.0
6.8000 2 0.0
6.9000 2 7906.26304
7.0000 2 14187.23328
7.1000 2 15015.60832
7.2000 2 15141.43744
7.3000 2 15267.26656
7.4000 2 15141.43744
7.5000 2 14313.0624
7.6000 2 15005.12256
7.7000 2 14942.208
7.8000 2 15015.60832
7.9000 2 9526.31296
8.0000 2 7035.94496
8.1000 2 5080.35072
8.2000 2 1761.60768
8.3000 2 7696.54784
8.4000 2 8032.09216
8.5000 2 12415.13984
8.6000 2 14533.26336
8.7000 2 14554.23488
8.8000 2 14638.12096
8.9000 2 14680.064
9.0000 2 14826.86464
9.1000 2 14837.3504
9.2000 2 14952.69376
9.3000 2 8383.36512
9.4000 2 6983.51616
9.5000 2 6973.0304
9.6000 2 9442.42688
9.7000 2 8661.23776
9.8000 2 7717.51936
9.9000 2 7906.26304
10.0000 2 11156.84864
10.1000 2 14732.4928
10.2000 2 14816.37888
10.3000 2 14795.40736
10.4000 2 14931.72224
10.5000 2 15026.09408
10.6000 2 14978.90816
10.7000 2 7539.26144
10.8000 2 6973.0304
10.9000 2 6994.00192
11.0000 2 11062.4768
11.1000 2 14753.46432
11.2000 2 9736.02816
11.3000 2 7602.176
11.4000 2 7780.43392
11.5000 2 10590.6176
11.6000 2 14879.29344
11.7000 2 14732.4928
11.8000 2 14889.7792
11.9000 2 14795.40736
12.0000 2 13626.24512
12.1000 2 6815.744
12.2000 2 6878.65856
12.3000 2 7119.83104
12.4000 2 13841.2032
12.5000 2 15068.03712
12.6000 2 14984.15104
12.7000 2 11141.12
12.8000 2 7948.20608
12.9000 2 7969.1776
13.0000 2 9783.21408
13.1000 2 15288.23808
13.2000 2 15183.38048
13.3000 2 15445.52448
13.4000 2 10197.4016
13.5000 2 7245.66016
13.6000 2 7182.7456
13.7000 2 8829.00992
13.8000 2 15089.00864
13.9000 2 15151.9232
14.0000 2 15183.38048
14.1000 2 13584.30208
14.2000 2 9720.29952
14.3000 2 7885.29152
14.4000 2 7927.23456
14.5000 2 9353.29792
14.6000 2 14742.97856
14.7000 2 14732.4928
14.8000 2 8058.30656
14.9000 2 6899.63008
15.0000 2 7025.4592
15.1000 2 10024.38656
15.2000 2 14627.6352
15.3000 2 14617.14944
15.4000 2 14701.03552
15.5000 2 14742.97856
15.6000 2 15015.60832
15.7000 2 12630.09792
15.8000 2 7769.94816
15.9000 2 7906.26304
16.0000 2 8315.20768
16.1000 2 13668.18816
16.2000 2 6438.25664
16.3000 2 6794.77248
16.4000 2 6920.6016
16.5000 2 11827.93728
16.6000 2 14816.37888
16.7000 2 14680.064
16.8000 2 14837.3504
16.9000 2 14711.52128
17.0000 2 14910.75072
17.1000 2 14847.83616
17.2000 2 14737.73568
17.3000 2 8136.94976
17.4000 2 6249.51296
17.5000 2 5546.96704
17.6000 2 5384.43776
17.7000 2 6983.51616
17.8000 2 7109.34528
17.9000 2 9059.69664
18.0000 2 15068.03712
18.1000 2 14732.4928
18.2000 2 13358.85824
18.3000 2 13201.57184
18.4000 2 14575.2064
18.5000 2 14575.2064
18.6000 2 14753.46432
18.7000 2 14842.59328
18.8000 2 8430.55104
18.9000 2 7759.4624
19.0000 2 4933.55008
19.1000 2 3292.52864
19.2000 2 5389.68064
19.3000 2 2264.92416
19.4000 2 367.0016
19.5000 2 335.54432
19.6000 2 251.65824
19.7000 2 15026.09408
19.8000 2 20237.5168
19.9000 2 16808.67328
20.0000 2 22617.78432
20.1000 2 15309.2096
20.2000 2 15319.69536
20.3000 2 14784.9216
20.4000 2 15476.98176
20.5000 2 9211.74016
20.6000 2 3292.52864
20.7000 2 4734.32064
20.8000 2 73.40032
20.9000 2 146.80064
21.0000 2 2548.03968
21.1000 2 10821.30432
21.2000 2 14313.0624
21.3000 2 17720.9344
21.4000 2 16095.6416
21.5000 2 14826.86464
21.6000 2 14868.80768
21.7000 2 15068.03712
21.8000 2 9930.01472
21.9000 2 1415.5776
22.0000 2 0.0
22.1000 2 9363.78368
22.2000 2 20185.088
22.3000 2 12263.09632
22.4000 2 0.0
22.5000 2 146.80064
22.6000 2 62.91456
22.7000 2 12955.15648
22.8000 2 7843.34848
22.9000 2 7560.23296
23.0000 2 7686.06208
23.1000 2 23005.75744
23.2000 2 18014.53568
23.3000 2 15183.38048
23.4000 2 15172.89472
23.5000 2 15319.69536
23.6000 2 15083.76576
23.7000 2 10873.73312
23.8000 2 6501.1712
23.9000 2 6815.744
24.0000 2 8739.88096
24.1000 2 13851.68896
24.2000 2 7203.71712
24.3000 2 3250.5856
24.4000 2 8954.83904
24.5000 2 3921.67424
24.6000 2 20824.71936
24.7000 2 16808.67328
24.8000 2 15288.23808
24.9000 2 15623.7824
25.0000 2 15749.61152
25.1000 2 15649.9968
25.2000 2 11565.79328
25.3000 2 7937.72032
25.4000 2 8184.13568
25.5000 2 6008.34048
25.6000 2 7423.91808
25.7000 2 7361.00352
25.8000 2 7486.83264
25.9000 2 15403.58144
26.0000 2 15309.2096
26.1000 2 15351.15264
26.2000 2 15581.83936
26.3000 2 15456.01024
26.4000 2 15613.29664
26.5000 2 15424.55296
26.6000 2 14181.9904
26.7000 2 7748.97664
26.8000 2 8278.50752
26.9000 2 1782.5792
27.0000 2 5138.0224
27.1000 2 7423.91808
27.2000 2 8053.06368
27.3000 2 14952.69376
27.4000 2 15183.38048
27.5000 2 10422.84544
27.6000 2 10978.59072
27.7000 2 15403.58144
27.8000 2 16619.9296
27.9000 2 17154.70336
28.0000 2 18040.75008
28.1000 2 12530.4832
28.2000 2 8247.05024
28.3000 2 3376.41472
28.4000 2 0.0
28.5000 2 3271.55712
28.6000 2 7465.86112
28.7000 2 10003.41504
28.8000 2 14805.89312
28.9000 2 15623.7824
29.0000 2 15550.38208
29.1000 2 15655.23968
29.2000 2 15697.18272
29.3000 2 15697.18272
29.4000 2 15697.18272
29.5000 2 15733.88288
29.6000 2 11172.57728
29.7000 2 6931.08736
29.8000 2 0.0
29.9000 2 73.40032
30.0000 2 1436.54912
30.1000 2 7203.71712
30.2000 2 10055.84384
30.3000 2 15372.12416
30.4000 2 15214.83776
30.5000 2 15309.2096
30.6000 2 15351.15264
30.7000 2 15466.496
30.8000 2 14879.29344
30.9000 2 15109.98016
31.0000 2 15393.09568
31.1000 2 15361.6384
31.2000 2 7140.80256
31.3000 2 73.40032
31.4000 2 157.2864
31.5000 2 167.77216
31.6000 2 0.0
31.7000 2 7245.66016
31.8000 2 14816.37888
31.9000 2 14889.7792
32.0000 2 15078.52288
32.1000 2 14931.72224
32.2000 2 15193.86624
32.3000 2 15141.43744
32.4000 2 15225.32352
32.5000 2 15277.75232
32.6000 2 15256.7808
32.7000 2 14732.4928
32.8000 2 5400.1664
32.9000 2 83.88608
33.0000 2 83.88608
33.1000 2 0.0
33.2000 2 62.91456
33.3000 2 6700.40064
33.4000 2 15277.75232
33.5000 2 15172.89472
33.6000 2 15277.75232
33.7000 2 14847.83616
33.8000 2 15435.03872
33.9000 2 15424.55296
34.0000 2 15372.12416
34.1000 2 15529.41056
34.2000 2 15529.41056
34.3000 2 15634.26816
34.4000 2 3219.12832
34.5000 2 167.77216
34.6000 2 146.80064
34.7000 2 0.0
34.8000 2 0.0
34.9000 2 0.0
35.0000 2 8598.3232
35.1000 2 15927.86944
35.2000 2 16043.2128
35.3000 2 15781.0688
35.4000 2 15885.9264
35.5000 2 15623.7824
35.6000 2 15812.52608
35.7000 2 15791.55456
35.8000 2 15823.01184
35.9000 2 10973.34784
36.0000 2 3119.5136
