0.1000 2 0.0
0.2000 2 188.74368
0.3000 2 3240.09984
0.4000 2 17385.39008
0.5000 2 12782.14144
0.6000 2 13977.51808
0.7000 2 12278.82496
0.8000 2 12194.93888
0.9000 2 12069.10976
1.0000 2 14008.97536
1.1000 2 15309.2096
1.2000 2 14816.37888
1.3000 2 15026.09408
1.4000 2 15340.66688
1.5000 2 8325.69344
1.6000 2 73.40032
1.7000 2 0.0
1.8000 2 0.0
1.9000 2 0.0
2.0000 2 0.0
2.1000 2 4844.42112
2.2000 2 14795.40736
2.3000 2 15802.04032
2.4000 2 14963.17952
2.5000 2 8870.95296
2.6000 2 12215.9104
2.7000 2 25448.93952
2.8000 2 15256.7808
2.9000 2 15823.01184
3.0000 2 15933.11232
3.1000 2 8252.29312
3.2000 2 7434.40384
3.3000 2 5038.40768
3.4000 2 2317.35296
3.5000 2 7916.7488
3.6000 2 7822.37696
3.7000 2 11450.44992
3.8000 2 13149.14304
3.9000 2 13107.2
4.0000 2 14994.6368
4.1000 2 15267.26656
4.2000 2 15393.09568
4.3000 2 15445.52448
4.4000 2 14459.86304
4.5000 2 10648.28928
4.6000 2 6763.3152
4.7000 2 6941.57312
4.8000 2 7009.73056
4.9000 2 6815.744
5.0000 2 7140.80256
5.1000 2 7990.14912
5.2000 2 10307.50208
5.3000 2 14669.57824
5.4000 2 14784.9216
5.5000 2 14889.7792
5.6000 2 14889.7792
5.7000 2 14795.40736
5.8000 2 14826.86464
5.9000 2 14674.82112
6.0000 2 8126.464
6.1000 2 7465.86112
6.2000 2 7151.28832
6.3000 2 7418.6752
6.4000 2 7916.7488
6.5000 2 8000.63488
6.6000 2 8283.7504
6.7000 2 13170.11456
6.8000 2 15089.00864
6.9000 2 14984.15104
7.0000 2 15005.12256
7.1000 2 14994.6368
7.2000 2 15036.57984
7.3000 2 14868.80768
7.4000 2 10008.65792
7.5000 2 7266.63168
7.6000 2 7361.00352
7.7000 2 8530.16576
7.8000 2 9353.29792
7.9000 2 7476.34688
8.0000 2 7413.43232
8.1000 2 8986.29632
8.2000 2 13002.3424
8.3000 2 12834.57024
8.4000 2 12886.99904
8.5000 2 13180.60032
8.6000 2 14145.29024
8.7000 2 14166.26176
8.8000 2 13584.30208
8.9000 2 7077.888
9.0000 2 6878.65856
9.1000 2 7046.43072
9.2000 2 11366.56384
9.3000 2 14328.79104
9.4000 2 9919.52896
9.5000 2 7738.49088
9.6000 2 7822.37696
9.7000 2 9017.7536
9.8000 2 13264.4864
9.9000 2 13201.57184
10.0000 2 13264.4864
10.1000 2 13180.60032
10.2000 2 13206.81472
10.3000 2 5725.22496
10.4000 2 6826.22976
10.5000 2 4487.90528
10.6000 2 8776.58112
10.7000 2 13495.17312
10.8000 2 13579.0592
10.9000 2 12939.42784
11.0000 2 14229.17632
11.1000 2 12367.95392
11.2000 2 7832.86272
11.3000 2 7728.00512
11.4000 2 8189.37856
11.5000 2 8891.92448
11.6000 2 11303.64928
11.7000 2 10805.57568
11.8000 2 7423.91808
11.9000 2 7518.28992
12.0000 2 7392.4608
12.1000 2 10821.30432
12.2000 2 12551.45472
12.3000 2 13883.14624
12.4000 2 14722.00704
12.5000 2 14931.72224
12.6000 2 14627.6352
12.7000 2 14108.59008
12.8000 2 4162.84672
12.9000 2 5641.33888
13.0000 2 9154.06848
13.1000 2 11670.65088
13.2000 2 13364.10112
13.3000 2 7130.3168
13.4000 2 7707.0336
13.5000 2 7969.1776
13.6000 2 12488.54016
13.7000 2 15445.52448
13.8000 2 15204.352
13.9000 2 15204.352
14.0000 2 15361.6384
14.1000 2 15062.79424
14.2000 2 8199.86432
14.3000 2 7507.80416
14.4000 2 7633.63328
14.5000 2 10139.72992
14.6000 2 15476.98176
14.7000 2 10532.94592
14.8000 2 7843.34848
14.9000 2 7853.83424
15.0000 2 8524.92288
15.1000 2 14313.0624
15.2000 2 14480.83456
15.3000 2 14334.03392
15.4000 2 14533.26336
15.5000 2 14512.29184
15.6000 2 12892.24192
15.7000 2 7748.97664
15.8000 2 7906.26304
15.9000 2 8115.97824
16.0000 2 13505.65888
16.1000 2 11896.09472
16.2000 2 7193.23136
16.3000 2 7266.63168
16.4000 2 7256.14592
16.5000 2 11586.7648
16.6000 2 12373.1968
16.7000 2 12362.71104
16.8000 2 12782.14144
16.9000 2 13033.79968
17.0000 2 14742.97856
17.1000 2 13589.54496
17.2000 2 13474.2016
17.3000 2 11256.46336
17.4000 2 7822.37696
17.5000 2 5468.32384
17.6000 2 0.0
17.7000 2 2810.18368
17.8000 2 5326.76608
17.9000 2 6490.68544
18.0000 2 13044.28544
18.1000 2 12981.37088
18.2000 2 13012.82816
18.3000 2 13149.14304
18.4000 2 13044.28544
18.5000 2 13128.17152
18.6000 2 14680.064
18.7000 2 15403.58144
18.8000 2 15508.43904
18.9000 2 15456.01024
19.0000 2 9510.58432
19.1000 2 73.40032
19.2000 2 0.0
19.3000 2 0.0
19.4000 2 0.0
19.5000 2 0.0
19.6000 2 5683.28192
19.7000 2 14145.29024
19.8000 2 14145.29024
19.9000 2 14554.23488
20.0000 2 14942.208
20.1000 2 14879.29344
20.2000 2 14921.23648
20.3000 2 14984.15104
20.4000 2 15047.0656
20.5000 2 15057.55136
20.6000 2 15125.7088
20.7000 2 4833.93536
20.8000 2 2333.0816
20.9000 2 0.0
21.0000 2 73.40032
21.1000 2 408.94464
21.2000 2 8105.49248
21.3000 2 12373.1968
21.4000 2 16116.61312
21.5000 2 15948.84096
21.6000 2 15739.12576
21.7000 2 15833.4976
21.8000 2 15802.04032
21.9000 2 15686.69696
22.0000 2 15843.98336
22.1000 2 15655.23968
22.2000 2 10165.94432
22.3000 2 7575.9616
22.4000 2 901.77536
22.5000 2 0.0
22.6000 2 2946.49856
22.7000 2 7937.72032
22.8000 2 10464.78848
22.9000 2 11827.93728
23.0000 2 12215.9104
23.1000 2 13222.54336
23.2000 2 12519.99744
23.3000 2 13128.17152
23.4000 2 3869.24544
23.5000 2 9741.27104
23.6000 2 16032.72704
23.7000 2 14140.04736
23.8000 2 9751.7568
23.9000 2 0.0
24.0000 2 157.2864
24.1000 2 62.91456
24.2000 2 14711.52128
24.3000 2 17217.61792
24.4000 2 16462.6432
24.5000 2 16604.20096
24.6000 2 9531.55584
24.7000 2 6721.37216
24.8000 2 7193.23136
24.9000 2 8986.29632
25.0000 2 13400.80128
25.1000 2 13227.78624
25.2000 2 13516.14464
25.3000 2 5347.7376
25.4000 2 5463.08096
25.5000 2 5347.7376
25.6000 2 8566.86592
25.7000 2 13400.80128
25.8000 2 13400.80128
25.9000 2 13421.7728
26.0000 2 13463.71584
26.1000 2 13526.6304
26.2000 2 13385.07264
26.3000 2 20069.74464
26.4000 2 7748.97664
26.5000 2 7083.13088
26.6000 2 2013.26592
26.7000 2 4351.5904
26.8000 2 8105.49248
26.9000 2 8178.8928
27.0000 2 12016.68096
27.1000 2 18769.5104
27.2000 2 17060.33152
27.3000 2 15382.60992
27.4000 2 13379.82976
27.5000 2 293.60128
27.6000 2 14218.69056
27.7000 2 20331.88864
27.8000 2 19246.61248
27.9000 2 7607.41888
28.0000 2 6742.34368
28.1000 2 618.65984
28.2000 2 1782.5792
28.3000 2 8608.80896
28.4000 2 7665.09056
28.5000 2 12687.7696
28.6000 2 10810.81856
28.7000 2 18297.6512
28.8000 2 25910.31296
28.9000 2 15424.55296
29.0000 2 15634.26816
29.1000 2 15896.41216
29.2000 2 15398.33856
29.3000 2 9400.48384
29.4000 2 6480.19968
29.5000 2 0.0
29.6000 2 73.40032
29.7000 2 3303.0144
29.8000 2 7130.3168
29.9000 2 8420.06528
30.0000 2 15089.00864
30.1000 2 14952.69376
30.2000 2 15141.43744
30.3000 2 15277.75232
30.4000 2 15340.66688
30.5000 2 14512.29184
30.6000 2 14669.57824
30.7000 2 14402.19136
30.8000 2 14638.12096
30.9000 2 6883.90144
31.0000 2 3596.61568
31.1000 2 0.0
31.2000 2 0.0
31.3000 2 4278.19008
31.4000 2 7539.26144
31.5000 2 11429.4784
31.6000 2 13149.14304
31.7000 2 14617.14944
31.8000 2 15781.0688
31.9000 2 15749.61152
32.0000 2 15823.01184
32.1000 2 15802.04032
32.2000 2 15246.29504
32.3000 2 15020.8512
32.4000 2 12399.4112
32.5000 2 6637.48608
32.6000 2 0.0
32.7000 2 0.0
32.8000 2 0.0
32.9000 2 3690.98752
33.0000 2 7308.57472
33.1000 2 14501.80608
33.2000 2 14963.17952
33.3000 2 14187.23328
33.4000 2 9783.21408
33.5000 2 8566.86592
33.6000 2 13988.00384
33.7000 2 19608.3712
33.8000 2 18538.82368
33.9000 2 17694.72
34.0000 2 12336.49664
34.1000 2 7686.06208
34.2000 2 692.06016
34.3000 2 73.40032
34.4000 2 0.0
34.5000 2 6459.22816
34.6000 2 7570.71872
34.7000 2 13358.85824
34.8000 2 14008.97536
34.9000 2 14585.69216
35.0000 2 14386.46272
35.1000 2 14029.94688
35.2000 2 13820.23168
35.3000 2 13746.83136
35.4000 2 14029.94688
35.5000 2 14265.87648
35.6000 2 7455.37536
35.7000 2 6448.7424
35.8000 2 875.56096
35.9000 2 3418.35776
36.0000 2 7329.54624
36.1000 2 7182.7456
36.2000 2 7402.94656
36.3000 2 7570.71872
36.4000 2 7539.26144
36.5000 2 7539.26144
36.6000 2 7518.28992
36.7000 2 7444.8896
36.8000 2 7581.20448
36.9000 2 2815.42656
