0.1000 2 0.0
0.2000 2 178.25792
0.3000 2 14480.83456
0.4000 2 15497.95328
0.5000 2 15151.9232
0.6000 2 15277.75232
0.7000 2 15309.2096
0.8000 2 14711.52128
0.9000 2 15235.80928
1.0000 2 15256.7808
1.1000 2 14952.69376
1.2000 2 15361.6384
1.3000 2 16001.26976
1.4000 2 167.77216
1.5000 2 0.0
1.6000 2 0.0
1.7000 2 0.0
1.8000 2 0.0
1.9000 2 2831.1552
2.0000 2 15697.18272
2.1000 2 15770.58304
2.2000 2 15581.83936
2.3000 2 15393.09568
2.4000 2 15487.46752
2.5000 2 15099.4944
2.6000 2 14942.208
2.7000 2 14994.6368
2.8000 2 14952.69376
2.9000 2 14910.75072
3.0000 2 7843.34848
3.1000 2 0.0
3.2000 2 0.0
3.3000 2 0.0
3.4000 2 0.0
3.5000 2 0.0
3.6000 2 8965.3248
3.7000 2 16305.3568
3.8000 2 16032.72704
3.9000 2 16116.61312
4.0000 2 15927.86944
4.1000 2 15613.29664
4.2000 2 15823.01184
4.3000 2 15770.58304
4.4000 2 15833.4976
4.5000 2 15760.09728
4.6000 2 11251.22048
4.7000 2 0.0
4.8000 2 0.0
4.9000 2 0.0
5.0000 2 0.0
5.1000 2 0.0
5.2000 2 7874.80576
5.3000 2 15372.12416
5.4000 2 15634.26816
5.5000 2 15382.60992
5.6000 2 15445.52448
5.7000 2 15403.58144
5.8000 2 15529.41056
5.9000 2 15466.496
6.0000 2 15288.23808
6.1000 2 15456.01024
6.2000 2 13930.33216
6.3000 2 2700.0832
6.4000 2 73.40032
6.5000 2 0.0
6.6000 2 0.0
6.7000 2 0.0
6.8000 2 7969.1776
6.9000 2 15424.55296
7.0000 2 15288.23808
7.1000 2 15445.52448
7.2000 2 15319.69536
7.3000 2 15529.41056
7.4000 2 15539.89632
7.5000 2 15550.38208
7.6000 2 15466.496
7.7000 2 15555.62496
7.8000 2 10255.07328
7.9000 2 6034.55488
8.0000 2 0.0
8.1000 2 0.0
8.2000 2 3124.75648
8.3000 2 8168.40704
8.4000 2 9416.21248
8.5000 2 13746.83136
8.6000 2 13610.51648
8.7000 2 13662.94528
8.8000 2 13631.488
8.9000 2 13704.88832
9.0000 2 13872.66048
9.1000 2 13841.2032
9.2000 2 12231.63904
9.3000 2 7329.54624
9.4000 2 7612.66176
9.5000 2 8157.92128
9.6000 2 13044.28544
9.7000 2 13049.52832
9.8000 2 6291.456
9.9000 2 6511.65696
10.0000 2 7361.00352
10.1000 2 10968.10496
10.2000 2 10234.10176
10.3000 2 14805.89312
10.4000 2 17175.67488
10.5000 2 15550.38208
10.6000 2 15503.19616
10.7000 2 8829.00992
10.8000 2 6773.80096
10.9000 2 7298.08896
11.0000 2 11460.93568
11.1000 2 15508.43904
11.2000 2 13353.61536
11.3000 2 8095.00672
11.4000 2 8231.3216
11.5000 2 7423.91808
11.6000 2 16431.18592
11.7000 2 15875.44064
11.8000 2 15927.86944
11.9000 2 15896.41216
12.0000 2 13741.58848
12.1000 2 7675.57632
12.2000 2 7665.09056
12.3000 2 8294.23616
12.4000 2 14082.37568
12.5000 2 20111.68768
12.6000 2 8488.22272
12.7000 2 8231.3216
12.8000 2 8535.40864
12.9000 2 4487.90528
13.0000 2 408.94464
13.1000 2 555.74528
13.2000 2 566.23104
13.3000 2 4005.56032
13.4000 2 13442.74432
13.5000 2 5274.33728
13.6000 2 8524.92288
13.7000 2 7570.71872
13.8000 2 7591.69024
13.9000 2 10705.96096
14.0000 2 15739.12576
14.1000 2 14344.51968
14.2000 2 9830.4
14.3000 2 7612.66176
14.4000 2 7455.37536
14.5000 2 5583.6672
14.6000 2 4823.4496
14.7000 2 6752.82944
14.8000 2 7675.57632
14.9000 2 14313.0624
15.0000 2 13715.37408
15.1000 2 15172.89472
15.2000 2 14124.31872
15.3000 2 15351.15264
15.4000 2 14858.32192
15.5000 2 14449.37728
15.6000 2 15078.52288
15.7000 2 11392.77824
15.8000 2 8136.94976
15.9000 2 7387.21792
16.0000 2 1017.11872
16.1000 2 8063.54944
16.2000 2 7811.8912
16.3000 2 10485.76
16.4000 2 15162.40896
16.5000 2 14040.43264
16.6000 2 16378.75712
16.7000 2 15267.26656
16.8000 2 15235.80928
16.9000 2 15089.00864
17.0000 2 15246.29504
17.1000 2 13437.50144
17.2000 2 7098.85952
17.3000 2 8750.36672
17.4000 2 1384.12032
17.5000 2 2222.98112
17.6000 2 7539.26144
17.7000 2 7969.1776
17.8000 2 13170.11456
17.9000 2 13453.23008
18.0000 2 13568.57344
18.1000 2 13442.74432
18.2000 2 13568.57344
18.3000 2 13631.488
18.4000 2 13579.0592
18.5000 2 13610.51648
18.6000 2 13526.6304
18.7000 2 13316.9152
18.8000 2 10789.84704
18.9000 2 0.0
19.0000 2 73.40032
19.1000 2 0.0
19.2000 2 0.0
19.3000 2 0.0
19.4000 2 7329.54624
19.5000 2 15372.12416
19.6000 2 15414.0672
19.7000 2 15382.60992
19.8000 2 15340.66688
19.9000 2 15214.83776
20.0000 2 15225.32352
20.1000 2 15288.23808
20.2000 2 15393.09568
20.3000 2 11723.07968
20.4000 2 12132.02432
20.5000 2 9269.41184
20.6000 2 136.31488
20.7000 2 62.91456
20.8000 2 62.91456
20.9000 2 0.0
21.0000 2 73.40032
21.1000 2 8954.83904
21.2000 2 16861.10208
21.3000 2 15823.01184
21.4000 2 14281.60512
21.5000 2 15372.12416
21.6000 2 15571.3536
21.7000 2 15309.2096
21.8000 2 15980.29824
21.9000 2 15802.04032
22.0000 2 15969.81248
22.1000 2 13621.00224
22.2000 2 157.2864
22.3000 2 0.0
22.4000 2 0.0
22.5000 2 5033.1648
22.6000 2 9615.44192
22.7000 2 15518.9248
22.8000 2 15529.41056
22.9000 2 15246.29504
23.0000 2 15456.01024
23.1000 2 15382.60992
23.2000 2 15393.09568
23.3000 2 15414.0672
23.4000 2 15382.60992
23.5000 2 12902.72768
23.6000 2 6647.97184
23.7000 2 5940.18304
23.8000 2 0.0
23.9000 2 7119.83104
24.0000 2 8063.54944
24.1000 2 9500.09856
24.2000 2 15854.46912
24.3000 2 15823.01184
24.4000 2 15760.09728
24.5000 2 15634.26816
24.6000 2 15781.0688
24.7000 2 15875.44064
24.8000 2 15922.62656
24.9000 2 10842.27584
25.0000 2 7549.7472
25.1000 2 7696.54784
25.2000 2 2689.59744
25.3000 2 7801.40544
25.4000 2 8021.6064
25.5000 2 10569.64608
25.6000 2 13463.71584
25.7000 2 14627.6352
25.8000 2 14732.4928
25.9000 2 14690.54976
26.0000 2 14784.9216
26.1000 2 14774.43584
26.2000 2 14805.89312
26.3000 2 12609.1264
26.4000 2 6490.68544
26.5000 2 6731.85792
26.6000 2 7502.56128
26.7000 2 4655.67744
26.8000 2 6207.56992
26.9000 2 10349.44512
27.0000 2 12761.16992
27.1000 2 15403.58144
27.2000 2 15445.52448
27.3000 2 15382.60992
27.4000 2 15267.26656
27.5000 2 15414.0672
27.6000 2 15393.09568
27.7000 2 11602.49344
27.8000 2 6585.05728
27.9000 2 6553.6
28.0000 2 7497.3184
28.1000 2 12892.24192
28.2000 2 8451.52256
28.3000 2 8441.0368
28.4000 2 8587.83744
28.5000 2 14187.23328
28.6000 2 14722.00704
28.7000 2 14669.57824
28.8000 2 14711.52128
28.9000 2 14659.09248
29.0000 2 14627.6352
29.1000 2 12944.67072
29.2000 2 6406.79936
29.3000 2 7423.91808
29.4000 2 7979.66336
29.5000 2 12876.51328
29.6000 2 11025.77664
29.7000 2 7790.91968
29.8000 2 7916.7488
29.9000 2 9384.7552
30.0000 2 15875.44064
30.1000 2 15655.23968
30.2000 2 15864.95488
30.3000 2 15833.4976
30.4000 2 15681.45408
30.5000 2 9804.1856
30.6000 2 7623.14752
30.7000 2 7874.80576
30.8000 2 9374.26944
30.9000 2 16378.75712
31.0000 2 11497.63584
31.1000 2 7277.11744
31.2000 2 7990.14912
31.3000 2 11230.24896
31.4000 2 15938.3552
31.5000 2 15875.44064
31.6000 2 15728.64
31.7000 2 15707.66848
31.8000 2 15912.1408
31.9000 2 8451.52256
32.0000 2 7686.06208
32.1000 2 7874.80576
32.2000 2 11439.96416
32.3000 2 15408.82432
32.4000 2 7990.14912
32.5000 2 7885.29152
32.6000 2 8157.92128
32.7000 2 11953.7664
32.8000 2 16368.27136
32.9000 2 15015.60832
33.0000 2 15036.57984
33.1000 2 15109.98016
33.2000 2 15199.10912
33.3000 2 9500.09856
33.4000 2 7329.54624
33.5000 2 7319.06048
33.6000 2 6941.57312
33.7000 2 12383.68256
33.8000 2 13951.30368
33.9000 2 7612.66176
34.0000 2 7654.6048
34.1000 2 8388.608
34.2000 2 15172.89472
34.3000 2 15047.0656
34.4000 2 15015.60832
34.5000 2 15068.03712
34.6000 2 15073.28
34.7000 2 10391.38816
34.8000 2 6637.48608
34.9000 2 6742.34368
35.0000 2 9636.41344
35.1000 2 14805.89312
35.2000 2 14706.2784
35.3000 2 8084.52096
35.4000 2 8199.86432
35.5000 2 8283.7504
35.6000 2 8420.06528
35.7000 2 8325.69344
35.8000 2 8420.06528
35.9000 2 8388.608
36.0000 2 2679.11168
