0.1000 2 0.0
0.2000 2 262.144
0.3000 2 11869.88032
0.4000 2 13746.83136
0.5000 2 13683.9168
0.6000 2 13725.85984
0.7000 2 13621.00224
0.8000 2 13589.54496
0.9000 2 11712.59392
1.0000 2 9741.27104
1.1000 2 8262.77888
1.2000 2 8126.464
1.3000 2 4210.03264
1.4000 2 12540.96896
1.5000 2 11010.048
1.6000 2 9332.3264
1.7000 2 13516.14464
1.8000 2 19928.18688
1.9000 2 10517.21728
2.0000 2 8063.54944
2.1000 2 8147.43552
2.2000 2 10202.64448
2.3000 2 16452.15744
2.4000 2 16284.38528
2.5000 2 16315.84256
2.6000 2 13794.01728
2.7000 2 9762.24256
2.8000 2 10737.41824
2.9000 2 8325.69344
3.0000 2 11848.9088
3.1000 2 16321.08544
3.2000 2 13893.632
3.3000 2 7790.91968
3.4000 2 8000.63488
3.5000 2 8315.20768
3.6000 2 14061.40416
3.7000 2 16074.67008
3.8000 2 15906.89792
3.9000 2 14313.0624
4.0000 2 14098.10432
4.1000 2 7539.26144
4.2000 2 7507.80416
4.3000 2 7979.66336
4.4000 2 15424.55296
4.5000 2 15744.36864
4.6000 2 15047.0656
4.7000 2 7748.97664
4.8000 2 7958.69184
4.9000 2 8074.0352
5.0000 2 12970.88512
5.1000 2 15319.69536
5.2000 2 15697.18272
5.3000 2 15104.73728
5.4000 2 8902.41024
5.5000 2 6585.05728
5.6000 2 6910.11584
5.7000 2 10422.84544
5.8000 2 10496.24576
5.9000 2 17752.39168
6.0000 2 18208.52224
6.1000 2 11806.96576
6.2000 2 7822.37696
6.3000 2 8095.00672
6.4000 2 7906.26304
6.5000 2 15414.0672
6.6000 2 15718.15424
6.7000 2 15964.5696
6.8000 2 8923.38176
6.9000 2 8462.00832
7.0000 2 8367.63648
7.1000 2 11880.36608
7.2000 2 16158.55616
7.3000 2 16174.2848
7.4000 2 16305.3568
7.5000 2 8273.26464
7.6000 2 8273.26464
7.7000 2 8566.86592
7.8000 2 13421.7728
7.9000 2 16336.81408
8.0000 2 16111.37024
8.1000 2 10999.56224
8.2000 2 6553.6
8.3000 2 6375.34208
8.4000 2 7277.11744
8.5000 2 13893.632
8.6000 2 13988.00384
8.7000 2 13704.88832
8.8000 2 13841.2032
8.9000 2 13951.30368
9.0000 2 13274.97216
9.1000 2 7927.23456
9.2000 2 7937.72032
9.3000 2 8136.94976
9.4000 2 13773.04576
9.5000 2 8273.26464
9.6000 2 7885.29152
9.7000 2 8157.92128
9.8000 2 12457.08288
9.9000 2 16169.04192
10.0000 2 16106.12736
10.1000 2 14596.17792
10.2000 2 12278.82496
10.3000 2 15492.7104
10.4000 2 13516.14464
10.5000 2 6668.94336
10.6000 2 7014.97344
10.7000 2 9657.38496
10.8000 2 15534.65344
10.9000 2 11565.79328
11.0000 2 2506.09664
11.1000 2 4613.7344
11.2000 2 8608.80896
11.3000 2 16410.2144
11.4000 2 14753.46432
11.5000 2 13641.97376
11.6000 2 13925.08928
11.7000 2 14176.74752
11.8000 2 14176.74752
11.9000 2 13322.15808
12.0000 2 13107.2
12.1000 2 8136.94976
12.2000 2 7743.73376
12.3000 2 1059.06176
12.4000 2 566.23104
12.5000 2 9374.26944
12.6000 2 8399.09376
12.7000 2 15235.80928
12.8000 2 16190.01344
12.9000 2 15036.57984
13.0000 2 15120.46592
13.1000 2 16200.4992
13.2000 2 16378.75712
13.3000 2 16247.68512
13.4000 2 14459.86304
13.5000 2 7916.7488
13.6000 2 7843.34848
13.7000 2 4618.97728
13.8000 2 5588.91008
13.9000 2 7497.3184
14.0000 2 7927.23456
14.1000 2 15309.2096
14.2000 2 15602.81088
14.3000 2 15802.04032
14.4000 2 15644.75392
14.5000 2 15655.23968
14.6000 2 14564.72064
14.7000 2 13159.6288
14.8000 2 13080.9856
14.9000 2 13295.94368
15.0000 2 9473.88416
15.1000 2 975.17568
15.2000 2 0.0
15.3000 2 0.0
15.4000 2 0.0
15.5000 2 471.8592
15.6000 2 9216.98304
15.7000 2 11681.13664
15.8000 2 13505.65888
15.9000 2 13851.68896
16.0000 2 13683.9168
16.1000 2 14543.74912
16.2000 2 15948.84096
16.3000 2 15885.9264
16.4000 2 16001.26976
16.5000 2 15927.86944
16.6000 2 15456.01024
16.7000 2 7298.08896
16.8000 2 83.88608
16.9000 2 73.40032
17.0000 2 73.40032
17.1000 2 73.40032
17.2000 2 0.0
17.3000 2 10622.07488
17.4000 2 15581.83936
17.5000 2 15518.9248
17.6000 2 16273.89952
17.7000 2 16179.52768
17.8000 2 16242.44224
17.9000 2 16221.47072
18.0000 2 16252.928
18.1000 2 16116.61312
18.2000 2 16242.44224
18.3000 2 8136.94976
18.4000 2 73.40032
18.5000 2 0.0
18.6000 2 73.40032
18.7000 2 73.40032
18.8000 2 503.31648
18.9000 2 11691.6224
19.0000 2 15214.83776
19.1000 2 15340.66688
19.2000 2 15351.15264
19.3000 2 14417.92
19.4000 2 13946.0608
19.5000 2 14019.46112
19.6000 2 13893.632
19.7000 2 15277.75232
19.8000 2 16310.59968
19.9000 2 8965.3248
20.0000 2 7921.99168
20.1000 2 629.1456
20.2000 2 0.0
20.3000 2 4582.27712
20.4000 2 4571.79136
20.5000 2 13600.03072
20.6000 2 17490.24768
20.7000 2 15026.09408
20.8000 2 14984.15104
20.9000 2 14921.23648
21.0000 2 15047.0656
21.1000 2 13327.40096
21.2000 2 10129.24416
21.3000 2 14685.30688
21.4000 2 11712.59392
21.5000 2 10239.34464
21.6000 2 3282.04288
21.7000 2 3208.64256
21.8000 2 7853.83424
21.9000 2 8011.12064
22.0000 2 12813.59872
22.1000 2 15361.6384
22.2000 2 15330.18112
22.3000 2 15330.18112
22.4000 2 15319.69536
22.5000 2 15372.12416
22.6000 2 15361.6384
22.7000 2 15115.22304
22.8000 2 6585.05728
22.9000 2 6647.97184
23.0000 2 7313.8176
23.1000 2 8451.52256
23.2000 2 8084.52096
23.3000 2 7895.77728
23.4000 2 8336.1792
23.5000 2 15686.69696
23.6000 2 16410.2144
23.7000 2 16148.0704
23.8000 2 16158.55616
23.9000 2 15686.69696
24.0000 2 15676.2112
24.1000 2 13133.4144
24.2000 2 8336.1792
24.3000 2 8241.80736
24.4000 2 8519.68
24.5000 2 7801.40544
24.6000 2 8074.0352
24.7000 2 8053.06368
24.8000 2 11481.9072
24.9000 2 15802.04032
25.0000 2 15739.12576
25.1000 2 15728.64
25.2000 2 15550.38208
25.3000 2 15550.38208
25.4000 2 15414.0672
25.5000 2 12588.15488
25.6000 2 7748.97664
25.7000 2 8005.87776
25.8000 2 6815.744
25.9000 2 7581.20448
26.0000 2 7948.20608
26.1000 2 8126.464
26.2000 2 12551.45472
26.3000 2 15707.66848
26.4000 2 15927.86944
26.5000 2 14512.29184
26.6000 2 13180.60032
26.7000 2 13138.65728
26.8000 2 14748.22144
26.9000 2 9625.92768
27.0000 2 8262.77888
27.1000 2 8503.95136
27.2000 2 11476.66432
27.3000 2 13149.14304
27.4000 2 6574.57152
27.5000 2 9374.26944
27.6000 2 8608.80896
27.7000 2 13746.83136
27.8000 2 14029.94688
27.9000 2 13988.00384
28.0000 2 12907.97056
28.1000 2 12918.45632
28.2000 2 12902.72768
28.3000 2 8325.69344
28.4000 2 8304.72192
28.5000 2 8650.752
28.6000 2 13337.88672
28.7000 2 17925.40672
28.8000 2 13914.60352
28.9000 2 7843.34848
29.0000 2 7748.97664
29.1000 2 8189.37856
29.2000 2 11827.93728
29.3000 2 12960.39936
29.4000 2 12907.97056
29.5000 2 3911.18848
29.6000 2 10333.71648
29.7000 2 11576.27904
29.8000 2 10674.50368
29.9000 2 8021.6064
30.0000 2 11754.53696
30.1000 2 18738.05312
30.2000 2 15854.46912
30.3000 2 15891.16928
30.4000 2 4582.27712
30.5000 2 3397.38624
30.6000 2 335.54432
30.7000 2 1006.63296
30.8000 2 681.5744
30.9000 2 0.0
31.0000 2 11922.30912
31.1000 2 21223.17824
31.2000 2 17846.76352
31.3000 2 11964.25216
31.4000 2 3690.98752
31.5000 2 3565.1584
31.6000 2 13615.75936
31.7000 2 10800.3328
31.8000 2 62.91456
31.9000 2 597.68832
32.0000 2 6301.94176
32.1000 2 0.0
32.2000 2 14669.57824
32.3000 2 27488.41984
32.4000 2 8357.15072
32.5000 2 8388.608
32.6000 2 6071.25504
32.7000 2 6679.42912
32.8000 2 15235.80928
32.9000 2 10517.21728
33.0000 2 21464.35072
33.1000 2 16525.55776
33.2000 2 15188.62336
33.3000 2 8420.06528
33.4000 2 7895.77728
33.5000 2 7832.86272
33.6000 2 10931.4048
33.7000 2 13254.00064
33.8000 2 7759.4624
33.9000 2 7748.97664
34.0000 2 8336.1792
34.1000 2 14680.064
34.2000 2 16242.44224
34.3000 2 16137.58464
34.4000 2 15938.3552
34.5000 2 16200.4992
34.6000 2 10134.48704
34.7000 2 8252.29312
34.8000 2 8378.12224
34.9000 2 8472.49408
35.0000 2 1389.3632
