0.1000 2 0.0
0.2000 2 188.74368
0.3000 2 12519.99744
0.4000 2 13285.45792
0.5000 2 13474.2016
0.6000 2 13453.23008
0.7000 2 14994.6368
0.8000 2 15466.496
0.9000 2 15497.95328
1.0000 2 15414.0672
1.1000 2 15497.95328
1.2000 2 15393.09568
1.3000 2 15571.3536
1.4000 2 3732.93056
1.5000 2 0.0
1.6000 2 0.0
1.7000 2 0.0
1.8000 2 0.0
1.9000 2 0.0
2.0000 2 62.91456
2.1000 2 6448.7424
2.2000 2 8829.00992
2.3000 2 14638.12096
2.4000 2 16294.87104
2.5000 2 8409.57952
2.6000 2 8346.66496
2.7000 2 8577.35168
2.8000 2 14355.00544
2.9000 2 21642.60864
3.0000 2 17028.87424
3.1000 2 16640.90112
3.2000 2 16625.17248
3.3000 2 10118.7584
3.4000 2 8278.50752
3.5000 2 2768.24064
3.6000 2 0.0
3.7000 2 2831.1552
3.8000 2 7046.43072
3.9000 2 8262.77888
4.0000 2 13904.11776
4.1000 2 18014.53568
4.2000 2 8409.57952
4.3000 2 8409.57952
4.4000 2 8503.95136
4.5000 2 11083.44832
4.6000 2 19870.5152
4.7000 2 16074.67008
4.8000 2 8493.4656
4.9000 2 4807.72096
5.0000 2 8870.95296
5.1000 2 9505.34144
5.2000 2 3072.32768
5.3000 2 5997.85472
5.4000 2 12289.31072
5.5000 2 8870.95296
5.6000 2 11859.39456
5.7000 2 12771.65568
5.8000 2 9447.66976
5.9000 2 16315.84256
6.0000 2 17416.84736
6.1000 2 15581.83936
6.2000 2 12168.72448
6.3000 2 6113.19808
6.4000 2 6259.99872
6.5000 2 6155.14112
6.6000 2 5945.42592
6.7000 2 14921.23648
6.8000 2 14339.2768
6.9000 2 13851.68896
7.0000 2 7769.94816
7.1000 2 6595.54304
7.2000 2 8839.49568
7.3000 2 8336.1792
7.4000 2 15634.26816
7.5000 2 14438.89152
7.6000 2 14265.87648
7.7000 2 9909.0432
7.8000 2 7654.6048
7.9000 2 6941.57312
8.0000 2 7455.37536
8.1000 2 12006.1952
8.2000 2 15718.15424
8.3000 2 16410.2144
8.4000 2 16404.97152
8.5000 2 12582.912
8.6000 2 8608.80896
8.7000 2 8420.06528
8.8000 2 8608.80896
8.9000 2 11995.70944
9.0000 2 14611.90656
9.1000 2 8262.77888
9.2000 2 6689.91488
9.3000 2 7014.97344
9.4000 2 7340.032
9.5000 2 11744.0512
9.6000 2 13893.632
9.7000 2 14113.83296
9.8000 2 14124.31872
9.9000 2 14171.50464
10.0000 2 10936.64768
10.1000 2 6228.54144
10.2000 2 6102.71232
10.3000 2 6637.48608
10.4000 2 8996.78208
10.5000 2 10978.59072
10.6000 2 14098.10432
10.7000 2 13883.14624
10.8000 2 11408.50688
10.9000 2 8168.40704
11.0000 2 8157.92128
11.1000 2 13180.60032
11.2000 2 14501.80608
11.3000 2 14826.86464
11.4000 2 14936.96512
11.5000 2 9888.07168
11.6000 2 8032.09216
11.7000 2 8105.49248
11.8000 2 8462.00832
11.9000 2 12886.99904
12.0000 2 14486.07744
12.1000 2 14449.37728
12.2000 2 7927.23456
12.3000 2 6973.0304
12.4000 2 7035.94496
12.5000 2 7476.34688
12.6000 2 11565.79328
12.7000 2 11943.28064
12.8000 2 12111.0528
12.9000 2 13809.74592
13.0000 2 13416.52992
13.1000 2 7465.86112
13.2000 2 9793.69984
13.3000 2 13621.00224
13.4000 2 13442.74432
13.5000 2 13589.54496
13.6000 2 13767.80288
13.7000 2 14077.1328
13.8000 2 14847.83616
13.9000 2 7916.7488
14.0000 2 7392.4608
14.1000 2 7455.37536
14.2000 2 7481.58976
14.3000 2 10653.53216
14.4000 2 7014.97344
14.5000 2 7088.37376
14.6000 2 7539.26144
14.7000 2 8535.40864
14.8000 2 13516.14464
14.9000 2 14061.40416
15.0000 2 14113.83296
15.1000 2 14082.37568
15.2000 2 13961.78944
15.3000 2 11544.82176
15.4000 2 7853.83424
15.5000 2 7769.94816
15.6000 2 7969.1776
15.7000 2 10664.01792
15.8000 2 13788.7744
15.9000 2 13804.50304
16.0000 2 10433.3312
16.1000 2 8283.7504
16.2000 2 7769.94816
16.3000 2 8357.15072
16.4000 2 12645.82656
16.5000 2 15686.69696
16.6000 2 15618.53952
16.7000 2 15036.57984
16.8000 2 7832.86272
16.9000 2 7853.83424
17.0000 2 8042.57792
17.1000 2 9573.49888
17.2000 2 16200.4992
17.3000 2 16237.19936
17.4000 2 13233.02912
17.5000 2 8430.55104
17.6000 2 8587.83744
17.7000 2 8420.06528
17.8000 2 11135.87712
17.9000 2 14501.80608
18.0000 2 14370.73408
18.1000 2 11387.53536
18.2000 2 6176.11264
18.3000 2 6155.14112
18.4000 2 6207.56992
18.5000 2 7717.51936
18.6000 2 12677.28384
18.7000 2 17490.24768
18.8000 2 14742.97856
18.9000 2 14407.43424
19.0000 2 14496.5632
19.1000 2 13893.632
19.2000 2 8147.43552
19.3000 2 8178.8928
19.4000 2 8341.42208
19.5000 2 5347.7376
19.6000 2 8420.06528
19.7000 2 8441.0368
19.8000 2 8231.3216
19.9000 2 12016.68096
20.0000 2 15036.57984
20.1000 2 15466.496
20.2000 2 16315.84256
20.3000 2 16273.89952
20.4000 2 16216.22784
20.5000 2 15351.15264
20.6000 2 7937.72032
20.7000 2 8168.40704
20.8000 2 8320.45056
20.9000 2 6165.62688
21.0000 2 2369.78176
21.1000 2 5546.96704
21.2000 2 11691.6224
21.3000 2 14239.66208
21.4000 2 15445.52448
21.5000 2 15445.52448
21.6000 2 16305.3568
21.7000 2 16210.98496
21.8000 2 15372.12416
21.9000 2 15178.1376
22.0000 2 9961.472
22.1000 2 8325.69344
22.2000 2 8388.608
22.3000 2 8540.65152
22.4000 2 6081.7408
22.5000 2 8388.608
22.6000 2 8095.00672
22.7000 2 9353.29792
22.8000 2 16074.67008
22.9000 2 16378.75712
23.0000 2 16064.18432
23.1000 2 16315.84256
23.2000 2 16315.84256
23.3000 2 16635.65824
23.4000 2 11146.36288
23.5000 2 8378.12224
23.6000 2 8362.3936
23.7000 2 6186.5984
23.8000 2 5410.65216
23.9000 2 8011.12064
24.0000 2 7937.72032
24.1000 2 11481.9072
24.2000 2 16441.67168
24.3000 2 16525.55776
24.4000 2 16357.7856
24.5000 2 16452.15744
24.6000 2 16588.47232
24.7000 2 16562.25792
24.8000 2 11408.50688
24.9000 2 7916.7488
25.0000 2 8194.62144
25.1000 2 3974.10304
25.2000 2 5872.0256
25.3000 2 8283.7504
25.4000 2 7958.69184
25.5000 2 9909.0432
25.6000 2 18108.90752
25.7000 2 15896.41216
25.8000 2 16190.01344
25.9000 2 16536.04352
26.0000 2 16494.10048
26.1000 2 15031.33696
26.2000 2 12530.4832
26.3000 2 8021.6064
26.4000 2 8173.64992
26.5000 2 4529.84832
26.6000 2 2579.49696
26.7000 2 8084.52096
26.8000 2 8273.26464
26.9000 2 9185.52576
27.0000 2 15130.95168
27.1000 2 15026.09408
27.2000 2 14742.97856
27.3000 2 15047.0656
27.4000 2 15896.41216
27.5000 2 16205.74208
27.6000 2 15193.86624
27.7000 2 8514.43712
27.8000 2 8409.57952
27.9000 2 8393.85088
28.0000 2 3670.016
28.1000 2 8063.54944
28.2000 2 8063.54944
28.3000 2 8210.35008
28.4000 2 13568.57344
28.5000 2 13505.65888
28.6000 2 15456.01024
28.7000 2 15812.52608
28.8000 2 16074.67008
28.9000 2 16336.81408
29.0000 2 16425.94304
29.1000 2 11586.7648
29.2000 2 8524.92288
29.3000 2 10228.85888
29.4000 2 10611.58912
29.5000 2 8000.63488
29.6000 2 7696.54784
29.7000 2 8074.0352
29.8000 2 14805.89312
29.9000 2 16043.2128
30.0000 2 15812.52608
30.1000 2 16148.0704
30.2000 2 15450.76736
30.3000 2 15141.43744
30.4000 2 7256.14592
30.5000 2 8126.464
30.6000 2 8241.80736
30.7000 2 9190.76864
30.8000 2 12331.25376
30.9000 2 7885.29152
31.0000 2 7235.1744
31.1000 2 6280.97024
31.2000 2 4624.22016
31.3000 2 16682.84416
31.4000 2 20059.25888
31.5000 2 18182.30784
31.6000 2 16661.87264
31.7000 2 13091.47136
31.8000 2 9437.184
31.9000 2 8629.78048
32.0000 2 8388.608
32.1000 2 8614.05184
32.2000 2 10475.27424
32.3000 2 10118.7584
32.4000 2 10779.36128
32.5000 2 8315.20768
32.6000 2 12656.31232
32.7000 2 16284.38528
32.8000 2 15917.38368
32.9000 2 15403.58144
33.0000 2 7235.1744
33.1000 2 2768.24064
33.2000 2 3297.77152
33.3000 2 73.40032
33.4000 2 5358.22336
33.5000 2 9416.21248
33.6000 2 9856.6144
33.7000 2 13725.85984
33.8000 2 14858.32192
33.9000 2 15047.0656
34.0000 2 14391.7056
34.1000 2 11356.07808
34.2000 2 7549.7472
34.3000 2 6805.25824
34.4000 2 7434.40384
34.5000 2 12593.39776
34.6000 2 16200.4992
34.7000 2 8939.1104
34.8000 2 8189.37856
34.9000 2 8262.77888
35.0000 2 8336.1792
35.1000 2 8682.20928
35.2000 2 8629.78048
35.3000 2 8598.3232
35.4000 2 1903.16544
