0.1000 2 0.0
0.2000 2 178.25792
0.3000 2 14480.83456
0.4000 2 15403.58144
0.5000 2 15718.15424
0.6000 2 15990.784
0.7000 2 15938.3552
0.8000 2 15718.15424
0.9000 2 16011.75552
1.0000 2 15885.9264
1.1000 2 20583.54688
1.2000 2 12792.6272
1.3000 2 6658.4576
1.4000 2 0.0
1.5000 2 0.0
1.6000 2 0.0
1.7000 2 0.0
1.8000 2 0.0
1.9000 2 12991.85664
2.0000 2 16326.32832
2.1000 2 16169.04192
2.2000 2 15812.52608
2.3000 2 15141.43744
2.4000 2 15246.29504
2.5000 2 15309.2096
2.6000 2 15330.18112
2.7000 2 15235.80928
2.8000 2 15319.69536
2.9000 2 10622.07488
3.0000 2 62.91456
3.1000 2 0.0
3.2000 2 0.0
3.3000 2 0.0
3.4000 2 0.0
3.5000 2 7686.06208
3.6000 2 15938.3552
3.7000 2 16064.18432
3.8000 2 16106.12736
3.9000 2 15707.66848
4.0000 2 15476.98176
4.1000 2 15393.09568
4.2000 2 15592.32512
4.3000 2 15571.3536
4.4000 2 15518.9248
4.5000 2 13274.97216
4.6000 2 838.8608
4.7000 2 0.0
4.8000 2 0.0
4.9000 2 0.0
5.0000 2 0.0
5.1000 2 8136.94976
5.2000 2 15005.12256
5.3000 2 15068.03712
5.4000 2 15225.32352
5.5000 2 15078.52288
5.6000 2 15068.03712
5.7000 2 15130.95168
5.8000 2 15298.72384
5.9000 2 15948.84096
6.0000 2 15843.98336
6.1000 2 14769.19296
6.2000 2 2899.31264
6.3000 2 0.0
6.4000 2 0.0
6.5000 2 0.0
6.6000 2 0.0
6.7000 2 4582.27712
6.8000 2 15476.98176
6.9000 2 15393.09568
7.0000 2 15728.64
7.1000 2 15057.55136
7.2000 2 15183.38048
7.3000 2 15183.38048
7.4000 2 15277.75232
7.5000 2 15246.29504
7.6000 2 15256.7808
7.7000 2 15078.52288
7.8000 2 5966.39744
7.9000 2 0.0
8.0000 2 0.0
8.1000 2 0.0
8.2000 2 0.0
8.3000 2 1698.69312
8.4000 2 14585.69216
8.5000 2 16085.15584
8.6000 2 15885.9264
8.7000 2 15456.01024
8.8000 2 15906.89792
8.9000 2 15980.29824
9.0000 2 16158.55616
9.1000 2 16137.58464
9.2000 2 15948.84096
9.3000 2 15282.9952
9.4000 2 4314.89024
9.5000 2 0.0
9.6000 2 0.0
9.7000 2 0.0
9.8000 2 0.0
9.9000 2 0.0
10.0000 2 10884.21888
10.1000 2 14543.74912
10.2000 2 15602.81088
10.3000 2 16043.2128
10.4000 2 15781.0688
10.5000 2 15456.01024
10.6000 2 15466.496
10.7000 2 15833.4976
10.8000 2 15938.3552
10.9000 2 15896.41216
11.0000 2 11880.36608
11.1000 2 62.91456
11.2000 2 0.0
11.3000 2 0.0
11.4000 2 0.0
11.5000 2 0.0
11.6000 2 9867.10016
11.7000 2 15623.7824
11.8000 2 15529.41056
11.9000 2 13400.80128
12.0000 2 14040.43264
12.1000 2 15414.0672
12.2000 2 15581.83936
12.3000 2 15655.23968
12.4000 2 15917.38368
12.5000 2 16074.67008
12.6000 2 10344.20224
12.7000 2 5856.29696
12.8000 2 73.40032
12.9000 2 0.0
13.0000 2 2694.84032
13.1000 2 8273.26464
13.2000 2 8839.49568
13.3000 2 16106.12736
13.4000 2 16043.2128
13.5000 2 16022.24128
13.6000 2 15959.32672
13.7000 2 16032.72704
13.8000 2 16064.18432
13.9000 2 16032.72704
14.0000 2 13993.24672
14.1000 2 7948.20608
14.2000 2 8037.33504
14.3000 2 1499.46368
14.4000 2 6354.37056
14.5000 2 8199.86432
14.6000 2 9405.72672
14.7000 2 15718.15424
14.8000 2 15644.75392
14.9000 2 15676.2112
15.0000 2 15938.3552
15.1000 2 15938.3552
15.2000 2 16032.72704
15.3000 2 16085.15584
15.4000 2 10249.8304
15.5000 2 7654.6048
15.6000 2 8021.6064
15.7000 2 5090.83648
15.8000 2 7654.6048
15.9000 2 8042.57792
16.0000 2 11261.70624
16.1000 2 15581.83936
16.2000 2 16022.24128
16.3000 2 15959.32672
16.4000 2 16001.26976
16.5000 2 16032.72704
16.6000 2 16116.61312
16.7000 2 14811.136
16.8000 2 7686.06208
16.9000 2 7843.34848
17.0000 2 7848.59136
17.1000 2 5337.25184
17.2000 2 7612.66176
17.3000 2 8220.83584
17.4000 2 13358.85824
17.5000 2 15456.01024
17.6000 2 15382.60992
17.7000 2 15372.12416
17.8000 2 15456.01024
17.9000 2 15476.98176
18.0000 2 15466.496
18.1000 2 11801.72288
18.2000 2 6501.1712
18.3000 2 6742.34368
18.4000 2 7916.7488
18.5000 2 11791.23712
18.6000 2 8357.15072
18.7000 2 8315.20768
18.8000 2 9237.95456
18.9000 2 15372.12416
19.0000 2 15864.95488
19.1000 2 15456.01024
19.2000 2 15927.86944
19.3000 2 15969.81248
19.4000 2 16048.45568
19.5000 2 7769.94816
19.6000 2 7665.09056
19.7000 2 7969.1776
19.8000 2 11901.3376
19.9000 2 10407.1168
20.0000 2 6427.77088
20.1000 2 6731.85792
20.2000 2 8881.43872
20.3000 2 14984.15104
20.4000 2 15613.29664
20.5000 2 15927.86944
20.6000 2 16116.61312
20.7000 2 16242.44224
20.8000 2 16053.69856
20.9000 2 10155.45856
21.0000 2 7853.83424
21.1000 2 7927.23456
21.2000 2 10774.1184
21.3000 2 8986.29632
21.4000 2 8063.54944
21.5000 2 8199.86432
21.6000 2 12425.6256
21.7000 2 15959.32672
21.8000 2 15948.84096
21.9000 2 15980.29824
22.0000 2 16106.12736
22.1000 2 16011.75552
22.2000 2 14454.62016
22.3000 2 7707.0336
22.4000 2 7790.91968
22.5000 2 8157.92128
22.6000 2 10711.20384
22.7000 2 3670.016
22.8000 2 9814.67136
22.9000 2 8336.1792
23.0000 2 14313.0624
23.1000 2 13746.83136
23.2000 2 16116.61312
23.3000 2 16022.24128
23.4000 2 16001.26976
23.5000 2 15361.6384
23.6000 2 0.0
23.7000 2 28778.16832
23.8000 2 11544.82176
23.9000 2 3334.47168
24.0000 2 12200.18176
24.1000 2 3397.38624
24.2000 2 7340.032
24.3000 2 7371.48928
24.4000 2 15634.26816
24.5000 2 14512.29184
24.6000 2 241.17248
24.7000 2 16336.81408
24.8000 2 21705.5232
24.9000 2 15497.95328
25.0000 2 16777.216
25.1000 2 10643.0464
25.2000 2 10564.4032
25.3000 2 11869.88032
25.4000 2 3664.77312
25.5000 2 0.0
25.6000 2 146.80064
25.7000 2 62.91456
25.8000 2 10548.67456
25.9000 2 23267.90144
26.0000 2 18234.73664
26.1000 2 18339.59424
26.2000 2 17563.648
26.3000 2 11932.79488
26.4000 2 14973.66528
26.5000 2 17532.19072
26.6000 2 18454.9376
26.7000 2 16483.61472
26.8000 2 8608.80896
26.9000 2 73.40032
27.0000 2 73.40032
27.1000 2 0.0
27.2000 2 73.40032
27.3000 2 0.0
27.4000 2 10328.4736
27.5000 2 15539.89632
27.6000 2 13830.71744
27.7000 2 3502.24384
27.8000 2 14921.23648
27.9000 2 17815.30624
28.0000 2 21810.3808
28.1000 2 20373.83168
28.2000 2 16378.75712
28.3000 2 16446.91456
28.4000 2 11550.06464
28.5000 2 954.20416
28.6000 2 157.2864
28.7000 2 73.40032
28.8000 2 0.0
28.9000 2 2527.06816
29.0000 2 10926.16192
29.1000 2 16462.6432
29.2000 2 15529.41056
29.3000 2 15487.46752
29.4000 2 15560.86784
29.5000 2 15686.69696
29.6000 2 15456.01024
29.7000 2 15655.23968
29.8000 2 15539.89632
29.9000 2 15529.41056
30.0000 2 8629.78048
30.1000 2 73.40032
30.2000 2 73.40032
30.3000 2 73.40032
30.4000 2 73.40032
30.5000 2 1436.54912
30.6000 2 11502.87872
30.7000 2 15665.72544
30.8000 2 16106.12736
30.9000 2 16022.24128
31.0000 2 15959.32672
31.1000 2 16399.72864
31.2000 2 16032.72704
31.3000 2 16305.3568
31.4000 2 16221.47072
31.5000 2 16357.7856
31.6000 2 5221.90848
31.7000 2 73.40032
31.8000 2 73.40032
31.9000 2 0.0
32.0000 2 0.0
32.1000 2 0.0
32.2000 2 12467.56864
32.3000 2 17144.2176
32.4000 2 15980.29824
32.5000 2 15969.81248
32.6000 2 15382.60992
32.7000 2 15309.2096
32.8000 2 15130.95168
32.9000 2 15005.12256
33.0000 2 15214.83776
33.1000 2 16043.2128
33.2000 2 9636.41344
33.3000 2 73.40032
33.4000 2 73.40032
33.5000 2 0.0
33.6000 2 62.91456
33.7000 2 0.0
33.8000 2 4729.07776
33.9000 2 15686.69696
34.0000 2 17217.61792
34.1000 2 15445.52448
34.2000 2 15372.12416
34.3000 2 15613.29664
34.4000 2 15529.41056
34.5000 2 15309.2096
34.6000 2 15183.38048
34.7000 2 15372.12416
34.8000 2 8231.3216
34.9000 2 1268.77696
35.0000 2 0.0
35.1000 2 0.0
35.2000 2 0.0
35.3000 2 0.0
35.4000 2 0.0
35.5000 2 5211.42272
35.6000 2 6773.80096
35.7000 2 8199.86432
35.8000 2 4886.36416
35.9000 2 2998.92736
36.0000 2 10926.16192
36.1000 2 12949.9136
36.2000 2 8451.52256
36.3000 2 8294.23616
36.4000 2 4639.9488
