0.1000 2 0.0
0.2000 2 178.25792
0.3000 2 13065.25696
0.4000 2 12792.6272
0.5000 2 13065.25696
0.6000 2 12719.22688
0.7000 2 13159.6288
0.8000 2 13453.23008
0.9000 2 13316.9152
1.0000 2 13463.71584
1.1000 2 14522.7776
1.2000 2 14753.46432
1.3000 2 15157.16608
1.4000 2 7623.14752
1.5000 2 7518.28992
1.6000 2 875.56096
1.7000 2 5127.53664
1.8000 2 7790.91968
1.9000 2 9542.0416
2.0000 2 12478.0544
2.1000 2 12771.65568
2.2000 2 12792.6272
2.3000 2 12708.74112
2.4000 2 12698.25536
2.5000 2 12761.16992
2.6000 2 12750.68416
2.7000 2 12037.65248
2.8000 2 12163.4816
2.9000 2 13788.7744
3.0000 2 8697.93792
3.1000 2 5394.92352
3.2000 2 0.0
3.3000 2 62.91456
3.4000 2 0.0
3.5000 2 754.97472
3.6000 2 13096.71424
3.7000 2 14701.03552
3.8000 2 14648.60672
3.9000 2 14889.7792
4.0000 2 14753.46432
4.1000 2 14837.3504
4.2000 2 14858.32192
4.3000 2 14973.66528
4.4000 2 14952.69376
4.5000 2 15141.43744
4.6000 2 14134.80448
4.7000 2 1520.4352
4.8000 2 0.0
4.9000 2 0.0
5.0000 2 0.0
5.1000 2 0.0
5.2000 2 5683.28192
5.3000 2 15340.66688
5.4000 2 15456.01024
5.5000 2 15497.95328
5.6000 2 15204.352
5.7000 2 15277.75232
5.8000 2 15183.38048
5.9000 2 15277.75232
6.0000 2 15172.89472
6.1000 2 14858.32192
6.2000 2 14056.16128
6.3000 2 6516.89984
6.4000 2 62.91456
6.5000 2 0.0
6.6000 2 0.0
6.7000 2 1960.83712
6.8000 2 9342.81216
6.9000 2 15036.57984
7.0000 2 15277.75232
7.1000 2 15466.496
7.2000 2 15372.12416
7.3000 2 15393.09568
7.4000 2 15193.86624
7.5000 2 15382.60992
7.6000 2 15267.26656
7.7000 2 15141.43744
7.8000 2 10658.77504
7.9000 2 3759.14496
8.0000 2 0.0
8.1000 2 0.0
8.2000 2 0.0
8.3000 2 6689.91488
8.4000 2 13348.37248
8.5000 2 14900.26496
8.6000 2 14680.064
8.7000 2 14627.6352
8.8000 2 14942.208
8.9000 2 14942.208
9.0000 2 15109.98016
9.1000 2 15214.83776
9.2000 2 15298.72384
9.3000 2 14611.90656
9.4000 2 7492.07552
9.5000 2 1572.864
9.6000 2 62.91456
9.7000 2 0.0
9.8000 2 6721.37216
9.9000 2 10380.9024
10.0000 2 14774.43584
10.1000 2 14491.32032
10.2000 2 14428.40576
10.3000 2 14617.14944
10.4000 2 14375.97696
10.5000 2 14648.60672
10.6000 2 14480.83456
10.7000 2 14606.66368
10.8000 2 14701.03552
10.9000 2 9096.3968
11.0000 2 5908.72576
11.1000 2 0.0
11.2000 2 0.0
11.3000 2 5966.39744
11.4000 2 8032.09216
11.5000 2 13243.51488
11.6000 2 13285.45792
11.7000 2 15351.15264
11.8000 2 14963.17952
11.9000 2 15036.57984
12.0000 2 15026.09408
12.1000 2 14984.15104
12.2000 2 15015.60832
12.3000 2 14994.6368
12.4000 2 12263.09632
12.5000 2 5227.15136
12.6000 2 62.91456
12.7000 2 0.0
12.8000 2 0.0
12.9000 2 5274.33728
13.0000 2 8157.92128
13.1000 2 12215.9104
13.2000 2 11953.7664
13.3000 2 12205.42464
13.4000 2 12404.65408
13.5000 2 12499.02592
13.6000 2 12404.65408
13.7000 2 12499.02592
13.8000 2 12415.13984
13.9000 2 12163.4816
14.0000 2 8351.90784
14.1000 2 8325.69344
14.2000 2 7948.20608
14.3000 2 10013.9008
14.4000 2 12027.16672
14.5000 2 9641.65632
14.6000 2 6658.4576
14.7000 2 7077.888
14.8000 2 8524.92288
14.9000 2 14302.57664
15.0000 2 14690.54976
15.1000 2 14575.2064
15.2000 2 14617.14944
15.3000 2 14491.32032
15.4000 2 14344.51968
15.5000 2 7911.50592
15.6000 2 7413.43232
15.7000 2 7906.26304
15.8000 2 12079.59552
15.9000 2 13227.78624
16.0000 2 7056.91648
16.1000 2 7738.49088
16.2000 2 5106.56512
16.3000 2 14816.37888
16.4000 2 14271.11936
16.5000 2 15109.98016
16.6000 2 15277.75232
16.7000 2 15130.95168
16.8000 2 15424.55296
16.9000 2 14381.21984
17.0000 2 7769.94816
17.1000 2 7790.91968
17.2000 2 8074.0352
17.3000 2 10281.28768
17.4000 2 5158.99392
17.5000 2 5704.25344
17.6000 2 8975.81056
17.7000 2 13128.17152
17.8000 2 12331.25376
17.9000 2 9940.50048
18.0000 2 14837.3504
18.1000 2 14648.60672
18.2000 2 9950.98624
18.3000 2 14229.17632
18.4000 2 964.68992
18.5000 2 14428.40576
18.6000 2 12242.1248
18.7000 2 7675.57632
18.8000 2 7895.77728
18.9000 2 7156.5312
19.0000 2 2464.1536
19.1000 2 7602.176
19.2000 2 7402.94656
19.3000 2 8136.94976
19.4000 2 12855.54176
19.5000 2 12499.02592
19.6000 2 12551.45472
19.7000 2 15026.09408
19.8000 2 15068.03712
19.9000 2 15068.03712
20.0000 2 15047.0656
20.1000 2 11602.49344
20.2000 2 7728.00512
20.3000 2 7906.26304
20.4000 2 10297.01632
20.5000 2 11602.49344
20.6000 2 7088.37376
20.7000 2 7172.25984
20.8000 2 8671.72352
20.9000 2 14889.7792
21.0000 2 14889.7792
21.1000 2 14900.26496
21.2000 2 15015.60832
21.3000 2 14774.43584
21.4000 2 14984.15104
21.5000 2 13657.7024
21.6000 2 6595.54304
21.7000 2 6543.11424
21.8000 2 7612.66176
21.9000 2 14559.47776
22.0000 2 7612.66176
22.1000 2 7455.37536
22.2000 2 7591.69024
22.3000 2 11471.42144
22.4000 2 13117.68576
22.5000 2 13149.14304
22.6000 2 13799.26016
22.7000 2 15414.0672
22.8000 2 15487.46752
22.9000 2 14863.5648
23.0000 2 7979.66336
23.1000 2 7927.23456
23.2000 2 7937.72032
23.3000 2 13788.7744
23.4000 2 12630.09792
23.5000 2 7937.72032
23.6000 2 7969.1776
23.7000 2 8503.95136
23.8000 2 15015.60832
23.9000 2 14784.9216
24.0000 2 14900.26496
24.1000 2 15036.57984
24.2000 2 14994.6368
24.3000 2 11833.18016
24.4000 2 8136.94976
24.5000 2 8053.06368
24.6000 2 9510.58432
24.7000 2 14952.69376
24.8000 2 14622.39232
24.9000 2 7182.7456
25.0000 2 7214.20288
25.1000 2 7329.54624
25.2000 2 10391.38816
25.3000 2 14113.83296
25.4000 2 14711.52128
25.5000 2 14711.52128
25.6000 2 14774.43584
25.7000 2 13877.90336
25.8000 2 8136.94976
25.9000 2 8032.09216
26.0000 2 8283.7504
26.1000 2 12551.45472
26.2000 2 13128.17152
26.3000 2 6695.15776
26.4000 2 5200.93696
26.5000 2 8661.23776
26.6000 2 10464.78848
26.7000 2 14606.66368
26.8000 2 14795.40736
26.9000 2 14868.80768
27.0000 2 14921.23648
27.1000 2 14816.37888
27.2000 2 14895.02208
27.3000 2 8357.15072
27.4000 2 6564.08576
27.5000 2 7077.888
27.6000 2 10234.10176
27.7000 2 12231.63904
27.8000 2 5609.8816
27.9000 2 5641.33888
28.0000 2 5588.91008
28.1000 2 9164.55424
28.2000 2 11377.0496
28.3000 2 14113.83296
28.4000 2 12446.59712
28.5000 2 13285.45792
28.6000 2 13379.82976
28.7000 2 13337.88672
28.8000 2 13379.82976
28.9000 2 13453.23008
29.0000 2 12797.87008
29.1000 2 7895.77728
29.2000 2 3748.6592
29.3000 2 0.0
29.4000 2 0.0
29.5000 2 6197.08416
29.6000 2 8063.54944
29.7000 2 14910.75072
29.8000 2 14868.80768
29.9000 2 14638.12096
30.0000 2 12614.36928
30.1000 2 14134.80448
30.2000 2 15109.98016
30.3000 2 14753.46432
30.4000 2 14910.75072
30.5000 2 14957.93664
30.6000 2 8441.0368
30.7000 2 7728.00512
30.8000 2 2165.30944
30.9000 2 4592.76288
31.0000 2 8063.54944
31.1000 2 9814.67136
31.2000 2 15539.89632
31.3000 2 15256.7808
31.4000 2 15476.98176
31.5000 2 14921.23648
31.6000 2 15445.52448
31.7000 2 15550.38208
31.8000 2 15393.09568
31.9000 2 15545.1392
32.0000 2 8755.6096
32.1000 2 7953.44896
32.2000 2 1237.31968
32.3000 2 2726.2976
32.4000 2 7140.80256
32.5000 2 7591.69024
32.6000 2 14711.52128
32.7000 2 15214.83776
32.8000 2 15235.80928
32.9000 2 15193.86624
33.0000 2 15414.0672
33.1000 2 15225.32352
33.2000 2 15414.0672
33.3000 2 15382.60992
33.4000 2 13060.01408
33.5000 2 7717.51936
33.6000 2 3507.48672
33.7000 2 0.0
33.8000 2 3974.10304
33.9000 2 7434.40384
34.0000 2 12373.1968
34.1000 2 14732.4928
34.2000 2 14763.95008
34.3000 2 14417.92
34.4000 2 14889.7792
34.5000 2 14900.26496
34.6000 2 15057.55136
34.7000 2 14879.29344
34.8000 2 15109.98016
34.9000 2 10784.60416
35.0000 2 7560.23296
35.1000 2 676.33152
35.2000 2 199.22944
35.3000 2 5232.39424
35.4000 2 5609.8816
35.5000 2 5630.85312
35.6000 2 5746.19648
35.7000 2 5819.5968
35.8000 2 5641.33888
35.9000 2 5892.99712
36.0000 2 5767.168
36.1000 2 5882.51136
36.2000 2 5903.48288
36.3000 2 5819.5968
36.4000 2 5819.5968
36.5000 2 3617.5872
36.6000 2 5410.65216
36.7000 2 1357.90592
