0.1000 2 0.0
0.2000 2 178.25792
0.3000 2 11943.28064
0.4000 2 12687.7696
0.5000 2 12687.7696
0.6000 2 13170.11456
0.7000 2 15235.80928
0.8000 2 15267.26656
0.9000 2 15214.83776
1.0000 2 15057.55136
1.1000 2 14428.40576
1.2000 2 14585.69216
1.3000 2 11938.03776
1.4000 2 7361.00352
1.5000 2 5531.2384
1.6000 2 157.2864
1.7000 2 5767.168
1.8000 2 6039.79776
1.9000 2 11062.4768
2.0000 2 16452.15744
2.1000 2 16598.95808
2.2000 2 15634.26816
2.3000 2 15172.89472
2.4000 2 15456.01024
2.5000 2 15298.72384
2.6000 2 15424.55296
2.7000 2 14580.44928
2.8000 2 7182.7456
2.9000 2 7056.91648
3.0000 2 1714.42176
3.1000 2 6658.4576
3.2000 2 8053.06368
3.3000 2 11398.02112
3.4000 2 15414.0672
3.5000 2 15047.0656
3.6000 2 15162.40896
3.7000 2 15047.0656
3.8000 2 15424.55296
3.9000 2 15497.95328
4.0000 2 15372.12416
4.1000 2 10029.62944
4.2000 2 7486.83264
4.3000 2 7413.43232
4.4000 2 8467.2512
4.5000 2 7759.4624
4.6000 2 7927.23456
4.7000 2 8357.15072
4.8000 2 14973.66528
4.9000 2 15382.60992
5.0000 2 15497.95328
5.1000 2 15571.3536
5.2000 2 15571.3536
5.3000 2 15550.38208
5.4000 2 13112.44288
5.5000 2 7350.51776
5.6000 2 7392.4608
5.7000 2 7119.83104
5.8000 2 14061.40416
5.9000 2 9085.91104
6.0000 2 7696.54784
6.1000 2 7874.80576
6.2000 2 11481.9072
6.3000 2 15361.6384
6.4000 2 15435.03872
6.5000 2 15225.32352
6.6000 2 15393.09568
6.7000 2 15445.52448
6.8000 2 10627.31776
6.9000 2 7486.83264
7.0000 2 7423.91808
7.1000 2 10506.73152
7.2000 2 15393.09568
7.3000 2 12871.2704
7.4000 2 7853.83424
7.5000 2 7843.34848
7.6000 2 9038.72512
7.7000 2 15109.98016
7.8000 2 15435.03872
7.9000 2 15487.46752
8.0000 2 15665.72544
8.1000 2 13657.7024
8.2000 2 7214.20288
8.3000 2 7130.3168
8.4000 2 7707.0336
8.5000 2 15298.72384
8.6000 2 15529.41056
8.7000 2 15408.82432
8.8000 2 8420.06528
8.9000 2 7948.20608
9.0000 2 8231.3216
9.1000 2 3303.0144
9.2000 2 18339.59424
9.3000 2 19513.99936
9.4000 2 18612.224
9.5000 2 13993.24672
9.6000 2 7277.11744
9.7000 2 7161.77408
9.8000 2 7623.14752
9.9000 2 14417.92
10.0000 2 13474.2016
10.1000 2 11932.79488
10.2000 2 18932.03968
10.3000 2 8241.80736
10.4000 2 8011.12064
10.5000 2 8262.77888
10.6000 2 9950.98624
10.7000 2 115.34336
10.8000 2 11523.85024
10.9000 2 18292.40832
11.0000 2 12446.59712
11.1000 2 534.77376
11.2000 2 11125.39136
11.3000 2 11513.36448
11.4000 2 11922.30912
11.5000 2 24410.84928
11.6000 2 17773.3632
11.7000 2 15670.96832
11.8000 2 13159.6288
11.9000 2 8252.29312
12.0000 2 8493.4656
12.1000 2 9101.63968
12.2000 2 15461.25312
12.3000 2 10989.07648
12.4000 2 7245.66016
12.5000 2 7319.06048
12.6000 2 4907.33568
12.7000 2 8619.29472
12.8000 2 16032.72704
12.9000 2 15749.61152
13.0000 2 15833.4976
13.1000 2 14019.46112
13.2000 2 23273.14432
13.3000 2 6438.25664
13.4000 2 6574.57152
13.5000 2 14826.86464
13.6000 2 13280.21504
13.7000 2 7067.40224
13.8000 2 6805.25824
13.9000 2 7140.80256
14.0000 2 7109.34528
14.1000 2 283.11552
14.2000 2 503.31648
14.3000 2 1216.34816
14.4000 2 6878.65856
14.5000 2 18234.73664
14.6000 2 18392.02304
14.7000 2 15393.09568
14.8000 2 4970.25024
14.9000 2 3103.78496
15.0000 2 15282.9952
15.1000 2 11985.22368
15.2000 2 12058.624
15.3000 2 8540.65152
15.4000 2 13138.65728
15.5000 2 9709.81376
15.6000 2 9709.81376
15.7000 2 10611.58912
15.8000 2 15676.2112
15.9000 2 15948.84096
16.0000 2 15885.9264
16.1000 2 15393.09568
16.2000 2 15036.57984
16.3000 2 15125.7088
16.4000 2 15466.496
16.5000 2 8724.15232
16.6000 2 8058.30656
16.7000 2 7298.08896
16.8000 2 4760.53504
16.9000 2 7172.25984
17.0000 2 7539.26144
17.1000 2 13872.66048
17.2000 2 15602.81088
17.3000 2 15697.18272
17.4000 2 15676.2112
17.5000 2 15969.81248
17.6000 2 15739.12576
17.7000 2 16095.6416
17.8000 2 15870.19776
17.9000 2 10475.27424
18.0000 2 7932.47744
18.1000 2 1205.8624
18.2000 2 618.65984
18.3000 2 7245.66016
18.4000 2 7581.20448
18.5000 2 14134.80448
18.6000 2 14753.46432
18.7000 2 14784.9216
18.8000 2 14669.57824
18.9000 2 15036.57984
19.0000 2 12603.88352
19.1000 2 9919.52896
19.2000 2 15875.44064
19.3000 2 19456.32768
19.4000 2 7125.07392
19.5000 2 6553.6
19.6000 2 1121.97632
19.7000 2 4099.93216
19.8000 2 8063.54944
19.9000 2 8650.752
20.0000 2 14774.43584
20.1000 2 14837.3504
20.2000 2 14963.17952
20.3000 2 14742.97856
20.4000 2 15141.43744
20.5000 2 15068.03712
20.6000 2 14910.75072
20.7000 2 9547.28448
20.8000 2 7843.34848
20.9000 2 8294.23616
21.0000 2 6275.72736
21.1000 2 566.23104
21.2000 2 7434.40384
21.3000 2 7497.3184
21.4000 2 11869.88032
21.5000 2 14669.57824
21.6000 2 14931.72224
21.7000 2 15361.6384
21.8000 2 15288.23808
21.9000 2 14050.9184
22.0000 2 13935.57504
22.1000 2 13909.36064
22.2000 2 13012.82816
22.3000 2 6679.42912
22.4000 2 6815.744
22.5000 2 6794.77248
22.6000 2 13196.32896
22.7000 2 10601.10336
22.8000 2 7203.71712
22.9000 2 7340.032
23.0000 2 8608.80896
23.1000 2 15529.41056
23.2000 2 15435.03872
23.3000 2 15739.12576
23.4000 2 15739.12576
23.5000 2 15608.05376
23.6000 2 15749.61152
23.7000 2 7602.176
23.8000 2 7308.57472
23.9000 2 7392.4608
24.0000 2 11927.552
24.1000 2 8367.63648
24.2000 2 8241.80736
24.3000 2 8367.63648
24.4000 2 14344.51968
24.5000 2 17007.90272
24.6000 2 16064.18432
24.7000 2 15424.55296
24.8000 2 15204.352
24.9000 2 10553.91744
25.0000 2 16252.928
25.1000 2 7308.57472
25.2000 2 7235.1744
25.3000 2 7256.14592
25.4000 2 5908.72576
25.5000 2 7455.37536
25.6000 2 7098.85952
25.7000 2 7906.26304
25.8000 2 16588.47232
25.9000 2 16850.61632
26.0000 2 18465.42336
26.1000 2 17626.56256
26.2000 2 15990.784
26.3000 2 15728.64
26.4000 2 15922.62656
26.5000 2 11565.79328
26.6000 2 7890.5344
26.7000 2 8115.97824
26.8000 2 2086.66624
26.9000 2 7130.3168
27.0000 2 7172.25984
27.1000 2 12645.82656
27.2000 2 15560.86784
27.3000 2 15319.69536
27.4000 2 15550.38208
27.5000 2 15456.01024
27.6000 2 15969.81248
27.7000 2 16294.87104
27.8000 2 16237.19936
27.9000 2 12771.65568
28.0000 2 8404.33664
28.1000 2 2757.75488
28.2000 2 83.88608
28.3000 2 3837.78816
28.4000 2 8556.38016
28.5000 2 14145.29024
28.6000 2 15760.09728
28.7000 2 15435.03872
28.8000 2 15781.0688
28.9000 2 15508.43904
29.0000 2 15183.38048
29.1000 2 14994.6368
29.2000 2 11618.22208
29.3000 2 10255.07328
29.4000 2 9300.86912
29.5000 2 5158.99392
29.6000 2 73.40032
29.7000 2 83.88608
29.8000 2 5442.10944
29.9000 2 11670.65088
30.0000 2 18790.48192
30.1000 2 16127.09888
30.2000 2 16116.61312
30.3000 2 16127.09888
30.4000 2 16252.928
30.5000 2 16200.4992
30.6000 2 15518.9248
30.7000 2 15670.96832
30.8000 2 12226.39616
30.9000 2 2610.95424
31.0000 2 655.36
31.1000 2 73.40032
31.2000 2 398.45888
31.3000 2 8430.55104
31.4000 2 12100.56704
31.5000 2 18454.9376
31.6000 2 19482.54208
31.7000 2 15770.58304
31.8000 2 15728.64
31.9000 2 15906.89792
32.0000 2 15843.98336
32.1000 2 15686.69696
32.2000 2 15125.7088
32.3000 2 12546.21184
32.4000 2 5987.36896
32.5000 2 83.88608
32.6000 2 94.37184
32.7000 2 73.40032
32.8000 2 7444.8896
32.9000 2 10338.95936
33.0000 2 14596.17792
33.1000 2 14669.57824
33.2000 2 14701.03552
33.3000 2 14701.03552
33.4000 2 14711.52128
33.5000 2 14638.12096
33.6000 2 14795.40736
33.7000 2 14538.50624
33.8000 2 7224.68864
33.9000 2 4272.9472
