0.1000 2 0.0
0.2000 2 178.25792
0.3000 2 13295.94368
0.4000 2 13201.57184
0.5000 2 13086.22848
0.6000 2 15277.75232
0.7000 2 15435.03872
0.8000 2 15529.41056
0.9000 2 15948.84096
1.0000 2 15948.84096
1.1000 2 15843.98336
1.2000 2 16326.32832
1.3000 2 14837.3504
1.4000 2 387.97312
1.5000 2 0.0
1.6000 2 0.0
1.7000 2 0.0
1.8000 2 0.0
1.9000 2 3900.70272
2.0000 2 15068.03712
2.1000 2 14942.208
2.2000 2 15089.00864
2.3000 2 14931.72224
2.4000 2 15141.43744
2.5000 2 15403.58144
2.6000 2 16294.87104
2.7000 2 16452.15744
2.8000 2 16389.24288
2.9000 2 14685.30688
3.0000 2 5248.12288
3.1000 2 0.0
3.2000 2 0.0
3.3000 2 0.0
3.4000 2 943.7184
3.5000 2 10936.64768
3.6000 2 15403.58144
3.7000 2 15424.55296
3.8000 2 15665.72544
3.9000 2 15791.55456
4.0000 2 15854.46912
4.1000 2 15749.61152
4.2000 2 15854.46912
4.3000 2 15875.44064
4.4000 2 13206.81472
4.5000 2 7465.86112
4.6000 2 5332.00896
4.7000 2 0.0
4.8000 2 0.0
4.9000 2 262.144
5.0000 2 8294.23616
5.1000 2 11544.82176
5.2000 2 16368.27136
5.3000 2 16064.18432
5.4000 2 16064.18432
5.5000 2 16001.26976
5.6000 2 16043.2128
5.7000 2 16190.01344
5.8000 2 16137.58464
5.9000 2 15503.19616
6.0000 2 7969.1776
6.1000 2 6957.30176
6.2000 2 52.4288
6.3000 2 1226.83392
6.4000 2 8357.15072
6.5000 2 10150.21568
6.6000 2 13809.74592
6.7000 2 13757.31712
6.8000 2 13746.83136
6.9000 2 13694.40256
7.0000 2 13851.68896
7.1000 2 13851.68896
7.2000 2 14019.46112
7.3000 2 11004.80512
7.4000 2 5525.99552
7.5000 2 5515.50976
7.6000 2 5515.50976
7.7000 2 12624.85504
7.8000 2 13956.54656
7.9000 2 14040.43264
8.0000 2 10711.20384
8.1000 2 8074.0352
8.2000 2 8115.97824
8.3000 2 10957.6192
8.4000 2 15791.55456
8.5000 2 15812.52608
8.6000 2 15597.568
8.7000 2 7455.37536
8.8000 2 7560.23296
8.9000 2 7235.1744
9.0000 2 12614.36928
9.1000 2 15162.40896
9.2000 2 15235.80928
9.3000 2 15193.86624
9.4000 2 12346.9824
9.5000 2 7402.94656
9.6000 2 7507.80416
9.7000 2 9091.15392
9.8000 2 14816.37888
9.9000 2 14910.75072
10.0000 2 14701.03552
10.1000 2 6663.70048
10.2000 2 5609.8816
10.3000 2 7214.20288
10.4000 2 11429.4784
10.5000 2 15026.09408
10.6000 2 14994.6368
10.7000 2 15057.55136
10.8000 2 15057.55136
10.9000 2 10501.48864
11.0000 2 6857.68704
11.1000 2 7465.86112
11.2000 2 10758.38976
11.3000 2 15697.18272
11.4000 2 15754.8544
11.5000 2 6973.0304
11.6000 2 7266.63168
11.7000 2 7371.48928
11.8000 2 11838.42304
11.9000 2 15864.95488
12.0000 2 15802.04032
12.1000 2 15445.52448
12.2000 2 15665.72544
12.3000 2 14276.36224
12.4000 2 8430.55104
12.5000 2 8252.29312
12.6000 2 8650.752
12.7000 2 15571.3536
12.8000 2 9526.31296
12.9000 2 7214.20288
13.0000 2 7235.1744
13.1000 2 9919.52896
13.2000 2 13537.11616
13.3000 2 13421.7728
13.4000 2 13662.94528
13.5000 2 13662.94528
13.6000 2 13872.66048
13.7000 2 12687.7696
13.8000 2 8226.07872
13.9000 2 6857.68704
14.0000 2 7098.85952
14.1000 2 9426.69824
14.2000 2 12824.08448
14.3000 2 12803.11296
14.4000 2 10333.71648
14.5000 2 7172.25984
14.6000 2 8231.3216
14.7000 2 14134.80448
14.8000 2 15959.32672
14.9000 2 15938.3552
15.0000 2 15885.9264
15.1000 2 15896.41216
15.2000 2 14307.81952
15.3000 2 8126.464
15.4000 2 8325.69344
15.5000 2 8503.95136
15.6000 2 12997.09952
15.7000 2 6973.0304
15.8000 2 7140.80256
15.9000 2 7256.14592
16.0000 2 11985.22368
16.1000 2 13463.71584
16.2000 2 13746.83136
16.3000 2 14134.80448
16.4000 2 14239.66208
16.5000 2 14470.3488
16.6000 2 14134.80448
16.7000 2 10920.91904
16.8000 2 8535.40864
16.9000 2 8545.8944
17.0000 2 8703.1808
17.1000 2 9117.36832
17.2000 2 6920.6016
17.3000 2 7161.77408
17.4000 2 7728.00512
17.5000 2 12761.16992
17.6000 2 12236.88192
17.7000 2 12320.768
17.8000 2 12352.22528
17.9000 2 12928.94208
18.0000 2 13264.4864
18.1000 2 11817.45152
18.2000 2 9971.95776
18.3000 2 11460.93568
18.4000 2 13254.00064
18.5000 2 14197.71904
18.6000 2 0.0
18.7000 2 0.0
18.8000 2 0.0
18.9000 2 0.0
19.0000 2 0.0
19.1000 2 1174.40512
19.2000 2 15497.95328
19.3000 2 15414.0672
19.4000 2 15424.55296
19.5000 2 15697.18272
19.6000 2 15749.61152
19.7000 2 15854.46912
19.8000 2 15036.57984
19.9000 2 14648.60672
20.0000 2 14596.17792
20.1000 2 14375.97696
20.2000 2 10150.21568
20.3000 2 52.4288
20.4000 2 0.0
20.5000 2 0.0
20.6000 2 0.0
20.7000 2 0.0
20.8000 2 7497.3184
20.9000 2 13495.17312
21.0000 2 13358.85824
21.1000 2 13495.17312
21.2000 2 13652.45952
21.3000 2 13505.65888
21.4000 2 10087.30112
21.5000 2 12635.3408
21.6000 2 12530.4832
21.7000 2 12792.6272
21.8000 2 12687.7696
21.9000 2 10092.544
22.0000 2 8430.55104
22.1000 2 8524.92288
22.2000 2 896.53248
22.3000 2 4791.99232
22.4000 2 9133.09696
22.5000 2 10433.3312
22.6000 2 11083.44832
22.7000 2 14029.94688
22.8000 2 15518.9248
22.9000 2 15644.75392
23.0000 2 15990.784
23.1000 2 15938.3552
23.2000 2 15959.32672
23.3000 2 15954.08384
23.4000 2 10863.24736
23.5000 2 8157.92128
23.6000 2 7072.64512
23.7000 2 985.66144
23.8000 2 3921.67424
23.9000 2 1698.69312
24.0000 2 17427.33312
24.1000 2 18549.30944
24.2000 2 17228.10368
24.3000 2 15875.44064
24.4000 2 15875.44064
24.5000 2 16064.18432
24.6000 2 15948.84096
24.7000 2 19865.27232
24.8000 2 13872.66048
24.9000 2 6139.41248
25.0000 2 104.8576
25.1000 2 0.0
25.2000 2 0.0
25.3000 2 5358.22336
25.4000 2 12027.16672
25.5000 2 0.0
25.6000 2 8818.52416
25.7000 2 30922.50624
25.8000 2 17291.01824
25.9000 2 14491.32032
26.0000 2 12645.82656
26.1000 2 17825.792
26.2000 2 15518.9248
26.3000 2 16037.96992
26.4000 2 9615.44192
26.5000 2 5740.9536
26.6000 2 104.8576
26.7000 2 94.37184
26.8000 2 4676.64896
26.9000 2 7570.71872
27.0000 2 11492.39296
27.1000 2 15466.496
27.2000 2 16944.98816
27.3000 2 14344.51968
27.4000 2 14942.208
27.5000 2 15560.86784
27.6000 2 15466.496
27.7000 2 15382.60992
27.8000 2 15440.2816
27.9000 2 14601.4208
28.0000 2 1384.12032
28.1000 2 94.37184
28.2000 2 0.0
28.3000 2 104.8576
28.4000 2 0.0
28.5000 2 4225.76128
28.6000 2 15948.84096
28.7000 2 15823.01184
28.8000 2 15497.95328
28.9000 2 15676.2112
29.0000 2 15770.58304
29.1000 2 16022.24128
29.2000 2 15739.12576
29.3000 2 16001.26976
29.4000 2 16022.24128
29.5000 2 11597.25056
29.6000 2 1929.37984
29.7000 2 73.40032
29.8000 2 0.0
29.9000 2 0.0
30.0000 2 73.40032
30.1000 2 7361.00352
30.2000 2 17469.27616
30.3000 2 15319.69536
30.4000 2 15571.3536
30.5000 2 15885.9264
30.6000 2 15749.61152
30.7000 2 16043.2128
30.8000 2 15948.84096
30.9000 2 15854.46912
31.0000 2 15817.76896
31.1000 2 10312.74496
31.2000 2 5274.33728
31.3000 2 0.0
31.4000 2 94.37184
31.5000 2 3271.55712
31.6000 2 8472.49408
31.7000 2 12247.36768
31.8000 2 12981.37088
31.9000 2 13002.3424
32.0000 2 12771.65568
32.1000 2 12918.45632
32.2000 2 11356.07808
32.3000 2 8304.72192
32.4000 2 11114.9056
32.5000 2 14355.00544
32.6000 2 14627.6352
32.7000 2 14098.10432
32.8000 2 8336.1792
32.9000 2 5311.03744
33.0000 2 94.37184
33.1000 2 0.0
33.2000 2 4414.50496
33.3000 2 8797.55264
33.4000 2 13243.51488
33.5000 2 13044.28544
33.6000 2 13400.80128
33.7000 2 13285.45792
33.8000 2 13484.68736
33.9000 2 13348.37248
34.0000 2 13421.7728
34.1000 2 13421.7728
34.2000 2 13416.52992
34.3000 2 12016.68096
34.4000 2 6343.8848
34.5000 2 6239.0272
34.6000 2 5688.5248
34.7000 2 5190.4512
34.8000 2 7277.11744
34.9000 2 7497.3184
35.0000 2 13400.80128
35.1000 2 14239.66208
35.2000 2 14564.72064
35.3000 2 14522.7776
35.4000 2 14753.46432
35.5000 2 14554.23488
35.6000 2 14617.14944
35.7000 2 12567.18336
35.8000 2 7413.43232
35.9000 2 6532.62848
36.0000 2 4388.29056
