0.1000 2 0.0
0.2000 2 251.65824
0.3000 2 11544.82176
0.4000 2 12876.51328
0.5000 2 12824.08448
0.6000 2 13065.25696
0.7000 2 12792.6272
0.8000 2 13222.54336
0.9000 2 12845.056
1.0000 2 12970.88512
1.1000 2 12991.85664
1.2000 2 14858.32192
1.3000 2 14889.7792
1.4000 2 15026.09408
1.5000 2 4487.90528
1.6000 2 0.0
1.7000 2 0.0
1.8000 2 0.0
1.9000 2 0.0
2.0000 2 3502.24384
2.1000 2 13358.85824
2.2000 2 13306.42944
2.3000 2 14438.89152
2.4000 2 15047.0656
2.5000 2 15225.32352
2.6000 2 15099.4944
2.7000 2 15005.12256
2.8000 2 15298.72384
2.9000 2 15130.95168
3.0000 2 15330.18112
3.1000 2 10553.91744
3.2000 2 2333.0816
3.3000 2 0.0
3.4000 2 0.0
3.5000 2 0.0
3.6000 2 5295.3088
3.7000 2 11356.07808
3.8000 2 13149.14304
3.9000 2 13054.7712
4.0000 2 13767.80288
4.1000 2 14984.15104
4.2000 2 15036.57984
4.3000 2 15057.55136
4.4000 2 15015.60832
4.5000 2 15089.00864
4.6000 2 15078.52288
4.7000 2 14381.21984
4.8000 2 2280.6528
4.9000 2 0.0
5.0000 2 0.0
5.1000 2 0.0
5.2000 2 0.0
5.3000 2 7140.80256
5.4000 2 15162.40896
5.5000 2 15214.83776
5.6000 2 15288.23808
5.7000 2 14753.46432
5.8000 2 14805.89312
5.9000 2 13725.85984
6.0000 2 13180.60032
6.1000 2 13107.2
6.2000 2 13138.65728
6.3000 2 13002.3424
6.4000 2 12315.52512
6.5000 2 2626.68288
6.6000 2 0.0
6.7000 2 0.0
6.8000 2 0.0
6.9000 2 0.0
7.0000 2 8462.00832
7.1000 2 13033.79968
7.2000 2 13537.11616
7.3000 2 13264.4864
7.4000 2 13264.4864
7.5000 2 13264.4864
7.6000 2 13138.65728
7.7000 2 13233.02912
7.8000 2 13159.6288
7.9000 2 13285.45792
8.0000 2 13967.03232
8.1000 2 13274.97216
8.2000 2 8619.29472
8.3000 2 0.0
8.4000 2 0.0
8.5000 2 0.0
8.6000 2 0.0
8.7000 2 0.0
8.8000 2 8996.78208
8.9000 2 12991.85664
9.0000 2 12907.97056
9.1000 2 13862.17472
9.2000 2 14889.7792
9.3000 2 14868.80768
9.4000 2 14910.75072
9.5000 2 15005.12256
9.6000 2 14805.89312
9.7000 2 13254.00064
9.8000 2 12666.79808
9.9000 2 11675.89376
10.0000 2 2626.68288
10.1000 2 0.0
10.2000 2 0.0
10.3000 2 0.0
10.4000 2 3554.67264
10.5000 2 9384.7552
10.6000 2 12184.45312
10.7000 2 11869.88032
10.8000 2 11324.6208
10.9000 2 11481.9072
11.0000 2 11303.64928
11.1000 2 11555.30752
11.2000 2 13453.23008
11.3000 2 15057.55136
11.4000 2 14963.17952
11.5000 2 13998.4896
11.6000 2 12855.54176
11.7000 2 7670.33344
11.8000 2 2804.9408
11.9000 2 0.0
12.0000 2 0.0
12.1000 2 4183.81824
12.2000 2 8126.464
12.3000 2 13704.88832
12.4000 2 15214.83776
12.5000 2 15183.38048
12.6000 2 14921.23648
12.7000 2 15109.98016
12.8000 2 15026.09408
12.9000 2 14900.26496
13.0000 2 12803.11296
13.1000 2 12782.14144
13.2000 2 12771.65568
13.3000 2 8797.55264
13.4000 2 0.0
13.5000 2 0.0
13.6000 2 0.0
13.7000 2 0.0
13.8000 2 0.0
13.9000 2 5924.4544
14.0000 2 14910.75072
14.1000 2 14701.03552
14.2000 2 13201.57184
14.3000 2 13149.14304
14.4000 2 13180.60032
14.5000 2 13358.85824
14.6000 2 13191.08608
14.7000 2 13348.37248
14.8000 2 13180.60032
14.9000 2 13254.00064
15.0000 2 13191.08608
15.1000 2 8797.55264
15.2000 2 0.0
15.3000 2 0.0
15.4000 2 0.0
15.5000 2 0.0
15.6000 2 0.0
15.7000 2 8629.78048
15.8000 2 12803.11296
15.9000 2 12918.45632
16.0000 2 13044.28544
16.1000 2 14071.88992
16.2000 2 13327.40096
16.3000 2 14124.31872
16.4000 2 15109.98016
16.5000 2 14784.9216
16.6000 2 12897.4848
16.7000 2 13023.31392
16.8000 2 12761.16992
16.9000 2 5997.85472
17.0000 2 0.0
17.1000 2 0.0
17.2000 2 0.0
17.3000 2 0.0
17.4000 2 5934.94016
17.5000 2 8493.4656
17.6000 2 14187.23328
17.7000 2 13191.08608
17.8000 2 12656.31232
17.9000 2 12792.6272
18.0000 2 11429.4784
18.1000 2 7937.72032
18.2000 2 7465.86112
18.3000 2 7444.8896
18.4000 2 7455.37536
18.5000 2 16326.32832
18.6000 2 15566.11072
18.7000 2 4225.76128
18.8000 2 10359.93088
18.9000 2 17663.26272
19.0000 2 7633.63328
19.1000 2 6899.63008
19.2000 2 7077.888
19.3000 2 11093.93408
19.4000 2 14722.00704
19.5000 2 14271.11936
19.6000 2 12876.51328
19.7000 2 5945.42592
19.8000 2 9615.44192
19.9000 2 14816.37888
20.0000 2 14973.66528
20.1000 2 17070.81728
20.2000 2 6160.384
20.3000 2 11592.00768
20.4000 2 6826.22976
20.5000 2 83.88608
20.6000 2 4278.19008
20.7000 2 83.88608
20.8000 2 5683.28192
20.9000 2 7256.14592
21.0000 2 7340.032
21.1000 2 4341.10464
21.2000 2 16640.90112
21.3000 2 16619.9296
21.4000 2 16798.18752
21.5000 2 14543.74912
21.6000 2 13390.31552
21.7000 2 13516.14464
21.8000 2 13170.11456
21.9000 2 13489.93024
22.0000 2 10842.27584
22.1000 2 7586.44736
22.2000 2 5777.65376
22.3000 2 0.0
22.4000 2 6092.22656
22.5000 2 7392.4608
22.6000 2 9531.55584
22.7000 2 12058.624
22.8000 2 11953.7664
22.9000 2 12121.53856
23.0000 2 12362.71104
23.1000 2 12268.3392
23.2000 2 13704.88832
23.3000 2 15005.12256
23.4000 2 14957.93664
23.5000 2 12761.16992
23.6000 2 8053.06368
23.7000 2 7911.50592
23.8000 2 7644.11904
23.9000 2 7340.032
24.0000 2 7644.11904
24.1000 2 7528.77568
24.2000 2 11985.22368
24.3000 2 14732.4928
24.4000 2 14554.23488
24.5000 2 14742.97856
24.6000 2 14648.60672
24.7000 2 14711.52128
24.8000 2 14669.57824
24.9000 2 14548.992
25.0000 2 11051.99104
25.1000 2 7020.21632
25.2000 2 6952.05888
25.3000 2 1384.12032
25.4000 2 7287.6032
25.5000 2 7371.48928
25.6000 2 10643.0464
25.7000 2 13254.00064
25.8000 2 12960.39936
25.9000 2 13274.97216
26.0000 2 13442.74432
26.1000 2 10779.36128
26.2000 2 9384.7552
26.3000 2 14480.83456
26.4000 2 15545.1392
26.5000 2 18381.53728
26.6000 2 7906.26304
26.7000 2 7859.07712
26.8000 2 1017.11872
26.9000 2 5358.22336
27.0000 2 7130.3168
27.1000 2 8629.78048
27.2000 2 15875.44064
27.3000 2 13180.60032
27.4000 2 13233.02912
27.5000 2 13411.28704
27.6000 2 13369.344
27.7000 2 13233.02912
27.8000 2 13495.17312
27.9000 2 13432.25856
28.0000 2 13510.90176
28.1000 2 9279.8976
28.2000 2 7722.76224
28.3000 2 2642.41152
28.4000 2 524.288
28.5000 2 2411.7248
28.6000 2 5431.62368
28.7000 2 13547.60192
28.8000 2 14753.46432
28.9000 2 14680.064
29.0000 2 14942.208
29.1000 2 13904.11776
29.2000 2 15162.40896
29.3000 2 14816.37888
29.4000 2 14690.54976
29.5000 2 14727.24992
29.6000 2 12058.624
29.7000 2 7848.59136
29.8000 2 4173.33248
29.9000 2 0.0
30.0000 2 5347.7376
30.1000 2 7245.66016
30.2000 2 11660.16512
30.3000 2 13075.74272
30.4000 2 13012.82816
30.5000 2 13233.02912
30.6000 2 12970.88512
30.7000 2 12970.88512
30.8000 2 13285.45792
30.9000 2 13337.88672
31.0000 2 13348.37248
31.1000 2 13406.04416
31.2000 2 13049.52832
31.3000 2 7518.28992
31.4000 2 73.40032
31.5000 2 157.2864
31.6000 2 136.31488
31.7000 2 4907.33568
31.8000 2 10695.4752
31.9000 2 15372.12416
32.0000 2 14638.12096
32.1000 2 14690.54976
32.2000 2 14910.75072
32.3000 2 14742.97856
32.4000 2 14302.57664
32.5000 2 14784.9216
32.6000 2 14895.02208
32.7000 2 10338.95936
32.8000 2 7371.48928
32.9000 2 7313.8176
33.0000 2 5840.56832
33.1000 2 6973.0304
33.2000 2 7319.06048
33.3000 2 7476.34688
33.4000 2 14334.03392
33.5000 2 12792.6272
33.6000 2 12928.94208
33.7000 2 13033.79968
33.8000 2 13568.57344
33.9000 2 14763.95008
34.0000 2 14816.37888
34.1000 2 14978.90816
34.2000 2 12163.4816
34.3000 2 7864.32
34.4000 2 8005.87776
34.5000 2 2086.66624
34.6000 2 7235.1744
34.7000 2 7046.43072
34.8000 2 11429.4784
34.9000 2 14313.0624
35.0000 2 14229.17632
35.1000 2 14281.60512
35.2000 2 14145.29024
35.3000 2 13149.14304
35.4000 2 13012.82816
35.5000 2 13033.79968
35.6000 2 13044.28544
35.7000 2 13206.81472
35.8000 2 9264.16896
35.9000 2 5253.36576
36.0000 2 73.40032
36.1000 2 73.40032
36.2000 2 2810.18368
36.3000 2 7444.8896
36.4000 2 8860.4672
36.5000 2 9374.26944
36.6000 2 15026.09408
36.7000 2 14449.37728
36.8000 2 15267.26656
36.9000 2 14134.80448
37.0000 2 13337.88672
37.1000 2 13337.88672
37.2000 2 13390.31552
37.3000 2 13395.5584
37.4000 2 10789.84704
37.5000 2 3465.54368
37.6000 2 73.40032
37.7000 2 62.91456
37.8000 2 5557.4528
37.9000 2 7350.51776
38.0000 2 7381.97504
38.1000 2 7476.34688
38.2000 2 7623.14752
38.3000 2 7602.176
38.4000 2 7528.77568
38.5000 2 7518.28992
38.6000 2 5578.42432
38.7000 2 2348.81024
38.8000 2 7271.87456
