0.1000 2 0.0
0.2000 2 157.2864
0.3000 2 10055.84384
0.4000 2 11691.6224
0.5000 2 11670.65088
0.6000 2 11848.9088
0.7000 2 11890.85184
0.8000 2 11985.22368
0.9000 2 12132.02432
1.0000 2 12939.42784
1.1000 2 14847.83616
1.2000 2 14879.29344
1.3000 2 14690.54976
1.4000 2 14590.93504
1.5000 2 8252.29312
1.6000 2 4283.43296
1.7000 2 262.144
1.8000 2 2065.69472
1.9000 2 5735.71072
2.0000 2 2778.7264
2.1000 2 14564.72064
2.2000 2 16462.6432
2.3000 2 17951.62112
2.4000 2 15151.9232
2.5000 2 15015.60832
2.6000 2 14931.72224
2.7000 2 13778.28864
2.8000 2 13463.71584
2.9000 2 13605.2736
3.0000 2 10863.24736
3.1000 2 7444.8896
3.2000 2 6066.01216
3.3000 2 545.25952
3.4000 2 7119.83104
3.5000 2 7077.888
3.6000 2 10831.79008
3.7000 2 13128.17152
3.8000 2 13243.51488
3.9000 2 13463.71584
4.0000 2 13411.28704
4.1000 2 14313.0624
4.2000 2 15151.9232
4.3000 2 15130.95168
4.4000 2 15157.16608
4.5000 2 9552.52736
4.6000 2 7088.37376
4.7000 2 7156.5312
4.8000 2 4194.304
4.9000 2 6941.57312
5.0000 2 7308.57472
5.1000 2 12090.08128
5.2000 2 14564.72064
5.3000 2 14606.66368
5.4000 2 14680.064
5.5000 2 14533.26336
5.6000 2 14617.14944
5.7000 2 14638.12096
5.8000 2 14659.09248
5.9000 2 14559.47776
6.0000 2 10118.7584
6.1000 2 7282.36032
6.2000 2 0.0
6.3000 2 62.91456
6.4000 2 4299.1616
6.5000 2 7350.51776
6.6000 2 12803.11296
6.7000 2 13128.17152
6.8000 2 13054.7712
6.9000 2 13054.7712
7.0000 2 13201.57184
7.1000 2 14763.95008
7.2000 2 14921.23648
7.3000 2 14763.95008
7.4000 2 14957.93664
7.5000 2 12635.3408
7.6000 2 7444.8896
7.7000 2 6904.87296
7.8000 2 62.91456
7.9000 2 5190.4512
8.0000 2 7235.1744
8.1000 2 9804.1856
8.2000 2 12918.45632
8.3000 2 12698.25536
8.4000 2 13694.40256
8.5000 2 14711.52128
8.6000 2 14816.37888
8.7000 2 14879.29344
8.8000 2 14722.00704
8.9000 2 14805.89312
9.0000 2 14790.16448
9.1000 2 7319.06048
9.2000 2 5845.8112
9.3000 2 146.80064
9.4000 2 2034.23744
9.5000 2 7507.80416
9.6000 2 8608.80896
9.7000 2 12436.11136
9.8000 2 14816.37888
9.9000 2 14701.03552
10.0000 2 14942.208
10.1000 2 15015.60832
10.2000 2 14868.80768
10.3000 2 14669.57824
10.4000 2 14915.9936
10.5000 2 11922.30912
10.6000 2 7392.4608
10.7000 2 7434.40384
10.8000 2 2060.45184
10.9000 2 6773.80096
11.0000 2 6920.6016
11.1000 2 9720.29952
11.2000 2 13201.57184
11.3000 2 12939.42784
11.4000 2 13358.85824
11.5000 2 13201.57184
11.6000 2 13316.9152
11.7000 2 13327.40096
11.8000 2 13453.23008
11.9000 2 13463.71584
12.0000 2 9977.20064
12.1000 2 7696.54784
12.2000 2 7130.3168
12.3000 2 3989.83168
12.4000 2 4078.96064
12.5000 2 10139.72992
12.6000 2 8199.86432
12.7000 2 11932.79488
12.8000 2 11544.82176
12.9000 2 11534.336
13.0000 2 11523.85024
13.1000 2 11712.59392
13.2000 2 11880.36608
13.3000 2 11418.99264
13.4000 2 11869.88032
13.5000 2 11639.1936
13.6000 2 11932.79488
13.7000 2 11754.53696
13.8000 2 8960.08192
13.9000 2 6149.89824
14.0000 2 398.45888
14.1000 2 62.91456
14.2000 2 1572.864
14.3000 2 5662.3104
14.4000 2 14459.86304
14.5000 2 15529.41056
14.6000 2 15172.89472
14.7000 2 15005.12256
14.8000 2 15036.57984
14.9000 2 14910.75072
15.0000 2 14910.75072
15.1000 2 14858.32192
15.2000 2 14847.83616
15.3000 2 14758.7072
15.4000 2 8635.02336
15.5000 2 52.4288
15.6000 2 0.0
15.7000 2 0.0
15.8000 2 0.0
15.9000 2 0.0
16.0000 2 9258.92608
16.1000 2 12698.25536
16.2000 2 12331.25376
16.3000 2 12939.42784
16.4000 2 13316.9152
16.5000 2 13295.94368
16.6000 2 13201.57184
16.7000 2 13337.88672
16.8000 2 14176.74752
16.9000 2 14417.92
17.0000 2 14512.29184
17.1000 2 14402.19136
17.2000 2 5468.32384
17.3000 2 73.40032
17.4000 2 62.91456
17.5000 2 62.91456
17.6000 2 0.0
17.7000 2 52.4288
17.8000 2 11576.27904
17.9000 2 15099.4944
18.0000 2 14742.97856
18.1000 2 14858.32192
18.2000 2 14837.3504
18.3000 2 14659.09248
18.4000 2 13537.11616
18.5000 2 13264.4864
18.6000 2 13432.25856
18.7000 2 13400.80128
18.8000 2 13400.80128
18.9000 2 8168.40704
19.0000 2 1080.03328
19.1000 2 73.40032
19.2000 2 62.91456
19.3000 2 52.4288
19.4000 2 5704.25344
19.5000 2 12561.94048
19.6000 2 15141.43744
19.7000 2 15015.60832
19.8000 2 14396.94848
19.9000 2 13432.25856
20.0000 2 13243.51488
20.1000 2 13411.28704
20.2000 2 13400.80128
20.3000 2 13442.74432
20.4000 2 13516.14464
20.5000 2 13322.15808
20.6000 2 7984.90624
20.7000 2 0.0
20.8000 2 83.88608
20.9000 2 73.40032
21.0000 2 62.91456
21.1000 2 5620.36736
21.2000 2 12719.22688
21.3000 2 12981.37088
21.4000 2 14040.43264
21.5000 2 14837.3504
21.6000 2 14732.4928
21.7000 2 14575.2064
21.8000 2 13358.85824
21.9000 2 13337.88672
22.0000 2 13421.7728
22.1000 2 13358.85824
22.2000 2 9966.71488
22.3000 2 2888.82688
22.4000 2 136.31488
22.5000 2 0.0
22.6000 2 73.40032
22.7000 2 73.40032
22.8000 2 3795.84512
22.9000 2 16965.95968
23.0000 2 19283.31264
23.1000 2 4477.41952
23.2000 2 5798.62528
23.3000 2 13830.71744
23.4000 2 3481.27232
23.5000 2 3418.35776
23.6000 2 5169.47968
23.7000 2 7067.40224
23.8000 2 16273.89952
23.9000 2 14229.17632
24.0000 2 17311.98976
24.1000 2 12436.11136
24.2000 2 6988.75904
24.3000 2 3649.04448
24.4000 2 10805.57568
24.5000 2 5211.42272
24.6000 2 4592.76288
24.7000 2 7266.63168
24.8000 2 9971.95776
24.9000 2 12729.71264
25.0000 2 8745.12384
25.1000 2 12824.08448
25.2000 2 13662.94528
25.3000 2 13453.23008
25.4000 2 13662.94528
25.5000 2 13327.40096
25.6000 2 13516.14464
25.7000 2 13568.57344
25.8000 2 13589.54496
25.9000 2 6983.51616
26.0000 2 377.48736
26.1000 2 73.40032
26.2000 2 73.40032
26.3000 2 1509.94944
26.4000 2 7130.3168
26.5000 2 13170.11456
26.6000 2 15026.09408
26.7000 2 14774.43584
26.8000 2 13180.60032
26.9000 2 13285.45792
27.0000 2 13799.26016
27.1000 2 15193.86624
27.2000 2 15172.89472
27.3000 2 15057.55136
27.4000 2 15204.352
27.5000 2 11932.79488
27.6000 2 5284.82304
27.7000 2 83.88608
27.8000 2 0.0
27.9000 2 73.40032
28.0000 2 7298.08896
28.1000 2 10810.81856
28.2000 2 13516.14464
28.3000 2 13128.17152
28.4000 2 13453.23008
28.5000 2 13295.94368
28.6000 2 12687.7696
28.7000 2 14197.71904
28.8000 2 13033.79968
28.9000 2 13631.488
29.0000 2 13526.6304
29.1000 2 12483.29728
29.2000 2 9002.02496
29.3000 2 3397.38624
29.4000 2 0.0
29.5000 2 3774.8736
29.6000 2 7350.51776
29.7000 2 11576.27904
29.8000 2 12970.88512
29.9000 2 12855.54176
30.0000 2 13044.28544
30.1000 2 13138.65728
30.2000 2 13117.68576
30.3000 2 13075.74272
30.4000 2 13285.45792
30.5000 2 13054.7712
30.6000 2 14900.26496
30.7000 2 10197.4016
30.8000 2 7953.44896
30.9000 2 3229.61408
31.0000 2 2254.4384
31.1000 2 6805.25824
31.2000 2 7665.09056
31.3000 2 12729.71264
31.4000 2 13285.45792
31.5000 2 13117.68576
31.6000 2 13295.94368
31.7000 2 13316.9152
31.8000 2 13316.9152
31.9000 2 13453.23008
32.0000 2 13358.85824
32.1000 2 14050.9184
32.2000 2 11812.20864
32.3000 2 7413.43232
32.4000 2 4115.6608
32.5000 2 230.68672
32.6000 2 5169.47968
32.7000 2 5368.70912
32.8000 2 8912.896
32.9000 2 14187.23328
33.0000 2 11974.73792
33.1000 2 11796.48
33.2000 2 11911.82336
33.3000 2 11953.7664
33.4000 2 11953.7664
33.5000 2 11785.99424
33.6000 2 11943.28064
33.7000 2 11974.73792
33.8000 2 11974.73792
33.9000 2 12116.29568
34.0000 2 7979.66336
34.1000 2 5311.03744
34.2000 2 765.46048
34.3000 2 0.0
34.4000 2 4529.84832
34.5000 2 7319.06048
34.6000 2 10433.3312
34.7000 2 9500.09856
34.8000 2 9751.7568
34.9000 2 16001.26976
35.0000 2 14879.29344
35.1000 2 15109.98016
35.2000 2 15047.0656
35.3000 2 14826.86464
35.4000 2 14973.66528
35.5000 2 15010.36544
35.6000 2 7623.14752
35.7000 2 7607.41888
35.8000 2 1080.03328
35.9000 2 4005.56032
36.0000 2 7067.40224
36.1000 2 8503.95136
36.2000 2 14501.80608
36.3000 2 14742.97856
36.4000 2 14617.14944
36.5000 2 14795.40736
36.6000 2 14722.00704
36.7000 2 13306.42944
36.8000 2 13274.97216
36.9000 2 13411.28704
37.0000 2 13206.81472
37.1000 2 10160.70144
37.2000 2 5489.29536
37.3000 2 0.0
37.4000 2 0.0
37.5000 2 2086.66624
37.6000 2 6889.14432
37.7000 2 6910.11584
37.8000 2 7119.83104
37.9000 2 6952.05888
38.0000 2 7109.34528
38.1000 2 7056.91648
38.2000 2 6983.51616
38.3000 2 7444.8896
38.4000 2 7549.7472
38.5000 2 7654.6048
38.6000 2 319.81568
