0.1000 2 0.0
0.2000 2 167.77216
0.3000 2 12163.4816
0.4000 2 13799.26016
0.5000 2 13904.11776
0.6000 2 13893.632
0.7000 2 13883.14624
0.8000 2 14711.52128
0.9000 2 14931.72224
1.0000 2 15141.43744
1.1000 2 15109.98016
1.2000 2 15309.2096
1.3000 2 12693.01248
1.4000 2 7937.72032
1.5000 2 1620.04992
1.6000 2 0.0
1.7000 2 3428.84352
1.8000 2 8074.0352
1.9000 2 12111.0528
2.0000 2 16169.04192
2.1000 2 16284.38528
2.2000 2 16127.09888
2.3000 2 16158.55616
2.4000 2 15802.04032
2.5000 2 15581.83936
2.6000 2 15676.2112
2.7000 2 15534.65344
2.8000 2 8503.95136
2.9000 2 4073.71776
3.0000 2 0.0
3.1000 2 0.0
3.2000 2 5892.99712
3.3000 2 9028.23936
3.4000 2 13180.60032
3.5000 2 15518.9248
3.6000 2 15456.01024
3.7000 2 15487.46752
3.8000 2 15644.75392
3.9000 2 15623.7824
4.0000 2 15634.26816
4.1000 2 15728.64
4.2000 2 15634.26816
4.3000 2 10664.01792
4.4000 2 0.0
4.5000 2 0.0
4.6000 2 0.0
4.7000 2 0.0
4.8000 2 2768.24064
4.9000 2 13306.42944
5.0000 2 16043.2128
5.1000 2 16053.69856
5.2000 2 16137.58464
5.3000 2 15833.4976
5.4000 2 15435.03872
5.5000 2 15340.66688
5.6000 2 15372.12416
5.7000 2 15267.26656
5.8000 2 15351.15264
5.9000 2 6532.62848
6.0000 2 0.0
6.1000 2 0.0
6.2000 2 0.0
6.3000 2 0.0
6.4000 2 1981.80864
6.5000 2 11618.22208
6.6000 2 14071.88992
6.7000 2 13914.60352
6.8000 2 13715.37408
6.9000 2 13820.23168
7.0000 2 13767.80288
7.1000 2 14732.4928
7.2000 2 15382.60992
7.3000 2 15435.03872
7.4000 2 15214.83776
7.5000 2 12850.29888
7.6000 2 6674.18624
7.7000 2 283.11552
7.8000 2 0.0
7.9000 2 0.0
8.0000 2 7465.86112
8.1000 2 10789.84704
8.2000 2 15057.55136
8.3000 2 16085.15584
8.4000 2 15927.86944
8.5000 2 15739.12576
8.6000 2 16011.75552
8.7000 2 15047.0656
8.8000 2 13641.97376
8.9000 2 14763.95008
9.0000 2 11654.92224
9.1000 2 8220.83584
9.2000 2 3035.62752
9.3000 2 0.0
9.4000 2 9059.69664
9.5000 2 15592.32512
9.6000 2 15602.81088
9.7000 2 15476.98176
9.8000 2 15456.01024
9.9000 2 15372.12416
10.0000 2 15403.58144
10.1000 2 15267.26656
10.2000 2 15393.09568
10.3000 2 15340.66688
10.4000 2 11193.5488
10.5000 2 3979.34592
10.6000 2 0.0
10.7000 2 0.0
10.8000 2 587.20256
10.9000 2 8147.43552
11.0000 2 15435.03872
11.1000 2 16494.10048
11.2000 2 16252.928
11.3000 2 16022.24128
11.4000 2 16064.18432
11.5000 2 16210.98496
11.6000 2 16242.44224
11.7000 2 16043.2128
11.8000 2 16195.25632
11.9000 2 8671.72352
12.0000 2 1190.13376
12.1000 2 0.0
12.2000 2 0.0
12.3000 2 1478.49216
12.4000 2 8367.63648
12.5000 2 15351.15264
12.6000 2 15130.95168
12.7000 2 15351.15264
12.8000 2 15225.32352
12.9000 2 15340.66688
13.0000 2 15476.98176
13.1000 2 15456.01024
13.2000 2 15456.01024
13.3000 2 15398.33856
13.4000 2 7633.63328
13.5000 2 7817.13408
13.6000 2 0.0
13.7000 2 2558.52544
13.8000 2 7602.176
13.9000 2 8115.97824
14.0000 2 13516.14464
14.1000 2 14575.2064
14.2000 2 16053.69856
14.3000 2 15948.84096
14.4000 2 16137.58464
14.5000 2 16200.4992
14.6000 2 16095.6416
14.7000 2 15293.48096
14.8000 2 7780.43392
14.9000 2 8011.12064
15.0000 2 5457.83808
15.1000 2 5106.56512
15.2000 2 7591.69024
15.3000 2 8430.55104
15.4000 2 13421.7728
15.5000 2 13505.65888
15.6000 2 13400.80128
15.7000 2 13379.82976
15.8000 2 13914.60352
15.9000 2 15393.09568
16.0000 2 15393.09568
16.1000 2 15665.72544
16.2000 2 16032.72704
16.3000 2 11350.8352
16.4000 2 865.0752
16.5000 2 0.0
16.6000 2 0.0
16.7000 2 0.0
16.8000 2 0.0
16.9000 2 12509.51168
17.0000 2 15990.784
17.1000 2 15938.3552
17.2000 2 15812.52608
17.3000 2 15791.55456
17.4000 2 15833.4976
17.5000 2 15938.3552
17.6000 2 15959.32672
17.7000 2 16106.12736
17.8000 2 15980.29824
17.9000 2 7570.71872
18.0000 2 0.0
18.1000 2 0.0
18.2000 2 0.0
18.3000 2 0.0
18.4000 2 0.0
18.5000 2 11324.6208
18.6000 2 15005.12256
18.7000 2 15068.03712
18.8000 2 15005.12256
18.9000 2 15120.46592
19.0000 2 15026.09408
19.1000 2 15036.57984
19.2000 2 15005.12256
19.3000 2 15109.98016
19.4000 2 15120.46592
19.5000 2 14832.10752
19.6000 2 1745.87904
19.7000 2 0.0
19.8000 2 0.0
19.9000 2 0.0
20.0000 2 0.0
20.1000 2 4561.3056
20.2000 2 13568.57344
20.3000 2 15812.52608
20.4000 2 14659.09248
20.5000 2 14061.40416
20.6000 2 13673.43104
20.7000 2 13683.9168
20.8000 2 12750.68416
20.9000 2 11314.13504
21.0000 2 13820.23168
21.1000 2 13264.4864
21.2000 2 10637.80352
21.3000 2 7969.1776
21.4000 2 3822.05952
21.5000 2 73.40032
21.6000 2 7025.4592
21.7000 2 8115.97824
21.8000 2 12362.71104
21.9000 2 15372.12416
22.0000 2 15246.29504
22.1000 2 15330.18112
22.2000 2 15435.03872
22.3000 2 15456.01024
22.4000 2 15487.46752
22.5000 2 15403.58144
22.6000 2 9966.71488
22.7000 2 7287.6032
22.8000 2 7329.54624
22.9000 2 6191.84128
23.0000 2 7811.8912
23.1000 2 8032.09216
23.2000 2 4760.53504
23.3000 2 16619.9296
23.4000 2 16074.67008
23.5000 2 15896.41216
23.6000 2 13212.0576
23.7000 2 15770.58304
23.8000 2 16357.7856
23.9000 2 16001.26976
24.0000 2 13794.01728
24.1000 2 6427.77088
24.2000 2 6396.3136
24.3000 2 4325.376
24.4000 2 5892.99712
24.5000 2 5997.85472
24.6000 2 6752.82944
24.7000 2 14690.54976
24.8000 2 15340.66688
24.9000 2 15193.86624
25.0000 2 15246.29504
25.1000 2 15235.80928
25.2000 2 15340.66688
25.3000 2 15288.23808
25.4000 2 15319.69536
25.5000 2 12745.44128
25.6000 2 7623.14752
25.7000 2 2888.82688
25.8000 2 0.0
25.9000 2 3711.95904
26.0000 2 8084.52096
26.1000 2 11429.4784
26.2000 2 15235.80928
26.3000 2 15267.26656
26.4000 2 15162.40896
26.5000 2 15099.4944
26.6000 2 15078.52288
26.7000 2 15193.86624
26.8000 2 15172.89472
26.9000 2 14947.45088
27.0000 2 6585.05728
27.1000 2 6532.62848
27.2000 2 5992.61184
27.3000 2 5505.024
27.4000 2 8136.94976
27.5000 2 8220.83584
27.6000 2 14176.74752
27.7000 2 15193.86624
27.8000 2 14994.6368
27.9000 2 15141.43744
28.0000 2 15130.95168
28.1000 2 15151.9232
28.2000 2 15256.7808
28.3000 2 12598.64064
28.4000 2 6480.19968
28.5000 2 6490.68544
28.6000 2 8126.464
28.7000 2 11340.34944
28.8000 2 8304.72192
28.9000 2 8147.43552
29.0000 2 9762.24256
29.1000 2 15476.98176
29.2000 2 15560.86784
29.3000 2 15518.9248
29.4000 2 15560.86784
29.5000 2 15592.32512
29.6000 2 15419.31008
29.7000 2 7696.54784
29.8000 2 6511.65696
29.9000 2 7277.11744
30.0000 2 12750.68416
30.1000 2 14685.30688
30.2000 2 6910.11584
30.3000 2 6029.312
30.4000 2 7864.32
30.5000 2 13191.08608
30.6000 2 15288.23808
30.7000 2 15403.58144
30.8000 2 15476.98176
30.9000 2 15330.18112
31.0000 2 15366.88128
31.1000 2 7214.20288
31.2000 2 7235.1744
31.3000 2 7591.69024
31.4000 2 12886.99904
31.5000 2 15550.38208
31.6000 2 10511.9744
31.7000 2 7990.14912
31.8000 2 8084.52096
31.9000 2 8933.86752
32.0000 2 14847.83616
32.1000 2 14271.11936
32.2000 2 14239.66208
32.3000 2 14250.14784
32.4000 2 14821.62176
32.5000 2 7067.40224
32.6000 2 6878.65856
32.7000 2 7444.8896
32.8000 2 13411.28704
32.9000 2 15550.38208
33.0000 2 15398.33856
33.1000 2 8766.09536
33.2000 2 7591.69024
33.3000 2 8053.06368
33.4000 2 12310.28224
33.5000 2 16273.89952
33.6000 2 15980.29824
33.7000 2 16158.55616
33.8000 2 11529.09312
33.9000 2 7748.97664
34.0000 2 7853.83424
34.1000 2 10359.93088
34.2000 2 15906.89792
34.3000 2 15969.81248
34.4000 2 12661.5552
34.5000 2 7853.83424
34.6000 2 7811.8912
34.7000 2 8357.15072
34.8000 2 8441.0368
34.9000 2 8420.06528
35.0000 2 8441.0368
35.1000 2 4912.57856
