0.1000 2 0.0
0.2000 2 167.77216
0.3000 2 9500.09856
0.4000 2 12907.97056
0.5000 2 12677.28384
0.6000 2 12866.02752
0.7000 2 12845.056
0.8000 2 13002.3424
0.9000 2 12897.4848
1.0000 2 13012.82816
1.1000 2 13128.17152
1.2000 2 13128.17152
1.3000 2 13243.51488
1.4000 2 13107.2
1.5000 2 11922.30912
1.6000 2 73.40032
1.7000 2 0.0
1.8000 2 0.0
1.9000 2 0.0
2.0000 2 0.0
2.1000 2 5882.51136
2.2000 2 13421.7728
2.3000 2 15130.95168
2.4000 2 14952.69376
2.5000 2 12677.28384
2.6000 2 13065.25696
2.7000 2 12897.4848
2.8000 2 13327.40096
2.9000 2 13222.54336
3.0000 2 13212.0576
3.1000 2 13149.14304
3.2000 2 13149.14304
3.3000 2 9227.4688
3.4000 2 0.0
3.5000 2 0.0
3.6000 2 0.0
3.7000 2 0.0
3.8000 2 0.0
3.9000 2 6333.39904
4.0000 2 13033.79968
4.1000 2 13044.28544
4.2000 2 12907.97056
4.3000 2 13159.6288
4.4000 2 13002.3424
4.5000 2 13128.17152
4.6000 2 13264.4864
4.7000 2 12540.96896
4.8000 2 13233.02912
4.9000 2 13295.94368
5.0000 2 13337.88672
5.1000 2 11654.92224
5.2000 2 1599.0784
5.3000 2 0.0
5.4000 2 0.0
5.5000 2 0.0
5.6000 2 0.0
5.7000 2 7004.48768
5.8000 2 12866.02752
5.9000 2 12845.056
6.0000 2 12855.54176
6.1000 2 12897.4848
6.2000 2 13033.79968
6.3000 2 13065.25696
6.4000 2 13023.31392
6.5000 2 12855.54176
6.6000 2 13149.14304
6.7000 2 12939.42784
6.8000 2 13149.14304
6.9000 2 11906.58048
7.0000 2 1578.10688
7.1000 2 0.0
7.2000 2 0.0
7.3000 2 0.0
7.4000 2 0.0
7.5000 2 4886.36416
7.6000 2 12761.16992
7.7000 2 12551.45472
7.8000 2 12666.79808
7.9000 2 12907.97056
8.0000 2 12845.056
8.1000 2 13023.31392
8.2000 2 12834.57024
8.3000 2 12960.39936
8.4000 2 13075.74272
8.5000 2 12792.6272
8.6000 2 13201.57184
8.7000 2 12729.71264
8.8000 2 4026.53184
8.9000 2 0.0
9.0000 2 0.0
9.1000 2 0.0
9.2000 2 0.0
9.3000 2 943.7184
9.4000 2 12226.39616
9.5000 2 12803.11296
9.6000 2 12855.54176
9.7000 2 12719.22688
9.8000 2 13149.14304
9.9000 2 13222.54336
10.0000 2 13075.74272
10.1000 2 12561.94048
10.2000 2 12918.45632
10.3000 2 13914.60352
10.4000 2 15225.32352
10.5000 2 12923.6992
10.6000 2 4461.69088
10.7000 2 0.0
10.8000 2 0.0
10.9000 2 0.0
11.0000 2 0.0
11.1000 2 7518.28992
11.2000 2 13033.79968
11.3000 2 12960.39936
11.4000 2 13012.82816
11.5000 2 13002.3424
11.6000 2 13285.45792
11.7000 2 12813.59872
11.8000 2 13348.37248
11.9000 2 13369.344
12.0000 2 13316.9152
12.1000 2 13495.17312
12.2000 2 13337.88672
12.3000 2 10726.93248
12.4000 2 0.0
12.5000 2 0.0
12.6000 2 0.0
12.7000 2 0.0
12.8000 2 0.0
12.9000 2 7591.69024
13.0000 2 12866.02752
13.1000 2 13086.22848
13.2000 2 13075.74272
13.3000 2 13159.6288
13.4000 2 13390.31552
13.5000 2 13222.54336
13.6000 2 13463.71584
13.7000 2 13170.11456
13.8000 2 13337.88672
13.9000 2 13369.344
14.0000 2 13547.60192
14.1000 2 10171.1872
14.2000 2 0.0
14.3000 2 0.0
14.4000 2 0.0
14.5000 2 0.0
14.6000 2 0.0
14.7000 2 2925.52704
14.8000 2 8965.3248
14.9000 2 13075.74272
15.0000 2 13107.2
15.1000 2 12687.7696
15.2000 2 13075.74272
15.3000 2 11827.93728
15.4000 2 14134.80448
15.5000 2 12803.11296
15.6000 2 12771.65568
15.7000 2 11261.70624
15.8000 2 12803.11296
15.9000 2 13463.71584
16.0000 2 10784.60416
16.1000 2 1043.33312
16.2000 2 0.0
16.3000 2 6008.34048
16.4000 2 10139.72992
16.5000 2 12855.54176
16.6000 2 13012.82816
16.7000 2 8126.464
16.8000 2 9080.66816
16.9000 2 19545.45664
17.0000 2 19534.97088
17.1000 2 15476.98176
17.2000 2 14921.23648
17.3000 2 14858.32192
17.4000 2 14669.57824
17.5000 2 14742.97856
17.6000 2 2411.7248
17.7000 2 94.37184
17.8000 2 0.0
17.9000 2 73.40032
18.0000 2 0.0
18.1000 2 639.63136
18.2000 2 10800.3328
18.3000 2 13715.37408
18.4000 2 13274.97216
18.5000 2 13285.45792
18.6000 2 13442.74432
18.7000 2 13212.0576
18.8000 2 8818.52416
18.9000 2 10674.50368
19.0000 2 15162.40896
19.1000 2 13725.85984
19.2000 2 15361.6384
19.3000 2 10307.50208
19.4000 2 8288.99328
19.5000 2 73.40032
19.6000 2 146.80064
19.7000 2 146.80064
19.8000 2 73.40032
19.9000 2 5022.67904
20.0000 2 12320.768
20.1000 2 13694.40256
20.2000 2 12750.68416
20.3000 2 12855.54176
20.4000 2 12907.97056
20.5000 2 12866.02752
20.6000 2 13212.0576
20.7000 2 13054.7712
20.8000 2 13170.11456
20.9000 2 12813.59872
21.0000 2 12703.49824
21.1000 2 12483.29728
21.2000 2 5525.99552
21.3000 2 73.40032
21.4000 2 0.0
21.5000 2 0.0
21.6000 2 0.0
21.7000 2 7885.29152
21.8000 2 12991.85664
21.9000 2 12981.37088
22.0000 2 12981.37088
22.1000 2 13159.6288
22.2000 2 13117.68576
22.3000 2 13390.31552
22.4000 2 13285.45792
22.5000 2 13201.57184
22.6000 2 13222.54336
22.7000 2 13128.17152
22.8000 2 13154.38592
22.9000 2 9840.88576
23.0000 2 1059.06176
23.1000 2 73.40032
23.2000 2 73.40032
23.3000 2 0.0
23.4000 2 3323.98592
23.5000 2 10171.1872
23.6000 2 12792.6272
23.7000 2 10810.81856
23.8000 2 9741.27104
23.9000 2 15015.60832
24.0000 2 18475.90912
24.1000 2 13851.68896
24.2000 2 13337.88672
24.3000 2 13180.60032
24.4000 2 13295.94368
24.5000 2 12944.67072
24.6000 2 12483.29728
24.7000 2 3879.7312
24.8000 2 157.2864
24.9000 2 62.91456
25.0000 2 0.0
25.1000 2 104.8576
25.2000 2 3753.90208
25.3000 2 16703.81568
25.4000 2 13033.79968
25.5000 2 13243.51488
25.6000 2 13400.80128
25.7000 2 13128.17152
25.8000 2 13348.37248
25.9000 2 13306.42944
26.0000 2 13348.37248
26.1000 2 13274.97216
26.2000 2 13542.35904
26.3000 2 13107.2
26.4000 2 8121.22112
26.5000 2 1950.35136
26.6000 2 0.0
26.7000 2 0.0
26.8000 2 1887.4368
26.9000 2 7046.43072
27.0000 2 13484.68736
27.1000 2 14701.03552
27.2000 2 13107.2
27.3000 2 13086.22848
27.4000 2 13023.31392
27.5000 2 13033.79968
27.6000 2 13254.00064
27.7000 2 13012.82816
27.8000 2 13159.6288
27.9000 2 13138.65728
28.0000 2 13101.95712
28.1000 2 8477.73696
28.2000 2 0.0
28.3000 2 73.40032
28.4000 2 0.0
28.5000 2 0.0
28.6000 2 4812.96384
28.7000 2 10915.67616
28.8000 2 14145.29024
28.9000 2 15099.4944
29.0000 2 14879.29344
29.1000 2 15015.60832
29.2000 2 14617.14944
29.3000 2 14763.95008
29.4000 2 14512.29184
29.5000 2 14428.40576
29.6000 2 13956.54656
29.7000 2 13044.28544
29.8000 2 3229.61408
29.9000 2 104.8576
30.0000 2 73.40032
30.1000 2 0.0
30.2000 2 0.0
30.3000 2 786.432
30.4000 2 10894.70464
30.5000 2 12635.3408
30.6000 2 12687.7696
30.7000 2 13128.17152
30.8000 2 12813.59872
30.9000 2 12918.45632
31.0000 2 13033.79968
31.1000 2 13170.11456
31.2000 2 13170.11456
31.3000 2 13117.68576
31.4000 2 12991.85664
31.5000 2 13065.25696
31.6000 2 8849.98144
31.7000 2 83.88608
31.8000 2 83.88608
31.9000 2 0.0
32.0000 2 0.0
32.1000 2 0.0
32.2000 2 3837.78816
32.3000 2 13023.31392
32.4000 2 12561.94048
32.5000 2 12457.08288
32.6000 2 12824.08448
32.7000 2 13170.11456
32.8000 2 12845.056
32.9000 2 13201.57184
33.0000 2 12928.94208
33.1000 2 13149.14304
33.2000 2 13107.2
33.3000 2 13191.08608
33.4000 2 13117.68576
33.5000 2 3995.07456
33.6000 2 83.88608
33.7000 2 199.22944
33.8000 2 73.40032
33.9000 2 0.0
34.0000 2 0.0
34.1000 2 10055.84384
34.2000 2 12677.28384
34.3000 2 12782.14144
34.4000 2 12624.85504
34.5000 2 13107.2
34.6000 2 12824.08448
34.7000 2 13002.3424
34.8000 2 12813.59872
34.9000 2 12991.85664
35.0000 2 13128.17152
35.1000 2 13033.79968
35.2000 2 13117.68576
35.3000 2 11072.96256
35.4000 2 0.0
35.5000 2 115.34336
35.6000 2 0.0
35.7000 2 115.34336
35.8000 2 0.0
35.9000 2 5756.68224
36.0000 2 12813.59872
36.1000 2 13516.14464
36.2000 2 15078.52288
36.3000 2 14879.29344
36.4000 2 14784.9216
36.5000 2 14826.86464
36.6000 2 14742.97856
36.7000 2 15089.00864
36.8000 2 14858.32192
36.9000 2 14874.05056
37.0000 2 9505.34144
37.1000 2 2736.78336
37.2000 2 0.0
37.3000 2 0.0
37.4000 2 0.0
37.5000 2 6448.7424
37.6000 2 11261.70624
37.7000 2 12813.59872
37.8000 2 12603.88352
37.9000 2 12886.99904
38.0000 2 13033.79968
38.1000 2 13002.3424
38.2000 2 13128.17152
38.3000 2 13117.68576
38.4000 2 13033.79968
38.5000 2 13044.28544
38.6000 2 13080.9856
38.7000 2 10008.65792
38.8000 2 5819.5968
38.9000 2 62.91456
39.0000 2 188.74368
39.1000 2 325.05856
39.2000 2 7591.69024
39.3000 2 10307.50208
39.4000 2 12782.14144
39.5000 2 12792.6272
39.6000 2 12467.56864
39.7000 2 12310.28224
39.8000 2 12457.08288
39.9000 2 12320.768
40.0000 2 12918.45632
40.1000 2 12991.85664
40.2000 2 13170.11456
40.3000 2 13143.90016
40.4000 2 10475.27424
40.5000 2 1357.90592
40.6000 2 136.31488
40.7000 2 0.0
40.8000 2 0.0
40.9000 2 1950.35136
41.0000 2 3103.78496
41.1000 2 11859.39456
41.2000 2 12048.13824
41.3000 2 7518.28992
41.4000 2 7874.80576
41.5000 2 7361.00352
41.6000 2 7906.26304
41.7000 2 7570.71872
41.8000 2 6359.61344
