0.1000 2 0.0
0.2000 2 188.74368
0.3000 2 10401.87392
0.4000 2 12373.1968
0.5000 2 12016.68096
0.6000 2 11932.79488
0.7000 2 12037.65248
0.8000 2 11848.9088
0.9000 2 12152.99584
1.0000 2 12121.53856
1.1000 2 12173.96736
1.2000 2 12163.4816
1.3000 2 12236.88192
1.4000 2 11812.20864
1.5000 2 7696.54784
1.6000 2 7056.91648
1.7000 2 7387.21792
1.8000 2 3848.27392
1.9000 2 6920.6016
2.0000 2 7182.7456
2.1000 2 10338.95936
2.2000 2 11649.67936
2.3000 2 11911.82336
2.4000 2 10496.24576
2.5000 2 8074.0352
2.6000 2 7497.3184
2.7000 2 7728.00512
2.8000 2 7612.66176
2.9000 2 13411.28704
3.0000 2 12016.68096
3.1000 2 10564.4032
3.2000 2 4697.62048
3.3000 2 6941.57312
3.4000 2 11114.9056
3.5000 2 13348.37248
3.6000 2 14695.79264
3.7000 2 11356.07808
3.8000 2 7853.83424
3.9000 2 7948.20608
4.0000 2 8115.97824
4.1000 2 12037.65248
4.2000 2 12236.88192
4.3000 2 12173.96736
4.4000 2 12236.88192
4.5000 2 13358.85824
4.6000 2 14690.54976
4.7000 2 11004.80512
4.8000 2 7476.34688
4.9000 2 7581.20448
5.0000 2 7423.91808
5.1000 2 12189.696
5.2000 2 7895.77728
5.3000 2 7182.7456
5.4000 2 7371.48928
5.5000 2 12100.56704
5.6000 2 14795.40736
5.7000 2 14805.89312
5.8000 2 14795.40736
5.9000 2 14858.32192
6.0000 2 14942.208
6.1000 2 14596.17792
6.2000 2 4907.33568
6.3000 2 13101.95712
6.4000 2 10585.37472
6.5000 2 5473.56672
6.6000 2 1499.46368
6.7000 2 9720.29952
6.8000 2 7623.14752
6.9000 2 13988.00384
7.0000 2 15183.38048
7.1000 2 12918.45632
7.2000 2 20279.45984
7.3000 2 13306.42944
7.4000 2 13421.7728
7.5000 2 8986.29632
7.6000 2 15225.32352
7.7000 2 14874.05056
7.8000 2 7769.94816
7.9000 2 7366.2464
8.0000 2 3890.21696
8.1000 2 5442.10944
8.2000 2 7497.3184
8.3000 2 12509.51168
8.4000 2 15005.12256
8.5000 2 14617.14944
8.6000 2 14816.37888
8.7000 2 14680.064
8.8000 2 14868.80768
8.9000 2 14816.37888
9.0000 2 14722.00704
9.1000 2 14669.57824
9.2000 2 14711.52128
9.3000 2 5001.70752
9.4000 2 73.40032
9.5000 2 73.40032
9.6000 2 0.0
9.7000 2 0.0
9.8000 2 8724.15232
9.9000 2 13348.37248
10.0000 2 13358.85824
10.1000 2 13453.23008
10.2000 2 13159.6288
10.3000 2 13170.11456
10.4000 2 13180.60032
10.5000 2 13044.28544
10.6000 2 13044.28544
10.7000 2 13007.58528
10.8000 2 11146.36288
10.9000 2 7413.43232
11.0000 2 7455.37536
11.1000 2 8462.00832
11.2000 2 11172.57728
11.3000 2 8210.35008
11.4000 2 7937.72032
11.5000 2 8241.80736
11.6000 2 8095.00672
11.7000 2 12320.768
11.8000 2 16840.13056
11.9000 2 17049.84576
12.0000 2 16431.18592
12.1000 2 14187.23328
12.2000 2 11833.18016
12.3000 2 9709.81376
12.4000 2 7182.7456
12.5000 2 11251.22048
12.6000 2 14853.07904
12.7000 2 10559.16032
12.8000 2 8252.29312
12.9000 2 8220.83584
13.0000 2 11177.82016
13.1000 2 15204.352
13.2000 2 15089.00864
13.3000 2 13746.83136
13.4000 2 13243.51488
13.5000 2 10144.9728
13.6000 2 7528.77568
13.7000 2 7497.3184
13.8000 2 9196.01152
13.9000 2 12949.9136
14.0000 2 12813.59872
14.1000 2 13521.38752
14.2000 2 7518.28992
14.3000 2 7560.23296
14.4000 2 7088.37376
14.5000 2 10527.70304
14.6000 2 12111.0528
14.7000 2 11932.79488
14.8000 2 12163.4816
14.9000 2 11985.22368
15.0000 2 12058.624
15.1000 2 12048.13824
15.2000 2 8981.05344
15.3000 2 7277.11744
15.4000 2 7319.06048
15.5000 2 7371.48928
15.6000 2 11193.5488
15.7000 2 7193.23136
15.8000 2 7518.28992
15.9000 2 7455.37536
16.0000 2 12572.42624
16.1000 2 14050.9184
16.2000 2 13925.08928
16.3000 2 13736.3456
16.4000 2 13191.08608
16.5000 2 13212.0576
16.6000 2 10684.98944
16.7000 2 12598.64064
16.8000 2 9384.7552
16.9000 2 7581.20448
17.0000 2 7476.34688
17.1000 2 11413.74976
17.2000 2 6343.8848
17.3000 2 6501.1712
17.4000 2 6668.94336
17.5000 2 7109.34528
17.6000 2 13400.80128
17.7000 2 12761.16992
17.8000 2 13495.17312
17.9000 2 13956.54656
18.0000 2 13767.80288
18.1000 2 13589.54496
18.2000 2 12876.51328
18.3000 2 10543.43168
18.4000 2 6847.20128
18.5000 2 7266.63168
18.6000 2 7308.57472
18.7000 2 10186.91584
18.8000 2 6438.25664
18.9000 2 6438.25664
19.0000 2 6647.97184
19.1000 2 10076.81536
19.2000 2 11460.93568
19.3000 2 12624.85504
19.4000 2 13316.9152
19.5000 2 12845.056
19.6000 2 12551.45472
19.7000 2 12729.71264
19.8000 2 13379.82976
19.9000 2 13379.82976
20.0000 2 11392.77824
20.1000 2 7193.23136
20.2000 2 7376.73216
20.3000 2 1939.8656
20.4000 2 5924.4544
20.5000 2 7140.80256
20.6000 2 12939.42784
20.7000 2 15120.46592
20.8000 2 15099.4944
20.9000 2 15141.43744
21.0000 2 15015.60832
21.1000 2 15005.12256
21.2000 2 15130.95168
21.3000 2 15005.12256
21.4000 2 14968.4224
21.5000 2 9112.12544
21.6000 2 7780.43392
21.7000 2 6569.32864
21.8000 2 1216.34816
21.9000 2 4110.41792
22.0000 2 9741.27104
22.1000 2 14816.37888
22.2000 2 15298.72384
22.3000 2 15214.83776
22.4000 2 15256.7808
22.5000 2 14984.15104
22.6000 2 15141.43744
22.7000 2 15057.55136
22.8000 2 14590.93504
22.9000 2 6920.6016
23.0000 2 5882.51136
23.1000 2 6029.312
23.2000 2 6123.68384
23.3000 2 3182.42816
23.4000 2 6857.68704
23.5000 2 13180.60032
23.6000 2 13411.28704
23.7000 2 12886.99904
23.8000 2 13285.45792
23.9000 2 13715.37408
24.0000 2 14669.57824
24.1000 2 14659.09248
24.2000 2 14585.69216
24.3000 2 14638.12096
24.4000 2 14795.40736
24.5000 2 14648.60672
24.6000 2 1845.49376
24.7000 2 73.40032
24.8000 2 0.0
24.9000 2 0.0
25.0000 2 0.0
25.1000 2 3145.728
25.2000 2 11985.22368
25.3000 2 11859.39456
25.4000 2 11953.7664
25.5000 2 11943.28064
25.6000 2 12194.93888
25.7000 2 11943.28064
25.8000 2 12142.51008
25.9000 2 12362.71104
26.0000 2 12467.56864
26.1000 2 12404.65408
26.2000 2 14590.93504
26.3000 2 13065.25696
26.4000 2 7728.00512
26.5000 2 3801.088
26.6000 2 0.0
26.7000 2 3313.50016
26.8000 2 7319.06048
26.9000 2 8241.80736
27.0000 2 10055.84384
27.1000 2 12425.6256
27.2000 2 13977.51808
27.3000 2 13820.23168
27.4000 2 13474.2016
27.5000 2 13641.97376
27.6000 2 13862.17472
27.7000 2 12551.45472
27.8000 2 12341.73952
27.9000 2 14098.10432
28.0000 2 9175.04
28.1000 2 5227.15136
28.2000 2 0.0
28.3000 2 0.0
28.4000 2 2118.12352
28.5000 2 83.88608
28.6000 2 14061.40416
28.7000 2 14449.37728
28.8000 2 11555.30752
28.9000 2 7717.51936
29.0000 2 7748.97664
29.1000 2 7843.34848
29.2000 2 9992.92928
29.3000 2 13621.00224
29.4000 2 21228.42112
29.5000 2 9311.35488
29.6000 2 5924.4544
29.7000 2 5903.48288
29.8000 2 5190.4512
29.9000 2 0.0
30.0000 2 2002.78016
30.1000 2 8566.86592
30.2000 2 8189.37856
30.3000 2 12656.31232
30.4000 2 7334.78912
30.5000 2 6396.3136
30.6000 2 10873.73312
30.7000 2 10202.64448
30.8000 2 13149.14304
30.9000 2 12834.57024
31.0000 2 12551.45472
31.1000 2 12027.16672
31.2000 2 10590.6176
31.3000 2 9667.87072
31.4000 2 4760.53504
31.5000 2 15398.33856
31.6000 2 7077.888
31.7000 2 7182.7456
31.8000 2 7623.14752
31.9000 2 9337.56928
32.0000 2 5641.33888
32.1000 2 10559.16032
32.2000 2 10475.27424
32.3000 2 12142.51008
32.4000 2 16420.70016
32.5000 2 13212.0576
32.6000 2 13054.7712
32.7000 2 13096.71424
32.8000 2 12866.02752
32.9000 2 13044.28544
33.0000 2 13510.90176
33.1000 2 10433.3312
33.2000 2 7109.34528
33.3000 2 7151.28832
33.4000 2 7890.5344
33.5000 2 7769.94816
33.6000 2 7507.80416
33.7000 2 7465.86112
33.8000 2 12572.42624
33.9000 2 12111.0528
34.0000 2 5242.88
34.1000 2 3942.64576
34.2000 2 16997.41696
34.3000 2 15623.7824
34.4000 2 15770.58304
34.5000 2 14936.96512
34.6000 2 12530.4832
34.7000 2 7906.26304
34.8000 2 7937.72032
34.9000 2 7077.888
35.0000 2 12000.95232
35.1000 2 6983.51616
35.2000 2 6113.19808
35.3000 2 7371.48928
35.4000 2 9395.24096
35.5000 2 12268.3392
35.6000 2 12278.82496
35.7000 2 12310.28224
35.8000 2 12425.6256
35.9000 2 12488.54016
36.0000 2 12451.84
36.1000 2 12142.51008
36.2000 2 5651.82464
36.3000 2 5704.25344
36.4000 2 5641.33888
36.5000 2 10485.76
36.6000 2 12132.02432
36.7000 2 12037.65248
36.8000 2 12090.08128
36.9000 2 10920.91904
37.0000 2 7402.94656
37.1000 2 7528.77568
37.2000 2 7686.06208
37.3000 2 7811.8912
37.4000 2 7769.94816
37.5000 2 2437.9392
