0.1000 2 0.0
0.2000 2 188.74368
0.3000 2 13904.11776
0.4000 2 14879.29344
0.5000 2 15508.43904
0.6000 2 15581.83936
0.7000 2 15655.23968
0.8000 2 15602.81088
0.9000 2 15560.86784
1.0000 2 15581.83936
1.1000 2 15634.26816
1.2000 2 15613.29664
1.3000 2 9096.3968
1.4000 2 2689.59744
1.5000 2 0.0
1.6000 2 0.0
1.7000 2 0.0
1.8000 2 0.0
1.9000 2 7790.91968
2.0000 2 10118.7584
2.1000 2 14826.86464
2.2000 2 15267.26656
2.3000 2 16116.61312
2.4000 2 16085.15584
2.5000 2 16074.67008
2.6000 2 16190.01344
2.7000 2 16001.26976
2.8000 2 14895.02208
2.9000 2 6658.4576
3.0000 2 7014.97344
3.1000 2 5290.06592
3.2000 2 786.432
3.3000 2 7916.7488
3.4000 2 8367.63648
3.5000 2 8063.54944
3.6000 2 14438.89152
3.7000 2 16263.41376
3.8000 2 14512.29184
3.9000 2 14355.00544
4.0000 2 13442.74432
4.1000 2 13736.3456
4.2000 2 13725.85984
4.3000 2 13757.31712
4.4000 2 14323.54816
4.5000 2 8498.70848
4.6000 2 1211.10528
4.7000 2 62.91456
4.8000 2 0.0
4.9000 2 73.40032
5.0000 2 0.0
5.1000 2 7948.20608
5.2000 2 12320.768
5.3000 2 14575.2064
5.4000 2 14795.40736
5.5000 2 15938.3552
5.6000 2 16032.72704
5.7000 2 16116.61312
5.8000 2 15864.95488
5.9000 2 15864.95488
6.0000 2 13641.97376
6.1000 2 11004.80512
6.2000 2 6941.57312
6.3000 2 2721.05472
6.4000 2 73.40032
6.5000 2 73.40032
6.6000 2 566.23104
6.7000 2 8084.52096
6.8000 2 9678.35648
6.9000 2 15634.26816
7.0000 2 13872.66048
7.1000 2 13610.51648
7.2000 2 13830.71744
7.3000 2 13641.97376
7.4000 2 14281.60512
7.5000 2 14648.60672
7.6000 2 14564.72064
7.7000 2 15487.46752
7.8000 2 9893.31456
7.9000 2 4608.49152
8.0000 2 62.91456
8.1000 2 0.0
8.2000 2 62.91456
8.3000 2 167.77216
8.4000 2 7811.8912
8.5000 2 10538.1888
8.6000 2 14124.31872
8.7000 2 15623.7824
8.8000 2 16882.0736
8.9000 2 15298.72384
9.0000 2 15466.496
9.1000 2 15393.09568
9.2000 2 15372.12416
9.3000 2 13662.94528
9.4000 2 272.62976
9.5000 2 10386.14528
9.6000 2 8283.7504
9.7000 2 7712.27648
9.8000 2 209.7152
9.9000 2 73.40032
10.0000 2 5536.48128
10.1000 2 6060.76928
10.2000 2 6155.14112
10.3000 2 15183.38048
10.4000 2 10590.6176
10.5000 2 17962.10688
10.6000 2 15728.64
10.7000 2 15864.95488
10.8000 2 15760.09728
10.9000 2 15676.2112
11.0000 2 15697.18272
11.1000 2 15775.82592
11.2000 2 8676.9664
11.3000 2 62.91456
11.4000 2 73.40032
11.5000 2 0.0
11.6000 2 0.0
11.7000 2 2527.06816
11.8000 2 9479.12704
11.9000 2 14428.40576
12.0000 2 15456.01024
12.1000 2 15833.4976
12.2000 2 15781.0688
12.3000 2 15697.18272
12.4000 2 15770.58304
12.5000 2 15718.15424
12.6000 2 15539.89632
12.7000 2 15424.55296
12.8000 2 11744.0512
12.9000 2 0.0
13.0000 2 0.0
13.1000 2 0.0
13.2000 2 0.0
13.3000 2 0.0
13.4000 2 0.0
13.5000 2 6029.312
13.6000 2 8451.52256
13.7000 2 7161.77408
13.8000 2 10726.93248
13.9000 2 12666.79808
14.0000 2 19975.3728
14.1000 2 18811.45344
14.2000 2 15927.86944
14.3000 2 15802.04032
14.4000 2 15891.16928
14.5000 2 8797.55264
14.6000 2 5599.39584
14.7000 2 5085.5936
14.8000 2 10899.94752
14.9000 2 6207.56992
15.0000 2 14208.2048
15.1000 2 10915.67616
15.2000 2 8629.78048
15.3000 2 14617.14944
15.4000 2 16095.6416
15.5000 2 15875.44064
15.6000 2 15770.58304
15.7000 2 16200.4992
15.8000 2 15639.51104
15.9000 2 11943.28064
16.0000 2 7256.14592
16.1000 2 8199.86432
16.2000 2 8309.9648
16.3000 2 9688.84224
16.4000 2 7906.26304
16.5000 2 7969.1776
16.6000 2 8011.12064
16.7000 2 9500.09856
16.8000 2 16043.2128
16.9000 2 16106.12736
17.0000 2 15487.46752
17.1000 2 15802.04032
17.2000 2 15518.9248
17.3000 2 15681.45408
17.4000 2 9426.69824
17.5000 2 8598.3232
17.6000 2 8614.05184
17.7000 2 5295.3088
17.8000 2 3166.69952
17.9000 2 8650.752
18.0000 2 7203.71712
18.1000 2 7696.54784
18.2000 2 12499.02592
18.3000 2 13442.74432
18.4000 2 13725.85984
18.5000 2 14029.94688
18.6000 2 14292.09088
18.7000 2 14234.4192
18.8000 2 13379.82976
18.9000 2 8063.54944
19.0000 2 8409.57952
19.1000 2 8441.0368
19.2000 2 8561.62304
19.3000 2 11020.53376
19.4000 2 8074.0352
19.5000 2 8357.15072
19.6000 2 8252.29312
19.7000 2 8168.40704
19.8000 2 12551.45472
19.9000 2 13715.37408
20.0000 2 13736.3456
20.1000 2 13904.11776
20.2000 2 14134.80448
20.3000 2 15419.31008
20.4000 2 14868.80768
20.5000 2 8294.23616
20.6000 2 8462.00832
20.7000 2 8362.3936
20.8000 2 3963.61728
20.9000 2 7130.3168
21.0000 2 8115.97824
21.1000 2 8294.23616
21.2000 2 12928.94208
21.3000 2 16693.32992
21.4000 2 16525.55776
21.5000 2 15529.41056
21.6000 2 14931.72224
21.7000 2 14889.7792
21.8000 2 14905.50784
21.9000 2 8199.86432
22.0000 2 8336.1792
22.1000 2 8079.27808
22.2000 2 3344.95744
22.3000 2 5809.11104
22.4000 2 7046.43072
22.5000 2 8126.464
22.6000 2 12352.22528
22.7000 2 15235.80928
22.8000 2 15183.38048
22.9000 2 15193.86624
23.0000 2 15277.75232
23.1000 2 15550.38208
23.2000 2 16850.61632
23.3000 2 15670.96832
23.4000 2 8105.49248
23.5000 2 8467.2512
23.6000 2 2202.0096
23.7000 2 94.37184
23.8000 2 4320.13312
23.9000 2 7507.80416
24.0000 2 7602.176
24.1000 2 14323.54816
24.2000 2 15707.66848
24.3000 2 14858.32192
24.4000 2 13736.3456
24.5000 2 14302.57664
24.6000 2 15686.69696
24.7000 2 14669.57824
24.8000 2 15435.03872
24.9000 2 10375.65952
25.0000 2 8446.27968
25.1000 2 6585.05728
25.2000 2 94.37184
25.3000 2 241.17248
25.4000 2 5798.62528
25.5000 2 7371.48928
25.6000 2 9227.4688
25.7000 2 15854.46912
25.8000 2 14826.86464
25.9000 2 15676.2112
26.0000 2 15707.66848
26.1000 2 15456.01024
26.2000 2 15214.83776
26.3000 2 15151.9232
26.4000 2 16053.69856
26.5000 2 12006.1952
26.6000 2 4760.53504
26.7000 2 0.0
26.8000 2 94.37184
26.9000 2 94.37184
27.0000 2 0.0
27.1000 2 3659.53024
27.2000 2 8147.43552
27.3000 2 14396.94848
27.4000 2 14480.83456
27.5000 2 15770.58304
27.6000 2 16011.75552
27.7000 2 14596.17792
27.8000 2 15319.69536
27.9000 2 15885.9264
28.0000 2 14763.95008
28.1000 2 14428.40576
28.2000 2 10160.70144
28.3000 2 5599.39584
28.4000 2 83.88608
28.5000 2 83.88608
28.6000 2 0.0
28.7000 2 83.88608
28.8000 2 7287.6032
28.9000 2 9992.92928
29.0000 2 16441.67168
29.1000 2 16630.41536
29.2000 2 16399.72864
29.3000 2 16336.81408
29.4000 2 16850.61632
29.5000 2 16819.15904
29.6000 2 16483.61472
29.7000 2 15162.40896
29.8000 2 10380.9024
29.9000 2 4487.90528
30.0000 2 167.77216
30.1000 2 167.77216
30.2000 2 0.0
30.3000 2 83.88608
30.4000 2 7654.6048
30.5000 2 9772.72832
30.6000 2 10989.07648
30.7000 2 15351.15264
30.8000 2 18444.45184
30.9000 2 17081.30304
31.0000 2 15235.80928
31.1000 2 16483.61472
31.2000 2 14994.6368
31.3000 2 14575.2064
31.4000 2 14155.776
31.5000 2 8262.77888
31.6000 2 41.94304
31.7000 2 94.37184
31.8000 2 94.37184
31.9000 2 0.0
32.0000 2 2768.24064
32.1000 2 8881.43872
32.2000 2 13516.14464
32.3000 2 16074.67008
32.4000 2 15015.60832
32.5000 2 15162.40896
32.6000 2 15130.95168
32.7000 2 14763.95008
32.8000 2 14250.14784
32.9000 2 15864.95488
33.0000 2 16499.34336
33.1000 2 8089.76384
33.2000 2 7560.23296
33.3000 2 0.0
33.4000 2 94.37184
33.5000 2 241.17248
33.6000 2 7853.83424
33.7000 2 8199.86432
33.8000 2 13767.80288
33.9000 2 16043.2128
34.0000 2 15047.0656
34.1000 2 15120.46592
34.2000 2 16001.26976
34.3000 2 14984.15104
34.4000 2 15078.52288
34.5000 2 15581.83936
34.6000 2 14313.0624
34.7000 2 9028.23936
34.8000 2 2369.78176
34.9000 2 94.37184
35.0000 2 0.0
35.1000 2 83.88608
35.2000 2 0.0
35.3000 2 7151.28832
35.4000 2 12761.16992
35.5000 2 19786.62912
35.6000 2 1845.49376
35.7000 2 14931.72224
35.8000 2 24064.8192
35.9000 2 19209.91232
36.0000 2 4886.36416
36.1000 2 23855.104
36.2000 2 21584.93696
36.3000 2 12603.88352
36.4000 2 183.5008
36.5000 2 0.0
36.6000 2 0.0
36.7000 2 0.0
36.8000 2 775.94624
36.9000 2 8294.23616
37.0000 2 8388.608
37.1000 2 8325.69344
37.2000 2 8336.1792
37.3000 2 8524.92288
37.4000 2 8399.09376
37.5000 2 8283.7504
37.6000 2 8409.57952
37.7000 2 5615.12448
