0.1000 2 0.0
0.2000 2 188.74368
0.3000 2 2306.8672
0.4000 2 16536.04352
0.5000 2 18287.16544
0.6000 2 16850.61632
0.7000 2 14166.26176
0.8000 2 14040.43264
0.9000 2 15246.29504
1.0000 2 14575.2064
1.1000 2 14239.66208
1.2000 2 14910.75072
1.3000 2 14847.83616
1.4000 2 10664.01792
1.5000 2 5106.56512
1.6000 2 62.91456
1.7000 2 0.0
1.8000 2 73.40032
1.9000 2 3942.64576
2.0000 2 8566.86592
2.1000 2 12645.82656
2.2000 2 14501.80608
2.3000 2 14197.71904
2.4000 2 14575.2064
2.5000 2 14784.9216
2.6000 2 14585.69216
2.7000 2 14732.4928
2.8000 2 14501.80608
2.9000 2 7628.3904
3.0000 2 7361.00352
3.1000 2 7402.94656
3.2000 2 9945.74336
3.3000 2 14134.80448
3.4000 2 9762.24256
3.5000 2 8136.94976
3.6000 2 8189.37856
3.7000 2 10244.58752
3.8000 2 16473.12896
3.9000 2 15078.52288
4.0000 2 12855.54176
4.1000 2 12803.11296
4.2000 2 15959.32672
4.3000 2 9316.59776
4.4000 2 7581.20448
4.5000 2 7402.94656
4.6000 2 7696.54784
4.7000 2 15366.88128
4.8000 2 12236.88192
4.9000 2 8147.43552
5.0000 2 7948.20608
5.1000 2 8671.72352
5.2000 2 14533.26336
5.3000 2 15508.43904
5.4000 2 15047.0656
5.5000 2 14952.69376
5.6000 2 15812.52608
5.7000 2 8488.22272
5.8000 2 7350.51776
5.9000 2 7402.94656
6.0000 2 9479.12704
6.1000 2 15235.80928
6.2000 2 14517.53472
6.3000 2 7696.54784
6.4000 2 8304.72192
6.5000 2 8514.43712
6.6000 2 12173.96736
6.7000 2 16179.52768
6.8000 2 29433.52832
6.9000 2 14659.09248
7.0000 2 5625.61024
7.1000 2 136.31488
7.2000 2 9437.184
7.3000 2 10181.67296
7.4000 2 16389.24288
7.5000 2 15597.568
7.6000 2 14050.9184
7.7000 2 8199.86432
7.8000 2 7329.54624
7.9000 2 3397.38624
8.0000 2 11565.79328
8.1000 2 15802.04032
8.2000 2 14596.17792
8.3000 2 14763.95008
8.4000 2 14900.26496
8.5000 2 10249.8304
8.6000 2 7486.83264
8.7000 2 7528.77568
8.8000 2 7465.86112
8.9000 2 13432.25856
9.0000 2 15188.62336
9.1000 2 11555.30752
9.2000 2 7130.3168
9.3000 2 7140.80256
9.4000 2 7340.032
9.5000 2 13138.65728
9.6000 2 15120.46592
9.7000 2 15414.0672
9.8000 2 15403.58144
9.9000 2 14098.10432
10.0000 2 8325.69344
10.1000 2 8273.26464
10.2000 2 5777.65376
10.3000 2 7256.14592
10.4000 2 15560.86784
10.5000 2 17443.06176
10.6000 2 10160.70144
10.7000 2 7885.29152
10.8000 2 8294.23616
10.9000 2 9133.09696
11.0000 2 17395.87584
11.1000 2 17983.0784
11.2000 2 18140.3648
11.3000 2 13164.87168
11.4000 2 7769.94816
11.5000 2 7633.63328
11.6000 2 7413.43232
11.7000 2 13212.0576
11.8000 2 18245.2224
11.9000 2 16342.05696
12.0000 2 14050.9184
12.1000 2 7874.80576
12.2000 2 8283.7504
12.3000 2 8545.8944
12.4000 2 13044.28544
12.5000 2 15403.58144
12.6000 2 15366.88128
12.7000 2 9279.8976
12.8000 2 7203.71712
12.9000 2 7214.20288
13.0000 2 8619.29472
13.1000 2 14501.80608
13.2000 2 14711.52128
13.3000 2 15256.7808
13.4000 2 15335.424
13.5000 2 13432.25856
13.6000 2 7119.83104
13.7000 2 8378.12224
13.8000 2 8556.38016
13.9000 2 12771.65568
14.0000 2 15241.05216
14.1000 2 7612.66176
14.2000 2 7077.888
14.3000 2 6962.54464
14.4000 2 9216.98304
14.5000 2 13495.17312
14.6000 2 13683.9168
14.7000 2 13579.0592
14.8000 2 12750.68416
14.9000 2 9159.31136
15.0000 2 10192.15872
15.1000 2 9405.72672
15.2000 2 9583.98464
15.3000 2 10192.15872
15.4000 2 14019.46112
15.5000 2 15608.05376
15.6000 2 8325.69344
15.7000 2 7686.06208
15.8000 2 7549.7472
15.9000 2 9950.98624
16.0000 2 14386.46272
16.1000 2 15036.57984
16.2000 2 15435.03872
16.3000 2 15497.95328
16.4000 2 15670.96832
16.5000 2 12100.56704
16.6000 2 8126.464
16.7000 2 8136.94976
16.8000 2 8614.05184
16.9000 2 13988.00384
17.0000 2 7224.68864
17.1000 2 7476.34688
17.2000 2 7277.11744
17.3000 2 9793.69984
17.4000 2 15864.95488
17.5000 2 15760.09728
17.6000 2 15802.04032
17.7000 2 15571.3536
17.8000 2 15996.02688
17.9000 2 16252.928
18.0000 2 8797.55264
18.1000 2 8420.06528
18.2000 2 8330.93632
18.3000 2 6134.1696
18.4000 2 7434.40384
18.5000 2 7444.8896
18.6000 2 7444.8896
18.7000 2 12708.74112
18.8000 2 13600.03072
18.9000 2 13694.40256
19.0000 2 13568.57344
19.1000 2 13736.3456
19.2000 2 13683.9168
19.3000 2 13752.07424
19.4000 2 12928.94208
19.5000 2 7843.34848
19.6000 2 8126.464
19.7000 2 8614.05184
19.8000 2 11901.3376
19.9000 2 7528.77568
20.0000 2 7413.43232
20.1000 2 7507.80416
20.2000 2 10632.56064
20.3000 2 15875.44064
20.4000 2 12048.13824
20.5000 2 11209.27744
20.6000 2 18675.13856
20.7000 2 20373.83168
20.8000 2 17296.26112
20.9000 2 10066.3296
21.0000 2 8420.06528
21.1000 2 8498.70848
21.2000 2 3061.84192
21.3000 2 7329.54624
21.4000 2 7308.57472
21.5000 2 7969.1776
21.6000 2 15655.23968
21.7000 2 15005.12256
21.8000 2 14722.00704
21.9000 2 14826.86464
22.0000 2 14858.32192
22.1000 2 14847.83616
22.2000 2 14611.90656
22.3000 2 14942.208
22.4000 2 7004.48768
22.5000 2 7680.8192
22.6000 2 6689.91488
22.7000 2 3376.41472
22.8000 2 7035.94496
22.9000 2 7287.6032
23.0000 2 8629.78048
23.1000 2 13683.9168
23.2000 2 13757.31712
23.3000 2 14040.43264
23.4000 2 14858.32192
23.5000 2 15130.95168
23.6000 2 15214.83776
23.7000 2 15377.36704
23.8000 2 12436.11136
23.9000 2 7707.0336
24.0000 2 7859.07712
24.1000 2 7098.85952
24.2000 2 6081.7408
24.3000 2 7308.57472
24.4000 2 7361.00352
24.5000 2 11723.07968
24.6000 2 15445.52448
24.7000 2 15393.09568
24.8000 2 15560.86784
24.9000 2 15456.01024
25.0000 2 13117.68576
25.1000 2 10013.9008
25.2000 2 16551.77216
25.3000 2 12740.1984
25.4000 2 9075.42528
25.5000 2 7151.28832
25.6000 2 2264.92416
25.7000 2 7612.66176
25.8000 2 7486.83264
25.9000 2 8462.00832
26.0000 2 14722.00704
26.1000 2 14774.43584
26.2000 2 15560.86784
26.3000 2 15539.89632
26.4000 2 15456.01024
26.5000 2 14711.52128
26.6000 2 16562.25792
26.7000 2 14921.23648
26.8000 2 8005.87776
26.9000 2 7843.34848
27.0000 2 62.91456
27.1000 2 922.74688
27.2000 2 6952.05888
27.3000 2 7172.25984
27.4000 2 11607.73632
27.5000 2 13411.28704
27.6000 2 13285.45792
27.7000 2 13254.00064
27.8000 2 13495.17312
27.9000 2 13390.31552
28.0000 2 13621.00224
28.1000 2 13537.11616
28.2000 2 13794.01728
28.3000 2 9909.0432
28.4000 2 6700.40064
28.5000 2 6758.07232
28.6000 2 5756.68224
28.7000 2 5672.79616
28.8000 2 6868.1728
28.9000 2 7025.4592
29.0000 2 10905.1904
29.1000 2 14218.69056
29.2000 2 14239.66208
29.3000 2 14375.97696
29.4000 2 14344.51968
29.5000 2 14438.89152
29.6000 2 14344.51968
29.7000 2 14528.02048
29.8000 2 14417.92
29.9000 2 7193.23136
30.0000 2 6737.1008
30.1000 2 4225.76128
30.2000 2 3187.67104
30.3000 2 9898.55744
30.4000 2 7644.11904
30.5000 2 12142.51008
30.6000 2 9667.87072
30.7000 2 13411.28704
30.8000 2 13851.68896
30.9000 2 18287.16544
31.0000 2 18087.936
31.1000 2 15969.81248
31.2000 2 15314.45248
31.3000 2 12813.59872
31.4000 2 8037.33504
31.5000 2 5274.33728
31.6000 2 0.0
31.7000 2 2285.89568
31.8000 2 7266.63168
31.9000 2 7371.48928
32.0000 2 7402.94656
32.1000 2 807.40352
32.2000 2 8996.78208
32.3000 2 10317.98784
32.4000 2 10601.10336
32.5000 2 17175.67488
32.6000 2 19209.91232
32.7000 2 16431.18592
32.8000 2 7046.43072
32.9000 2 2049.96608
33.0000 2 5976.8832
33.1000 2 10517.21728
33.2000 2 11901.3376
33.3000 2 17893.94944
33.4000 2 17332.96128
33.5000 2 7256.14592
33.6000 2 7298.08896
33.7000 2 10055.84384
33.8000 2 15581.83936
33.9000 2 15414.0672
34.0000 2 15843.98336
34.1000 2 15655.23968
34.2000 2 12986.61376
34.3000 2 8105.49248
34.4000 2 8074.0352
34.5000 2 8157.92128
34.6000 2 5269.0944
