0.1000 2 0.0
0.2000 2 178.25792
0.3000 2 10716.44672
0.4000 2 13117.68576
0.5000 2 13799.26016
0.6000 2 14197.71904
0.7000 2 15015.60832
0.8000 2 15193.86624
0.9000 2 15078.52288
1.0000 2 15225.32352
1.1000 2 15172.89472
1.2000 2 15193.86624
1.3000 2 15073.28
1.4000 2 6406.79936
1.5000 2 1179.648
1.6000 2 0.0
1.7000 2 0.0
1.8000 2 5913.96864
1.9000 2 9646.8992
2.0000 2 15151.9232
2.1000 2 15068.03712
2.2000 2 15005.12256
2.3000 2 14900.26496
2.4000 2 15309.2096
2.5000 2 15298.72384
2.6000 2 15298.72384
2.7000 2 15183.38048
2.8000 2 15256.7808
2.9000 2 10249.8304
3.0000 2 1232.0768
3.1000 2 0.0
3.2000 2 0.0
3.3000 2 0.0
3.4000 2 6564.08576
3.5000 2 13201.57184
3.6000 2 14638.12096
3.7000 2 14470.3488
3.8000 2 14858.32192
3.9000 2 14826.86464
4.0000 2 14984.15104
4.1000 2 14900.26496
4.2000 2 14868.80768
4.3000 2 14900.26496
4.4000 2 15136.19456
4.5000 2 8692.69504
4.6000 2 1578.10688
4.7000 2 0.0
4.8000 2 0.0
4.9000 2 1509.94944
5.0000 2 7937.72032
5.1000 2 15298.72384
5.2000 2 15141.43744
5.3000 2 15036.57984
5.4000 2 14994.6368
5.5000 2 15539.89632
5.6000 2 15707.66848
5.7000 2 15875.44064
5.8000 2 15885.9264
5.9000 2 15770.58304
6.0000 2 10103.02976
6.1000 2 4681.89184
6.2000 2 0.0
6.3000 2 0.0
6.4000 2 3040.8704
6.5000 2 8042.57792
6.6000 2 12383.68256
6.7000 2 12886.99904
6.8000 2 13086.22848
6.9000 2 12981.37088
7.0000 2 13117.68576
7.1000 2 13128.17152
7.2000 2 14512.29184
7.3000 2 14669.57824
7.4000 2 14617.14944
7.5000 2 14669.57824
7.6000 2 13804.50304
7.7000 2 2448.42496
7.8000 2 0.0
7.9000 2 0.0
8.0000 2 0.0
8.1000 2 0.0
8.2000 2 7549.7472
8.3000 2 15739.12576
8.4000 2 15497.95328
8.5000 2 15361.6384
8.6000 2 15372.12416
8.7000 2 15235.80928
8.8000 2 15267.26656
8.9000 2 15193.86624
9.0000 2 15288.23808
9.1000 2 15938.3552
9.2000 2 13531.87328
9.3000 2 3486.5152
9.4000 2 0.0
9.5000 2 0.0
9.6000 2 0.0
9.7000 2 0.0
9.8000 2 9468.64128
9.9000 2 13264.4864
10.0000 2 14229.17632
10.1000 2 14963.17952
10.2000 2 15728.64
10.3000 2 21495.808
10.4000 2 15917.38368
10.5000 2 15414.0672
10.6000 2 15812.52608
10.7000 2 15781.0688
10.8000 2 11439.96416
10.9000 2 0.0
11.0000 2 0.0
11.1000 2 0.0
11.2000 2 0.0
11.3000 2 0.0
11.4000 2 7874.80576
11.5000 2 15005.12256
11.6000 2 14931.72224
11.7000 2 9573.49888
11.8000 2 17144.2176
11.9000 2 15172.89472
12.0000 2 15277.75232
12.1000 2 15718.15424
12.2000 2 18496.88064
12.3000 2 15948.84096
12.4000 2 15880.68352
12.5000 2 3622.83008
12.6000 2 0.0
12.7000 2 0.0
12.8000 2 230.68672
12.9000 2 7969.1776
13.0000 2 14648.60672
13.1000 2 16053.69856
13.2000 2 15812.52608
13.3000 2 15927.86944
13.4000 2 15938.3552
13.5000 2 15917.38368
13.6000 2 12792.6272
13.7000 2 199.22944
13.8000 2 16074.67008
13.9000 2 7969.1776
14.0000 2 765.46048
14.1000 2 10354.688
14.2000 2 8713.66656
14.3000 2 5489.29536
14.4000 2 73.40032
14.5000 2 73.40032
14.6000 2 6532.62848
14.7000 2 10317.98784
14.8000 2 15183.38048
14.9000 2 15372.12416
15.0000 2 15319.69536
15.1000 2 15403.58144
15.2000 2 15435.03872
15.3000 2 15487.46752
15.4000 2 15382.60992
15.5000 2 15356.39552
15.6000 2 9667.87072
15.7000 2 6417.28512
15.8000 2 6773.80096
15.9000 2 5394.92352
16.0000 2 8220.83584
16.1000 2 8021.6064
16.2000 2 11219.7632
16.3000 2 15193.86624
16.4000 2 15120.46592
16.5000 2 15256.7808
16.6000 2 15445.52448
16.7000 2 16043.2128
16.8000 2 14784.9216
16.9000 2 12242.1248
17.0000 2 7151.28832
17.1000 2 7769.94816
17.2000 2 8042.57792
17.3000 2 8121.22112
17.4000 2 7161.77408
17.5000 2 11796.48
17.6000 2 15466.496
17.7000 2 15497.95328
17.8000 2 15435.03872
17.9000 2 15476.98176
18.0000 2 15466.496
18.1000 2 15435.03872
18.2000 2 15351.15264
18.3000 2 15429.79584
18.4000 2 11765.02272
18.5000 2 7030.70208
18.6000 2 0.0
18.7000 2 0.0
18.8000 2 3722.4448
18.9000 2 7979.66336
19.0000 2 12205.42464
19.1000 2 15288.23808
19.2000 2 15518.9248
19.3000 2 15267.26656
19.4000 2 15403.58144
19.5000 2 15235.80928
19.6000 2 15162.40896
19.7000 2 15267.26656
19.8000 2 14528.02048
19.9000 2 6511.65696
20.0000 2 7780.43392
20.1000 2 3790.60224
20.2000 2 6836.71552
20.3000 2 7853.83424
20.4000 2 9185.52576
20.5000 2 14103.3472
20.6000 2 14250.14784
20.7000 2 14250.14784
20.8000 2 14208.2048
20.9000 2 14805.89312
21.0000 2 15319.69536
21.1000 2 15293.48096
21.2000 2 9573.49888
21.3000 2 6396.3136
21.4000 2 6857.68704
21.5000 2 10328.4736
21.6000 2 14821.62176
21.7000 2 7895.77728
21.8000 2 7948.20608
21.9000 2 7916.7488
22.0000 2 12163.4816
22.1000 2 16074.67008
22.2000 2 15927.86944
22.3000 2 15990.784
22.4000 2 15298.72384
22.5000 2 12965.64224
22.6000 2 7434.40384
22.7000 2 7665.09056
22.8000 2 8021.6064
22.9000 2 12740.1984
23.0000 2 15445.52448
23.1000 2 8834.2528
23.2000 2 7392.4608
23.3000 2 12771.65568
23.4000 2 15497.95328
23.5000 2 13243.51488
23.6000 2 13662.94528
23.7000 2 16609.44384
23.8000 2 15497.95328
23.9000 2 15492.7104
24.0000 2 10412.35968
24.1000 2 7885.29152
24.2000 2 7927.23456
24.3000 2 11172.57728
24.4000 2 7203.71712
24.5000 2 7444.8896
24.6000 2 7581.20448
24.7000 2 12551.45472
24.8000 2 15571.3536
24.9000 2 15497.95328
25.0000 2 15466.496
25.1000 2 15445.52448
25.2000 2 15613.29664
25.3000 2 15513.68192
25.4000 2 11691.6224
25.5000 2 8011.12064
25.6000 2 8136.94976
25.7000 2 6726.61504
25.8000 2 7130.3168
25.9000 2 7371.48928
26.0000 2 8420.06528
26.1000 2 14763.95008
26.2000 2 14564.72064
26.3000 2 14701.03552
26.4000 2 14722.00704
26.5000 2 14638.12096
26.6000 2 14480.83456
26.7000 2 14512.29184
26.8000 2 13427.01568
26.9000 2 7486.83264
27.0000 2 7549.7472
27.1000 2 7554.99008
27.2000 2 7528.77568
27.3000 2 7686.06208
27.4000 2 7958.69184
27.5000 2 12215.9104
27.6000 2 15068.03712
27.7000 2 15183.38048
27.8000 2 15246.29504
27.9000 2 15288.23808
28.0000 2 14428.40576
28.1000 2 12540.96896
28.2000 2 11445.20704
28.3000 2 7801.40544
28.4000 2 7874.80576
28.5000 2 8944.35328
28.6000 2 13206.81472
28.7000 2 7937.72032
28.8000 2 11230.24896
28.9000 2 15927.86944
29.0000 2 14984.15104
29.1000 2 15078.52288
29.2000 2 15193.86624
29.3000 2 15351.15264
29.4000 2 15414.0672
29.5000 2 15492.7104
29.6000 2 9332.3264
29.7000 2 7707.0336
29.8000 2 7591.69024
29.9000 2 7796.16256
30.0000 2 7801.40544
30.1000 2 7843.34848
30.2000 2 4896.84992
30.3000 2 13002.3424
30.4000 2 17385.39008
30.5000 2 16294.87104
30.6000 2 15267.26656
30.7000 2 15403.58144
30.8000 2 15435.03872
30.9000 2 15487.46752
31.0000 2 13710.1312
31.1000 2 7906.26304
31.2000 2 8016.36352
31.3000 2 1405.09184
31.4000 2 7025.4592
31.5000 2 8032.09216
31.6000 2 10380.9024
31.7000 2 15571.3536
31.8000 2 15644.75392
31.9000 2 15969.81248
32.0000 2 16032.72704
32.1000 2 15980.29824
32.2000 2 16085.15584
32.3000 2 16153.31328
32.4000 2 10884.21888
32.5000 2 7874.80576
32.6000 2 7921.99168
32.7000 2 3344.95744
32.8000 2 8210.35008
32.9000 2 8157.92128
33.0000 2 12918.45632
33.1000 2 14606.66368
33.2000 2 14470.3488
33.3000 2 14596.17792
33.4000 2 14973.66528
33.5000 2 14900.26496
33.6000 2 14753.46432
33.7000 2 13521.38752
33.8000 2 9804.1856
33.9000 2 6396.3136
34.0000 2 6826.22976
34.1000 2 4681.89184
34.2000 2 4980.736
34.3000 2 8252.29312
34.4000 2 8042.57792
34.5000 2 8178.8928
34.6000 2 8011.12064
34.7000 2 8095.00672
34.8000 2 8157.92128
34.9000 2 8220.83584
35.0000 2 8126.464
35.1000 2 7575.9616
