0.1000 2 0.0
0.2000 2 188.74368
0.3000 2 13956.54656
0.4000 2 14942.208
0.5000 2 14837.3504
0.6000 2 14847.83616
0.7000 2 15120.46592
0.8000 2 14994.6368
0.9000 2 15130.95168
1.0000 2 15141.43744
1.1000 2 15172.89472
1.2000 2 15225.32352
1.3000 2 13259.24352
1.4000 2 3098.54208
1.5000 2 0.0
1.6000 2 0.0
1.7000 2 0.0
1.8000 2 0.0
1.9000 2 3166.69952
2.0000 2 14050.9184
2.1000 2 14480.83456
2.2000 2 14365.4912
2.3000 2 14480.83456
2.4000 2 14638.12096
2.5000 2 14753.46432
2.6000 2 14858.32192
2.7000 2 14879.29344
2.8000 2 14617.14944
2.9000 2 14795.40736
3.0000 2 11833.18016
3.1000 2 2584.73984
3.2000 2 0.0
3.3000 2 0.0
3.4000 2 0.0
3.5000 2 2422.21056
3.6000 2 9216.98304
3.7000 2 14942.208
3.8000 2 14344.51968
3.9000 2 14774.43584
4.0000 2 14638.12096
4.1000 2 14816.37888
4.2000 2 14680.064
4.3000 2 14753.46432
4.4000 2 14742.97856
4.5000 2 14816.37888
4.6000 2 10690.23232
4.7000 2 7439.64672
4.8000 2 1153.4336
4.9000 2 0.0
5.0000 2 1048.576
5.1000 2 6805.25824
5.2000 2 9374.26944
5.3000 2 12656.31232
5.4000 2 12729.71264
5.5000 2 12719.22688
5.6000 2 12866.02752
5.7000 2 12866.02752
5.8000 2 12698.25536
5.9000 2 12803.11296
6.0000 2 12729.71264
6.1000 2 12866.02752
6.2000 2 7261.3888
6.3000 2 5473.56672
6.4000 2 5515.50976
6.5000 2 6752.82944
6.6000 2 12603.88352
6.7000 2 8635.02336
6.8000 2 6060.76928
6.9000 2 6417.28512
7.0000 2 7843.34848
7.1000 2 14124.31872
7.2000 2 14229.17632
7.3000 2 14417.92
7.4000 2 14480.83456
7.5000 2 14543.74912
7.6000 2 14554.23488
7.7000 2 12200.18176
7.8000 2 7402.94656
7.9000 2 7486.83264
8.0000 2 7350.51776
8.1000 2 13406.04416
8.2000 2 6721.37216
8.3000 2 6773.80096
8.4000 2 7245.66016
8.5000 2 11712.59392
8.6000 2 14784.9216
8.7000 2 14868.80768
8.8000 2 14617.14944
8.9000 2 14826.86464
9.0000 2 14711.52128
9.1000 2 14900.26496
9.2000 2 9002.02496
9.3000 2 7329.54624
9.4000 2 7455.37536
9.5000 2 8860.4672
9.6000 2 11927.552
9.7000 2 6291.456
9.8000 2 6354.37056
9.9000 2 7308.57472
10.0000 2 13715.37408
10.1000 2 14491.32032
10.2000 2 14491.32032
10.3000 2 14459.86304
10.4000 2 14627.6352
10.5000 2 14585.69216
10.6000 2 14659.09248
10.7000 2 10795.08992
10.8000 2 7214.20288
10.9000 2 7402.94656
11.0000 2 7271.87456
11.1000 2 7507.80416
11.2000 2 6794.77248
11.3000 2 7161.77408
11.4000 2 10181.67296
11.5000 2 14889.7792
11.6000 2 14858.32192
11.7000 2 14942.208
11.8000 2 14701.03552
11.9000 2 14889.7792
12.0000 2 14795.40736
12.1000 2 14811.136
12.2000 2 8063.54944
12.3000 2 7350.51776
12.4000 2 7350.51776
12.5000 2 8509.19424
12.6000 2 6658.4576
12.7000 2 6752.82944
12.8000 2 7245.66016
12.9000 2 12278.82496
13.0000 2 14575.2064
13.1000 2 14701.03552
13.2000 2 14753.46432
13.3000 2 14732.4928
13.4000 2 14711.52128
13.5000 2 14784.9216
13.6000 2 13500.416
13.7000 2 7371.48928
13.8000 2 7298.08896
13.9000 2 7340.032
14.0000 2 8981.05344
14.1000 2 6637.48608
14.2000 2 6920.6016
14.3000 2 7602.176
14.4000 2 13757.31712
14.5000 2 14638.12096
14.6000 2 14742.97856
14.7000 2 14795.40736
14.8000 2 14680.064
14.9000 2 14837.3504
15.0000 2 14774.43584
15.1000 2 11162.09152
15.2000 2 7528.77568
15.3000 2 7486.83264
15.4000 2 7381.97504
15.5000 2 8173.64992
15.6000 2 6710.8864
15.7000 2 6994.00192
15.8000 2 9384.7552
15.9000 2 14900.26496
16.0000 2 14784.9216
16.1000 2 14858.32192
16.2000 2 15005.12256
16.3000 2 14984.15104
16.4000 2 14994.6368
16.5000 2 14994.6368
16.6000 2 8750.36672
16.7000 2 7444.8896
16.8000 2 7371.48928
16.9000 2 7932.47744
17.0000 2 6501.1712
17.1000 2 6794.77248
17.2000 2 7465.86112
17.3000 2 12362.71104
17.4000 2 14459.86304
17.5000 2 14449.37728
17.6000 2 14522.7776
17.7000 2 14459.86304
17.8000 2 14313.0624
17.9000 2 14596.17792
18.0000 2 12913.21344
18.1000 2 7098.85952
18.2000 2 7277.11744
18.3000 2 6417.28512
18.4000 2 6228.54144
18.5000 2 2553.28256
18.6000 2 5211.42272
18.7000 2 12666.79808
18.8000 2 12425.6256
18.9000 2 12593.39776
19.0000 2 12530.4832
19.1000 2 12677.28384
19.2000 2 12551.45472
19.3000 2 12771.65568
19.4000 2 12708.74112
19.5000 2 12645.82656
19.6000 2 12698.25536
19.7000 2 11015.29088
19.8000 2 5536.48128
19.9000 2 5557.4528
20.0000 2 5421.13792
20.1000 2 9169.79712
20.2000 2 6532.62848
20.3000 2 6815.744
20.4000 2 7591.69024
20.5000 2 12907.97056
20.6000 2 14659.09248
20.7000 2 14596.17792
20.8000 2 14428.40576
20.9000 2 22051.55328
21.0000 2 14701.03552
21.1000 2 13972.2752
21.2000 2 7486.83264
21.3000 2 7539.26144
21.4000 2 7497.3184
21.5000 2 11298.4064
21.6000 2 8482.97984
21.7000 2 6532.62848
21.8000 2 7235.1744
21.9000 2 10894.70464
22.0000 2 14575.2064
22.1000 2 14732.4928
22.2000 2 20908.60544
22.3000 2 14984.15104
22.4000 2 14889.7792
22.5000 2 14931.72224
22.6000 2 8509.19424
22.7000 2 7392.4608
22.8000 2 7486.83264
22.9000 2 4341.10464
23.0000 2 3219.12832
23.1000 2 9127.85408
23.2000 2 6186.5984
23.3000 2 6438.25664
23.4000 2 9164.55424
23.5000 2 16850.61632
23.6000 2 13977.51808
23.7000 2 13568.57344
23.8000 2 14323.54816
23.9000 2 14155.776
24.0000 2 14260.6336
24.1000 2 14187.23328
24.2000 2 14375.97696
24.3000 2 9075.42528
24.4000 2 7701.79072
24.5000 2 10705.96096
24.6000 2 5997.85472
24.7000 2 6343.8848
24.8000 2 6721.37216
24.9000 2 10737.41824
25.0000 2 13914.60352
25.1000 2 13715.37408
25.2000 2 9667.87072
25.3000 2 6721.37216
25.4000 2 17406.3616
25.5000 2 14847.83616
25.6000 2 12834.57024
25.7000 2 13788.7744
25.8000 2 12336.49664
25.9000 2 6836.71552
26.0000 2 6936.33024
26.1000 2 2432.69632
26.2000 2 5966.39744
26.3000 2 8011.12064
26.4000 2 8441.0368
26.5000 2 12866.02752
26.6000 2 14407.43424
26.7000 2 15162.40896
26.8000 2 15235.80928
26.9000 2 15351.15264
27.0000 2 15256.7808
27.1000 2 15141.43744
27.2000 2 14307.81952
27.3000 2 10192.15872
27.4000 2 7544.50432
27.5000 2 5714.7392
27.6000 2 1101.0048
27.7000 2 7581.20448
27.8000 2 8042.57792
27.9000 2 11072.96256
28.0000 2 15172.89472
28.1000 2 15183.38048
28.2000 2 15068.03712
28.3000 2 15319.69536
28.4000 2 15476.98176
28.5000 2 15497.95328
28.6000 2 15497.95328
28.7000 2 9966.71488
28.8000 2 7329.54624
28.9000 2 7680.8192
29.0000 2 3670.016
29.1000 2 6522.14272
29.2000 2 7340.032
29.3000 2 8168.40704
29.4000 2 14197.71904
29.5000 2 16137.58464
29.6000 2 15256.7808
29.7000 2 15172.89472
29.8000 2 15120.46592
29.9000 2 15382.60992
30.0000 2 15508.43904
30.1000 2 12724.46976
30.2000 2 7444.8896
30.3000 2 7277.11744
30.4000 2 7397.70368
30.5000 2 5347.7376
30.6000 2 6658.4576
30.7000 2 7277.11744
30.8000 2 8629.78048
30.9000 2 11324.6208
31.0000 2 17972.59264
31.1000 2 17175.67488
31.2000 2 14963.17952
31.3000 2 14910.75072
31.4000 2 15005.12256
31.5000 2 14900.26496
31.6000 2 10281.28768
31.7000 2 7696.54784
31.8000 2 7565.47584
31.9000 2 4173.33248
32.0000 2 6155.14112
32.1000 2 6417.28512
32.2000 2 6889.14432
32.3000 2 12886.99904
32.4000 2 14229.17632
32.5000 2 14313.0624
32.6000 2 14396.94848
32.7000 2 14271.11936
32.8000 2 14166.26176
32.9000 2 14334.03392
33.0000 2 14386.46272
33.1000 2 14517.53472
33.2000 2 7895.77728
33.3000 2 7785.6768
33.4000 2 744.48896
33.5000 2 73.40032
33.6000 2 6585.05728
33.7000 2 7151.28832
33.8000 2 10475.27424
33.9000 2 15518.9248
34.0000 2 14396.94848
34.1000 2 14355.00544
34.2000 2 14239.66208
34.3000 2 14512.29184
34.4000 2 14375.97696
34.5000 2 14386.46272
34.6000 2 14396.94848
34.7000 2 12042.89536
34.8000 2 4577.03424
34.9000 2 0.0
35.0000 2 0.0
35.1000 2 0.0
35.2000 2 6417.28512
35.3000 2 7402.94656
35.4000 2 7602.176
35.5000 2 7623.14752
35.6000 2 7476.34688
35.7000 2 7654.6048
35.8000 2 7612.66176
35.9000 2 7623.14752
36.0000 2 7528.77568
36.1000 2 7654.6048
36.2000 2 4419.74784
