0.1000 2 0.0
0.2000 2 251.65824
0.3000 2 9458.15552
0.4000 2 10066.3296
0.5000 2 12845.056
0.6000 2 13337.88672
0.7000 2 13316.9152
0.8000 2 12803.11296
0.9000 2 11880.36608
1.0000 2 11765.02272
1.1000 2 11890.85184
1.2000 2 11848.9088
1.3000 2 11890.85184
1.4000 2 11350.8352
1.5000 2 8105.49248
1.6000 2 7423.91808
1.7000 2 6328.15616
1.8000 2 3827.3024
1.9000 2 7497.3184
2.0000 2 7497.3184
2.1000 2 11723.07968
2.2000 2 13788.7744
2.3000 2 14040.43264
2.4000 2 13778.28864
2.5000 2 13893.632
2.6000 2 13862.17472
2.7000 2 13998.4896
2.8000 2 13998.4896
2.9000 2 13956.54656
3.0000 2 8771.33824
3.1000 2 7728.00512
3.2000 2 5279.58016
3.3000 2 3921.67424
3.4000 2 7728.00512
3.5000 2 7644.11904
3.6000 2 11586.7648
3.7000 2 14596.17792
3.8000 2 14638.12096
3.9000 2 14501.80608
4.0000 2 14522.7776
4.1000 2 14533.26336
4.2000 2 14396.94848
4.3000 2 14575.2064
4.4000 2 11015.29088
4.5000 2 7665.09056
4.6000 2 7696.54784
4.7000 2 6265.2416
4.8000 2 8168.40704
4.9000 2 8189.37856
5.0000 2 8074.0352
5.1000 2 14711.52128
5.2000 2 15068.03712
5.3000 2 15172.89472
5.4000 2 15005.12256
5.5000 2 15141.43744
5.6000 2 15099.4944
5.7000 2 14863.5648
5.8000 2 7644.11904
5.9000 2 7675.57632
6.0000 2 7602.176
6.1000 2 11366.56384
6.2000 2 9809.42848
6.3000 2 8000.63488
6.4000 2 8063.54944
6.5000 2 10202.64448
6.6000 2 15068.03712
6.7000 2 14491.32032
6.8000 2 13295.94368
6.9000 2 13641.97376
7.0000 2 13191.08608
7.1000 2 13327.40096
7.2000 2 11382.29248
7.3000 2 7591.69024
7.4000 2 7455.37536
7.5000 2 7644.11904
7.6000 2 12687.7696
7.7000 2 6936.33024
7.8000 2 6752.82944
7.9000 2 6564.08576
8.0000 2 9877.58592
8.1000 2 14187.23328
8.2000 2 14134.80448
8.3000 2 14271.11936
8.4000 2 14092.86144
8.5000 2 13285.45792
8.6000 2 13526.6304
8.7000 2 13306.42944
8.8000 2 8918.13888
8.9000 2 7707.0336
9.0000 2 7738.49088
9.1000 2 9715.05664
9.2000 2 6322.91328
9.3000 2 6543.11424
9.4000 2 7298.08896
9.5000 2 8482.97984
9.6000 2 12635.3408
9.7000 2 12803.11296
9.8000 2 12824.08448
9.9000 2 12824.08448
10.0000 2 12876.51328
10.1000 2 12939.42784
10.2000 2 11738.80832
10.3000 2 6721.37216
10.4000 2 6060.76928
10.5000 2 6354.37056
10.6000 2 6459.22816
10.7000 2 6522.14272
10.8000 2 11911.82336
10.9000 2 11366.56384
11.0000 2 4178.57536
11.1000 2 5242.88
11.2000 2 13463.71584
11.3000 2 13264.4864
11.4000 2 13337.88672
11.5000 2 13400.80128
11.6000 2 13327.40096
11.7000 2 14218.69056
11.8000 2 13568.57344
11.9000 2 13390.31552
12.0000 2 14187.23328
12.1000 2 11151.60576
12.2000 2 7130.3168
12.3000 2 2322.59584
12.4000 2 62.91456
12.5000 2 2013.26592
12.6000 2 7371.48928
12.7000 2 8545.8944
12.8000 2 14071.88992
12.9000 2 14145.29024
13.0000 2 14375.97696
13.1000 2 14480.83456
13.2000 2 14302.57664
13.3000 2 14271.11936
13.4000 2 14522.7776
13.5000 2 14428.40576
13.6000 2 13699.64544
13.7000 2 7528.77568
13.8000 2 7675.57632
13.9000 2 2249.19552
14.0000 2 5809.11104
14.1000 2 7560.23296
14.2000 2 7853.83424
14.3000 2 14313.0624
14.4000 2 14145.29024
14.5000 2 14271.11936
14.6000 2 14208.2048
14.7000 2 14281.60512
14.8000 2 14292.09088
14.9000 2 14239.66208
15.0000 2 14386.46272
15.1000 2 10858.00448
15.2000 2 7392.4608
15.3000 2 7560.23296
15.4000 2 2500.85376
15.5000 2 6847.20128
15.6000 2 7686.06208
15.7000 2 9395.24096
15.8000 2 14323.54816
15.9000 2 14239.66208
16.0000 2 7109.34528
16.1000 2 7665.09056
16.2000 2 7497.3184
16.3000 2 5389.68064
16.4000 2 4162.84672
16.5000 2 13872.66048
16.6000 2 15990.784
16.7000 2 12755.92704
16.8000 2 7549.7472
16.9000 2 7539.26144
17.0000 2 8273.26464
17.1000 2 4561.3056
17.2000 2 5934.94016
17.3000 2 17259.56096
17.4000 2 13731.10272
17.5000 2 7035.94496
17.6000 2 8682.20928
17.7000 2 8095.00672
17.8000 2 12855.54176
17.9000 2 14973.66528
18.0000 2 4246.7328
18.1000 2 4718.592
18.2000 2 15686.69696
18.3000 2 11183.06304
18.4000 2 7769.94816
18.5000 2 7591.69024
18.6000 2 8357.15072
18.7000 2 13002.3424
18.8000 2 5934.94016
18.9000 2 14575.2064
19.0000 2 11565.79328
19.1000 2 8136.94976
19.2000 2 8462.00832
19.3000 2 8692.69504
19.4000 2 12866.02752
19.5000 2 11602.49344
19.6000 2 7916.7488
19.7000 2 6936.33024
19.8000 2 62.91456
19.9000 2 5473.56672
20.0000 2 5421.13792
20.1000 2 7539.26144
20.2000 2 12991.85664
20.3000 2 13012.82816
20.4000 2 13054.7712
20.5000 2 13075.74272
20.6000 2 12918.45632
20.7000 2 13012.82816
20.8000 2 13159.6288
20.9000 2 13128.17152
21.0000 2 13065.25696
21.1000 2 9903.80032
21.2000 2 5421.13792
21.3000 2 6406.79936
21.4000 2 3129.99936
21.5000 2 7130.3168
21.6000 2 8692.69504
21.7000 2 7958.69184
21.8000 2 13149.14304
21.9000 2 14669.57824
22.0000 2 14355.00544
22.1000 2 14050.9184
22.2000 2 14176.74752
22.3000 2 14302.57664
22.4000 2 14313.0624
22.5000 2 14223.93344
22.6000 2 9112.12544
22.7000 2 7560.23296
22.8000 2 7507.80416
22.9000 2 7439.64672
23.0000 2 8157.92128
23.1000 2 7948.20608
23.2000 2 8189.37856
23.3000 2 13411.28704
23.4000 2 14543.74912
23.5000 2 14543.74912
23.6000 2 14638.12096
23.7000 2 14753.46432
23.8000 2 14774.43584
23.9000 2 14706.2784
24.0000 2 8136.94976
24.1000 2 7518.28992
24.2000 2 7518.28992
24.3000 2 11827.93728
24.4000 2 13741.58848
24.5000 2 8063.54944
24.6000 2 7927.23456
24.7000 2 7906.26304
24.8000 2 12876.51328
24.9000 2 14617.14944
25.0000 2 14816.37888
25.1000 2 14638.12096
25.2000 2 14784.9216
25.3000 2 12766.4128
25.4000 2 7518.28992
25.5000 2 7528.77568
25.6000 2 7371.48928
25.7000 2 13862.17472
25.8000 2 14858.32192
25.9000 2 13846.44608
26.0000 2 7969.1776
26.1000 2 7916.7488
26.2000 2 7874.80576
26.3000 2 10978.59072
26.4000 2 14816.37888
26.5000 2 14753.46432
26.6000 2 14837.3504
26.7000 2 11371.80672
26.8000 2 7560.23296
26.9000 2 7539.26144
27.0000 2 8829.00992
27.1000 2 14617.14944
27.2000 2 14837.3504
27.3000 2 14564.72064
27.4000 2 14538.50624
27.5000 2 7769.94816
27.6000 2 7906.26304
27.7000 2 7969.1776
27.8000 2 12278.82496
27.9000 2 14648.60672
28.0000 2 14685.30688
28.1000 2 9814.67136
28.2000 2 7465.86112
28.3000 2 7319.06048
28.4000 2 9919.52896
28.5000 2 14826.86464
28.6000 2 14784.9216
28.7000 2 13033.79968
28.8000 2 12970.88512
28.9000 2 15036.57984
29.0000 2 10962.86208
29.1000 2 7843.34848
29.2000 2 8063.54944
29.3000 2 9447.66976
29.4000 2 14853.07904
29.5000 2 7455.37536
29.6000 2 7518.28992
29.7000 2 7465.86112
29.8000 2 12247.36768
29.9000 2 14816.37888
30.0000 2 14795.40736
30.1000 2 14722.00704
30.2000 2 14250.14784
30.3000 2 12813.59872
30.4000 2 13107.2
30.5000 2 10354.688
30.6000 2 7172.25984
30.7000 2 7392.4608
30.8000 2 7602.176
30.9000 2 9211.74016
31.0000 2 5767.168
31.1000 2 7266.63168
31.2000 2 7507.80416
31.3000 2 10286.53056
31.4000 2 12006.1952
31.5000 2 13830.71744
31.6000 2 15193.86624
31.7000 2 13180.60032
31.8000 2 13212.0576
31.9000 2 13222.54336
32.0000 2 14050.9184
32.1000 2 9777.9712
32.2000 2 7895.77728
32.3000 2 7948.20608
32.4000 2 8330.93632
32.5000 2 7402.94656
32.6000 2 7612.66176
32.7000 2 7654.6048
32.8000 2 13348.37248
32.9000 2 15057.55136
33.0000 2 15036.57984
33.1000 2 14816.37888
33.2000 2 14952.69376
33.3000 2 14942.208
33.4000 2 15068.03712
33.5000 2 15010.36544
33.6000 2 8787.06688
33.7000 2 8000.63488
33.8000 2 4891.60704
33.9000 2 2558.52544
34.0000 2 7633.63328
34.1000 2 7277.11744
34.2000 2 11492.39296
34.3000 2 14155.776
34.4000 2 14061.40416
34.5000 2 13967.03232
34.6000 2 14208.2048
34.7000 2 14166.26176
34.8000 2 14229.17632
34.9000 2 14239.66208
35.0000 2 14365.4912
35.1000 2 9547.28448
35.2000 2 7707.0336
35.3000 2 256.90112
35.4000 2 1080.03328
35.5000 2 7402.94656
35.6000 2 7455.37536
35.7000 2 7308.57472
35.8000 2 7476.34688
35.9000 2 7539.26144
36.0000 2 7507.80416
36.1000 2 7486.83264
36.2000 2 7686.06208
36.3000 2 7539.26144
36.4000 2 7654.6048
36.5000 2 4744.8064
