0.1000 2 0.0
0.2000 2 178.25792
0.3000 2 11377.0496
0.4000 2 14774.43584
0.5000 2 14753.46432
0.6000 2 14837.3504
0.7000 2 14617.14944
0.8000 2 14648.60672
0.9000 2 14784.9216
1.0000 2 14701.03552
1.1000 2 14742.97856
1.2000 2 14533.26336
1.3000 2 11141.12
1.4000 2 7067.40224
1.5000 2 2238.70976
1.6000 2 0.0
1.7000 2 4005.56032
1.8000 2 7560.23296
1.9000 2 11314.13504
2.0000 2 13096.71424
2.1000 2 13180.60032
2.2000 2 13128.17152
2.3000 2 14124.31872
2.4000 2 14984.15104
2.5000 2 14879.29344
2.6000 2 14375.97696
2.7000 2 12981.37088
2.8000 2 13170.11456
2.9000 2 8351.90784
3.0000 2 7298.08896
3.1000 2 1095.76192
3.2000 2 1216.34816
3.3000 2 7319.06048
3.4000 2 7570.71872
3.5000 2 14271.11936
3.6000 2 14847.83616
3.7000 2 11628.70784
3.8000 2 11639.1936
3.9000 2 11775.50848
4.0000 2 13191.08608
4.1000 2 14606.66368
4.2000 2 15235.80928
4.3000 2 15183.38048
4.4000 2 9683.59936
4.5000 2 8042.57792
4.6000 2 7187.98848
4.7000 2 3491.75808
4.8000 2 7046.43072
4.9000 2 7644.11904
5.0000 2 13694.40256
5.1000 2 15057.55136
5.2000 2 13746.83136
5.3000 2 15047.0656
5.4000 2 13914.60352
5.5000 2 13075.74272
5.6000 2 12928.94208
5.7000 2 13117.68576
5.8000 2 13170.11456
5.9000 2 9631.17056
6.0000 2 7119.83104
6.1000 2 4860.14976
6.2000 2 2527.06816
6.3000 2 7266.63168
6.4000 2 7465.86112
6.5000 2 13820.23168
6.6000 2 15151.9232
6.7000 2 15246.29504
6.8000 2 15204.352
6.9000 2 14784.9216
7.0000 2 12939.42784
7.1000 2 13201.57184
7.2000 2 13191.08608
7.3000 2 13254.00064
7.4000 2 9473.88416
7.5000 2 7277.11744
7.6000 2 2700.0832
7.7000 2 775.94624
7.8000 2 7266.63168
7.9000 2 7518.28992
8.0000 2 11995.70944
8.1000 2 13463.71584
8.2000 2 15057.55136
8.3000 2 14187.23328
8.4000 2 13138.65728
8.5000 2 13369.344
8.6000 2 13191.08608
8.7000 2 13358.85824
8.8000 2 13421.7728
8.9000 2 11560.5504
9.0000 2 7203.71712
9.1000 2 7371.48928
9.2000 2 581.95968
9.3000 2 7161.77408
9.4000 2 7738.49088
9.5000 2 9992.92928
9.6000 2 11681.13664
9.7000 2 11827.93728
9.8000 2 11775.50848
9.9000 2 11827.93728
10.0000 2 11995.70944
10.1000 2 12027.16672
10.2000 2 12509.51168
10.3000 2 14292.09088
10.4000 2 13128.17152
10.5000 2 13264.4864
10.6000 2 12797.87008
10.7000 2 1410.33472
10.8000 2 0.0
10.9000 2 0.0
11.0000 2 0.0
11.1000 2 0.0
11.2000 2 5358.22336
11.3000 2 14480.83456
11.4000 2 14355.00544
11.5000 2 14648.60672
11.6000 2 14292.09088
11.7000 2 14480.83456
11.8000 2 13914.60352
11.9000 2 13306.42944
12.0000 2 13379.82976
12.1000 2 15246.29504
12.2000 2 15361.6384
12.3000 2 10847.51872
12.4000 2 3811.57376
12.5000 2 0.0
12.6000 2 0.0
12.7000 2 0.0
12.8000 2 1614.80704
12.9000 2 11670.65088
13.0000 2 15193.86624
13.1000 2 15130.95168
13.2000 2 15078.52288
13.3000 2 15319.69536
13.4000 2 15026.09408
13.5000 2 15309.2096
13.6000 2 15120.46592
13.7000 2 15361.6384
13.8000 2 15361.6384
13.9000 2 12588.15488
14.0000 2 781.18912
14.1000 2 0.0
14.2000 2 0.0
14.3000 2 0.0
14.4000 2 0.0
14.5000 2 7748.97664
14.6000 2 11555.30752
14.7000 2 12792.6272
14.8000 2 13254.00064
14.9000 2 13285.45792
15.0000 2 13358.85824
15.1000 2 15151.9232
15.2000 2 15340.66688
15.3000 2 15309.2096
15.4000 2 15036.57984
15.5000 2 15340.66688
15.6000 2 10690.23232
15.7000 2 4660.92032
15.8000 2 62.91456
15.9000 2 0.0
16.0000 2 3124.75648
16.1000 2 7591.69024
16.2000 2 12834.57024
16.3000 2 14816.37888
16.4000 2 14533.26336
16.5000 2 15026.09408
16.6000 2 14910.75072
16.7000 2 15172.89472
16.8000 2 15089.00864
16.9000 2 15109.98016
17.0000 2 14019.46112
17.1000 2 14737.73568
17.2000 2 6474.9568
17.3000 2 0.0
17.4000 2 0.0
17.5000 2 0.0
17.6000 2 0.0
17.7000 2 6878.65856
17.8000 2 11439.96416
17.9000 2 11481.9072
18.0000 2 11838.42304
18.1000 2 11471.42144
18.2000 2 6364.85632
18.3000 2 11995.70944
18.4000 2 12708.74112
18.5000 2 13495.17312
18.6000 2 14742.97856
18.7000 2 13495.17312
18.8000 2 14134.80448
18.9000 2 15146.68032
19.0000 2 8184.13568
19.1000 2 608.17408
19.2000 2 0.0
19.3000 2 0.0
19.4000 2 104.8576
19.5000 2 7329.54624
19.6000 2 9573.49888
19.7000 2 10810.81856
19.8000 2 20992.49152
19.9000 2 11765.02272
20.0000 2 11691.6224
20.1000 2 20520.63232
20.2000 2 11702.10816
20.3000 2 11775.50848
20.4000 2 12824.08448
20.5000 2 9337.56928
20.6000 2 4435.47648
20.7000 2 7277.11744
20.8000 2 11335.10656
20.9000 2 13689.15968
21.0000 2 8095.00672
21.1000 2 7455.37536
21.2000 2 7340.032
21.3000 2 9898.55744
21.4000 2 12593.39776
21.5000 2 14029.94688
21.6000 2 14942.208
21.7000 2 14889.7792
21.8000 2 12845.056
21.9000 2 5961.15456
22.0000 2 2998.92736
22.1000 2 11156.84864
22.2000 2 9950.98624
22.3000 2 10852.7616
22.4000 2 7885.29152
22.5000 2 11455.6928
22.6000 2 11418.99264
22.7000 2 5337.25184
22.8000 2 5221.90848
22.9000 2 5389.68064
23.0000 2 5452.5952
23.1000 2 16714.30144
23.2000 2 15172.89472
23.3000 2 13254.00064
23.4000 2 13348.37248
23.5000 2 13442.74432
23.6000 2 13421.7728
23.7000 2 13254.00064
23.8000 2 12897.4848
23.9000 2 11932.79488
24.0000 2 4739.56352
24.1000 2 0.0
24.2000 2 0.0
24.3000 2 0.0
24.4000 2 5924.4544
24.5000 2 8545.8944
24.6000 2 12499.02592
24.7000 2 11702.10816
24.8000 2 11911.82336
24.9000 2 12027.16672
25.0000 2 12100.56704
25.1000 2 12027.16672
25.2000 2 11880.36608
25.3000 2 11932.79488
25.4000 2 11974.73792
25.5000 2 12137.2672
25.6000 2 12048.13824
25.7000 2 7707.0336
25.8000 2 7402.94656
25.9000 2 1934.62272
26.0000 2 4487.90528
26.1000 2 7319.06048
26.2000 2 7507.80416
26.3000 2 13820.23168
26.4000 2 14984.15104
26.5000 2 14847.83616
26.6000 2 14963.17952
26.7000 2 15015.60832
26.8000 2 15099.4944
26.9000 2 15057.55136
27.0000 2 14863.5648
27.1000 2 12257.85344
27.2000 2 7266.63168
27.3000 2 5856.29696
27.4000 2 73.40032
27.5000 2 262.144
27.6000 2 7748.97664
27.7000 2 7654.6048
27.8000 2 12708.74112
27.9000 2 13096.71424
28.0000 2 13075.74272
28.1000 2 12897.4848
28.2000 2 12803.11296
28.3000 2 13180.60032
28.4000 2 12729.71264
28.5000 2 11681.13664
28.6000 2 12839.81312
28.7000 2 9688.84224
28.8000 2 7308.57472
28.9000 2 7308.57472
29.0000 2 8577.35168
29.1000 2 9033.48224
29.2000 2 7151.28832
29.3000 2 7340.032
29.4000 2 7696.54784
29.5000 2 14606.66368
29.6000 2 14596.17792
29.7000 2 14900.26496
29.8000 2 13988.00384
29.9000 2 13274.97216
30.0000 2 13327.40096
30.1000 2 13395.5584
30.2000 2 9909.0432
30.3000 2 7151.28832
30.4000 2 7381.97504
30.5000 2 7528.77568
30.6000 2 7229.93152
30.7000 2 5421.13792
30.8000 2 5672.79616
30.9000 2 9982.44352
31.0000 2 13254.00064
31.1000 2 13495.17312
31.2000 2 13002.3424
31.3000 2 14826.86464
31.4000 2 14973.66528
31.5000 2 15036.57984
31.6000 2 14528.02048
31.7000 2 14438.89152
31.8000 2 7581.20448
31.9000 2 7665.09056
32.0000 2 7507.80416
32.1000 2 3318.74304
32.2000 2 3690.98752
32.3000 2 9982.44352
32.4000 2 11775.50848
32.5000 2 14648.60672
32.6000 2 13568.57344
32.7000 2 13170.11456
32.8000 2 14208.2048
32.9000 2 14952.69376
33.0000 2 14921.23648
33.1000 2 14915.9936
33.2000 2 11712.59392
33.3000 2 7497.3184
33.4000 2 7633.63328
33.5000 2 7602.176
33.6000 2 8498.70848
33.7000 2 8074.0352
33.8000 2 8189.37856
33.9000 2 11219.7632
34.0000 2 13442.74432
34.1000 2 12394.16832
34.2000 2 11660.16512
34.3000 2 12132.02432
34.4000 2 12090.08128
34.5000 2 12567.18336
34.6000 2 14459.86304
34.7000 2 8189.37856
34.8000 2 8136.94976
34.9000 2 7077.888
35.0000 2 9552.52736
35.1000 2 10705.96096
35.2000 2 10543.43168
35.3000 2 6438.25664
35.4000 2 5326.76608
35.5000 2 6574.57152
35.6000 2 10150.21568
35.7000 2 13117.68576
35.8000 2 14669.57824
35.9000 2 14784.9216
36.0000 2 15036.57984
36.1000 2 14821.62176
36.2000 2 14910.75072
36.3000 2 8577.35168
36.4000 2 8126.464
36.5000 2 8283.7504
36.6000 2 10637.80352
36.7000 2 5431.62368
36.8000 2 5620.36736
36.9000 2 5578.42432
37.0000 2 5683.28192
37.1000 2 5588.91008
37.2000 2 5599.39584
37.3000 2 5704.25344
37.4000 2 5599.39584
37.5000 2 5767.168
37.6000 2 5767.168
37.7000 2 5704.25344
37.8000 2 5641.33888
37.9000 2 2689.59744
