0.1000 2 0.0
0.2000 2 178.25792
0.3000 2 9751.7568
0.4000 2 14459.86304
0.5000 2 14145.29024
0.6000 2 14617.14944
0.7000 2 14428.40576
0.8000 2 14711.52128
0.9000 2 14701.03552
1.0000 2 14690.54976
1.1000 2 14742.97856
1.2000 2 14753.46432
1.3000 2 14805.89312
1.4000 2 8451.52256
1.5000 2 0.0
1.6000 2 0.0
1.7000 2 0.0
1.8000 2 0.0
1.9000 2 0.0
2.0000 2 0.0
2.1000 2 0.0
2.2000 2 5609.8816
2.3000 2 13883.14624
2.4000 2 14386.46272
2.5000 2 13799.26016
2.6000 2 15130.95168
2.7000 2 15047.0656
2.8000 2 15193.86624
2.9000 2 15183.38048
3.0000 2 15267.26656
3.1000 2 15267.26656
3.2000 2 15298.72384
3.3000 2 8493.4656
3.4000 2 650.11712
3.5000 2 0.0
3.6000 2 0.0
3.7000 2 0.0
3.8000 2 0.0
3.9000 2 2327.83872
4.0000 2 8074.0352
4.1000 2 14826.86464
4.2000 2 14994.6368
4.3000 2 14973.66528
4.4000 2 15172.89472
4.5000 2 15078.52288
4.6000 2 15057.55136
4.7000 2 15298.72384
4.8000 2 15330.18112
4.9000 2 15372.12416
5.0000 2 8142.19264
5.1000 2 7518.28992
5.2000 2 1294.99136
5.3000 2 0.0
5.4000 2 0.0
5.5000 2 2527.06816
5.6000 2 8095.00672
5.7000 2 8157.92128
5.8000 2 12960.39936
5.9000 2 15885.9264
6.0000 2 15833.4976
6.1000 2 15791.55456
6.2000 2 15823.01184
6.3000 2 15707.66848
6.4000 2 15749.61152
6.5000 2 15193.86624
6.6000 2 7848.59136
6.7000 2 7203.71712
6.8000 2 6464.47104
6.9000 2 0.0
7.0000 2 2862.61248
7.1000 2 7885.29152
7.2000 2 7832.86272
7.3000 2 8220.83584
7.4000 2 14082.37568
7.5000 2 14617.14944
7.6000 2 14417.92
7.7000 2 14554.23488
7.8000 2 14638.12096
7.9000 2 14868.80768
8.0000 2 14832.10752
8.1000 2 7235.1744
8.2000 2 7067.40224
8.3000 2 7088.37376
8.4000 2 7151.28832
8.5000 2 11193.5488
8.6000 2 7948.20608
8.7000 2 8053.06368
8.8000 2 8074.0352
8.9000 2 8157.92128
9.0000 2 14197.71904
9.1000 2 14942.208
9.2000 2 15130.95168
9.3000 2 15225.32352
9.4000 2 15068.03712
9.5000 2 12346.9824
9.6000 2 7308.57472
9.7000 2 7413.43232
9.8000 2 7497.3184
9.9000 2 7235.1744
10.0000 2 13023.31392
10.1000 2 9966.71488
10.2000 2 7748.97664
10.3000 2 7790.91968
10.4000 2 7843.34848
10.5000 2 10370.41664
10.6000 2 14659.09248
10.7000 2 14879.29344
10.8000 2 14879.29344
10.9000 2 14942.208
11.0000 2 14989.39392
11.1000 2 7560.23296
11.2000 2 7549.7472
11.3000 2 7518.28992
11.4000 2 7308.57472
11.5000 2 12687.7696
11.6000 2 12504.2688
11.7000 2 7927.23456
11.8000 2 8053.06368
11.9000 2 7916.7488
12.0000 2 9426.69824
12.1000 2 15204.352
12.2000 2 15382.60992
12.3000 2 15487.46752
12.4000 2 15309.2096
12.5000 2 12294.5536
12.6000 2 7319.06048
12.7000 2 7507.80416
12.8000 2 7434.40384
12.9000 2 7486.83264
13.0000 2 12949.9136
13.1000 2 11864.63744
13.2000 2 7885.29152
13.3000 2 7979.66336
13.4000 2 7895.77728
13.5000 2 8115.97824
13.6000 2 14386.46272
13.7000 2 15005.12256
13.8000 2 14942.208
13.9000 2 15267.26656
14.0000 2 14769.19296
14.1000 2 7298.08896
14.2000 2 7528.77568
14.3000 2 6994.00192
14.4000 2 5714.7392
14.5000 2 12446.59712
14.6000 2 14417.92
14.7000 2 13322.15808
14.8000 2 7885.29152
14.9000 2 8000.63488
15.0000 2 7958.69184
15.1000 2 8220.83584
15.2000 2 14491.32032
15.3000 2 14470.3488
15.4000 2 14438.89152
15.5000 2 11571.03616
15.6000 2 6784.28672
15.7000 2 6899.63008
15.8000 2 6815.744
15.9000 2 8157.92128
16.0000 2 14008.97536
16.1000 2 14197.71904
16.2000 2 14680.064
16.3000 2 13710.1312
16.4000 2 7455.37536
16.5000 2 7654.6048
16.6000 2 7696.54784
16.7000 2 7979.66336
16.8000 2 13883.14624
16.9000 2 14323.54816
17.0000 2 12577.66912
17.1000 2 7518.28992
17.2000 2 7476.34688
17.3000 2 7423.91808
17.4000 2 7214.20288
17.5000 2 14407.43424
17.6000 2 14784.9216
17.7000 2 15151.9232
17.8000 2 13715.37408
17.9000 2 8834.2528
18.0000 2 7046.43072
18.1000 2 6983.51616
18.2000 2 7067.40224
18.3000 2 10653.53216
18.4000 2 14187.23328
18.5000 2 14396.94848
18.6000 2 10826.5472
18.7000 2 7298.08896
18.8000 2 7245.66016
18.9000 2 7455.37536
19.0000 2 7361.00352
19.1000 2 16032.72704
19.2000 2 21202.20672
19.3000 2 14569.96352
19.4000 2 7602.176
19.5000 2 7885.29152
19.6000 2 7937.72032
19.7000 2 8126.464
19.8000 2 3900.70272
19.9000 2 10244.58752
20.0000 2 4225.76128
20.1000 2 3638.55872
20.2000 2 15728.64
20.3000 2 15351.15264
20.4000 2 15461.25312
20.5000 2 9321.84064
20.6000 2 7738.49088
20.7000 2 4445.96224
20.8000 2 6385.82784
20.9000 2 8881.43872
21.0000 2 8042.57792
21.1000 2 8084.52096
21.2000 2 8053.06368
21.3000 2 13694.40256
21.4000 2 14087.61856
21.5000 2 7665.09056
21.6000 2 7738.49088
21.7000 2 7832.86272
21.8000 2 8986.29632
21.9000 2 17128.48896
22.0000 2 8441.0368
22.1000 2 7633.63328
22.2000 2 7623.14752
22.3000 2 7581.20448
22.4000 2 12121.53856
22.5000 2 15183.38048
22.6000 2 15592.32512
22.7000 2 13348.37248
22.8000 2 16740.51584
22.9000 2 14323.54816
23.0000 2 5683.28192
23.1000 2 7371.48928
23.2000 2 5001.70752
23.3000 2 0.0
23.4000 2 6501.1712
23.5000 2 16347.29984
23.6000 2 15487.46752
23.7000 2 11256.46336
23.8000 2 7486.83264
23.9000 2 7665.09056
24.0000 2 7686.06208
24.1000 2 7402.94656
24.2000 2 12362.71104
24.3000 2 13458.47296
24.4000 2 14365.4912
24.5000 2 7759.4624
24.6000 2 7906.26304
24.7000 2 7035.94496
24.8000 2 6815.744
24.9000 2 6889.14432
25.0000 2 12058.624
25.1000 2 14690.54976
25.2000 2 15130.95168
25.3000 2 11539.57888
25.4000 2 7581.20448
25.5000 2 14690.54976
25.6000 2 15655.23968
25.7000 2 15728.64
25.8000 2 15613.29664
25.9000 2 15697.18272
26.0000 2 15649.9968
26.1000 2 9447.66976
26.2000 2 8021.6064
26.3000 2 8126.464
26.4000 2 8079.27808
26.5000 2 5892.99712
26.6000 2 7340.032
26.7000 2 7256.14592
26.8000 2 7444.8896
26.9000 2 9688.84224
27.0000 2 15393.09568
27.1000 2 15414.0672
27.2000 2 15550.38208
27.3000 2 15414.0672
27.4000 2 15634.26816
27.5000 2 15440.2816
27.6000 2 11733.56544
27.7000 2 8325.69344
27.8000 2 8241.80736
27.9000 2 7313.8176
28.0000 2 1929.37984
28.1000 2 6994.00192
28.2000 2 7203.71712
28.3000 2 7098.85952
28.4000 2 8493.4656
28.5000 2 10601.10336
28.6000 2 14480.83456
28.7000 2 16127.09888
28.8000 2 12876.51328
28.9000 2 12834.57024
29.0000 2 12761.16992
29.1000 2 12776.89856
29.2000 2 8231.3216
29.3000 2 7591.69024
29.4000 2 7654.6048
29.5000 2 7895.77728
29.6000 2 11361.32096
29.7000 2 7686.06208
29.8000 2 7486.83264
29.9000 2 7602.176
30.0000 2 7654.6048
30.1000 2 13170.11456
30.2000 2 15539.89632
30.3000 2 15047.0656
30.4000 2 15340.66688
30.5000 2 14963.17952
30.6000 2 15450.76736
30.7000 2 11670.65088
30.8000 2 8084.52096
30.9000 2 8115.97824
31.0000 2 7990.14912
31.1000 2 6097.46944
31.2000 2 7497.3184
31.3000 2 7298.08896
31.4000 2 7434.40384
31.5000 2 9374.26944
31.6000 2 15047.0656
31.7000 2 15298.72384
31.8000 2 15476.98176
31.9000 2 15361.6384
32.0000 2 15529.41056
32.1000 2 15356.39552
32.2000 2 13107.2
32.3000 2 8178.8928
32.4000 2 8147.43552
32.5000 2 8173.64992
32.6000 2 440.40192
32.7000 2 7182.7456
32.8000 2 7172.25984
32.9000 2 7381.97504
33.0000 2 9825.15712
33.1000 2 15183.38048
33.2000 2 15078.52288
33.3000 2 15109.98016
33.4000 2 15288.23808
33.5000 2 15246.29504
33.6000 2 15602.81088
33.7000 2 15377.36704
33.8000 2 8755.6096
33.9000 2 8273.26464
34.0000 2 8079.27808
34.1000 2 94.37184
34.2000 2 419.4304
34.3000 2 8105.49248
34.4000 2 7413.43232
34.5000 2 7329.54624
34.6000 2 13621.00224
34.7000 2 14554.23488
34.8000 2 14711.52128
34.9000 2 14701.03552
35.0000 2 14826.86464
35.1000 2 14302.57664
35.2000 2 14863.5648
35.3000 2 14334.03392
35.4000 2 7801.40544
35.5000 2 7853.83424
35.6000 2 7932.47744
35.7000 2 660.60288
35.8000 2 4592.76288
35.9000 2 7256.14592
36.0000 2 7539.26144
36.1000 2 7277.11744
36.2000 2 13579.0592
36.3000 2 14722.00704
36.4000 2 15172.89472
36.5000 2 15026.09408
36.6000 2 15078.52288
36.7000 2 15162.40896
36.8000 2 11466.17856
36.9000 2 7853.83424
37.0000 2 8053.06368
37.1000 2 8084.52096
37.2000 2 2228.224
