0.1000 2 0.0
0.2000 2 178.25792
0.3000 2 12425.6256
0.4000 2 16368.27136
0.5000 2 15980.29824
0.6000 2 14879.29344
0.7000 2 14386.46272
0.8000 2 14375.97696
0.9000 2 14994.6368
1.0000 2 15927.86944
1.1000 2 16001.26976
1.2000 2 16043.2128
1.3000 2 12918.45632
1.4000 2 1572.864
1.5000 2 0.0
1.6000 2 0.0
1.7000 2 0.0
1.8000 2 0.0
1.9000 2 7958.69184
2.0000 2 13306.42944
2.1000 2 13505.65888
2.2000 2 13600.03072
2.3000 2 15781.0688
2.4000 2 15843.98336
2.5000 2 15581.83936
2.6000 2 15319.69536
2.7000 2 15256.7808
2.8000 2 15277.75232
2.9000 2 9264.16896
3.0000 2 6385.82784
3.1000 2 6275.72736
3.2000 2 2621.44
3.3000 2 8199.86432
3.4000 2 8095.00672
3.5000 2 11450.44992
3.6000 2 13662.94528
3.7000 2 13683.9168
3.8000 2 13537.11616
3.9000 2 13589.54496
4.0000 2 13474.2016
4.1000 2 12855.54176
4.2000 2 11329.86368
4.3000 2 5033.1648
4.4000 2 5179.96544
4.5000 2 5588.91008
4.6000 2 13547.60192
4.7000 2 14868.80768
4.8000 2 15487.46752
4.9000 2 11896.09472
5.0000 2 8157.92128
5.1000 2 8451.52256
5.2000 2 8724.15232
5.3000 2 15330.18112
5.4000 2 16315.84256
5.5000 2 14706.2784
5.6000 2 6595.54304
5.7000 2 6784.28672
5.8000 2 7392.4608
5.9000 2 13694.40256
6.0000 2 15435.03872
6.1000 2 15655.23968
6.2000 2 15875.44064
6.3000 2 15613.29664
6.4000 2 10260.31616
6.5000 2 8482.97984
6.6000 2 8441.0368
6.7000 2 10590.6176
6.8000 2 15372.12416
6.9000 2 6988.75904
7.0000 2 6679.42912
7.1000 2 7245.66016
7.2000 2 14742.97856
7.3000 2 16032.72704
7.4000 2 15917.38368
7.5000 2 17846.76352
7.6000 2 16106.12736
7.7000 2 16022.24128
7.8000 2 13028.5568
7.9000 2 8619.29472
8.0000 2 14952.69376
8.1000 2 3989.83168
8.2000 2 6658.4576
8.3000 2 7245.66016
8.4000 2 11261.70624
8.5000 2 11869.88032
8.6000 2 3711.95904
8.7000 2 16315.84256
8.8000 2 16053.69856
8.9000 2 15466.496
9.0000 2 15476.98176
9.1000 2 15466.496
9.2000 2 15539.89632
9.3000 2 12561.94048
9.4000 2 13427.01568
9.5000 2 1672.47872
9.6000 2 83.88608
9.7000 2 73.40032
9.8000 2 83.88608
9.9000 2 587.20256
10.0000 2 10548.67456
10.1000 2 18140.3648
10.2000 2 6197.08416
10.3000 2 975.17568
10.4000 2 14040.43264
10.5000 2 20206.05952
10.6000 2 16315.84256
10.7000 2 15634.26816
10.8000 2 15728.64
10.9000 2 15676.2112
11.0000 2 14984.15104
11.1000 2 16399.72864
11.2000 2 1950.35136
11.3000 2 31.45728
11.4000 2 73.40032
11.5000 2 0.0
11.6000 2 0.0
11.7000 2 0.0
11.8000 2 13883.14624
11.9000 2 15749.61152
12.0000 2 15823.01184
12.1000 2 15760.09728
12.2000 2 15802.04032
12.3000 2 15833.4976
12.4000 2 15864.95488
12.5000 2 15843.98336
12.6000 2 15739.12576
12.7000 2 15681.45408
12.8000 2 7471.104
12.9000 2 0.0
13.0000 2 0.0
13.1000 2 0.0
13.2000 2 0.0
13.3000 2 0.0
13.4000 2 11796.48
13.5000 2 13652.45952
13.6000 2 13862.17472
13.7000 2 13683.9168
13.8000 2 13704.88832
13.9000 2 13715.37408
14.0000 2 13694.40256
14.1000 2 13736.3456
14.2000 2 13862.17472
14.3000 2 13888.38912
14.4000 2 6857.68704
14.5000 2 5096.07936
14.6000 2 5211.42272
14.7000 2 9552.52736
14.8000 2 12409.89696
14.9000 2 8074.0352
15.0000 2 8074.0352
15.1000 2 8262.77888
15.2000 2 14323.54816
15.3000 2 14984.15104
15.4000 2 15109.98016
15.5000 2 15246.29504
15.6000 2 15172.89472
15.7000 2 13374.58688
15.8000 2 6679.42912
15.9000 2 6910.11584
16.0000 2 7602.176
16.1000 2 12561.94048
16.2000 2 14292.09088
16.3000 2 12357.46816
16.4000 2 8021.6064
16.5000 2 7895.77728
16.6000 2 7728.00512
16.7000 2 14208.2048
16.8000 2 15089.00864
16.9000 2 15005.12256
17.0000 2 15193.86624
17.1000 2 15188.62336
17.2000 2 6679.42912
17.3000 2 6899.63008
17.4000 2 7371.48928
17.5000 2 11838.42304
17.6000 2 15235.80928
17.7000 2 14811.136
17.8000 2 8053.06368
17.9000 2 7780.43392
18.0000 2 7832.86272
18.1000 2 11356.07808
18.2000 2 14973.66528
18.3000 2 15047.0656
18.4000 2 15078.52288
18.5000 2 10291.77344
18.6000 2 6784.28672
18.7000 2 7256.14592
18.8000 2 8587.83744
18.9000 2 8524.92288
19.0000 2 11460.93568
19.1000 2 14858.32192
19.2000 2 18879.61088
19.3000 2 9175.04
19.4000 2 8304.72192
19.5000 2 8210.35008
19.6000 2 11618.22208
19.7000 2 15319.69536
19.8000 2 15518.9248
19.9000 2 15377.36704
20.0000 2 10013.9008
20.1000 2 6878.65856
20.2000 2 7035.94496
20.3000 2 8839.49568
20.4000 2 14082.37568
20.5000 2 14239.66208
20.6000 2 14129.5616
20.7000 2 9175.04
20.8000 2 7570.71872
20.9000 2 8095.00672
21.0000 2 9395.24096
21.1000 2 15686.69696
21.2000 2 15812.52608
21.3000 2 15613.29664
21.4000 2 15660.48256
21.5000 2 6847.20128
21.6000 2 6973.0304
21.7000 2 7319.06048
21.8000 2 12331.25376
21.9000 2 15225.32352
22.0000 2 15497.95328
22.1000 2 13280.21504
22.2000 2 8084.52096
22.3000 2 8231.3216
22.4000 2 8147.43552
22.5000 2 12708.74112
22.6000 2 13558.08768
22.7000 2 13243.51488
22.8000 2 10910.43328
22.9000 2 5096.07936
23.0000 2 5190.4512
23.1000 2 5882.51136
23.2000 2 13327.40096
23.3000 2 13820.23168
23.4000 2 13862.17472
23.5000 2 13652.45952
23.6000 2 13904.11776
23.7000 2 13757.31712
23.8000 2 13710.1312
23.9000 2 12226.39616
24.0000 2 8262.77888
24.1000 2 8100.2496
24.2000 2 1614.80704
24.3000 2 4729.07776
24.4000 2 5169.47968
24.5000 2 7161.77408
24.6000 2 13589.54496
24.7000 2 13474.2016
24.8000 2 13715.37408
24.9000 2 13683.9168
25.0000 2 13841.2032
25.1000 2 13673.43104
25.2000 2 13683.9168
25.3000 2 13757.31712
25.4000 2 13767.80288
25.5000 2 13489.93024
25.6000 2 5022.67904
25.7000 2 4744.8064
25.8000 2 146.80064
25.9000 2 0.0
26.0000 2 6962.54464
26.1000 2 7906.26304
26.2000 2 14585.69216
26.3000 2 15277.75232
26.4000 2 15214.83776
26.5000 2 15193.86624
26.6000 2 15204.352
26.7000 2 15099.4944
26.8000 2 14742.97856
26.9000 2 14942.208
27.0000 2 14611.90656
27.1000 2 6815.744
27.2000 2 6800.01536
27.3000 2 83.88608
27.4000 2 2233.46688
27.5000 2 6899.63008
27.6000 2 7969.1776
27.7000 2 14900.26496
27.8000 2 15592.32512
27.9000 2 15749.61152
28.0000 2 15445.52448
28.1000 2 15602.81088
28.2000 2 15581.83936
28.3000 2 15802.04032
28.4000 2 15597.568
28.5000 2 8304.72192
28.6000 2 5735.71072
28.7000 2 3114.27072
28.8000 2 4388.29056
28.9000 2 7644.11904
29.0000 2 7958.69184
29.1000 2 7528.77568
29.2000 2 15707.66848
29.3000 2 15718.15424
29.4000 2 18549.30944
29.5000 2 15592.32512
29.6000 2 15319.69536
29.7000 2 15403.58144
29.8000 2 15361.6384
29.9000 2 11969.49504
30.0000 2 6731.85792
30.1000 2 6988.75904
30.2000 2 4204.78976
30.3000 2 7948.20608
30.4000 2 7979.66336
30.5000 2 8126.464
30.6000 2 14805.89312
30.7000 2 15235.80928
30.8000 2 14879.29344
30.9000 2 15162.40896
31.0000 2 15099.4944
31.1000 2 15068.03712
31.2000 2 15267.26656
31.3000 2 12808.35584
31.4000 2 6710.8864
31.5000 2 6983.51616
31.6000 2 6967.78752
31.7000 2 6522.14272
31.8000 2 7895.77728
31.9000 2 7769.94816
32.0000 2 12719.22688
32.1000 2 15760.09728
32.2000 2 15655.23968
32.3000 2 15267.26656
32.4000 2 16210.98496
32.5000 2 15781.0688
32.6000 2 15775.82592
32.7000 2 11167.3344
32.8000 2 6658.4576
32.9000 2 7056.91648
33.0000 2 9127.85408
33.1000 2 9489.6128
33.2000 2 9783.21408
33.3000 2 12572.42624
33.4000 2 11356.07808
33.5000 2 17920.16384
33.6000 2 15225.32352
33.7000 2 15256.7808
33.8000 2 15309.2096
33.9000 2 15744.36864
34.0000 2 8713.66656
34.1000 2 6899.63008
34.2000 2 7224.68864
34.3000 2 9216.98304
34.4000 2 15555.62496
34.5000 2 7990.14912
34.6000 2 6952.05888
34.7000 2 9070.1824
34.8000 2 8273.26464
34.9000 2 8189.37856
35.0000 2 8315.20768
35.1000 2 8241.80736
35.2000 2 8262.77888
35.3000 2 1399.84896
