0.1000 2 0.0
0.2000 2 188.74368
0.3000 2 10338.95936
0.4000 2 14910.75072
0.5000 2 14963.17952
0.6000 2 14690.54976
0.7000 2 14952.69376
0.8000 2 14963.17952
0.9000 2 14900.26496
1.0000 2 15005.12256
1.1000 2 15068.03712
1.2000 2 15036.57984
1.3000 2 10679.74656
1.4000 2 7497.3184
1.5000 2 1389.3632
1.6000 2 0.0
1.7000 2 5767.168
1.8000 2 8891.92448
1.9000 2 15120.46592
2.0000 2 15330.18112
2.1000 2 15172.89472
2.2000 2 15078.52288
2.3000 2 15109.98016
2.4000 2 14900.26496
2.5000 2 15235.80928
2.6000 2 15036.57984
2.7000 2 8949.59616
2.8000 2 7518.28992
2.9000 2 7591.69024
3.0000 2 10323.23072
3.1000 2 8388.608
3.2000 2 8241.80736
3.3000 2 8503.95136
3.4000 2 12907.97056
3.5000 2 12991.85664
3.6000 2 12761.16992
3.7000 2 12939.42784
3.8000 2 12939.42784
3.9000 2 13243.51488
4.0000 2 13149.14304
4.1000 2 11707.35104
4.2000 2 7413.43232
4.3000 2 7476.34688
4.4000 2 7549.7472
4.5000 2 13122.92864
4.6000 2 6994.00192
4.7000 2 6889.14432
4.8000 2 7035.94496
4.9000 2 11083.44832
5.0000 2 12719.22688
5.1000 2 13191.08608
5.2000 2 13149.14304
5.3000 2 13149.14304
5.4000 2 13033.79968
5.5000 2 13149.14304
5.6000 2 12624.85504
5.7000 2 9180.28288
5.8000 2 7423.91808
5.9000 2 7193.23136
6.0000 2 9772.72832
6.1000 2 9683.59936
6.2000 2 7266.63168
6.3000 2 7402.94656
6.4000 2 8095.00672
6.5000 2 12656.31232
6.6000 2 12582.912
6.7000 2 12949.9136
6.8000 2 12970.88512
6.9000 2 12928.94208
7.0000 2 13725.85984
7.1000 2 13600.03072
7.2000 2 11287.92064
7.3000 2 7486.83264
7.4000 2 7161.77408
7.5000 2 7329.54624
7.6000 2 11183.06304
7.7000 2 6983.51616
7.8000 2 7256.14592
7.9000 2 7507.80416
8.0000 2 11817.45152
8.1000 2 4215.27552
8.2000 2 4938.79296
8.3000 2 13505.65888
8.4000 2 12803.11296
8.5000 2 13233.02912
8.6000 2 12897.4848
8.7000 2 13233.02912
8.8000 2 12761.16992
8.9000 2 12651.06944
9.0000 2 6994.00192
9.1000 2 7172.25984
9.2000 2 3061.84192
9.3000 2 4729.07776
9.4000 2 16813.91616
9.5000 2 8944.35328
9.6000 2 7528.77568
9.7000 2 7644.11904
9.8000 2 15309.2096
9.9000 2 15277.75232
10.0000 2 15172.89472
10.1000 2 15309.2096
10.2000 2 15036.57984
10.3000 2 15057.55136
10.4000 2 14947.45088
10.5000 2 4634.70592
10.6000 2 1908.40832
10.7000 2 11544.82176
10.8000 2 14202.96192
10.9000 2 7098.85952
11.0000 2 7675.57632
11.1000 2 3145.728
11.2000 2 2998.92736
11.3000 2 19860.02944
11.4000 2 17626.56256
11.5000 2 15435.03872
11.6000 2 14512.29184
11.7000 2 13379.82976
11.8000 2 13390.31552
11.9000 2 18281.92256
12.0000 2 8241.80736
12.1000 2 8273.26464
12.2000 2 7523.5328
12.3000 2 83.88608
12.4000 2 2621.44
12.5000 2 12687.7696
12.6000 2 21443.3792
12.7000 2 14166.26176
12.8000 2 13526.6304
12.9000 2 13170.11456
13.0000 2 13274.97216
13.1000 2 13180.60032
13.2000 2 12645.82656
13.3000 2 11356.07808
13.4000 2 12399.4112
13.5000 2 10999.56224
13.6000 2 7161.77408
13.7000 2 7324.30336
13.8000 2 3470.78656
13.9000 2 7151.28832
14.0000 2 11439.96416
14.1000 2 12991.85664
14.2000 2 13243.51488
14.3000 2 13096.71424
14.4000 2 14145.29024
14.5000 2 15068.03712
14.6000 2 15120.46592
14.7000 2 15130.95168
14.8000 2 15141.43744
14.9000 2 13689.15968
15.0000 2 13039.04256
15.1000 2 4173.33248
15.2000 2 73.40032
15.3000 2 62.91456
15.4000 2 0.0
15.5000 2 83.88608
15.6000 2 10003.41504
15.7000 2 13107.2
15.8000 2 13243.51488
15.9000 2 13149.14304
16.0000 2 13012.82816
16.1000 2 13285.45792
16.2000 2 14963.17952
16.3000 2 15015.60832
16.4000 2 15225.32352
16.5000 2 15183.38048
16.6000 2 15340.66688
16.7000 2 11775.50848
16.8000 2 157.2864
16.9000 2 73.40032
17.0000 2 62.91456
17.1000 2 0.0
17.2000 2 0.0
17.3000 2 7161.77408
17.4000 2 11282.67776
17.5000 2 16588.47232
17.6000 2 14564.72064
17.7000 2 13117.68576
17.8000 2 13201.57184
17.9000 2 14732.4928
18.0000 2 15162.40896
18.1000 2 15078.52288
18.2000 2 15298.72384
18.3000 2 15209.59488
18.4000 2 10155.45856
18.5000 2 1887.4368
18.6000 2 73.40032
18.7000 2 0.0
18.8000 2 0.0
18.9000 2 2663.38304
19.0000 2 14963.17952
19.1000 2 15298.72384
19.2000 2 15225.32352
19.3000 2 14648.60672
19.4000 2 15151.9232
19.5000 2 14847.83616
19.6000 2 15047.0656
19.7000 2 15120.46592
19.8000 2 15162.40896
19.9000 2 14601.4208
20.0000 2 7439.64672
20.1000 2 3261.07136
20.2000 2 73.40032
20.3000 2 440.40192
20.4000 2 5756.68224
20.5000 2 10013.9008
20.6000 2 14449.37728
20.7000 2 13065.25696
20.8000 2 12991.85664
20.9000 2 13044.28544
21.0000 2 13337.88672
21.1000 2 13128.17152
21.2000 2 14732.4928
21.3000 2 15172.89472
21.4000 2 15235.80928
21.5000 2 13725.85984
21.6000 2 7423.91808
21.7000 2 765.46048
21.8000 2 62.91456
21.9000 2 73.40032
22.0000 2 1415.5776
22.1000 2 8535.40864
22.2000 2 13736.3456
22.3000 2 12991.85664
22.4000 2 11481.9072
22.5000 2 8661.23776
22.6000 2 14092.86144
22.7000 2 19314.76992
22.8000 2 16242.44224
22.9000 2 15047.0656
23.0000 2 15057.55136
23.1000 2 15052.30848
23.2000 2 11906.58048
23.3000 2 73.40032
23.4000 2 73.40032
23.5000 2 0.0
23.6000 2 73.40032
23.7000 2 2013.26592
23.8000 2 11754.53696
23.9000 2 15277.75232
24.0000 2 15172.89472
24.1000 2 13526.6304
24.2000 2 13254.00064
24.3000 2 12845.056
24.4000 2 13274.97216
24.5000 2 12939.42784
24.6000 2 15120.46592
24.7000 2 14659.09248
24.8000 2 13343.1296
24.9000 2 9463.3984
25.0000 2 0.0
25.1000 2 73.40032
25.2000 2 62.91456
25.3000 2 83.88608
25.4000 2 167.77216
25.5000 2 12782.14144
25.6000 2 13149.14304
25.7000 2 14355.00544
25.8000 2 14868.80768
25.9000 2 14858.32192
26.0000 2 14931.72224
26.1000 2 15047.0656
26.2000 2 14627.6352
26.3000 2 12907.97056
26.4000 2 13322.15808
26.5000 2 12918.45632
26.6000 2 7796.16256
26.7000 2 2212.49536
26.8000 2 0.0
26.9000 2 0.0
27.0000 2 3072.32768
27.1000 2 9321.84064
27.2000 2 12708.74112
27.3000 2 12834.57024
27.4000 2 12572.42624
27.5000 2 8881.43872
27.6000 2 12624.85504
27.7000 2 18800.96768
27.8000 2 16011.75552
27.9000 2 15151.9232
28.0000 2 15351.15264
28.1000 2 15167.65184
28.2000 2 10312.74496
28.3000 2 702.54592
28.4000 2 0.0
28.5000 2 0.0
28.6000 2 0.0
28.7000 2 4393.53344
28.8000 2 13191.08608
28.9000 2 13316.9152
29.0000 2 14805.89312
29.1000 2 14564.72064
29.2000 2 13369.344
29.3000 2 13012.82816
29.4000 2 13107.2
29.5000 2 13044.28544
29.6000 2 13159.6288
29.7000 2 13117.68576
29.8000 2 12976.128
29.9000 2 11434.72128
30.0000 2 136.31488
30.1000 2 167.77216
30.2000 2 0.0
30.3000 2 0.0
30.4000 2 83.88608
30.5000 2 11974.73792
30.6000 2 12949.9136
30.7000 2 14826.86464
30.8000 2 15225.32352
30.9000 2 14889.7792
31.0000 2 15036.57984
31.1000 2 15099.4944
31.2000 2 15078.52288
31.3000 2 14868.80768
31.4000 2 15015.60832
31.5000 2 12247.36768
31.6000 2 5903.48288
31.7000 2 62.91456
31.8000 2 83.88608
31.9000 2 0.0
32.0000 2 2652.89728
32.1000 2 11324.6208
32.2000 2 14910.75072
32.3000 2 14669.57824
32.4000 2 14784.9216
32.5000 2 13054.7712
32.6000 2 10338.95936
32.7000 2 8933.86752
32.8000 2 17144.2176
32.9000 2 19377.68448
33.0000 2 15372.12416
33.1000 2 14008.97536
33.2000 2 7056.91648
33.3000 2 125.82912
33.4000 2 0.0
33.5000 2 62.91456
33.6000 2 0.0
33.7000 2 104.8576
33.8000 2 12614.36928
33.9000 2 27640.46336
34.0000 2 15026.09408
34.1000 2 14124.31872
34.2000 2 14763.95008
34.3000 2 14816.37888
34.4000 2 14942.208
34.5000 2 20405.28896
34.6000 2 10055.84384
34.7000 2 16441.67168
34.8000 2 482.34496
34.9000 2 73.40032
35.0000 2 83.88608
35.1000 2 0.0
35.2000 2 62.91456
35.3000 2 9196.01152
35.4000 2 13358.85824
35.5000 2 12792.6272
35.6000 2 12834.57024
35.7000 2 13579.0592
35.8000 2 13117.68576
35.9000 2 13358.85824
36.0000 2 13159.6288
36.1000 2 13233.02912
36.2000 2 13254.00064
36.3000 2 9888.07168
36.4000 2 14659.09248
36.5000 2 4435.47648
36.6000 2 0.0
36.7000 2 0.0
36.8000 2 0.0
36.9000 2 0.0
37.0000 2 2579.49696
37.1000 2 4089.4464
37.2000 2 1121.97632
37.3000 2 9940.50048
37.4000 2 10076.81536
37.5000 2 5924.4544
37.6000 2 3019.89888
37.7000 2 4991.22176
37.8000 2 6616.51456
37.9000 2 11670.65088
38.0000 2 8451.52256
38.1000 2 7722.76224
