0.1000 2 0.0
0.2000 2 167.77216
0.3000 2 11817.45152
0.4000 2 15476.98176
0.5000 2 15372.12416
0.6000 2 15550.38208
0.7000 2 15476.98176
0.8000 2 15319.69536
0.9000 2 15277.75232
1.0000 2 15141.43744
1.1000 2 15403.58144
1.2000 2 15487.46752
1.3000 2 13631.488
1.4000 2 1415.5776
1.5000 2 0.0
1.6000 2 0.0
1.7000 2 0.0
1.8000 2 0.0
1.9000 2 0.0
2.0000 2 8241.80736
2.1000 2 16116.61312
2.2000 2 16095.6416
2.3000 2 15393.09568
2.4000 2 15267.26656
2.5000 2 15141.43744
2.6000 2 15235.80928
2.7000 2 15340.66688
2.8000 2 15403.58144
2.9000 2 15414.0672
3.0000 2 11550.06464
3.1000 2 4283.43296
3.2000 2 0.0
3.3000 2 0.0
3.4000 2 0.0
3.5000 2 0.0
3.6000 2 7371.48928
3.7000 2 10317.98784
3.8000 2 13023.31392
3.9000 2 12970.88512
4.0000 2 12928.94208
4.1000 2 13065.25696
4.2000 2 13075.74272
4.3000 2 12331.25376
4.4000 2 4844.42112
4.5000 2 9867.10016
4.6000 2 3072.32768
4.7000 2 18717.0816
4.8000 2 22801.28512
4.9000 2 13107.2
5.0000 2 8446.27968
5.1000 2 157.2864
5.2000 2 125.82912
5.3000 2 125.82912
5.4000 2 52.4288
5.5000 2 4823.4496
5.6000 2 10821.30432
5.7000 2 9196.01152
5.8000 2 18308.13696
5.9000 2 15005.12256
6.0000 2 13537.11616
6.1000 2 13516.14464
6.2000 2 12981.37088
6.3000 2 14218.69056
6.4000 2 14150.53312
6.5000 2 7927.23456
6.6000 2 8000.63488
6.7000 2 2506.09664
6.8000 2 13185.8432
6.9000 2 13484.68736
7.0000 2 6794.77248
7.1000 2 11010.048
7.2000 2 7801.40544
7.3000 2 2956.98432
7.4000 2 125.82912
7.5000 2 7035.94496
7.6000 2 20688.40448
7.7000 2 20174.60224
7.8000 2 16148.0704
7.9000 2 15492.7104
8.0000 2 11565.79328
8.1000 2 8640.26624
8.2000 2 8105.49248
8.3000 2 8357.15072
8.4000 2 11623.46496
8.5000 2 11418.99264
8.6000 2 7906.26304
8.7000 2 7340.032
8.8000 2 7591.69024
8.9000 2 13002.3424
9.0000 2 15235.80928
9.1000 2 15351.15264
9.2000 2 15340.66688
9.3000 2 15461.25312
9.4000 2 15141.43744
9.5000 2 7623.14752
9.6000 2 6060.76928
9.7000 2 104.8576
9.8000 2 2988.4416
9.9000 2 20017.31584
10.0000 2 19120.78336
10.1000 2 8136.94976
10.2000 2 3974.10304
10.3000 2 2233.46688
10.4000 2 8126.464
10.5000 2 18958.25408
10.6000 2 17888.70656
10.7000 2 15980.29824
10.8000 2 15775.82592
10.9000 2 14271.11936
11.0000 2 8283.7504
11.1000 2 8294.23616
11.2000 2 8346.66496
11.3000 2 9625.92768
11.4000 2 15660.48256
11.5000 2 6637.48608
11.6000 2 6983.51616
11.7000 2 7172.25984
11.8000 2 9678.35648
11.9000 2 15770.58304
12.0000 2 15623.7824
12.1000 2 15539.89632
12.2000 2 15476.98176
12.3000 2 15576.59648
12.4000 2 13065.25696
12.5000 2 8053.06368
12.6000 2 8042.57792
12.7000 2 8074.0352
12.8000 2 10920.91904
12.9000 2 6983.51616
13.0000 2 7014.97344
13.1000 2 7119.83104
13.2000 2 6899.63008
13.3000 2 10779.36128
13.4000 2 14522.7776
13.5000 2 15623.7824
13.6000 2 15424.55296
13.7000 2 15456.01024
13.8000 2 15220.08064
13.9000 2 15655.23968
14.0000 2 8556.38016
14.1000 2 8304.72192
14.2000 2 10019.14368
14.3000 2 12582.912
14.4000 2 6595.54304
14.5000 2 6994.00192
14.6000 2 7329.54624
14.7000 2 9154.06848
14.8000 2 10989.07648
14.9000 2 16840.13056
15.0000 2 19419.62752
15.1000 2 16169.04192
15.2000 2 15702.4256
15.3000 2 13600.03072
15.4000 2 8252.29312
15.5000 2 8115.97824
15.6000 2 8157.92128
15.7000 2 8498.70848
15.8000 2 7098.85952
15.9000 2 7056.91648
16.0000 2 7214.20288
16.1000 2 9625.92768
16.2000 2 10726.93248
16.3000 2 1814.03648
16.4000 2 922.74688
16.5000 2 16315.84256
16.6000 2 21999.12448
16.7000 2 20111.68768
16.8000 2 15660.48256
16.9000 2 13285.45792
17.0000 2 8178.8928
17.1000 2 8273.26464
17.2000 2 8205.1072
17.3000 2 7748.97664
17.4000 2 7067.40224
17.5000 2 7035.94496
17.6000 2 7465.86112
17.7000 2 11754.53696
17.8000 2 15854.46912
17.9000 2 15676.2112
18.0000 2 15707.66848
18.1000 2 15655.23968
18.2000 2 15770.58304
18.3000 2 15744.36864
18.4000 2 11775.50848
18.5000 2 8241.80736
18.6000 2 8194.62144
18.7000 2 5620.36736
18.8000 2 4718.592
18.9000 2 6931.08736
19.0000 2 7140.80256
19.1000 2 10338.95936
19.2000 2 14952.69376
19.3000 2 15172.89472
19.4000 2 14805.89312
19.5000 2 14921.23648
19.6000 2 14973.66528
19.7000 2 15120.46592
19.8000 2 14989.39392
19.9000 2 10160.70144
20.0000 2 7895.77728
20.1000 2 7995.392
20.2000 2 3135.24224
20.3000 2 4351.5904
20.4000 2 2317.35296
20.5000 2 3229.61408
20.6000 2 16515.072
20.7000 2 19639.82848
20.8000 2 14480.83456
20.9000 2 15151.9232
21.0000 2 15204.352
21.1000 2 15298.72384
21.2000 2 15120.46592
21.3000 2 15335.424
21.4000 2 9342.81216
21.5000 2 7937.72032
21.6000 2 7995.392
21.7000 2 1677.7216
21.8000 2 3250.5856
21.9000 2 8357.15072
22.0000 2 7728.00512
22.1000 2 13673.43104
22.2000 2 15665.72544
22.3000 2 15602.81088
22.4000 2 15529.41056
22.5000 2 15781.0688
22.6000 2 15655.23968
22.7000 2 15691.93984
22.8000 2 15592.32512
22.9000 2 8745.12384
23.0000 2 8299.47904
23.1000 2 3942.64576
23.2000 2 83.88608
23.3000 2 5190.4512
23.4000 2 7969.1776
23.5000 2 8168.40704
23.6000 2 13526.6304
23.7000 2 16074.67008
23.8000 2 14973.66528
23.9000 2 15141.43744
24.0000 2 15214.83776
24.1000 2 15382.60992
24.2000 2 15256.7808
24.3000 2 15178.1376
24.4000 2 8713.66656
24.5000 2 8016.36352
24.6000 2 4362.07616
24.7000 2 73.40032
24.8000 2 5169.47968
24.9000 2 7937.72032
25.0000 2 8105.49248
25.1000 2 13988.00384
25.2000 2 15770.58304
25.3000 2 16116.61312
25.4000 2 15456.01024
25.5000 2 15749.61152
25.6000 2 15623.7824
25.7000 2 15461.25312
25.8000 2 14491.32032
25.9000 2 7853.83424
26.0000 2 8142.19264
26.1000 2 4016.04608
26.2000 2 241.17248
26.3000 2 6627.00032
26.4000 2 6857.68704
26.5000 2 9028.23936
26.6000 2 15120.46592
26.7000 2 15403.58144
26.8000 2 15424.55296
26.9000 2 15277.75232
27.0000 2 15372.12416
27.1000 2 15288.23808
27.2000 2 15566.11072
27.3000 2 15361.6384
27.4000 2 7738.49088
27.5000 2 7743.73376
27.6000 2 2495.61088
27.7000 2 0.0
27.8000 2 4729.07776
27.9000 2 6836.71552
28.0000 2 7790.91968
28.1000 2 15550.38208
28.2000 2 15718.15424
28.3000 2 15550.38208
28.4000 2 15560.86784
28.5000 2 15613.29664
28.6000 2 15476.98176
28.7000 2 15760.09728
28.8000 2 16279.1424
28.9000 2 8703.1808
29.0000 2 8058.30656
29.1000 2 1929.37984
29.2000 2 73.40032
29.3000 2 1520.4352
29.4000 2 8870.95296
29.5000 2 8095.00672
29.6000 2 15109.98016
29.7000 2 15665.72544
29.8000 2 15497.95328
29.9000 2 15760.09728
30.0000 2 15613.29664
30.1000 2 15466.496
30.2000 2 15676.2112
30.3000 2 15167.65184
30.4000 2 10024.38656
30.5000 2 7974.42048
30.6000 2 2946.49856
30.7000 2 0.0
30.8000 2 534.77376
30.9000 2 2065.69472
31.0000 2 6469.71392
31.1000 2 17228.10368
31.2000 2 15980.29824
31.3000 2 16609.44384
31.4000 2 15267.26656
31.5000 2 19912.45824
31.6000 2 15330.18112
31.7000 2 15361.6384
31.8000 2 15440.2816
31.9000 2 8556.38016
32.0000 2 8121.22112
32.1000 2 6868.1728
32.2000 2 0.0
32.3000 2 6406.79936
32.4000 2 6878.65856
32.5000 2 7539.26144
32.6000 2 9825.15712
32.7000 2 13390.31552
32.8000 2 13159.6288
32.9000 2 13264.4864
33.0000 2 13369.344
33.1000 2 13222.54336
33.2000 2 13143.90016
33.3000 2 13107.2
33.4000 2 7969.1776
33.5000 2 8053.06368
33.6000 2 8136.94976
33.7000 2 9248.44032
33.8000 2 14559.47776
33.9000 2 8378.12224
34.0000 2 6910.11584
34.1000 2 6815.744
34.2000 2 5284.82304
34.3000 2 15885.9264
34.4000 2 15896.41216
34.5000 2 15382.60992
34.6000 2 11408.50688
34.7000 2 11235.49184
34.8000 2 16085.15584
34.9000 2 8147.43552
35.0000 2 8042.57792
35.1000 2 8178.8928
35.2000 2 7292.84608
35.3000 2 9468.64128
35.4000 2 8692.69504
35.5000 2 6763.3152
35.6000 2 7518.28992
35.7000 2 7885.29152
35.8000 2 7958.69184
35.9000 2 7822.37696
36.0000 2 7906.26304
36.1000 2 7937.72032
36.2000 2 2694.84032
36.3000 2 2165.30944
