Will transfer 1000 files
0.1000 4 0.0
0.2000 4 16095.6416
0.3000 4 15518.9248
0.4000 4 8776.58112
0.5000 4 16231.95648
0.6000 4 10999.56224
0.7000 4 16064.18432
0.8000 4 16085.15584
0.9000 4 10297.01632
1.0000 4 13704.88832
1.1000 4 11754.53696
1.2000 4 17301.504
1.3000 4 16273.89952
1.4000 4 16557.01504
1.5000 4 14973.66528
1.6000 4 10359.93088
1.7000 4 11293.16352
1.8000 4 11010.048
1.9000 4 17060.33152
2.0000 4 16955.47392
2.1000 4 18496.88064
2.2000 4 10905.1904
2.3000 4 13715.37408
2.4000 4 11303.64928
2.5000 4 11880.36608
2.6000 4 11439.96416
2.7000 4 10338.95936
2.8000 4 18004.04992
2.9000 4 15309.2096
3.0000 4 18339.59424
3.1000 4 16420.70016
3.2000 4 15497.95328
3.3000 4 13809.74592
3.4000 4 12866.02752
3.5000 4 16420.70016
3.6000 4 13589.54496
3.7000 4 11785.99424
3.8000 4 11114.9056
3.9000 4 16336.81408
4.0000 4 14386.46272
4.1000 4 19629.34272
4.2000 4 13925.08928
4.3000 4 10611.58912
4.4000 4 11859.39456
4.5000 4 9982.44352
4.6000 4 13694.40256
4.7000 4 17144.2176
4.8000 4 17207.13216
4.9000 4 18066.96448
5.0000 4 14292.09088
5.1000 4 11848.9088
5.2000 4 13589.54496
5.3000 4 14092.86144
5.4000 4 14585.69216
5.5000 4 16640.90112
5.6000 4 13568.57344
5.7000 4 15120.46592
5.8000 4 16651.38688
5.9000 4 18759.02464
6.0000 4 16148.0704
6.1000 4 20006.83008
6.2000 4 11775.50848
6.3000 4 12876.51328
6.4000 4 10401.87392
6.5000 4 14753.46432
6.6000 4 13369.344
6.7000 4 15781.0688
6.8000 4 16536.04352
6.9000 4 11775.50848
7.0000 4 16326.32832
7.1000 4 14334.03392
7.2000 4 12666.79808
7.3000 4 11660.16512
7.4000 4 10664.01792
7.5000 4 13736.3456
7.6000 4 13820.23168
7.7000 4 12006.1952
7.8000 4 13673.43104
7.9000 4 10338.95936
8.0000 4 12666.79808
8.1000 4 10422.84544
8.2000 4 14470.3488
8.3000 4 13369.344
8.4000 4 14334.03392
8.5000 4 16756.24448
8.6000 4 17060.33152
8.7000 4 11293.16352
8.8000 4 14040.43264
8.9000 4 15057.55136
9.0000 4 12132.02432
9.1000 4 14984.15104
9.2000 4 11324.6208
9.3000 4 10842.27584
9.4000 4 9950.98624
9.5000 4 13474.2016
9.6000 4 12436.11136
9.7000 4 9898.55744
9.8000 4 21349.00736
9.9000 4 11901.3376
10.0000 4 13694.40256
10.1000 4 15539.89632
10.2000 4 14795.40736
10.3000 4 12750.68416
10.4000 4 11660.16512
10.5000 4 15739.12576
10.6000 4 13914.60352
10.7000 4 10108.27264
10.8000 4 14176.74752
10.9000 4 13725.85984
11.0000 4 13254.00064
11.1000 4 12509.51168
11.2000 4 11377.0496
11.3000 4 13495.17312
11.4000 4 12142.51008
11.5000 4 14596.17792
11.6000 4 11911.82336
11.7000 4 14847.83616
11.8000 4 14617.14944
11.9000 4 12362.71104
12.0000 4 12824.08448
12.1000 4 13044.28544
12.2000 4 14732.4928
12.3000 4 14564.72064
12.4000 4 11523.85024
12.5000 4 14680.064
12.6000 4 11597.25056
12.7000 4 9573.49888
12.8000 4 13432.25856
12.9000 4 11114.9056
13.0000 4 8839.49568
13.1000 4 14606.66368
13.2000 4 10747.904
13.3000 4 11335.10656
13.4000 4 12698.25536
13.5000 4 12226.39616
13.6000 4 12750.68416
13.7000 4 10947.13344
13.8000 4 12320.768
13.9000 4 11827.93728
14.0000 4 9258.92608
14.1000 4 11712.59392
14.2000 4 12687.7696
14.3000 4 11534.336
14.4000 4 14155.776
14.5000 4 11460.93568
14.6000 4 11838.42304
14.7000 4 12886.99904
14.8000 4 14113.83296
14.9000 4 13746.83136
15.0000 4 14302.57664
15.1000 4 12278.82496
15.2000 4 15760.09728
15.3000 4 14323.54816
15.4000 4 13547.60192
15.5000 4 14355.00544
15.6000 4 10905.1904
15.7000 4 13358.85824
15.8000 4 14585.69216
15.9000 4 14501.80608
16.0000 4 13453.23008
16.1000 4 13610.51648
16.2000 4 12970.88512
16.3000 4 17647.53408
16.4000 4 16357.7856
16.5000 4 15078.52288
16.6000 4 12278.82496
16.7000 4 10926.16192
16.8000 4 14218.69056
16.9000 4 14019.46112
17.0000 4 10632.56064
17.1000 4 12886.99904
17.2000 4 11607.73632
17.3000 4 14323.54816
17.4000 4 14417.92
17.5000 4 15204.352
17.6000 4 13222.54336
17.7000 4 13117.68576
17.8000 4 12100.56704
17.9000 4 12362.71104
18.0000 4 13537.11616
18.1000 4 15969.81248
18.2000 4 13191.08608
18.3000 4 14596.17792
18.4000 4 12100.56704
18.5000 4 11586.7648
18.6000 4 15130.95168
18.7000 4 13495.17312
18.8000 4 14585.69216
18.9000 4 16273.89952
19.0000 4 14459.86304
19.1000 4 14323.54816
19.2000 4 15770.58304
19.3000 4 13841.2032
19.4000 4 10842.27584
19.5000 4 12341.73952
19.6000 4 11911.82336
19.7000 4 11471.42144
19.8000 4 12457.08288
19.9000 4 12331.25376
20.0000 4 14543.74912
20.1000 4 12519.99744
20.2000 4 17395.87584
20.3000 4 14417.92
20.4000 4 14166.26176
20.5000 4 14952.69376
20.6000 4 12666.79808
20.7000 4 11733.56544
20.8000 4 11586.7648
20.9000 4 11177.82016
21.0000 4 12687.7696
21.1000 4 10643.0464
21.2000 4 11597.25056
21.3000 4 11471.42144
21.4000 4 11827.93728
21.5000 4 15445.52448
21.6000 4 12132.02432
21.7000 4 12457.08288
21.8000 4 13316.9152
21.9000 4 11387.53536
22.0000 4 12373.1968
22.1000 4 14050.9184
22.2000 4 12173.96736
22.3000 4 12750.68416
22.4000 4 10632.56064
22.5000 4 9971.95776
22.6000 4 11649.67936
22.7000 4 13788.7744
22.8000 4 10643.0464
22.9000 4 11890.85184
23.0000 4 11565.79328
23.1000 4 12069.10976
23.2000 4 13652.45952
23.3000 4 12561.94048
23.4000 4 13243.51488
23.5000 4 13075.74272
23.6000 4 14428.40576
23.7000 4 12897.4848
23.8000 4 11639.1936
23.9000 4 11744.0512
24.0000 4 13662.94528
24.1000 4 13432.25856
24.2000 4 12519.99744
24.3000 4 14648.60672
24.4000 4 11523.85024
24.5000 4 11335.10656
24.6000 4 10160.70144
24.7000 4 13316.9152
24.8000 4 9059.69664
24.9000 4 10569.64608
25.0000 4 13704.88832
25.1000 4 13851.68896
25.2000 4 14826.86464
25.3000 4 13212.0576
25.4000 4 9395.24096
25.5000 4 13547.60192
25.6000 4 13788.7744
25.7000 4 7497.3184
25.8000 4 17783.84896
25.9000 4 13128.17152
26.0000 4 10779.36128
26.1000 4 12142.51008
26.2000 4 12121.53856
26.3000 4 14082.37568
26.4000 4 13337.88672
26.5000 4 12603.88352
26.6000 4 11272.192
26.7000 4 11943.28064
26.8000 4 13589.54496
26.9000 4 12373.1968
27.0000 4 11282.67776
27.1000 4 13432.25856
27.2000 4 12540.96896
27.3000 4 12740.1984
27.4000 4 12184.45312
27.5000 4 11597.25056
27.6000 4 11429.4784
27.7000 4 12824.08448
27.8000 4 12142.51008
27.9000 4 11146.36288
28.0000 4 13222.54336
28.1000 4 13946.0608
28.2000 4 20227.03104
28.3000 4 15571.3536
28.4000 4 12719.22688
28.5000 4 11513.36448
28.6000 4 12519.99744
28.7000 4 13201.57184
28.8000 4 11817.45152
28.9000 4 12100.56704
29.0000 4 14910.75072
29.1000 4 11712.59392
29.2000 4 10726.93248
29.3000 4 16106.12736
29.4000 4 15277.75232
29.5000 4 11890.85184
29.6000 4 13568.57344
29.7000 4 12069.10976
29.8000 4 10129.24416
29.9000 4 12069.10976
30.0000 4 11398.02112
30.1000 4 11985.22368
30.2000 4 11660.16512
30.3000 4 12111.0528
30.4000 4 10538.1888
30.5000 4 14239.66208
30.6000 4 11618.22208
30.7000 4 13065.25696
30.8000 4 12991.85664
30.9000 4 10842.27584
31.0000 4 11031.01952
31.1000 4 12593.39776
31.2000 4 13757.31712
31.3000 4 13159.6288
31.4000 4 11691.6224
31.5000 4 11901.3376
31.6000 4 12373.1968
31.7000 4 12519.99744
31.8000 4 12981.37088
31.9000 4 12561.94048
32.0000 4 12949.9136
32.1000 4 13337.88672
32.2000 4 11188.30592
32.3000 4 12247.36768
32.4000 4 13673.43104
32.5000 4 14638.12096
32.6000 4 11827.93728
32.7000 4 14680.064
32.8000 4 14082.37568
32.9000 4 10674.50368
33.0000 4 14407.43424
33.1000 4 11502.87872
33.2000 4 10003.41504
33.3000 4 12352.22528
33.4000 4 11114.9056
33.5000 4 11523.85024
33.6000 4 13474.2016
33.7000 4 10485.76
33.8000 4 11817.45152
33.9000 4 11534.336
34.0000 4 10213.13024
34.1000 4 13757.31712
34.2000 4 11534.336
34.3000 4 11062.4768
34.4000 4 8598.3232
34.5000 4 13641.97376
34.6000 4 12394.16832
34.7000 4 11471.42144
34.8000 4 11272.192
34.9000 4 11272.192
35.0000 4 12111.0528
35.1000 4 12111.0528
35.2000 4 11681.13664
35.3000 4 11356.07808
35.4000 4 13044.28544
35.5000 4 11429.4784
35.6000 4 12624.85504
35.7000 4 12079.59552
35.8000 4 10139.72992
35.9000 4 12551.45472
36.0000 4 12163.4816
36.1000 4 11513.36448
36.2000 4 12006.1952
36.3000 4 12719.22688
36.4000 4 12771.65568
36.5000 4 12341.73952
36.6000 4 11932.79488
36.7000 4 11251.22048
36.8000 4 10601.10336
36.9000 4 11859.39456
37.0000 4 11051.99104
37.1000 4 12593.39776
37.2000 4 10800.3328
37.3000 4 11429.4784
37.4000 4 12299.79648
37.5000 4 11827.93728
37.6000 4 11702.10816
37.7000 4 12886.99904
37.8000 4 13044.28544
37.9000 4 11188.30592
38.0000 4 13138.65728
38.1000 4 12771.65568
38.2000 4 11314.13504
38.3000 4 13505.65888
38.4000 4 11723.07968
38.5000 4 11597.25056
38.6000 4 13526.6304
38.7000 4 12499.02592
38.8000 4 10863.24736
38.9000 4 13568.57344
39.0000 4 12782.14144
39.1000 4 12121.53856
39.2000 4 12006.1952
39.3000 4 12750.68416
39.4000 4 13442.74432
39.5000 4 12750.68416
39.6000 4 13715.37408
39.7000 4 10905.1904
39.8000 4 11230.24896
39.9000 4 14617.14944
40.0000 4 10160.70144
40.1000 4 13390.31552
40.2000 4 12037.65248
40.3000 4 9667.87072
40.4000 4 13516.14464
40.5000 4 12866.02752
40.6000 4 9856.6144
40.7000 4 13379.82976
40.8000 4 11345.59232
40.9000 4 10265.55904
41.0000 4 12278.82496
41.1000 4 12111.0528
41.2000 4 13274.97216
41.3000 4 12173.96736
41.4000 4 13683.9168
41.5000 4 12247.36768
41.6000 4 12425.6256
41.7000 4 11345.59232
41.8000 4 12152.99584
41.9000 4 12782.14144
42.0000 4 10968.10496
42.1000 4 11712.59392
42.2000 4 11848.9088
42.3000 4 11272.192
42.4000 4 11450.44992
42.5000 4 13956.54656
42.6000 4 11796.48
42.7000 4 13841.2032
42.8000 4 12163.4816
42.9000 4 11932.79488
43.0000 4 13442.74432
43.1000 4 10705.96096
43.2000 4 11408.50688
43.3000 4 12446.59712
43.4000 4 10380.9024
43.5000 4 14050.9184
43.6000 4 12530.4832
43.7000 4 12173.96736
43.8000 4 13872.66048
43.9000 4 11785.99424
44.0000 4 12341.73952
44.1000 4 11848.9088
44.2000 4 13767.80288
44.3000 4 12792.6272
44.4000 4 11932.79488
44.5000 4 12561.94048
44.6000 4 9825.15712
44.7000 4 12656.31232
44.8000 4 12645.82656
44.9000 4 10108.27264
45.0000 4 12792.6272
45.1000 4 11418.99264
45.2000 4 11618.22208
45.3000 4 14795.40736
45.4000 4 12152.99584
45.5000 4 12320.768
45.6000 4 13107.2
45.7000 4 12425.6256
45.8000 4 12268.3392
45.9000 4 13946.0608
46.0000 4 12918.45632
46.1000 4 12824.08448
46.2000 4 12981.37088
46.3000 4 9898.55744
46.4000 4 12530.4832
46.5000 4 14732.4928
46.6000 4 9930.01472
46.7000 4 14501.80608
46.8000 4 14292.09088
46.9000 4 16766.73024
47.0000 4 14250.14784
47.1000 4 11995.70944
47.2000 4 11628.70784
47.3000 4 12289.31072
47.4000 4 12132.02432
47.5000 4 11167.3344
47.6000 4 13390.31552
47.7000 4 9877.58592
47.8000 4 11010.048
47.9000 4 11377.0496
48.0000 4 15298.72384
48.1000 4 12803.11296
48.2000 4 12142.51008
48.3000 4 14019.46112
48.4000 4 10779.36128
48.5000 4 9625.92768
48.6000 4 14585.69216
48.7000 4 11020.53376
48.8000 4 13128.17152
48.9000 4 11188.30592
49.0000 4 12582.912
49.1000 4 10255.07328
49.2000 4 12530.4832
49.3000 4 11209.27744
49.4000 4 11670.65088
49.5000 4 13107.2
49.6000 4 13432.25856
49.7000 4 12278.82496
49.8000 4 11356.07808
49.9000 4 12069.10976
50.0000 4 11114.9056
50.1000 4 13222.54336
50.2000 4 12750.68416
50.3000 4 11303.64928
50.4000 4 11660.16512
50.5000 4 13002.3424
50.6000 4 10999.56224
50.7000 4 10664.01792
50.8000 4 11817.45152
50.9000 4 13107.2
51.0000 4 12750.68416
51.1000 4 15277.75232
51.2000 4 11785.99424
51.3000 4 10915.67616
51.4000 4 13998.4896
51.5000 4 12530.4832
51.6000 4 14260.6336
51.7000 4 13086.22848
51.8000 4 10999.56224
51.9000 4 12572.42624
52.0000 4 10905.1904
52.1000 4 10181.67296
52.2000 4 9531.55584
52.3000 4 15361.6384
52.4000 4 15047.0656
52.5000 4 12436.11136
52.6000 4 11135.87712
52.7000 4 11072.96256
52.8000 4 12100.56704
52.9000 4 13128.17152
53.0000 4 12855.54176
53.1000 4 11387.53536
53.2000 4 12436.11136
53.3000 4 12236.88192
53.4000 4 14113.83296
53.5000 4 11387.53536
53.6000 4 16787.70176
53.7000 4 11010.048
53.8000 4 9573.49888
53.9000 4 13474.2016
54.0000 4 12886.99904
54.1000 4 16567.5008
54.2000 4 13358.85824
54.3000 4 10527.70304
54.4000 4 10286.53056
54.5000 4 11995.70944
54.6000 4 13358.85824
54.7000 4 12824.08448
54.8000 4 13191.08608
54.9000 4 13033.79968
55.0000 4 9846.12864
55.1000 4 11230.24896
55.2000 4 12981.37088
55.3000 4 11806.96576
55.4000 4 12079.59552
55.5000 4 13107.2
55.6000 4 11219.7632
55.7000 4 11177.82016
55.8000 4 13830.71744
55.9000 4 14008.97536
56.0000 4 12383.68256
56.1000 4 12603.88352
56.2000 4 11880.36608
56.3000 4 9867.10016
56.4000 4 13295.94368
56.5000 4 10622.07488
56.6000 4 11010.048
56.7000 4 10947.13344
56.8000 4 11597.25056
56.9000 4 10569.64608
57.0000 4 9793.69984
57.1000 4 11985.22368
57.2000 4 13589.54496
57.3000 4 10622.07488
57.4000 4 12771.65568
57.5000 4 11628.70784
57.6000 4 13075.74272
57.7000 4 12561.94048
57.8000 4 10181.67296
57.9000 4 13107.2
58.0000 4 10789.84704
58.1000 4 10695.4752
58.2000 4 11366.56384
58.3000 4 10276.0448
58.4000 4 13872.66048
58.5000 4 11544.82176
58.6000 4 9405.72672
58.7000 4 12551.45472
58.8000 4 12310.28224
58.9000 4 11177.82016
59.0000 4 10548.67456
59.1000 4 12572.42624
59.2000 4 11964.25216
59.3000 4 10108.27264
59.4000 4 12058.624
59.5000 4 11985.22368
59.6000 4 10664.01792
59.7000 4 11062.4768
59.8000 4 9909.0432
59.9000 4 11513.36448
60.0000 4 12845.056
60.1000 4 13956.54656
60.2000 4 13704.88832
60.3000 4 13285.45792
60.4000 4 13788.7744
60.5000 4 14847.83616
60.6000 4 13694.40256
60.7000 4 11020.53376
60.8000 4 11135.87712
60.9000 4 10580.13184
61.0000 4 9196.01152
61.1000 4 12666.79808
61.2000 4 10118.7584
61.3000 4 13212.0576
61.4000 4 10695.4752
61.5000 4 12352.22528
61.6000 4 11995.70944
61.7000 4 11953.7664
61.8000 4 14994.6368
61.9000 4 11785.99424
62.0000 4 10653.53216
62.1000 4 13170.11456
62.2000 4 12173.96736
62.3000 4 11377.0496
62.4000 4 11597.25056
62.5000 4 14344.51968
62.6000 4 12069.10976
62.7000 4 13285.45792
62.8000 4 12949.9136
62.9000 4 14732.4928
63.0000 4 11691.6224
63.1000 4 10108.27264
63.2000 4 11953.7664
63.3000 4 13285.45792
63.4000 4 13128.17152
63.5000 4 8965.3248
63.6000 4 12834.57024
63.7000 4 11051.99104
63.8000 4 12572.42624
63.9000 4 17332.96128
64.0000 4 15854.46912
64.1000 4 11880.36608
64.2000 4 11723.07968
64.3000 4 14145.29024
64.4000 4 14113.83296
64.5000 4 12666.79808
64.6000 4 13736.3456
64.7000 4 9699.328
64.8000 4 11230.24896
64.9000 4 14019.46112
65.0000 4 11953.7664
65.1000 4 12981.37088
65.2000 4 12111.0528
65.3000 4 8629.78048
65.4000 4 16640.90112
65.5000 4 14323.54816
65.6000 4 11806.96576
65.7000 4 12058.624
65.8000 4 11817.45152
65.9000 4 11125.39136
66.0000 4 11135.87712
66.1000 4 9531.55584
66.2000 4 2128.60928
Time 66258 ms
