Will transfer 1000 files
0.1000 4 0.0
0.2000 4 13537.11616
0.3000 4 11649.67936
0.4000 4 10307.50208
0.5000 4 14239.66208
0.6000 4 13421.7728
0.7000 4 10957.6192
0.8000 4 12121.53856
0.9000 4 9405.72672
1.0000 4 13432.25856
1.1000 4 17060.33152
1.2000 4 13579.0592
1.3000 4 10968.10496
1.4000 4 9175.04
1.5000 4 14795.40736
1.6000 4 15875.44064
1.7000 4 19461.57056
1.8000 4 17867.73504
1.9000 4 16693.32992
2.0000 4 13746.83136
2.1000 4 15099.4944
2.2000 4 16284.38528
2.3000 4 19126.02624
2.4000 4 16399.72864
2.5000 4 11943.28064
2.6000 4 18339.59424
2.7000 4 12782.14144
2.8000 4 10338.95936
2.9000 4 12257.85344
3.0000 4 10496.24576
3.1000 4 16693.32992
3.2000 4 14071.88992
3.3000 4 15162.40896
3.4000 4 16871.58784
3.5000 4 13212.0576
3.6000 4 15382.60992
3.7000 4 11502.87872
3.8000 4 12194.93888
3.9000 4 14648.60672
4.0000 4 13516.14464
4.1000 4 12551.45472
4.2000 4 19744.68608
4.3000 4 14816.37888
4.4000 4 17699.96288
4.5000 4 12415.13984
4.6000 4 11649.67936
4.7000 4 9877.58592
4.8000 4 18339.59424
4.9000 4 15539.89632
5.0000 4 18392.02304
5.1000 4 16536.04352
5.2000 4 17846.76352
5.3000 4 12058.624
5.4000 4 13505.65888
5.5000 4 11681.13664
5.6000 4 11020.53376
5.7000 4 14638.12096
5.8000 4 11775.50848
5.9000 4 12666.79808
6.0000 4 13935.57504
6.1000 4 10873.73312
6.2000 4 9080.66816
6.3000 4 13484.68736
6.4000 4 12782.14144
6.5000 4 16043.2128
6.6000 4 12090.08128
6.7000 4 12918.45632
6.8000 4 14218.69056
6.9000 4 9007.26784
7.0000 4 13044.28544
7.1000 4 10024.38656
7.2000 4 19671.28576
7.3000 4 17259.56096
7.4000 4 19377.68448
7.5000 4 17699.96288
7.6000 4 14617.14944
7.7000 4 12509.51168
7.8000 4 12310.28224
7.9000 4 14092.86144
8.0000 4 13841.2032
8.1000 4 11848.9088
8.2000 4 17920.16384
8.3000 4 19377.68448
8.4000 4 19776.14336
8.5000 4 14973.66528
8.6000 4 16525.55776
8.7000 4 16965.95968
8.8000 4 14113.83296
8.9000 4 14585.69216
9.0000 4 18381.53728
9.1000 4 12509.51168
9.2000 4 14522.7776
9.3000 4 16598.95808
9.4000 4 16871.58784
9.5000 4 13631.488
9.6000 4 11901.3376
9.7000 4 12708.74112
9.8000 4 11901.3376
9.9000 4 10653.53216
10.0000 4 13589.54496
10.1000 4 11513.36448
10.2000 4 11135.87712
10.3000 4 14606.66368
10.4000 4 13558.08768
10.5000 4 10590.6176
10.6000 4 11691.6224
10.7000 4 11576.27904
10.8000 4 16913.53088
10.9000 4 15089.00864
11.0000 4 10674.50368
11.1000 4 13180.60032
11.2000 4 13348.37248
11.3000 4 11544.82176
11.4000 4 12603.88352
11.5000 4 12572.42624
11.6000 4 13411.28704
11.7000 4 13778.28864
11.8000 4 16546.52928
11.9000 4 11219.7632
12.0000 4 16263.41376
12.1000 4 13222.54336
12.2000 4 9888.07168
12.3000 4 14522.7776
12.4000 4 12582.912
12.5000 4 14260.6336
12.6000 4 11555.30752
12.7000 4 13579.0592
12.8000 4 13065.25696
12.9000 4 11607.73632
13.0000 4 13631.488
13.1000 4 13411.28704
13.2000 4 13788.7744
13.3000 4 9856.6144
13.4000 4 11072.96256
13.5000 4 13337.88672
13.6000 4 11806.96576
13.7000 4 10349.44512
13.8000 4 13254.00064
13.9000 4 12928.94208
14.0000 4 13883.14624
14.1000 4 15435.03872
14.2000 4 12530.4832
14.3000 4 13946.0608
14.4000 4 14029.94688
14.5000 4 12845.056
14.6000 4 13610.51648
14.7000 4 11303.64928
14.8000 4 13201.57184
14.9000 4 16357.7856
15.0000 4 15151.9232
15.1000 4 17983.0784
15.2000 4 13002.3424
15.3000 4 14071.88992
15.4000 4 11146.36288
15.5000 4 13170.11456
15.6000 4 12226.39616
15.7000 4 14480.83456
15.8000 4 17521.70496
15.9000 4 13379.82976
16.0000 4 18045.99296
16.1000 4 13337.88672
16.2000 4 21495.808
16.3000 4 11261.70624
16.4000 4 13600.03072
16.5000 4 12436.11136
16.6000 4 11597.25056
16.7000 4 11502.87872
16.8000 4 13977.51808
16.9000 4 11586.7648
17.0000 4 14040.43264
17.1000 4 12740.1984
17.2000 4 12866.02752
17.3000 4 11513.36448
17.4000 4 12016.68096
17.5000 4 11219.7632
17.6000 4 14742.97856
17.7000 4 16798.18752
17.8000 4 9814.67136
17.9000 4 13935.57504
18.0000 4 14512.29184
18.1000 4 11460.93568
18.2000 4 11649.67936
18.3000 4 13914.60352
18.4000 4 11890.85184
18.5000 4 13830.71744
18.6000 4 14082.37568
18.7000 4 12289.31072
18.8000 4 11502.87872
18.9000 4 13254.00064
19.0000 4 12918.45632
19.1000 4 13096.71424
19.2000 4 9447.66976
19.3000 4 13138.65728
19.4000 4 11765.02272
19.5000 4 11293.16352
19.6000 4 11691.6224
19.7000 4 12813.59872
19.8000 4 11335.10656
19.9000 4 14218.69056
20.0000 4 15382.60992
20.1000 4 13820.23168
20.2000 4 14826.86464
20.3000 4 11010.048
20.4000 4 11356.07808
20.5000 4 12100.56704
20.6000 4 12614.36928
20.7000 4 14396.94848
20.8000 4 12299.79648
20.9000 4 10171.1872
21.0000 4 13757.31712
21.1000 4 9227.4688
21.2000 4 12761.16992
21.3000 4 12027.16672
21.4000 4 10611.58912
21.5000 4 13526.6304
21.6000 4 12142.51008
21.7000 4 10055.84384
21.8000 4 10538.1888
21.9000 4 10821.30432
22.0000 4 14124.31872
22.1000 4 17259.56096
22.2000 4 15571.3536
22.3000 4 17091.7888
22.4000 4 11188.30592
22.5000 4 12593.39776
22.6000 4 14082.37568
22.7000 4 16682.84416
22.8000 4 14365.4912
22.9000 4 12635.3408
23.0000 4 15749.61152
23.1000 4 12656.31232
23.2000 4 11219.7632
23.3000 4 12813.59872
23.4000 4 14113.83296
23.5000 4 12069.10976
23.6000 4 13358.85824
23.7000 4 12624.85504
23.8000 4 11418.99264
23.9000 4 10622.07488
24.0000 4 13463.71584
24.1000 4 10622.07488
24.2000 4 12729.71264
24.3000 4 13568.57344
24.4000 4 13715.37408
24.5000 4 19786.62912
24.6000 4 13914.60352
24.7000 4 11345.59232
24.8000 4 13673.43104
24.9000 4 12855.54176
25.0000 4 10580.13184
25.1000 4 13170.11456
25.2000 4 9521.07008
25.3000 4 13558.08768
25.4000 4 11240.73472
25.5000 4 10989.07648
25.6000 4 11502.87872
25.7000 4 11387.53536
25.8000 4 9269.41184
25.9000 4 12394.16832
26.0000 4 11911.82336
26.1000 4 13107.2
26.2000 4 9804.1856
26.3000 4 12069.10976
26.4000 4 12247.36768
26.5000 4 13369.344
26.6000 4 11492.39296
26.7000 4 11544.82176
26.8000 4 11010.048
26.9000 4 10758.38976
27.0000 4 11471.42144
27.1000 4 10747.904
27.2000 4 12090.08128
27.3000 4 17878.2208
27.4000 4 14449.37728
27.5000 4 14313.0624
27.6000 4 13725.85984
27.7000 4 10601.10336
27.8000 4 14847.83616
27.9000 4 12205.42464
28.0000 4 8220.83584
28.1000 4 14396.94848
28.2000 4 12404.65408
28.3000 4 10139.72992
28.4000 4 12750.68416
28.5000 4 9846.12864
28.6000 4 13641.97376
28.7000 4 11209.27744
28.8000 4 11366.56384
28.9000 4 14396.94848
29.0000 4 10433.3312
29.1000 4 14984.15104
29.2000 4 16546.52928
29.3000 4 13411.28704
29.4000 4 13872.66048
29.5000 4 10108.27264
29.6000 4 11093.93408
29.7000 4 13295.94368
29.8000 4 10852.7616
29.9000 4 14302.57664
30.0000 4 13201.57184
30.1000 4 14029.94688
30.2000 4 11744.0512
30.3000 4 11324.6208
30.4000 4 14281.60512
30.5000 4 12446.59712
30.6000 4 11838.42304
30.7000 4 13065.25696
30.8000 4 10255.07328
30.9000 4 16242.44224
31.0000 4 16567.5008
31.1000 4 14208.2048
31.2000 4 15361.6384
31.3000 4 14386.46272
31.4000 4 15235.80928
31.5000 4 13411.28704
31.6000 4 13096.71424
31.7000 4 15330.18112
31.8000 4 14795.40736
31.9000 4 13516.14464
32.0000 4 12582.912
32.1000 4 13358.85824
32.2000 4 12666.79808
32.3000 4 9909.0432
32.4000 4 15655.23968
32.5000 4 17007.90272
32.6000 4 12478.0544
32.7000 4 11974.73792
32.8000 4 13138.65728
32.9000 4 11356.07808
33.0000 4 14323.54816
33.1000 4 11135.87712
33.2000 4 10475.27424
33.3000 4 13725.85984
33.4000 4 12886.99904
33.5000 4 15403.58144
33.6000 4 14648.60672
33.7000 4 12656.31232
33.8000 4 14218.69056
33.9000 4 11020.53376
34.0000 4 9678.35648
34.1000 4 13065.25696
34.2000 4 12069.10976
34.3000 4 14061.40416
34.4000 4 13337.88672
34.5000 4 13652.45952
34.6000 4 12582.912
34.7000 4 11649.67936
34.8000 4 15875.44064
34.9000 4 14281.60512
35.0000 4 13820.23168
35.1000 4 13505.65888
35.2000 4 12257.85344
35.3000 4 13558.08768
35.4000 4 12299.79648
35.5000 4 10034.87232
35.6000 4 12635.3408
35.7000 4 12782.14144
35.8000 4 12152.99584
35.9000 4 12645.82656
36.0000 4 12499.02592
36.1000 4 15770.58304
36.2000 4 15728.64
36.3000 4 13610.51648
36.4000 4 12593.39776
36.5000 4 14355.00544
36.6000 4 11953.7664
36.7000 4 14994.6368
36.8000 4 13065.25696
36.9000 4 14334.03392
37.0000 4 18004.04992
37.1000 4 9982.44352
37.2000 4 13600.03072
37.3000 4 10527.70304
37.4000 4 14763.95008
37.5000 4 13694.40256
37.6000 4 13537.11616
37.7000 4 12215.9104
37.8000 4 13390.31552
37.9000 4 14071.88992
38.0000 4 14344.51968
38.1000 4 15026.09408
38.2000 4 10716.44672
38.3000 4 10684.98944
38.4000 4 11188.30592
38.5000 4 11628.70784
38.6000 4 11051.99104
38.7000 4 15015.60832
38.8000 4 13191.08608
38.9000 4 12519.99744
39.0000 4 12813.59872
39.1000 4 14774.43584
39.2000 4 11282.67776
39.3000 4 12687.7696
39.4000 4 14763.95008
39.5000 4 10317.98784
39.6000 4 11460.93568
39.7000 4 13453.23008
39.8000 4 12278.82496
39.9000 4 12289.31072
40.0000 4 10726.93248
40.1000 4 10496.24576
40.2000 4 12729.71264
40.3000 4 13484.68736
40.4000 4 12845.056
40.5000 4 13537.11616
40.6000 4 12173.96736
40.7000 4 12467.56864
40.8000 4 10506.73152
40.9000 4 12761.16992
41.0000 4 11167.3344
41.1000 4 13327.40096
41.2000 4 12069.10976
41.3000 4 14323.54816
41.4000 4 13327.40096
41.5000 4 10653.53216
41.6000 4 12425.6256
41.7000 4 10412.35968
41.8000 4 11188.30592
41.9000 4 13841.2032
42.0000 4 12614.36928
42.1000 4 10643.0464
42.2000 4 12813.59872
42.3000 4 11240.73472
42.4000 4 10653.53216
42.5000 4 11293.16352
42.6000 4 10957.6192
42.7000 4 10695.4752
42.8000 4 13337.88672
42.9000 4 12027.16672
43.0000 4 11901.3376
43.1000 4 11093.93408
43.2000 4 10863.24736
43.3000 4 10653.53216
43.4000 4 11723.07968
43.5000 4 13023.31392
43.6000 4 13191.08608
43.7000 4 12320.768
43.8000 4 14124.31872
43.9000 4 10422.84544
44.0000 4 11303.64928
44.1000 4 11785.99424
44.2000 4 12278.82496
44.3000 4 12194.93888
44.4000 4 11733.56544
44.5000 4 9510.58432
44.6000 4 11744.0512
44.7000 4 14313.0624
44.8000 4 13128.17152
44.9000 4 11859.39456
45.0000 4 11020.53376
45.1000 4 10087.30112
45.2000 4 11964.25216
45.3000 4 9563.01312
45.4000 4 9825.15712
45.5000 4 13159.6288
45.6000 4 14858.32192
45.7000 4 12132.02432
45.8000 4 13495.17312
45.9000 4 9636.41344
46.0000 4 13788.7744
46.1000 4 12582.912
46.2000 4 12310.28224
46.3000 4 17049.84576
46.4000 4 13631.488
46.5000 4 10643.0464
46.6000 4 15497.95328
46.7000 4 12897.4848
46.8000 4 12782.14144
46.9000 4 11576.27904
47.0000 4 10359.93088
47.1000 4 11020.53376
47.2000 4 11901.3376
47.3000 4 13579.0592
47.4000 4 13925.08928
47.5000 4 12949.9136
47.6000 4 12048.13824
47.7000 4 15172.89472
47.8000 4 14763.95008
47.9000 4 12299.79648
48.0000 4 14889.7792
48.1000 4 10433.3312
48.2000 4 12551.45472
48.3000 4 11230.24896
48.4000 4 9216.98304
48.5000 4 15047.0656
48.6000 4 14145.29024
48.7000 4 13526.6304
48.8000 4 11481.9072
48.9000 4 12467.56864
49.0000 4 12540.96896
49.1000 4 8891.92448
49.2000 4 9542.0416
49.3000 4 13379.82976
49.4000 4 10989.07648
49.5000 4 12834.57024
49.6000 4 8912.896
49.7000 4 18412.99456
49.8000 4 14868.80768
49.9000 4 14208.2048
50.0000 4 12519.99744
50.1000 4 13558.08768
50.2000 4 13306.42944
50.3000 4 11282.67776
50.4000 4 13694.40256
50.5000 4 15466.496
50.6000 4 13421.7728
50.7000 4 8587.83744
50.8000 4 11293.16352
50.9000 4 11712.59392
51.0000 4 14889.7792
51.1000 4 14134.80448
51.2000 4 11104.41984
51.3000 4 13117.68576
51.4000 4 13285.45792
51.5000 4 10684.98944
51.6000 4 10150.21568
51.7000 4 11062.4768
51.8000 4 10496.24576
51.9000 4 13474.2016
52.0000 4 9395.24096
52.1000 4 8682.20928
52.2000 4 9531.55584
52.3000 4 12939.42784
52.4000 4 13264.4864
52.5000 4 14449.37728
52.6000 4 11985.22368
52.7000 4 9772.72832
52.8000 4 12750.68416
52.9000 4 13914.60352
53.0000 4 11083.44832
53.1000 4 9636.41344
53.2000 4 11345.59232
53.3000 4 11586.7648
53.4000 4 9332.3264
53.5000 4 11251.22048
53.6000 4 13243.51488
53.7000 4 11670.65088
53.8000 4 13851.68896
53.9000 4 11104.41984
54.0000 4 12551.45472
54.1000 4 13264.4864
54.2000 4 11953.7664
54.3000 4 11806.96576
54.4000 4 13516.14464
54.5000 4 14837.3504
54.6000 4 11429.4784
54.7000 4 11859.39456
54.8000 4 13390.31552
54.9000 4 10192.15872
55.0000 4 12677.28384
55.1000 4 13537.11616
55.2000 4 11953.7664
55.3000 4 11576.27904
55.4000 4 12048.13824
55.5000 4 12205.42464
55.6000 4 11523.85024
55.7000 4 11765.02272
55.8000 4 14491.32032
55.9000 4 15393.09568
56.0000 4 14449.37728
56.1000 4 11712.59392
56.2000 4 14197.71904
56.3000 4 13390.31552
56.4000 4 13254.00064
56.5000 4 13694.40256
56.6000 4 12740.1984
56.7000 4 13044.28544
56.8000 4 12803.11296
56.9000 4 12855.54176
57.0000 4 11377.0496
57.1000 4 13274.97216
57.2000 4 12415.13984
57.3000 4 10590.6176
57.4000 4 14428.40576
57.5000 4 12824.08448
57.6000 4 10622.07488
57.7000 4 14355.00544
57.8000 4 14669.57824
57.9000 4 12205.42464
58.0000 4 12488.54016
58.1000 4 9678.35648
58.2000 4 11523.85024
58.3000 4 14344.51968
58.4000 4 11723.07968
58.5000 4 12016.68096
58.6000 4 12142.51008
58.7000 4 11775.50848
58.8000 4 16955.47392
58.9000 4 10947.13344
59.0000 4 11838.42304
59.1000 4 15151.9232
59.2000 4 11712.59392
59.3000 4 12656.31232
59.4000 4 12478.0544
59.5000 4 10338.95936
59.6000 4 9772.72832
59.7000 4 11806.96576
59.8000 4 11062.4768
59.9000 4 11093.93408
60.0000 4 15560.86784
60.1000 4 15602.81088
60.2000 4 13264.4864
60.3000 4 11314.13504
60.4000 4 12519.99744
60.5000 4 9898.55744
60.6000 4 10821.30432
60.7000 4 10202.64448
60.8000 4 9017.7536
60.9000 4 15372.12416
61.0000 4 9101.63968
61.1000 4 11534.336
61.2000 4 10831.79008
61.3000 4 11324.6208
61.4000 4 16525.55776
61.5000 4 13379.82976
61.6000 4 11387.53536
61.7000 4 14732.4928
61.8000 4 10580.13184
61.9000 4 18475.90912
62.0000 4 12425.6256
62.1000 4 12436.11136
62.2000 4 13295.94368
62.3000 4 12457.08288
62.4000 4 11135.87712
62.5000 4 10915.67616
62.6000 4 11848.9088
62.7000 4 11219.7632
62.8000 4 14470.3488
62.9000 4 12152.99584
63.0000 4 12740.1984
63.1000 4 12048.13824
63.2000 4 12299.79648
63.3000 4 11293.16352
63.4000 4 13180.60032
63.5000 4 11890.85184
63.6000 4 14313.0624
63.7000 4 12289.31072
63.8000 4 13128.17152
63.9000 4 12111.0528
64.0000 4 13988.00384
64.1000 4 13400.80128
64.2000 4 14889.7792
64.3000 4 14407.43424
64.4000 4 12184.45312
64.5000 4 15089.00864
64.6000 4 15099.4944
64.7000 4 10590.6176
64.8000 4 13547.60192
64.9000 4 9688.84224
65.0000 4 2411.7248
Time 65050 ms
