1 4 0.0
2 4 9219.0
3 4 9412.0
4 4 9409.0
5 4 8302.0
6 4 9468.0
7 4 9248.0
8 4 9429.0
9 4 9196.0
10 4 7297.0
11 4 9422.0
12 4 9430.0
13 4 9368.0
14 4 6929.0
15 4 9183.0
16 4 9398.0
17 4 9107.0
18 4 7194.0
19 4 9401.0
20 4 9356.0
21 4 9407.0
22 4 6775.0
23 4 9388.0
24 4 9361.0
25 4 9436.0
26 4 9263.0
27 4 8002.0
28 4 9374.0
29 4 9431.0
30 4 9399.0
31 4 9387.0
32 4 8471.0
33 4 9030.0
34 4 7070.0
35 4 9387.0
36 4 9431.0
37 4 9401.0
38 4 9381.0
39 4 8878.0
40 4 9401.0
41 4 9414.0
42 4 9394.0
43 4 9425.0
44 4 9404.0
45 4 9399.0
46 4 9360.0
47 4 4370.0
48 4 8714.0
49 4 9397.0
50 4 9414.0
51 4 6938.0
52 4 6208.0
53 4 9410.0
54 4 9405.0
55 4 5835.0
56 4 9207.0
57 4 9385.0
58 4 9414.0
59 4 8794.0
60 4 8132.0
61 4 9471.0
62 4 9407.0
63 4 8433.0
64 4 9348.0
65 4 9399.0
66 4 8830.0
67 4 8266.0
68 4 9415.0
69 4 5844.0
70 4 9415.0
71 4 9406.0
72 4 9409.0
73 4 9427.0
74 4 9016.0
75 4 7615.0
76 4 7918.0
77 4 9347.0
78 4 8944.0
79 4 3269.0
80 4 9218.0
81 4 9398.0
82 4 9407.0
83 4 6674.0
84 4 5792.0
85 4 9410.0
86 4 9405.0
87 4 6636.0
88 4 7451.0
89 4 9368.0
90 4 9441.0
91 4 9145.0
92 4 9440.0
93 4 9391.0
94 4 9420.0
95 4 6566.0
