1 4 0.0
2 4 9180.0
3 4 9417.0
4 4 9400.0
5 4 5976.0
6 4 8586.0
7 4 9413.0
8 4 9397.0
9 4 7885.0
10 4 8393.0
11 4 9421.0
12 4 9406.0
13 4 8320.0
14 4 7051.0
15 4 9463.0
16 4 9384.0
17 4 7868.0
18 4 7667.0
19 4 6477.0
20 4 9476.0
21 4 9401.0
22 4 8402.0
23 4 8984.0
24 4 9417.0
25 4 9402.0
26 4 9392.0
27 4 9426.0
28 4 9385.0
29 4 9378.0
30 4 9470.0
31 4 9407.0
32 4 9411.0
33 4 9387.0
34 4 8693.0
35 4 8735.0
36 4 9401.0
37 4 7806.0
38 4 9401.0
39 4 9420.0
40 4 9046.0
41 4 2721.0
42 4 9435.0
43 4 9402.0
44 4 9413.0
45 4 9398.0
46 4 9316.0
47 4 8730.0
48 4 9396.0
49 4 9374.0
50 4 9431.0
51 4 9403.0
52 4 9336.0
53 4 7534.0
54 4 7808.0
55 4 9385.0
56 4 9419.0
57 4 9389.0
58 4 9410.0
59 4 9406.0
60 4 9179.0
61 4 5443.0
62 4 9352.0
63 4 8801.0
64 4 9310.0
65 4 6237.0
66 4 8011.0
67 4 9409.0
68 4 9376.0
69 4 3293.0
70 4 7888.0
71 4 9420.0
72 4 9402.0
73 4 6636.0
74 4 9400.0
75 4 9398.0
76 4 9419.0
77 4 8821.0
78 4 9414.0
79 4 9422.0
80 4 8216.0
81 4 8743.0
82 4 9394.0
83 4 9417.0
84 4 6832.0
85 4 9412.0
86 4 9408.0
87 4 9389.0
88 4 5562.0
89 4 4750.0
90 4 9391.0
91 4 9416.0
92 4 8737.0
93 4 9396.0
94 4 7591.0
95 4 6010.0
96 4 6413.0
