1 4 0.0
2 4 7947.0
3 4 9388.0
4 4 9380.0
5 4 8585.0
6 4 9471.0
7 4 8642.0
8 4 8520.0
9 4 8870.0
10 4 4652.0
11 4 9409.0
12 4 9409.0
13 4 5637.0
14 4 8232.0
15 4 9405.0
16 4 9408.0
17 4 6256.0
18 4 9475.0
19 4 9398.0
20 4 9412.0
21 4 7573.0
22 4 9404.0
23 4 9406.0
24 4 8972.0
25 4 7024.0
26 4 9412.0
27 4 9408.0
28 4 7196.0
29 4 3126.0
30 4 9414.0
31 4 9407.0
32 4 9351.0
33 4 8178.0
34 4 9410.0
35 4 9414.0
36 4 7719.0
37 4 4737.0
38 4 9417.0
39 4 9414.0
40 4 9345.0
41 4 8735.0
42 4 9424.0
43 4 9391.0
44 4 8941.0
45 4 5705.0
46 4 9412.0
47 4 9412.0
48 4 4652.0
49 4 8498.0
50 4 9415.0
51 4 9403.0
52 4 5978.0
53 4 9430.0
54 4 9408.0
55 4 9423.0
56 4 6219.0
57 4 9408.0
58 4 9388.0
59 4 9432.0
60 4 6862.0
61 4 6671.0
62 4 9415.0
63 4 9375.0
64 4 6253.0
65 4 9404.0
66 4 9304.0
67 4 8755.0
68 4 7621.0
69 4 9070.0
70 4 9425.0
71 4 8376.0
72 4 4139.0
73 4 9413.0
74 4 9410.0
75 4 9330.0
76 4 9186.0
77 4 9412.0
78 4 9409.0
79 4 9191.0
80 4 9398.0
81 4 9431.0
82 4 9376.0
83 4 7385.0
84 4 9413.0
85 4 9407.0
86 4 7974.0
87 4 8885.0
88 4 9408.0
89 4 9414.0
90 4 6135.0
91 4 9402.0
92 4 9415.0
93 4 9404.0
94 4 8323.0
95 4 9412.0
96 4 9426.0
97 4 6792.0
