1 4 0.0
2 4 8216.0
3 4 9423.0
4 4 9395.0
5 4 8918.0
6 4 9460.0
7 4 9418.0
8 4 9382.0
9 4 6500.0
10 4 9093.0
11 4 9402.0
12 4 9372.0
13 4 8944.0
14 4 9405.0
15 4 9374.0
16 4 8857.0
17 4 9372.0
18 4 9423.0
19 4 9380.0
20 4 8541.0
21 4 9422.0
22 4 9419.0
23 4 6989.0
24 4 9456.0
25 4 9412.0
26 4 9408.0
27 4 9177.0
28 4 9413.0
29 4 9417.0
30 4 9233.0
31 4 9447.0
32 4 9412.0
33 4 9413.0
34 4 8680.0
35 4 9415.0
36 4 6259.0
37 4 9419.0
38 4 3773.0
39 4 9165.0
40 4 9408.0
41 4 9402.0
42 4 9414.0
43 4 9316.0
44 4 9154.0
45 4 9405.0
46 4 9009.0
47 4 7445.0
48 4 8452.0
49 4 9415.0
50 4 9310.0
51 4 6082.0
52 4 9398.0
53 4 9421.0
54 4 8665.0
55 4 4912.0
56 4 9395.0
57 4 9426.0
58 4 9405.0
59 4 9406.0
60 4 9404.0
61 4 9404.0
62 4 9383.0
63 4 9414.0
64 4 9383.0
65 4 5147.0
66 4 9412.0
67 4 9404.0
68 4 8876.0
69 4 9442.0
70 4 9387.0
71 4 9436.0
72 4 6275.0
73 4 9409.0
74 4 9410.0
75 4 9395.0
76 4 8491.0
77 4 9347.0
78 4 9202.0
79 4 9398.0
80 4 9402.0
81 4 8566.0
82 4 9448.0
83 4 9052.0
84 4 6631.0
85 4 9381.0
86 4 9396.0
87 4 7532.0
88 4 800.0
89 4 8398.0
90 4 9420.0
91 4 9392.0
92 4 5743.0
93 4 9391.0
94 4 9420.0
95 4 3872.0
