1 4 0.0
2 4 8399.0
3 4 9404.0
4 4 9398.0
5 4 8580.0
6 4 6976.0
7 4 9287.0
8 4 9399.0
9 4 8827.0
10 4 6141.0
11 4 9414.0
12 4 9406.0
13 4 4279.0
14 4 9071.0
15 4 9415.0
16 4 9412.0
17 4 6212.0
18 4 9434.0
19 4 9412.0
20 4 9415.0
21 4 7794.0
22 4 8272.0
23 4 8709.0
24 4 9350.0
25 4 7305.0
26 4 6657.0
27 4 9418.0
28 4 9332.0
29 4 3828.0
30 4 9408.0
31 4 9407.0
32 4 9413.0
33 4 3390.0
34 4 9463.0
35 4 9408.0
36 4 9385.0
37 4 6862.0
38 4 8398.0
39 4 9399.0
40 4 9407.0
41 4 8363.0
42 4 9401.0
43 4 9402.0
44 4 7846.0
45 4 8834.0
46 4 9400.0
47 4 9412.0
48 4 7414.0
49 4 9056.0
50 4 8566.0
51 4 9408.0
52 4 3578.0
53 4 8739.0
54 4 9414.0
55 4 9394.0
56 4 9096.0
57 4 9420.0
58 4 9403.0
59 4 9381.0
60 4 8139.0
61 4 9397.0
62 4 9408.0
63 4 8676.0
64 4 9405.0
65 4 8860.0
66 4 9435.0
67 4 8021.0
68 4 6420.0
69 4 9403.0
70 4 9388.0
71 4 9428.0
72 4 9039.0
73 4 7966.0
74 4 9383.0
75 4 9410.0
76 4 9417.0
77 4 9397.0
78 4 9042.0
79 4 9388.0
80 4 8602.0
81 4 9403.0
82 4 8949.0
83 4 4954.0
84 4 8284.0
85 4 9426.0
86 4 9396.0
87 4 7972.0
88 4 7901.0
89 4 9409.0
90 4 9416.0
91 4 9033.0
92 4 9403.0
93 4 9382.0
94 4 9416.0
95 4 8063.0
96 4 8892.0
