0.1000 1 0.0
0.2000 1 293.60128
0.3000 1 6448.7424
0.4000 1 6543.11424
0.5000 1 6511.65696
0.6000 1 6595.54304
0.7000 1 6627.00032
0.8000 1 6606.0288
0.9000 1 6501.1712
1.0000 1 6553.6
1.1000 1 6543.11424
1.2000 1 6543.11424
1.3000 1 6501.1712
1.4000 1 6616.51456
1.5000 1 3318.74304
1.6000 1 0.0
1.7000 1 0.0
1.8000 1 2852.12672
1.9000 1 8923.38176
2.0000 1 8776.58112
2.1000 1 8703.1808
2.2000 1 8724.15232
2.3000 1 8556.38016
2.4000 1 8671.72352
2.5000 1 8787.06688
2.6000 1 8755.6096
2.7000 1 8792.30976
2.8000 1 325.05856
2.9000 1 0.0
3.0000 1 0.0
3.1000 1 7266.63168
3.2000 1 8902.41024
3.3000 1 8745.12384
3.4000 1 8650.752
3.5000 1 8713.66656
3.6000 1 8755.6096
3.7000 1 8703.1808
3.8000 1 8818.52416
3.9000 1 8766.09536
4.0000 1 4493.14816
4.1000 1 0.0
4.2000 1 0.0
4.3000 1 2212.49536
4.4000 1 8524.92288
4.5000 1 8503.95136
4.6000 1 8524.92288
4.7000 1 8577.35168
4.8000 1 8598.3232
4.9000 1 8671.72352
5.0000 1 8713.66656
5.1000 1 8682.20928
5.2000 1 8692.69504
5.3000 1 2070.9376
5.4000 1 0.0
5.5000 1 0.0
5.6000 1 4718.592
5.7000 1 8829.00992
5.8000 1 8787.06688
5.9000 1 8724.15232
6.0000 1 8713.66656
6.1000 1 8629.78048
6.2000 1 8703.1808
6.3000 1 8640.26624
6.4000 1 8724.15232
6.5000 1 7250.90304
6.6000 1 0.0
6.7000 1 0.0
6.8000 1 0.0
6.9000 1 5494.53824
7.0000 1 6385.82784
7.1000 1 6417.28512
7.2000 1 6501.1712
7.3000 1 6375.34208
7.4000 1 6501.1712
7.5000 1 7570.71872
7.6000 1 8514.43712
7.7000 1 8608.80896
7.8000 1 8556.38016
7.9000 1 8619.29472
8.0000 1 2112.88064
8.1000 1 0.0
8.2000 1 0.0
8.3000 1 4875.8784
8.4000 1 8776.58112
8.5000 1 8881.43872
8.6000 1 8849.98144
8.7000 1 8703.1808
8.8000 1 8713.66656
8.9000 1 8766.09536
9.0000 1 8724.15232
9.1000 1 8734.63808
9.2000 1 6695.15776
9.3000 1 0.0
9.4000 1 0.0
9.5000 1 492.83072
9.6000 1 8577.35168
9.7000 1 8682.20928
9.8000 1 8703.1808
9.9000 1 8776.58112
10.0000 1 8724.15232
10.1000 1 8745.12384
10.2000 1 8797.55264
10.3000 1 8724.15232
10.4000 1 8787.06688
10.5000 1 2825.91232
10.6000 1 0.0
10.7000 1 0.0
10.8000 1 3890.21696
10.9000 1 8556.38016
11.0000 1 8524.92288
11.1000 1 8399.09376
11.2000 1 8482.97984
11.3000 1 8482.97984
11.4000 1 8682.20928
11.5000 1 8703.1808
11.6000 1 8755.6096
11.7000 1 8760.85248
11.8000 1 398.45888
11.9000 1 0.0
12.0000 1 0.0
12.1000 1 6710.8864
12.2000 1 8923.38176
12.3000 1 8902.41024
12.4000 1 8776.58112
12.5000 1 8703.1808
12.6000 1 8755.6096
12.7000 1 8650.752
12.8000 1 8713.66656
12.9000 1 8776.58112
13.0000 1 4839.17824
13.1000 1 0.0
13.2000 1 0.0
13.3000 1 2202.0096
13.4000 1 8514.43712
13.5000 1 8619.29472
13.6000 1 8587.83744
13.7000 1 8629.78048
13.8000 1 8661.23776
13.9000 1 8713.66656
14.0000 1 8734.63808
14.1000 1 8766.09536
14.2000 1 8787.06688
14.3000 1 1609.56416
14.4000 1 0.0
14.5000 1 0.0
14.6000 1 3533.70112
14.7000 1 6322.91328
14.8000 1 6343.8848
14.9000 1 6952.05888
15.0000 1 8776.58112
15.1000 1 8640.26624
15.2000 1 8608.80896
15.3000 1 8640.26624
15.4000 1 8682.20928
15.5000 1 8640.26624
15.6000 1 6590.30016
15.7000 1 0.0
15.8000 1 0.0
15.9000 1 0.0
16.0000 1 8000.63488
16.1000 1 8724.15232
16.2000 1 10255.07328
16.3000 1 8745.12384
16.4000 1 8577.35168
16.5000 1 8514.43712
16.6000 1 8545.8944
16.7000 1 8671.72352
16.8000 1 8661.23776
16.9000 1 2878.34112
17.0000 1 73.40032
17.1000 1 62.91456
17.2000 1 52.4288
17.3000 1 9017.7536
17.4000 1 7224.68864
17.5000 1 9479.12704
17.6000 1 8514.43712
17.7000 1 8462.00832
17.8000 1 8336.1792
17.9000 1 9049.21088
18.0000 1 8556.38016
18.1000 1 8650.752
18.2000 1 6516.89984
18.3000 1 0.0
18.4000 1 0.0
18.5000 1 125.82912
18.6000 1 8524.92288
18.7000 1 8692.69504
18.8000 1 5798.62528
18.9000 1 10433.3312
19.0000 1 8482.97984
19.1000 1 13348.37248
19.2000 1 8011.12064
19.3000 1 8954.83904
19.4000 1 8582.59456
19.5000 1 838.8608
19.6000 1 62.91456
19.7000 1 0.0
19.8000 1 5085.5936
19.9000 1 8503.95136
20.0000 1 8629.78048
20.1000 1 10989.07648
20.2000 1 8357.15072
20.3000 1 8462.00832
20.4000 1 8420.06528
20.5000 1 8503.95136
20.6000 1 8441.0368
20.7000 1 6338.64192
20.8000 1 0.0
20.9000 1 0.0
21.0000 1 1782.5792
21.1000 1 8734.63808
21.2000 1 8829.00992
21.3000 1 8703.1808
21.4000 1 8587.83744
21.5000 1 8566.86592
21.6000 1 8619.29472
21.7000 1 8587.83744
21.8000 1 8598.3232
21.9000 1 8624.5376
22.0000 1 2086.66624
22.1000 1 0.0
22.2000 1 0.0
22.3000 1 4078.96064
22.4000 1 8482.97984
22.5000 1 8441.0368
22.6000 1 8388.608
22.7000 1 8367.63648
22.8000 1 8441.0368
22.9000 1 8430.55104
23.0000 1 8556.38016
23.1000 1 8545.8944
23.2000 1 8645.50912
23.3000 1 1352.66304
23.4000 1 0.0
23.5000 1 0.0
23.6000 1 5096.07936
23.7000 1 8713.66656
23.8000 1 8734.63808
23.9000 1 8629.78048
24.0000 1 8650.752
24.1000 1 8587.83744
24.2000 1 8598.3232
24.3000 1 8566.86592
24.4000 1 8640.26624
24.5000 1 7586.44736
24.6000 1 0.0
24.7000 1 0.0
24.8000 1 0.0
24.9000 1 7570.71872
25.0000 1 8755.6096
25.1000 1 8776.58112
25.2000 1 8671.72352
25.3000 1 8545.8944
25.4000 1 8566.86592
25.5000 1 8535.40864
25.6000 1 8608.80896
25.7000 1 8545.8944
25.8000 1 5269.0944
25.9000 1 0.0
26.0000 1 0.0
26.1000 1 440.40192
26.2000 1 4959.76448
26.3000 1 6868.1728
26.4000 1 10297.01632
26.5000 1 8399.09376
26.6000 1 8514.43712
26.7000 1 8472.49408
26.8000 1 8524.92288
26.9000 1 8472.49408
27.0000 1 8493.4656
27.1000 1 8320.45056
27.2000 1 0.0
27.3000 1 0.0
27.4000 1 0.0
27.5000 1 6994.00192
27.6000 1 8755.6096
27.7000 1 8776.58112
27.8000 1 8692.69504
27.9000 1 8545.8944
28.0000 1 8514.43712
28.1000 1 8535.40864
28.2000 1 8514.43712
28.3000 1 8566.86592
28.4000 1 5919.21152
28.5000 1 0.0
28.6000 1 0.0
28.7000 1 849.34656
28.8000 1 8378.12224
28.9000 1 8430.55104
29.0000 1 8388.608
29.1000 1 8346.66496
29.2000 1 8524.92288
29.3000 1 8524.92288
29.4000 1 8587.83744
29.5000 1 8556.38016
29.6000 1 8566.86592
29.7000 1 4744.8064
29.8000 1 0.0
29.9000 1 0.0
30.0000 1 1363.1488
30.1000 1 8545.8944
30.2000 1 8629.78048
30.3000 1 8629.78048
30.4000 1 8587.83744
30.5000 1 8577.35168
30.6000 1 8472.49408
30.7000 1 8493.4656
30.8000 1 8556.38016
30.9000 1 8524.92288
31.0000 1 3318.74304
31.1000 1 52.4288
31.2000 1 0.0
31.3000 1 3732.93056
31.4000 1 8703.1808
31.5000 1 8619.29472
31.6000 1 8587.83744
31.7000 1 8545.8944
31.8000 1 8619.29472
31.9000 1 8629.78048
32.0000 1 8577.35168
32.1000 1 8577.35168
32.2000 1 8614.05184
32.3000 1 566.23104
32.4000 1 0.0
32.5000 1 0.0
32.6000 1 6081.7408
32.7000 1 8661.23776
32.8000 1 8556.38016
32.9000 1 8503.95136
33.0000 1 8556.38016
33.1000 1 8482.97984
33.2000 1 8545.8944
33.3000 1 8587.83744
33.4000 1 8514.43712
33.5000 1 7376.73216
33.6000 1 0.0
33.7000 1 0.0
33.8000 1 0.0
33.9000 1 6616.51456
34.0000 1 8661.23776
34.1000 1 8661.23776
34.2000 1 8860.4672
34.3000 1 8493.4656
34.4000 1 8535.40864
34.5000 1 8566.86592
34.6000 1 8524.92288
34.7000 1 8556.38016
34.8000 1 6401.55648
34.9000 1 0.0
35.0000 1 0.0
35.1000 1 734.0032
35.2000 1 6532.62848
35.3000 1 6543.11424
35.4000 1 6501.1712
35.5000 1 6574.57152
35.6000 1 6543.11424
35.7000 1 6606.0288
35.8000 1 6564.08576
35.9000 1 6501.1712
36.0000 1 6522.14272
36.1000 1 6585.05728
36.2000 1 6532.62848
36.3000 1 4907.33568
36.4000 1 1798.30784
36.5000 1 0.0
36.6000 1 73.40032
36.7000 1 5001.70752
36.8000 1 9154.06848
36.9000 1 8535.40864
37.0000 1 8524.92288
37.1000 1 8535.40864
37.2000 1 8587.83744
37.3000 1 8556.38016
37.4000 1 8556.38016
37.5000 1 8524.92288
37.6000 1 8582.59456
37.7000 1 1478.49216
37.8000 1 83.88608
37.9000 1 0.0
38.0000 1 5368.70912
38.1000 1 8671.72352
38.2000 1 8734.63808
38.3000 1 8545.8944
38.4000 1 8545.8944
38.5000 1 8556.38016
38.6000 1 8566.86592
38.7000 1 8577.35168
38.8000 1 8587.83744
38.9000 1 7670.33344
39.0000 1 0.0
39.1000 1 0.0
39.2000 1 0.0
39.3000 1 7235.1744
39.4000 1 8482.97984
39.5000 1 8713.66656
39.6000 1 8535.40864
39.7000 1 8535.40864
39.8000 1 8451.52256
39.9000 1 8556.38016
40.0000 1 8503.95136
40.1000 1 8514.43712
40.2000 1 6244.27008
40.3000 1 0.0
40.4000 1 0.0
40.5000 1 723.51744
40.6000 1 8388.608
40.7000 1 8608.80896
40.8000 1 8556.38016
40.9000 1 8441.0368
41.0000 1 8556.38016
41.1000 1 8587.83744
41.2000 1 8514.43712
41.3000 1 8535.40864
41.4000 1 12902.72768
41.5000 1 0.0
41.6000 1 0.0
41.7000 1 1688.20736
41.8000 1 8535.40864
41.9000 1 8556.38016
42.0000 1 8441.0368
42.1000 1 8409.57952
42.2000 1 8430.55104
42.3000 1 8315.20768
42.4000 1 8640.26624
42.5000 1 8514.43712
42.6000 1 8577.35168
42.7000 1 3748.6592
42.8000 1 0.0
42.9000 1 0.0
43.0000 1 0.0
43.1000 1 0.0
43.2000 1 0.0
43.3000 1 8808.0384
43.4000 1 7486.83264
43.5000 1 11775.50848
43.6000 1 10150.21568
43.7000 1 9888.07168
43.8000 1 8849.98144
43.9000 1 8566.86592
44.0000 1 8797.55264
44.1000 1 9117.36832
44.2000 1 4267.70432
44.3000 1 0.0
44.4000 1 0.0
44.5000 1 3009.41312
44.6000 1 8787.06688
44.7000 1 8787.06688
44.8000 1 7874.80576
44.9000 1 9646.8992
45.0000 1 8692.69504
45.1000 1 8755.6096
45.2000 1 8724.15232
45.3000 1 8818.52416
45.4000 1 8708.42368
45.5000 1 0.0
45.6000 1 0.0
45.7000 1 0.0
45.8000 1 5200.93696
45.9000 1 6532.62848
46.0000 1 6637.48608
46.1000 1 6574.57152
46.2000 1 6501.1712
46.3000 1 6553.6
46.4000 1 6952.05888
46.5000 1 8745.12384
46.6000 1 8671.72352
46.7000 1 8776.58112
46.8000 1 8676.9664
46.9000 1 2065.69472
47.0000 1 62.91456
47.1000 1 0.0
47.2000 1 4330.61888
47.3000 1 8629.78048
47.4000 1 8734.63808
47.5000 1 14596.17792
47.6000 1 8640.26624
47.7000 1 7958.69184
47.8000 1 9426.69824
47.9000 1 8870.95296
48.0000 1 8687.45216
48.1000 1 1814.03648
48.2000 1 0.0
48.3000 1 0.0
48.4000 1 4865.39264
48.5000 1 8503.95136
48.6000 1 8577.35168
48.7000 1 8692.69504
48.8000 1 8462.00832
48.9000 1 8629.78048
49.0000 1 8682.20928
49.1000 1 8797.55264
49.2000 1 8687.45216
49.3000 1 8053.06368
49.4000 1 0.0
49.5000 1 0.0
49.6000 1 0.0
49.7000 1 7161.77408
49.8000 1 8608.80896
49.9000 1 8503.95136
50.0000 1 8671.72352
50.1000 1 8587.83744
50.2000 1 8619.29472
50.3000 1 8692.69504
50.4000 1 8797.55264
50.5000 1 8676.9664
50.6000 1 5463.08096
50.7000 1 52.4288
50.8000 1 0.0
50.9000 1 1509.94944
51.0000 1 8661.23776
51.1000 1 8912.896
51.2000 1 8829.00992
51.3000 1 8692.69504
51.4000 1 8724.15232
51.5000 1 8755.6096
51.6000 1 8692.69504
51.7000 1 8713.66656
51.8000 1 8708.42368
51.9000 1 1447.03488
52.0000 1 73.40032
52.1000 1 73.40032
52.2000 1 4603.24864
52.3000 1 8650.752
52.4000 1 8870.95296
52.5000 1 8849.98144
52.6000 1 8587.83744
52.7000 1 8692.69504
52.8000 1 8713.66656
52.9000 1 8650.752
53.0000 1 8739.88096
53.1000 1 7371.48928
53.2000 1 0.0
53.3000 1 52.4288
53.4000 1 0.0
53.5000 1 7927.23456
53.6000 1 8829.00992
53.7000 1 8745.12384
53.8000 1 8608.80896
53.9000 1 8514.43712
54.0000 1 8734.63808
54.1000 1 8766.09536
54.2000 1 8766.09536
54.3000 1 8645.50912
54.4000 1 4676.64896
54.5000 1 0.0
54.6000 1 188.74368
54.7000 1 1635.77856
54.8000 1 8912.896
54.9000 1 8965.3248
55.0000 1 9028.23936
55.1000 1 8745.12384
55.2000 1 8860.4672
55.3000 1 8692.69504
55.4000 1 8766.09536
55.5000 1 8703.1808
55.6000 1 8834.2528
55.7000 1 408.94464
55.8000 1 178.25792
55.9000 1 0.0
56.0000 1 5851.05408
56.1000 1 8566.86592
56.2000 1 8776.58112
56.3000 1 8608.80896
56.4000 1 8472.49408
56.5000 1 8661.23776
56.6000 1 8776.58112
56.7000 1 8640.26624
56.8000 1 8561.62304
56.9000 1 6731.85792
57.0000 1 178.25792
57.1000 1 0.0
57.2000 1 178.25792
57.3000 1 8294.23616
57.4000 1 8891.92448
57.5000 1 8734.63808
57.6000 1 8598.3232
57.7000 1 8829.00992
57.8000 1 8598.3232
57.9000 1 8713.66656
58.0000 1 8640.26624
58.1000 1 8802.79552
58.2000 1 3575.64416
58.3000 1 0.0
58.4000 1 0.0
58.5000 1 3554.67264
58.6000 1 8556.38016
58.7000 1 8598.3232
58.8000 1 8849.98144
58.9000 1 8766.09536
59.0000 1 8734.63808
59.1000 1 8745.12384
59.2000 1 8766.09536
59.3000 1 8802.79552
59.4000 1 8514.43712
59.5000 1 0.0
59.6000 1 0.0
59.7000 1 0.0
59.8000 1 6553.6
59.9000 1 8671.72352
60.0000 1 8776.58112
60.1000 1 8545.8944
60.2000 1 8650.752
60.3000 1 8587.83744
60.4000 1 8566.86592
60.5000 1 8671.72352
60.6000 1 6024.06912
