0.1000 1 0.0
0.2000 1 94.37184
0.3000 1 9751.7568
0.4000 1 8577.35168
0.5000 1 8524.92288
0.6000 1 8577.35168
0.7000 1 8545.8944
0.8000 1 8545.8944
0.9000 1 8587.83744
1.0000 1 8493.4656
1.1000 1 8409.57952
1.2000 1 5122.29376
1.3000 1 73.40032
1.4000 1 0.0
1.5000 1 0.0
1.6000 1 6490.68544
1.7000 1 8378.12224
1.8000 1 8493.4656
1.9000 1 8587.83744
2.0000 1 8598.3232
2.1000 1 8514.43712
2.2000 1 8493.4656
2.3000 1 8336.1792
2.4000 1 7832.86272
2.5000 1 7984.90624
2.6000 1 0.0
2.7000 1 0.0
2.8000 1 0.0
2.9000 1 4330.61888
3.0000 1 8524.92288
3.1000 1 8577.35168
3.2000 1 8556.38016
3.3000 1 8566.86592
3.4000 1 8503.95136
3.5000 1 8566.86592
3.6000 1 8598.3232
3.7000 1 8451.52256
3.8000 1 8393.85088
3.9000 1 566.23104
4.0000 1 0.0
4.1000 1 0.0
4.2000 1 2128.60928
4.3000 1 8283.7504
4.4000 1 8231.3216
4.5000 1 8231.3216
4.6000 1 8283.7504
4.7000 1 8304.72192
4.8000 1 8378.12224
4.9000 1 8409.57952
5.0000 1 8315.20768
5.1000 1 8294.23616
5.2000 1 4912.57856
5.3000 1 73.40032
5.4000 1 0.0
5.5000 1 0.0
5.6000 1 6773.80096
5.7000 1 8357.15072
5.8000 1 8409.57952
5.9000 1 8451.52256
6.0000 1 8462.00832
6.1000 1 8524.92288
6.2000 1 8462.00832
6.3000 1 8451.52256
6.4000 1 8283.7504
6.5000 1 7523.5328
6.6000 1 0.0
6.7000 1 73.40032
6.8000 1 0.0
6.9000 1 3974.10304
7.0000 1 8472.49408
7.1000 1 8378.12224
7.2000 1 8535.40864
7.3000 1 8566.86592
7.4000 1 8566.86592
7.5000 1 8577.35168
7.6000 1 8514.43712
7.7000 1 8388.608
7.8000 1 8425.30816
7.9000 1 1373.63456
8.0000 1 0.0
8.1000 1 0.0
8.2000 1 2610.95424
8.3000 1 8357.15072
8.4000 1 8346.66496
8.5000 1 8441.0368
8.6000 1 8556.38016
8.7000 1 8535.40864
8.8000 1 8472.49408
8.9000 1 8357.15072
9.0000 1 8388.608
9.1000 1 8283.7504
9.2000 1 3360.68608
9.3000 1 0.0
9.4000 1 0.0
9.5000 1 0.0
9.6000 1 8157.92128
9.7000 1 7371.48928
9.8000 1 8493.4656
9.9000 1 8472.49408
10.0000 1 8556.38016
10.1000 1 8472.49408
10.2000 1 8409.57952
10.3000 1 8241.80736
10.4000 1 8378.12224
10.5000 1 7240.41728
10.6000 1 73.40032
10.7000 1 0.0
10.8000 1 440.40192
10.9000 1 8451.52256
11.0000 1 8482.97984
11.1000 1 8493.4656
11.2000 1 8545.8944
11.3000 1 8482.97984
11.4000 1 8566.86592
11.5000 1 8378.12224
11.6000 1 8294.23616
11.7000 1 8262.77888
11.8000 1 5174.72256
11.9000 1 0.0
12.0000 1 0.0
12.1000 1 0.0
12.2000 1 6868.1728
12.3000 1 8430.55104
12.4000 1 8514.43712
12.5000 1 8472.49408
12.6000 1 8514.43712
12.7000 1 8545.8944
12.8000 1 8451.52256
12.9000 1 8420.06528
13.0000 1 8315.20768
13.1000 1 7208.96
13.2000 1 0.0
13.3000 1 0.0
13.4000 1 0.0
13.5000 1 4875.8784
13.6000 1 8315.20768
13.7000 1 8420.06528
13.8000 1 8472.49408
13.9000 1 8535.40864
14.0000 1 8566.86592
14.1000 1 8451.52256
14.2000 1 8388.608
14.3000 1 8367.63648
14.4000 1 8330.93632
14.5000 1 1017.11872
14.6000 1 0.0
14.7000 1 0.0
14.8000 1 2726.2976
14.9000 1 8409.57952
15.0000 1 8399.09376
15.1000 1 8503.95136
15.2000 1 8493.4656
15.3000 1 6836.71552
15.4000 1 9017.7536
15.5000 1 7612.66176
15.6000 1 7707.0336
15.7000 1 7748.97664
15.8000 1 6275.72736
15.9000 1 73.40032
16.0000 1 0.0
16.1000 1 0.0
16.2000 1 4404.0192
16.3000 1 8346.66496
16.4000 1 8409.57952
16.5000 1 8315.20768
16.6000 1 8378.12224
16.7000 1 8399.09376
16.8000 1 8367.63648
16.9000 1 8399.09376
17.0000 1 8231.3216
17.1000 1 8346.66496
17.2000 1 2133.85216
17.3000 1 0.0
17.4000 1 0.0
17.5000 1 1698.69312
17.6000 1 8503.95136
17.7000 1 8241.80736
17.8000 1 7256.14592
17.9000 1 7266.63168
18.0000 1 7014.97344
18.1000 1 7182.7456
18.2000 1 7581.20448
18.3000 1 7340.032
18.4000 1 7193.23136
18.5000 1 7098.85952
18.6000 1 4094.68928
18.7000 1 0.0
18.8000 1 62.91456
18.9000 1 83.88608
19.0000 1 6878.65856
19.1000 1 7497.3184
19.2000 1 7549.7472
19.3000 1 7455.37536
19.4000 1 7434.40384
19.5000 1 7455.37536
19.6000 1 7486.83264
19.7000 1 7361.00352
19.8000 1 7476.34688
19.9000 1 7539.26144
20.0000 1 7387.21792
20.1000 1 10.48576
20.2000 1 62.91456
20.3000 1 73.40032
20.4000 1 2600.46848
20.5000 1 7329.54624
20.6000 1 7298.08896
20.7000 1 7549.7472
20.8000 1 8011.12064
20.9000 1 8105.49248
21.0000 1 7602.176
21.1000 1 7402.94656
21.2000 1 7392.4608
21.3000 1 7402.94656
21.4000 1 7486.83264
21.5000 1 3465.54368
21.6000 1 73.40032
21.7000 1 0.0
21.8000 1 73.40032
21.9000 1 4676.64896
22.0000 1 7340.032
22.1000 1 7465.86112
22.2000 1 7476.34688
22.3000 1 7549.7472
22.4000 1 7906.26304
22.5000 1 7486.83264
22.6000 1 7350.51776
22.7000 1 7392.4608
22.8000 1 7413.43232
22.9000 1 7381.97504
23.0000 1 2186.28096
23.1000 1 73.40032
23.2000 1 62.91456
23.3000 1 954.20416
23.4000 1 7602.176
23.5000 1 7381.97504
23.6000 1 7759.4624
23.7000 1 7486.83264
23.8000 1 9636.41344
23.9000 1 8556.38016
24.0000 1 8493.4656
24.1000 1 8304.72192
24.2000 1 8315.20768
24.3000 1 8309.9648
24.4000 1 314.5728
24.5000 1 0.0
24.6000 1 0.0
24.7000 1 2862.61248
24.8000 1 8545.8944
24.9000 1 8524.92288
25.0000 1 6847.20128
25.1000 1 7644.11904
25.2000 1 8472.49408
25.3000 1 8420.06528
25.4000 1 8220.83584
25.5000 1 8357.15072
25.6000 1 8273.26464
25.7000 1 5531.2384
25.8000 1 0.0
25.9000 1 0.0
26.0000 1 7025.4592
26.1000 1 8472.49408
26.2000 1 8378.12224
26.3000 1 8388.608
26.4000 1 8524.92288
26.5000 1 8556.38016
26.6000 1 8587.83744
26.7000 1 8482.97984
26.8000 1 8367.63648
26.9000 1 6988.75904
27.0000 1 0.0
27.1000 1 0.0
27.2000 1 0.0
27.3000 1 4299.1616
27.4000 1 7811.8912
27.5000 1 7864.32
27.6000 1 7895.77728
27.7000 1 7874.80576
27.8000 1 7906.26304
27.9000 1 7906.26304
28.0000 1 7927.23456
28.1000 1 7864.32
28.2000 1 7811.8912
28.3000 1 6579.8144
28.4000 1 0.0
28.5000 1 0.0
28.6000 1 0.0
28.7000 1 2327.83872
28.8000 1 5022.67904
28.9000 1 8231.3216
29.0000 1 7843.34848
29.1000 1 7864.32
29.2000 1 7822.37696
29.3000 1 7843.34848
29.4000 1 7895.77728
29.5000 1 8336.1792
29.6000 1 8262.77888
29.7000 1 8220.83584
29.8000 1 2175.7952
29.9000 1 0.0
30.0000 1 0.0
30.1000 1 1174.40512
30.2000 1 8241.80736
30.3000 1 8587.83744
30.4000 1 8388.608
30.5000 1 8472.49408
30.6000 1 8514.43712
30.7000 1 8430.55104
30.8000 1 8451.52256
30.9000 1 8315.20768
31.0000 1 8273.26464
31.1000 1 4933.55008
31.2000 1 0.0
31.3000 1 0.0
31.4000 1 0.0
31.5000 1 5704.25344
31.6000 1 7539.26144
31.7000 1 7539.26144
31.8000 1 7539.26144
31.9000 1 7560.23296
32.0000 1 7528.77568
32.1000 1 7665.09056
32.2000 1 7801.40544
32.3000 1 7801.40544
32.4000 1 7612.66176
32.5000 1 7324.30336
32.6000 1 0.0
32.7000 1 0.0
32.8000 1 0.0
32.9000 1 3690.98752
33.0000 1 8524.92288
33.1000 1 8524.92288
33.2000 1 8524.92288
33.3000 1 8556.38016
33.4000 1 8482.97984
33.5000 1 8545.8944
33.6000 1 8409.57952
33.7000 1 8357.15072
33.8000 1 8262.77888
33.9000 1 1840.25088
34.0000 1 73.40032
34.1000 1 0.0
34.2000 1 356.51584
34.3000 1 8157.92128
34.4000 1 8346.66496
34.5000 1 8388.608
34.6000 1 8441.0368
34.7000 1 8493.4656
34.8000 1 8493.4656
34.9000 1 8451.52256
35.0000 1 8357.15072
35.1000 1 8315.20768
35.2000 1 5961.15456
35.3000 1 0.0
35.4000 1 0.0
35.5000 1 0.0
35.6000 1 6459.22816
35.7000 1 8545.8944
35.8000 1 8566.86592
35.9000 1 8556.38016
36.0000 1 8535.40864
36.1000 1 8524.92288
36.2000 1 8441.0368
36.3000 1 8462.00832
36.4000 1 8367.63648
36.5000 1 7345.27488
36.6000 1 0.0
36.7000 1 0.0
36.8000 1 0.0
36.9000 1 4194.304
37.0000 1 8503.95136
37.1000 1 8514.43712
37.2000 1 8503.95136
37.3000 1 8577.35168
37.4000 1 8462.00832
37.5000 1 8545.8944
37.6000 1 8430.55104
37.7000 1 8315.20768
37.8000 1 8351.90784
37.9000 1 1394.60608
38.0000 1 0.0
38.1000 1 0.0
38.2000 1 2202.0096
38.3000 1 8430.55104
38.4000 1 8493.4656
38.5000 1 8493.4656
38.6000 1 8409.57952
38.7000 1 8462.00832
38.8000 1 8462.00832
38.9000 1 6228.54144
39.0000 1 3890.21696
39.1000 1 6092.22656
39.2000 1 8220.83584
39.3000 1 4419.74784
39.4000 1 0.0
39.5000 1 0.0
39.6000 1 0.0
39.7000 1 9950.98624
39.8000 1 8210.35008
39.9000 1 6952.05888
40.0000 1 9405.72672
40.1000 1 8556.38016
40.2000 1 8451.52256
40.3000 1 8367.63648
40.4000 1 8136.94976
40.5000 1 8535.40864
40.6000 1 5164.2368
40.7000 1 0.0
40.8000 1 0.0
40.9000 1 0.0
41.0000 1 7476.34688
41.1000 1 8587.83744
41.2000 1 8587.83744
41.3000 1 8640.26624
41.4000 1 8629.78048
41.5000 1 8598.3232
41.6000 1 8535.40864
41.7000 1 8472.49408
41.8000 1 4372.56192
41.9000 1 3303.0144
42.0000 1 8414.8224
42.1000 1 0.0
42.2000 1 0.0
42.3000 1 0.0
42.4000 1 5106.56512
42.5000 1 8671.72352
42.6000 1 8661.23776
42.7000 1 8734.63808
42.8000 1 8682.20928
42.9000 1 8713.66656
43.0000 1 8713.66656
43.1000 1 8577.35168
43.2000 1 8514.43712
43.3000 1 7408.18944
43.4000 1 83.88608
43.5000 1 62.91456
43.6000 1 0.0
43.7000 1 4613.7344
43.8000 1 8619.29472
43.9000 1 8587.83744
44.0000 1 8734.63808
44.1000 1 8734.63808
44.2000 1 8682.20928
44.3000 1 8629.78048
44.4000 1 8503.95136
44.5000 1 8378.12224
44.6000 1 8236.56448
44.7000 1 0.0
44.8000 1 0.0
44.9000 1 0.0
45.0000 1 3166.69952
45.1000 1 8661.23776
45.2000 1 8724.15232
45.3000 1 8577.35168
45.4000 1 8661.23776
45.5000 1 8703.1808
45.6000 1 8608.80896
45.7000 1 8703.1808
45.8000 1 8587.83744
45.9000 1 8467.2512
46.0000 1 912.26112
46.1000 1 0.0
46.2000 1 0.0
46.3000 1 2527.06816
46.4000 1 7098.85952
46.5000 1 7361.00352
46.6000 1 7906.26304
46.7000 1 7738.49088
46.8000 1 7560.23296
46.9000 1 7623.14752
47.0000 1 7633.63328
47.1000 1 7528.77568
47.2000 1 7476.34688
47.3000 1 7675.57632
47.4000 1 550.5024
47.5000 1 73.40032
47.6000 1 0.0
47.7000 1 450.88768
47.8000 1 6574.57152
47.9000 1 7560.23296
48.0000 1 7560.23296
48.1000 1 7444.8896
48.2000 1 7434.40384
48.3000 1 7088.37376
48.4000 1 6501.1712
48.5000 1 6532.62848
48.6000 1 7832.86272
48.7000 1 7423.91808
48.8000 1 7748.97664
48.9000 1 1578.10688
49.0000 1 73.40032
49.1000 1 62.91456
49.2000 1 681.5744
49.3000 1 6543.11424
49.4000 1 6375.34208
49.5000 1 6322.91328
49.6000 1 6385.82784
49.7000 1 6522.14272
49.8000 1 6606.0288
49.9000 1 7224.68864
50.0000 1 7402.94656
50.1000 1 6522.14272
50.2000 1 6480.19968
50.3000 1 6595.54304
50.4000 1 6522.14272
50.5000 1 1515.19232
50.6000 1 62.91456
50.7000 1 62.91456
50.8000 1 1593.83552
50.9000 1 6931.08736
51.0000 1 7340.032
51.1000 1 7172.25984
51.2000 1 7319.06048
51.3000 1 7193.23136
51.4000 1 7245.66016
51.5000 1 7340.032
51.6000 1 7224.68864
51.7000 1 7224.68864
51.8000 1 7633.63328
51.9000 1 7397.70368
52.0000 1 73.40032
52.1000 1 73.40032
52.2000 1 62.91456
52.3000 1 3334.47168
52.4000 1 7224.68864
52.5000 1 7056.91648
52.6000 1 7193.23136
52.7000 1 7119.83104
52.8000 1 7035.94496
52.9000 1 7109.34528
53.0000 1 7046.43072
53.1000 1 7109.34528
53.2000 1 7172.25984
53.3000 1 7298.08896
53.4000 1 6936.33024
53.5000 1 0.0
53.6000 1 73.40032
53.7000 1 62.91456
53.8000 1 3093.2992
53.9000 1 7214.20288
54.0000 1 7182.7456
54.1000 1 7832.86272
54.2000 1 7381.97504
54.3000 1 6794.77248
54.4000 1 7256.14592
54.5000 1 7245.66016
54.6000 1 7140.80256
54.7000 1 7245.66016
54.8000 1 7151.28832
54.9000 1 6097.46944
55.0000 1 83.88608
55.1000 1 62.91456
55.2000 1 62.91456
55.3000 1 2401.23904
55.4000 1 6406.79936
55.5000 1 6553.6
55.6000 1 6333.39904
55.7000 1 7308.57472
55.8000 1 7098.85952
55.9000 1 7214.20288
56.0000 1 7277.11744
56.1000 1 7402.94656
56.2000 1 6616.51456
56.3000 1 6490.68544
56.4000 1 6679.42912
56.5000 1 3937.40288
56.6000 1 0.0
56.7000 1 73.40032
56.8000 1 0.0
56.9000 1 3428.84352
57.0000 1 6627.00032
57.1000 1 6459.22816
57.2000 1 7287.6032
57.3000 1 6910.11584
57.4000 1 7277.11744
57.5000 1 7277.11744
57.6000 1 7423.91808
57.7000 1 7151.28832
57.8000 1 7140.80256
57.9000 1 7161.77408
58.0000 1 7151.28832
58.1000 1 445.6448
58.2000 1 62.91456
58.3000 1 73.40032
58.4000 1 2820.66944
58.5000 1 7392.4608
58.6000 1 7046.43072
58.7000 1 7140.80256
58.8000 1 7350.51776
58.9000 1 7214.20288
59.0000 1 7182.7456
59.1000 1 7287.6032
59.2000 1 7277.11744
59.3000 1 7056.91648
59.4000 1 7486.83264
59.5000 1 6453.98528
59.6000 1 0.0
59.7000 1 62.91456
59.8000 1 62.91456
59.9000 1 4047.50336
60.0000 1 7769.94816
60.1000 1 7130.3168
60.2000 1 7277.11744
60.3000 1 7528.77568
60.4000 1 7067.40224
60.5000 1 7350.51776
60.6000 1 7014.97344
60.7000 1 7046.43072
60.8000 1 7298.08896
60.9000 1 7193.23136
61.0000 1 4944.03584
61.1000 1 0.0
61.2000 1 0.0
61.3000 1 73.40032
61.4000 1 3040.8704
61.5000 1 7717.51936
61.6000 1 7780.43392
61.7000 1 7822.37696
61.8000 1 8000.63488
61.9000 1 8095.00672
62.0000 1 7801.40544
62.1000 1 7927.23456
62.2000 1 8294.23616
62.3000 1 8252.29312
62.4000 1 7198.47424
62.5000 1 0.0
62.6000 1 83.88608
62.7000 1 94.37184
62.8000 1 4487.90528
62.9000 1 8388.608
63.0000 1 7728.00512
63.1000 1 7381.97504
63.2000 1 3460.3008
63.3000 1 8011.12064
63.4000 1 7969.1776
63.5000 1 7832.86272
63.6000 1 7895.77728
63.7000 1 7906.26304
63.8000 1 8598.3232
63.9000 1 1913.6512
64.0000 1 94.37184
64.1000 1 83.88608
64.2000 1 1635.77856
64.3000 1 8011.12064
64.4000 1 8095.00672
64.5000 1 7728.00512
64.6000 1 8032.09216
64.7000 1 7885.29152
64.8000 1 11188.30592
64.9000 1 8042.57792
65.0000 1 8241.80736
65.1000 1 8157.92128
65.2000 1 4419.74784
