0.1000 1 0.0
0.2000 1 734.0032
0.3000 1 6983.51616
0.4000 1 7790.91968
0.5000 1 7864.32
0.6000 1 7423.91808
0.7000 1 8095.00672
0.8000 1 7686.06208
0.9000 1 7591.69024
1.0000 1 7654.6048
1.1000 1 7361.00352
1.2000 1 7675.57632
1.3000 1 5405.40928
1.4000 1 0.0
1.5000 1 0.0
1.6000 1 461.37344
1.7000 1 6134.1696
1.8000 1 7864.32
1.9000 1 7780.43392
2.0000 1 7885.29152
2.1000 1 7853.83424
2.2000 1 7979.66336
2.3000 1 7948.20608
2.4000 1 8032.09216
2.5000 1 7811.8912
2.6000 1 5945.42592
2.7000 1 0.0
2.8000 1 2359.296
2.9000 1 6328.15616
3.0000 1 83.88608
3.1000 1 73.40032
3.2000 1 83.88608
3.3000 1 7895.77728
3.4000 1 10286.53056
3.5000 1 10370.41664
3.6000 1 7958.69184
3.7000 1 7906.26304
3.8000 1 8115.97824
3.9000 1 8315.20768
4.0000 1 8346.66496
4.1000 1 8273.26464
4.2000 1 8309.9648
4.3000 1 880.80384
4.4000 1 73.40032
4.5000 1 0.0
4.6000 1 5305.79456
4.7000 1 7675.57632
4.8000 1 7665.09056
4.9000 1 7602.176
5.0000 1 7686.06208
5.1000 1 7633.63328
5.2000 1 7633.63328
5.3000 1 7696.54784
5.4000 1 7654.6048
5.5000 1 7764.70528
5.6000 1 7298.08896
5.7000 1 0.0
5.8000 1 0.0
5.9000 1 0.0
6.0000 1 7056.91648
6.1000 1 7874.80576
6.2000 1 7885.29152
6.3000 1 8021.6064
6.4000 1 7843.34848
6.5000 1 7895.77728
6.6000 1 7948.20608
6.7000 1 7591.69024
6.8000 1 7811.8912
6.9000 1 7859.07712
7.0000 1 3890.21696
7.1000 1 0.0
7.2000 1 0.0
7.3000 1 2831.1552
7.4000 1 7549.7472
7.5000 1 7843.34848
7.6000 1 7895.77728
7.7000 1 7885.29152
7.8000 1 7298.08896
7.9000 1 6228.54144
8.0000 1 6469.71392
8.1000 1 6165.62688
8.2000 1 6071.25504
8.3000 1 6773.80096
8.4000 1 644.87424
8.5000 1 73.40032
8.6000 1 73.40032
8.7000 1 4949.27872
8.8000 1 7423.91808
8.9000 1 7444.8896
9.0000 1 7486.83264
9.1000 1 7686.06208
9.2000 1 7885.29152
9.3000 1 7696.54784
9.4000 1 7707.0336
9.5000 1 7518.28992
9.6000 1 7612.66176
9.7000 1 7717.51936
9.8000 1 393.216
9.9000 1 62.91456
10.0000 1 0.0
10.1000 1 5316.28032
10.2000 1 7455.37536
10.3000 1 7654.6048
10.4000 1 7319.06048
10.5000 1 7465.86112
10.6000 1 7444.8896
10.7000 1 6637.48608
10.8000 1 6752.82944
10.9000 1 6721.37216
11.0000 1 6805.25824
11.1000 1 7329.54624
11.2000 1 4566.54848
11.3000 1 62.91456
11.4000 1 73.40032
11.5000 1 1394.60608
11.6000 1 7392.4608
11.7000 1 7004.48768
11.8000 1 7056.91648
11.9000 1 8074.0352
12.0000 1 7507.80416
12.1000 1 7696.54784
12.2000 1 7811.8912
12.3000 1 8042.57792
12.4000 1 6689.91488
12.5000 1 2673.8688
12.6000 1 3491.75808
12.7000 1 6810.50112
12.8000 1 0.0
12.9000 1 73.40032
13.0000 1 62.91456
13.1000 1 6406.79936
13.2000 1 7581.20448
13.3000 1 7728.00512
13.4000 1 7444.8896
13.5000 1 7591.69024
13.6000 1 7864.32
13.7000 1 7728.00512
13.8000 1 8189.37856
13.9000 1 10527.70304
14.0000 1 10952.37632
14.1000 1 7738.49088
14.2000 1 0.0
14.3000 1 83.88608
14.4000 1 83.88608
14.5000 1 6931.08736
14.6000 1 7895.77728
14.7000 1 7948.20608
14.8000 1 7707.0336
14.9000 1 8053.06368
15.0000 1 7811.8912
15.1000 1 7948.20608
15.2000 1 8021.6064
15.3000 1 7864.32
15.4000 1 8016.36352
15.5000 1 3502.24384
15.6000 1 0.0
15.7000 1 0.0
15.8000 1 2233.46688
15.9000 1 7748.97664
16.0000 1 7717.51936
16.1000 1 7853.83424
16.2000 1 7707.0336
16.3000 1 7874.80576
16.4000 1 8074.0352
16.5000 1 8283.7504
16.6000 1 8199.86432
16.7000 1 7838.1056
16.8000 1 7832.86272
16.9000 1 408.94464
17.0000 1 0.0
17.1000 1 0.0
17.2000 1 4676.64896
17.3000 1 5861.53984
17.4000 1 5924.4544
17.5000 1 5892.99712
17.6000 1 5945.42592
17.7000 1 5872.0256
17.8000 1 6637.48608
17.9000 1 7948.20608
18.0000 1 7790.91968
18.1000 1 8021.6064
18.2000 1 7885.29152
18.3000 1 7901.02016
18.4000 1 1520.4352
18.5000 1 0.0
18.6000 1 0.0
18.7000 1 4603.24864
18.8000 1 7916.7488
18.9000 1 3848.27392
19.0000 1 167.77216
19.1000 1 188.74368
19.2000 1 6144.65536
19.3000 1 10653.53216
19.4000 1 10852.7616
19.5000 1 8115.97824
19.6000 1 7675.57632
19.7000 1 8105.49248
19.8000 1 7785.6768
19.9000 1 4791.99232
20.0000 1 94.37184
20.1000 1 73.40032
20.2000 1 450.88768
20.3000 1 8273.26464
20.4000 1 5158.99392
20.5000 1 0.0
20.6000 1 1069.54752
20.7000 1 283.11552
20.8000 1 325.05856
20.9000 1 9521.07008
21.0000 1 10517.21728
21.1000 1 10066.3296
21.2000 1 7927.23456
21.3000 1 7738.49088
21.4000 1 7633.63328
21.5000 1 7921.99168
21.6000 1 5588.91008
21.7000 1 0.0
21.8000 1 0.0
21.9000 1 5337.25184
22.0000 1 7780.43392
22.1000 1 7748.97664
22.2000 1 7895.77728
22.3000 1 8011.12064
22.4000 1 7948.20608
22.5000 1 7413.43232
22.6000 1 2464.1536
22.7000 1 4917.82144
22.8000 1 10705.96096
22.9000 1 9882.8288
23.0000 1 0.0
23.1000 1 94.37184
23.2000 1 62.91456
23.3000 1 7969.1776
23.4000 1 7832.86272
23.5000 1 7916.7488
23.6000 1 7874.80576
23.7000 1 7822.37696
23.8000 1 7906.26304
23.9000 1 7717.51936
24.0000 1 7906.26304
24.1000 1 7990.14912
24.2000 1 7827.61984
24.3000 1 4152.36096
24.4000 1 62.91456
24.5000 1 0.0
24.6000 1 1142.94784
24.7000 1 7633.63328
24.8000 1 7811.8912
24.9000 1 7738.49088
25.0000 1 7759.4624
25.1000 1 7832.86272
25.2000 1 7885.29152
25.3000 1 7717.51936
25.4000 1 7906.26304
25.5000 1 7686.06208
25.6000 1 8047.8208
25.7000 1 2883.584
25.8000 1 0.0
25.9000 1 0.0
26.0000 1 3292.52864
26.1000 1 8021.6064
26.2000 1 7979.66336
26.3000 1 7958.69184
26.4000 1 7927.23456
26.5000 1 7780.43392
26.6000 1 8021.6064
26.7000 1 7843.34848
26.8000 1 7927.23456
26.9000 1 7827.61984
27.0000 1 7193.23136
27.1000 1 0.0
27.2000 1 73.40032
27.3000 1 73.40032
27.4000 1 6647.97184
27.5000 1 8000.63488
27.6000 1 7895.77728
27.7000 1 7811.8912
27.8000 1 7927.23456
27.9000 1 7790.91968
28.0000 1 7937.72032
28.1000 1 7927.23456
28.2000 1 8032.09216
28.3000 1 7869.56288
28.4000 1 3827.3024
28.5000 1 0.0
28.6000 1 0.0
28.7000 1 2202.0096
28.8000 1 7769.94816
28.9000 1 7790.91968
29.0000 1 8000.63488
29.1000 1 7811.8912
29.2000 1 7843.34848
29.3000 1 8000.63488
29.4000 1 7853.83424
29.5000 1 8011.12064
29.6000 1 7927.23456
29.7000 1 7754.21952
29.8000 1 692.06016
29.9000 1 73.40032
30.0000 1 73.40032
30.1000 1 5096.07936
30.2000 1 7507.80416
30.3000 1 7717.51936
30.4000 1 7696.54784
30.5000 1 7654.6048
30.6000 1 7801.40544
30.7000 1 7591.69024
30.8000 1 7602.176
30.9000 1 7633.63328
31.0000 1 7691.30496
31.1000 1 7633.63328
31.2000 1 125.82912
31.3000 1 0.0
31.4000 1 0.0
31.5000 1 5997.85472
31.6000 1 7759.4624
31.7000 1 7728.00512
31.8000 1 7822.37696
31.9000 1 7748.97664
32.0000 1 7916.7488
32.1000 1 7906.26304
32.2000 1 7916.7488
32.3000 1 7969.1776
32.4000 1 7848.59136
32.5000 1 5106.56512
32.6000 1 0.0
32.7000 1 0.0
32.8000 1 482.34496
32.9000 1 2359.296
33.0000 1 5578.42432
33.1000 1 10716.44672
33.2000 1 11093.93408
33.3000 1 8629.78048
33.4000 1 7895.77728
33.5000 1 7958.69184
33.6000 1 8095.00672
33.7000 1 8084.52096
33.8000 1 7901.02016
33.9000 1 3009.41312
34.0000 1 73.40032
34.1000 1 73.40032
34.2000 1 2107.63776
34.3000 1 8482.97984
34.4000 1 7759.4624
34.5000 1 7906.26304
34.6000 1 7958.69184
34.7000 1 7738.49088
34.8000 1 7969.1776
34.9000 1 7769.94816
35.0000 1 7958.69184
35.1000 1 7796.16256
35.2000 1 7906.26304
35.3000 1 335.54432
35.4000 1 0.0
35.5000 1 0.0
35.6000 1 2946.49856
35.7000 1 5735.71072
35.8000 1 5840.56832
35.9000 1 5767.168
36.0000 1 5851.05408
36.1000 1 7486.83264
36.2000 1 7895.77728
36.3000 1 8011.12064
36.4000 1 7843.34848
36.5000 1 7927.23456
36.6000 1 7864.32
36.7000 1 7827.61984
36.8000 1 838.8608
36.9000 1 73.40032
37.0000 1 73.40032
37.1000 1 5358.22336
37.2000 1 7895.77728
37.3000 1 7696.54784
37.4000 1 7748.97664
37.5000 1 7686.06208
37.6000 1 7570.71872
37.7000 1 7612.66176
37.8000 1 7748.97664
37.9000 1 7654.6048
38.0000 1 7701.79072
38.1000 1 7046.43072
38.2000 1 0.0
38.3000 1 0.0
38.4000 1 0.0
38.5000 1 6564.08576
38.6000 1 7560.23296
38.7000 1 7728.00512
38.8000 1 7602.176
38.9000 1 7497.3184
39.0000 1 7654.6048
39.1000 1 7738.49088
39.2000 1 7549.7472
39.3000 1 7696.54784
39.4000 1 7754.21952
39.5000 1 6501.1712
39.6000 1 0.0
39.7000 1 0.0
39.8000 1 0.0
39.9000 1 7235.1744
40.0000 1 7612.66176
40.1000 1 7570.71872
40.2000 1 7654.6048
40.3000 1 7570.71872
40.4000 1 7602.176
40.5000 1 7570.71872
40.6000 1 7759.4624
40.7000 1 7612.66176
40.8000 1 7659.84768
40.9000 1 5966.39744
41.0000 1 0.0
41.1000 1 0.0
41.2000 1 0.0
41.3000 1 5725.22496
41.4000 1 5788.13952
41.5000 1 7895.77728
41.6000 1 7843.34848
41.7000 1 7759.4624
41.8000 1 7853.83424
41.9000 1 7717.51936
42.0000 1 7885.29152
42.1000 1 7979.66336
42.2000 1 7775.19104
42.3000 1 7644.11904
42.4000 1 0.0
42.5000 1 0.0
42.6000 1 0.0
42.7000 1 6490.68544
42.8000 1 7665.09056
42.9000 1 7633.63328
43.0000 1 5809.11104
43.1000 1 2432.69632
43.2000 1 7990.14912
43.3000 1 10989.07648
43.4000 1 10674.50368
43.5000 1 7958.69184
43.6000 1 7974.42048
43.7000 1 6239.0272
43.8000 1 0.0
43.9000 1 0.0
44.0000 1 0.0
44.1000 1 6721.37216
44.2000 1 7717.51936
44.3000 1 7612.66176
44.4000 1 7644.11904
44.5000 1 7675.57632
44.6000 1 7591.69024
44.7000 1 7654.6048
44.8000 1 7759.4624
44.9000 1 7455.37536
45.0000 1 7764.70528
45.1000 1 6134.1696
45.2000 1 0.0
45.3000 1 0.0
45.4000 1 0.0
45.5000 1 6186.5984
45.6000 1 8441.0368
45.7000 1 8063.54944
45.8000 1 7780.43392
45.9000 1 7602.176
46.0000 1 7748.97664
46.1000 1 7623.14752
46.2000 1 7801.40544
46.3000 1 7790.91968
46.4000 1 7764.70528
46.5000 1 5043.65056
46.6000 1 73.40032
46.7000 1 83.88608
46.8000 1 954.20416
46.9000 1 5662.3104
47.0000 1 5851.05408
47.1000 1 5672.79616
47.2000 1 5735.71072
47.3000 1 5830.08256
47.4000 1 5840.56832
47.5000 1 5777.65376
47.6000 1 5966.39744
47.7000 1 5767.168
47.8000 1 7916.7488
47.9000 1 7853.83424
48.0000 1 7838.1056
48.1000 1 5117.05088
48.2000 1 0.0
48.3000 1 0.0
48.4000 1 1059.06176
48.5000 1 5672.79616
48.6000 1 5840.56832
48.7000 1 6270.48448
48.8000 1 8032.09216
48.9000 1 7864.32
49.0000 1 6354.37056
49.1000 1 1101.0048
49.2000 1 7759.4624
49.3000 1 6343.8848
49.4000 1 7266.63168
49.5000 1 7769.94816
49.6000 1 2364.53888
49.7000 1 62.91456
49.8000 1 73.40032
49.9000 1 3407.872
50.0000 1 7822.37696
50.1000 1 7633.63328
50.2000 1 7665.09056
50.3000 1 7822.37696
50.4000 1 7486.83264
50.5000 1 7633.63328
50.6000 1 7895.77728
50.7000 1 7738.49088
50.8000 1 7738.49088
50.9000 1 7518.28992
51.0000 1 1378.87744
51.1000 1 73.40032
51.2000 1 0.0
51.3000 1 4047.50336
51.4000 1 6689.91488
51.5000 1 5913.96864
51.6000 1 6522.14272
51.7000 1 6710.8864
51.8000 1 7476.34688
51.9000 1 7927.23456
52.0000 1 7717.51936
52.1000 1 7895.77728
52.2000 1 7612.66176
52.3000 1 7801.40544
52.4000 1 5489.29536
52.5000 1 73.40032
52.6000 1 62.91456
52.7000 1 765.46048
52.8000 1 7602.176
52.9000 1 7780.43392
53.0000 1 7235.1744
53.1000 1 7549.7472
53.2000 1 5117.05088
53.3000 1 2652.89728
53.4000 1 5127.53664
53.5000 1 7979.66336
53.6000 1 7780.43392
53.7000 1 7298.08896
53.8000 1 7381.97504
53.9000 1 7439.64672
54.0000 1 0.0
54.1000 1 62.91456
54.2000 1 62.91456
54.3000 1 5861.53984
54.4000 1 7497.3184
54.5000 1 7801.40544
54.6000 1 7465.86112
54.7000 1 7916.7488
54.8000 1 7549.7472
54.9000 1 7497.3184
55.0000 1 7340.032
55.1000 1 7539.26144
55.2000 1 7633.63328
55.3000 1 7534.01856
55.4000 1 83.88608
55.5000 1 62.91456
55.6000 1 62.91456
55.7000 1 5033.1648
55.8000 1 7602.176
55.9000 1 7350.51776
56.0000 1 7654.6048
56.1000 1 7665.09056
56.2000 1 7518.28992
56.3000 1 7906.26304
56.4000 1 8021.6064
56.5000 1 7591.69024
56.6000 1 7801.40544
56.7000 1 7429.16096
56.8000 1 73.40032
56.9000 1 73.40032
57.0000 1 62.91456
57.1000 1 5578.42432
57.2000 1 7256.14592
57.3000 1 7644.11904
57.4000 1 7329.54624
57.5000 1 8084.52096
57.6000 1 7340.032
57.7000 1 6742.34368
57.8000 1 6564.08576
57.9000 1 7476.34688
58.0000 1 7633.63328
58.1000 1 7748.97664
58.2000 1 2312.11008
58.3000 1 62.91456
58.4000 1 0.0
58.5000 1 3900.70272
58.6000 1 7843.34848
58.7000 1 7885.29152
58.8000 1 7654.6048
58.9000 1 7801.40544
59.0000 1 7748.97664
59.1000 1 7696.54784
59.2000 1 7717.51936
59.3000 1 7906.26304
59.4000 1 7748.97664
59.5000 1 7785.6768
59.6000 1 73.40032
59.7000 1 73.40032
59.8000 1 0.0
59.9000 1 6197.08416
60.0000 1 7665.09056
60.1000 1 7654.6048
60.2000 1 7539.26144
60.3000 1 7633.63328
60.4000 1 7801.40544
60.5000 1 7497.3184
60.6000 1 7644.11904
60.7000 1 7696.54784
60.8000 1 7885.29152
60.9000 1 6558.84288
61.0000 1 0.0
61.1000 1 73.40032
61.2000 1 73.40032
61.3000 1 8954.83904
61.4000 1 11051.99104
61.5000 1 9909.0432
61.6000 1 7769.94816
61.7000 1 7665.09056
61.8000 1 8388.608
61.9000 1 8336.1792
62.0000 1 8503.95136
62.1000 1 8357.15072
62.2000 1 8247.05024
62.3000 1 2558.52544
62.4000 1 0.0
62.5000 1 0.0
62.6000 1 4057.98912
62.7000 1 7728.00512
62.8000 1 7748.97664
62.9000 1 7874.80576
63.0000 1 7790.91968
63.1000 1 7958.69184
63.2000 1 7822.37696
63.3000 1 7979.66336
63.4000 1 3942.64576
63.5000 1 3229.61408
63.6000 1 8781.824
63.7000 1 1415.5776
63.8000 1 73.40032
63.9000 1 73.40032
64.0000 1 6322.91328
64.1000 1 9982.44352
64.2000 1 8105.49248
64.3000 1 7644.11904
64.4000 1 7654.6048
64.5000 1 7602.176
64.6000 1 7707.0336
64.7000 1 7728.00512
64.8000 1 8409.57952
64.9000 1 8184.13568
65.0000 1 7696.54784
65.1000 1 220.20096
65.2000 1 0.0
65.3000 1 0.0
65.4000 1 6197.08416
65.5000 1 7822.37696
65.6000 1 7990.14912
65.7000 1 7790.91968
65.8000 1 7958.69184
65.9000 1 7864.32
66.0000 1 7937.72032
66.1000 1 7864.32
66.2000 1 8063.54944
66.3000 1 4042.26048
