0.1000 1 0.0
0.2000 1 83.88608
0.3000 1 5903.48288
0.4000 1 5913.96864
0.5000 1 5830.08256
0.6000 1 5945.42592
0.7000 1 5630.85312
0.8000 1 5735.71072
0.9000 1 5861.53984
1.0000 1 5851.05408
1.1000 1 5997.85472
1.2000 1 5903.48288
1.3000 1 5987.36896
1.4000 1 5924.4544
1.5000 1 5851.05408
1.6000 1 5856.29696
1.7000 1 0.0
1.8000 1 0.0
1.9000 1 0.0
2.0000 1 5484.05248
2.1000 1 5892.99712
2.2000 1 5882.51136
2.3000 1 6008.34048
2.4000 1 7948.20608
2.5000 1 7958.69184
2.6000 1 8095.00672
2.7000 1 7979.66336
2.8000 1 8032.09216
2.9000 1 8095.00672
3.0000 1 8063.54944
3.1000 1 2186.28096
3.2000 1 0.0
3.3000 1 0.0
3.4000 1 5075.10784
3.5000 1 7927.23456
3.6000 1 7801.40544
3.7000 1 7717.51936
3.8000 1 8021.6064
3.9000 1 8063.54944
4.0000 1 8074.0352
4.1000 1 8053.06368
4.2000 1 8021.6064
4.3000 1 8074.0352
4.4000 1 5027.92192
4.5000 1 0.0
4.6000 1 0.0
4.7000 1 2149.5808
4.8000 1 7371.48928
4.9000 1 7507.80416
5.0000 1 7717.51936
5.1000 1 7644.11904
5.2000 1 7707.0336
5.3000 1 7654.6048
5.4000 1 7790.91968
5.5000 1 7707.0336
5.6000 1 7801.40544
5.7000 1 7707.0336
5.8000 1 2857.3696
5.9000 1 0.0
6.0000 1 0.0
6.1000 1 4120.90368
6.2000 1 7979.66336
6.3000 1 8000.63488
6.4000 1 8021.6064
6.5000 1 7958.69184
6.6000 1 8021.6064
6.7000 1 7979.66336
6.8000 1 8042.57792
6.9000 1 8074.0352
7.0000 1 8042.57792
7.1000 1 5520.75264
7.2000 1 0.0
7.3000 1 0.0
7.4000 1 1184.89088
7.5000 1 7707.0336
7.6000 1 7937.72032
7.7000 1 7832.86272
7.8000 1 7853.83424
7.9000 1 7832.86272
8.0000 1 7895.77728
8.1000 1 7969.1776
8.2000 1 7969.1776
8.3000 1 7853.83424
8.4000 1 7927.23456
8.5000 1 1756.3648
8.6000 1 0.0
8.7000 1 0.0
8.8000 1 5421.13792
8.9000 1 7958.69184
9.0000 1 8021.6064
9.1000 1 8000.63488
9.2000 1 7990.14912
9.3000 1 8021.6064
9.4000 1 7979.66336
9.5000 1 7916.7488
9.6000 1 8147.43552
9.7000 1 7948.20608
9.8000 1 4231.00416
9.9000 1 0.0
10.0000 1 0.0
10.1000 1 3082.81344
10.2000 1 7916.7488
10.3000 1 7916.7488
10.4000 1 7990.14912
10.5000 1 7927.23456
10.6000 1 7948.20608
10.7000 1 7916.7488
10.8000 1 7864.32
10.9000 1 8011.12064
11.0000 1 8000.63488
11.1000 1 7114.58816
11.2000 1 0.0
11.3000 1 0.0
11.4000 1 178.25792
11.5000 1 7602.176
11.6000 1 7969.1776
11.7000 1 7916.7488
11.8000 1 7948.20608
11.9000 1 7906.26304
12.0000 1 7916.7488
12.1000 1 7958.69184
12.2000 1 8021.6064
12.3000 1 8042.57792
12.4000 1 8021.6064
12.5000 1 2154.82368
12.6000 1 0.0
12.7000 1 0.0
12.8000 1 5358.22336
12.9000 1 8053.06368
13.0000 1 7990.14912
13.1000 1 8000.63488
13.2000 1 8021.6064
13.3000 1 8011.12064
13.4000 1 7979.66336
13.5000 1 7948.20608
13.6000 1 8000.63488
13.7000 1 7990.14912
13.8000 1 4293.91872
13.9000 1 0.0
14.0000 1 0.0
14.1000 1 2579.49696
14.2000 1 7759.4624
14.3000 1 7885.29152
14.4000 1 7864.32
14.5000 1 7927.23456
14.6000 1 7979.66336
14.7000 1 7895.77728
14.8000 1 7906.26304
14.9000 1 7990.14912
15.0000 1 8011.12064
15.1000 1 7817.13408
15.2000 1 0.0
15.3000 1 0.0
15.4000 1 0.0
15.5000 1 4823.4496
15.6000 1 5788.13952
15.7000 1 5662.3104
15.8000 1 5735.71072
15.9000 1 5819.5968
16.0000 1 5777.65376
16.1000 1 5704.25344
16.2000 1 5683.28192
16.3000 1 5861.53984
16.4000 1 5767.168
16.5000 1 5704.25344
16.6000 1 5830.08256
16.7000 1 5767.168
16.8000 1 5777.65376
16.9000 1 2018.5088
17.0000 1 0.0
17.1000 1 0.0
17.2000 1 4257.21856
17.3000 1 7864.32
17.4000 1 7874.80576
17.5000 1 7916.7488
17.6000 1 4844.42112
17.7000 1 0.0
17.8000 1 2862.61248
17.9000 1 8587.83744
18.0000 1 7644.11904
18.1000 1 7707.0336
18.2000 1 7654.6048
18.3000 1 7717.51936
18.4000 1 7691.30496
18.5000 1 20.97152
18.6000 1 0.0
18.7000 1 0.0
18.8000 1 6731.85792
18.9000 1 7738.49088
19.0000 1 7717.51936
19.1000 1 7686.06208
19.2000 1 7738.49088
19.3000 1 7769.94816
19.4000 1 7728.00512
19.5000 1 7654.6048
19.6000 1 7717.51936
19.7000 1 7717.51936
19.8000 1 5562.69568
19.9000 1 0.0
20.0000 1 0.0
20.1000 1 0.0
20.2000 1 0.0
20.3000 1 2044.7232
20.4000 1 7140.80256
20.5000 1 7518.28992
20.6000 1 7633.63328
20.7000 1 7738.49088
20.8000 1 7665.09056
20.9000 1 7748.97664
21.0000 1 7748.97664
21.1000 1 7780.43392
21.2000 1 7790.91968
21.3000 1 7769.94816
21.4000 1 3046.11328
21.5000 1 73.40032
21.6000 1 0.0
21.7000 1 3470.78656
21.8000 1 7602.176
21.9000 1 7654.6048
22.0000 1 7675.57632
22.1000 1 7717.51936
22.2000 1 7581.20448
22.3000 1 7277.11744
22.4000 1 5924.4544
22.5000 1 7665.09056
22.6000 1 7591.69024
22.7000 1 7769.94816
22.8000 1 3769.63072
22.9000 1 0.0
23.0000 1 0.0
23.1000 1 2076.18048
23.2000 1 5662.3104
23.3000 1 5672.79616
23.4000 1 5756.68224
23.5000 1 5693.76768
23.6000 1 5725.22496
23.7000 1 5704.25344
23.8000 1 5714.7392
23.9000 1 5651.82464
24.0000 1 5714.7392
24.1000 1 5798.62528
24.2000 1 5819.5968
24.3000 1 5777.65376
24.4000 1 5788.13952
24.5000 1 5321.5232
24.6000 1 0.0
24.7000 1 0.0
24.8000 1 0.0
24.9000 1 6490.68544
25.0000 1 7455.37536
25.1000 1 7434.40384
25.2000 1 6385.82784
25.3000 1 6878.65856
25.4000 1 7591.69024
25.5000 1 7644.11904
25.6000 1 7497.3184
25.7000 1 7717.51936
25.8000 1 7675.57632
25.9000 1 7712.27648
26.0000 1 1226.83392
26.1000 1 0.0
26.2000 1 4466.93376
26.3000 1 7717.51936
26.4000 1 7612.66176
26.5000 1 7728.00512
26.6000 1 7602.176
26.7000 1 7769.94816
26.8000 1 7748.97664
26.9000 1 7696.54784
27.0000 1 7696.54784
27.1000 1 7738.49088
27.2000 1 7785.6768
27.3000 1 83.88608
27.4000 1 0.0
27.5000 1 0.0
27.6000 1 7298.08896
27.7000 1 7738.49088
27.8000 1 7769.94816
27.9000 1 7686.06208
28.0000 1 7738.49088
28.1000 1 7769.94816
28.2000 1 7140.80256
28.3000 1 6742.34368
28.4000 1 6973.0304
28.5000 1 7811.8912
28.6000 1 7114.58816
28.7000 1 0.0
28.8000 1 0.0
28.9000 1 0.0
29.0000 1 6847.20128
29.1000 1 7707.0336
29.2000 1 7748.97664
29.3000 1 7675.57632
29.4000 1 7717.51936
29.5000 1 7675.57632
29.6000 1 7728.00512
29.7000 1 7728.00512
29.8000 1 7759.4624
29.9000 1 7717.51936
30.0000 1 5373.952
30.1000 1 83.88608
30.2000 1 0.0
30.3000 1 1583.34976
30.4000 1 7444.8896
30.5000 1 7738.49088
30.6000 1 6092.22656
30.7000 1 6448.7424
30.8000 1 8399.09376
30.9000 1 7654.6048
31.0000 1 7748.97664
31.1000 1 7570.71872
31.2000 1 7665.09056
31.3000 1 7696.54784
31.4000 1 5709.49632
31.5000 1 0.0
31.6000 1 0.0
31.7000 1 1080.03328
31.8000 1 7581.20448
31.9000 1 7738.49088
32.0000 1 7665.09056
32.1000 1 7748.97664
32.2000 1 7654.6048
32.3000 1 7644.11904
32.4000 1 7644.11904
32.5000 1 7686.06208
32.6000 1 7696.54784
32.7000 1 7769.94816
32.8000 1 3822.05952
32.9000 1 0.0
33.0000 1 0.0
33.1000 1 3093.2992
33.2000 1 7696.54784
33.3000 1 7748.97664
33.4000 1 7665.09056
33.5000 1 7728.00512
33.6000 1 7633.63328
33.7000 1 7717.51936
33.8000 1 7665.09056
33.9000 1 7728.00512
34.0000 1 7728.00512
34.1000 1 7748.97664
34.2000 1 1620.04992
34.3000 1 0.0
34.4000 1 0.0
34.5000 1 3900.70272
34.6000 1 5546.96704
34.7000 1 5620.36736
34.8000 1 5641.33888
34.9000 1 5777.65376
35.0000 1 5756.68224
35.1000 1 5725.22496
35.2000 1 5714.7392
35.3000 1 6176.11264
35.4000 1 7402.94656
35.5000 1 7444.8896
35.6000 1 7476.34688
35.7000 1 7486.83264
35.8000 1 1976.56576
35.9000 1 0.0
36.0000 1 0.0
36.1000 1 3764.38784
36.2000 1 5651.82464
36.3000 1 5809.11104
36.4000 1 7266.63168
36.5000 1 7381.97504
36.6000 1 7413.43232
36.7000 1 7497.3184
36.8000 1 7413.43232
36.9000 1 7507.80416
37.0000 1 7560.23296
37.1000 1 7486.83264
37.2000 1 7030.70208
37.3000 1 83.88608
37.4000 1 0.0
37.5000 1 220.20096
37.6000 1 7633.63328
37.7000 1 7738.49088
37.8000 1 7748.97664
37.9000 1 7686.06208
38.0000 1 7748.97664
38.1000 1 7780.43392
38.2000 1 7748.97664
38.3000 1 7748.97664
38.4000 1 7696.54784
38.5000 1 7675.57632
38.6000 1 4283.43296
38.7000 1 0.0
38.8000 1 0.0
38.9000 1 2548.03968
39.0000 1 7612.66176
39.1000 1 7686.06208
39.2000 1 7696.54784
39.3000 1 7717.51936
39.4000 1 7612.66176
39.5000 1 7686.06208
39.6000 1 7696.54784
39.7000 1 7728.00512
39.8000 1 7675.57632
39.9000 1 7707.0336
40.0000 1 2333.0816
40.1000 1 0.0
40.2000 1 0.0
40.3000 1 3858.75968
40.4000 1 7581.20448
40.5000 1 7654.6048
40.6000 1 7728.00512
40.7000 1 7801.40544
40.8000 1 5767.168
40.9000 1 6280.97024
41.0000 1 8482.97984
41.1000 1 7476.34688
41.2000 1 7476.34688
41.3000 1 7507.80416
41.4000 1 4136.63232
41.5000 1 0.0
41.6000 1 0.0
41.7000 1 2107.63776
41.8000 1 7109.34528
41.9000 1 6836.71552
42.0000 1 7413.43232
42.1000 1 7235.1744
42.2000 1 7193.23136
42.3000 1 7182.7456
42.4000 1 7203.71712
42.5000 1 7193.23136
42.6000 1 7193.23136
42.7000 1 7256.14592
42.8000 1 7187.98848
42.9000 1 639.63136
43.0000 1 0.0
43.1000 1 0.0
43.2000 1 5955.91168
43.3000 1 7665.09056
43.4000 1 7738.49088
43.5000 1 7790.91968
43.6000 1 7518.28992
43.7000 1 7759.4624
43.8000 1 7675.57632
43.9000 1 7728.00512
44.0000 1 7790.91968
44.1000 1 7738.49088
44.2000 1 6453.98528
44.3000 1 0.0
44.4000 1 0.0
44.5000 1 0.0
44.6000 1 7224.68864
44.7000 1 7675.57632
44.8000 1 7790.91968
44.9000 1 7728.00512
45.0000 1 7696.54784
45.1000 1 7811.8912
45.2000 1 5924.4544
45.3000 1 4519.36256
45.4000 1 1866.46528
45.5000 1 10234.10176
45.6000 1 7780.43392
45.7000 1 7513.04704
45.8000 1 0.0
45.9000 1 0.0
46.0000 1 0.0
46.1000 1 7046.43072
46.2000 1 7895.77728
46.3000 1 7874.80576
46.4000 1 7371.48928
46.5000 1 4152.36096
46.6000 1 9206.49728
46.7000 1 7864.32
46.8000 1 7948.20608
46.9000 1 7927.23456
47.0000 1 7895.77728
47.1000 1 6611.27168
47.2000 1 83.88608
47.3000 1 0.0
47.4000 1 723.51744
47.5000 1 5892.99712
47.6000 1 7633.63328
47.7000 1 7612.66176
47.8000 1 7654.6048
47.9000 1 7570.71872
48.0000 1 7602.176
48.1000 1 3114.27072
48.2000 1 9363.78368
48.3000 1 7759.4624
48.4000 1 7560.23296
48.5000 1 7617.90464
48.6000 1 1709.17888
48.7000 1 0.0
48.8000 1 0.0
48.9000 1 4550.81984
49.0000 1 7654.6048
49.1000 1 7665.09056
49.2000 1 3932.16
49.3000 1 10297.01632
49.4000 1 7507.80416
49.5000 1 7602.176
49.6000 1 10108.27264
49.7000 1 2506.09664
49.8000 1 629.1456
49.9000 1 5400.1664
50.0000 1 8829.00992
50.1000 1 5195.69408
50.2000 1 0.0
50.3000 1 0.0
50.4000 1 1436.54912
50.5000 1 7455.37536
50.6000 1 7549.7472
50.7000 1 7581.20448
50.8000 1 7612.66176
50.9000 1 6176.11264
51.0000 1 4907.33568
51.1000 1 7738.49088
51.2000 1 9479.12704
51.3000 1 7423.91808
51.4000 1 7402.94656
51.5000 1 6841.9584
51.6000 1 83.88608
51.7000 1 0.0
51.8000 1 377.48736
51.9000 1 7203.71712
52.0000 1 7591.69024
52.1000 1 7518.28992
52.2000 1 7497.3184
52.3000 1 7486.83264
52.4000 1 7675.57632
52.5000 1 7486.83264
52.6000 1 7591.69024
52.7000 1 7602.176
52.8000 1 7581.20448
52.9000 1 6191.84128
53.0000 1 0.0
53.1000 1 0.0
53.2000 1 608.17408
53.3000 1 7077.888
53.4000 1 7193.23136
53.5000 1 7277.11744
53.6000 1 7350.51776
53.7000 1 7245.66016
53.8000 1 7256.14592
53.9000 1 7266.63168
54.0000 1 7203.71712
54.1000 1 7308.57472
54.2000 1 7319.06048
54.3000 1 7292.84608
54.4000 1 1373.63456
54.5000 1 73.40032
54.6000 1 0.0
54.7000 1 4655.67744
54.8000 1 7119.83104
54.9000 1 7161.77408
55.0000 1 7193.23136
55.1000 1 7119.83104
55.2000 1 7182.7456
55.3000 1 7151.28832
55.4000 1 7277.11744
55.5000 1 7172.25984
55.6000 1 7277.11744
55.7000 1 7287.6032
55.8000 1 5195.69408
55.9000 1 73.40032
56.0000 1 0.0
56.1000 1 1163.91936
56.2000 1 7581.20448
56.3000 1 7612.66176
56.4000 1 7665.09056
56.5000 1 7591.69024
56.6000 1 7612.66176
56.7000 1 7696.54784
56.8000 1 7853.83424
56.9000 1 7769.94816
57.0000 1 7790.91968
57.1000 1 7769.94816
57.2000 1 3538.944
57.3000 1 83.88608
57.4000 1 62.91456
57.5000 1 2705.32608
57.6000 1 7308.57472
57.7000 1 7340.032
57.8000 1 7308.57472
57.9000 1 7308.57472
58.0000 1 7371.48928
58.1000 1 7224.68864
58.2000 1 7381.97504
58.3000 1 7277.11744
58.4000 1 7486.83264
58.5000 1 7518.28992
58.6000 1 5415.89504
58.7000 1 0.0
58.8000 1 0.0
58.9000 1 440.40192
59.0000 1 7067.40224
59.1000 1 7266.63168
59.2000 1 7822.37696
59.3000 1 7654.6048
59.4000 1 7759.4624
59.5000 1 7665.09056
59.6000 1 7748.97664
59.7000 1 7832.86272
59.8000 1 7801.40544
59.9000 1 7843.34848
60.0000 1 4933.55008
60.1000 1 83.88608
60.2000 1 0.0
60.3000 1 2023.75168
60.4000 1 7612.66176
60.5000 1 7665.09056
60.6000 1 7717.51936
60.7000 1 7717.51936
60.8000 1 7507.80416
60.9000 1 7811.8912
61.0000 1 7885.29152
61.1000 1 5263.85152
61.2000 1 5410.65216
61.3000 1 7843.34848
61.4000 1 7051.6736
61.5000 1 83.88608
61.6000 1 62.91456
61.7000 1 2013.26592
61.8000 1 7602.176
61.9000 1 7549.7472
62.0000 1 7570.71872
62.1000 1 7591.69024
62.2000 1 7560.23296
62.3000 1 7465.86112
62.4000 1 7570.71872
62.5000 1 7507.80416
62.6000 1 7570.71872
62.7000 1 7654.6048
62.8000 1 4314.89024
62.9000 1 0.0
63.0000 1 62.91456
63.1000 1 2432.69632
63.2000 1 7056.91648
63.3000 1 7014.97344
63.4000 1 7203.71712
63.5000 1 7098.85952
63.6000 1 7340.032
63.7000 1 7214.20288
63.8000 1 7361.00352
63.9000 1 7340.032
64.0000 1 7277.11744
64.1000 1 7308.57472
64.2000 1 7093.61664
64.3000 1 0.0
64.4000 1 0.0
64.5000 1 0.0
64.6000 1 4928.3072
64.7000 1 5735.71072
64.8000 1 5735.71072
64.9000 1 5809.11104
65.0000 1 5882.51136
65.1000 1 5788.13952
65.2000 1 5777.65376
65.3000 1 5704.25344
65.4000 1 5851.05408
65.5000 1 5777.65376
65.6000 1 5872.0256
65.7000 1 5892.99712
65.8000 1 5872.0256
65.9000 1 5887.75424
66.0000 1 1331.69152
66.1000 1 0.0
66.2000 1 0.0
66.3000 1 5043.65056
66.4000 1 7686.06208
66.5000 1 7738.49088
66.6000 1 7748.97664
66.7000 1 7728.00512
66.8000 1 7696.54784
66.9000 1 7790.91968
67.0000 1 7717.51936
67.1000 1 7738.49088
67.2000 1 7832.86272
67.3000 1 3706.71616
