0.1000 1 0.0
0.2000 1 83.88608
0.3000 1 7109.34528
0.4000 1 7518.28992
0.5000 1 7528.77568
0.6000 1 7560.23296
0.7000 1 7528.77568
0.8000 1 7497.3184
0.9000 1 7560.23296
1.0000 1 7528.77568
1.1000 1 7560.23296
1.2000 1 7549.7472
1.3000 1 7261.3888
1.4000 1 0.0
1.5000 1 0.0
1.6000 1 0.0
1.7000 1 4362.07616
1.8000 1 7990.14912
1.9000 1 7748.97664
2.0000 1 7602.176
2.1000 1 7759.4624
2.2000 1 7790.91968
2.3000 1 7728.00512
2.4000 1 7686.06208
2.5000 1 7790.91968
2.6000 1 7832.86272
2.7000 1 7471.104
2.8000 1 0.0
2.9000 1 0.0
3.0000 1 0.0
3.1000 1 4582.27712
3.2000 1 7465.86112
3.3000 1 7895.77728
3.4000 1 7707.0336
3.5000 1 7895.77728
3.6000 1 4047.50336
3.7000 1 8053.06368
3.8000 1 7780.43392
3.9000 1 7832.86272
4.0000 1 7056.91648
4.1000 1 8283.7504
4.2000 1 3109.02784
4.3000 1 0.0
4.4000 1 0.0
4.5000 1 2275.40992
4.6000 1 7581.20448
4.7000 1 7937.72032
4.8000 1 7811.8912
4.9000 1 7832.86272
5.0000 1 7916.7488
5.1000 1 7832.86272
5.2000 1 7696.54784
5.3000 1 7801.40544
5.4000 1 7738.49088
5.5000 1 7853.83424
5.6000 1 1420.82048
5.7000 1 73.40032
5.8000 1 0.0
5.9000 1 4099.93216
6.0000 1 7644.11904
6.1000 1 7790.91968
6.2000 1 7707.0336
6.3000 1 7780.43392
6.4000 1 7654.6048
6.5000 1 7465.86112
6.6000 1 8115.97824
6.7000 1 7696.54784
6.8000 1 8514.43712
6.9000 1 7292.84608
7.0000 1 0.0
7.1000 1 0.0
7.2000 1 0.0
7.3000 1 5704.25344
7.4000 1 7675.57632
7.5000 1 7864.32
7.6000 1 7780.43392
7.7000 1 7832.86272
7.8000 1 7853.83424
7.9000 1 7874.80576
8.0000 1 7822.37696
8.1000 1 7759.4624
8.2000 1 7738.49088
8.3000 1 5866.78272
8.4000 1 0.0
8.5000 1 0.0
8.6000 1 0.0
8.7000 1 7665.09056
8.8000 1 7822.37696
8.9000 1 7811.8912
9.0000 1 7843.34848
9.1000 1 7832.86272
9.2000 1 7686.06208
9.3000 1 7864.32
9.4000 1 7717.51936
9.5000 1 7843.34848
9.6000 1 7822.37696
9.7000 1 3801.088
9.8000 1 0.0
9.9000 1 0.0
10.0000 1 346.03008
10.1000 1 7308.57472
10.2000 1 7528.77568
10.3000 1 7738.49088
10.4000 1 7665.09056
10.5000 1 7906.26304
10.6000 1 7811.8912
10.7000 1 7853.83424
10.8000 1 7874.80576
10.9000 1 7874.80576
11.0000 1 7958.69184
11.1000 1 3895.45984
11.2000 1 0.0
11.3000 1 0.0
11.4000 1 1363.1488
11.5000 1 7644.11904
11.6000 1 7738.49088
11.7000 1 7728.00512
11.8000 1 7748.97664
11.9000 1 7822.37696
12.0000 1 7728.00512
12.1000 1 7811.8912
12.2000 1 7738.49088
12.3000 1 7801.40544
12.4000 1 7738.49088
12.5000 1 2878.34112
12.6000 1 0.0
12.7000 1 0.0
12.8000 1 2243.95264
12.9000 1 7633.63328
13.0000 1 7623.14752
13.1000 1 7843.34848
13.2000 1 7644.11904
13.3000 1 7906.26304
13.4000 1 7686.06208
13.5000 1 7790.91968
13.6000 1 7843.34848
13.7000 1 7864.32
13.8000 1 7927.23456
13.9000 1 1766.85056
14.0000 1 0.0
14.1000 1 0.0
14.2000 1 3701.47328
14.3000 1 7790.91968
14.4000 1 7769.94816
14.5000 1 6438.25664
14.6000 1 5410.65216
14.7000 1 7140.80256
14.8000 1 8367.63648
14.9000 1 8378.12224
15.0000 1 8420.06528
15.1000 1 8367.63648
15.2000 1 8210.35008
15.3000 1 1798.30784
15.4000 1 0.0
15.5000 1 0.0
15.6000 1 3418.35776
15.7000 1 8650.752
15.8000 1 8577.35168
15.9000 1 8661.23776
16.0000 1 8692.69504
16.1000 1 8745.12384
16.2000 1 8566.86592
16.3000 1 8587.83744
16.4000 1 8577.35168
16.5000 1 8640.26624
16.6000 1 592.44544
16.7000 1 0.0
16.8000 1 0.0
16.9000 1 4487.90528
17.0000 1 7644.11904
17.1000 1 7769.94816
17.2000 1 7707.0336
17.3000 1 7801.40544
17.4000 1 7728.00512
17.5000 1 7738.49088
17.6000 1 7738.49088
17.7000 1 7822.37696
17.8000 1 7874.80576
17.9000 1 7523.5328
18.0000 1 0.0
18.1000 1 0.0
18.2000 1 0.0
18.3000 1 5379.19488
18.4000 1 7549.7472
18.5000 1 7665.09056
18.6000 1 7790.91968
18.7000 1 7381.97504
18.8000 1 8283.7504
18.9000 1 8273.26464
19.0000 1 8157.92128
19.1000 1 8126.464
19.2000 1 8168.40704
19.3000 1 4503.63392
19.4000 1 83.88608
19.5000 1 73.40032
19.6000 1 1583.34976
19.7000 1 8346.66496
19.8000 1 8399.09376
19.9000 1 8252.29312
20.0000 1 8367.63648
20.1000 1 8178.8928
20.2000 1 8294.23616
20.3000 1 8388.608
20.4000 1 8084.52096
20.5000 1 8241.80736
20.6000 1 5489.29536
20.7000 1 62.91456
20.8000 1 0.0
20.9000 1 83.88608
21.0000 1 7287.6032
21.1000 1 8241.80736
21.2000 1 7675.57632
21.3000 1 7927.23456
21.4000 1 7707.0336
21.5000 1 7738.49088
21.6000 1 8053.06368
21.7000 1 8084.52096
21.8000 1 8388.608
21.9000 1 8346.66496
22.0000 1 2228.224
22.1000 1 73.40032
22.2000 1 73.40032
22.3000 1 3019.89888
22.4000 1 7497.3184
22.5000 1 7843.34848
22.6000 1 8210.35008
22.7000 1 7675.57632
22.8000 1 7654.6048
22.9000 1 8074.0352
23.0000 1 8273.26464
23.1000 1 8315.20768
23.2000 1 7319.06048
23.3000 1 7256.14592
23.4000 1 498.0736
23.5000 1 62.91456
23.6000 1 73.40032
23.7000 1 3942.64576
23.8000 1 8346.66496
23.9000 1 8000.63488
24.0000 1 8241.80736
24.1000 1 8199.86432
24.2000 1 7539.26144
24.3000 1 7602.176
24.4000 1 7266.63168
24.5000 1 7361.00352
24.6000 1 7486.83264
24.7000 1 6637.48608
24.8000 1 1001.39008
24.9000 1 83.88608
25.0000 1 62.91456
25.1000 1 4078.96064
25.2000 1 7675.57632
25.3000 1 7843.34848
25.4000 1 7581.20448
25.5000 1 7728.00512
25.6000 1 7811.8912
25.7000 1 7811.8912
25.8000 1 7759.4624
25.9000 1 7769.94816
26.0000 1 7843.34848
26.1000 1 7859.07712
26.2000 1 367.0016
26.3000 1 0.0
26.4000 1 0.0
26.5000 1 3208.64256
26.6000 1 7843.34848
26.7000 1 7717.51936
26.8000 1 7853.83424
26.9000 1 7864.32
27.0000 1 7759.4624
27.1000 1 7790.91968
27.2000 1 7675.57632
27.3000 1 7874.80576
27.4000 1 7696.54784
27.5000 1 7953.44896
27.6000 1 555.74528
27.7000 1 0.0
27.8000 1 0.0
27.9000 1 5211.42272
28.0000 1 7874.80576
28.1000 1 7759.4624
28.2000 1 7832.86272
28.3000 1 7895.77728
28.4000 1 7759.4624
28.5000 1 7864.32
28.6000 1 7874.80576
28.7000 1 6952.05888
28.8000 1 8336.1792
28.9000 1 6443.49952
29.0000 1 0.0
29.1000 1 0.0
29.2000 1 0.0
29.3000 1 6868.1728
29.4000 1 7801.40544
29.5000 1 7822.37696
29.6000 1 7916.7488
29.7000 1 7874.80576
29.8000 1 7864.32
29.9000 1 7874.80576
30.0000 1 7885.29152
30.1000 1 7927.23456
30.2000 1 7790.91968
30.3000 1 4136.63232
30.4000 1 0.0
30.5000 1 0.0
30.6000 1 1342.17728
30.7000 1 7486.83264
30.8000 1 7486.83264
30.9000 1 7539.26144
31.0000 1 7549.7472
31.1000 1 7602.176
31.2000 1 7518.28992
31.3000 1 7570.71872
31.4000 1 7497.3184
31.5000 1 7612.66176
31.6000 1 7623.14752
31.7000 1 4933.55008
31.8000 1 62.91456
31.9000 1 0.0
32.0000 1 293.60128
32.1000 1 7581.20448
32.2000 1 7780.43392
32.3000 1 7853.83424
32.4000 1 7748.97664
32.5000 1 7916.7488
32.6000 1 7843.34848
32.7000 1 7864.32
32.8000 1 7895.77728
32.9000 1 7843.34848
33.0000 1 7832.86272
33.1000 1 4335.86176
33.2000 1 0.0
33.3000 1 0.0
33.4000 1 0.0
33.5000 1 6123.68384
33.6000 1 7591.69024
33.7000 1 7581.20448
33.8000 1 7581.20448
33.9000 1 7633.63328
34.0000 1 7665.09056
34.1000 1 7686.06208
34.2000 1 7549.7472
34.3000 1 7696.54784
34.4000 1 7665.09056
34.5000 1 7041.18784
34.6000 1 0.0
34.7000 1 0.0
34.8000 1 0.0
34.9000 1 4183.81824
35.0000 1 6658.4576
35.1000 1 9342.81216
35.2000 1 7518.28992
35.3000 1 7612.66176
35.4000 1 7570.71872
35.5000 1 7612.66176
35.6000 1 7633.63328
35.7000 1 7675.57632
35.8000 1 7644.11904
35.9000 1 7638.87616
36.0000 1 765.46048
36.1000 1 0.0
36.2000 1 0.0
36.3000 1 4613.7344
36.4000 1 7528.77568
36.5000 1 7675.57632
36.6000 1 7591.69024
36.7000 1 7623.14752
36.8000 1 7602.176
36.9000 1 7623.14752
37.0000 1 7549.7472
37.1000 1 7644.11904
37.2000 1 7539.26144
37.3000 1 7607.41888
37.4000 1 1174.40512
37.5000 1 0.0
37.6000 1 0.0
37.7000 1 3523.21536
37.8000 1 7570.71872
37.9000 1 7602.176
38.0000 1 7602.176
38.1000 1 7560.23296
38.2000 1 7591.69024
38.3000 1 7549.7472
38.4000 1 7633.63328
38.5000 1 7654.6048
38.6000 1 7665.09056
38.7000 1 7654.6048
38.8000 1 2060.45184
38.9000 1 0.0
39.0000 1 0.0
39.1000 1 2988.4416
39.2000 1 7340.032
39.3000 1 7308.57472
39.4000 1 7497.3184
39.5000 1 7497.3184
39.6000 1 7528.77568
39.7000 1 7476.34688
39.8000 1 7528.77568
39.9000 1 7654.6048
40.0000 1 7539.26144
40.1000 1 7623.14752
40.2000 1 3801.088
40.3000 1 0.0
40.4000 1 0.0
40.5000 1 1415.5776
40.6000 1 7140.80256
40.7000 1 7444.8896
40.8000 1 7528.77568
40.9000 1 7528.77568
41.0000 1 7570.71872
41.1000 1 7528.77568
41.2000 1 7623.14752
41.3000 1 7612.66176
41.4000 1 7696.54784
41.5000 1 7665.09056
41.6000 1 5017.43616
41.7000 1 0.0
41.8000 1 0.0
41.9000 1 429.91616
42.0000 1 6731.85792
42.1000 1 7308.57472
42.2000 1 8524.92288
42.3000 1 7885.29152
42.4000 1 8304.72192
42.5000 1 7979.66336
42.6000 1 8189.37856
42.7000 1 8032.09216
42.8000 1 7990.14912
42.9000 1 8357.15072
43.0000 1 602.9312
43.1000 1 83.88608
43.2000 1 62.91456
43.3000 1 2684.35456
43.4000 1 7224.68864
43.5000 1 7025.4592
43.6000 1 7298.08896
43.7000 1 7182.7456
43.8000 1 8168.40704
43.9000 1 8136.94976
44.0000 1 8178.8928
44.1000 1 8157.92128
44.2000 1 7822.37696
44.3000 1 8367.63648
44.4000 1 1420.82048
44.5000 1 73.40032
44.6000 1 62.91456
44.7000 1 3953.13152
44.8000 1 7256.14592
44.9000 1 7507.80416
45.0000 1 8074.0352
45.1000 1 3040.8704
45.2000 1 2789.21216
45.3000 1 6931.08736
45.4000 1 7979.66336
45.5000 1 7780.43392
45.6000 1 6941.57312
45.7000 1 7423.91808
45.8000 1 8220.83584
45.9000 1 3759.14496
46.0000 1 83.88608
46.1000 1 62.91456
46.2000 1 713.03168
46.3000 1 7738.49088
46.4000 1 7109.34528
46.5000 1 7046.43072
46.6000 1 7811.8912
46.7000 1 7811.8912
46.8000 1 7413.43232
46.9000 1 8095.00672
47.0000 1 7885.29152
47.1000 1 8084.52096
47.2000 1 8095.00672
47.3000 1 3822.05952
47.4000 1 62.91456
47.5000 1 73.40032
47.6000 1 1876.95104
47.7000 1 7686.06208
47.8000 1 8325.69344
47.9000 1 8986.29632
48.0000 1 7193.23136
48.1000 1 7203.71712
48.2000 1 7371.48928
48.3000 1 7256.14592
48.4000 1 7308.57472
48.5000 1 7287.6032
48.6000 1 7287.6032
48.7000 1 5258.60864
48.8000 1 73.40032
48.9000 1 0.0
49.0000 1 0.0
49.1000 1 6018.82624
49.2000 1 7612.66176
49.3000 1 7602.176
49.4000 1 7654.6048
49.5000 1 7570.71872
49.6000 1 7696.54784
49.7000 1 7644.11904
49.8000 1 7602.176
49.9000 1 7591.69024
50.0000 1 7801.40544
50.1000 1 6978.27328
50.2000 1 0.0
50.3000 1 0.0
50.4000 1 0.0
50.5000 1 5588.91008
50.6000 1 7633.63328
50.7000 1 7476.34688
50.8000 1 7528.77568
50.9000 1 7633.63328
51.0000 1 7539.26144
51.1000 1 7423.91808
51.2000 1 7644.11904
51.3000 1 7528.77568
51.4000 1 7686.06208
51.5000 1 7628.3904
51.6000 1 492.83072
51.7000 1 0.0
51.8000 1 0.0
51.9000 1 4791.99232
52.0000 1 7612.66176
52.1000 1 7591.69024
52.2000 1 7654.6048
52.3000 1 7623.14752
52.4000 1 7696.54784
52.5000 1 7633.63328
52.6000 1 7570.71872
52.7000 1 7539.26144
52.8000 1 7581.20448
52.9000 1 7586.44736
53.0000 1 922.74688
53.1000 1 73.40032
53.2000 1 0.0
53.3000 1 3932.16
53.4000 1 7644.11904
53.5000 1 7602.176
53.6000 1 7665.09056
53.7000 1 7581.20448
53.8000 1 7665.09056
53.9000 1 7591.69024
54.0000 1 7539.26144
54.1000 1 7497.3184
54.2000 1 7654.6048
54.3000 1 7591.69024
54.4000 1 1787.82208
54.5000 1 0.0
54.6000 1 0.0
54.7000 1 3386.90048
54.8000 1 7539.26144
54.9000 1 7549.7472
55.0000 1 7623.14752
55.1000 1 7465.86112
55.2000 1 6249.51296
55.3000 1 4802.47808
55.4000 1 7025.4592
55.5000 1 8105.49248
55.6000 1 7633.63328
55.7000 1 7612.66176
55.8000 1 6737.1008
55.9000 1 73.40032
56.0000 1 0.0
56.1000 1 0.0
56.2000 1 5505.024
56.3000 1 7287.6032
56.4000 1 7654.6048
56.5000 1 7539.26144
56.6000 1 7759.4624
56.7000 1 7675.57632
56.8000 1 7623.14752
56.9000 1 7549.7472
57.0000 1 5148.50816
57.1000 1 7549.7472
57.2000 1 7633.63328
57.3000 1 2962.2272
57.4000 1 0.0
57.5000 1 0.0
57.6000 1 1436.54912
57.7000 1 7277.11744
57.8000 1 7486.83264
57.9000 1 7308.57472
58.0000 1 7507.80416
58.1000 1 7497.3184
58.2000 1 7654.6048
58.3000 1 7497.3184
58.4000 1 7644.11904
58.5000 1 7717.51936
58.6000 1 10349.44512
58.7000 1 2416.96768
58.8000 1 62.91456
58.9000 1 0.0
59.0000 1 2453.66784
59.1000 1 7203.71712
59.2000 1 7340.032
59.3000 1 7329.54624
59.4000 1 10108.27264
59.5000 1 7361.00352
59.6000 1 6910.11584
59.7000 1 7790.91968
59.8000 1 7329.54624
59.9000 1 7298.08896
60.0000 1 7340.032
60.1000 1 3339.71456
60.2000 1 0.0
60.3000 1 0.0
60.4000 1 1394.60608
60.5000 1 7277.11744
60.6000 1 7581.20448
60.7000 1 7486.83264
60.8000 1 7665.09056
60.9000 1 7665.09056
61.0000 1 7549.7472
61.1000 1 7602.176
61.2000 1 7497.3184
61.3000 1 7686.06208
61.4000 1 7707.0336
61.5000 1 4713.34912
61.6000 1 0.0
61.7000 1 0.0
61.8000 1 209.7152
61.9000 1 7151.28832
62.0000 1 7203.71712
62.1000 1 7298.08896
62.2000 1 7287.6032
62.3000 1 7287.6032
62.4000 1 7308.57472
62.5000 1 7277.11744
62.6000 1 7392.4608
62.7000 1 7361.00352
62.8000 1 7298.08896
62.9000 1 7429.16096
63.0000 1 1289.74848
63.1000 1 73.40032
63.2000 1 0.0
63.3000 1 3722.4448
63.4000 1 7413.43232
63.5000 1 7539.26144
63.6000 1 7539.26144
63.7000 1 7665.09056
63.8000 1 7591.69024
63.9000 1 7654.6048
64.0000 1 7549.7472
64.1000 1 7696.54784
64.2000 1 7623.14752
64.3000 1 7633.63328
64.4000 1 2175.7952
64.5000 1 0.0
64.6000 1 0.0
64.7000 1 2810.18368
64.8000 1 7486.83264
64.9000 1 7528.77568
65.0000 1 7413.43232
65.1000 1 7539.26144
65.2000 1 7591.69024
65.3000 1 7612.66176
65.4000 1 7633.63328
65.5000 1 7633.63328
65.6000 1 7654.6048
65.7000 1 7665.09056
65.8000 1 1693.45024
