0.1000 1 0.0
0.2000 1 94.37184
0.3000 1 9311.35488
0.4000 1 8566.86592
0.5000 1 8619.29472
0.6000 1 8535.40864
0.7000 1 8619.29472
0.8000 1 8514.43712
0.9000 1 8472.49408
1.0000 1 8346.66496
1.1000 1 8294.23616
1.2000 1 5300.55168
1.3000 1 0.0
1.4000 1 0.0
1.5000 1 0.0
1.6000 1 6836.71552
1.7000 1 8545.8944
1.8000 1 8524.92288
1.9000 1 8503.95136
2.0000 1 8556.38016
2.1000 1 8629.78048
2.2000 1 8556.38016
2.3000 1 8420.06528
2.4000 1 8472.49408
2.5000 1 6590.30016
2.6000 1 0.0
2.7000 1 0.0
2.8000 1 0.0
2.9000 1 5546.96704
3.0000 1 8482.97984
3.1000 1 8524.92288
3.2000 1 8598.3232
3.3000 1 8545.8944
3.4000 1 8472.49408
3.5000 1 8430.55104
3.6000 1 8451.52256
3.7000 1 8336.1792
3.8000 1 8257.536
3.9000 1 0.0
4.0000 1 0.0
4.1000 1 0.0
4.2000 1 4299.1616
4.3000 1 8608.80896
4.4000 1 8671.72352
4.5000 1 8682.20928
4.6000 1 8566.86592
4.7000 1 8472.49408
4.8000 1 8367.63648
4.9000 1 8462.00832
5.0000 1 8409.57952
5.1000 1 8435.79392
5.2000 1 639.63136
5.3000 1 0.0
5.4000 1 0.0
5.5000 1 2610.95424
5.6000 1 8325.69344
5.7000 1 8451.52256
5.8000 1 8598.3232
5.9000 1 8598.3232
6.0000 1 8629.78048
6.1000 1 8503.95136
6.2000 1 8472.49408
6.3000 1 8482.97984
6.4000 1 8441.0368
6.5000 1 2679.11168
6.6000 1 0.0
6.7000 1 0.0
6.8000 1 524.288
6.9000 1 8252.29312
7.0000 1 8378.12224
7.1000 1 8535.40864
7.2000 1 8587.83744
7.3000 1 8629.78048
7.4000 1 8503.95136
7.5000 1 8420.06528
7.6000 1 7864.32
7.7000 1 8074.0352
7.8000 1 5961.15456
7.9000 1 83.88608
8.0000 1 0.0
8.1000 1 0.0
8.2000 1 5473.56672
8.3000 1 8430.55104
8.4000 1 8482.97984
8.5000 1 8378.12224
8.6000 1 8577.35168
8.7000 1 8367.63648
8.8000 1 8388.608
8.9000 1 8451.52256
9.0000 1 8409.57952
9.1000 1 8404.33664
9.2000 1 429.91616
9.3000 1 0.0
9.4000 1 0.0
9.5000 1 3261.07136
9.6000 1 8587.83744
9.7000 1 8608.80896
9.8000 1 8577.35168
9.9000 1 8535.40864
10.0000 1 8598.3232
10.1000 1 8577.35168
10.2000 1 8493.4656
10.3000 1 8409.57952
10.4000 1 8441.0368
10.5000 1 1672.47872
10.6000 1 0.0
10.7000 1 0.0
10.8000 1 859.83232
10.9000 1 8367.63648
11.0000 1 8273.26464
11.1000 1 8430.55104
11.2000 1 8357.15072
11.3000 1 8587.83744
11.4000 1 9070.1824
11.5000 1 8829.00992
11.6000 1 8409.57952
11.7000 1 8388.608
11.8000 1 3769.63072
11.9000 1 0.0
12.0000 1 0.0
12.1000 1 0.0
12.2000 1 6784.28672
12.3000 1 8587.83744
12.4000 1 8524.92288
12.5000 1 8608.80896
12.6000 1 8566.86592
12.7000 1 8451.52256
12.8000 1 8462.00832
12.9000 1 8378.12224
13.0000 1 8325.69344
13.1000 1 7072.64512
13.2000 1 0.0
13.3000 1 0.0
13.4000 1 0.0
13.5000 1 4592.76288
13.6000 1 8231.3216
13.7000 1 8336.1792
13.8000 1 8441.0368
13.9000 1 8535.40864
14.0000 1 8441.0368
14.1000 1 8430.55104
14.2000 1 8357.15072
14.3000 1 8336.1792
14.4000 1 8420.06528
14.5000 1 1557.13536
14.6000 1 0.0
14.7000 1 0.0
14.8000 1 2149.5808
14.9000 1 8566.86592
15.0000 1 8598.3232
15.1000 1 8598.3232
15.2000 1 8587.83744
15.3000 1 8629.78048
15.4000 1 8598.3232
15.5000 1 8556.38016
15.6000 1 8430.55104
15.7000 1 8409.57952
15.8000 1 2647.6544
15.9000 1 0.0
16.0000 1 0.0
16.1000 1 1069.54752
16.2000 1 8367.63648
16.3000 1 8482.97984
16.4000 1 8535.40864
16.5000 1 8472.49408
16.6000 1 8766.09536
16.7000 1 8577.35168
16.8000 1 8556.38016
16.9000 1 8399.09376
17.0000 1 8420.06528
17.1000 1 4084.20352
17.2000 1 0.0
17.3000 1 0.0
17.4000 1 0.0
17.5000 1 7853.83424
17.6000 1 8556.38016
17.7000 1 8514.43712
17.8000 1 8535.40864
17.9000 1 8587.83744
18.0000 1 8566.86592
18.1000 1 8577.35168
18.2000 1 8441.0368
18.3000 1 8399.09376
18.4000 1 5803.86816
18.5000 1 0.0
18.6000 1 0.0
18.7000 1 0.0
18.8000 1 5809.11104
18.9000 1 8241.80736
19.0000 1 8294.23616
19.1000 1 8388.608
19.2000 1 8493.4656
19.3000 1 8545.8944
19.4000 1 8367.63648
19.5000 1 8409.57952
19.6000 1 8399.09376
19.7000 1 8351.90784
19.8000 1 346.03008
19.9000 1 0.0
20.0000 1 0.0
20.1000 1 1677.7216
20.2000 1 8262.77888
20.3000 1 8346.66496
20.4000 1 8451.52256
20.5000 1 8441.0368
20.6000 1 8472.49408
20.7000 1 8462.00832
20.8000 1 8409.57952
20.9000 1 8409.57952
21.0000 1 8430.55104
21.1000 1 3675.25888
21.2000 1 0.0
21.3000 1 0.0
21.4000 1 62.91456
21.5000 1 8000.63488
21.6000 1 8241.80736
21.7000 1 8430.55104
21.8000 1 8472.49408
21.9000 1 8482.97984
22.0000 1 8315.20768
22.1000 1 8315.20768
22.2000 1 8346.66496
22.3000 1 8399.09376
22.4000 1 7575.9616
22.5000 1 0.0
22.6000 1 0.0
22.7000 1 0.0
22.8000 1 3774.8736
22.9000 1 8241.80736
23.0000 1 8304.72192
23.1000 1 8409.57952
23.2000 1 8545.8944
23.3000 1 8503.95136
23.4000 1 8535.40864
23.5000 1 8462.00832
23.6000 1 8420.06528
23.7000 1 8409.57952
23.8000 1 2060.45184
23.9000 1 0.0
24.0000 1 0.0
24.1000 1 1048.576
24.2000 1 8346.66496
24.3000 1 8420.06528
24.4000 1 8451.52256
24.5000 1 8472.49408
24.6000 1 8482.97984
24.7000 1 8503.95136
24.8000 1 8462.00832
24.9000 1 8252.29312
25.0000 1 8367.63648
25.1000 1 4975.49312
25.2000 1 0.0
25.3000 1 0.0
25.4000 1 0.0
25.5000 1 6731.85792
25.6000 1 8388.608
25.7000 1 8514.43712
25.8000 1 8503.95136
25.9000 1 8577.35168
26.0000 1 8493.4656
26.1000 1 8388.608
26.2000 1 8409.57952
26.3000 1 8378.12224
26.4000 1 7282.36032
26.5000 1 52.4288
26.6000 1 0.0
26.7000 1 0.0
26.8000 1 5221.90848
26.9000 1 8556.38016
27.0000 1 8629.78048
27.1000 1 8577.35168
27.2000 1 8650.752
27.3000 1 8577.35168
27.4000 1 8462.00832
27.5000 1 8420.06528
27.6000 1 8388.608
27.7000 1 8215.59296
27.8000 1 0.0
27.9000 1 0.0
28.0000 1 0.0
28.1000 1 3365.92896
28.2000 1 8535.40864
28.3000 1 8608.80896
28.4000 1 8608.80896
28.5000 1 8640.26624
28.6000 1 8608.80896
28.7000 1 8462.00832
28.8000 1 8336.1792
28.9000 1 8441.0368
29.0000 1 8409.57952
29.1000 1 1777.33632
29.2000 1 0.0
29.3000 1 0.0
29.4000 1 1751.12192
29.5000 1 8587.83744
29.6000 1 8545.8944
29.7000 1 8524.92288
29.8000 1 8524.92288
29.9000 1 8514.43712
30.0000 1 8503.95136
30.1000 1 8367.63648
30.2000 1 8388.608
30.3000 1 8399.09376
30.4000 1 3664.77312
30.5000 1 0.0
30.6000 1 0.0
30.7000 1 0.0
30.8000 1 7570.71872
30.9000 1 8399.09376
31.0000 1 8472.49408
31.1000 1 8535.40864
31.2000 1 8619.29472
31.3000 1 6123.68384
31.4000 1 6050.28352
31.5000 1 8315.20768
31.6000 1 8220.83584
31.7000 1 8231.3216
31.8000 1 3287.28576
31.9000 1 0.0
32.0000 1 0.0
32.1000 1 146.80064
32.2000 1 8776.58112
32.3000 1 8524.92288
32.4000 1 8535.40864
32.5000 1 8545.8944
32.6000 1 8598.3232
32.7000 1 8503.95136
32.8000 1 8378.12224
32.9000 1 8409.57952
33.0000 1 8430.55104
33.1000 1 4996.46464
33.2000 1 0.0
33.3000 1 0.0
33.4000 1 0.0
33.5000 1 6092.22656
33.6000 1 5966.39744
33.7000 1 8367.63648
33.8000 1 7790.91968
33.9000 1 7738.49088
34.0000 1 7853.83424
34.1000 1 7822.37696
34.2000 1 7486.83264
34.3000 1 8378.12224
34.4000 1 7916.7488
34.5000 1 5211.42272
34.6000 1 330.30144
34.7000 1 73.40032
34.8000 1 62.91456
34.9000 1 3795.84512
35.0000 1 8524.92288
35.1000 1 8388.608
35.2000 1 8409.57952
35.3000 1 8556.38016
35.4000 1 8535.40864
35.5000 1 8378.12224
35.6000 1 8367.63648
35.7000 1 8367.63648
35.8000 1 8325.69344
35.9000 1 2941.25568
36.0000 1 0.0
36.1000 1 0.0
36.2000 1 41.94304
36.3000 1 8262.77888
36.4000 1 8545.8944
36.5000 1 7654.6048
36.6000 1 9332.3264
36.7000 1 8535.40864
36.8000 1 8503.95136
36.9000 1 8441.0368
37.0000 1 8346.66496
37.1000 1 8336.1792
37.2000 1 5824.83968
37.3000 1 0.0
37.4000 1 0.0
37.5000 1 0.0
37.6000 1 5158.99392
37.7000 1 7937.72032
37.8000 1 8115.97824
37.9000 1 8598.3232
38.0000 1 8535.40864
38.1000 1 8514.43712
38.2000 1 8566.86592
38.3000 1 8409.57952
38.4000 1 8346.66496
38.5000 1 8357.15072
38.6000 1 1211.10528
38.7000 1 0.0
38.8000 1 0.0
38.9000 1 2170.55232
39.0000 1 8074.0352
39.1000 1 8294.23616
39.2000 1 8294.23616
39.3000 1 8273.26464
39.4000 1 8273.26464
39.5000 1 8136.94976
39.6000 1 8136.94976
39.7000 1 8053.06368
39.8000 1 8126.464
39.9000 1 5929.69728
40.0000 1 0.0
40.1000 1 0.0
40.2000 1 0.0
40.3000 1 5966.39744
40.4000 1 8252.29312
40.5000 1 8294.23616
40.6000 1 8199.86432
40.7000 1 8315.20768
40.8000 1 8136.94976
40.9000 1 8095.00672
41.0000 1 8095.00672
41.1000 1 8063.54944
41.2000 1 8126.464
41.3000 1 2228.224
41.4000 1 0.0
41.5000 1 0.0
41.6000 1 429.91616
41.7000 1 5012.19328
41.8000 1 5704.25344
41.9000 1 8640.26624
42.0000 1 7811.8912
42.1000 1 7885.29152
42.2000 1 8336.1792
42.3000 1 8535.40864
42.4000 1 8430.55104
42.5000 1 8367.63648
42.6000 1 8252.29312
42.7000 1 4367.31904
42.8000 1 0.0
42.9000 1 0.0
43.0000 1 0.0
43.1000 1 8178.8928
43.2000 1 8619.29472
43.3000 1 8566.86592
43.4000 1 8671.72352
43.5000 1 8566.86592
43.6000 1 8462.00832
43.7000 1 8399.09376
43.8000 1 8367.63648
43.9000 1 8420.06528
44.0000 1 5531.2384
44.1000 1 0.0
44.2000 1 0.0
44.3000 1 0.0
44.4000 1 5473.56672
44.5000 1 8587.83744
44.6000 1 8556.38016
44.7000 1 8556.38016
44.8000 1 8482.97984
44.9000 1 8336.1792
45.0000 1 8399.09376
45.1000 1 8367.63648
45.2000 1 8472.49408
45.3000 1 8404.33664
45.4000 1 251.65824
45.5000 1 0.0
45.6000 1 0.0
45.7000 1 2107.63776
45.8000 1 8210.35008
45.9000 1 8420.06528
46.0000 1 8388.608
46.1000 1 8451.52256
46.2000 1 8503.95136
46.3000 1 8556.38016
46.4000 1 8482.97984
46.5000 1 8472.49408
46.6000 1 8357.15072
46.7000 1 3853.5168
46.8000 1 0.0
46.9000 1 0.0
47.0000 1 0.0
47.1000 1 7025.4592
47.2000 1 8220.83584
47.3000 1 8304.72192
47.4000 1 8409.57952
47.5000 1 8336.1792
47.6000 1 8273.26464
47.7000 1 8283.7504
47.8000 1 8262.77888
47.9000 1 8399.09376
48.0000 1 8268.02176
48.1000 1 0.0
48.2000 1 0.0
48.3000 1 0.0
48.4000 1 3554.67264
48.5000 1 8126.464
48.6000 1 8074.0352
48.7000 1 8136.94976
48.8000 1 8283.7504
48.9000 1 8315.20768
49.0000 1 8283.7504
49.1000 1 8136.94976
49.2000 1 8095.00672
49.3000 1 8126.464
49.4000 1 4587.52
49.5000 1 0.0
49.6000 1 0.0
49.7000 1 0.0
49.8000 1 6385.82784
49.9000 1 8367.63648
50.0000 1 8472.49408
50.1000 1 8556.38016
50.2000 1 8524.92288
50.3000 1 8608.80896
50.4000 1 8472.49408
50.5000 1 8367.63648
50.6000 1 8315.20768
50.7000 1 7754.21952
50.8000 1 0.0
50.9000 1 0.0
51.0000 1 0.0
51.1000 1 4005.56032
51.2000 1 8399.09376
51.3000 1 8441.0368
51.4000 1 8430.55104
51.5000 1 8210.35008
51.6000 1 8189.37856
51.7000 1 8273.26464
51.8000 1 6564.08576
51.9000 1 4844.42112
52.0000 1 7161.77408
52.1000 1 8435.79392
52.2000 1 828.37504
52.3000 1 0.0
52.4000 1 0.0
52.5000 1 2128.60928
52.6000 1 8178.8928
52.7000 1 8220.83584
52.8000 1 8262.77888
52.9000 1 8535.40864
53.0000 1 8503.95136
53.1000 1 8482.97984
53.2000 1 8399.09376
53.3000 1 8399.09376
53.4000 1 8357.15072
53.5000 1 4377.8048
53.6000 1 0.0
53.7000 1 0.0
53.8000 1 0.0
53.9000 1 7402.94656
54.0000 1 8441.0368
54.1000 1 8545.8944
54.2000 1 8514.43712
54.3000 1 8566.86592
54.4000 1 8493.4656
54.5000 1 8336.1792
54.6000 1 8378.12224
54.7000 1 8367.63648
54.8000 1 6747.58656
54.9000 1 0.0
55.0000 1 0.0
55.1000 1 0.0
55.2000 1 5316.28032
55.3000 1 8556.38016
55.4000 1 8556.38016
55.5000 1 8535.40864
55.6000 1 8587.83744
55.7000 1 8640.26624
55.8000 1 8503.95136
55.9000 1 8493.4656
56.0000 1 8357.15072
56.1000 1 8268.02176
56.2000 1 0.0
56.3000 1 0.0
56.4000 1 0.0
56.5000 1 3879.7312
56.6000 1 8409.57952
56.7000 1 8545.8944
56.8000 1 8587.83744
56.9000 1 8598.3232
57.0000 1 8682.20928
57.1000 1 8556.38016
57.2000 1 8503.95136
57.3000 1 8409.57952
57.4000 1 8388.608
57.5000 1 1284.5056
57.6000 1 0.0
57.7000 1 0.0
57.8000 1 2369.78176
57.9000 1 8556.38016
58.0000 1 8556.38016
58.1000 1 8514.43712
58.2000 1 8577.35168
58.3000 1 8462.00832
58.4000 1 8399.09376
58.5000 1 8409.57952
58.6000 1 8399.09376
58.7000 1 8074.0352
58.8000 1 3129.99936
58.9000 1 62.91456
59.0000 1 73.40032
59.1000 1 262.144
59.2000 1 8378.12224
59.3000 1 8136.94976
59.4000 1 7822.37696
59.5000 1 8357.15072
59.6000 1 8514.43712
59.7000 1 8336.1792
59.8000 1 8304.72192
59.9000 1 8273.26464
60.0000 1 8357.15072
60.1000 1 7282.36032
60.2000 1 0.0
60.3000 1 0.0
60.4000 1 0.0
60.5000 1 4351.5904
60.6000 1 8147.43552
60.7000 1 8241.80736
60.8000 1 8126.464
60.9000 1 8252.29312
61.0000 1 7969.1776
61.1000 1 7570.71872
61.2000 1 4980.736
61.3000 1 10422.84544
61.4000 1 115.34336
61.5000 1 7119.83104
61.6000 1 9463.3984
61.7000 1 293.60128
61.8000 1 62.91456
61.9000 1 0.0
62.0000 1 891.2896
62.1000 1 4708.10624
62.2000 1 8357.15072
62.3000 1 8168.40704
62.4000 1 10160.70144
62.5000 1 8084.52096
62.6000 1 8231.3216
62.7000 1 8210.35008
62.8000 1 8095.00672
62.9000 1 8252.29312
63.0000 1 4388.29056
