0.1000 1 0.0
0.2000 1 828.37504
0.3000 1 8556.38016
0.4000 1 7486.83264
0.5000 1 7507.80416
0.6000 1 7361.00352
0.7000 1 7549.7472
0.8000 1 7832.86272
0.9000 1 8231.3216
1.0000 1 8199.86432
1.1000 1 8283.7504
1.2000 1 8304.72192
1.3000 1 3119.5136
1.4000 1 0.0
1.5000 1 0.0
1.6000 1 0.0
1.7000 1 4215.27552
1.8000 1 7570.71872
1.9000 1 7602.176
2.0000 1 7591.69024
2.1000 1 7591.69024
2.2000 1 7644.11904
2.3000 1 7675.57632
2.4000 1 7570.71872
2.5000 1 7644.11904
2.6000 1 7518.28992
2.7000 1 7607.41888
2.8000 1 1604.32128
2.9000 1 0.0
3.0000 1 0.0
3.1000 1 0.0
3.2000 1 3995.07456
3.3000 1 5641.33888
3.4000 1 5662.3104
3.5000 1 5788.13952
3.6000 1 6018.82624
3.7000 1 5882.51136
3.8000 1 6029.312
3.9000 1 6008.34048
4.0000 1 5955.91168
4.1000 1 6259.99872
4.2000 1 6427.77088
4.3000 1 7853.83424
4.4000 1 7738.49088
4.5000 1 1294.99136
4.6000 1 0.0
4.7000 1 73.40032
4.8000 1 62.91456
4.9000 1 5075.10784
5.0000 1 7591.69024
5.1000 1 7088.37376
5.2000 1 6899.63008
5.3000 1 6721.37216
5.4000 1 6847.20128
5.5000 1 7811.8912
5.6000 1 7843.34848
5.7000 1 7654.6048
5.8000 1 8000.63488
5.9000 1 7717.51936
6.0000 1 2291.13856
6.1000 1 73.40032
6.2000 1 73.40032
6.3000 1 62.91456
6.4000 1 3502.24384
6.5000 1 7675.57632
6.6000 1 7507.80416
6.7000 1 7549.7472
6.8000 1 7256.14592
6.9000 1 7507.80416
7.0000 1 7633.63328
7.1000 1 7623.14752
7.2000 1 7203.71712
7.3000 1 7434.40384
7.4000 1 7361.00352
7.5000 1 3129.99936
7.6000 1 83.88608
7.7000 1 73.40032
7.8000 1 62.91456
7.9000 1 3428.84352
8.0000 1 7927.23456
8.1000 1 7790.91968
8.2000 1 7581.20448
8.3000 1 7822.37696
8.4000 1 7319.06048
8.5000 1 7350.51776
8.6000 1 7696.54784
8.7000 1 7518.28992
8.8000 1 7832.86272
8.9000 1 7444.8896
9.0000 1 1840.25088
9.1000 1 62.91456
9.2000 1 0.0
9.3000 1 62.91456
9.4000 1 7759.4624
9.5000 1 7486.83264
9.6000 1 7707.0336
9.7000 1 7843.34848
9.8000 1 9300.86912
9.9000 1 5326.76608
10.0000 1 8776.58112
10.1000 1 7623.14752
10.2000 1 7570.71872
10.3000 1 5525.99552
10.4000 1 7345.27488
10.5000 1 1174.40512
10.6000 1 10.48576
10.7000 1 52.4288
10.8000 1 73.40032
10.9000 1 5211.42272
11.0000 1 14575.2064
11.1000 1 8325.69344
11.2000 1 7769.94816
11.3000 1 7759.4624
11.4000 1 7759.4624
11.5000 1 7790.91968
11.6000 1 7790.91968
11.7000 1 7707.0336
11.8000 1 7838.1056
11.9000 1 1331.69152
12.0000 1 0.0
12.1000 1 0.0
12.2000 1 0.0
12.3000 1 6165.62688
12.4000 1 7570.71872
12.5000 1 7748.97664
12.6000 1 5211.42272
12.7000 1 0.0
12.8000 1 8818.52416
12.9000 1 9363.78368
13.0000 1 8891.92448
13.1000 1 7790.91968
13.2000 1 7748.97664
13.3000 1 7780.43392
13.4000 1 5363.46624
13.5000 1 0.0
13.6000 1 0.0
13.7000 1 0.0
13.8000 1 1132.46208
13.9000 1 7444.8896
14.0000 1 7822.37696
14.1000 1 7822.37696
14.2000 1 7707.0336
14.3000 1 7696.54784
14.4000 1 7780.43392
14.5000 1 7811.8912
14.6000 1 7811.8912
14.7000 1 7843.34848
14.8000 1 7817.13408
14.9000 1 3103.78496
15.0000 1 73.40032
15.1000 1 0.0
15.2000 1 0.0
15.3000 1 3827.3024
15.4000 1 5903.48288
15.5000 1 5892.99712
15.6000 1 6144.65536
15.7000 1 6647.97184
15.8000 1 8210.35008
15.9000 1 8325.69344
16.0000 1 8283.7504
16.1000 1 7811.8912
16.2000 1 7801.40544
16.3000 1 7748.97664
16.4000 1 5122.29376
16.5000 1 52.4288
16.6000 1 73.40032
16.7000 1 73.40032
16.8000 1 2327.83872
16.9000 1 7633.63328
17.0000 1 7602.176
17.1000 1 7790.91968
17.2000 1 7728.00512
17.3000 1 7696.54784
17.4000 1 7748.97664
17.5000 1 7811.8912
17.6000 1 7738.49088
17.7000 1 7832.86272
17.8000 1 7775.19104
17.9000 1 1971.32288
18.0000 1 0.0
18.1000 1 0.0
18.2000 1 0.0
18.3000 1 5840.56832
18.4000 1 7591.69024
18.5000 1 7738.49088
18.6000 1 7790.91968
18.7000 1 7811.8912
18.8000 1 7769.94816
18.9000 1 7769.94816
19.0000 1 7780.43392
19.1000 1 7780.43392
19.2000 1 7707.0336
19.3000 1 6170.86976
19.4000 1 0.0
19.5000 1 83.88608
19.6000 1 73.40032
19.7000 1 1426.06336
19.8000 1 7308.57472
19.9000 1 7528.77568
20.0000 1 5022.67904
20.1000 1 3303.0144
20.2000 1 6092.22656
20.3000 1 8745.12384
20.4000 1 8891.92448
20.5000 1 8629.78048
20.6000 1 7560.23296
20.7000 1 7560.23296
20.8000 1 7617.90464
20.9000 1 1897.92256
21.0000 1 62.91456
21.1000 1 83.88608
21.2000 1 0.0
21.3000 1 4131.38944
21.4000 1 6092.22656
21.5000 1 6102.71232
21.6000 1 6071.25504
21.7000 1 6039.79776
21.8000 1 5997.85472
21.9000 1 5976.8832
22.0000 1 5987.36896
22.1000 1 6134.1696
22.2000 1 5809.11104
22.3000 1 5840.56832
22.4000 1 5851.05408
22.5000 1 5777.65376
22.6000 1 5877.26848
22.7000 1 73.40032
22.8000 1 0.0
22.9000 1 0.0
23.0000 1 0.0
23.1000 1 7361.00352
23.2000 1 7738.49088
23.3000 1 7822.37696
23.4000 1 7675.57632
23.5000 1 7738.49088
23.6000 1 7874.80576
23.7000 1 7864.32
23.8000 1 7885.29152
23.9000 1 7874.80576
24.0000 1 7838.1056
24.1000 1 3953.13152
24.2000 1 0.0
24.3000 1 0.0
24.4000 1 0.0
24.5000 1 3827.3024
24.6000 1 7591.69024
24.7000 1 7717.51936
24.8000 1 7748.97664
24.9000 1 7696.54784
25.0000 1 7654.6048
25.1000 1 7759.4624
25.2000 1 7748.97664
25.3000 1 7948.20608
25.4000 1 7811.8912
25.5000 1 7775.19104
25.6000 1 576.7168
25.7000 1 0.0
25.8000 1 0.0
25.9000 1 0.0
26.0000 1 6092.22656
26.1000 1 7570.71872
26.2000 1 7581.20448
26.3000 1 7696.54784
26.4000 1 7675.57632
26.5000 1 7665.09056
26.6000 1 7623.14752
26.7000 1 7707.0336
26.8000 1 7560.23296
26.9000 1 7696.54784
27.0000 1 6841.9584
27.1000 1 73.40032
27.2000 1 83.88608
27.3000 1 52.4288
27.4000 1 1132.46208
27.5000 1 7686.06208
27.6000 1 7780.43392
27.7000 1 7822.37696
27.8000 1 7748.97664
27.9000 1 7801.40544
28.0000 1 7738.49088
28.1000 1 7864.32
28.2000 1 7497.3184
28.3000 1 7035.94496
28.4000 1 6427.77088
28.5000 1 2375.02464
28.6000 1 73.40032
28.7000 1 62.91456
28.8000 1 62.91456
28.9000 1 3282.04288
29.0000 1 6343.8848
29.1000 1 7581.20448
29.2000 1 7560.23296
29.3000 1 7266.63168
29.4000 1 6952.05888
29.5000 1 7790.91968
29.6000 1 7340.032
29.7000 1 7245.66016
29.8000 1 7119.83104
29.9000 1 6606.0288
30.0000 1 4503.63392
30.1000 1 62.91456
30.2000 1 0.0
30.3000 1 52.4288
30.4000 1 3072.32768
30.5000 1 7811.8912
30.6000 1 8063.54944
30.7000 1 7853.83424
30.8000 1 7906.26304
30.9000 1 7906.26304
31.0000 1 7560.23296
31.1000 1 8241.80736
31.2000 1 7329.54624
31.3000 1 7507.80416
31.4000 1 6564.08576
31.5000 1 1871.70816
31.6000 1 73.40032
31.7000 1 73.40032
31.8000 1 73.40032
31.9000 1 4938.79296
32.0000 1 8032.09216
32.1000 1 7969.1776
32.2000 1 7990.14912
32.3000 1 7895.77728
32.4000 1 7507.80416
32.5000 1 7476.34688
32.6000 1 8063.54944
32.7000 1 7644.11904
32.8000 1 7895.77728
32.9000 1 6170.86976
33.0000 1 0.0
33.1000 1 83.88608
33.2000 1 62.91456
33.3000 1 1352.66304
33.4000 1 7298.08896
33.5000 1 7591.69024
33.6000 1 7434.40384
33.7000 1 7497.3184
33.8000 1 7277.11744
33.9000 1 7759.4624
34.0000 1 7948.20608
34.1000 1 7612.66176
34.2000 1 6700.40064
34.3000 1 6585.05728
34.4000 1 6453.98528
34.5000 1 104.8576
34.6000 1 83.88608
34.7000 1 83.88608
34.8000 1 73.40032
34.9000 1 6406.79936
35.0000 1 8000.63488
35.1000 1 6689.91488
35.2000 1 6008.34048
35.3000 1 6102.71232
35.4000 1 5997.85472
35.5000 1 6092.22656
35.6000 1 6144.65536
35.7000 1 6071.25504
35.8000 1 6155.14112
35.9000 1 6071.25504
36.0000 1 6197.08416
36.1000 1 6066.01216
36.2000 1 4236.24704
36.3000 1 0.0
36.4000 1 0.0
36.5000 1 0.0
36.6000 1 1887.4368
36.7000 1 7486.83264
36.8000 1 7612.66176
36.9000 1 7497.3184
37.0000 1 7591.69024
37.1000 1 7507.80416
37.2000 1 7444.8896
37.3000 1 7528.77568
37.4000 1 7539.26144
37.5000 1 7612.66176
37.6000 1 7544.50432
37.7000 1 4529.84832
37.8000 1 0.0
37.9000 1 0.0
38.0000 1 0.0
38.1000 1 2506.09664
38.2000 1 7361.00352
38.3000 1 7549.7472
38.4000 1 7413.43232
38.5000 1 7486.83264
38.6000 1 7476.34688
38.7000 1 7528.77568
38.8000 1 7591.69024
38.9000 1 7539.26144
39.0000 1 7581.20448
39.1000 1 7607.41888
39.2000 1 4099.93216
39.3000 1 73.40032
39.4000 1 73.40032
39.5000 1 62.91456
39.6000 1 0.0
39.7000 1 94.37184
39.8000 1 209.7152
39.9000 1 6490.68544
40.0000 1 9552.52736
40.1000 1 8766.09536
40.2000 1 7717.51936
40.3000 1 7780.43392
40.4000 1 7602.176
40.5000 1 7717.51936
40.6000 1 5169.47968
40.7000 1 6144.65536
40.8000 1 2820.66944
40.9000 1 9337.56928
41.0000 1 0.0
41.1000 1 146.80064
41.2000 1 0.0
41.3000 1 157.2864
41.4000 1 8766.09536
41.5000 1 8084.52096
41.6000 1 7518.28992
41.7000 1 7686.06208
41.8000 1 7528.77568
41.9000 1 7654.6048
42.0000 1 7549.7472
42.1000 1 7717.51936
42.2000 1 7644.11904
42.3000 1 7623.14752
42.4000 1 6045.04064
42.5000 1 0.0
42.6000 1 0.0
42.7000 1 0.0
42.8000 1 1468.0064
42.9000 1 7612.66176
43.0000 1 7759.4624
43.1000 1 11901.3376
43.2000 1 7843.34848
43.3000 1 7811.8912
43.4000 1 7811.8912
43.5000 1 7801.40544
43.6000 1 7948.20608
43.7000 1 7885.29152
43.8000 1 5982.12608
43.9000 1 0.0
44.0000 1 0.0
44.1000 1 0.0
44.2000 1 1310.72
44.3000 1 7539.26144
44.4000 1 7686.06208
44.5000 1 7864.32
44.6000 1 7717.51936
44.7000 1 7769.94816
44.8000 1 7874.80576
44.9000 1 7707.0336
45.0000 1 7853.83424
45.1000 1 7748.97664
45.2000 1 10658.77504
45.3000 1 73.40032
45.4000 1 83.88608
45.5000 1 52.4288
45.6000 1 0.0
45.7000 1 7098.85952
45.8000 1 7455.37536
45.9000 1 7507.80416
46.0000 1 7539.26144
46.1000 1 7444.8896
46.2000 1 7560.23296
46.3000 1 7549.7472
46.4000 1 7402.94656
46.5000 1 7381.97504
46.6000 1 7665.09056
46.7000 1 7135.55968
46.8000 1 0.0
46.9000 1 0.0
47.0000 1 0.0
47.1000 1 408.94464
47.2000 1 7707.0336
47.3000 1 7811.8912
47.4000 1 7738.49088
47.5000 1 7769.94816
47.6000 1 7707.0336
47.7000 1 7602.176
47.8000 1 7707.0336
47.9000 1 7790.91968
48.0000 1 7864.32
48.1000 1 7712.27648
48.2000 1 3942.64576
48.3000 1 0.0
48.4000 1 83.88608
48.5000 1 73.40032
48.6000 1 3376.41472
48.7000 1 7644.11904
48.8000 1 7790.91968
48.9000 1 7811.8912
49.0000 1 7738.49088
49.1000 1 7811.8912
49.2000 1 7790.91968
49.3000 1 7686.06208
49.4000 1 7832.86272
49.5000 1 7843.34848
49.6000 1 7806.64832
49.7000 1 555.74528
49.8000 1 0.0
49.9000 1 0.0
50.0000 1 0.0
50.1000 1 5232.39424
50.2000 1 5714.7392
50.3000 1 5683.28192
50.4000 1 5641.33888
50.5000 1 6364.85632
50.6000 1 7518.28992
50.7000 1 7832.86272
50.8000 1 7675.57632
50.9000 1 7853.83424
51.0000 1 7707.0336
51.1000 1 7675.57632
51.2000 1 6978.27328
51.3000 1 0.0
51.4000 1 94.37184
51.5000 1 0.0
51.6000 1 534.77376
51.7000 1 7612.66176
51.8000 1 7843.34848
51.9000 1 7738.49088
52.0000 1 7853.83424
52.1000 1 7748.97664
52.2000 1 7728.00512
52.3000 1 7686.06208
52.4000 1 7822.37696
52.5000 1 7790.91968
52.6000 1 7827.61984
52.7000 1 3523.21536
52.8000 1 83.88608
52.9000 1 0.0
53.0000 1 0.0
53.1000 1 3407.872
53.2000 1 7098.85952
53.3000 1 7214.20288
53.4000 1 7686.06208
53.5000 1 7686.06208
53.6000 1 7780.43392
53.7000 1 7801.40544
53.8000 1 7696.54784
53.9000 1 7811.8912
54.0000 1 7864.32
54.1000 1 7712.27648
54.2000 1 2023.75168
54.3000 1 0.0
54.4000 1 0.0
54.5000 1 0.0
54.6000 1 4047.50336
54.7000 1 5840.56832
54.8000 1 5840.56832
54.9000 1 5756.68224
55.0000 1 5756.68224
55.1000 1 5714.7392
55.2000 1 5756.68224
55.3000 1 5777.65376
55.4000 1 5704.25344
55.5000 1 5903.48288
55.6000 1 5809.11104
55.7000 1 5746.19648
55.8000 1 5819.5968
55.9000 1 5751.43936
56.0000 1 2485.12512
56.1000 1 0.0
56.2000 1 0.0
56.3000 1 0.0
56.4000 1 3869.24544
56.5000 1 7277.11744
56.6000 1 7444.8896
56.7000 1 7455.37536
56.8000 1 7476.34688
56.9000 1 7476.34688
57.0000 1 7381.97504
57.1000 1 7518.28992
57.2000 1 7528.77568
57.3000 1 7497.3184
57.4000 1 7544.50432
57.5000 1 3470.78656
57.6000 1 83.88608
57.7000 1 73.40032
57.8000 1 0.0
57.9000 1 3418.35776
58.0000 1 7381.97504
58.1000 1 7455.37536
58.2000 1 7853.83424
58.3000 1 7675.57632
58.4000 1 7748.97664
58.5000 1 7895.77728
58.6000 1 7864.32
58.7000 1 7759.4624
58.8000 1 7832.86272
58.9000 1 7817.13408
59.0000 1 1038.09024
59.1000 1 0.0
59.2000 1 0.0
59.3000 1 0.0
59.4000 1 5966.39744
59.5000 1 7612.66176
59.6000 1 7591.69024
59.7000 1 7539.26144
59.8000 1 7528.77568
59.9000 1 7518.28992
60.0000 1 7581.20448
60.1000 1 7602.176
60.2000 1 7455.37536
60.3000 1 7644.11904
60.4000 1 7607.41888
60.5000 1 146.80064
60.6000 1 73.40032
60.7000 1 0.0
60.8000 1 0.0
60.9000 1 6343.8848
61.0000 1 7402.94656
61.1000 1 7361.00352
61.2000 1 7277.11744
61.3000 1 7455.37536
61.4000 1 7350.51776
61.5000 1 7413.43232
61.6000 1 7486.83264
61.7000 1 7444.8896
61.8000 1 7602.176
61.9000 1 7575.9616
62.0000 1 1048.576
62.1000 1 0.0
62.2000 1 0.0
62.3000 1 0.0
62.4000 1 5903.48288
62.5000 1 7423.91808
62.6000 1 7623.14752
62.7000 1 7560.23296
62.8000 1 7518.28992
62.9000 1 7644.11904
63.0000 1 7612.66176
63.1000 1 7539.26144
63.2000 1 7560.23296
63.3000 1 7707.0336
63.4000 1 7523.5328
63.5000 1 209.7152
63.6000 1 83.88608
63.7000 1 0.0
63.8000 1 0.0
63.9000 1 6239.0272
64.0000 1 7423.91808
64.1000 1 7392.4608
64.2000 1 7476.34688
64.3000 1 7434.40384
64.4000 1 7602.176
64.5000 1 7518.28992
64.6000 1 7486.83264
64.7000 1 7570.71872
64.8000 1 7581.20448
64.9000 1 7607.41888
65.0000 1 387.97312
65.1000 1 83.88608
65.2000 1 0.0
65.3000 1 0.0
65.4000 1 7497.3184
65.5000 1 7707.0336
65.6000 1 7728.00512
65.7000 1 7748.97664
65.8000 1 7748.97664
65.9000 1 7811.8912
66.0000 1 7675.57632
66.1000 1 7895.77728
66.2000 1 7748.97664
66.3000 1 7817.13408
66.4000 1 4424.99072
66.5000 1 0.0
66.6000 1 0.0
66.7000 1 0.0
66.8000 1 2034.23744
66.9000 1 5756.68224
67.0000 1 5725.22496
67.1000 1 5798.62528
67.2000 1 5777.65376
67.3000 1 5840.56832
67.4000 1 9175.04
67.5000 1 5085.5936
67.6000 1 6417.28512
67.7000 1 5798.62528
67.8000 1 5809.11104
67.9000 1 1981.80864
68.0000 1 4435.47648
68.1000 1 10669.2608
68.2000 1 1541.40672
68.3000 1 0.0
68.4000 1 0.0
68.5000 1 0.0
68.6000 1 4257.21856
68.7000 1 9049.21088
68.8000 1 6102.71232
68.9000 1 9458.15552
69.0000 1 7686.06208
69.1000 1 7853.83424
69.2000 1 7748.97664
69.3000 1 11251.22048
69.4000 1 7885.29152
69.5000 1 7921.99168
69.6000 1 2558.52544
69.7000 1 0.0
69.8000 1 0.0
69.9000 1 0.0
70.0000 1 4917.82144
70.1000 1 7707.0336
70.2000 1 7958.69184
70.3000 1 7707.0336
70.4000 1 7853.83424
70.5000 1 7801.40544
70.6000 1 7916.7488
70.7000 1 7769.94816
70.8000 1 7979.66336
70.9000 1 9410.9696
