0.1000 1 0.0
0.2000 1 94.37184
0.3000 1 7423.91808
0.4000 1 4435.47648
0.5000 1 2202.0096
0.6000 1 12467.56864
0.7000 1 11261.70624
0.8000 1 2453.66784
0.9000 1 12824.08448
1.0000 1 10485.76
1.1000 1 8577.35168
1.2000 1 8325.69344
1.3000 1 8414.8224
1.4000 1 1111.49056
1.5000 1 0.0
1.6000 1 0.0
1.7000 1 6679.42912
1.8000 1 8734.63808
1.9000 1 8577.35168
2.0000 1 8629.78048
2.1000 1 8755.6096
2.2000 1 8713.66656
2.3000 1 8650.752
2.4000 1 8462.00832
2.5000 1 8393.85088
2.6000 1 6029.312
2.7000 1 83.88608
2.8000 1 83.88608
2.9000 1 2002.78016
3.0000 1 8503.95136
3.1000 1 8661.23776
3.2000 1 8724.15232
3.3000 1 8745.12384
3.4000 1 8650.752
3.5000 1 8703.1808
3.6000 1 8629.78048
3.7000 1 8577.35168
3.8000 1 8519.68
3.9000 1 1887.4368
4.0000 1 0.0
4.1000 1 0.0
4.2000 1 5882.51136
4.3000 1 8619.29472
4.4000 1 8566.86592
4.5000 1 8566.86592
4.6000 1 8671.72352
4.7000 1 8724.15232
4.8000 1 8598.3232
4.9000 1 8577.35168
5.0000 1 8582.59456
5.1000 1 6973.0304
5.2000 1 83.88608
5.3000 1 0.0
5.4000 1 713.03168
5.5000 1 8357.15072
5.6000 1 8503.95136
5.7000 1 8619.29472
5.8000 1 8640.26624
5.9000 1 8619.29472
6.0000 1 8598.3232
6.1000 1 8713.66656
6.2000 1 8577.35168
6.3000 1 8572.1088
6.4000 1 3722.4448
6.5000 1 0.0
6.6000 1 0.0
6.7000 1 3848.27392
6.8000 1 8608.80896
6.9000 1 8608.80896
7.0000 1 8629.78048
7.1000 1 8692.69504
7.2000 1 8619.29472
7.3000 1 8629.78048
7.4000 1 8556.38016
7.5000 1 8514.43712
7.6000 1 8477.73696
7.7000 1 471.8592
7.8000 1 0.0
7.9000 1 0.0
8.0000 1 7014.97344
8.1000 1 8640.26624
8.2000 1 8650.752
8.3000 1 8661.23776
8.4000 1 8566.86592
8.5000 1 8535.40864
8.6000 1 8577.35168
8.7000 1 8430.55104
8.8000 1 8435.79392
8.9000 1 6270.48448
9.0000 1 83.88608
9.1000 1 83.88608
9.2000 1 828.37504
9.3000 1 8357.15072
9.4000 1 8577.35168
9.5000 1 8273.26464
9.6000 1 8619.29472
9.7000 1 8682.20928
9.8000 1 8650.752
9.9000 1 8493.4656
10.0000 1 8325.69344
10.1000 1 8509.19424
10.2000 1 4341.10464
10.3000 1 0.0
10.4000 1 83.88608
10.5000 1 1048.576
10.6000 1 2631.92576
10.7000 1 7340.032
10.8000 1 12750.68416
10.9000 1 10317.98784
11.0000 1 8692.69504
11.1000 1 8776.58112
11.2000 1 8650.752
11.3000 1 8420.06528
11.4000 1 8519.68
11.5000 1 4393.53344
11.6000 1 83.88608
11.7000 1 73.40032
11.8000 1 3030.38464
11.9000 1 8514.43712
12.0000 1 8503.95136
12.1000 1 8671.72352
12.2000 1 8671.72352
12.3000 1 8619.29472
12.4000 1 8703.1808
12.5000 1 8661.23776
12.6000 1 8462.00832
12.7000 1 8488.22272
12.8000 1 1394.60608
12.9000 1 0.0
13.0000 1 0.0
13.1000 1 6385.82784
13.2000 1 8566.86592
13.3000 1 8703.1808
13.4000 1 8682.20928
13.5000 1 8598.3232
13.6000 1 8724.15232
13.7000 1 8724.15232
13.8000 1 8619.29472
13.9000 1 8404.33664
14.0000 1 6301.94176
14.1000 1 73.40032
14.2000 1 73.40032
14.3000 1 1174.40512
14.4000 1 8451.52256
14.5000 1 8577.35168
14.6000 1 8661.23776
14.7000 1 8692.69504
14.8000 1 8587.83744
14.9000 1 8682.20928
15.0000 1 8724.15232
15.1000 1 8493.4656
15.2000 1 8582.59456
15.3000 1 3030.38464
15.4000 1 73.40032
15.5000 1 73.40032
15.6000 1 4750.04928
15.7000 1 8482.97984
15.8000 1 8734.63808
15.9000 1 8587.83744
16.0000 1 8734.63808
16.1000 1 8787.06688
16.2000 1 8608.80896
16.3000 1 8503.95136
16.4000 1 8456.76544
16.5000 1 7853.83424
16.6000 1 0.0
16.7000 1 0.0
16.8000 1 0.0
16.9000 1 7486.83264
17.0000 1 8451.52256
17.1000 1 8441.0368
17.2000 1 8566.86592
17.3000 1 8409.57952
17.4000 1 8420.06528
17.5000 1 8462.00832
17.6000 1 8514.43712
17.7000 1 8551.13728
17.8000 1 6438.25664
17.9000 1 0.0
18.0000 1 157.2864
18.1000 1 671.08864
18.2000 1 8671.72352
18.3000 1 8577.35168
18.4000 1 8682.20928
18.5000 1 8556.38016
18.6000 1 8619.29472
18.7000 1 8598.3232
18.8000 1 8608.80896
18.9000 1 8367.63648
19.0000 1 8383.36512
19.1000 1 4016.04608
19.2000 1 10.48576
19.3000 1 31.45728
19.4000 1 3858.75968
19.5000 1 8367.63648
19.6000 1 8661.23776
19.7000 1 8545.8944
19.8000 1 8682.20928
19.9000 1 8535.40864
20.0000 1 8734.63808
20.1000 1 8577.35168
20.2000 1 8472.49408
20.3000 1 8383.36512
20.4000 1 859.83232
20.5000 1 83.88608
20.6000 1 73.40032
20.7000 1 1824.52224
20.8000 1 3303.0144
20.9000 1 9196.01152
21.0000 1 12394.16832
21.1000 1 8954.83904
21.2000 1 8514.43712
21.3000 1 8462.00832
21.4000 1 8629.78048
21.5000 1 8409.57952
21.6000 1 8425.30816
21.7000 1 3565.1584
21.8000 1 83.88608
21.9000 1 0.0
22.0000 1 3617.5872
22.1000 1 8566.86592
22.2000 1 8692.69504
22.3000 1 8598.3232
22.4000 1 8608.80896
22.5000 1 8713.66656
22.6000 1 8619.29472
22.7000 1 12886.99904
22.8000 1 8456.76544
22.9000 1 5043.65056
23.0000 1 73.40032
23.1000 1 0.0
23.2000 1 2883.584
23.3000 1 8493.4656
23.4000 1 8640.26624
23.5000 1 8713.66656
23.6000 1 8619.29472
23.7000 1 8661.23776
23.8000 1 8650.752
23.9000 1 8420.06528
24.0000 1 8482.97984
24.1000 1 8488.22272
24.2000 1 1688.20736
24.3000 1 0.0
24.4000 1 0.0
24.5000 1 6228.54144
24.6000 1 8430.55104
24.7000 1 8755.6096
24.8000 1 8577.35168
24.9000 1 8755.6096
25.0000 1 8671.72352
25.1000 1 8566.86592
25.2000 1 8545.8944
25.3000 1 8477.73696
25.4000 1 6731.85792
25.5000 1 0.0
25.6000 1 0.0
25.7000 1 1111.49056
25.8000 1 8294.23616
25.9000 1 8482.97984
26.0000 1 8661.23776
26.1000 1 8598.3232
26.2000 1 8462.00832
26.3000 1 8724.15232
26.4000 1 8545.8944
26.5000 1 8671.72352
26.6000 1 8488.22272
26.7000 1 3711.95904
26.8000 1 62.91456
26.9000 1 83.88608
27.0000 1 3512.7296
27.1000 1 8325.69344
27.2000 1 8671.72352
27.3000 1 8325.69344
27.4000 1 8441.0368
27.5000 1 8577.35168
27.6000 1 8629.78048
27.7000 1 8556.38016
27.8000 1 8441.0368
27.9000 1 8404.33664
28.0000 1 1908.40832
28.1000 1 0.0
28.2000 1 0.0
28.3000 1 6322.91328
28.4000 1 8671.72352
28.5000 1 8587.83744
28.6000 1 8671.72352
28.7000 1 8650.752
28.8000 1 8713.66656
28.9000 1 8650.752
29.0000 1 8545.8944
29.1000 1 8425.30816
29.2000 1 6501.1712
29.3000 1 0.0
29.4000 1 157.2864
29.5000 1 534.77376
29.6000 1 8294.23616
29.7000 1 8441.0368
29.8000 1 8231.3216
29.9000 1 8493.4656
30.0000 1 8430.55104
30.1000 1 8524.92288
30.2000 1 8482.97984
30.3000 1 8514.43712
30.4000 1 8435.79392
30.5000 1 5263.85152
30.6000 1 83.88608
30.7000 1 83.88608
30.8000 1 671.08864
30.9000 1 2631.92576
31.0000 1 6375.34208
31.1000 1 12268.3392
31.2000 1 10328.4736
31.3000 1 7927.23456
31.4000 1 7979.66336
31.5000 1 8524.92288
31.6000 1 8608.80896
31.7000 1 8708.42368
31.8000 1 7591.69024
31.9000 1 0.0
32.0000 1 0.0
32.1000 1 429.91616
32.2000 1 8556.38016
32.3000 1 8682.20928
32.4000 1 8703.1808
32.5000 1 8661.23776
32.6000 1 8598.3232
32.7000 1 8724.15232
32.8000 1 8556.38016
32.9000 1 8545.8944
33.0000 1 8383.36512
33.1000 1 2380.26752
33.2000 1 62.91456
33.3000 1 62.91456
33.4000 1 5022.67904
33.5000 1 8441.0368
33.6000 1 8608.80896
33.7000 1 8703.1808
33.8000 1 8682.20928
33.9000 1 8787.06688
34.0000 1 8629.78048
34.1000 1 8671.72352
34.2000 1 8482.97984
34.3000 1 8498.70848
34.4000 1 702.54592
34.5000 1 0.0
34.6000 1 0.0
34.7000 1 6868.1728
34.8000 1 8493.4656
34.9000 1 8640.26624
35.0000 1 8671.72352
35.1000 1 8808.0384
35.2000 1 8682.20928
35.3000 1 8514.43712
35.4000 1 8682.20928
35.5000 1 8519.68
35.6000 1 5945.42592
35.7000 1 83.88608
35.8000 1 73.40032
35.9000 1 1541.40672
36.0000 1 8556.38016
36.1000 1 8661.23776
36.2000 1 8441.0368
36.3000 1 8671.72352
36.4000 1 8619.29472
36.5000 1 8598.3232
36.6000 1 8608.80896
36.7000 1 8304.72192
36.8000 1 8425.30816
36.9000 1 3187.67104
37.0000 1 83.88608
37.1000 1 0.0
37.2000 1 4666.1632
37.3000 1 8430.55104
37.4000 1 8598.3232
37.5000 1 8640.26624
37.6000 1 8682.20928
37.7000 1 8671.72352
37.8000 1 8577.35168
37.9000 1 8367.63648
38.0000 1 8482.97984
38.1000 1 8425.30816
38.2000 1 73.40032
38.3000 1 83.88608
38.4000 1 73.40032
38.5000 1 7109.34528
38.6000 1 8357.15072
38.7000 1 8399.09376
38.8000 1 8535.40864
38.9000 1 8629.78048
39.0000 1 8671.72352
39.1000 1 8682.20928
39.2000 1 8514.43712
39.3000 1 8362.3936
39.4000 1 6553.6
39.5000 1 0.0
39.6000 1 0.0
39.7000 1 1132.46208
39.8000 1 8629.78048
39.9000 1 8640.26624
40.0000 1 8713.66656
40.1000 1 8682.20928
40.2000 1 8692.69504
40.3000 1 8566.86592
40.4000 1 8556.38016
40.5000 1 8545.8944
40.6000 1 8456.76544
40.7000 1 3166.69952
40.8000 1 0.0
40.9000 1 0.0
41.0000 1 1646.26432
41.1000 1 2726.2976
41.2000 1 8220.83584
41.3000 1 14323.54816
41.4000 1 9059.69664
41.5000 1 8766.09536
41.6000 1 8661.23776
41.7000 1 8713.66656
41.8000 1 8713.66656
41.9000 1 8446.27968
42.0000 1 2610.95424
42.1000 1 83.88608
42.2000 1 83.88608
42.3000 1 4320.13312
42.4000 1 8661.23776
42.5000 1 8661.23776
42.6000 1 8745.12384
42.7000 1 8776.58112
42.8000 1 8724.15232
42.9000 1 8891.92448
43.0000 1 8661.23776
43.1000 1 8593.08032
43.2000 1 7623.14752
43.3000 1 0.0
43.4000 1 0.0
43.5000 1 283.11552
43.6000 1 8220.83584
43.7000 1 8587.83744
43.8000 1 8734.63808
43.9000 1 8598.3232
44.0000 1 8734.63808
44.1000 1 8577.35168
44.2000 1 8587.83744
44.3000 1 8399.09376
44.4000 1 8404.33664
44.5000 1 4697.62048
44.6000 1 73.40032
44.7000 1 73.40032
44.8000 1 2673.8688
44.9000 1 8252.29312
45.0000 1 8661.23776
45.1000 1 8608.80896
45.2000 1 8566.86592
45.3000 1 8671.72352
45.4000 1 8619.29472
45.5000 1 8503.95136
45.6000 1 8577.35168
45.7000 1 8425.30816
45.8000 1 2128.60928
45.9000 1 0.0
46.0000 1 0.0
46.1000 1 5431.62368
46.2000 1 8482.97984
46.3000 1 8514.43712
46.4000 1 8619.29472
46.5000 1 8367.63648
46.6000 1 8514.43712
46.7000 1 8640.26624
46.8000 1 8556.38016
46.9000 1 8393.85088
47.0000 1 8283.7504
47.1000 1 0.0
47.2000 1 0.0
47.3000 1 0.0
47.4000 1 7455.37536
47.5000 1 8577.35168
47.6000 1 8514.43712
47.7000 1 8524.92288
47.8000 1 8545.8944
47.9000 1 8493.4656
48.0000 1 8482.97984
48.1000 1 8388.608
48.2000 1 8257.536
48.3000 1 6627.00032
48.4000 1 0.0
48.5000 1 73.40032
48.6000 1 0.0
48.7000 1 0.0
48.8000 1 0.0
48.9000 1 3785.35936
49.0000 1 8577.35168
49.1000 1 5777.65376
49.2000 1 5452.5952
49.3000 1 7528.77568
49.4000 1 0.0
49.5000 1 6731.85792
49.6000 1 9311.35488
49.7000 1 9269.41184
49.8000 1 6312.42752
49.9000 1 9982.44352
50.0000 1 4283.43296
50.1000 1 0.0
50.2000 1 73.40032
50.3000 1 4362.07616
50.4000 1 9521.07008
50.5000 1 9363.78368
50.6000 1 4980.736
50.7000 1 7224.68864
50.8000 1 10076.81536
50.9000 1 10024.38656
51.0000 1 9479.12704
51.1000 1 9919.52896
51.2000 1 9274.65472
51.3000 1 2443.18208
51.4000 1 0.0
51.5000 1 62.91456
51.6000 1 0.0
51.7000 1 167.77216
51.8000 1 3103.78496
51.9000 1 9374.26944
52.0000 1 9583.98464
52.1000 1 9447.66976
52.2000 1 13400.80128
52.3000 1 9814.67136
52.4000 1 6606.0288
52.5000 1 0.0
52.6000 1 7046.43072
52.7000 1 5185.20832
52.8000 1 62.91456
52.9000 1 73.40032
53.0000 1 1656.75008
53.1000 1 9426.69824
53.2000 1 9888.07168
53.3000 1 10045.35808
53.4000 1 10171.1872
53.5000 1 10213.13024
53.6000 1 9175.04
53.7000 1 8608.80896
53.8000 1 8577.35168
53.9000 1 8414.8224
54.0000 1 3554.67264
54.1000 1 0.0
54.2000 1 0.0
54.3000 1 4404.0192
54.4000 1 8482.97984
54.5000 1 8587.83744
54.6000 1 8650.752
54.7000 1 8566.86592
54.8000 1 8640.26624
54.9000 1 8503.95136
55.0000 1 8357.15072
55.1000 1 8399.09376
55.2000 1 8372.87936
55.3000 1 880.80384
55.4000 1 0.0
55.5000 1 0.0
55.6000 1 6983.51616
55.7000 1 8503.95136
55.8000 1 8493.4656
55.9000 1 8462.00832
56.0000 1 8629.78048
56.1000 1 8493.4656
56.2000 1 8399.09376
56.3000 1 8388.608
56.4000 1 8288.99328
56.5000 1 7109.34528
56.6000 1 73.40032
56.7000 1 62.91456
56.8000 1 534.77376
56.9000 1 8105.49248
57.0000 1 8378.12224
57.1000 1 8535.40864
57.2000 1 8524.92288
57.3000 1 8566.86592
57.4000 1 8535.40864
57.5000 1 8587.83744
57.6000 1 8535.40864
57.7000 1 8456.76544
57.8000 1 4991.22176
57.9000 1 62.91456
58.0000 1 0.0
58.1000 1 618.65984
58.2000 1 2610.95424
58.3000 1 6878.65856
58.4000 1 11985.22368
58.5000 1 10936.64768
58.6000 1 8189.37856
58.7000 1 8084.52096
58.8000 1 8021.6064
58.9000 1 8168.40704
59.0000 1 8142.19264
59.1000 1 8063.54944
59.2000 1 136.31488
59.3000 1 0.0
59.4000 1 0.0
59.5000 1 7455.37536
59.6000 1 8650.752
59.7000 1 8577.35168
59.8000 1 8682.20928
59.9000 1 8566.86592
60.0000 1 8713.66656
60.1000 1 8577.35168
60.2000 1 8556.38016
60.3000 1 5657.06752
