0.1000 1 0.0
0.2000 1 125.82912
0.3000 1 4257.21856
0.4000 1 5662.3104
0.5000 1 6910.11584
0.6000 1 7864.32
0.7000 1 7916.7488
0.8000 1 7916.7488
0.9000 1 7853.83424
1.0000 1 7895.77728
1.1000 1 7990.14912
1.2000 1 7864.32
1.3000 1 7906.26304
1.4000 1 2112.88064
1.5000 1 0.0
1.6000 1 0.0
1.7000 1 849.34656
1.8000 1 7665.09056
1.9000 1 7801.40544
2.0000 1 7769.94816
2.1000 1 8021.6064
2.2000 1 7843.34848
2.3000 1 7927.23456
2.4000 1 7927.23456
2.5000 1 7979.66336
2.6000 1 7979.66336
2.7000 1 7728.00512
2.8000 1 2259.68128
2.9000 1 0.0
3.0000 1 0.0
3.1000 1 4141.8752
3.2000 1 7822.37696
3.3000 1 7864.32
3.4000 1 7916.7488
3.5000 1 7885.29152
3.6000 1 7990.14912
3.7000 1 7937.72032
3.8000 1 7927.23456
3.9000 1 8021.6064
4.0000 1 7979.66336
4.1000 1 6223.29856
4.2000 1 0.0
4.3000 1 0.0
4.4000 1 0.0
4.5000 1 4089.4464
4.6000 1 7822.37696
4.7000 1 7822.37696
4.8000 1 7801.40544
4.9000 1 7864.32
5.0000 1 7811.8912
5.1000 1 7843.34848
5.2000 1 7832.86272
5.3000 1 7801.40544
5.4000 1 7937.72032
5.5000 1 7187.98848
5.6000 1 0.0
5.7000 1 0.0
5.8000 1 0.0
5.9000 1 3103.78496
6.0000 1 7644.11904
6.1000 1 7759.4624
6.2000 1 7853.83424
6.3000 1 7769.94816
6.4000 1 7916.7488
6.5000 1 7937.72032
6.6000 1 7937.72032
6.7000 1 7948.20608
6.8000 1 7927.23456
6.9000 1 7911.50592
7.0000 1 0.0
7.1000 1 0.0
7.2000 1 0.0
7.3000 1 2170.55232
7.4000 1 5725.22496
7.5000 1 5840.56832
7.6000 1 5830.08256
7.7000 1 5851.05408
7.8000 1 5966.39744
7.9000 1 5851.05408
8.0000 1 5913.96864
8.1000 1 5788.13952
8.2000 1 5819.5968
8.3000 1 5777.65376
8.4000 1 5882.51136
8.5000 1 5872.0256
8.6000 1 6742.34368
8.7000 1 2783.96928
8.8000 1 0.0
8.9000 1 0.0
9.0000 1 0.0
9.1000 1 7539.26144
9.2000 1 7906.26304
9.3000 1 7654.6048
9.4000 1 7937.72032
9.5000 1 7895.77728
9.6000 1 7990.14912
9.7000 1 7948.20608
9.8000 1 7906.26304
9.9000 1 7927.23456
10.0000 1 8011.12064
10.1000 1 3098.54208
10.2000 1 0.0
10.3000 1 0.0
10.4000 1 0.0
10.5000 1 5347.7376
10.6000 1 5819.5968
10.7000 1 5830.08256
10.8000 1 5851.05408
10.9000 1 5840.56832
11.0000 1 5840.56832
11.1000 1 5819.5968
11.2000 1 5767.168
11.3000 1 7256.14592
11.4000 1 7969.1776
11.5000 1 7927.23456
11.6000 1 7948.20608
11.7000 1 4377.8048
11.8000 1 0.0
11.9000 1 0.0
12.0000 1 0.0
12.1000 1 5892.99712
12.2000 1 7728.00512
12.3000 1 7686.06208
12.4000 1 7864.32
12.5000 1 7895.77728
12.6000 1 7864.32
12.7000 1 8000.63488
12.8000 1 7969.1776
12.9000 1 8000.63488
13.0000 1 7979.66336
13.1000 1 4912.57856
13.2000 1 0.0
13.3000 1 0.0
13.4000 1 0.0
13.5000 1 6071.25504
13.6000 1 7948.20608
13.7000 1 7979.66336
13.8000 1 8000.63488
13.9000 1 8032.09216
14.0000 1 8000.63488
14.1000 1 7895.77728
14.2000 1 7906.26304
14.3000 1 7874.80576
14.4000 1 7927.23456
14.5000 1 4210.03264
14.6000 1 0.0
14.7000 1 0.0
14.8000 1 0.0
14.9000 1 6176.11264
15.0000 1 7707.0336
15.1000 1 7717.51936
15.2000 1 7728.00512
15.3000 1 7832.86272
15.4000 1 8011.12064
15.5000 1 7895.77728
15.6000 1 7937.72032
15.7000 1 7906.26304
15.8000 1 8000.63488
15.9000 1 4818.20672
16.0000 1 0.0
16.1000 1 0.0
16.2000 1 0.0
16.3000 1 5557.4528
16.4000 1 7665.09056
16.5000 1 7822.37696
16.6000 1 7822.37696
16.7000 1 7927.23456
16.8000 1 7958.69184
16.9000 1 7958.69184
17.0000 1 7906.26304
17.1000 1 7801.40544
17.2000 1 7990.14912
17.3000 1 5332.00896
17.4000 1 0.0
17.5000 1 0.0
17.6000 1 0.0
17.7000 1 5075.10784
17.8000 1 7916.7488
17.9000 1 7916.7488
18.0000 1 8000.63488
18.1000 1 7790.91968
18.2000 1 7916.7488
18.3000 1 7717.51936
18.4000 1 7885.29152
18.5000 1 7895.77728
18.6000 1 7937.72032
18.7000 1 5772.41088
18.8000 1 0.0
18.9000 1 0.0
19.0000 1 0.0
19.1000 1 4959.76448
19.2000 1 7623.14752
19.3000 1 7790.91968
19.4000 1 7958.69184
19.5000 1 7937.72032
19.6000 1 7958.69184
19.7000 1 7990.14912
19.8000 1 7958.69184
19.9000 1 7895.77728
20.0000 1 7979.66336
20.1000 1 5646.58176
20.2000 1 0.0
20.3000 1 0.0
20.4000 1 0.0
20.5000 1 5106.56512
20.6000 1 7937.72032
20.7000 1 7937.72032
20.8000 1 7927.23456
20.9000 1 7906.26304
21.0000 1 7906.26304
21.1000 1 7853.83424
21.2000 1 8011.12064
21.3000 1 7885.29152
21.4000 1 7990.14912
21.5000 1 5415.89504
21.6000 1 0.0
21.7000 1 0.0
21.8000 1 0.0
21.9000 1 4445.96224
22.0000 1 7612.66176
22.1000 1 13191.08608
22.2000 1 7696.54784
22.3000 1 7780.43392
22.4000 1 2747.26912
22.5000 1 0.0
22.6000 1 157.2864
22.7000 1 251.65824
22.8000 1 3135.24224
22.9000 1 7193.23136
23.0000 1 2621.44
23.1000 1 8273.26464
23.2000 1 7686.06208
23.3000 1 7707.0336
23.4000 1 1787.82208
23.5000 1 0.0
23.6000 1 0.0
23.7000 1 555.74528
23.8000 1 2338.32448
23.9000 1 1793.06496
24.0000 1 5179.96544
24.1000 1 1468.0064
24.2000 1 838.8608
24.3000 1 807.40352
24.4000 1 0.0
24.5000 1 4162.84672
24.6000 1 7717.51936
24.7000 1 7675.57632
24.8000 1 7654.6048
24.9000 1 12436.11136
25.0000 1 7696.54784
25.1000 1 7591.69024
25.2000 1 7612.66176
25.3000 1 6181.35552
25.4000 1 0.0
25.5000 1 0.0
25.6000 1 0.0
25.7000 1 3051.35616
25.8000 1 5494.53824
25.9000 1 5463.08096
26.0000 1 5609.8816
26.1000 1 5473.56672
26.2000 1 5567.93856
26.3000 1 5630.85312
26.4000 1 5725.22496
26.5000 1 5567.93856
26.6000 1 5630.85312
26.7000 1 5693.76768
26.8000 1 5662.3104
26.9000 1 5672.79616
27.0000 1 5693.76768
27.1000 1 5625.61024
27.2000 1 230.68672
27.3000 1 0.0
27.4000 1 0.0
27.5000 1 1499.46368
27.6000 1 7402.94656
27.7000 1 7455.37536
27.8000 1 7507.80416
27.9000 1 7455.37536
28.0000 1 7654.6048
28.1000 1 7633.63328
28.2000 1 7644.11904
28.3000 1 7654.6048
28.4000 1 7696.54784
28.5000 1 7717.51936
28.6000 1 4566.54848
28.7000 1 0.0
28.8000 1 0.0
28.9000 1 0.0
29.0000 1 5442.10944
29.1000 1 7203.71712
29.2000 1 7560.23296
29.3000 1 7665.09056
29.4000 1 7665.09056
29.5000 1 7665.09056
29.6000 1 7832.86272
29.7000 1 7591.69024
29.8000 1 7738.49088
29.9000 1 7675.57632
30.0000 1 7691.30496
30.1000 1 0.0
30.2000 1 0.0
30.3000 1 0.0
30.4000 1 1667.23584
30.5000 1 7235.1744
30.6000 1 7245.66016
30.7000 1 7308.57472
30.8000 1 7340.032
30.9000 1 7214.20288
31.0000 1 7287.6032
31.1000 1 7224.68864
31.2000 1 7235.1744
31.3000 1 7350.51776
31.4000 1 7444.8896
31.5000 1 7229.93152
31.6000 1 0.0
31.7000 1 52.4288
31.8000 1 0.0
31.9000 1 3145.728
32.0000 1 7308.57472
32.1000 1 7193.23136
32.2000 1 7329.54624
32.3000 1 7402.94656
32.4000 1 7319.06048
32.5000 1 7340.032
32.6000 1 7329.54624
32.7000 1 7361.00352
32.8000 1 7402.94656
32.9000 1 7350.51776
33.0000 1 5321.5232
33.1000 1 0.0
33.2000 1 0.0
33.3000 1 0.0
33.4000 1 3313.50016
33.5000 1 7434.40384
33.6000 1 7623.14752
33.7000 1 7602.176
33.8000 1 7654.6048
33.9000 1 7633.63328
34.0000 1 7591.69024
34.1000 1 7528.77568
34.2000 1 7612.66176
34.3000 1 7717.51936
34.4000 1 6459.22816
34.5000 1 2815.42656
34.6000 1 0.0
34.7000 1 62.91456
34.8000 1 0.0
34.9000 1 6543.11424
35.0000 1 7245.66016
35.1000 1 7182.7456
35.2000 1 7182.7456
35.3000 1 7224.68864
35.4000 1 7235.1744
35.5000 1 7203.71712
35.6000 1 7329.54624
35.7000 1 7361.00352
35.8000 1 7277.11744
35.9000 1 7329.54624
36.0000 1 3413.11488
36.1000 1 0.0
36.2000 1 0.0
36.3000 1 0.0
36.4000 1 6417.28512
36.5000 1 7266.63168
36.6000 1 7214.20288
36.7000 1 7308.57472
36.8000 1 7423.91808
36.9000 1 7423.91808
37.0000 1 7476.34688
37.1000 1 7361.00352
37.2000 1 7350.51776
37.3000 1 7465.86112
37.4000 1 7465.86112
37.5000 1 1630.53568
37.6000 1 0.0
37.7000 1 0.0
37.8000 1 1142.94784
37.9000 1 7528.77568
38.0000 1 7707.0336
38.1000 1 7402.94656
38.2000 1 7633.63328
38.3000 1 7707.0336
38.4000 1 7665.09056
38.5000 1 7717.51936
38.6000 1 7654.6048
38.7000 1 7707.0336
38.8000 1 7696.54784
38.9000 1 4168.0896
39.0000 1 0.0
39.1000 1 0.0
39.2000 1 0.0
39.3000 1 5368.70912
39.4000 1 7172.25984
39.5000 1 7214.20288
39.6000 1 7465.86112
39.7000 1 7486.83264
39.8000 1 7476.34688
39.9000 1 7434.40384
40.0000 1 7402.94656
40.1000 1 7308.57472
40.2000 1 7486.83264
40.3000 1 7392.4608
40.4000 1 2647.6544
40.5000 1 0.0
40.6000 1 0.0
40.7000 1 52.4288
40.8000 1 7413.43232
40.9000 1 7444.8896
41.0000 1 7497.3184
41.1000 1 7644.11904
41.2000 1 7675.57632
41.3000 1 7738.49088
41.4000 1 7665.09056
41.5000 1 7696.54784
41.6000 1 7748.97664
41.7000 1 7738.49088
41.8000 1 5531.2384
41.9000 1 0.0
42.0000 1 0.0
42.1000 1 0.0
42.2000 1 4068.47488
42.3000 1 7665.09056
42.4000 1 7623.14752
42.5000 1 7644.11904
42.6000 1 7665.09056
42.7000 1 7675.57632
42.8000 1 7665.09056
42.9000 1 7654.6048
43.0000 1 7623.14752
43.1000 1 7602.176
43.2000 1 7633.63328
43.3000 1 1326.44864
43.4000 1 0.0
43.5000 1 0.0
43.6000 1 1321.20576
43.7000 1 7444.8896
43.8000 1 7549.7472
43.9000 1 7560.23296
44.0000 1 7665.09056
44.1000 1 7581.20448
44.2000 1 7675.57632
44.3000 1 7686.06208
44.4000 1 7612.66176
44.5000 1 7728.00512
44.6000 1 6102.71232
44.7000 1 5027.92192
44.8000 1 0.0
44.9000 1 62.91456
45.0000 1 0.0
45.1000 1 1132.46208
45.2000 1 8315.20768
45.3000 1 7623.14752
45.4000 1 7612.66176
45.5000 1 7654.6048
45.6000 1 7707.0336
45.7000 1 7738.49088
45.8000 1 7696.54784
45.9000 1 7602.176
46.0000 1 7623.14752
46.1000 1 7633.63328
46.2000 1 4314.89024
46.3000 1 0.0
46.4000 1 0.0
46.5000 1 0.0
46.6000 1 5997.85472
46.7000 1 7644.11904
46.8000 1 7633.63328
46.9000 1 7549.7472
47.0000 1 7581.20448
47.1000 1 7612.66176
47.2000 1 7612.66176
47.3000 1 7675.57632
47.4000 1 7728.00512
47.5000 1 7644.11904
47.6000 1 4980.736
47.7000 1 83.88608
47.8000 1 146.80064
47.9000 1 2542.7968
48.0000 1 83.88608
48.1000 1 0.0
48.2000 1 73.40032
48.3000 1 6668.94336
48.4000 1 9804.1856
48.5000 1 9395.24096
48.6000 1 7874.80576
48.7000 1 8084.52096
48.8000 1 7948.20608
48.9000 1 7822.37696
49.0000 1 7853.83424
49.1000 1 8021.6064
49.2000 1 8100.2496
49.3000 1 6029.312
49.4000 1 0.0
49.5000 1 0.0
49.6000 1 0.0
49.7000 1 4750.04928
49.8000 1 7916.7488
49.9000 1 7895.77728
50.0000 1 7853.83424
50.1000 1 7874.80576
50.2000 1 8011.12064
50.3000 1 7644.11904
50.4000 1 12750.68416
50.5000 1 7958.69184
50.6000 1 8100.2496
50.7000 1 1101.0048
50.8000 1 73.40032
50.9000 1 83.88608
51.0000 1 1394.60608
51.1000 1 7633.63328
51.2000 1 8000.63488
51.3000 1 7979.66336
51.4000 1 8115.97824
51.5000 1 7895.77728
51.6000 1 7895.77728
51.7000 1 8063.54944
51.8000 1 7895.77728
51.9000 1 8074.0352
52.0000 1 7838.1056
52.1000 1 996.1472
52.2000 1 0.0
52.3000 1 0.0
52.4000 1 1918.89408
52.5000 1 7853.83424
52.6000 1 7990.14912
52.7000 1 7811.8912
52.8000 1 10831.79008
52.9000 1 7927.23456
53.0000 1 7885.29152
53.1000 1 7832.86272
53.2000 1 7916.7488
53.3000 1 8005.87776
53.4000 1 5882.51136
53.5000 1 0.0
53.6000 1 0.0
53.7000 1 0.0
53.8000 1 4844.42112
53.9000 1 7707.0336
54.0000 1 7864.32
54.1000 1 8011.12064
54.2000 1 7958.69184
54.3000 1 7864.32
54.4000 1 7937.72032
54.5000 1 7979.66336
54.6000 1 7906.26304
54.7000 1 5830.08256
54.8000 1 1798.30784
54.9000 1 0.0
55.0000 1 73.40032
55.1000 1 0.0
55.2000 1 6018.82624
55.3000 1 10716.44672
55.4000 1 9248.44032
55.5000 1 7811.8912
55.6000 1 7916.7488
55.7000 1 7937.72032
55.8000 1 7895.77728
55.9000 1 7759.4624
56.0000 1 7874.80576
56.1000 1 7974.42048
56.2000 1 6721.37216
56.3000 1 0.0
56.4000 1 0.0
56.5000 1 0.0
56.6000 1 4225.76128
56.7000 1 7790.91968
56.8000 1 7979.66336
56.9000 1 7895.77728
57.0000 1 7937.72032
57.1000 1 7937.72032
57.2000 1 7927.23456
57.3000 1 7885.29152
57.4000 1 7979.66336
57.5000 1 8047.8208
57.6000 1 6239.0272
57.7000 1 0.0
57.8000 1 0.0
57.9000 1 0.0
58.0000 1 3774.8736
58.1000 1 5903.48288
58.2000 1 5945.42592
58.3000 1 5861.53984
58.4000 1 5945.42592
58.5000 1 5882.51136
58.6000 1 5934.94016
58.7000 1 5892.99712
58.8000 1 5955.91168
58.9000 1 5788.13952
59.0000 1 5892.99712
59.1000 1 5872.0256
59.2000 1 5992.61184
59.3000 1 5966.39744
59.4000 1 1289.74848
59.5000 1 0.0
59.6000 1 0.0
59.7000 1 608.17408
59.8000 1 5662.3104
59.9000 1 5809.11104
60.0000 1 5809.11104
60.1000 1 5809.11104
60.2000 1 5725.22496
60.3000 1 5840.56832
60.4000 1 5861.53984
60.5000 1 5872.0256
60.6000 1 5798.62528
60.7000 1 5819.5968
60.8000 1 5840.56832
60.9000 1 5934.94016
61.0000 1 5940.18304
61.1000 1 5421.13792
61.2000 1 0.0
61.3000 1 62.91456
61.4000 1 73.40032
61.5000 1 2202.0096
61.6000 1 5777.65376
61.7000 1 5840.56832
61.8000 1 7130.3168
61.9000 1 7864.32
62.0000 1 7906.26304
62.1000 1 7832.86272
62.2000 1 7822.37696
62.3000 1 7832.86272
62.4000 1 7948.20608
62.5000 1 7806.64832
62.6000 1 5767.168
62.7000 1 83.88608
62.8000 1 0.0
62.9000 1 0.0
63.0000 1 4708.10624
63.1000 1 7811.8912
63.2000 1 7948.20608
63.3000 1 7853.83424
63.4000 1 7790.91968
63.5000 1 7853.83424
63.6000 1 7780.43392
63.7000 1 7895.77728
63.8000 1 7885.29152
63.9000 1 7775.19104
64.0000 1 6448.7424
64.1000 1 0.0
64.2000 1 0.0
64.3000 1 0.0
64.4000 1 3963.61728
64.5000 1 7581.20448
64.6000 1 7277.11744
64.7000 1 7570.71872
64.8000 1 7748.97664
64.9000 1 6501.1712
65.0000 1 2537.55392
65.1000 1 6490.68544
65.2000 1 10370.41664
65.3000 1 10622.07488
65.4000 1 8687.45216
65.5000 1 2537.55392
65.6000 1 73.40032
65.7000 1 0.0
65.8000 1 335.54432
65.9000 1 7675.57632
66.0000 1 7853.83424
66.1000 1 7769.94816
66.2000 1 7937.72032
66.3000 1 7927.23456
66.4000 1 7780.43392
66.5000 1 7843.34848
66.6000 1 8032.09216
66.7000 1 7895.77728
66.8000 1 7880.04864
66.9000 1 2841.64096
67.0000 1 73.40032
67.1000 1 73.40032
67.2000 1 73.40032
67.3000 1 7528.77568
67.4000 1 7906.26304
67.5000 1 7990.14912
67.6000 1 7948.20608
67.7000 1 7979.66336
67.8000 1 7927.23456
67.9000 1 7832.86272
68.0000 1 7937.72032
68.1000 1 7937.72032
68.2000 1 7932.47744
68.3000 1 2715.81184
68.4000 1 0.0
68.5000 1 0.0
68.6000 1 31.45728
68.7000 1 7728.00512
68.8000 1 7927.23456
68.9000 1 7748.97664
69.0000 1 7906.26304
69.1000 1 7958.69184
69.2000 1 7906.26304
69.3000 1 7853.83424
69.4000 1 8000.63488
69.5000 1 7979.66336
69.6000 1 3266.31424
