0.1000 1 0.0
0.2000 1 555.74528
0.3000 1 5557.4528
0.4000 1 5578.42432
0.5000 1 5997.85472
0.6000 1 6008.34048
0.7000 1 5913.96864
0.8000 1 5767.168
0.9000 1 5966.39744
1.0000 1 5955.91168
1.1000 1 5924.4544
1.2000 1 5934.94016
1.3000 1 5851.05408
1.4000 1 398.45888
1.5000 1 73.40032
1.6000 1 167.77216
1.7000 1 1782.5792
1.8000 1 8703.1808
1.9000 1 7733.248
2.0000 1 62.91456
2.1000 1 62.91456
2.2000 1 0.0
2.3000 1 0.0
2.4000 1 6595.54304
2.5000 1 7549.7472
2.6000 1 7413.43232
2.7000 1 7612.66176
2.8000 1 7528.77568
2.9000 1 7748.97664
3.0000 1 7780.43392
3.1000 1 7790.91968
3.2000 1 7549.7472
3.3000 1 7969.1776
3.4000 1 6066.01216
3.5000 1 73.40032
3.6000 1 52.4288
3.7000 1 0.0
3.8000 1 1541.40672
3.9000 1 7623.14752
4.0000 1 7686.06208
4.1000 1 7769.94816
4.2000 1 7811.8912
4.3000 1 7801.40544
4.4000 1 7906.26304
4.5000 1 7864.32
4.6000 1 7811.8912
4.7000 1 7790.91968
4.8000 1 7696.54784
4.9000 1 2406.48192
5.0000 1 62.91456
5.1000 1 0.0
5.2000 1 0.0
5.3000 1 4110.41792
5.4000 1 7518.28992
5.5000 1 7707.0336
5.6000 1 922.74688
5.7000 1 0.0
5.8000 1 73.40032
5.9000 1 0.0
6.0000 1 5274.33728
6.1000 1 10684.98944
6.2000 1 7853.83424
6.3000 1 7853.83424
6.4000 1 7014.97344
6.5000 1 1835.008
6.6000 1 2747.26912
6.7000 1 15109.98016
6.8000 1 6107.9552
6.9000 1 73.40032
7.0000 1 0.0
7.1000 1 0.0
7.2000 1 115.34336
7.3000 1 7560.23296
7.4000 1 7832.86272
7.5000 1 7853.83424
7.6000 1 7969.1776
7.7000 1 7969.1776
7.8000 1 7916.7488
7.9000 1 8011.12064
8.0000 1 7927.23456
8.1000 1 8011.12064
8.2000 1 7963.93472
8.3000 1 2464.1536
8.4000 1 0.0
8.5000 1 0.0
8.6000 1 0.0
8.7000 1 3418.35776
8.8000 1 7728.00512
8.9000 1 7916.7488
9.0000 1 7811.8912
9.1000 1 7979.66336
9.2000 1 7937.72032
9.3000 1 8011.12064
9.4000 1 7885.29152
9.5000 1 8011.12064
9.6000 1 7969.1776
9.7000 1 7125.07392
9.8000 1 0.0
9.9000 1 73.40032
10.0000 1 0.0
10.1000 1 975.17568
10.2000 1 7822.37696
10.3000 1 7853.83424
10.4000 1 7969.1776
10.5000 1 7927.23456
10.6000 1 7916.7488
10.7000 1 7874.80576
10.8000 1 8021.6064
10.9000 1 5798.62528
11.0000 1 4037.0176
11.1000 1 8252.29312
11.2000 1 5038.40768
11.3000 1 73.40032
11.4000 1 0.0
11.5000 1 62.91456
11.6000 1 4645.19168
11.7000 1 8839.49568
11.8000 1 7874.80576
11.9000 1 7895.77728
12.0000 1 7895.77728
12.1000 1 8042.57792
12.2000 1 7927.23456
12.3000 1 7990.14912
12.4000 1 7874.80576
12.5000 1 7874.80576
12.6000 1 6946.816
12.7000 1 62.91456
12.8000 1 62.91456
12.9000 1 73.40032
13.0000 1 408.94464
13.1000 1 7371.48928
13.2000 1 7402.94656
13.3000 1 7434.40384
13.4000 1 7518.28992
13.5000 1 7528.77568
13.6000 1 7549.7472
13.7000 1 7507.80416
13.8000 1 7518.28992
13.9000 1 7570.71872
14.0000 1 7633.63328
14.1000 1 6202.32704
14.2000 1 0.0
14.3000 1 73.40032
14.4000 1 73.40032
14.5000 1 503.31648
14.6000 1 7581.20448
14.7000 1 7665.09056
14.8000 1 7769.94816
14.9000 1 7843.34848
15.0000 1 7885.29152
15.1000 1 7906.26304
15.2000 1 7832.86272
15.3000 1 7822.37696
15.4000 1 8011.12064
15.5000 1 7817.13408
15.6000 1 2977.95584
15.7000 1 0.0
15.8000 1 0.0
15.9000 1 0.0
16.0000 1 4099.93216
16.1000 1 7832.86272
16.2000 1 7780.43392
16.3000 1 7874.80576
16.4000 1 7895.77728
16.5000 1 7801.40544
16.6000 1 7958.69184
16.7000 1 7853.83424
16.8000 1 7916.7488
16.9000 1 7958.69184
17.0000 1 6726.61504
17.1000 1 0.0
17.2000 1 73.40032
17.3000 1 73.40032
17.4000 1 692.06016
17.5000 1 7832.86272
17.6000 1 7916.7488
17.7000 1 7853.83424
17.8000 1 7969.1776
17.9000 1 7874.80576
18.0000 1 7906.26304
18.1000 1 7948.20608
18.2000 1 7927.23456
18.3000 1 7958.69184
18.4000 1 7921.99168
18.5000 1 1730.1504
18.6000 1 73.40032
18.7000 1 73.40032
18.8000 1 52.4288
18.9000 1 5295.3088
19.0000 1 7570.71872
19.1000 1 7455.37536
19.2000 1 7507.80416
19.3000 1 7476.34688
19.4000 1 7476.34688
19.5000 1 7434.40384
19.6000 1 7497.3184
19.7000 1 7476.34688
19.8000 1 7560.23296
19.9000 1 7492.07552
20.0000 1 1205.8624
20.1000 1 62.91456
20.2000 1 0.0
20.3000 1 0.0
20.4000 1 4645.19168
20.5000 1 7402.94656
20.6000 1 7371.48928
20.7000 1 7591.69024
20.8000 1 7455.37536
20.9000 1 7623.14752
21.0000 1 7570.71872
21.1000 1 3816.81664
21.2000 1 4487.90528
21.3000 1 8283.7504
21.4000 1 6606.0288
21.5000 1 3350.20032
21.6000 1 73.40032
21.7000 1 62.91456
21.8000 1 62.91456
21.9000 1 3145.728
22.0000 1 7748.97664
22.1000 1 7801.40544
22.2000 1 7822.37696
22.3000 1 7937.72032
22.4000 1 7906.26304
22.5000 1 8084.52096
22.6000 1 7675.57632
22.7000 1 7748.97664
22.8000 1 7906.26304
22.9000 1 7838.1056
23.0000 1 0.0
23.1000 1 62.91456
23.2000 1 62.91456
23.3000 1 62.91456
23.4000 1 6218.05568
23.5000 1 7748.97664
23.6000 1 7612.66176
23.7000 1 7707.0336
23.8000 1 7864.32
23.9000 1 7790.91968
24.0000 1 7874.80576
24.1000 1 7885.29152
24.2000 1 7937.72032
24.3000 1 7748.97664
24.4000 1 5069.86496
24.5000 1 62.91456
24.6000 1 62.91456
24.7000 1 62.91456
24.8000 1 1918.89408
24.9000 1 7486.83264
25.0000 1 7665.09056
25.1000 1 7717.51936
25.2000 1 7811.8912
25.3000 1 7780.43392
25.4000 1 7916.7488
25.5000 1 7906.26304
25.6000 1 7612.66176
25.7000 1 7434.40384
25.8000 1 7707.0336
25.9000 1 2395.99616
26.0000 1 62.91456
26.1000 1 0.0
26.2000 1 62.91456
26.3000 1 3177.18528
26.4000 1 7885.29152
26.5000 1 7738.49088
26.6000 1 7906.26304
26.7000 1 7811.8912
26.8000 1 7843.34848
26.9000 1 7916.7488
27.0000 1 7874.80576
27.1000 1 7864.32
27.2000 1 7927.23456
27.3000 1 7575.9616
27.4000 1 62.91456
27.5000 1 73.40032
27.6000 1 62.91456
27.7000 1 62.91456
27.8000 1 7392.4608
27.9000 1 10747.904
28.0000 1 7696.54784
28.1000 1 7686.06208
28.2000 1 7707.0336
28.3000 1 7769.94816
28.4000 1 7822.37696
28.5000 1 7822.37696
28.6000 1 7801.40544
28.7000 1 7895.77728
28.8000 1 6569.32864
28.9000 1 0.0
29.0000 1 0.0
29.1000 1 0.0
29.2000 1 1027.60448
29.3000 1 7853.83424
29.4000 1 7853.83424
29.5000 1 7822.37696
29.6000 1 7832.86272
29.7000 1 8042.57792
29.8000 1 4236.24704
29.9000 1 15047.0656
30.0000 1 8493.4656
30.1000 1 7958.69184
30.2000 1 5573.18144
30.3000 1 83.88608
30.4000 1 0.0
30.5000 1 0.0
30.6000 1 5326.76608
30.7000 1 5861.53984
30.8000 1 5819.5968
30.9000 1 5788.13952
31.0000 1 5882.51136
31.1000 1 5882.51136
31.2000 1 3806.33088
31.3000 1 3156.21376
31.4000 1 9091.15392
31.5000 1 10905.1904
31.6000 1 7832.86272
31.7000 1 7921.99168
31.8000 1 4435.47648
31.9000 1 83.88608
32.0000 1 83.88608
32.1000 1 62.91456
32.2000 1 2306.8672
32.3000 1 8063.54944
32.4000 1 7707.0336
32.5000 1 7958.69184
32.6000 1 7990.14912
32.7000 1 7885.29152
32.8000 1 7916.7488
32.9000 1 8011.12064
33.0000 1 8042.57792
33.1000 1 7811.8912
33.2000 1 7932.47744
33.3000 1 0.0
33.4000 1 0.0
33.5000 1 0.0
33.6000 1 0.0
33.7000 1 6710.8864
33.8000 1 7759.4624
33.9000 1 7811.8912
34.0000 1 7895.77728
34.1000 1 7937.72032
34.2000 1 7927.23456
34.3000 1 7969.1776
34.4000 1 7874.80576
34.5000 1 7811.8912
34.6000 1 7953.44896
34.7000 1 4078.96064
34.8000 1 62.91456
34.9000 1 73.40032
35.0000 1 73.40032
35.1000 1 3229.61408
35.2000 1 7895.77728
35.3000 1 7769.94816
35.4000 1 7822.37696
35.5000 1 7801.40544
35.6000 1 7948.20608
35.7000 1 7874.80576
35.8000 1 7990.14912
35.9000 1 7874.80576
36.0000 1 7937.72032
36.1000 1 7502.56128
36.2000 1 0.0
36.3000 1 83.88608
36.4000 1 0.0
36.5000 1 0.0
36.6000 1 7277.11744
36.7000 1 7895.77728
36.8000 1 7969.1776
36.9000 1 7948.20608
37.0000 1 7979.66336
37.1000 1 8000.63488
37.2000 1 7906.26304
37.3000 1 7895.77728
37.4000 1 7874.80576
37.5000 1 7953.44896
37.6000 1 3030.38464
37.7000 1 83.88608
37.8000 1 0.0
37.9000 1 73.40032
38.0000 1 4393.53344
38.1000 1 7748.97664
38.2000 1 7874.80576
38.3000 1 7895.77728
38.4000 1 7832.86272
38.5000 1 7979.66336
38.6000 1 7958.69184
38.7000 1 7937.72032
38.8000 1 7906.26304
38.9000 1 8032.09216
39.0000 1 6013.58336
39.1000 1 62.91456
39.2000 1 73.40032
39.3000 1 73.40032
39.4000 1 335.54432
39.5000 1 8535.40864
39.6000 1 7874.80576
39.7000 1 7958.69184
39.8000 1 7780.43392
39.9000 1 8000.63488
40.0000 1 7990.14912
40.1000 1 7843.34848
40.2000 1 7979.66336
40.3000 1 7822.37696
40.4000 1 7953.44896
40.5000 1 1572.864
40.6000 1 0.0
40.7000 1 0.0
40.8000 1 0.0
40.9000 1 5630.85312
41.0000 1 7822.37696
41.1000 1 7906.26304
41.2000 1 7874.80576
41.3000 1 7780.43392
41.4000 1 3753.90208
41.5000 1 4687.13472
41.6000 1 9898.55744
41.7000 1 10359.93088
41.8000 1 7843.34848
41.9000 1 7901.02016
42.0000 1 272.62976
42.1000 1 0.0
42.2000 1 0.0
42.3000 1 0.0
42.4000 1 6522.14272
42.5000 1 7644.11904
42.6000 1 7822.37696
42.7000 1 7927.23456
42.8000 1 7969.1776
42.9000 1 7874.80576
43.0000 1 8032.09216
43.1000 1 7948.20608
43.2000 1 7927.23456
43.3000 1 7838.1056
43.4000 1 4466.93376
43.5000 1 0.0
43.6000 1 0.0
43.7000 1 0.0
43.8000 1 3019.89888
43.9000 1 7696.54784
44.0000 1 7874.80576
44.1000 1 7790.91968
44.2000 1 7958.69184
44.3000 1 7832.86272
44.4000 1 7916.7488
44.5000 1 7885.29152
44.6000 1 7874.80576
44.7000 1 7948.20608
44.8000 1 7974.42048
44.9000 1 0.0
45.0000 1 0.0
45.1000 1 0.0
45.2000 1 0.0
45.3000 1 7004.48768
45.4000 1 7927.23456
45.5000 1 7738.49088
45.6000 1 7969.1776
45.7000 1 7759.4624
45.8000 1 8011.12064
45.9000 1 7937.72032
46.0000 1 7874.80576
46.1000 1 8021.6064
46.2000 1 7848.59136
46.3000 1 3701.47328
46.4000 1 73.40032
46.5000 1 83.88608
46.6000 1 73.40032
46.7000 1 3565.1584
46.8000 1 7707.0336
46.9000 1 7937.72032
47.0000 1 7801.40544
47.1000 1 7969.1776
47.2000 1 7927.23456
47.3000 1 7811.8912
47.4000 1 7895.77728
47.5000 1 7801.40544
47.6000 1 7937.72032
47.7000 1 7187.98848
47.8000 1 62.91456
47.9000 1 73.40032
48.0000 1 73.40032
48.1000 1 0.0
48.2000 1 7340.032
48.3000 1 7665.09056
48.4000 1 7769.94816
48.5000 1 7874.80576
48.6000 1 7906.26304
48.7000 1 7927.23456
48.8000 1 8011.12064
48.9000 1 7948.20608
49.0000 1 7948.20608
49.1000 1 7984.90624
49.2000 1 3386.90048
49.3000 1 0.0
49.4000 1 0.0
49.5000 1 0.0
49.6000 1 2883.584
49.7000 1 5840.56832
49.8000 1 5861.53984
49.9000 1 5809.11104
50.0000 1 5777.65376
50.1000 1 5830.08256
50.2000 1 5819.5968
50.3000 1 5788.13952
50.4000 1 5830.08256
50.5000 1 5788.13952
50.6000 1 5861.53984
50.7000 1 5840.56832
50.8000 1 5924.4544
50.9000 1 5782.89664
51.0000 1 3061.84192
51.1000 1 73.40032
51.2000 1 73.40032
51.3000 1 0.0
51.4000 1 3795.84512
51.5000 1 7707.0336
51.6000 1 2548.03968
51.7000 1 6008.34048
51.8000 1 11744.0512
51.9000 1 9017.7536
52.0000 1 7937.72032
52.1000 1 7853.83424
52.2000 1 7906.26304
52.3000 1 7832.86272
52.4000 1 7869.56288
52.5000 1 1426.06336
52.6000 1 0.0
52.7000 1 0.0
52.8000 1 0.0
52.9000 1 4110.41792
53.0000 1 5851.05408
53.1000 1 5830.08256
53.2000 1 5809.11104
53.3000 1 5767.168
53.4000 1 5746.19648
53.5000 1 5735.71072
53.6000 1 5861.53984
53.7000 1 5809.11104
53.8000 1 5777.65376
53.9000 1 5693.76768
54.0000 1 6092.22656
54.1000 1 5840.56832
54.2000 1 5877.26848
54.3000 1 2023.75168
54.4000 1 0.0
54.5000 1 0.0
54.6000 1 0.0
54.7000 1 4424.99072
54.8000 1 7801.40544
54.9000 1 7853.83424
55.0000 1 7969.1776
55.1000 1 7444.8896
55.2000 1 8399.09376
55.3000 1 7748.97664
55.4000 1 8011.12064
55.5000 1 7843.34848
55.6000 1 7885.29152
55.7000 1 6464.47104
55.8000 1 0.0
55.9000 1 73.40032
56.0000 1 62.91456
56.1000 1 73.40032
56.2000 1 8252.29312
56.3000 1 7790.91968
56.4000 1 7728.00512
56.5000 1 7769.94816
56.6000 1 7895.77728
56.7000 1 7948.20608
56.8000 1 7979.66336
56.9000 1 7958.69184
57.0000 1 8021.6064
57.1000 1 7869.56288
57.2000 1 2327.83872
57.3000 1 0.0
57.4000 1 0.0
57.5000 1 0.0
57.6000 1 4949.27872
57.7000 1 7832.86272
57.8000 1 8011.12064
57.9000 1 7948.20608
58.0000 1 7937.72032
58.1000 1 7958.69184
58.2000 1 7832.86272
58.3000 1 7885.29152
58.4000 1 7182.7456
58.5000 1 6710.8864
58.6000 1 4587.52
58.7000 1 73.40032
58.8000 1 73.40032
58.9000 1 73.40032
59.0000 1 870.31808
59.1000 1 6700.40064
59.2000 1 7035.94496
59.3000 1 7958.69184
59.4000 1 7874.80576
59.5000 1 7958.69184
59.6000 1 7979.66336
59.7000 1 7769.94816
59.8000 1 7654.6048
59.9000 1 7916.7488
60.0000 1 7937.72032
60.1000 1 1630.53568
60.2000 1 83.88608
60.3000 1 73.40032
60.4000 1 62.91456
60.5000 1 5274.33728
60.6000 1 7696.54784
60.7000 1 7612.66176
60.8000 1 7979.66336
60.9000 1 7885.29152
61.0000 1 7969.1776
61.1000 1 7654.6048
61.2000 1 8378.12224
61.3000 1 8136.94976
61.4000 1 8084.52096
61.5000 1 4944.03584
61.6000 1 73.40032
61.7000 1 62.91456
61.8000 1 0.0
61.9000 1 1258.2912
62.0000 1 7780.43392
62.1000 1 7633.63328
62.2000 1 7560.23296
62.3000 1 7528.77568
62.4000 1 7769.94816
62.5000 1 7497.3184
62.6000 1 7948.20608
62.7000 1 8115.97824
62.8000 1 7612.66176
62.9000 1 8000.63488
63.0000 1 3067.0848
63.1000 1 73.40032
63.2000 1 0.0
63.3000 1 136.31488
63.4000 1 3365.92896
63.5000 1 7381.97504
63.6000 1 7906.26304
63.7000 1 7832.86272
63.8000 1 8011.12064
63.9000 1 7738.49088
64.0000 1 8136.94976
64.1000 1 7843.34848
64.2000 1 7874.80576
64.3000 1 7906.26304
64.4000 1 7554.99008
64.5000 1 0.0
64.6000 1 73.40032
64.7000 1 62.91456
64.8000 1 52.4288
64.9000 1 6186.5984
65.0000 1 7665.09056
65.1000 1 7696.54784
65.2000 1 7885.29152
65.3000 1 7675.57632
65.4000 1 8021.6064
65.5000 1 7686.06208
65.6000 1 7686.06208
65.7000 1 8021.6064
65.8000 1 7874.80576
65.9000 1 5258.60864
66.0000 1 52.4288
66.1000 1 10.48576
66.2000 1 146.80064
66.3000 1 304.08704
66.4000 1 6836.71552
66.5000 1 6836.71552
66.6000 1 7528.77568
66.7000 1 7969.1776
66.8000 1 7748.97664
66.9000 1 8115.97824
67.0000 1 8084.52096
67.1000 1 7560.23296
67.2000 1 7969.1776
67.3000 1 7591.69024
67.4000 1 5038.40768
67.5000 1 73.40032
67.6000 1 62.91456
67.7000 1 62.91456
67.8000 1 1604.32128
67.9000 1 8084.52096
68.0000 1 7843.34848
68.1000 1 8011.12064
68.2000 1 7801.40544
68.3000 1 7759.4624
68.4000 1 7707.0336
68.5000 1 7686.06208
68.6000 1 8000.63488
68.7000 1 8136.94976
68.8000 1 7885.29152
68.9000 1 1158.67648
69.0000 1 73.40032
69.1000 1 73.40032
69.2000 1 73.40032
69.3000 1 5253.36576
69.4000 1 7811.8912
69.5000 1 7979.66336
69.6000 1 7906.26304
69.7000 1 8053.06368
69.8000 1 7591.69024
69.9000 1 7811.8912
70.0000 1 7979.66336
70.1000 1 8021.6064
70.2000 1 7780.43392
70.3000 1 5237.63712
