0.1000 1 0.0
0.2000 1 94.37184
0.3000 1 6574.57152
0.4000 1 7822.37696
0.5000 1 7916.7488
0.6000 1 7958.69184
0.7000 1 7979.66336
0.8000 1 7937.72032
0.9000 1 8000.63488
1.0000 1 7874.80576
1.1000 1 7864.32
1.2000 1 7916.7488
1.3000 1 4084.20352
1.4000 1 0.0
1.5000 1 0.0
1.6000 1 3219.12832
1.7000 1 8032.09216
1.8000 1 8021.6064
1.9000 1 8053.06368
2.0000 1 8053.06368
2.1000 1 8021.6064
2.2000 1 7916.7488
2.3000 1 8021.6064
2.4000 1 7958.69184
2.5000 1 8011.12064
2.6000 1 6464.47104
2.7000 1 0.0
2.8000 1 0.0
2.9000 1 450.88768
3.0000 1 7738.49088
3.1000 1 8000.63488
3.2000 1 7895.77728
3.3000 1 8011.12064
3.4000 1 7990.14912
3.5000 1 8105.49248
3.6000 1 8063.54944
3.7000 1 8063.54944
3.8000 1 8063.54944
3.9000 1 8084.52096
4.0000 1 1284.5056
4.1000 1 0.0
4.2000 1 0.0
4.3000 1 4907.33568
4.4000 1 7696.54784
4.5000 1 7864.32
4.6000 1 7895.77728
4.7000 1 7843.34848
4.8000 1 7906.26304
4.9000 1 7958.69184
5.0000 1 7895.77728
5.1000 1 7843.34848
5.2000 1 7958.69184
5.3000 1 5835.32544
5.4000 1 52.4288
5.5000 1 0.0
5.6000 1 1520.4352
5.7000 1 7654.6048
5.8000 1 7832.86272
5.9000 1 8084.52096
6.0000 1 8095.00672
6.1000 1 7969.1776
6.2000 1 8053.06368
6.3000 1 7937.72032
6.4000 1 8000.63488
6.5000 1 7979.66336
6.6000 1 8084.52096
6.7000 1 408.94464
6.8000 1 0.0
6.9000 1 0.0
7.0000 1 6438.25664
7.1000 1 7948.20608
7.2000 1 8000.63488
7.3000 1 7937.72032
7.4000 1 8042.57792
7.5000 1 8063.54944
7.6000 1 8000.63488
7.7000 1 8042.57792
7.8000 1 7990.14912
7.9000 1 8063.54944
8.0000 1 3308.25728
8.1000 1 0.0
8.2000 1 0.0
8.3000 1 3921.67424
8.4000 1 7780.43392
8.5000 1 7916.7488
8.6000 1 8053.06368
8.7000 1 8032.09216
8.8000 1 8189.37856
8.9000 1 8074.0352
9.0000 1 7990.14912
9.1000 1 7885.29152
9.2000 1 8105.49248
9.3000 1 5845.8112
9.4000 1 0.0
9.5000 1 0.0
9.6000 1 1268.77696
9.7000 1 7644.11904
9.8000 1 7801.40544
9.9000 1 8084.52096
10.0000 1 8053.06368
10.1000 1 7895.77728
10.2000 1 8084.52096
10.3000 1 8063.54944
10.4000 1 8095.00672
10.5000 1 7969.1776
10.6000 1 8084.52096
10.7000 1 634.38848
10.8000 1 0.0
10.9000 1 0.0
11.0000 1 6333.39904
11.1000 1 7853.83424
11.2000 1 7979.66336
11.3000 1 7832.86272
11.4000 1 7948.20608
11.5000 1 8021.6064
11.6000 1 8011.12064
11.7000 1 8011.12064
11.8000 1 7990.14912
11.9000 1 8063.54944
12.0000 1 3727.68768
12.1000 1 0.0
12.2000 1 73.40032
12.3000 1 73.40032
12.4000 1 8420.06528
12.5000 1 9510.58432
12.6000 1 7853.83424
12.7000 1 2925.52704
12.8000 1 2789.21216
12.9000 1 11607.73632
13.0000 1 10108.27264
13.1000 1 8262.77888
13.2000 1 7790.91968
13.3000 1 7780.43392
13.4000 1 7817.13408
13.5000 1 534.77376
13.6000 1 73.40032
13.7000 1 62.91456
13.8000 1 6228.54144
13.9000 1 7570.71872
14.0000 1 7654.6048
14.1000 1 7633.63328
14.2000 1 7759.4624
14.3000 1 7696.54784
14.4000 1 7780.43392
14.5000 1 7748.97664
14.6000 1 7853.83424
14.7000 1 7748.97664
14.8000 1 6045.04064
14.9000 1 0.0
15.0000 1 0.0
15.1000 1 734.0032
15.2000 1 7497.3184
15.3000 1 7444.8896
15.4000 1 7644.11904
15.5000 1 7748.97664
15.6000 1 7790.91968
15.7000 1 7707.0336
15.8000 1 7686.06208
15.9000 1 7738.49088
16.0000 1 7790.91968
16.1000 1 7665.09056
16.2000 1 4388.29056
16.3000 1 73.40032
16.4000 1 0.0
16.5000 1 0.0
16.6000 1 9646.8992
16.7000 1 8210.35008
16.8000 1 7707.0336
16.9000 1 7686.06208
17.0000 1 7707.0336
17.1000 1 7728.00512
17.2000 1 7665.09056
17.3000 1 7738.49088
17.4000 1 7769.94816
17.5000 1 7712.27648
17.6000 1 2097.152
17.7000 1 83.88608
17.8000 1 0.0
17.9000 1 4812.96384
18.0000 1 7707.0336
18.1000 1 7644.11904
18.2000 1 7811.8912
18.3000 1 7707.0336
18.4000 1 7801.40544
18.5000 1 7916.7488
18.6000 1 7790.91968
18.7000 1 7790.91968
18.8000 1 7832.86272
18.9000 1 6978.27328
19.0000 1 0.0
19.1000 1 62.91456
19.2000 1 0.0
19.3000 1 7088.37376
19.4000 1 7570.71872
19.5000 1 7696.54784
19.6000 1 7748.97664
19.7000 1 7686.06208
19.8000 1 7591.69024
19.9000 1 7644.11904
20.0000 1 7560.23296
20.1000 1 7696.54784
20.2000 1 7612.66176
20.3000 1 5803.86816
20.4000 1 62.91456
20.5000 1 73.40032
20.6000 1 188.74368
20.7000 1 7392.4608
20.8000 1 7518.28992
20.9000 1 7413.43232
21.0000 1 7581.20448
21.1000 1 7528.77568
21.2000 1 7528.77568
21.3000 1 7602.176
21.4000 1 7675.57632
21.5000 1 7623.14752
21.6000 1 7654.6048
21.7000 1 6055.5264
21.8000 1 0.0
21.9000 1 0.0
22.0000 1 146.80064
22.1000 1 3198.1568
22.2000 1 6039.79776
22.3000 1 11901.3376
22.4000 1 7465.86112
22.5000 1 7665.09056
22.6000 1 7707.0336
22.7000 1 7728.00512
22.8000 1 7738.49088
22.9000 1 7686.06208
23.0000 1 7654.6048
23.1000 1 6831.47264
23.2000 1 0.0
23.3000 1 0.0
23.4000 1 377.48736
23.5000 1 7486.83264
23.6000 1 7769.94816
23.7000 1 7717.51936
23.8000 1 7728.00512
23.9000 1 7790.91968
24.0000 1 7654.6048
24.1000 1 7748.97664
24.2000 1 7602.176
24.3000 1 7707.0336
24.4000 1 7801.40544
24.5000 1 4367.31904
24.6000 1 73.40032
24.7000 1 0.0
24.8000 1 2820.66944
24.9000 1 7644.11904
25.0000 1 7591.69024
25.1000 1 7717.51936
25.2000 1 7717.51936
25.3000 1 7769.94816
25.4000 1 7696.54784
25.5000 1 7759.4624
25.6000 1 7738.49088
25.7000 1 7843.34848
25.8000 1 7754.21952
25.9000 1 1635.77856
26.0000 1 62.91456
26.1000 1 73.40032
26.2000 1 4288.67584
26.3000 1 7549.7472
26.4000 1 7549.7472
26.5000 1 7707.0336
26.6000 1 7696.54784
26.7000 1 7644.11904
26.8000 1 7769.94816
26.9000 1 7696.54784
27.0000 1 7581.20448
27.1000 1 7707.0336
27.2000 1 7554.99008
27.3000 1 943.7184
27.4000 1 0.0
27.5000 1 0.0
27.6000 1 5767.168
27.7000 1 7518.28992
27.8000 1 7591.69024
27.9000 1 7570.71872
28.0000 1 7413.43232
28.1000 1 7560.23296
28.2000 1 7686.06208
28.3000 1 7748.97664
28.4000 1 7759.4624
28.5000 1 7801.40544
28.6000 1 7397.70368
28.7000 1 83.88608
28.8000 1 83.88608
28.9000 1 0.0
29.0000 1 6522.14272
29.1000 1 7549.7472
29.2000 1 7444.8896
29.3000 1 7654.6048
29.4000 1 7686.06208
29.5000 1 7665.09056
29.6000 1 7707.0336
29.7000 1 7728.00512
29.8000 1 7707.0336
29.9000 1 7717.51936
30.0000 1 6233.78432
30.1000 1 83.88608
30.2000 1 0.0
30.3000 1 859.83232
30.4000 1 7413.43232
30.5000 1 7759.4624
30.6000 1 7581.20448
30.7000 1 7654.6048
30.8000 1 7696.54784
30.9000 1 7654.6048
31.0000 1 7560.23296
31.1000 1 7686.06208
31.2000 1 7591.69024
31.3000 1 7728.00512
31.4000 1 4577.03424
31.5000 1 83.88608
31.6000 1 0.0
31.7000 1 1835.008
31.8000 1 7665.09056
31.9000 1 7686.06208
32.0000 1 7570.71872
32.1000 1 7707.0336
32.2000 1 5997.85472
32.3000 1 4110.41792
32.4000 1 7277.11744
32.5000 1 10433.3312
32.6000 1 7811.8912
32.7000 1 7759.4624
32.8000 1 5919.21152
32.9000 1 0.0
33.0000 1 0.0
33.1000 1 1038.09024
33.2000 1 7350.51776
33.3000 1 7738.49088
33.4000 1 7686.06208
33.5000 1 7602.176
33.6000 1 7759.4624
33.7000 1 7780.43392
33.8000 1 7864.32
33.9000 1 7822.37696
34.0000 1 7644.11904
34.1000 1 7785.6768
34.2000 1 3795.84512
34.3000 1 0.0
34.4000 1 0.0
34.5000 1 3177.18528
34.6000 1 7707.0336
34.7000 1 7769.94816
34.8000 1 7717.51936
34.9000 1 7665.09056
35.0000 1 7591.69024
35.1000 1 7780.43392
35.2000 1 7623.14752
35.3000 1 7748.97664
35.4000 1 7759.4624
35.5000 1 7806.64832
35.6000 1 1457.52064
35.7000 1 83.88608
35.8000 1 73.40032
35.9000 1 5022.67904
36.0000 1 7539.26144
36.1000 1 7623.14752
36.2000 1 7602.176
36.3000 1 7686.06208
36.4000 1 7675.57632
36.5000 1 7811.8912
36.6000 1 7686.06208
36.7000 1 7801.40544
36.8000 1 7780.43392
36.9000 1 7492.07552
37.0000 1 0.0
37.1000 1 0.0
37.2000 1 0.0
37.3000 1 7140.80256
37.4000 1 7675.57632
37.5000 1 7811.8912
37.6000 1 7665.09056
37.7000 1 7780.43392
37.8000 1 7811.8912
37.9000 1 7822.37696
38.0000 1 7665.09056
38.1000 1 7832.86272
38.2000 1 3806.33088
38.3000 1 6978.27328
38.4000 1 83.88608
38.5000 1 73.40032
38.6000 1 3900.70272
38.7000 1 7969.1776
38.8000 1 7769.94816
38.9000 1 7790.91968
39.0000 1 10768.87552
39.1000 1 7843.34848
39.2000 1 7633.63328
39.3000 1 7927.23456
39.4000 1 7728.00512
39.5000 1 7874.80576
39.6000 1 6349.12768
39.7000 1 0.0
39.8000 1 73.40032
39.9000 1 5851.05408
40.0000 1 7801.40544
40.1000 1 7696.54784
40.2000 1 7644.11904
40.3000 1 7728.00512
40.4000 1 7801.40544
40.5000 1 7864.32
40.6000 1 7832.86272
40.7000 1 7801.40544
40.8000 1 7811.8912
40.9000 1 5908.72576
41.0000 1 62.91456
41.1000 1 52.4288
41.2000 1 1426.06336
41.3000 1 7728.00512
41.4000 1 7790.91968
41.5000 1 7780.43392
41.6000 1 7717.51936
41.7000 1 7591.69024
41.8000 1 11408.50688
41.9000 1 7801.40544
42.0000 1 7707.0336
42.1000 1 7759.4624
42.2000 1 7051.6736
42.3000 1 0.0
42.4000 1 0.0
42.5000 1 524.288
42.6000 1 7696.54784
42.7000 1 7717.51936
42.8000 1 7811.8912
42.9000 1 7686.06208
43.0000 1 7717.51936
43.1000 1 7434.40384
43.2000 1 8241.80736
43.3000 1 3690.98752
43.4000 1 251.65824
43.5000 1 4550.81984
43.6000 1 9646.8992
43.7000 1 7712.27648
43.8000 1 1289.74848
43.9000 1 0.0
44.0000 1 0.0
44.1000 1 5851.05408
44.2000 1 7612.66176
44.3000 1 7748.97664
44.4000 1 7780.43392
44.5000 1 7801.40544
44.6000 1 7916.7488
44.7000 1 7790.91968
44.8000 1 7832.86272
44.9000 1 7759.4624
45.0000 1 7801.40544
45.1000 1 5961.15456
45.2000 1 0.0
45.3000 1 0.0
45.4000 1 597.68832
45.5000 1 7665.09056
45.6000 1 7665.09056
45.7000 1 7665.09056
45.8000 1 7612.66176
45.9000 1 7686.06208
46.0000 1 7602.176
46.1000 1 7654.6048
46.2000 1 7780.43392
46.3000 1 7644.11904
46.4000 1 7738.49088
46.5000 1 4556.06272
46.6000 1 0.0
46.7000 1 0.0
46.8000 1 1855.97952
46.9000 1 7581.20448
47.0000 1 7570.71872
47.1000 1 7665.09056
47.2000 1 7738.49088
47.3000 1 7654.6048
47.4000 1 7633.63328
47.5000 1 7728.00512
47.6000 1 7885.29152
47.7000 1 7717.51936
47.8000 1 7806.64832
47.9000 1 3009.41312
48.0000 1 0.0
48.1000 1 0.0
48.2000 1 3732.93056
48.3000 1 7591.69024
48.4000 1 7728.00512
48.5000 1 7790.91968
48.6000 1 7665.09056
48.7000 1 7717.51936
48.8000 1 7738.49088
48.9000 1 7748.97664
49.0000 1 7539.26144
49.1000 1 7665.09056
49.2000 1 7838.1056
49.3000 1 954.20416
49.4000 1 0.0
49.5000 1 0.0
49.6000 1 6406.79936
49.7000 1 7801.40544
49.8000 1 7591.69024
49.9000 1 7780.43392
50.0000 1 7707.0336
50.1000 1 7780.43392
50.2000 1 7748.97664
50.3000 1 7696.54784
50.4000 1 7843.34848
50.5000 1 7843.34848
50.6000 1 5615.12448
50.7000 1 0.0
50.8000 1 125.82912
50.9000 1 1342.17728
51.0000 1 7549.7472
51.1000 1 7790.91968
51.2000 1 7780.43392
51.3000 1 7665.09056
51.4000 1 7790.91968
51.5000 1 7780.43392
51.6000 1 7675.57632
51.7000 1 7843.34848
51.8000 1 7654.6048
51.9000 1 7754.21952
52.0000 1 3093.2992
52.1000 1 0.0
52.2000 1 0.0
52.3000 1 3575.64416
52.4000 1 7497.3184
52.5000 1 7686.06208
52.6000 1 7686.06208
52.7000 1 7759.4624
52.8000 1 7602.176
52.9000 1 7686.06208
53.0000 1 7602.176
53.1000 1 7686.06208
53.2000 1 7728.00512
53.3000 1 7712.27648
53.4000 1 1719.66464
53.5000 1 0.0
53.6000 1 0.0
53.7000 1 5557.4528
53.8000 1 7633.63328
53.9000 1 7769.94816
54.0000 1 7612.66176
54.1000 1 8032.09216
54.2000 1 8315.20768
54.3000 1 7843.34848
54.4000 1 7811.8912
54.5000 1 7769.94816
54.6000 1 7790.91968
54.7000 1 5751.43936
54.8000 1 0.0
54.9000 1 0.0
55.0000 1 618.65984
55.1000 1 7539.26144
55.2000 1 7549.7472
55.3000 1 7696.54784
55.4000 1 7528.77568
55.5000 1 7654.6048
55.6000 1 7728.00512
55.7000 1 7769.94816
55.8000 1 7633.63328
55.9000 1 7728.00512
56.0000 1 7581.20448
56.1000 1 4902.0928
56.2000 1 0.0
56.3000 1 0.0
56.4000 1 2034.23744
56.5000 1 7748.97664
56.6000 1 7686.06208
56.7000 1 7790.91968
56.8000 1 7623.14752
56.9000 1 7748.97664
57.0000 1 7581.20448
57.1000 1 7738.49088
57.2000 1 7769.94816
57.3000 1 7748.97664
57.4000 1 7796.16256
57.5000 1 2495.61088
57.6000 1 125.82912
57.7000 1 0.0
57.8000 1 3481.27232
57.9000 1 7707.0336
58.0000 1 7507.80416
58.1000 1 7633.63328
58.2000 1 7707.0336
58.3000 1 7654.6048
58.4000 1 7769.94816
58.5000 1 7707.0336
58.6000 1 7801.40544
58.7000 1 7738.49088
58.8000 1 7607.41888
58.9000 1 1520.4352
59.0000 1 0.0
59.1000 1 0.0
59.2000 1 5138.0224
59.3000 1 7665.09056
59.4000 1 7675.57632
59.5000 1 7748.97664
59.6000 1 7602.176
59.7000 1 7728.00512
59.8000 1 7570.71872
59.9000 1 7623.14752
60.0000 1 7591.69024
60.1000 1 7707.0336
60.2000 1 7712.27648
60.3000 1 0.0
60.4000 1 0.0
60.5000 1 0.0
60.6000 1 6721.37216
60.7000 1 7549.7472
60.8000 1 7623.14752
60.9000 1 7665.09056
61.0000 1 7633.63328
61.1000 1 7738.49088
61.2000 1 7748.97664
61.3000 1 7738.49088
61.4000 1 7780.43392
61.5000 1 7612.66176
61.6000 1 5971.64032
61.7000 1 0.0
61.8000 1 125.82912
61.9000 1 1080.03328
62.0000 1 7298.08896
62.1000 1 7717.51936
62.2000 1 7686.06208
62.3000 1 7591.69024
62.4000 1 7696.54784
62.5000 1 7686.06208
62.6000 1 7811.8912
62.7000 1 7707.0336
62.8000 1 7591.69024
62.9000 1 7722.76224
63.0000 1 4141.8752
63.1000 1 0.0
63.2000 1 125.82912
63.3000 1 1824.52224
63.4000 1 7497.3184
63.5000 1 7465.86112
63.6000 1 7507.80416
63.7000 1 7518.28992
63.8000 1 7560.23296
63.9000 1 7633.63328
64.0000 1 7560.23296
64.1000 1 7707.0336
64.2000 1 7686.06208
64.3000 1 7481.58976
64.4000 1 0.0
