0.1000 1 0.0
0.2000 1 94.37184
0.3000 1 6438.25664
0.4000 1 6490.68544
0.5000 1 6490.68544
0.6000 1 6490.68544
0.7000 1 6511.65696
0.8000 1 6511.65696
0.9000 1 6511.65696
1.0000 1 6427.77088
1.1000 1 7738.49088
1.2000 1 8514.43712
1.3000 1 8566.86592
1.4000 1 6391.07072
1.5000 1 52.4288
1.6000 1 0.0
1.7000 1 0.0
1.8000 1 6794.77248
1.9000 1 8724.15232
2.0000 1 8724.15232
2.1000 1 8713.66656
2.2000 1 8745.12384
2.3000 1 8640.26624
2.4000 1 8587.83744
2.5000 1 8524.92288
2.6000 1 8451.52256
2.7000 1 5761.92512
2.8000 1 73.40032
2.9000 1 0.0
3.0000 1 0.0
3.1000 1 6543.11424
3.2000 1 8503.95136
3.3000 1 8566.86592
3.4000 1 8629.78048
3.5000 1 8650.752
3.6000 1 8671.72352
3.7000 1 8514.43712
3.8000 1 8514.43712
3.9000 1 8493.4656
4.0000 1 6716.12928
4.1000 1 52.4288
4.2000 1 0.0
4.3000 1 0.0
4.4000 1 4812.96384
4.5000 1 6448.7424
4.6000 1 6375.34208
4.7000 1 6480.19968
4.8000 1 6480.19968
4.9000 1 6469.71392
5.0000 1 6469.71392
5.1000 1 6522.14272
5.2000 1 6532.62848
5.3000 1 6480.19968
5.4000 1 6543.11424
5.5000 1 6543.11424
5.6000 1 5594.15296
5.7000 1 0.0
5.8000 1 0.0
5.9000 1 0.0
6.0000 1 1688.20736
6.1000 1 8524.92288
6.2000 1 8503.95136
6.3000 1 8556.38016
6.4000 1 8556.38016
6.5000 1 8472.49408
6.6000 1 8420.06528
6.7000 1 8378.12224
6.8000 1 8441.0368
6.9000 1 8430.55104
7.0000 1 3696.2304
7.1000 1 62.91456
7.2000 1 0.0
7.3000 1 440.40192
7.4000 1 9080.66816
7.5000 1 8755.6096
7.6000 1 6406.79936
7.7000 1 545.25952
7.8000 1 4267.70432
7.9000 1 7906.26304
8.0000 1 6553.6
8.1000 1 7602.176
8.2000 1 8650.752
8.3000 1 8524.92288
8.4000 1 8598.3232
8.5000 1 7995.392
8.6000 1 0.0
8.7000 1 0.0
8.8000 1 0.0
8.9000 1 3282.04288
9.0000 1 9227.4688
9.1000 1 8545.8944
9.2000 1 8734.63808
9.3000 1 8713.66656
9.4000 1 8818.52416
9.5000 1 8587.83744
9.6000 1 8629.78048
9.7000 1 8629.78048
9.8000 1 8603.56608
9.9000 1 0.0
10.0000 1 0.0
10.1000 1 0.0
10.2000 1 3428.84352
10.3000 1 8745.12384
10.4000 1 8902.41024
10.5000 1 9007.26784
10.6000 1 8829.00992
10.7000 1 8734.63808
10.8000 1 8650.752
10.9000 1 8661.23776
11.0000 1 8598.3232
11.1000 1 8068.79232
11.2000 1 73.40032
11.3000 1 0.0
11.4000 1 0.0
11.5000 1 4519.36256
11.6000 1 8451.52256
11.7000 1 8776.58112
11.8000 1 8902.41024
11.9000 1 8818.52416
12.0000 1 8881.43872
12.1000 1 8745.12384
12.2000 1 8640.26624
12.3000 1 8325.69344
12.4000 1 7628.3904
12.5000 1 0.0
12.6000 1 73.40032
12.7000 1 83.88608
12.8000 1 1363.1488
12.9000 1 9374.26944
13.0000 1 7937.72032
13.1000 1 8829.00992
13.2000 1 8891.92448
13.3000 1 8787.06688
13.4000 1 8849.98144
13.5000 1 8703.1808
13.6000 1 8577.35168
13.7000 1 8624.5376
13.8000 1 1541.40672
13.9000 1 0.0
14.0000 1 0.0
14.1000 1 2002.78016
14.2000 1 6553.6
14.3000 1 6574.57152
14.4000 1 6658.4576
14.5000 1 6595.54304
14.6000 1 6585.05728
14.7000 1 6700.40064
14.8000 1 6543.11424
14.9000 1 6647.97184
15.0000 1 6595.54304
15.1000 1 6647.97184
15.2000 1 6710.8864
15.3000 1 6558.84288
15.4000 1 492.83072
15.5000 1 0.0
15.6000 1 0.0
15.7000 1 3124.75648
15.8000 1 8608.80896
15.9000 1 8587.83744
16.0000 1 8650.752
16.1000 1 8682.20928
16.2000 1 8713.66656
16.3000 1 8545.8944
16.4000 1 8462.00832
16.5000 1 8598.3232
16.6000 1 8414.8224
16.7000 1 398.45888
16.8000 1 0.0
16.9000 1 73.40032
17.0000 1 859.83232
17.1000 1 11198.79168
17.2000 1 8776.58112
17.3000 1 8808.0384
17.4000 1 8682.20928
17.5000 1 8524.92288
17.6000 1 8598.3232
17.7000 1 8682.20928
17.8000 1 8545.8944
17.9000 1 8530.16576
18.0000 1 1415.5776
18.1000 1 0.0
18.2000 1 83.88608
18.3000 1 2443.18208
18.4000 1 8713.66656
18.5000 1 8776.58112
18.6000 1 8776.58112
18.7000 1 8766.09536
18.8000 1 8745.12384
18.9000 1 8598.3232
19.0000 1 8545.8944
19.1000 1 8608.80896
19.2000 1 8582.59456
19.3000 1 996.1472
19.4000 1 73.40032
19.5000 1 62.91456
19.6000 1 2841.64096
19.7000 1 8734.63808
19.8000 1 8734.63808
19.9000 1 8682.20928
20.0000 1 8724.15232
20.1000 1 8745.12384
20.2000 1 8724.15232
20.3000 1 8566.86592
20.4000 1 8451.52256
20.5000 1 8551.13728
20.6000 1 859.83232
20.7000 1 62.91456
20.8000 1 73.40032
20.9000 1 3261.07136
21.0000 1 8420.06528
21.1000 1 8577.35168
21.2000 1 8545.8944
21.3000 1 8671.72352
21.4000 1 8514.43712
21.5000 1 8577.35168
21.6000 1 8524.92288
21.7000 1 8535.40864
21.8000 1 8530.16576
21.9000 1 1530.92096
22.0000 1 0.0
22.1000 1 73.40032
22.2000 1 2002.78016
22.3000 1 8462.00832
22.4000 1 8388.608
22.5000 1 8430.55104
22.6000 1 8325.69344
22.7000 1 8357.15072
22.8000 1 8231.3216
22.9000 1 8220.83584
23.0000 1 8231.3216
23.1000 1 8320.45056
23.2000 1 4645.19168
23.3000 1 73.40032
23.4000 1 73.40032
23.5000 1 73.40032
23.6000 1 3827.3024
23.7000 1 11985.22368
23.8000 1 8682.20928
23.9000 1 8797.55264
24.0000 1 8818.52416
24.1000 1 8671.72352
24.2000 1 8493.4656
24.3000 1 8577.35168
24.4000 1 8556.38016
24.5000 1 5164.2368
24.6000 1 0.0
24.7000 1 0.0
24.8000 1 0.0
24.9000 1 8503.95136
25.0000 1 8776.58112
25.1000 1 8797.55264
25.2000 1 8745.12384
25.3000 1 8577.35168
25.4000 1 8766.09536
25.5000 1 8640.26624
25.6000 1 7046.43072
25.7000 1 10239.34464
25.8000 1 3722.4448
25.9000 1 73.40032
26.0000 1 73.40032
26.1000 1 94.37184
26.2000 1 8399.09376
26.3000 1 8566.86592
26.4000 1 8640.26624
26.5000 1 8503.95136
26.6000 1 8556.38016
26.7000 1 8556.38016
26.8000 1 5798.62528
26.9000 1 5169.47968
27.0000 1 9950.98624
27.1000 1 7355.76064
27.2000 1 0.0
27.3000 1 62.91456
27.4000 1 62.91456
27.5000 1 73.40032
27.6000 1 146.80064
27.7000 1 167.77216
27.8000 1 0.0
27.9000 1 6113.19808
28.0000 1 10747.904
28.1000 1 9028.23936
28.2000 1 8849.98144
28.3000 1 8692.69504
28.4000 1 8682.20928
28.5000 1 8629.78048
28.6000 1 8136.94976
28.7000 1 9112.12544
28.8000 1 5373.952
28.9000 1 73.40032
29.0000 1 0.0
29.1000 1 3942.64576
29.2000 1 8231.3216
29.3000 1 7895.77728
29.4000 1 7392.4608
29.5000 1 7623.14752
29.6000 1 7214.20288
29.7000 1 7014.97344
29.8000 1 7287.6032
29.9000 1 8136.94976
30.0000 1 8126.464
30.1000 1 4021.28896
30.2000 1 73.40032
30.3000 1 62.91456
30.4000 1 73.40032
30.5000 1 7990.14912
30.6000 1 8535.40864
30.7000 1 7025.4592
30.8000 1 8178.8928
30.9000 1 8189.37856
31.0000 1 8451.52256
31.1000 1 8640.26624
31.2000 1 8241.80736
31.3000 1 8703.1808
31.4000 1 7670.33344
31.5000 1 0.0
31.6000 1 136.31488
31.7000 1 2013.26592
31.8000 1 8535.40864
31.9000 1 8357.15072
32.0000 1 8336.1792
32.1000 1 8357.15072
32.2000 1 8503.95136
32.3000 1 8157.92128
32.4000 1 7507.80416
32.5000 1 7717.51936
32.6000 1 7717.51936
32.7000 1 6433.01376
32.8000 1 0.0
32.9000 1 73.40032
33.0000 1 62.91456
33.1000 1 5221.90848
33.2000 1 8399.09376
33.3000 1 8441.0368
33.4000 1 8692.69504
33.5000 1 8462.00832
33.6000 1 8409.57952
33.7000 1 8252.29312
33.8000 1 8462.00832
33.9000 1 8346.66496
34.0000 1 8304.72192
34.1000 1 644.87424
34.2000 1 62.91456
34.3000 1 62.91456
34.4000 1 1184.89088
34.5000 1 8923.38176
34.6000 1 8482.97984
34.7000 1 8388.608
34.8000 1 9059.69664
34.9000 1 10454.30272
35.0000 1 10286.53056
35.1000 1 9007.26784
35.2000 1 8524.92288
35.3000 1 8509.19424
35.4000 1 3523.21536
35.5000 1 62.91456
35.6000 1 73.40032
35.7000 1 713.03168
35.8000 1 8566.86592
35.9000 1 8524.92288
36.0000 1 8598.3232
36.1000 1 8849.98144
36.2000 1 8745.12384
36.3000 1 8745.12384
36.4000 1 8556.38016
36.5000 1 8577.35168
36.6000 1 8603.56608
36.7000 1 3082.81344
36.8000 1 0.0
36.9000 1 0.0
37.0000 1 283.11552
37.1000 1 2915.04128
37.2000 1 4456.448
37.3000 1 10359.93088
37.4000 1 10601.10336
37.5000 1 8462.00832
37.6000 1 8430.55104
37.7000 1 8231.3216
37.8000 1 8325.69344
37.9000 1 8273.26464
38.0000 1 8268.02176
38.1000 1 3177.18528
38.2000 1 0.0
38.3000 1 0.0
38.4000 1 377.48736
38.5000 1 8514.43712
38.6000 1 8577.35168
38.7000 1 8608.80896
38.8000 1 8713.66656
38.9000 1 8545.8944
39.0000 1 8514.43712
39.1000 1 8462.00832
39.2000 1 8441.0368
39.3000 1 8561.62304
39.4000 1 4540.33408
39.5000 1 0.0
39.6000 1 0.0
39.7000 1 0.0
39.8000 1 7361.00352
39.9000 1 8524.92288
40.0000 1 8472.49408
40.1000 1 8619.29472
40.2000 1 8577.35168
40.3000 1 8629.78048
40.4000 1 8535.40864
40.5000 1 8650.752
40.6000 1 8535.40864
40.7000 1 6003.0976
40.8000 1 0.0
40.9000 1 0.0
41.0000 1 0.0
41.1000 1 6480.19968
41.2000 1 8587.83744
41.3000 1 8482.97984
41.4000 1 8860.4672
41.5000 1 8808.0384
41.6000 1 8839.49568
41.7000 1 8713.66656
41.8000 1 8682.20928
41.9000 1 8514.43712
42.0000 1 5814.35392
42.1000 1 73.40032
42.2000 1 73.40032
42.3000 1 0.0
42.4000 1 6406.79936
42.5000 1 8556.38016
42.6000 1 8703.1808
42.7000 1 8724.15232
42.8000 1 8703.1808
42.9000 1 8619.29472
43.0000 1 8545.8944
43.1000 1 8587.83744
43.2000 1 8524.92288
43.3000 1 6296.69888
43.4000 1 0.0
43.5000 1 0.0
43.6000 1 0.0
43.7000 1 6102.71232
43.8000 1 8493.4656
43.9000 1 8420.06528
44.0000 1 8524.92288
44.1000 1 8640.26624
44.2000 1 8703.1808
44.3000 1 8524.92288
44.4000 1 8629.78048
44.5000 1 8629.78048
44.6000 1 7062.15936
44.7000 1 0.0
44.8000 1 0.0
44.9000 1 0.0
45.0000 1 5358.22336
45.1000 1 8860.4672
45.2000 1 8734.63808
45.3000 1 8818.52416
45.4000 1 8912.896
45.5000 1 8818.52416
45.6000 1 8734.63808
45.7000 1 8703.1808
45.8000 1 8598.3232
45.9000 1 6349.12768
46.0000 1 83.88608
46.1000 1 0.0
46.2000 1 83.88608
46.3000 1 4802.47808
46.4000 1 6773.80096
46.5000 1 6606.0288
46.6000 1 6689.91488
46.7000 1 6627.00032
46.8000 1 6522.14272
46.9000 1 6553.6
47.0000 1 6543.11424
47.1000 1 6637.48608
47.2000 1 5169.47968
47.3000 1 3103.78496
47.4000 1 8608.80896
47.5000 1 6433.01376
47.6000 1 73.40032
47.7000 1 73.40032
47.8000 1 220.20096
47.9000 1 8556.38016
48.0000 1 8524.92288
48.1000 1 8619.29472
48.2000 1 8577.35168
48.3000 1 8619.29472
48.4000 1 8367.63648
48.5000 1 8357.15072
48.6000 1 8503.95136
48.7000 1 8357.15072
48.8000 1 5594.15296
48.9000 1 0.0
49.0000 1 0.0
49.1000 1 0.0
49.2000 1 7109.34528
49.3000 1 8797.55264
49.4000 1 8797.55264
49.5000 1 8797.55264
49.6000 1 8577.35168
49.7000 1 8650.752
49.8000 1 8671.72352
49.9000 1 8524.92288
50.0000 1 8713.66656
50.1000 1 5206.17984
50.2000 1 0.0
50.3000 1 0.0
50.4000 1 0.0
50.5000 1 5683.28192
50.6000 1 6647.97184
50.7000 1 6564.08576
50.8000 1 6668.94336
50.9000 1 6585.05728
51.0000 1 6658.4576
51.1000 1 6522.14272
51.2000 1 6239.0272
51.3000 1 4592.76288
51.4000 1 2485.12512
51.5000 1 1992.2944
51.6000 1 1321.20576
51.7000 1 115.34336
51.8000 1 7895.77728
51.9000 1 7984.90624
52.0000 1 3711.95904
52.1000 1 73.40032
52.2000 1 73.40032
52.3000 1 0.0
52.4000 1 5672.79616
52.5000 1 8734.63808
52.6000 1 8975.81056
52.7000 1 8776.58112
52.8000 1 8829.00992
52.9000 1 8818.52416
53.0000 1 8661.23776
53.1000 1 2317.35296
53.2000 1 1163.91936
53.3000 1 1835.008
53.4000 1 2181.03808
53.5000 1 11654.92224
53.6000 1 4068.47488
53.7000 1 0.0
53.8000 1 0.0
53.9000 1 0.0
54.0000 1 8210.35008
54.1000 1 8482.97984
54.2000 1 8619.29472
54.3000 1 8598.3232
54.4000 1 8556.38016
54.5000 1 8115.97824
54.6000 1 8703.1808
54.7000 1 8420.06528
54.8000 1 8357.15072
54.9000 1 5761.92512
55.0000 1 83.88608
55.1000 1 0.0
55.2000 1 0.0
55.3000 1 7707.0336
55.4000 1 8839.49568
55.5000 1 8860.4672
55.6000 1 8912.896
55.7000 1 8808.0384
55.8000 1 8692.69504
55.9000 1 8692.69504
56.0000 1 8598.3232
56.1000 1 8697.93792
56.2000 1 3942.64576
56.3000 1 83.88608
56.4000 1 0.0
56.5000 1 0.0
56.6000 1 6427.77088
56.7000 1 6574.57152
56.8000 1 6616.51456
56.9000 1 6553.6
57.0000 1 6647.97184
57.1000 1 6637.48608
57.2000 1 6511.65696
57.3000 1 6532.62848
57.4000 1 6668.94336
57.5000 1 6721.37216
57.6000 1 6574.57152
57.7000 1 6558.84288
57.8000 1 2810.18368
57.9000 1 0.0
58.0000 1 0.0
58.1000 1 272.62976
58.2000 1 3533.70112
58.3000 1 7235.1744
58.4000 1 12824.08448
58.5000 1 8849.98144
58.6000 1 8808.0384
58.7000 1 8577.35168
58.8000 1 8598.3232
58.9000 1 8650.752
59.0000 1 8566.86592
59.1000 1 5908.72576
59.2000 1 0.0
59.3000 1 0.0
59.4000 1 0.0
59.5000 1 6616.51456
59.6000 1 8472.49408
59.7000 1 8462.00832
59.8000 1 8441.0368
59.9000 1 8315.20768
60.0000 1 8430.55104
60.1000 1 8304.72192
60.2000 1 8304.72192
60.3000 1 8336.1792
60.4000 1 8026.84928
60.5000 1 73.40032
60.6000 1 83.88608
60.7000 1 0.0
60.8000 1 4718.592
60.9000 1 8619.29472
61.0000 1 8870.95296
61.1000 1 8860.4672
61.2000 1 8891.92448
61.3000 1 8808.0384
61.4000 1 8608.80896
61.5000 1 8682.20928
61.6000 1 8598.3232
61.7000 1 6999.2448
61.8000 1 83.88608
61.9000 1 73.40032
62.0000 1 0.0
62.1000 1 4970.25024
62.2000 1 8724.15232
62.3000 1 8787.06688
62.4000 1 8713.66656
62.5000 1 8839.49568
62.6000 1 8545.8944
62.7000 1 8619.29472
62.8000 1 8598.3232
62.9000 1 8629.78048
63.0000 1 7261.3888
63.1000 1 0.0
63.2000 1 73.40032
63.3000 1 0.0
63.4000 1 4949.27872
63.5000 1 8650.752
63.6000 1 8587.83744
63.7000 1 8682.20928
63.8000 1 8556.38016
63.9000 1 8566.86592
64.0000 1 8587.83744
64.1000 1 8493.4656
64.2000 1 8535.40864
64.3000 1 3234.85696
