0.1000 1 0.0
0.2000 1 83.88608
0.3000 1 8545.8944
0.4000 1 8482.97984
0.5000 1 8399.09376
0.6000 1 8399.09376
0.7000 1 8378.12224
0.8000 1 8441.0368
0.9000 1 8451.52256
1.0000 1 8378.12224
1.1000 1 8482.97984
1.2000 1 7009.73056
1.3000 1 0.0
1.4000 1 0.0
1.5000 1 0.0
1.6000 1 7696.54784
1.7000 1 8294.23616
1.8000 1 8619.29472
1.9000 1 8577.35168
2.0000 1 8535.40864
2.1000 1 8399.09376
2.2000 1 8357.15072
2.3000 1 8451.52256
2.4000 1 8472.49408
2.5000 1 6359.61344
2.6000 1 0.0
2.7000 1 0.0
2.8000 1 0.0
2.9000 1 7948.20608
3.0000 1 8472.49408
3.1000 1 8441.0368
3.2000 1 8430.55104
3.3000 1 8524.92288
3.4000 1 8388.608
3.5000 1 8420.06528
3.6000 1 8514.43712
3.7000 1 8430.55104
3.8000 1 6223.29856
3.9000 1 0.0
4.0000 1 0.0
4.1000 1 0.0
4.2000 1 8252.29312
4.3000 1 8462.00832
4.4000 1 8640.26624
4.5000 1 8629.78048
4.6000 1 8441.0368
4.7000 1 8441.0368
4.8000 1 8409.57952
4.9000 1 8503.95136
5.0000 1 8535.40864
5.1000 1 5478.8096
5.2000 1 0.0
5.3000 1 0.0
5.4000 1 1069.54752
5.5000 1 8482.97984
5.6000 1 8671.72352
5.7000 1 8545.8944
5.8000 1 8587.83744
5.9000 1 8462.00832
6.0000 1 8462.00832
6.1000 1 8441.0368
6.2000 1 8503.95136
6.3000 1 8472.49408
6.4000 1 4063.232
6.5000 1 0.0
6.6000 1 0.0
6.7000 1 2474.63936
6.8000 1 8598.3232
6.9000 1 8682.20928
7.0000 1 8671.72352
7.1000 1 8650.752
7.2000 1 8409.57952
7.3000 1 8430.55104
7.4000 1 8388.608
7.5000 1 8409.57952
7.6000 1 8441.0368
7.7000 1 2563.76832
7.8000 1 0.0
7.9000 1 0.0
8.0000 1 3177.18528
8.1000 1 7748.97664
8.2000 1 7738.49088
8.3000 1 6501.1712
8.4000 1 7738.49088
8.5000 1 8367.63648
8.6000 1 8378.12224
8.7000 1 8378.12224
8.8000 1 8367.63648
8.9000 1 8503.95136
9.0000 1 6904.87296
9.1000 1 0.0
9.2000 1 0.0
9.3000 1 6983.51616
9.4000 1 8640.26624
9.5000 1 8514.43712
9.6000 1 8451.52256
9.7000 1 8441.0368
9.8000 1 8451.52256
9.9000 1 8388.608
10.0000 1 8472.49408
10.1000 1 8241.80736
10.2000 1 6008.34048
10.3000 1 393.216
10.4000 1 73.40032
10.5000 1 0.0
10.6000 1 4865.39264
10.7000 1 11576.27904
10.8000 1 8766.09536
10.9000 1 8692.69504
11.0000 1 7654.6048
11.1000 1 9237.95456
11.2000 1 8745.12384
11.3000 1 8608.80896
11.4000 1 8619.29472
11.5000 1 8435.79392
11.6000 1 1635.77856
11.7000 1 0.0
11.8000 1 0.0
11.9000 1 4655.67744
12.0000 1 8462.00832
12.1000 1 8608.80896
12.2000 1 8430.55104
12.3000 1 8514.43712
12.4000 1 5851.05408
12.5000 1 0.0
12.6000 1 2474.63936
12.7000 1 12519.99744
12.8000 1 7853.83424
12.9000 1 4057.98912
13.0000 1 1447.03488
13.1000 1 3696.2304
13.2000 1 73.40032
13.3000 1 0.0
13.4000 1 251.65824
13.5000 1 1101.0048
13.6000 1 4854.90688
13.7000 1 10297.01632
13.8000 1 8650.752
13.9000 1 7780.43392
14.0000 1 7948.20608
14.1000 1 7843.34848
14.2000 1 8000.63488
14.3000 1 5022.67904
14.4000 1 817.88928
14.5000 1 7319.06048
14.6000 1 11020.53376
14.7000 1 5835.32544
14.8000 1 0.0
14.9000 1 0.0
15.0000 1 0.0
15.1000 1 8336.1792
15.2000 1 8619.29472
15.3000 1 8682.20928
15.4000 1 8703.1808
15.5000 1 8451.52256
15.6000 1 8462.00832
15.7000 1 8619.29472
15.8000 1 8430.55104
15.9000 1 8530.16576
16.0000 1 4854.90688
16.1000 1 83.88608
16.2000 1 0.0
16.3000 1 1793.06496
16.4000 1 8545.8944
16.5000 1 8629.78048
16.6000 1 8409.57952
16.7000 1 8524.92288
16.8000 1 8608.80896
16.9000 1 8472.49408
17.0000 1 8493.4656
17.1000 1 8608.80896
17.2000 1 8530.16576
17.3000 1 3166.69952
17.4000 1 73.40032
17.5000 1 0.0
17.6000 1 2705.32608
17.7000 1 8587.83744
17.8000 1 8524.92288
17.9000 1 8650.752
18.0000 1 8399.09376
18.1000 1 8472.49408
18.2000 1 8451.52256
18.3000 1 8409.57952
18.4000 1 8514.43712
18.5000 1 8383.36512
18.6000 1 2485.12512
18.7000 1 73.40032
18.8000 1 0.0
18.9000 1 4131.38944
19.0000 1 8577.35168
19.1000 1 8808.0384
19.2000 1 8556.38016
19.3000 1 8598.3232
19.4000 1 8493.4656
19.5000 1 8566.86592
19.6000 1 8493.4656
19.7000 1 8493.4656
19.8000 1 8593.08032
19.9000 1 461.37344
20.0000 1 0.0
20.1000 1 0.0
20.2000 1 5777.65376
20.3000 1 8619.29472
20.4000 1 8661.23776
20.5000 1 8703.1808
20.6000 1 8441.0368
20.7000 1 8451.52256
20.8000 1 8545.8944
20.9000 1 8503.95136
21.0000 1 8482.97984
21.1000 1 7439.64672
21.2000 1 0.0
21.3000 1 83.88608
21.4000 1 0.0
21.5000 1 7119.83104
21.6000 1 8535.40864
21.7000 1 8671.72352
21.8000 1 8587.83744
21.9000 1 8692.69504
22.0000 1 8367.63648
22.1000 1 8514.43712
22.2000 1 8462.00832
22.3000 1 8566.86592
22.4000 1 6045.04064
22.5000 1 73.40032
22.6000 1 73.40032
22.7000 1 73.40032
22.8000 1 7675.57632
22.9000 1 8755.6096
23.0000 1 8661.23776
23.1000 1 8608.80896
23.2000 1 8420.06528
23.3000 1 8556.38016
23.4000 1 8430.55104
23.5000 1 8409.57952
23.6000 1 8304.72192
23.7000 1 5751.43936
23.8000 1 83.88608
23.9000 1 73.40032
24.0000 1 73.40032
24.1000 1 8608.80896
24.2000 1 8755.6096
24.3000 1 8514.43712
24.4000 1 8367.63648
24.5000 1 3848.27392
24.6000 1 4854.90688
24.7000 1 12499.02592
24.8000 1 8965.3248
24.9000 1 8399.09376
25.0000 1 8498.70848
25.1000 1 293.60128
25.2000 1 94.37184
25.3000 1 0.0
25.4000 1 5630.85312
25.5000 1 8126.464
25.6000 1 8189.37856
25.7000 1 8178.8928
25.8000 1 8021.6064
25.9000 1 8105.49248
26.0000 1 8063.54944
26.1000 1 8126.464
26.2000 1 8053.06368
26.3000 1 8079.27808
26.4000 1 3061.84192
26.5000 1 83.88608
26.6000 1 73.40032
26.7000 1 2527.06816
26.8000 1 8608.80896
26.9000 1 8703.1808
27.0000 1 8671.72352
27.1000 1 8755.6096
27.2000 1 8577.35168
27.3000 1 8629.78048
27.4000 1 8482.97984
27.5000 1 8650.752
27.6000 1 8530.16576
27.7000 1 1572.864
27.8000 1 83.88608
27.9000 1 0.0
28.0000 1 4089.4464
28.1000 1 8598.3232
28.2000 1 8734.63808
28.3000 1 8587.83744
28.4000 1 8587.83744
28.5000 1 8503.95136
28.6000 1 8535.40864
28.7000 1 8587.83744
28.8000 1 8629.78048
28.9000 1 8582.59456
29.0000 1 230.68672
29.1000 1 83.88608
29.2000 1 73.40032
29.3000 1 6574.57152
29.4000 1 8745.12384
29.5000 1 8766.09536
29.6000 1 8524.92288
29.7000 1 8566.86592
29.8000 1 8587.83744
29.9000 1 8556.38016
30.0000 1 8640.26624
30.1000 1 8566.86592
30.2000 1 6076.49792
30.3000 1 0.0
30.4000 1 0.0
30.5000 1 933.23264
30.6000 1 8378.12224
30.7000 1 8619.29472
30.8000 1 8755.6096
30.9000 1 8671.72352
31.0000 1 8577.35168
31.1000 1 8482.97984
31.2000 1 8577.35168
31.3000 1 8482.97984
31.4000 1 8456.76544
31.5000 1 3837.78816
31.6000 1 0.0
31.7000 1 0.0
31.8000 1 1960.83712
31.9000 1 8346.66496
32.0000 1 8535.40864
32.1000 1 8545.8944
32.2000 1 8430.55104
32.3000 1 8598.3232
32.4000 1 8304.72192
32.5000 1 8441.0368
32.6000 1 8273.26464
32.7000 1 8351.90784
32.8000 1 3848.27392
32.9000 1 94.37184
33.0000 1 0.0
33.1000 1 2485.12512
33.2000 1 8409.57952
33.3000 1 8734.63808
33.4000 1 8766.09536
33.5000 1 8388.608
33.6000 1 8409.57952
33.7000 1 8514.43712
33.8000 1 8524.92288
33.9000 1 8493.4656
34.0000 1 8414.8224
34.1000 1 2527.06816
34.2000 1 0.0
34.3000 1 0.0
34.4000 1 4477.41952
34.5000 1 8598.3232
34.6000 1 8273.26464
34.7000 1 3072.32768
34.8000 1 5337.25184
34.9000 1 12698.25536
35.0000 1 8923.38176
35.1000 1 8399.09376
35.2000 1 8556.38016
35.3000 1 8593.08032
35.4000 1 4833.93536
35.5000 1 83.88608
35.6000 1 0.0
35.7000 1 1457.52064
35.8000 1 8514.43712
35.9000 1 8692.69504
36.0000 1 8671.72352
36.1000 1 8524.92288
36.2000 1 8482.97984
36.3000 1 8587.83744
36.4000 1 8608.80896
36.5000 1 8545.8944
36.6000 1 8488.22272
36.7000 1 3187.67104
36.8000 1 0.0
36.9000 1 0.0
37.0000 1 3785.35936
37.1000 1 3732.93056
37.2000 1 304.08704
37.3000 1 429.91616
37.4000 1 0.0
37.5000 1 2380.26752
37.6000 1 12173.96736
37.7000 1 8713.66656
37.8000 1 8441.0368
37.9000 1 8608.80896
38.0000 1 8587.83744
38.1000 1 8420.06528
38.2000 1 8556.38016
38.3000 1 7607.41888
38.4000 1 0.0
38.5000 1 94.37184
38.6000 1 0.0
38.7000 1 7161.77408
38.8000 1 8650.752
38.9000 1 8745.12384
39.0000 1 8682.20928
39.1000 1 8587.83744
39.2000 1 8535.40864
39.3000 1 8472.49408
39.4000 1 8524.92288
39.5000 1 8535.40864
39.6000 1 5845.8112
39.7000 1 83.88608
39.8000 1 0.0
39.9000 1 335.54432
40.0000 1 8514.43712
40.1000 1 8755.6096
40.2000 1 8745.12384
40.3000 1 8692.69504
40.4000 1 8598.3232
40.5000 1 8556.38016
40.6000 1 8409.57952
40.7000 1 8640.26624
40.8000 1 8603.56608
40.9000 1 3806.33088
41.0000 1 94.37184
41.1000 1 73.40032
41.2000 1 1845.49376
41.3000 1 8535.40864
41.4000 1 8671.72352
41.5000 1 8493.4656
41.6000 1 8273.26464
41.7000 1 8493.4656
41.8000 1 8409.57952
41.9000 1 8493.4656
42.0000 1 8462.00832
42.1000 1 8488.22272
42.2000 1 3533.70112
42.3000 1 83.88608
42.4000 1 0.0
42.5000 1 2757.75488
42.6000 1 8545.8944
42.7000 1 8787.06688
42.8000 1 8661.23776
42.9000 1 8661.23776
43.0000 1 8420.06528
43.1000 1 8545.8944
43.2000 1 8535.40864
43.3000 1 8493.4656
43.4000 1 8509.19424
43.5000 1 1824.52224
43.6000 1 62.91456
43.7000 1 0.0
43.8000 1 5200.93696
43.9000 1 8734.63808
44.0000 1 8692.69504
44.1000 1 8608.80896
44.2000 1 8524.92288
44.3000 1 8650.752
44.4000 1 8399.09376
44.5000 1 8545.8944
44.6000 1 8493.4656
44.7000 1 7880.04864
44.8000 1 0.0
44.9000 1 0.0
45.0000 1 73.40032
45.1000 1 6920.6016
45.2000 1 8126.464
45.3000 1 8126.464
45.4000 1 8074.0352
45.5000 1 7937.72032
45.6000 1 8053.06368
45.7000 1 8032.09216
45.8000 1 7969.1776
45.9000 1 8126.464
46.0000 1 8100.2496
46.1000 1 2348.81024
46.2000 1 0.0
46.3000 1 0.0
46.4000 1 3313.50016
46.5000 1 7612.66176
46.6000 1 6773.80096
46.7000 1 6826.22976
46.8000 1 7172.25984
46.9000 1 7340.032
47.0000 1 7109.34528
47.1000 1 7256.14592
47.2000 1 6815.744
47.3000 1 7602.176
47.4000 1 7161.77408
47.5000 1 1546.6496
47.6000 1 0.0
47.7000 1 146.80064
47.8000 1 4320.13312
47.9000 1 8336.1792
48.0000 1 7497.3184
48.1000 1 7298.08896
48.2000 1 8115.97824
48.3000 1 7214.20288
48.4000 1 7119.83104
48.5000 1 7109.34528
48.6000 1 7392.4608
48.7000 1 7298.08896
48.8000 1 7497.3184
48.9000 1 2479.88224
49.0000 1 0.0
49.1000 1 136.31488
49.2000 1 2820.66944
49.3000 1 7612.66176
49.4000 1 6983.51616
49.5000 1 7350.51776
49.6000 1 7014.97344
49.7000 1 7119.83104
49.8000 1 7056.91648
49.9000 1 7035.94496
50.0000 1 7014.97344
50.1000 1 7340.032
50.2000 1 7161.77408
50.3000 1 7146.04544
50.4000 1 0.0
50.5000 1 0.0
50.6000 1 136.31488
50.7000 1 4970.25024
50.8000 1 6920.6016
50.9000 1 7119.83104
51.0000 1 7298.08896
51.1000 1 7172.25984
51.2000 1 7130.3168
51.3000 1 7151.28832
51.4000 1 7140.80256
51.5000 1 7256.14592
51.6000 1 7014.97344
51.7000 1 6291.456
51.8000 1 6170.86976
51.9000 1 0.0
52.0000 1 0.0
52.1000 1 136.31488
52.2000 1 6207.56992
52.3000 1 7130.3168
52.4000 1 7224.68864
52.5000 1 10674.50368
52.6000 1 10234.10176
52.7000 1 8105.49248
52.8000 1 8210.35008
52.9000 1 8241.80736
53.0000 1 8147.43552
53.1000 1 8309.9648
53.2000 1 4571.79136
53.3000 1 0.0
53.4000 1 0.0
53.5000 1 1499.46368
53.6000 1 8042.57792
53.7000 1 8115.97824
53.8000 1 8231.3216
53.9000 1 8126.464
54.0000 1 8095.00672
54.1000 1 8136.94976
54.2000 1 8126.464
54.3000 1 8063.54944
54.4000 1 8136.94976
54.5000 1 7198.47424
54.6000 1 0.0
54.7000 1 0.0
54.8000 1 0.0
54.9000 1 7224.68864
55.0000 1 8535.40864
55.1000 1 8870.95296
55.2000 1 8608.80896
55.3000 1 8472.49408
55.4000 1 8514.43712
55.5000 1 8587.83744
55.6000 1 8535.40864
55.7000 1 8671.72352
55.8000 1 5824.83968
55.9000 1 0.0
56.0000 1 0.0
56.1000 1 94.37184
56.2000 1 8451.52256
56.3000 1 8577.35168
56.4000 1 8545.8944
56.5000 1 8608.80896
56.6000 1 8514.43712
56.7000 1 8503.95136
56.8000 1 8535.40864
56.9000 1 8503.95136
57.0000 1 8561.62304
57.1000 1 4928.3072
57.2000 1 0.0
57.3000 1 0.0
57.4000 1 1447.03488
57.5000 1 8399.09376
57.6000 1 8420.06528
57.7000 1 8399.09376
57.8000 1 8545.8944
57.9000 1 7077.888
58.0000 1 9950.98624
58.1000 1 8462.00832
58.2000 1 8619.29472
58.3000 1 8446.27968
58.4000 1 3995.07456
58.5000 1 104.8576
58.6000 1 10.48576
58.7000 1 765.46048
58.8000 1 5567.93856
58.9000 1 12572.42624
59.0000 1 8703.1808
59.1000 1 8787.06688
59.2000 1 8566.86592
59.3000 1 8451.52256
59.4000 1 8587.83744
59.5000 1 8420.06528
59.6000 1 8582.59456
59.7000 1 2768.24064
59.8000 1 0.0
59.9000 1 0.0
60.0000 1 4320.13312
60.1000 1 8766.09536
60.2000 1 8818.52416
60.3000 1 8734.63808
60.4000 1 8629.78048
60.5000 1 8671.72352
60.6000 1 8472.49408
60.7000 1 8629.78048
60.8000 1 8577.35168
60.9000 1 8163.16416
61.0000 1 0.0
61.1000 1 0.0
61.2000 1 0.0
61.3000 1 7203.71712
61.4000 1 8766.09536
61.5000 1 8745.12384
61.6000 1 8902.41024
61.7000 1 8545.8944
61.8000 1 8545.8944
61.9000 1 8608.80896
62.0000 1 8671.72352
62.1000 1 8152.6784
