0.1000 1 0.0
0.2000 1 94.37184
0.3000 1 7822.37696
0.4000 1 8493.4656
0.5000 1 8661.23776
0.6000 1 8640.26624
0.7000 1 8671.72352
0.8000 1 8545.8944
0.9000 1 8524.92288
1.0000 1 8462.00832
1.1000 1 8451.52256
1.2000 1 5940.18304
1.3000 1 0.0
1.4000 1 0.0
1.5000 1 1258.2912
1.6000 1 8388.608
1.7000 1 8482.97984
1.8000 1 8514.43712
1.9000 1 8514.43712
2.0000 1 8545.8944
2.1000 1 8671.72352
2.2000 1 8577.35168
2.3000 1 8503.95136
2.4000 1 8524.92288
2.5000 1 3811.57376
2.6000 1 0.0
2.7000 1 0.0
2.8000 1 3565.1584
2.9000 1 8420.06528
3.0000 1 8587.83744
3.1000 1 8650.752
3.2000 1 8692.69504
3.3000 1 8640.26624
3.4000 1 8650.752
3.5000 1 8545.8944
3.6000 1 8493.4656
3.7000 1 8420.06528
3.8000 1 1043.33312
3.9000 1 0.0
4.0000 1 0.0
4.1000 1 6931.08736
4.2000 1 8682.20928
4.3000 1 8650.752
4.4000 1 8692.69504
4.5000 1 8608.80896
4.6000 1 8598.3232
4.7000 1 8367.63648
4.8000 1 7853.83424
4.9000 1 3774.8736
5.0000 1 4907.33568
5.1000 1 8089.76384
5.2000 1 0.0
5.3000 1 0.0
5.4000 1 0.0
5.5000 1 6721.37216
5.6000 1 8472.49408
5.7000 1 8640.26624
5.8000 1 12845.056
5.9000 1 8608.80896
6.0000 1 8587.83744
6.1000 1 8430.55104
6.2000 1 8441.0368
6.3000 1 11025.77664
6.4000 1 0.0
6.5000 1 0.0
6.6000 1 0.0
6.7000 1 7287.6032
6.8000 1 8661.23776
6.9000 1 8724.15232
7.0000 1 8682.20928
7.1000 1 8619.29472
7.2000 1 8556.38016
7.3000 1 8420.06528
7.4000 1 8409.57952
7.5000 1 8472.49408
7.6000 1 5992.61184
7.7000 1 0.0
7.8000 1 0.0
7.9000 1 1845.49376
8.0000 1 2527.06816
8.1000 1 545.25952
8.2000 1 6375.34208
8.3000 1 8692.69504
8.4000 1 8472.49408
8.5000 1 8640.26624
8.6000 1 8713.66656
8.7000 1 8524.92288
8.8000 1 8514.43712
8.9000 1 8441.0368
9.0000 1 8399.09376
9.1000 1 3192.91392
9.2000 1 52.4288
9.3000 1 0.0
9.4000 1 4372.56192
9.5000 1 8451.52256
9.6000 1 8472.49408
9.7000 1 8724.15232
9.8000 1 7381.97504
9.9000 1 9846.12864
10.0000 1 8524.92288
10.1000 1 8451.52256
10.2000 1 8378.12224
10.3000 1 8488.22272
10.4000 1 650.11712
10.5000 1 0.0
10.6000 1 0.0
10.7000 1 6941.57312
10.8000 1 8577.35168
10.9000 1 8640.26624
11.0000 1 8619.29472
11.1000 1 8608.80896
11.2000 1 8441.0368
11.3000 1 8399.09376
11.4000 1 8409.57952
11.5000 1 8399.09376
11.6000 1 6695.15776
11.7000 1 0.0
11.8000 1 62.91456
11.9000 1 964.68992
12.0000 1 8556.38016
12.1000 1 8577.35168
12.2000 1 8587.83744
12.3000 1 8671.72352
12.4000 1 8650.752
12.5000 1 8587.83744
12.6000 1 8556.38016
12.7000 1 8451.52256
12.8000 1 8441.0368
12.9000 1 3591.3728
13.0000 1 0.0
13.1000 1 0.0
13.2000 1 3932.16
13.3000 1 8577.35168
13.4000 1 8598.3232
13.5000 1 8692.69504
13.6000 1 8619.29472
13.7000 1 8692.69504
13.8000 1 8650.752
13.9000 1 8640.26624
14.0000 1 8472.49408
14.1000 1 8488.22272
14.2000 1 513.80224
14.3000 1 0.0
14.4000 1 0.0
14.5000 1 7161.77408
14.6000 1 5043.65056
14.7000 1 4854.90688
14.8000 1 9038.72512
14.9000 1 7790.91968
15.0000 1 7623.14752
15.1000 1 7591.69024
15.2000 1 7654.6048
15.3000 1 7769.94816
15.4000 1 7717.51936
15.5000 1 7764.70528
15.6000 1 1751.12192
15.7000 1 52.4288
15.8000 1 62.91456
15.9000 1 5263.85152
16.0000 1 8640.26624
16.1000 1 8692.69504
16.2000 1 8629.78048
16.3000 1 8671.72352
16.4000 1 8650.752
16.5000 1 8587.83744
16.6000 1 8503.95136
16.7000 1 8441.0368
16.8000 1 7649.36192
16.9000 1 0.0
17.0000 1 0.0
17.1000 1 0.0
17.2000 1 8000.63488
17.3000 1 8482.97984
17.4000 1 8608.80896
17.5000 1 8608.80896
17.6000 1 8661.23776
17.7000 1 8598.3232
17.8000 1 8598.3232
17.9000 1 8441.0368
18.0000 1 8420.06528
18.1000 1 5352.98048
18.2000 1 0.0
18.3000 1 0.0
18.4000 1 2023.75168
18.5000 1 8388.608
18.6000 1 8378.12224
18.7000 1 7707.0336
18.8000 1 6836.71552
18.9000 1 8053.06368
19.0000 1 6889.14432
19.1000 1 6973.0304
19.2000 1 6847.20128
19.3000 1 7140.80256
19.4000 1 7088.37376
19.5000 1 2658.14016
19.6000 1 62.91456
19.7000 1 73.40032
19.8000 1 2464.1536
19.9000 1 7371.48928
20.0000 1 7203.71712
20.1000 1 7193.23136
20.2000 1 6952.05888
20.3000 1 6983.51616
20.4000 1 7245.66016
20.5000 1 7109.34528
20.6000 1 7203.71712
20.7000 1 7256.14592
20.8000 1 7266.63168
20.9000 1 7224.68864
21.0000 1 235.9296
21.1000 1 73.40032
21.2000 1 62.91456
21.3000 1 5138.0224
21.4000 1 6878.65856
21.5000 1 7832.86272
21.6000 1 7864.32
21.7000 1 7916.7488
21.8000 1 7507.80416
21.9000 1 8126.464
22.0000 1 7665.09056
22.1000 1 8147.43552
22.2000 1 7790.91968
22.3000 1 6810.50112
22.4000 1 0.0
22.5000 1 62.91456
22.6000 1 73.40032
22.7000 1 6207.56992
22.8000 1 7308.57472
22.9000 1 7214.20288
23.0000 1 7077.888
23.1000 1 7277.11744
23.2000 1 7035.94496
23.3000 1 7140.80256
23.4000 1 7340.032
23.5000 1 7182.7456
23.6000 1 7340.032
23.7000 1 7035.94496
23.8000 1 3559.91552
23.9000 1 73.40032
24.0000 1 62.91456
24.1000 1 2915.04128
24.2000 1 7581.20448
24.3000 1 7161.77408
24.4000 1 7172.25984
24.5000 1 8011.12064
24.6000 1 8902.41024
24.7000 1 10506.73152
24.8000 1 4141.8752
24.9000 1 4991.22176
25.0000 1 10139.72992
25.1000 1 7958.69184
25.2000 1 4996.46464
25.3000 1 73.40032
25.4000 1 0.0
25.5000 1 1751.12192
25.6000 1 8420.06528
25.7000 1 8524.92288
25.8000 1 8566.86592
25.9000 1 8514.43712
26.0000 1 8545.8944
26.1000 1 8441.0368
26.2000 1 8210.35008
26.3000 1 8482.97984
26.4000 1 8420.06528
26.5000 1 3832.54528
26.6000 1 62.91456
26.7000 1 0.0
26.8000 1 3261.07136
26.9000 1 8493.4656
27.0000 1 8566.86592
27.1000 1 8577.35168
27.2000 1 8608.80896
27.3000 1 8640.26624
27.4000 1 8545.8944
27.5000 1 8514.43712
27.6000 1 8357.15072
27.7000 1 8435.79392
27.8000 1 1772.09344
27.9000 1 73.40032
28.0000 1 0.0
28.1000 1 5609.8816
28.2000 1 8514.43712
28.3000 1 8587.83744
28.4000 1 8577.35168
28.5000 1 8671.72352
28.6000 1 8577.35168
28.7000 1 8524.92288
28.8000 1 8503.95136
28.9000 1 8430.55104
29.0000 1 7817.13408
29.1000 1 0.0
29.2000 1 0.0
29.3000 1 0.0
29.4000 1 7864.32
29.5000 1 8451.52256
29.6000 1 8514.43712
29.7000 1 8598.3232
29.8000 1 8577.35168
29.9000 1 8556.38016
30.0000 1 8577.35168
30.1000 1 8441.0368
30.2000 1 8262.77888
30.3000 1 5992.61184
30.4000 1 0.0
30.5000 1 0.0
30.6000 1 1468.0064
30.7000 1 8357.15072
30.8000 1 8556.38016
30.9000 1 8566.86592
31.0000 1 8619.29472
31.1000 1 8545.8944
31.2000 1 8409.57952
31.3000 1 8535.40864
31.4000 1 8304.72192
31.5000 1 8388.608
31.6000 1 4042.26048
31.7000 1 0.0
31.8000 1 0.0
31.9000 1 3282.04288
32.0000 1 8493.4656
32.1000 1 8503.95136
32.2000 1 7675.57632
32.3000 1 9426.69824
32.4000 1 272.62976
32.5000 1 272.62976
32.6000 1 597.68832
32.7000 1 1226.83392
32.8000 1 9604.95616
32.9000 1 8053.06368
33.0000 1 4131.38944
33.1000 1 9688.84224
33.2000 1 8477.73696
33.3000 1 2149.5808
33.4000 1 0.0
33.5000 1 0.0
33.6000 1 5274.33728
33.7000 1 8629.78048
33.8000 1 8598.3232
33.9000 1 5295.3088
34.0000 1 2883.584
34.1000 1 9636.41344
34.2000 1 7769.94816
34.3000 1 7696.54784
34.4000 1 7811.8912
34.5000 1 7874.80576
34.6000 1 8047.8208
34.7000 1 2275.40992
34.8000 1 62.91456
34.9000 1 0.0
35.0000 1 73.40032
35.1000 1 0.0
35.2000 1 1101.0048
35.3000 1 6805.25824
35.4000 1 2243.95264
35.5000 1 5442.10944
35.6000 1 10506.73152
35.7000 1 8587.83744
35.8000 1 8598.3232
35.9000 1 8566.86592
36.0000 1 7602.176
36.1000 1 5022.67904
36.2000 1 7161.77408
36.3000 1 7146.04544
36.4000 1 73.40032
36.5000 1 62.91456
36.6000 1 62.91456
36.7000 1 8860.4672
36.8000 1 8095.00672
36.9000 1 8063.54944
37.0000 1 8136.94976
37.1000 1 8095.00672
37.2000 1 8325.69344
37.3000 1 8472.49408
37.4000 1 8420.06528
37.5000 1 8357.15072
37.6000 1 8425.30816
37.7000 1 1268.77696
37.8000 1 73.40032
37.9000 1 0.0
38.0000 1 5704.25344
38.1000 1 8524.92288
38.2000 1 8514.43712
38.3000 1 8462.00832
38.4000 1 8503.95136
38.5000 1 8556.38016
38.6000 1 8524.92288
38.7000 1 8409.57952
38.8000 1 8420.06528
38.9000 1 8058.30656
39.0000 1 0.0
39.1000 1 83.88608
39.2000 1 0.0
39.3000 1 7958.69184
39.4000 1 8587.83744
39.5000 1 8629.78048
39.6000 1 8629.78048
39.7000 1 8587.83744
39.8000 1 8640.26624
39.9000 1 8462.00832
40.0000 1 8430.55104
40.1000 1 8409.57952
40.2000 1 5520.75264
40.3000 1 62.91456
40.4000 1 0.0
40.5000 1 2170.55232
40.6000 1 8346.66496
40.7000 1 8482.97984
40.8000 1 8682.20928
40.9000 1 8619.29472
41.0000 1 8566.86592
41.1000 1 8336.1792
41.2000 1 8441.0368
41.3000 1 8325.69344
41.4000 1 8430.55104
41.5000 1 3423.60064
41.6000 1 0.0
41.7000 1 0.0
41.8000 1 3932.16
41.9000 1 8409.57952
42.0000 1 8514.43712
42.1000 1 8462.00832
42.2000 1 8587.83744
42.3000 1 8545.8944
42.4000 1 8462.00832
42.5000 1 8451.52256
42.6000 1 8409.57952
42.7000 1 8435.79392
42.8000 1 1635.77856
42.9000 1 83.88608
43.0000 1 0.0
43.1000 1 5746.19648
43.2000 1 8535.40864
43.3000 1 8619.29472
43.4000 1 8671.72352
43.5000 1 8619.29472
43.6000 1 8577.35168
43.7000 1 8640.26624
43.8000 1 8493.4656
43.9000 1 8325.69344
44.0000 1 7544.50432
44.1000 1 0.0
44.2000 1 0.0
44.3000 1 230.68672
44.4000 1 8336.1792
44.5000 1 8524.92288
44.6000 1 8503.95136
44.7000 1 8703.1808
44.8000 1 8713.66656
44.9000 1 8535.40864
45.0000 1 8587.83744
45.1000 1 8346.66496
45.2000 1 8514.43712
45.3000 1 4870.63552
45.4000 1 0.0
45.5000 1 0.0
45.6000 1 2726.2976
45.7000 1 8608.80896
45.8000 1 8692.69504
45.9000 1 8755.6096
46.0000 1 8713.66656
46.1000 1 8619.29472
46.2000 1 8629.78048
46.3000 1 8535.40864
46.4000 1 8493.4656
46.5000 1 8477.73696
46.6000 1 1614.80704
46.7000 1 0.0
46.8000 1 0.0
46.9000 1 5714.7392
47.0000 1 8378.12224
47.1000 1 8273.26464
47.2000 1 8294.23616
47.3000 1 8566.86592
47.4000 1 8661.23776
47.5000 1 8535.40864
47.6000 1 8545.8944
47.7000 1 8430.55104
47.8000 1 8383.36512
47.9000 1 94.37184
48.0000 1 62.91456
48.1000 1 0.0
48.2000 1 6857.68704
48.3000 1 8524.92288
48.4000 1 8577.35168
48.5000 1 8535.40864
48.6000 1 8619.29472
48.7000 1 8524.92288
48.8000 1 8482.97984
48.9000 1 8378.12224
49.0000 1 8493.4656
49.1000 1 6810.50112
49.2000 1 0.0
49.3000 1 0.0
49.4000 1 587.20256
49.5000 1 8388.608
49.6000 1 8566.86592
49.7000 1 8671.72352
49.8000 1 8619.29472
49.9000 1 8629.78048
50.0000 1 8619.29472
50.1000 1 8441.0368
50.2000 1 8378.12224
50.3000 1 8388.608
50.4000 1 4524.60544
50.5000 1 62.91456
50.6000 1 62.91456
50.7000 1 2390.75328
50.8000 1 8566.86592
50.9000 1 8514.43712
51.0000 1 8545.8944
51.1000 1 8524.92288
51.2000 1 8524.92288
51.3000 1 8493.4656
51.4000 1 8535.40864
51.5000 1 8409.57952
51.6000 1 8393.85088
51.7000 1 2883.584
51.8000 1 62.91456
51.9000 1 0.0
52.0000 1 4991.22176
52.1000 1 8608.80896
52.2000 1 8619.29472
52.3000 1 8619.29472
52.4000 1 8671.72352
52.5000 1 8671.72352
52.6000 1 8577.35168
52.7000 1 8409.57952
52.8000 1 8388.608
52.9000 1 8215.59296
53.0000 1 73.40032
53.1000 1 62.91456
53.2000 1 0.0
53.3000 1 7539.26144
53.4000 1 8399.09376
53.5000 1 8503.95136
53.6000 1 8671.72352
53.7000 1 8629.78048
53.8000 1 8650.752
53.9000 1 8514.43712
54.0000 1 8430.55104
54.1000 1 8441.0368
54.2000 1 5971.64032
54.3000 1 0.0
54.4000 1 0.0
54.5000 1 1195.37664
54.6000 1 8367.63648
54.7000 1 8388.608
54.8000 1 8629.78048
54.9000 1 8598.3232
55.0000 1 8598.3232
55.1000 1 8503.95136
55.2000 1 8451.52256
55.3000 1 8441.0368
55.4000 1 8388.608
55.5000 1 4304.40448
55.6000 1 0.0
55.7000 1 0.0
55.8000 1 3502.24384
55.9000 1 8629.78048
56.0000 1 8650.752
56.1000 1 8608.80896
56.2000 1 8682.20928
56.3000 1 8619.29472
56.4000 1 8514.43712
56.5000 1 8441.0368
56.6000 1 8430.55104
56.7000 1 8498.70848
56.8000 1 1268.77696
56.9000 1 0.0
57.0000 1 0.0
57.1000 1 7895.77728
57.2000 1 8409.57952
57.3000 1 8682.20928
57.4000 1 8661.23776
57.5000 1 8629.78048
57.6000 1 8524.92288
57.7000 1 8378.12224
57.8000 1 8336.1792
57.9000 1 7507.80416
58.0000 1 3355.4432
58.1000 1 739.24608
58.2000 1 0.0
58.3000 1 62.91456
58.4000 1 870.31808
58.5000 1 178.25792
58.6000 1 199.22944
58.7000 1 419.4304
58.8000 1 943.7184
58.9000 1 8724.15232
59.0000 1 9028.23936
59.1000 1 8409.57952
59.2000 1 8304.72192
59.3000 1 8692.69504
59.4000 1 8315.20768
59.5000 1 8336.1792
59.6000 1 8336.1792
59.7000 1 8399.09376
59.8000 1 5436.86656
59.9000 1 0.0
60.0000 1 0.0
60.1000 1 2453.66784
60.2000 1 7790.91968
60.3000 1 9290.38336
60.4000 1 8577.35168
60.5000 1 8629.78048
60.6000 1 8682.20928
60.7000 1 8650.752
60.8000 1 8063.54944
60.9000 1 8965.3248
61.0000 1 7214.20288
61.1000 1 739.24608
61.2000 1 62.91456
61.3000 1 73.40032
61.4000 1 5473.56672
61.5000 1 9814.67136
61.6000 1 3900.70272
61.7000 1 10664.01792
61.8000 1 8608.80896
61.9000 1 8420.06528
62.0000 1 8357.15072
62.1000 1 5463.08096
62.2000 1 9730.78528
62.3000 1 9049.21088
62.4000 1 2039.48032
