0.1000 1 0.0
0.2000 1 136.31488
0.3000 1 7423.91808
0.4000 1 7864.32
0.5000 1 7979.66336
0.6000 1 7990.14912
0.7000 1 8053.06368
0.8000 1 7937.72032
0.9000 1 8042.57792
1.0000 1 7822.37696
1.1000 1 8032.09216
1.2000 1 7916.7488
1.3000 1 3203.39968
1.4000 1 0.0
1.5000 1 0.0
1.6000 1 241.17248
1.7000 1 7654.6048
1.8000 1 7927.23456
1.9000 1 7906.26304
2.0000 1 7864.32
2.1000 1 8000.63488
2.2000 1 7958.69184
2.3000 1 7979.66336
2.4000 1 7958.69184
2.5000 1 8053.06368
2.6000 1 8042.57792
2.7000 1 2228.224
2.8000 1 0.0
2.9000 1 0.0
3.0000 1 2013.26592
3.1000 1 7707.0336
3.2000 1 7581.20448
3.3000 1 7906.26304
3.4000 1 7948.20608
3.5000 1 7937.72032
3.6000 1 7979.66336
3.7000 1 7969.1776
3.8000 1 7948.20608
3.9000 1 8053.06368
4.0000 1 7895.77728
4.1000 1 791.67488
4.2000 1 0.0
4.3000 1 0.0
4.4000 1 2537.55392
4.5000 1 7748.97664
4.6000 1 7916.7488
4.7000 1 7948.20608
4.8000 1 7864.32
4.9000 1 8021.6064
5.0000 1 7895.77728
5.1000 1 8074.0352
5.2000 1 7958.69184
5.3000 1 8042.57792
5.4000 1 7733.248
5.5000 1 0.0
5.6000 1 0.0
5.7000 1 0.0
5.8000 1 4928.3072
5.9000 1 7916.7488
6.0000 1 7864.32
6.1000 1 7969.1776
6.2000 1 7843.34848
6.3000 1 7969.1776
6.4000 1 7958.69184
6.5000 1 8021.6064
6.6000 1 8042.57792
6.7000 1 8042.57792
6.8000 1 5237.63712
6.9000 1 73.40032
7.0000 1 0.0
7.1000 1 0.0
7.2000 1 6658.4576
7.3000 1 7927.23456
7.4000 1 7979.66336
7.5000 1 7969.1776
7.6000 1 7948.20608
7.7000 1 7801.40544
7.8000 1 8000.63488
7.9000 1 8000.63488
8.0000 1 7885.29152
8.1000 1 7937.72032
8.2000 1 3717.20192
8.3000 1 0.0
8.4000 1 0.0
8.5000 1 650.11712
8.6000 1 7067.40224
8.7000 1 7245.66016
8.8000 1 7235.1744
8.9000 1 7287.6032
9.0000 1 7172.25984
9.1000 1 7287.6032
9.2000 1 7161.77408
9.3000 1 7235.1744
9.4000 1 7298.08896
9.5000 1 7319.06048
9.6000 1 7256.14592
9.7000 1 1567.62112
9.8000 1 0.0
9.9000 1 0.0
10.0000 1 2002.78016
10.1000 1 7728.00512
10.2000 1 7707.0336
10.3000 1 7885.29152
10.4000 1 7748.97664
10.5000 1 7874.80576
10.6000 1 7927.23456
10.7000 1 8021.6064
10.8000 1 7948.20608
10.9000 1 8032.09216
11.0000 1 7895.77728
11.1000 1 917.504
11.2000 1 0.0
11.3000 1 0.0
11.4000 1 3261.07136
11.5000 1 7769.94816
11.6000 1 7790.91968
11.7000 1 7822.37696
11.8000 1 7927.23456
11.9000 1 7937.72032
12.0000 1 7853.83424
12.1000 1 7958.69184
12.2000 1 7853.83424
12.3000 1 8042.57792
12.4000 1 7534.01856
12.5000 1 0.0
12.6000 1 0.0
12.7000 1 0.0
12.8000 1 3911.18848
12.9000 1 7853.83424
13.0000 1 7759.4624
13.1000 1 8000.63488
13.2000 1 7822.37696
13.3000 1 7927.23456
13.4000 1 7937.72032
13.5000 1 7916.7488
13.6000 1 8032.09216
13.7000 1 7916.7488
13.8000 1 6726.61504
13.9000 1 0.0
14.0000 1 0.0
14.1000 1 0.0
14.2000 1 6071.25504
14.3000 1 7906.26304
14.4000 1 8000.63488
14.5000 1 7990.14912
14.6000 1 7948.20608
14.7000 1 8032.09216
14.8000 1 7969.1776
14.9000 1 7990.14912
15.0000 1 7895.77728
15.1000 1 8021.6064
15.2000 1 3979.34592
15.3000 1 0.0
15.4000 1 0.0
15.5000 1 73.40032
15.6000 1 7549.7472
15.7000 1 8818.52416
15.8000 1 7927.23456
15.9000 1 7990.14912
16.0000 1 7340.032
16.1000 1 1226.83392
16.2000 1 251.65824
16.3000 1 377.48736
16.4000 1 1289.74848
16.5000 1 7518.28992
16.6000 1 7717.51936
16.7000 1 7717.51936
16.8000 1 7696.54784
16.9000 1 7633.63328
17.0000 1 1190.13376
17.1000 1 0.0
17.2000 1 0.0
17.3000 1 3261.07136
17.4000 1 7644.11904
17.5000 1 4477.41952
17.6000 1 7077.888
17.7000 1 7644.11904
17.8000 1 7581.20448
17.9000 1 7497.3184
18.0000 1 7686.06208
18.1000 1 7675.57632
18.2000 1 7748.97664
18.3000 1 7686.06208
18.4000 1 5824.83968
18.5000 1 0.0
18.6000 1 0.0
18.7000 1 0.0
18.8000 1 5630.85312
18.9000 1 7612.66176
19.0000 1 7654.6048
19.1000 1 7644.11904
19.2000 1 7728.00512
19.3000 1 5442.10944
19.4000 1 1027.60448
19.5000 1 6385.82784
19.6000 1 7665.09056
19.7000 1 2317.35296
19.8000 1 8252.29312
19.9000 1 8126.464
20.0000 1 5919.21152
20.1000 1 83.88608
20.2000 1 0.0
20.3000 1 83.88608
20.4000 1 6081.7408
20.5000 1 8063.54944
20.6000 1 8241.80736
20.7000 1 8115.97824
20.8000 1 2768.24064
20.9000 1 1142.94784
21.0000 1 0.0
21.1000 1 0.0
21.2000 1 0.0
21.3000 1 5169.47968
21.4000 1 7738.49088
21.5000 1 7686.06208
21.6000 1 7916.7488
21.7000 1 7895.77728
21.8000 1 8105.49248
21.9000 1 4262.46144
22.0000 1 83.88608
22.1000 1 73.40032
22.2000 1 83.88608
22.3000 1 7738.49088
22.4000 1 7549.7472
22.5000 1 7560.23296
22.6000 1 7434.40384
22.7000 1 7644.11904
22.8000 1 7717.51936
22.9000 1 7581.20448
23.0000 1 7686.06208
23.1000 1 7581.20448
23.2000 1 7696.54784
23.3000 1 5940.18304
23.4000 1 0.0
23.5000 1 73.40032
23.6000 1 0.0
23.7000 1 5525.99552
23.8000 1 7067.40224
23.9000 1 7088.37376
24.0000 1 7130.3168
24.1000 1 7172.25984
24.2000 1 7361.00352
24.3000 1 7738.49088
24.4000 1 7696.54784
24.5000 1 7738.49088
24.6000 1 7696.54784
24.7000 1 7764.70528
24.8000 1 1719.66464
24.9000 1 73.40032
25.0000 1 62.91456
25.1000 1 6459.22816
25.2000 1 7203.71712
25.3000 1 7098.85952
25.4000 1 7214.20288
25.5000 1 7067.40224
25.6000 1 7172.25984
25.7000 1 7476.34688
25.8000 1 7738.49088
25.9000 1 7581.20448
26.0000 1 7717.51936
26.1000 1 7617.90464
26.2000 1 1352.66304
26.3000 1 0.0
26.4000 1 0.0
26.5000 1 2715.81184
26.6000 1 7570.71872
26.7000 1 7581.20448
26.8000 1 7654.6048
26.9000 1 7507.80416
27.0000 1 7707.0336
27.1000 1 7570.71872
27.2000 1 7696.54784
27.3000 1 7707.0336
27.4000 1 7675.57632
27.5000 1 7754.21952
27.6000 1 2694.84032
27.7000 1 0.0
27.8000 1 0.0
27.9000 1 1751.12192
28.0000 1 7025.4592
28.1000 1 5798.62528
28.2000 1 4204.78976
28.3000 1 6627.00032
28.4000 1 10181.67296
28.5000 1 8220.83584
28.6000 1 8241.80736
28.7000 1 8346.66496
28.8000 1 7916.7488
28.9000 1 7707.0336
29.0000 1 5803.86816
29.1000 1 73.40032
29.2000 1 0.0
29.3000 1 0.0
29.4000 1 5400.1664
29.5000 1 7465.86112
29.6000 1 7497.3184
29.7000 1 7570.71872
29.8000 1 7528.77568
29.9000 1 7486.83264
30.0000 1 7581.20448
30.1000 1 7560.23296
30.2000 1 7633.63328
30.3000 1 7675.57632
30.4000 1 7617.90464
30.5000 1 671.08864
30.6000 1 0.0
30.7000 1 0.0
30.8000 1 3921.67424
30.9000 1 7381.97504
31.0000 1 7518.28992
31.1000 1 7465.86112
31.2000 1 7707.0336
31.3000 1 7686.06208
31.4000 1 7801.40544
31.5000 1 7696.54784
31.6000 1 7748.97664
31.7000 1 7769.94816
31.8000 1 7817.13408
31.9000 1 1300.23424
32.0000 1 0.0
32.1000 1 0.0
32.2000 1 2663.38304
32.3000 1 7581.20448
32.4000 1 7696.54784
32.5000 1 7696.54784
32.6000 1 7696.54784
32.7000 1 7675.57632
32.8000 1 7759.4624
32.9000 1 7623.14752
33.0000 1 7801.40544
33.1000 1 7612.66176
33.2000 1 7764.70528
33.3000 1 2254.4384
33.4000 1 0.0
33.5000 1 0.0
33.6000 1 2243.95264
33.7000 1 7476.34688
33.8000 1 7686.06208
33.9000 1 7581.20448
34.0000 1 7707.0336
34.1000 1 7633.63328
34.2000 1 7780.43392
34.3000 1 7654.6048
34.4000 1 7748.97664
34.5000 1 7748.97664
34.6000 1 7722.76224
34.7000 1 2757.75488
34.8000 1 0.0
34.9000 1 0.0
35.0000 1 1059.06176
35.1000 1 7476.34688
35.2000 1 7560.23296
35.3000 1 7507.80416
35.4000 1 7612.66176
35.5000 1 7686.06208
35.6000 1 7665.09056
35.7000 1 7707.0336
35.8000 1 7707.0336
35.9000 1 7654.6048
36.0000 1 7686.06208
36.1000 1 4440.71936
36.2000 1 0.0
36.3000 1 0.0
36.4000 1 304.08704
36.5000 1 7539.26144
36.6000 1 7728.00512
36.7000 1 7665.09056
36.8000 1 7738.49088
36.9000 1 7612.66176
37.0000 1 7707.0336
37.1000 1 7654.6048
37.2000 1 7728.00512
37.3000 1 7623.14752
37.4000 1 7759.4624
37.5000 1 4660.92032
37.6000 1 83.88608
37.7000 1 0.0
37.8000 1 0.0
37.9000 1 5945.42592
38.0000 1 7151.28832
38.1000 1 7025.4592
38.2000 1 7025.4592
38.3000 1 4980.736
38.4000 1 4718.592
38.5000 1 8210.35008
38.6000 1 9007.26784
38.7000 1 8136.94976
38.8000 1 7927.23456
38.9000 1 7633.63328
39.0000 1 4042.26048
39.1000 1 83.88608
39.2000 1 0.0
39.3000 1 136.31488
39.4000 1 7549.7472
39.5000 1 7675.57632
39.6000 1 7790.91968
39.7000 1 7612.66176
39.8000 1 7675.57632
39.9000 1 7686.06208
40.0000 1 7717.51936
40.1000 1 7728.00512
40.2000 1 7707.0336
40.3000 1 7717.51936
40.4000 1 4755.29216
40.5000 1 0.0
40.6000 1 0.0
40.7000 1 0.0
40.8000 1 6606.0288
40.9000 1 7602.176
41.0000 1 7696.54784
41.1000 1 7581.20448
41.2000 1 7707.0336
41.3000 1 7665.09056
41.4000 1 7748.97664
41.5000 1 7769.94816
41.6000 1 7759.4624
41.7000 1 7665.09056
41.8000 1 6076.49792
41.9000 1 0.0
42.0000 1 0.0
42.1000 1 0.0
42.2000 1 6543.11424
42.3000 1 7696.54784
42.4000 1 7423.91808
42.5000 1 115.34336
42.6000 1 765.46048
42.7000 1 6962.54464
42.8000 1 1247.80544
42.9000 1 314.5728
43.0000 1 534.77376
43.1000 1 671.08864
43.2000 1 6144.65536
43.3000 1 9741.27104
43.4000 1 7759.4624
43.5000 1 7738.49088
43.6000 1 7717.51936
43.7000 1 7754.21952
43.8000 1 2652.89728
43.9000 1 94.37184
44.0000 1 0.0
44.1000 1 1226.83392
44.2000 1 6983.51616
44.3000 1 7098.85952
44.4000 1 7172.25984
44.5000 1 7130.3168
44.6000 1 7172.25984
44.7000 1 7193.23136
44.8000 1 7130.3168
44.9000 1 9625.92768
45.0000 1 7109.34528
45.1000 1 7277.11744
45.2000 1 6611.27168
45.3000 1 73.40032
45.4000 1 0.0
45.5000 1 0.0
45.6000 1 4750.04928
45.7000 1 6983.51616
45.8000 1 7004.48768
45.9000 1 7067.40224
46.0000 1 7088.37376
46.1000 1 7130.3168
46.2000 1 7256.14592
46.3000 1 7214.20288
46.4000 1 7203.71712
46.5000 1 3376.41472
46.6000 1 8252.29312
46.7000 1 8509.19424
46.8000 1 0.0
46.9000 1 0.0
47.0000 1 0.0
47.1000 1 723.51744
47.2000 1 1195.37664
47.3000 1 272.62976
47.4000 1 6417.28512
47.5000 1 8535.40864
47.6000 1 7612.66176
47.7000 1 7748.97664
47.8000 1 7570.71872
47.9000 1 7780.43392
48.0000 1 11576.27904
48.1000 1 7738.49088
48.2000 1 7665.09056
48.3000 1 7020.21632
48.4000 1 0.0
48.5000 1 0.0
48.6000 1 0.0
48.7000 1 1488.97792
48.8000 1 5253.36576
48.9000 1 10034.87232
49.0000 1 8619.29472
49.1000 1 7434.40384
49.2000 1 7665.09056
49.3000 1 7717.51936
49.4000 1 7696.54784
49.5000 1 7665.09056
49.6000 1 7686.06208
49.7000 1 7617.90464
49.8000 1 3009.41312
49.9000 1 0.0
50.0000 1 0.0
50.1000 1 1069.54752
50.2000 1 7738.49088
50.3000 1 7759.4624
50.4000 1 7728.00512
50.5000 1 7696.54784
50.6000 1 7801.40544
50.7000 1 7570.71872
50.8000 1 7790.91968
50.9000 1 7675.57632
51.0000 1 7811.8912
51.1000 1 7728.00512
51.2000 1 3465.54368
51.3000 1 0.0
51.4000 1 0.0
51.5000 1 775.94624
51.6000 1 7518.28992
51.7000 1 7675.57632
51.8000 1 7748.97664
51.9000 1 7591.69024
52.0000 1 7759.4624
52.1000 1 7748.97664
52.2000 1 7748.97664
52.3000 1 7769.94816
52.4000 1 7759.4624
52.5000 1 7759.4624
52.6000 1 4010.8032
52.7000 1 0.0
52.8000 1 0.0
52.9000 1 0.0
53.0000 1 5882.51136
53.1000 1 7140.80256
53.2000 1 7119.83104
53.3000 1 7172.25984
53.4000 1 7077.888
53.5000 1 7088.37376
53.6000 1 7130.3168
53.7000 1 7151.28832
53.8000 1 7266.63168
53.9000 1 7203.71712
54.0000 1 7266.63168
54.1000 1 4377.8048
54.2000 1 0.0
54.3000 1 0.0
54.4000 1 0.0
54.5000 1 7486.83264
54.6000 1 7717.51936
54.7000 1 7602.176
54.8000 1 7654.6048
54.9000 1 7644.11904
55.0000 1 7728.00512
55.1000 1 7728.00512
55.2000 1 7801.40544
55.3000 1 7728.00512
55.4000 1 7790.91968
55.5000 1 4944.03584
55.6000 1 0.0
55.7000 1 0.0
55.8000 1 0.0
55.9000 1 6301.94176
56.0000 1 7025.4592
56.1000 1 7025.4592
56.2000 1 7151.28832
56.3000 1 7161.77408
56.4000 1 7256.14592
56.5000 1 7245.66016
56.6000 1 7266.63168
56.7000 1 7203.71712
56.8000 1 7277.11744
56.9000 1 7193.23136
57.0000 1 3696.2304
57.1000 1 83.88608
57.2000 1 0.0
57.3000 1 0.0
57.4000 1 7235.1744
57.5000 1 7570.71872
57.6000 1 7539.26144
57.7000 1 7507.80416
57.8000 1 7612.66176
57.9000 1 7486.83264
58.0000 1 7570.71872
58.1000 1 7497.3184
58.2000 1 7602.176
58.3000 1 7633.63328
58.4000 1 6537.87136
58.5000 1 0.0
58.6000 1 0.0
58.7000 1 0.0
58.8000 1 4886.36416
58.9000 1 4278.19008
59.0000 1 5630.85312
59.1000 1 10643.0464
59.2000 1 8451.52256
59.3000 1 8441.0368
59.4000 1 8367.63648
59.5000 1 8325.69344
59.6000 1 8105.49248
59.7000 1 7560.23296
59.8000 1 7135.55968
59.9000 1 83.88608
60.0000 1 0.0
60.1000 1 0.0
60.2000 1 3607.10144
60.3000 1 7151.28832
60.4000 1 7224.68864
60.5000 1 7140.80256
60.6000 1 7245.66016
60.7000 1 7119.83104
60.8000 1 7256.14592
60.9000 1 7098.85952
61.0000 1 7245.66016
61.1000 1 7350.51776
61.2000 1 7245.66016
61.3000 1 6055.5264
61.4000 1 83.88608
61.5000 1 73.40032
61.6000 1 0.0
61.7000 1 4781.50656
61.8000 1 7801.40544
61.9000 1 7623.14752
62.0000 1 7696.54784
62.1000 1 7686.06208
62.2000 1 7769.94816
62.3000 1 7832.86272
62.4000 1 7707.0336
62.5000 1 7717.51936
62.6000 1 7780.43392
62.7000 1 7355.76064
62.8000 1 73.40032
62.9000 1 0.0
63.0000 1 0.0
63.1000 1 4812.96384
63.2000 1 7434.40384
63.3000 1 7612.66176
63.4000 1 7665.09056
63.5000 1 7738.49088
63.6000 1 7790.91968
63.7000 1 7665.09056
63.8000 1 7780.43392
63.9000 1 7728.00512
64.0000 1 7707.0336
64.1000 1 7785.6768
64.2000 1 167.77216
64.3000 1 0.0
64.4000 1 0.0
64.5000 1 3711.95904
64.6000 1 7570.71872
64.7000 1 7654.6048
64.8000 1 7665.09056
64.9000 1 7612.66176
65.0000 1 7717.51936
65.1000 1 7675.57632
65.2000 1 7769.94816
65.3000 1 7696.54784
65.4000 1 7612.66176
65.5000 1 7743.73376
65.6000 1 1373.63456
65.7000 1 62.91456
65.8000 1 0.0
65.9000 1 2631.92576
66.0000 1 7570.71872
66.1000 1 7623.14752
66.2000 1 7738.49088
66.3000 1 7665.09056
66.4000 1 7602.176
66.5000 1 7665.09056
66.6000 1 7696.54784
66.7000 1 7539.26144
66.8000 1 7738.49088
66.9000 1 7628.3904
67.0000 1 2684.35456
67.1000 1 0.0
67.2000 1 0.0
67.3000 1 775.94624
67.4000 1 7067.40224
67.5000 1 7067.40224
67.6000 1 7151.28832
67.7000 1 7025.4592
67.8000 1 7224.68864
67.9000 1 7077.888
68.0000 1 7256.14592
68.1000 1 7161.77408
68.2000 1 7151.28832
68.3000 1 7182.7456
68.4000 1 6684.672
