0.1000 1 0.0
0.2000 1 796.91776
0.3000 1 5882.51136
0.4000 1 0.0
0.5000 1 6836.71552
0.6000 1 7843.34848
0.7000 1 7864.32
0.8000 1 5169.47968
0.9000 1 0.0
1.0000 1 0.0
1.1000 1 2810.18368
1.2000 1 14082.37568
1.3000 1 8304.72192
1.4000 1 7780.43392
1.5000 1 7214.20288
1.6000 1 3649.04448
1.7000 1 3591.3728
1.8000 1 62.91456
1.9000 1 73.40032
2.0000 1 3344.95744
2.1000 1 7308.57472
2.2000 1 7906.26304
2.3000 1 7780.43392
2.4000 1 7937.72032
2.5000 1 7885.29152
2.6000 1 6836.71552
2.7000 1 6794.77248
2.8000 1 7528.77568
2.9000 1 7476.34688
3.0000 1 7885.29152
3.1000 1 2972.71296
3.2000 1 73.40032
3.3000 1 73.40032
3.4000 1 440.40192
3.5000 1 7654.6048
3.6000 1 7308.57472
3.7000 1 7151.28832
3.8000 1 7686.06208
3.9000 1 7266.63168
4.0000 1 7612.66176
4.1000 1 7832.86272
4.2000 1 7958.69184
4.3000 1 8084.52096
4.4000 1 7780.43392
4.5000 1 4734.32064
4.6000 1 62.91456
4.7000 1 73.40032
4.8000 1 73.40032
4.9000 1 6647.97184
5.0000 1 7728.00512
5.1000 1 7895.77728
5.2000 1 7738.49088
5.3000 1 8011.12064
5.4000 1 8021.6064
5.5000 1 7948.20608
5.6000 1 7738.49088
5.7000 1 7843.34848
5.8000 1 7969.1776
5.9000 1 3968.86016
6.0000 1 73.40032
6.1000 1 73.40032
6.2000 1 408.94464
6.3000 1 7161.77408
6.4000 1 7361.00352
6.5000 1 7350.51776
6.6000 1 7748.97664
6.7000 1 7465.86112
6.8000 1 7790.91968
6.9000 1 7927.23456
7.0000 1 7937.72032
7.1000 1 7801.40544
7.2000 1 8053.06368
7.3000 1 4493.14816
7.4000 1 73.40032
7.5000 1 62.91456
7.6000 1 62.91456
7.7000 1 5798.62528
7.8000 1 7822.37696
7.9000 1 7811.8912
8.0000 1 7591.69024
8.1000 1 7549.7472
8.2000 1 8000.63488
8.3000 1 8000.63488
8.4000 1 7906.26304
8.5000 1 7780.43392
8.6000 1 8136.94976
8.7000 1 5248.12288
8.8000 1 73.40032
8.9000 1 73.40032
9.0000 1 62.91456
9.1000 1 7214.20288
9.2000 1 8000.63488
9.3000 1 8168.40704
9.4000 1 8178.8928
9.5000 1 8147.43552
9.6000 1 8126.464
9.7000 1 7906.26304
9.8000 1 7728.00512
9.9000 1 7728.00512
10.0000 1 7581.20448
10.1000 1 2783.96928
10.2000 1 73.40032
10.3000 1 62.91456
10.4000 1 1656.75008
10.5000 1 7895.77728
10.6000 1 7832.86272
10.7000 1 7853.83424
10.8000 1 8325.69344
10.9000 1 7895.77728
11.0000 1 7990.14912
11.1000 1 7769.94816
11.2000 1 7780.43392
11.3000 1 7811.8912
11.4000 1 8189.37856
11.5000 1 602.9312
11.6000 1 83.88608
11.7000 1 73.40032
11.8000 1 3145.728
11.9000 1 7182.7456
12.0000 1 7423.91808
12.1000 1 7979.66336
12.2000 1 7759.4624
12.3000 1 7675.57632
12.4000 1 8011.12064
12.5000 1 7759.4624
12.6000 1 7916.7488
12.7000 1 7979.66336
12.8000 1 7990.14912
12.9000 1 728.76032
13.0000 1 73.40032
13.1000 1 73.40032
13.2000 1 3827.3024
13.3000 1 7277.11744
13.4000 1 7560.23296
13.5000 1 7570.71872
13.6000 1 7172.25984
13.7000 1 5756.68224
13.8000 1 7172.25984
13.9000 1 7853.83424
14.0000 1 7811.8912
14.1000 1 8042.57792
14.2000 1 7832.86272
14.3000 1 3559.91552
14.4000 1 73.40032
14.5000 1 1499.46368
14.6000 1 7486.83264
14.7000 1 7256.14592
14.8000 1 7402.94656
14.9000 1 7444.8896
15.0000 1 7602.176
15.1000 1 7539.26144
15.2000 1 7811.8912
15.3000 1 7434.40384
15.4000 1 7665.09056
15.5000 1 7843.34848
15.6000 1 4765.77792
15.7000 1 83.88608
15.8000 1 62.91456
15.9000 1 62.91456
16.0000 1 6553.6
16.1000 1 7528.77568
16.2000 1 7717.51936
16.3000 1 7633.63328
16.4000 1 8021.6064
16.5000 1 8147.43552
16.6000 1 8189.37856
16.7000 1 7927.23456
16.8000 1 8084.52096
16.9000 1 7853.83424
17.0000 1 3926.91712
17.1000 1 0.0
17.2000 1 73.40032
17.3000 1 62.91456
17.4000 1 7182.7456
17.5000 1 7560.23296
17.6000 1 7581.20448
17.7000 1 7738.49088
17.8000 1 7591.69024
17.9000 1 7675.57632
18.0000 1 7266.63168
18.1000 1 7476.34688
18.2000 1 7654.6048
18.3000 1 7182.7456
18.4000 1 6642.72896
18.5000 1 73.40032
18.6000 1 73.40032
18.7000 1 73.40032
18.8000 1 4351.5904
18.9000 1 7633.63328
19.0000 1 7308.57472
19.1000 1 7612.66176
19.2000 1 7937.72032
19.3000 1 7780.43392
19.4000 1 8095.00672
19.5000 1 8021.6064
19.6000 1 8011.12064
19.7000 1 7874.80576
19.8000 1 6894.3872
19.9000 1 73.40032
20.0000 1 62.91456
20.1000 1 73.40032
20.2000 1 3785.35936
20.3000 1 7906.26304
20.4000 1 8042.57792
20.5000 1 7801.40544
20.6000 1 7801.40544
20.7000 1 7916.7488
20.8000 1 8157.92128
20.9000 1 7801.40544
21.0000 1 7916.7488
21.1000 1 7948.20608
21.2000 1 6474.9568
21.3000 1 62.91456
21.4000 1 73.40032
21.5000 1 62.91456
21.6000 1 6018.82624
21.7000 1 8095.00672
21.8000 1 8074.0352
21.9000 1 7843.34848
22.0000 1 7864.32
22.1000 1 7906.26304
22.2000 1 8011.12064
22.3000 1 8084.52096
22.4000 1 12415.13984
22.5000 1 5704.25344
22.6000 1 1609.56416
22.7000 1 62.91456
22.8000 1 62.91456
22.9000 1 62.91456
23.0000 1 6322.91328
23.1000 1 7895.77728
23.2000 1 7990.14912
23.3000 1 8074.0352
23.4000 1 7874.80576
23.5000 1 6868.1728
23.6000 1 2684.35456
23.7000 1 3166.69952
23.8000 1 6679.42912
23.9000 1 7822.37696
24.0000 1 7486.83264
24.1000 1 7654.6048
24.2000 1 1116.73344
24.3000 1 73.40032
24.4000 1 73.40032
24.5000 1 2443.18208
24.6000 1 6574.57152
24.7000 1 7486.83264
24.8000 1 7654.6048
24.9000 1 7717.51936
25.0000 1 7811.8912
25.1000 1 8032.09216
25.2000 1 7979.66336
25.3000 1 7937.72032
25.4000 1 8063.54944
25.5000 1 8032.09216
25.6000 1 1924.13696
25.7000 1 73.40032
25.8000 1 62.91456
25.9000 1 566.23104
26.0000 1 7780.43392
26.1000 1 8032.09216
26.2000 1 8011.12064
26.3000 1 9636.41344
26.4000 1 9867.10016
26.5000 1 8032.09216
26.6000 1 6910.11584
26.7000 1 4561.3056
26.8000 1 1499.46368
26.9000 1 9353.29792
27.0000 1 9515.8272
27.1000 1 1405.09184
27.2000 1 62.91456
27.3000 1 73.40032
27.4000 1 2862.61248
27.5000 1 9311.35488
27.6000 1 7895.77728
27.7000 1 7350.51776
27.8000 1 7423.91808
27.9000 1 7497.3184
28.0000 1 7507.80416
28.1000 1 7361.00352
28.2000 1 7497.3184
28.3000 1 7549.7472
28.4000 1 7544.50432
28.5000 1 4907.33568
28.6000 1 83.88608
28.7000 1 0.0
28.8000 1 0.0
28.9000 1 5211.42272
29.0000 1 6207.56992
29.1000 1 6239.0272
29.2000 1 6259.99872
29.3000 1 6197.08416
29.4000 1 6197.08416
29.5000 1 6333.39904
29.6000 1 6312.42752
29.7000 1 6301.94176
29.8000 1 6155.14112
29.9000 1 6197.08416
30.0000 1 7381.97504
30.1000 1 6700.40064
30.2000 1 0.0
30.3000 1 0.0
30.4000 1 0.0
30.5000 1 4362.07616
30.6000 1 6144.65536
30.7000 1 6301.94176
30.8000 1 6165.62688
30.9000 1 6354.37056
31.0000 1 6280.97024
31.1000 1 6270.48448
31.2000 1 6291.456
31.3000 1 6322.91328
31.4000 1 6207.56992
31.5000 1 6155.14112
31.6000 1 6155.14112
31.7000 1 6307.18464
31.8000 1 2474.63936
31.9000 1 0.0
32.0000 1 0.0
32.1000 1 398.45888
32.2000 1 7539.26144
32.3000 1 7958.69184
32.4000 1 8021.6064
32.5000 1 7979.66336
32.6000 1 8011.12064
32.7000 1 8063.54944
32.8000 1 7958.69184
32.9000 1 7958.69184
33.0000 1 7958.69184
33.1000 1 8089.76384
33.2000 1 1772.09344
33.3000 1 0.0
33.4000 1 0.0
33.5000 1 1918.89408
33.6000 1 7675.57632
33.7000 1 7874.80576
33.8000 1 7560.23296
33.9000 1 7696.54784
34.0000 1 7864.32
34.1000 1 7885.29152
34.2000 1 7885.29152
34.3000 1 7874.80576
34.4000 1 7937.72032
34.5000 1 7712.27648
34.6000 1 1835.008
34.7000 1 73.40032
34.8000 1 73.40032
34.9000 1 2306.8672
35.0000 1 7769.94816
35.1000 1 7958.69184
35.2000 1 7927.23456
35.3000 1 7958.69184
35.4000 1 8095.00672
35.5000 1 7990.14912
35.6000 1 7885.29152
35.7000 1 8000.63488
35.8000 1 7885.29152
35.9000 1 7984.90624
36.0000 1 0.0
36.1000 1 0.0
36.2000 1 0.0
36.3000 1 3974.10304
36.4000 1 2443.18208
36.5000 1 6710.8864
36.6000 1 11838.42304
36.7000 1 9594.4704
36.8000 1 8011.12064
36.9000 1 8074.0352
37.0000 1 8126.464
37.1000 1 7895.77728
37.2000 1 8168.40704
37.3000 1 6883.90144
37.4000 1 73.40032
37.5000 1 0.0
37.6000 1 0.0
37.7000 1 5179.96544
37.8000 1 7958.69184
37.9000 1 8074.0352
38.0000 1 8105.49248
38.1000 1 8042.57792
38.2000 1 7969.1776
38.3000 1 8053.06368
38.4000 1 8115.97824
38.5000 1 8000.63488
38.6000 1 8058.30656
38.7000 1 4141.8752
38.8000 1 0.0
38.9000 1 0.0
39.0000 1 346.03008
39.1000 1 5955.91168
39.2000 1 6081.7408
39.3000 1 5851.05408
39.4000 1 5987.36896
39.5000 1 5987.36896
39.6000 1 5924.4544
39.7000 1 5997.85472
39.8000 1 5976.8832
39.9000 1 5934.94016
40.0000 1 5955.91168
40.1000 1 5934.94016
40.2000 1 8147.43552
40.3000 1 7743.73376
40.4000 1 73.40032
40.5000 1 83.88608
40.6000 1 0.0
40.7000 1 4351.5904
40.8000 1 7748.97664
40.9000 1 8032.09216
41.0000 1 7958.69184
41.1000 1 7969.1776
41.2000 1 7969.1776
41.3000 1 8095.00672
41.4000 1 7885.29152
41.5000 1 8032.09216
41.6000 1 7869.56288
41.7000 1 5725.22496
41.8000 1 83.88608
41.9000 1 73.40032
42.0000 1 0.0
42.1000 1 4865.39264
42.2000 1 5777.65376
42.3000 1 5945.42592
42.4000 1 5861.53984
42.5000 1 5934.94016
42.6000 1 5798.62528
42.7000 1 5924.4544
42.8000 1 5851.05408
42.9000 1 5882.51136
43.0000 1 5903.48288
43.1000 1 5851.05408
43.2000 1 5934.94016
43.3000 1 5982.12608
43.4000 1 5809.11104
43.5000 1 377.48736
43.6000 1 62.91456
43.7000 1 73.40032
43.8000 1 3282.04288
43.9000 1 7717.51936
44.0000 1 7843.34848
44.1000 1 7864.32
44.2000 1 8032.09216
44.3000 1 8000.63488
44.4000 1 7885.29152
44.5000 1 8053.06368
44.6000 1 6983.51616
44.7000 1 6469.71392
44.8000 1 5625.61024
44.9000 1 0.0
45.0000 1 62.91456
45.1000 1 73.40032
45.2000 1 3177.18528
45.3000 1 6585.05728
45.4000 1 7119.83104
45.5000 1 7004.48768
45.6000 1 7927.23456
45.7000 1 7497.3184
45.8000 1 7392.4608
45.9000 1 7476.34688
46.0000 1 7476.34688
46.1000 1 7874.80576
46.2000 1 7518.28992
46.3000 1 1976.56576
46.4000 1 73.40032
46.5000 1 62.91456
46.6000 1 702.54592
46.7000 1 3701.47328
46.8000 1 7549.7472
46.9000 1 7497.3184
47.0000 1 7707.0336
47.1000 1 7560.23296
47.2000 1 7319.06048
47.3000 1 8273.26464
47.4000 1 7780.43392
47.5000 1 7790.91968
47.6000 1 7602.176
47.7000 1 7822.37696
47.8000 1 319.81568
47.9000 1 62.91456
48.0000 1 73.40032
48.1000 1 3019.89888
48.2000 1 7801.40544
48.3000 1 6952.05888
48.4000 1 6815.744
48.5000 1 6805.25824
48.6000 1 6700.40064
48.7000 1 7591.69024
48.8000 1 7444.8896
48.9000 1 8032.09216
49.0000 1 6920.6016
49.1000 1 6763.3152
49.2000 1 6726.61504
49.3000 1 0.0
49.4000 1 83.88608
49.5000 1 62.91456
49.6000 1 4739.56352
49.7000 1 7235.1744
49.8000 1 7497.3184
49.9000 1 7969.1776
50.0000 1 8074.0352
50.1000 1 7885.29152
50.2000 1 7780.43392
50.3000 1 8042.57792
50.4000 1 6973.0304
50.5000 1 8210.35008
50.6000 1 7722.76224
50.7000 1 0.0
50.8000 1 146.80064
50.9000 1 73.40032
51.0000 1 5284.82304
51.1000 1 11104.41984
51.2000 1 3449.81504
51.3000 1 11681.13664
51.4000 1 9573.49888
51.5000 1 8157.92128
51.6000 1 8157.92128
51.7000 1 8021.6064
51.8000 1 8095.00672
51.9000 1 8205.1072
52.0000 1 5945.42592
52.1000 1 0.0
52.2000 1 0.0
52.3000 1 0.0
52.4000 1 6962.54464
52.5000 1 8199.86432
52.6000 1 8126.464
52.7000 1 8084.52096
52.8000 1 8147.43552
52.9000 1 8262.77888
53.0000 1 8105.49248
53.1000 1 8126.464
53.2000 1 8095.00672
53.3000 1 8142.19264
53.4000 1 1646.26432
53.5000 1 0.0
53.6000 1 0.0
53.7000 1 1782.5792
53.8000 1 8000.63488
53.9000 1 8105.49248
54.0000 1 8126.464
54.1000 1 8021.6064
54.2000 1 8199.86432
54.3000 1 8168.40704
54.4000 1 7916.7488
54.5000 1 8157.92128
54.6000 1 7843.34848
54.7000 1 7513.04704
54.8000 1 0.0
54.9000 1 0.0
55.0000 1 0.0
55.1000 1 5043.65056
55.2000 1 7916.7488
55.3000 1 7948.20608
55.4000 1 8095.00672
55.5000 1 8042.57792
55.6000 1 7969.1776
55.7000 1 8011.12064
55.8000 1 8011.12064
55.9000 1 8147.43552
56.0000 1 8016.36352
56.1000 1 4550.81984
56.2000 1 0.0
56.3000 1 73.40032
56.4000 1 73.40032
56.5000 1 6962.54464
56.6000 1 6228.54144
56.7000 1 4372.56192
56.8000 1 2506.09664
56.9000 1 4456.448
57.0000 1 7560.23296
57.1000 1 7937.72032
57.2000 1 7822.37696
57.3000 1 7654.6048
57.4000 1 7958.69184
57.5000 1 7738.49088
57.6000 1 3979.34592
57.7000 1 73.40032
57.8000 1 62.91456
57.9000 1 10.48576
58.0000 1 6847.20128
58.1000 1 7811.8912
58.2000 1 7811.8912
58.3000 1 8032.09216
58.4000 1 7319.06048
58.5000 1 7434.40384
58.6000 1 7203.71712
58.7000 1 7465.86112
58.8000 1 6910.11584
58.9000 1 7025.4592
59.0000 1 7476.34688
59.1000 1 340.7872
59.2000 1 73.40032
59.3000 1 62.91456
59.4000 1 2317.35296
59.5000 1 7686.06208
59.6000 1 7277.11744
59.7000 1 7623.14752
59.8000 1 7665.09056
59.9000 1 7528.77568
60.0000 1 7707.0336
60.1000 1 8126.464
60.2000 1 7864.32
60.3000 1 7581.20448
60.4000 1 7874.80576
60.5000 1 2354.05312
60.6000 1 73.40032
60.7000 1 62.91456
60.8000 1 1405.09184
60.9000 1 7602.176
61.0000 1 7476.34688
61.1000 1 7686.06208
61.2000 1 7895.77728
61.3000 1 7864.32
61.4000 1 7958.69184
61.5000 1 7581.20448
61.6000 1 7402.94656
61.7000 1 7979.66336
61.8000 1 7885.29152
61.9000 1 2867.85536
62.0000 1 62.91456
62.1000 1 73.40032
62.2000 1 975.17568
62.3000 1 7665.09056
62.4000 1 7329.54624
62.5000 1 7979.66336
62.6000 1 10905.1904
62.7000 1 11251.22048
62.8000 1 8189.37856
62.9000 1 8168.40704
63.0000 1 8136.94976
63.1000 1 8084.52096
63.2000 1 8152.6784
63.3000 1 1415.5776
63.4000 1 0.0
63.5000 1 0.0
63.6000 1 3030.38464
63.7000 1 8021.6064
63.8000 1 8199.86432
63.9000 1 8074.0352
64.0000 1 8168.40704
64.1000 1 8147.43552
64.2000 1 8136.94976
64.3000 1 8042.57792
64.4000 1 8011.12064
64.5000 1 8016.36352
64.6000 1 5840.56832
64.7000 1 0.0
64.8000 1 0.0
64.9000 1 0.0
65.0000 1 5295.3088
65.1000 1 7014.97344
65.2000 1 8021.6064
65.3000 1 8115.97824
65.4000 1 8084.52096
65.5000 1 8074.0352
65.6000 1 8053.06368
65.7000 1 8042.57792
65.8000 1 7969.1776
65.9000 1 8005.87776
66.0000 1 5211.42272
66.1000 1 83.88608
66.2000 1 83.88608
66.3000 1 0.0
66.4000 1 6354.37056
66.5000 1 7465.86112
66.6000 1 7581.20448
66.7000 1 7560.23296
66.8000 1 7612.66176
66.9000 1 4037.0176
67.0000 1 3303.0144
67.1000 1 9185.52576
67.2000 1 11513.36448
67.3000 1 8346.66496
67.4000 1 2028.99456
