0.1000 1 0.0
0.2000 1 83.88608
0.3000 1 8776.58112
0.4000 1 7748.97664
0.5000 1 7665.09056
0.6000 1 7644.11904
0.7000 1 7738.49088
0.8000 1 7675.57632
0.9000 1 7602.176
1.0000 1 7675.57632
1.1000 1 7728.00512
1.2000 1 7654.6048
1.3000 1 5300.55168
1.4000 1 0.0
1.5000 1 0.0
1.6000 1 0.0
1.7000 1 7035.94496
1.8000 1 7560.23296
1.9000 1 7549.7472
2.0000 1 7612.66176
2.1000 1 7654.6048
2.2000 1 7696.54784
2.3000 1 7623.14752
2.4000 1 7675.57632
2.5000 1 7696.54784
2.6000 1 7717.51936
2.7000 1 5929.69728
2.8000 1 0.0
2.9000 1 0.0
3.0000 1 0.0
3.1000 1 6186.5984
3.2000 1 7602.176
3.3000 1 7560.23296
3.4000 1 7696.54784
3.5000 1 7686.06208
3.6000 1 7686.06208
3.7000 1 7686.06208
3.8000 1 7717.51936
3.9000 1 7654.6048
4.0000 1 7748.97664
4.1000 1 6569.32864
4.2000 1 0.0
4.3000 1 0.0
4.4000 1 0.0
4.5000 1 6060.76928
4.6000 1 7560.23296
4.7000 1 7644.11904
4.8000 1 7686.06208
4.9000 1 7623.14752
5.0000 1 7728.00512
5.1000 1 7633.63328
5.2000 1 7696.54784
5.3000 1 7612.66176
5.4000 1 7633.63328
5.5000 1 6883.90144
5.6000 1 0.0
5.7000 1 0.0
5.8000 1 0.0
5.9000 1 5976.8832
6.0000 1 7675.57632
6.1000 1 7686.06208
6.2000 1 7665.09056
6.3000 1 7686.06208
6.4000 1 7612.66176
6.5000 1 7707.0336
6.6000 1 8346.66496
6.7000 1 8346.66496
6.8000 1 8199.86432
6.9000 1 4912.57856
7.0000 1 0.0
7.1000 1 0.0
7.2000 1 408.94464
7.3000 1 7413.43232
7.4000 1 7591.69024
7.5000 1 7696.54784
7.6000 1 7717.51936
7.7000 1 7717.51936
7.8000 1 7707.0336
7.9000 1 7717.51936
8.0000 1 7549.7472
8.1000 1 7644.11904
8.2000 1 7602.176
8.3000 1 5027.92192
8.4000 1 0.0
8.5000 1 0.0
8.6000 1 0.0
8.7000 1 7161.77408
8.8000 1 7717.51936
8.9000 1 7612.66176
9.0000 1 7707.0336
9.1000 1 7769.94816
9.2000 1 7665.09056
9.3000 1 7696.54784
9.4000 1 7591.69024
9.5000 1 7675.57632
9.6000 1 7696.54784
9.7000 1 5457.83808
9.8000 1 0.0
9.9000 1 0.0
10.0000 1 0.0
10.1000 1 7161.77408
10.2000 1 7486.83264
10.3000 1 7591.69024
10.4000 1 7675.57632
10.5000 1 7738.49088
10.6000 1 7675.57632
10.7000 1 7696.54784
10.8000 1 7675.57632
10.9000 1 7654.6048
11.0000 1 7665.09056
11.1000 1 5709.49632
11.2000 1 0.0
11.3000 1 0.0
11.4000 1 0.0
11.5000 1 5704.25344
11.6000 1 1405.09184
11.7000 1 199.22944
11.8000 1 754.97472
11.9000 1 0.0
12.0000 1 7140.80256
12.1000 1 8220.83584
12.2000 1 8000.63488
12.3000 1 7549.7472
12.4000 1 7623.14752
12.5000 1 7675.57632
12.6000 1 7549.7472
12.7000 1 7644.11904
12.8000 1 7665.09056
12.9000 1 5793.3824
13.0000 1 0.0
13.1000 1 0.0
13.2000 1 0.0
13.3000 1 5945.42592
13.4000 1 7402.94656
13.5000 1 7665.09056
13.6000 1 7675.57632
13.7000 1 6501.1712
13.8000 1 9038.72512
13.9000 1 7769.94816
14.0000 1 7644.11904
14.1000 1 7780.43392
14.2000 1 5001.70752
14.3000 1 9389.99808
14.4000 1 0.0
14.5000 1 0.0
14.6000 1 0.0
14.7000 1 5263.85152
14.8000 1 7759.4624
14.9000 1 7948.20608
15.0000 1 7811.8912
15.1000 1 8661.23776
15.2000 1 7780.43392
15.3000 1 7790.91968
15.4000 1 7728.00512
15.5000 1 7728.00512
15.6000 1 7801.40544
15.7000 1 5489.29536
15.8000 1 83.88608
15.9000 1 0.0
16.0000 1 0.0
16.1000 1 7140.80256
16.2000 1 7476.34688
16.3000 1 7528.77568
16.4000 1 7696.54784
16.5000 1 7644.11904
16.6000 1 7874.80576
16.7000 1 7738.49088
16.8000 1 7717.51936
16.9000 1 7738.49088
17.0000 1 7654.6048
17.1000 1 5541.72416
17.2000 1 73.40032
17.3000 1 0.0
17.4000 1 0.0
17.5000 1 6427.77088
17.6000 1 7665.09056
17.7000 1 7717.51936
17.8000 1 7769.94816
17.9000 1 7780.43392
18.0000 1 7717.51936
18.1000 1 7801.40544
18.2000 1 7581.20448
18.3000 1 7717.51936
18.4000 1 7759.4624
18.5000 1 5877.26848
18.6000 1 0.0
18.7000 1 0.0
18.8000 1 0.0
18.9000 1 6647.97184
19.0000 1 7644.11904
19.1000 1 7717.51936
19.2000 1 7633.63328
19.3000 1 7748.97664
19.4000 1 7644.11904
19.5000 1 7696.54784
19.6000 1 7623.14752
19.7000 1 7686.06208
19.8000 1 7769.94816
19.9000 1 6013.58336
20.0000 1 0.0
20.1000 1 0.0
20.2000 1 0.0
20.3000 1 6092.22656
20.4000 1 7497.3184
20.5000 1 7581.20448
20.6000 1 7686.06208
20.7000 1 7581.20448
20.8000 1 7717.51936
20.9000 1 7769.94816
21.0000 1 7633.63328
21.1000 1 7707.0336
21.2000 1 7675.57632
21.3000 1 6915.35872
21.4000 1 0.0
21.5000 1 83.88608
21.6000 1 0.0
21.7000 1 5997.85472
21.8000 1 7686.06208
21.9000 1 7748.97664
22.0000 1 7654.6048
22.1000 1 7780.43392
22.2000 1 7675.57632
22.3000 1 7665.09056
22.4000 1 7602.176
22.5000 1 7623.14752
22.6000 1 7759.4624
22.7000 1 6548.35712
22.8000 1 0.0
22.9000 1 0.0
23.0000 1 0.0
23.1000 1 5138.0224
23.2000 1 6920.6016
23.3000 1 7151.28832
23.4000 1 7161.77408
23.5000 1 7203.71712
23.6000 1 7130.3168
23.7000 1 7161.77408
23.8000 1 7119.83104
23.9000 1 7098.85952
24.0000 1 7193.23136
24.1000 1 7298.08896
24.2000 1 5216.6656
24.3000 1 83.88608
24.4000 1 0.0
24.5000 1 0.0
24.6000 1 6700.40064
24.7000 1 7434.40384
24.8000 1 7539.26144
24.9000 1 7528.77568
25.0000 1 7612.66176
25.1000 1 7665.09056
25.2000 1 7696.54784
25.3000 1 7696.54784
25.4000 1 7623.14752
25.5000 1 7728.00512
25.6000 1 6485.44256
25.7000 1 0.0
25.8000 1 83.88608
25.9000 1 0.0
26.0000 1 4739.56352
26.1000 1 7644.11904
26.2000 1 7560.23296
26.3000 1 7717.51936
26.4000 1 7497.3184
26.5000 1 7570.71872
26.6000 1 7675.57632
26.7000 1 3974.10304
26.8000 1 5410.65216
26.9000 1 10129.24416
27.0000 1 7675.57632
27.1000 1 4000.31744
27.2000 1 94.37184
27.3000 1 0.0
27.4000 1 754.97472
27.5000 1 7654.6048
27.6000 1 7675.57632
27.7000 1 7717.51936
27.8000 1 7780.43392
27.9000 1 7738.49088
28.0000 1 7748.97664
28.1000 1 7738.49088
28.2000 1 7602.176
28.3000 1 7738.49088
28.4000 1 7717.51936
28.5000 1 3947.88864
28.6000 1 0.0
28.7000 1 0.0
28.8000 1 0.0
28.9000 1 7056.91648
29.0000 1 7025.4592
29.1000 1 7151.28832
29.2000 1 7035.94496
29.3000 1 7214.20288
29.4000 1 7140.80256
29.5000 1 7077.888
29.6000 1 7214.20288
29.7000 1 7161.77408
29.8000 1 7172.25984
29.9000 1 7266.63168
30.0000 1 3276.8
30.1000 1 83.88608
30.2000 1 0.0
30.3000 1 1237.31968
30.4000 1 7004.48768
30.5000 1 7077.888
30.6000 1 7161.77408
30.7000 1 7182.7456
30.8000 1 7193.23136
30.9000 1 7172.25984
31.0000 1 7214.20288
31.1000 1 7119.83104
31.2000 1 7161.77408
31.3000 1 7203.71712
31.4000 1 7135.55968
31.5000 1 1845.49376
31.6000 1 0.0
31.7000 1 0.0
31.8000 1 3082.81344
31.9000 1 7591.69024
32.0000 1 7612.66176
32.1000 1 7654.6048
32.2000 1 7633.63328
32.3000 1 7790.91968
32.4000 1 7644.11904
32.5000 1 7686.06208
32.6000 1 7686.06208
32.7000 1 7707.0336
32.8000 1 7680.8192
32.9000 1 2055.20896
33.0000 1 0.0
33.1000 1 0.0
33.2000 1 2275.40992
33.3000 1 7214.20288
33.4000 1 7130.3168
33.5000 1 7130.3168
33.6000 1 7214.20288
33.7000 1 7235.1744
33.8000 1 7256.14592
33.9000 1 7214.20288
34.0000 1 7224.68864
34.1000 1 7214.20288
34.2000 1 7161.77408
34.3000 1 7261.3888
34.4000 1 346.03008
34.5000 1 0.0
34.6000 1 0.0
34.7000 1 4078.96064
34.8000 1 7203.71712
34.9000 1 7140.80256
35.0000 1 7140.80256
35.1000 1 7109.34528
35.2000 1 7140.80256
35.3000 1 7182.7456
35.4000 1 7098.85952
35.5000 1 7172.25984
35.6000 1 7256.14592
35.7000 1 7602.176
35.8000 1 5772.41088
35.9000 1 0.0
36.0000 1 0.0
36.1000 1 0.0
36.2000 1 6333.39904
36.3000 1 7591.69024
36.4000 1 7381.97504
36.5000 1 7581.20448
36.6000 1 7633.63328
36.7000 1 7612.66176
36.8000 1 6532.62848
36.9000 1 5054.13632
37.0000 1 7381.97504
37.1000 1 8902.41024
37.2000 1 7691.30496
37.3000 1 2118.12352
37.4000 1 0.0
37.5000 1 0.0
37.6000 1 2673.8688
37.7000 1 7528.77568
37.8000 1 7633.63328
37.9000 1 7759.4624
38.0000 1 7717.51936
38.1000 1 7780.43392
38.2000 1 7675.57632
38.3000 1 7654.6048
38.4000 1 7717.51936
38.5000 1 7665.09056
38.6000 1 7140.80256
38.7000 1 560.98816
38.8000 1 0.0
38.9000 1 83.88608
39.0000 1 2537.55392
39.1000 1 9940.50048
39.2000 1 8199.86432
39.3000 1 8178.8928
39.4000 1 8241.80736
39.5000 1 7906.26304
39.6000 1 7612.66176
39.7000 1 7644.11904
39.8000 1 7612.66176
39.9000 1 7696.54784
40.0000 1 7733.248
40.1000 1 775.94624
40.2000 1 0.0
40.3000 1 0.0
40.4000 1 3869.24544
40.5000 1 7717.51936
40.6000 1 7801.40544
40.7000 1 7686.06208
40.8000 1 7748.97664
40.9000 1 7738.49088
41.0000 1 7717.51936
41.1000 1 7675.57632
41.2000 1 7696.54784
41.3000 1 7644.11904
41.4000 1 7701.79072
41.5000 1 817.88928
41.6000 1 0.0
41.7000 1 0.0
41.8000 1 3638.55872
41.9000 1 11890.85184
42.0000 1 7717.51936
42.1000 1 7570.71872
42.2000 1 7728.00512
42.3000 1 7644.11904
42.4000 1 7738.49088
42.5000 1 7759.4624
42.6000 1 7686.06208
42.7000 1 7633.63328
42.8000 1 4860.14976
42.9000 1 0.0
43.0000 1 0.0
43.1000 1 241.17248
43.2000 1 7549.7472
43.3000 1 7581.20448
43.4000 1 7602.176
43.5000 1 7665.09056
43.6000 1 7696.54784
43.7000 1 7759.4624
43.8000 1 7728.00512
43.9000 1 7602.176
44.0000 1 7717.51936
44.1000 1 7686.06208
44.2000 1 5027.92192
44.3000 1 0.0
44.4000 1 0.0
44.5000 1 0.0
44.6000 1 6627.00032
44.7000 1 7109.34528
44.8000 1 7140.80256
44.9000 1 7088.37376
45.0000 1 7172.25984
45.1000 1 7098.85952
45.2000 1 7077.888
45.3000 1 7098.85952
45.4000 1 7067.40224
45.5000 1 7151.28832
45.6000 1 7203.71712
45.7000 1 4021.28896
45.8000 1 0.0
45.9000 1 0.0
46.0000 1 943.7184
46.1000 1 7633.63328
46.2000 1 7728.00512
46.3000 1 7591.69024
46.4000 1 7686.06208
46.5000 1 7665.09056
46.6000 1 7686.06208
46.7000 1 7759.4624
46.8000 1 7633.63328
46.9000 1 7455.37536
47.0000 1 4016.04608
47.1000 1 5636.096
47.2000 1 335.54432
47.3000 1 73.40032
47.4000 1 83.88608
47.5000 1 2097.152
47.6000 1 10328.4736
47.7000 1 7696.54784
47.8000 1 7707.0336
47.9000 1 7686.06208
48.0000 1 7675.57632
48.1000 1 7602.176
48.2000 1 7696.54784
48.3000 1 7686.06208
48.4000 1 7759.4624
48.5000 1 7701.79072
48.6000 1 1960.83712
48.7000 1 0.0
48.8000 1 0.0
48.9000 1 2579.49696
49.0000 1 7549.7472
49.1000 1 7560.23296
49.2000 1 7591.69024
49.3000 1 7591.69024
49.4000 1 7644.11904
49.5000 1 7738.49088
49.6000 1 7654.6048
49.7000 1 7717.51936
49.8000 1 7686.06208
49.9000 1 7644.11904
50.0000 1 2951.74144
50.1000 1 0.0
50.2000 1 0.0
50.3000 1 1855.97952
50.4000 1 7612.66176
50.5000 1 7717.51936
50.6000 1 7759.4624
50.7000 1 7686.06208
50.8000 1 7738.49088
50.9000 1 7707.0336
51.0000 1 7707.0336
51.1000 1 7696.54784
51.2000 1 7581.20448
51.3000 1 7675.57632
51.4000 1 3067.0848
51.5000 1 0.0
51.6000 1 0.0
51.7000 1 1562.37824
51.8000 1 7560.23296
51.9000 1 7665.09056
52.0000 1 7644.11904
52.1000 1 7612.66176
52.2000 1 7748.97664
52.3000 1 7654.6048
52.4000 1 7696.54784
52.5000 1 7738.49088
52.6000 1 7675.57632
52.7000 1 7748.97664
52.8000 1 3517.97248
52.9000 1 0.0
53.0000 1 0.0
53.1000 1 566.23104
53.2000 1 7088.37376
53.3000 1 7025.4592
53.4000 1 7140.80256
53.5000 1 7067.40224
53.6000 1 7151.28832
53.7000 1 7224.68864
53.8000 1 7172.25984
53.9000 1 7203.71712
54.0000 1 7266.63168
54.1000 1 7140.80256
54.2000 1 7208.96
54.3000 1 2548.03968
54.4000 1 73.40032
54.5000 1 0.0
54.6000 1 1887.4368
54.7000 1 7465.86112
54.8000 1 7644.11904
54.9000 1 7707.0336
55.0000 1 7623.14752
55.1000 1 7623.14752
55.2000 1 7707.0336
55.3000 1 7581.20448
55.4000 1 7581.20448
55.5000 1 7644.11904
55.6000 1 7696.54784
55.7000 1 3685.74464
55.8000 1 0.0
55.9000 1 0.0
56.0000 1 450.88768
56.1000 1 7402.94656
56.2000 1 7465.86112
56.3000 1 7528.77568
56.4000 1 7539.26144
56.5000 1 7665.09056
56.6000 1 7696.54784
56.7000 1 7665.09056
56.8000 1 7748.97664
56.9000 1 7665.09056
57.0000 1 7644.11904
57.1000 1 5332.00896
57.2000 1 0.0
57.3000 1 0.0
57.4000 1 0.0
57.5000 1 3806.33088
57.6000 1 5620.36736
57.7000 1 9730.78528
57.8000 1 7675.57632
57.9000 1 7707.0336
58.0000 1 7612.66176
58.1000 1 7591.69024
58.2000 1 7623.14752
58.3000 1 7675.57632
58.4000 1 7738.49088
58.5000 1 7670.33344
58.6000 1 1384.12032
58.7000 1 0.0
58.8000 1 0.0
58.9000 1 3019.89888
59.0000 1 7591.69024
59.1000 1 7623.14752
59.2000 1 7644.11904
59.3000 1 7738.49088
59.4000 1 7539.26144
59.5000 1 7675.57632
59.6000 1 7748.97664
59.7000 1 7623.14752
59.8000 1 7748.97664
59.9000 1 7733.248
60.0000 1 2128.60928
60.1000 1 0.0
60.2000 1 0.0
60.3000 1 2852.12672
60.4000 1 7098.85952
60.5000 1 7151.28832
60.6000 1 7119.83104
60.7000 1 7172.25984
60.8000 1 7193.23136
60.9000 1 7182.7456
61.0000 1 7130.3168
61.1000 1 7214.20288
61.2000 1 7056.91648
61.3000 1 7140.80256
61.4000 1 7250.90304
61.5000 1 241.17248
61.6000 1 0.0
61.7000 1 0.0
61.8000 1 4550.81984
61.9000 1 7193.23136
62.0000 1 7287.6032
62.1000 1 7518.28992
62.2000 1 7518.28992
62.3000 1 7696.54784
62.4000 1 7654.6048
62.5000 1 7644.11904
62.6000 1 7633.63328
62.7000 1 7612.66176
62.8000 1 7701.79072
62.9000 1 1824.52224
63.0000 1 83.88608
63.1000 1 0.0
63.2000 1 3072.32768
63.3000 1 7686.06208
63.4000 1 7665.09056
63.5000 1 7654.6048
63.6000 1 7665.09056
63.7000 1 7748.97664
63.8000 1 7707.0336
63.9000 1 7728.00512
64.0000 1 7570.71872
64.1000 1 7748.97664
64.2000 1 7659.84768
64.3000 1 1887.4368
64.4000 1 0.0
64.5000 1 0.0
64.6000 1 2264.92416
64.7000 1 7717.51936
64.8000 1 7654.6048
64.9000 1 7728.00512
65.0000 1 7654.6048
65.1000 1 7707.0336
65.2000 1 7633.63328
65.3000 1 7728.00512
65.4000 1 7686.06208
65.5000 1 7612.66176
65.6000 1 7686.06208
65.7000 1 2783.96928
65.8000 1 0.0
65.9000 1 0.0
66.0000 1 2002.78016
66.1000 1 7549.7472
66.2000 1 7602.176
66.3000 1 7623.14752
66.4000 1 7602.176
66.5000 1 7686.06208
66.6000 1 7644.11904
66.7000 1 7948.20608
66.8000 1 7696.54784
66.9000 1 7644.11904
67.0000 1 7644.11904
67.1000 1 560.98816
