0.1000 1 0.0
0.2000 1 912.26112
0.3000 1 1981.80864
0.4000 1 4666.1632
0.5000 1 10653.53216
0.6000 1 9846.12864
0.7000 1 7906.26304
0.8000 1 7874.80576
0.9000 1 8000.63488
1.0000 1 8021.6064
1.1000 1 8011.12064
1.2000 1 7948.20608
1.3000 1 7334.78912
1.4000 1 6983.51616
1.5000 1 0.0
1.6000 1 0.0
1.7000 1 0.0
1.8000 1 4078.96064
1.9000 1 5756.68224
2.0000 1 2642.41152
2.1000 1 2527.06816
2.2000 1 11827.93728
2.3000 1 10664.01792
2.4000 1 7969.1776
2.5000 1 7979.66336
2.6000 1 8084.52096
2.7000 1 8053.06368
2.8000 1 7911.50592
2.9000 1 901.77536
3.0000 1 83.88608
3.1000 1 0.0
3.2000 1 62.91456
3.3000 1 8042.57792
3.4000 1 9699.328
3.5000 1 0.0
3.6000 1 8220.83584
3.7000 1 11408.50688
3.8000 1 8912.896
3.9000 1 7780.43392
4.0000 1 7937.72032
4.1000 1 8053.06368
4.2000 1 7827.61984
4.3000 1 7151.28832
4.4000 1 0.0
4.5000 1 0.0
4.6000 1 0.0
4.7000 1 3019.89888
4.8000 1 5662.3104
4.9000 1 5117.05088
5.0000 1 3156.21376
5.1000 1 7937.72032
5.2000 1 7004.48768
5.3000 1 5903.48288
5.4000 1 5777.65376
5.5000 1 5882.51136
5.6000 1 5840.56832
5.7000 1 5756.68224
5.8000 1 5976.8832
5.9000 1 5725.22496
6.0000 1 5814.35392
6.1000 1 3082.81344
6.2000 1 0.0
6.3000 1 0.0
6.4000 1 0.0
6.5000 1 5714.7392
6.6000 1 5997.85472
6.7000 1 7801.40544
6.8000 1 8032.09216
6.9000 1 7707.0336
7.0000 1 7990.14912
7.1000 1 7979.66336
7.2000 1 8042.57792
7.3000 1 7990.14912
7.4000 1 8068.79232
7.5000 1 6385.82784
7.6000 1 73.40032
7.7000 1 73.40032
7.8000 1 73.40032
7.9000 1 4687.13472
8.0000 1 7769.94816
8.1000 1 7801.40544
8.2000 1 7885.29152
8.3000 1 8032.09216
8.4000 1 7864.32
8.5000 1 8042.57792
8.6000 1 7990.14912
8.7000 1 7822.37696
8.8000 1 8047.8208
8.9000 1 5693.76768
9.0000 1 83.88608
9.1000 1 0.0
9.2000 1 73.40032
9.3000 1 5945.42592
9.4000 1 7906.26304
9.5000 1 7738.49088
9.6000 1 7990.14912
9.7000 1 7874.80576
9.8000 1 7948.20608
9.9000 1 7874.80576
10.0000 1 7948.20608
10.1000 1 7958.69184
10.2000 1 6516.89984
10.3000 1 1363.1488
10.4000 1 0.0
10.5000 1 83.88608
10.6000 1 0.0
10.7000 1 6322.91328
10.8000 1 7570.71872
10.9000 1 5945.42592
11.0000 1 8388.608
11.1000 1 8336.1792
11.2000 1 8535.40864
11.3000 1 8472.49408
11.4000 1 8346.66496
11.5000 1 8283.7504
11.6000 1 8477.73696
11.7000 1 7581.20448
11.8000 1 0.0
11.9000 1 83.88608
12.0000 1 83.88608
12.1000 1 3397.38624
12.2000 1 7759.4624
12.3000 1 7822.37696
12.4000 1 7759.4624
12.5000 1 7979.66336
12.6000 1 7958.69184
12.7000 1 7738.49088
12.8000 1 8021.6064
12.9000 1 7780.43392
13.0000 1 7995.392
13.1000 1 7423.91808
13.2000 1 0.0
13.3000 1 0.0
13.4000 1 0.0
13.5000 1 3690.98752
13.6000 1 7350.51776
13.7000 1 7413.43232
13.8000 1 7444.8896
13.9000 1 7413.43232
14.0000 1 7455.37536
14.1000 1 7497.3184
14.2000 1 7486.83264
14.3000 1 7591.69024
14.4000 1 7539.26144
14.5000 1 7513.04704
14.6000 1 3292.52864
14.7000 1 0.0
14.8000 1 0.0
14.9000 1 828.37504
15.0000 1 7654.6048
15.1000 1 7937.72032
15.2000 1 7885.29152
15.3000 1 7822.37696
15.4000 1 7990.14912
15.5000 1 7822.37696
15.6000 1 8021.6064
15.7000 1 7906.26304
15.8000 1 7916.7488
15.9000 1 7953.44896
16.0000 1 2076.18048
16.1000 1 73.40032
16.2000 1 83.88608
16.3000 1 283.11552
16.4000 1 8441.0368
16.5000 1 7811.8912
16.6000 1 7948.20608
16.7000 1 7707.0336
16.8000 1 7948.20608
16.9000 1 7853.83424
17.0000 1 7790.91968
17.1000 1 7916.7488
17.2000 1 8021.6064
17.3000 1 7942.9632
17.4000 1 1971.32288
17.5000 1 83.88608
17.6000 1 94.37184
17.7000 1 1247.80544
17.8000 1 5599.39584
17.9000 1 5830.08256
18.0000 1 5892.99712
18.1000 1 5830.08256
18.2000 1 5756.68224
18.3000 1 5861.53984
18.4000 1 5913.96864
18.5000 1 5777.65376
18.6000 1 5966.39744
18.7000 1 5840.56832
18.8000 1 5819.5968
18.9000 1 5882.51136
19.0000 1 5866.78272
19.1000 1 4603.24864
19.2000 1 62.91456
19.3000 1 0.0
19.4000 1 73.40032
19.5000 1 4833.93536
19.6000 1 7728.00512
19.7000 1 7759.4624
19.8000 1 7738.49088
19.9000 1 7633.63328
20.0000 1 7780.43392
20.1000 1 7948.20608
20.2000 1 7780.43392
20.3000 1 7748.97664
20.4000 1 5284.82304
20.5000 1 2039.48032
20.6000 1 0.0
20.7000 1 73.40032
20.8000 1 0.0
20.9000 1 6165.62688
21.0000 1 9877.58592
21.1000 1 9877.58592
21.2000 1 7402.94656
21.3000 1 7560.23296
21.4000 1 7486.83264
21.5000 1 7581.20448
21.6000 1 7528.77568
21.7000 1 7497.3184
21.8000 1 7528.77568
21.9000 1 7554.99008
22.0000 1 3040.8704
22.1000 1 0.0
22.2000 1 0.0
22.3000 1 524.288
22.4000 1 7235.1744
22.5000 1 7423.91808
22.6000 1 7402.94656
22.7000 1 7402.94656
22.8000 1 7665.09056
22.9000 1 7402.94656
23.0000 1 7465.86112
23.1000 1 7465.86112
23.2000 1 7979.66336
23.3000 1 8110.73536
23.4000 1 5588.91008
23.5000 1 83.88608
23.6000 1 52.4288
23.7000 1 10.48576
23.8000 1 6595.54304
23.9000 1 7811.8912
24.0000 1 7874.80576
24.1000 1 7874.80576
24.2000 1 7927.23456
24.3000 1 7979.66336
24.4000 1 7927.23456
24.5000 1 8000.63488
24.6000 1 7990.14912
24.7000 1 7880.04864
24.8000 1 3795.84512
24.9000 1 0.0
25.0000 1 73.40032
25.1000 1 157.2864
25.2000 1 7151.28832
25.3000 1 7497.3184
25.4000 1 7455.37536
25.5000 1 7497.3184
25.6000 1 7476.34688
25.7000 1 7507.80416
25.8000 1 7570.71872
25.9000 1 7413.43232
26.0000 1 7654.6048
26.1000 1 7513.04704
26.2000 1 6836.71552
26.3000 1 73.40032
26.4000 1 73.40032
26.5000 1 0.0
26.6000 1 7004.48768
26.7000 1 7843.34848
26.8000 1 7790.91968
26.9000 1 7969.1776
27.0000 1 7801.40544
27.1000 1 7843.34848
27.2000 1 8032.09216
27.3000 1 7979.66336
27.4000 1 8063.54944
27.5000 1 7974.42048
27.6000 1 3418.35776
27.7000 1 0.0
27.8000 1 0.0
27.9000 1 0.0
28.0000 1 7004.48768
28.1000 1 7214.20288
28.2000 1 7381.97504
28.3000 1 7381.97504
28.4000 1 7350.51776
28.5000 1 7444.8896
28.6000 1 7371.48928
28.7000 1 7340.032
28.8000 1 7434.40384
28.9000 1 7513.04704
29.0000 1 7581.20448
29.1000 1 734.0032
29.2000 1 0.0
29.3000 1 0.0
29.4000 1 3040.8704
29.5000 1 7319.06048
29.6000 1 7350.51776
29.7000 1 7528.77568
29.8000 1 7256.14592
29.9000 1 3785.35936
30.0000 1 8053.06368
30.1000 1 10737.41824
30.2000 1 7633.63328
30.3000 1 7633.63328
30.4000 1 7523.5328
30.5000 1 4099.93216
30.6000 1 0.0
30.7000 1 0.0
30.8000 1 0.0
30.9000 1 2222.98112
31.0000 1 6910.11584
31.1000 1 10758.38976
31.2000 1 10643.0464
31.3000 1 7214.20288
31.4000 1 3858.75968
31.5000 1 10758.38976
31.6000 1 9940.50048
31.7000 1 7969.1776
31.8000 1 7974.42048
31.9000 1 3533.70112
32.0000 1 83.88608
32.1000 1 73.40032
32.2000 1 73.40032
32.3000 1 7518.28992
32.4000 1 7665.09056
32.5000 1 7707.0336
32.6000 1 7623.14752
32.7000 1 7843.34848
32.8000 1 7895.77728
32.9000 1 7979.66336
33.0000 1 7843.34848
33.1000 1 7990.14912
33.2000 1 7974.42048
33.3000 1 3586.12992
33.4000 1 0.0
33.5000 1 0.0
33.6000 1 0.0
33.7000 1 7591.69024
33.8000 1 7748.97664
33.9000 1 7843.34848
34.0000 1 7811.8912
34.1000 1 7832.86272
34.2000 1 7843.34848
34.3000 1 7895.77728
34.4000 1 7937.72032
34.5000 1 7979.66336
34.6000 1 7911.50592
34.7000 1 3428.84352
34.8000 1 83.88608
34.9000 1 0.0
35.0000 1 408.94464
35.1000 1 6606.0288
35.2000 1 7843.34848
35.3000 1 7948.20608
35.4000 1 7990.14912
35.5000 1 7895.77728
35.6000 1 7864.32
35.7000 1 7979.66336
35.8000 1 7927.23456
35.9000 1 8032.09216
36.0000 1 7911.50592
36.1000 1 3376.41472
36.2000 1 0.0
36.3000 1 0.0
36.4000 1 566.23104
36.5000 1 7832.86272
36.6000 1 7990.14912
36.7000 1 7874.80576
36.8000 1 7832.86272
36.9000 1 8032.09216
37.0000 1 7990.14912
37.1000 1 7990.14912
37.2000 1 8115.97824
37.3000 1 7948.20608
37.4000 1 8016.36352
37.5000 1 1656.75008
37.6000 1 0.0
37.7000 1 0.0
37.8000 1 2097.152
37.9000 1 7665.09056
38.0000 1 7853.83424
38.1000 1 8000.63488
38.2000 1 7937.72032
38.3000 1 7801.40544
38.4000 1 7874.80576
38.5000 1 8021.6064
38.6000 1 7948.20608
38.7000 1 7990.14912
38.8000 1 7984.90624
38.9000 1 660.60288
39.0000 1 73.40032
39.1000 1 73.40032
39.2000 1 2998.92736
39.3000 1 7927.23456
39.4000 1 7874.80576
39.5000 1 7958.69184
39.6000 1 7874.80576
39.7000 1 7990.14912
39.8000 1 7874.80576
39.9000 1 7937.72032
40.0000 1 7916.7488
40.1000 1 8016.36352
40.2000 1 7329.54624
40.3000 1 0.0
40.4000 1 0.0
40.5000 1 0.0
40.6000 1 4424.99072
40.7000 1 7654.6048
40.8000 1 7665.09056
40.9000 1 7832.86272
41.0000 1 3942.64576
41.1000 1 3523.21536
41.2000 1 9583.98464
41.3000 1 11188.30592
41.4000 1 10024.38656
41.5000 1 8058.30656
41.6000 1 7497.3184
41.7000 1 73.40032
41.8000 1 0.0
41.9000 1 94.37184
42.0000 1 2348.81024
42.1000 1 6773.80096
42.2000 1 6417.28512
42.3000 1 6406.79936
42.4000 1 6385.82784
42.5000 1 6721.37216
42.6000 1 7476.34688
42.7000 1 7581.20448
42.8000 1 7046.43072
42.9000 1 6941.57312
43.0000 1 7004.48768
43.1000 1 2836.39808
43.2000 1 0.0
43.3000 1 83.88608
43.4000 1 1352.66304
43.5000 1 7507.80416
43.6000 1 7361.00352
43.7000 1 6878.65856
43.8000 1 7109.34528
43.9000 1 6857.68704
44.0000 1 7214.20288
44.1000 1 6952.05888
44.2000 1 6899.63008
44.3000 1 7151.28832
44.4000 1 6815.744
44.5000 1 7004.48768
44.6000 1 2668.62592
44.7000 1 0.0
44.8000 1 94.37184
44.9000 1 1174.40512
45.0000 1 7549.7472
45.1000 1 7455.37536
45.2000 1 7549.7472
45.3000 1 7612.66176
45.4000 1 7298.08896
45.5000 1 7444.8896
45.6000 1 7088.37376
45.7000 1 7413.43232
45.8000 1 7549.7472
45.9000 1 7612.66176
46.0000 1 5992.61184
46.1000 1 0.0
46.2000 1 94.37184
46.3000 1 83.88608
46.4000 1 5012.19328
46.5000 1 7486.83264
46.6000 1 7539.26144
46.7000 1 7811.8912
46.8000 1 7402.94656
46.9000 1 7623.14752
47.0000 1 7371.48928
47.1000 1 7402.94656
47.2000 1 7319.06048
47.3000 1 7591.69024
47.4000 1 7392.4608
47.5000 1 1661.99296
47.6000 1 83.88608
47.7000 1 94.37184
47.8000 1 1835.008
47.9000 1 7381.97504
48.0000 1 7350.51776
48.1000 1 10401.87392
48.2000 1 10789.84704
48.3000 1 9846.12864
48.4000 1 7948.20608
48.5000 1 7885.29152
48.6000 1 7937.72032
48.7000 1 8000.63488
48.8000 1 7942.9632
48.9000 1 2715.81184
49.0000 1 73.40032
49.1000 1 0.0
49.2000 1 1426.06336
49.3000 1 7885.29152
49.4000 1 7969.1776
49.5000 1 7958.69184
49.6000 1 7895.77728
49.7000 1 7958.69184
49.8000 1 8042.57792
49.9000 1 7895.77728
50.0000 1 7927.23456
50.1000 1 7990.14912
50.2000 1 8110.73536
50.3000 1 587.20256
50.4000 1 83.88608
50.5000 1 73.40032
50.6000 1 3533.70112
50.7000 1 7916.7488
50.8000 1 7874.80576
50.9000 1 7885.29152
51.0000 1 7958.69184
51.1000 1 8115.97824
51.2000 1 3093.2992
51.3000 1 4183.81824
51.4000 1 10674.50368
51.5000 1 11031.01952
51.6000 1 9494.85568
51.7000 1 0.0
51.8000 1 83.88608
51.9000 1 0.0
52.0000 1 3166.69952
52.1000 1 7707.0336
52.2000 1 7707.0336
52.3000 1 5001.70752
52.4000 1 0.0
52.5000 1 0.0
52.6000 1 5431.62368
52.7000 1 10611.58912
52.8000 1 10926.16192
52.9000 1 7769.94816
53.0000 1 7906.26304
53.1000 1 7838.1056
53.2000 1 7665.09056
53.3000 1 0.0
53.4000 1 0.0
53.5000 1 0.0
53.6000 1 0.0
53.7000 1 6301.94176
53.8000 1 7728.00512
53.9000 1 7707.0336
54.0000 1 7864.32
54.1000 1 7958.69184
54.2000 1 7958.69184
54.3000 1 7969.1776
54.4000 1 7958.69184
54.5000 1 7979.66336
54.6000 1 7838.1056
54.7000 1 4645.19168
54.8000 1 73.40032
54.9000 1 73.40032
55.0000 1 0.0
55.1000 1 2317.35296
55.2000 1 4561.3056
55.3000 1 272.62976
55.4000 1 3827.3024
55.5000 1 9028.23936
55.6000 1 8755.6096
55.7000 1 8902.41024
55.8000 1 8829.00992
55.9000 1 9133.09696
56.0000 1 9091.15392
56.1000 1 8304.72192
56.2000 1 7963.93472
56.3000 1 650.11712
56.4000 1 73.40032
56.5000 1 73.40032
56.6000 1 3282.04288
56.7000 1 7728.00512
56.8000 1 7853.83424
56.9000 1 6197.08416
57.0000 1 0.0
57.1000 1 7287.6032
57.2000 1 8535.40864
57.3000 1 8808.0384
57.4000 1 8954.83904
57.5000 1 9017.7536
57.6000 1 8928.62464
57.7000 1 4110.41792
57.8000 1 0.0
57.9000 1 94.37184
58.0000 1 167.77216
58.1000 1 2495.61088
58.2000 1 8944.35328
58.3000 1 8608.80896
58.4000 1 8755.6096
58.5000 1 8818.52416
58.6000 1 8818.52416
58.7000 1 8912.896
58.8000 1 8860.4672
58.9000 1 8199.86432
59.0000 1 7984.90624
59.1000 1 2222.98112
59.2000 1 0.0
59.3000 1 0.0
59.4000 1 1101.0048
59.5000 1 7046.43072
59.6000 1 7780.43392
59.7000 1 7948.20608
59.8000 1 7780.43392
59.9000 1 7958.69184
60.0000 1 7864.32
60.1000 1 7990.14912
60.2000 1 7843.34848
60.3000 1 8021.6064
60.4000 1 7921.99168
60.5000 1 2527.06816
60.6000 1 83.88608
60.7000 1 73.40032
60.8000 1 1059.06176
60.9000 1 7654.6048
61.0000 1 7769.94816
61.1000 1 7906.26304
61.2000 1 7916.7488
61.3000 1 6878.65856
61.4000 1 2485.12512
61.5000 1 5819.5968
61.6000 1 10213.13024
61.7000 1 10601.10336
61.8000 1 9673.1136
61.9000 1 3806.33088
62.0000 1 0.0
62.1000 1 0.0
62.2000 1 178.25792
62.3000 1 5683.28192
62.4000 1 6564.08576
62.5000 1 7990.14912
62.6000 1 7979.66336
62.7000 1 7801.40544
62.8000 1 7948.20608
62.9000 1 7864.32
63.0000 1 8053.06368
63.1000 1 7927.23456
63.2000 1 8058.30656
63.3000 1 5746.19648
63.4000 1 0.0
63.5000 1 0.0
63.6000 1 0.0
63.7000 1 5400.1664
63.8000 1 7811.8912
63.9000 1 7801.40544
64.0000 1 7780.43392
64.1000 1 7832.86272
64.2000 1 7927.23456
64.3000 1 7895.77728
64.4000 1 7958.69184
64.5000 1 7927.23456
64.6000 1 7796.16256
64.7000 1 5809.11104
64.8000 1 0.0
64.9000 1 0.0
65.0000 1 0.0
65.1000 1 5400.1664
65.2000 1 7455.37536
65.3000 1 7277.11744
65.4000 1 7256.14592
65.5000 1 7392.4608
65.6000 1 7245.66016
65.7000 1 7423.91808
65.8000 1 7308.57472
65.9000 1 7476.34688
66.0000 1 7381.97504
66.1000 1 7334.78912
66.2000 1 2831.1552
66.3000 1 94.37184
66.4000 1 0.0
66.5000 1 608.17408
66.6000 1 7665.09056
66.7000 1 7759.4624
66.8000 1 7864.32
66.9000 1 7937.72032
67.0000 1 7864.32
67.1000 1 7979.66336
67.2000 1 7927.23456
67.3000 1 7895.77728
67.4000 1 7906.26304
67.5000 1 1934.62272
