0.1000 1 0.0
0.2000 1 83.88608
0.3000 1 7958.69184
0.4000 1 7801.40544
0.5000 1 7801.40544
0.6000 1 7843.34848
0.7000 1 7864.32
0.8000 1 7822.37696
0.9000 1 7864.32
1.0000 1 7801.40544
1.1000 1 7895.77728
1.2000 1 7811.8912
1.3000 1 3706.71616
1.4000 1 0.0
1.5000 1 0.0
1.6000 1 2956.98432
1.7000 1 7633.63328
1.8000 1 7728.00512
1.9000 1 7748.97664
2.0000 1 7675.57632
2.1000 1 7832.86272
2.2000 1 7738.49088
2.3000 1 7906.26304
2.4000 1 7895.77728
2.5000 1 7927.23456
2.6000 1 7906.26304
2.7000 1 728.76032
2.8000 1 0.0
2.9000 1 0.0
3.0000 1 5662.3104
3.1000 1 7885.29152
3.2000 1 7906.26304
3.3000 1 7990.14912
3.4000 1 7937.72032
3.5000 1 7895.77728
3.6000 1 7948.20608
3.7000 1 8000.63488
3.8000 1 7801.40544
3.9000 1 8011.12064
4.0000 1 4839.17824
4.1000 1 0.0
4.2000 1 0.0
4.3000 1 1509.94944
4.4000 1 7413.43232
4.5000 1 7885.29152
4.6000 1 7895.77728
4.7000 1 7948.20608
4.8000 1 7864.32
4.9000 1 7937.72032
5.0000 1 7717.51936
5.1000 1 7937.72032
5.2000 1 7906.26304
5.3000 1 7832.86272
5.4000 1 1945.10848
5.5000 1 0.0
5.6000 1 0.0
5.7000 1 4896.84992
5.8000 1 7623.14752
5.9000 1 7665.09056
6.0000 1 7549.7472
6.1000 1 7717.51936
6.2000 1 7958.69184
6.3000 1 7895.77728
6.4000 1 7864.32
6.5000 1 7958.69184
6.6000 1 7990.14912
6.7000 1 6663.70048
6.8000 1 0.0
6.9000 1 0.0
7.0000 1 398.45888
7.1000 1 7539.26144
7.2000 1 7654.6048
7.3000 1 7906.26304
7.4000 1 7895.77728
7.5000 1 7937.72032
7.6000 1 7843.34848
7.7000 1 7843.34848
7.8000 1 7843.34848
7.9000 1 7979.66336
8.0000 1 7853.83424
8.1000 1 3119.5136
8.2000 1 0.0
8.3000 1 0.0
8.4000 1 3344.95744
8.5000 1 7843.34848
8.6000 1 7811.8912
8.7000 1 7853.83424
8.8000 1 7717.51936
8.9000 1 7885.29152
9.0000 1 7811.8912
9.1000 1 7822.37696
9.2000 1 7927.23456
9.3000 1 8032.09216
9.4000 1 7827.61984
9.5000 1 0.0
9.6000 1 0.0
9.7000 1 0.0
9.8000 1 4844.42112
9.9000 1 5746.19648
10.0000 1 5672.79616
10.1000 1 5777.65376
10.2000 1 8283.7504
10.3000 1 5809.11104
10.4000 1 5756.68224
10.5000 1 5777.65376
10.6000 1 5672.79616
10.7000 1 5735.71072
10.8000 1 5683.28192
10.9000 1 5809.11104
11.0000 1 5725.22496
11.1000 1 5426.3808
11.2000 1 0.0
11.3000 1 0.0
11.4000 1 0.0
11.5000 1 5316.28032
11.6000 1 5662.3104
11.7000 1 5756.68224
11.8000 1 5599.39584
11.9000 1 5672.79616
12.0000 1 5714.7392
12.1000 1 5704.25344
12.2000 1 5683.28192
12.3000 1 5798.62528
12.4000 1 5767.168
12.5000 1 7581.20448
12.6000 1 7811.8912
12.7000 1 7790.91968
12.8000 1 1808.7936
12.9000 1 0.0
13.0000 1 0.0
13.1000 1 3890.21696
13.2000 1 7864.32
13.3000 1 7927.23456
13.4000 1 7990.14912
13.5000 1 7969.1776
13.6000 1 7927.23456
13.7000 1 7864.32
13.8000 1 7874.80576
13.9000 1 7843.34848
14.0000 1 7927.23456
14.1000 1 6705.64352
14.2000 1 0.0
14.3000 1 0.0
14.4000 1 335.54432
14.5000 1 7602.176
14.6000 1 7728.00512
14.7000 1 7811.8912
14.8000 1 7948.20608
14.9000 1 7885.29152
15.0000 1 7927.23456
15.1000 1 7937.72032
15.2000 1 8000.63488
15.3000 1 7979.66336
15.4000 1 7969.1776
15.5000 1 2700.0832
15.6000 1 0.0
15.7000 1 0.0
15.8000 1 3785.35936
15.9000 1 7539.26144
16.0000 1 7906.26304
16.1000 1 7895.77728
16.2000 1 7948.20608
16.3000 1 7916.7488
16.4000 1 7874.80576
16.5000 1 8000.63488
16.6000 1 7948.20608
16.7000 1 7927.23456
16.8000 1 7020.21632
16.9000 1 0.0
17.0000 1 0.0
17.1000 1 0.0
17.2000 1 7277.11744
17.3000 1 7738.49088
17.4000 1 7853.83424
17.5000 1 7832.86272
17.6000 1 7864.32
17.7000 1 7769.94816
17.8000 1 7843.34848
17.9000 1 7801.40544
18.0000 1 7686.06208
18.1000 1 7759.4624
18.2000 1 4325.376
18.3000 1 0.0
18.4000 1 0.0
18.5000 1 1625.2928
18.6000 1 7581.20448
18.7000 1 7707.0336
18.8000 1 7832.86272
18.9000 1 7780.43392
19.0000 1 7927.23456
19.1000 1 7864.32
19.2000 1 7979.66336
19.3000 1 6490.68544
19.4000 1 6490.68544
19.5000 1 8032.09216
19.6000 1 4482.6624
19.7000 1 0.0
19.8000 1 0.0
19.9000 1 1593.83552
20.0000 1 7906.26304
20.1000 1 7853.83424
20.2000 1 7916.7488
20.3000 1 7979.66336
20.4000 1 7927.23456
20.5000 1 7916.7488
20.6000 1 7874.80576
20.7000 1 7916.7488
20.8000 1 7990.14912
20.9000 1 7885.29152
21.0000 1 1064.30464
21.1000 1 0.0
21.2000 1 0.0
21.3000 1 6060.76928
21.4000 1 7979.66336
21.5000 1 7927.23456
21.6000 1 7969.1776
21.7000 1 7864.32
21.8000 1 7927.23456
21.9000 1 7916.7488
22.0000 1 7895.77728
22.1000 1 7916.7488
22.2000 1 7979.66336
22.3000 1 4335.86176
22.4000 1 0.0
22.5000 1 0.0
22.6000 1 2306.8672
22.7000 1 7675.57632
22.8000 1 7990.14912
22.9000 1 7843.34848
23.0000 1 7948.20608
23.1000 1 7906.26304
23.2000 1 7885.29152
23.3000 1 8011.12064
23.4000 1 7937.72032
23.5000 1 7990.14912
23.6000 1 7953.44896
23.7000 1 230.68672
23.8000 1 0.0
23.9000 1 0.0
24.0000 1 6280.97024
24.1000 1 7728.00512
24.2000 1 7895.77728
24.3000 1 7864.32
24.4000 1 7927.23456
24.5000 1 7927.23456
24.6000 1 7948.20608
24.7000 1 7759.4624
24.8000 1 7874.80576
24.9000 1 7822.37696
25.0000 1 4818.20672
25.1000 1 0.0
25.2000 1 0.0
25.3000 1 1772.09344
25.4000 1 5714.7392
25.5000 1 5620.36736
25.6000 1 5683.28192
25.7000 1 6920.6016
25.8000 1 6710.8864
25.9000 1 7570.71872
26.0000 1 7948.20608
26.1000 1 7990.14912
26.2000 1 7948.20608
26.3000 1 8032.09216
26.4000 1 8000.63488
26.5000 1 1871.70816
26.6000 1 0.0
26.7000 1 0.0
26.8000 1 4791.99232
26.9000 1 7696.54784
27.0000 1 7885.29152
27.1000 1 7769.94816
27.2000 1 7874.80576
27.3000 1 7832.86272
27.4000 1 7927.23456
27.5000 1 7916.7488
27.6000 1 7958.69184
27.7000 1 7874.80576
27.8000 1 6307.18464
27.9000 1 0.0
28.0000 1 0.0
28.1000 1 346.03008
28.2000 1 7654.6048
28.3000 1 7748.97664
28.4000 1 7748.97664
28.5000 1 7853.83424
28.6000 1 7916.7488
28.7000 1 7843.34848
28.8000 1 7843.34848
28.9000 1 7853.83424
29.0000 1 7916.7488
29.1000 1 7832.86272
29.2000 1 3203.39968
29.3000 1 0.0
29.4000 1 0.0
29.5000 1 1394.60608
29.6000 1 5484.05248
29.7000 1 6627.00032
29.8000 1 7958.69184
29.9000 1 7843.34848
30.0000 1 7958.69184
30.1000 1 7958.69184
30.2000 1 7811.8912
30.3000 1 7822.37696
30.4000 1 8021.6064
30.5000 1 7969.1776
30.6000 1 4944.03584
30.7000 1 62.91456
30.8000 1 0.0
30.9000 1 1887.4368
31.0000 1 7769.94816
31.1000 1 7801.40544
31.2000 1 7790.91968
31.3000 1 7958.69184
31.4000 1 7948.20608
31.5000 1 7969.1776
31.6000 1 7906.26304
31.7000 1 7853.83424
31.8000 1 7958.69184
31.9000 1 7885.29152
32.0000 1 1043.33312
32.1000 1 0.0
32.2000 1 0.0
32.3000 1 4424.99072
32.4000 1 7696.54784
32.5000 1 6637.48608
32.6000 1 5452.5952
32.7000 1 7864.32
32.8000 1 7990.14912
32.9000 1 8252.29312
33.0000 1 7916.7488
33.1000 1 4823.4496
33.2000 1 6847.20128
33.3000 1 8420.06528
33.4000 1 6107.9552
33.5000 1 52.4288
33.6000 1 52.4288
33.7000 1 576.7168
33.8000 1 7969.1776
33.9000 1 7969.1776
34.0000 1 8084.52096
34.1000 1 8147.43552
34.2000 1 7927.23456
34.3000 1 7864.32
34.4000 1 7948.20608
34.5000 1 7916.7488
34.6000 1 7948.20608
34.7000 1 7686.06208
34.8000 1 4388.29056
34.9000 1 62.91456
35.0000 1 52.4288
35.1000 1 5945.42592
35.2000 1 7906.26304
35.3000 1 7602.176
35.4000 1 7602.176
35.5000 1 7035.94496
35.6000 1 7738.49088
35.7000 1 7560.23296
35.8000 1 7696.54784
35.9000 1 8011.12064
36.0000 1 7717.51936
36.1000 1 7691.30496
36.2000 1 83.88608
36.3000 1 62.91456
36.4000 1 62.91456
36.5000 1 6312.42752
36.6000 1 7591.69024
36.7000 1 7790.91968
36.8000 1 7748.97664
36.9000 1 7811.8912
37.0000 1 7612.66176
37.1000 1 7539.26144
37.2000 1 1331.69152
37.3000 1 8032.09216
37.4000 1 8126.464
37.5000 1 8142.19264
37.6000 1 62.91456
37.7000 1 73.40032
37.8000 1 0.0
37.9000 1 6207.56992
38.0000 1 7570.71872
38.1000 1 7686.06208
38.2000 1 7612.66176
38.3000 1 7707.0336
38.4000 1 7686.06208
38.5000 1 7675.57632
38.6000 1 7560.23296
38.7000 1 7822.37696
38.8000 1 7591.69024
38.9000 1 6915.35872
39.0000 1 52.4288
39.1000 1 62.91456
39.2000 1 0.0
39.3000 1 6647.97184
39.4000 1 7696.54784
39.5000 1 7633.63328
39.6000 1 7623.14752
39.7000 1 7696.54784
39.8000 1 7644.11904
39.9000 1 7612.66176
40.0000 1 7665.09056
40.1000 1 7623.14752
40.2000 1 7696.54784
40.3000 1 5929.69728
40.4000 1 62.91456
40.5000 1 73.40032
40.6000 1 912.26112
40.7000 1 7581.20448
40.8000 1 7591.69024
40.9000 1 7675.57632
41.0000 1 7748.97664
41.1000 1 7769.94816
41.2000 1 7728.00512
41.3000 1 7686.06208
41.4000 1 7748.97664
41.5000 1 8000.63488
41.6000 1 7675.57632
41.7000 1 4482.6624
41.8000 1 0.0
41.9000 1 52.4288
42.0000 1 2705.32608
42.1000 1 7612.66176
42.2000 1 7728.00512
42.3000 1 7717.51936
42.4000 1 7811.8912
42.5000 1 7780.43392
42.6000 1 4183.81824
42.7000 1 5242.88
42.8000 1 7308.57472
42.9000 1 7182.7456
43.0000 1 5756.68224
43.1000 1 5851.05408
43.2000 1 5782.89664
43.3000 1 1929.37984
43.4000 1 0.0
43.5000 1 0.0
43.6000 1 3963.61728
43.7000 1 7748.97664
43.8000 1 7612.66176
43.9000 1 7780.43392
44.0000 1 7696.54784
44.1000 1 7696.54784
44.2000 1 7717.51936
44.3000 1 7864.32
44.4000 1 7686.06208
44.5000 1 7811.8912
44.6000 1 7785.6768
44.7000 1 492.83072
44.8000 1 0.0
44.9000 1 0.0
45.0000 1 5945.42592
45.1000 1 7518.28992
45.2000 1 7696.54784
45.3000 1 7696.54784
45.4000 1 7717.51936
45.5000 1 7790.91968
45.6000 1 7602.176
45.7000 1 7707.0336
45.8000 1 7686.06208
45.9000 1 7728.00512
46.0000 1 6653.21472
46.1000 1 0.0
46.2000 1 73.40032
46.3000 1 94.37184
46.4000 1 7507.80416
46.5000 1 7717.51936
46.6000 1 7717.51936
46.7000 1 7748.97664
46.8000 1 7665.09056
46.9000 1 7748.97664
47.0000 1 7801.40544
47.1000 1 7686.06208
47.2000 1 7738.49088
47.3000 1 7806.64832
47.4000 1 4529.84832
47.5000 1 0.0
47.6000 1 73.40032
47.7000 1 1897.92256
47.8000 1 7539.26144
47.9000 1 7623.14752
48.0000 1 7686.06208
48.1000 1 7759.4624
48.2000 1 7738.49088
48.3000 1 7832.86272
48.4000 1 7822.37696
48.5000 1 7769.94816
48.6000 1 7728.00512
48.7000 1 7806.64832
48.8000 1 2558.52544
48.9000 1 0.0
49.0000 1 0.0
49.1000 1 3795.84512
49.2000 1 7801.40544
49.3000 1 7811.8912
49.4000 1 7728.00512
49.5000 1 7790.91968
49.6000 1 7790.91968
49.7000 1 7801.40544
49.8000 1 7686.06208
49.9000 1 7832.86272
50.0000 1 7738.49088
50.1000 1 7890.5344
50.2000 1 188.74368
50.3000 1 73.40032
50.4000 1 62.91456
50.5000 1 6658.4576
50.6000 1 7728.00512
50.7000 1 7780.43392
50.8000 1 7686.06208
50.9000 1 7780.43392
51.0000 1 7696.54784
51.1000 1 7790.91968
51.2000 1 7748.97664
51.3000 1 7822.37696
51.4000 1 7832.86272
51.5000 1 5164.2368
51.6000 1 0.0
51.7000 1 0.0
51.8000 1 1593.83552
51.9000 1 7518.28992
52.0000 1 7591.69024
52.1000 1 7665.09056
52.2000 1 7707.0336
52.3000 1 7759.4624
52.4000 1 7717.51936
52.5000 1 7707.0336
52.6000 1 7748.97664
52.7000 1 7151.28832
52.8000 1 3470.78656
52.9000 1 3643.8016
53.0000 1 52.4288
53.1000 1 0.0
53.2000 1 2369.78176
53.3000 1 10003.41504
53.4000 1 6270.48448
53.5000 1 6868.1728
53.6000 1 7644.11904
53.7000 1 7193.23136
53.8000 1 7151.28832
53.9000 1 7350.51776
54.0000 1 7256.14592
54.1000 1 7371.48928
54.2000 1 7224.68864
54.3000 1 5090.83648
54.4000 1 73.40032
54.5000 1 73.40032
54.6000 1 1394.60608
54.7000 1 7539.26144
54.8000 1 7319.06048
54.9000 1 7193.23136
55.0000 1 7193.23136
55.1000 1 6931.08736
55.2000 1 7528.77568
55.3000 1 6794.77248
55.4000 1 6343.8848
55.5000 1 6931.08736
55.6000 1 6994.00192
55.7000 1 7151.28832
55.8000 1 2416.96768
55.9000 1 73.40032
56.0000 1 73.40032
56.1000 1 2977.95584
56.2000 1 7381.97504
56.3000 1 7486.83264
56.4000 1 7654.6048
56.5000 1 7633.63328
56.6000 1 7633.63328
56.7000 1 7528.77568
56.8000 1 7696.54784
56.9000 1 7665.09056
57.0000 1 7780.43392
57.1000 1 7539.26144
57.2000 1 2752.512
57.3000 1 62.91456
57.4000 1 62.91456
57.5000 1 4131.38944
57.6000 1 6962.54464
57.7000 1 6920.6016
57.8000 1 6868.1728
57.9000 1 7371.48928
58.0000 1 7518.28992
58.1000 1 7465.86112
58.2000 1 7497.3184
58.3000 1 7423.91808
58.4000 1 7476.34688
58.5000 1 7434.40384
58.6000 1 4671.40608
58.7000 1 62.91456
58.8000 1 62.91456
58.9000 1 450.88768
59.0000 1 7130.3168
59.1000 1 7046.43072
59.2000 1 7161.77408
59.3000 1 7507.80416
59.4000 1 7633.63328
59.5000 1 7423.91808
59.6000 1 6868.1728
59.7000 1 7203.71712
59.8000 1 7287.6032
59.9000 1 7308.57472
60.0000 1 7088.37376
60.1000 1 1682.96448
60.2000 1 62.91456
60.3000 1 73.40032
60.4000 1 5305.79456
60.5000 1 7203.71712
60.6000 1 7392.4608
60.7000 1 6920.6016
60.8000 1 6763.3152
60.9000 1 7109.34528
61.0000 1 7308.57472
61.1000 1 7591.69024
61.2000 1 7161.77408
61.3000 1 7371.48928
61.4000 1 7549.7472
61.5000 1 4010.8032
61.6000 1 73.40032
61.7000 1 73.40032
61.8000 1 2631.92576
61.9000 1 6731.85792
62.0000 1 6994.00192
62.1000 1 6784.28672
62.2000 1 7004.48768
62.3000 1 6941.57312
62.4000 1 7203.71712
62.5000 1 7140.80256
62.6000 1 6595.54304
62.7000 1 6805.25824
62.8000 1 7004.48768
62.9000 1 5987.36896
63.0000 1 2673.8688
63.1000 1 1211.10528
63.2000 1 0.0
63.3000 1 62.91456
63.4000 1 2558.52544
63.5000 1 7738.49088
63.6000 1 7539.26144
63.7000 1 7675.57632
63.8000 1 7895.77728
63.9000 1 7329.54624
64.0000 1 7507.80416
64.1000 1 7686.06208
64.2000 1 7937.72032
64.3000 1 7602.176
64.4000 1 7591.69024
64.5000 1 2710.56896
64.6000 1 62.91456
64.7000 1 62.91456
64.8000 1 3890.21696
64.9000 1 7707.0336
65.0000 1 7623.14752
65.1000 1 8000.63488
65.2000 1 7958.69184
65.3000 1 9867.10016
65.4000 1 9992.92928
65.5000 1 7790.91968
65.6000 1 7843.34848
65.7000 1 7654.6048
65.8000 1 3203.39968
