0.1000 1 0.0
0.2000 1 199.22944
0.3000 1 8577.35168
0.4000 1 7549.7472
0.5000 1 7612.66176
0.6000 1 7518.28992
0.7000 1 7623.14752
0.8000 1 7570.71872
0.9000 1 7654.6048
1.0000 1 7665.09056
1.1000 1 7675.57632
1.2000 1 7654.6048
1.3000 1 5929.69728
1.4000 1 0.0
1.5000 1 0.0
1.6000 1 0.0
1.7000 1 3019.89888
1.8000 1 7329.54624
1.9000 1 7423.91808
2.0000 1 7444.8896
2.1000 1 7371.48928
2.2000 1 7518.28992
2.3000 1 7560.23296
2.4000 1 7570.71872
2.5000 1 7612.66176
2.6000 1 7465.86112
2.7000 1 7633.63328
2.8000 1 3790.60224
2.9000 1 73.40032
3.0000 1 0.0
3.1000 1 0.0
3.2000 1 6343.8848
3.3000 1 7633.63328
3.4000 1 7591.69024
3.5000 1 7612.66176
3.6000 1 7476.34688
3.7000 1 7665.09056
3.8000 1 7549.7472
3.9000 1 7665.09056
4.0000 1 7644.11904
4.1000 1 7665.09056
4.2000 1 6999.2448
4.3000 1 0.0
4.4000 1 0.0
4.5000 1 0.0
4.6000 1 2715.81184
4.7000 1 7402.94656
4.8000 1 7371.48928
4.9000 1 7423.91808
5.0000 1 7528.77568
5.1000 1 7465.86112
5.2000 1 7570.71872
5.3000 1 7570.71872
5.4000 1 7623.14752
5.5000 1 7623.14752
5.6000 1 7654.6048
5.7000 1 3769.63072
5.8000 1 0.0
5.9000 1 0.0
6.0000 1 0.0
6.1000 1 6742.34368
6.2000 1 7612.66176
6.3000 1 7686.06208
6.4000 1 7686.06208
6.5000 1 7686.06208
6.6000 1 7581.20448
6.7000 1 7686.06208
6.8000 1 7591.69024
6.9000 1 7686.06208
7.0000 1 7686.06208
7.1000 1 6128.92672
7.2000 1 62.91456
7.3000 1 0.0
7.4000 1 0.0
7.5000 1 3753.90208
7.6000 1 7340.032
7.7000 1 7518.28992
7.8000 1 7560.23296
7.9000 1 7602.176
8.0000 1 7602.176
8.1000 1 7654.6048
8.2000 1 7696.54784
8.3000 1 7696.54784
8.4000 1 7612.66176
8.5000 1 7738.49088
8.6000 1 1987.05152
8.7000 1 0.0
8.8000 1 0.0
8.9000 1 859.83232
9.0000 1 7444.8896
9.1000 1 7581.20448
9.2000 1 7686.06208
9.3000 1 7644.11904
9.4000 1 7549.7472
9.5000 1 7686.06208
9.6000 1 7654.6048
9.7000 1 7686.06208
9.8000 1 7581.20448
9.9000 1 7675.57632
10.0000 1 4797.2352
10.1000 1 0.0
10.2000 1 0.0
10.3000 1 0.0
10.4000 1 2485.12512
10.5000 1 5347.7376
10.6000 1 7497.3184
10.7000 1 7434.40384
10.8000 1 7277.11744
10.9000 1 7381.97504
11.0000 1 7455.37536
11.1000 1 7518.28992
11.2000 1 7518.28992
11.3000 1 7486.83264
11.4000 1 7455.37536
11.5000 1 6852.44416
11.6000 1 0.0
11.7000 1 0.0
11.8000 1 0.0
11.9000 1 3365.92896
12.0000 1 7507.80416
12.1000 1 7602.176
12.2000 1 7591.69024
12.3000 1 7581.20448
12.4000 1 7560.23296
12.5000 1 7602.176
12.6000 1 7549.7472
12.7000 1 7644.11904
12.8000 1 7581.20448
12.9000 1 7654.6048
13.0000 1 2542.7968
13.1000 1 0.0
13.2000 1 0.0
13.3000 1 398.45888
13.4000 1 7402.94656
13.5000 1 7444.8896
13.6000 1 7329.54624
13.7000 1 7507.80416
13.8000 1 7381.97504
13.9000 1 7381.97504
14.0000 1 7444.8896
14.1000 1 7465.86112
14.2000 1 7423.91808
14.3000 1 7444.8896
14.4000 1 7135.55968
14.5000 1 0.0
14.6000 1 0.0
14.7000 1 0.0
14.8000 1 3061.84192
14.9000 1 7486.83264
15.0000 1 7560.23296
15.1000 1 7486.83264
15.2000 1 7612.66176
15.3000 1 7665.09056
15.4000 1 7602.176
15.5000 1 7654.6048
15.6000 1 7549.7472
15.7000 1 7686.06208
15.8000 1 7560.23296
15.9000 1 2888.82688
16.0000 1 0.0
16.1000 1 0.0
16.2000 1 115.34336
16.3000 1 7329.54624
16.4000 1 7434.40384
16.5000 1 7371.48928
16.6000 1 7298.08896
16.7000 1 7476.34688
16.8000 1 7319.06048
16.9000 1 7423.91808
17.0000 1 7465.86112
17.1000 1 7455.37536
17.2000 1 7455.37536
17.3000 1 7481.58976
17.4000 1 157.2864
17.5000 1 0.0
17.6000 1 0.0
17.7000 1 2589.98272
17.8000 1 7340.032
17.9000 1 7539.26144
18.0000 1 2799.69792
18.1000 1 7969.1776
18.2000 1 4351.5904
18.3000 1 10181.67296
18.4000 1 8986.29632
18.5000 1 7455.37536
18.6000 1 7497.3184
18.7000 1 7832.86272
18.8000 1 7733.248
18.9000 1 6396.3136
19.0000 1 73.40032
19.1000 1 6889.14432
19.2000 1 7769.94816
19.3000 1 7717.51936
19.4000 1 7728.00512
19.5000 1 7728.00512
19.6000 1 7644.11904
19.7000 1 7759.4624
19.8000 1 12740.1984
19.9000 1 7754.21952
20.0000 1 7811.8912
20.1000 1 52.4288
20.2000 1 73.40032
20.3000 1 73.40032
20.4000 1 3512.7296
20.5000 1 2317.35296
20.6000 1 7077.888
20.7000 1 11691.6224
20.8000 1 10475.27424
20.9000 1 8745.12384
21.0000 1 13474.2016
21.1000 1 7738.49088
21.2000 1 7864.32
21.3000 1 7722.76224
21.4000 1 1006.63296
21.5000 1 52.4288
21.6000 1 73.40032
21.7000 1 1646.26432
21.8000 1 7801.40544
21.9000 1 4351.5904
22.0000 1 2348.81024
22.1000 1 10454.30272
22.2000 1 10527.70304
22.3000 1 9604.95616
22.4000 1 7843.34848
22.5000 1 7696.54784
22.6000 1 7832.86272
22.7000 1 7806.64832
22.8000 1 3795.84512
22.9000 1 73.40032
23.0000 1 73.40032
23.1000 1 0.0
23.2000 1 7203.71712
23.3000 1 7738.49088
23.4000 1 7832.86272
23.5000 1 7623.14752
23.6000 1 7811.8912
23.7000 1 7790.91968
23.8000 1 7822.37696
23.9000 1 7906.26304
24.0000 1 7864.32
24.1000 1 7691.30496
24.2000 1 4372.56192
24.3000 1 83.88608
24.4000 1 73.40032
24.5000 1 0.0
24.6000 1 5662.3104
24.7000 1 7539.26144
24.8000 1 7518.28992
24.9000 1 7560.23296
25.0000 1 7560.23296
25.1000 1 7476.34688
25.2000 1 7507.80416
25.3000 1 7570.71872
25.4000 1 7591.69024
25.5000 1 7492.07552
25.6000 1 7581.20448
25.7000 1 471.8592
25.8000 1 0.0
25.9000 1 0.0
26.0000 1 2506.09664
26.1000 1 7644.11904
26.2000 1 7790.91968
26.3000 1 7707.0336
26.4000 1 7738.49088
26.5000 1 7707.0336
26.6000 1 7790.91968
26.7000 1 7811.8912
26.8000 1 7811.8912
26.9000 1 7780.43392
27.0000 1 7764.70528
27.1000 1 1803.55072
27.2000 1 73.40032
27.3000 1 0.0
27.4000 1 1562.37824
27.5000 1 7539.26144
27.6000 1 7822.37696
27.7000 1 7686.06208
27.8000 1 7832.86272
27.9000 1 7801.40544
28.0000 1 7759.4624
28.1000 1 7769.94816
28.2000 1 7811.8912
28.3000 1 7686.06208
28.4000 1 7754.21952
28.5000 1 2621.44
28.6000 1 73.40032
28.7000 1 73.40032
28.8000 1 83.88608
28.9000 1 7612.66176
29.0000 1 7780.43392
29.1000 1 7790.91968
29.2000 1 7675.57632
29.3000 1 7612.66176
29.4000 1 7790.91968
29.5000 1 7707.0336
29.6000 1 7686.06208
29.7000 1 7728.00512
29.8000 1 7743.73376
29.9000 1 4414.50496
30.0000 1 0.0
30.1000 1 73.40032
30.2000 1 73.40032
30.3000 1 5557.4528
30.4000 1 7623.14752
30.5000 1 6050.28352
30.6000 1 2348.81024
30.7000 1 6522.14272
30.8000 1 11607.73632
30.9000 1 11660.16512
31.0000 1 9196.01152
31.1000 1 7728.00512
31.2000 1 7764.70528
31.3000 1 5484.05248
31.4000 1 62.91456
31.5000 1 73.40032
31.6000 1 1247.80544
31.7000 1 7434.40384
31.8000 1 7644.11904
31.9000 1 7769.94816
32.0000 1 7811.8912
32.1000 1 7728.00512
32.2000 1 7801.40544
32.3000 1 7717.51936
32.4000 1 7874.80576
32.5000 1 7623.14752
32.6000 1 7869.56288
32.7000 1 3198.1568
32.8000 1 83.88608
32.9000 1 73.40032
33.0000 1 62.91456
33.1000 1 7245.66016
33.2000 1 7675.57632
33.3000 1 7759.4624
33.4000 1 7748.97664
33.5000 1 7696.54784
33.6000 1 7728.00512
33.7000 1 7780.43392
33.8000 1 7728.00512
33.9000 1 7790.91968
34.0000 1 7817.13408
34.1000 1 4645.19168
34.2000 1 0.0
34.3000 1 0.0
34.4000 1 0.0
34.5000 1 5494.53824
34.6000 1 7832.86272
34.7000 1 7801.40544
34.8000 1 7832.86272
34.9000 1 7728.00512
35.0000 1 7717.51936
35.1000 1 7728.00512
35.2000 1 7728.00512
35.3000 1 7707.0336
35.4000 1 7764.70528
35.5000 1 6333.39904
35.6000 1 62.91456
35.7000 1 83.88608
35.8000 1 73.40032
35.9000 1 3208.64256
36.0000 1 8713.66656
36.1000 1 7790.91968
36.2000 1 7717.51936
36.3000 1 7675.57632
36.4000 1 7832.86272
36.5000 1 7665.09056
36.6000 1 7728.00512
36.7000 1 7843.34848
36.8000 1 7659.84768
36.9000 1 7864.32
37.0000 1 0.0
37.1000 1 73.40032
37.2000 1 0.0
37.3000 1 2055.20896
37.4000 1 7497.3184
37.5000 1 7172.25984
37.6000 1 7455.37536
37.7000 1 7476.34688
37.8000 1 7486.83264
37.9000 1 7623.14752
38.0000 1 7633.63328
38.1000 1 7549.7472
38.2000 1 7497.3184
38.3000 1 7534.01856
38.4000 1 4771.0208
38.5000 1 0.0
38.6000 1 0.0
38.7000 1 0.0
38.8000 1 6259.99872
38.9000 1 7497.3184
39.0000 1 7591.69024
39.1000 1 7560.23296
39.2000 1 7518.28992
39.3000 1 7570.71872
39.4000 1 7549.7472
39.5000 1 7518.28992
39.6000 1 7591.69024
39.7000 1 7534.01856
39.8000 1 7528.77568
39.9000 1 0.0
40.0000 1 73.40032
40.1000 1 73.40032
40.2000 1 2380.26752
40.3000 1 7686.06208
40.4000 1 7686.06208
40.5000 1 7612.66176
40.6000 1 7769.94816
40.7000 1 4896.84992
40.8000 1 2464.1536
40.9000 1 8556.38016
41.0000 1 11744.0512
41.1000 1 11513.36448
41.2000 1 8624.5376
41.3000 1 796.91776
41.4000 1 73.40032
41.5000 1 0.0
41.6000 1 1646.26432
41.7000 1 7581.20448
41.8000 1 7822.37696
41.9000 1 7769.94816
42.0000 1 7790.91968
42.1000 1 7759.4624
42.2000 1 7822.37696
42.3000 1 7654.6048
42.4000 1 7822.37696
42.5000 1 7696.54784
42.6000 1 7775.19104
42.7000 1 2464.1536
42.8000 1 73.40032
42.9000 1 83.88608
43.0000 1 62.91456
43.1000 1 7224.68864
43.2000 1 7056.91648
43.3000 1 7402.94656
43.4000 1 7769.94816
43.5000 1 7686.06208
43.6000 1 7801.40544
43.7000 1 7748.97664
43.8000 1 7696.54784
43.9000 1 7958.69184
44.0000 1 7869.56288
44.1000 1 5431.62368
44.2000 1 0.0
44.3000 1 0.0
44.4000 1 0.0
44.5000 1 5127.53664
44.6000 1 7623.14752
44.7000 1 13306.42944
44.8000 1 7759.4624
44.9000 1 7738.49088
45.0000 1 7790.91968
45.1000 1 7874.80576
45.2000 1 7864.32
45.3000 1 7843.34848
45.4000 1 7670.33344
45.5000 1 1310.72
45.6000 1 0.0
45.7000 1 0.0
45.8000 1 1080.03328
45.9000 1 7728.00512
46.0000 1 7769.94816
46.1000 1 7790.91968
46.2000 1 7665.09056
46.3000 1 7623.14752
46.4000 1 7780.43392
46.5000 1 7728.00512
46.6000 1 7874.80576
46.7000 1 7822.37696
46.8000 1 7775.19104
46.9000 1 3156.21376
47.0000 1 0.0
47.1000 1 0.0
47.2000 1 0.0
47.3000 1 0.0
47.4000 1 6501.1712
47.5000 1 12090.08128
47.6000 1 11345.59232
47.7000 1 8629.78048
47.8000 1 8598.3232
47.9000 1 8451.52256
48.0000 1 8451.52256
48.1000 1 8273.26464
48.2000 1 7617.90464
48.3000 1 1897.92256
48.4000 1 0.0
48.5000 1 0.0
48.6000 1 0.0
48.7000 1 7434.40384
48.8000 1 7811.8912
48.9000 1 7644.11904
49.0000 1 7717.51936
49.1000 1 7665.09056
49.2000 1 7790.91968
49.3000 1 7675.57632
49.4000 1 7570.71872
49.5000 1 7790.91968
49.6000 1 7670.33344
49.7000 1 4959.76448
49.8000 1 73.40032
49.9000 1 73.40032
50.0000 1 73.40032
50.1000 1 5358.22336
50.2000 1 7665.09056
50.3000 1 7780.43392
50.4000 1 7612.66176
50.5000 1 7738.49088
50.6000 1 7843.34848
50.7000 1 7822.37696
50.8000 1 5473.56672
50.9000 1 2296.38144
51.0000 1 7759.4624
51.1000 1 10176.43008
51.2000 1 0.0
51.3000 1 83.88608
51.4000 1 73.40032
51.5000 1 2925.52704
51.6000 1 10674.50368
51.7000 1 8545.8944
51.8000 1 7801.40544
51.9000 1 7780.43392
52.0000 1 7686.06208
52.1000 1 7822.37696
52.2000 1 7748.97664
52.3000 1 7748.97664
52.4000 1 7707.0336
52.5000 1 7659.84768
52.6000 1 1488.97792
52.7000 1 0.0
52.8000 1 0.0
52.9000 1 1300.23424
53.0000 1 7486.83264
53.1000 1 7801.40544
53.2000 1 7665.09056
53.3000 1 7832.86272
53.4000 1 7633.63328
53.5000 1 7790.91968
53.6000 1 7738.49088
53.7000 1 7874.80576
53.8000 1 7738.49088
53.9000 1 7764.70528
54.0000 1 3282.04288
54.1000 1 73.40032
54.2000 1 83.88608
54.3000 1 73.40032
54.4000 1 6375.34208
54.5000 1 7738.49088
54.6000 1 7748.97664
54.7000 1 7738.49088
54.8000 1 7748.97664
54.9000 1 7675.57632
55.0000 1 7748.97664
55.1000 1 7654.6048
55.2000 1 7759.4624
55.3000 1 7722.76224
55.4000 1 5599.39584
55.5000 1 73.40032
55.6000 1 73.40032
55.7000 1 0.0
55.8000 1 4445.96224
55.9000 1 7570.71872
56.0000 1 7497.3184
56.1000 1 7801.40544
56.2000 1 7581.20448
56.3000 1 7623.14752
56.4000 1 7623.14752
56.5000 1 7843.34848
56.6000 1 7811.8912
56.7000 1 7827.61984
56.8000 1 7864.32
56.9000 1 115.34336
57.0000 1 73.40032
57.1000 1 73.40032
57.2000 1 1572.864
57.3000 1 7665.09056
57.4000 1 7434.40384
57.5000 1 7686.06208
57.6000 1 7686.06208
57.7000 1 7832.86272
57.8000 1 7759.4624
57.9000 1 7759.4624
58.0000 1 7906.26304
58.1000 1 7654.6048
58.2000 1 7743.73376
58.3000 1 2988.4416
58.4000 1 73.40032
58.5000 1 0.0
58.6000 1 0.0
58.7000 1 6763.3152
58.8000 1 7570.71872
58.9000 1 7717.51936
59.0000 1 7675.57632
59.1000 1 7780.43392
59.2000 1 7623.14752
59.3000 1 7728.00512
59.4000 1 7623.14752
59.5000 1 7644.11904
59.6000 1 7733.248
59.7000 1 5819.5968
59.8000 1 73.40032
59.9000 1 0.0
60.0000 1 0.0
60.1000 1 3586.12992
60.2000 1 7570.71872
60.3000 1 7717.51936
60.4000 1 7623.14752
60.5000 1 7717.51936
60.6000 1 7717.51936
60.7000 1 7843.34848
60.8000 1 7707.0336
60.9000 1 7717.51936
61.0000 1 4466.93376
61.1000 1 3009.41312
61.2000 1 833.61792
61.3000 1 62.91456
61.4000 1 62.91456
61.5000 1 2548.03968
61.6000 1 13411.28704
61.7000 1 11230.24896
61.8000 1 8797.55264
61.9000 1 7654.6048
62.0000 1 7832.86272
62.1000 1 7811.8912
62.2000 1 7728.00512
62.3000 1 7811.8912
62.4000 1 7680.8192
62.5000 1 7455.37536
62.6000 1 0.0
62.7000 1 73.40032
62.8000 1 0.0
62.9000 1 2275.40992
63.0000 1 7633.63328
63.1000 1 7612.66176
63.2000 1 7759.4624
63.3000 1 7591.69024
63.4000 1 7644.11904
63.5000 1 7696.54784
63.6000 1 7696.54784
63.7000 1 7937.72032
63.8000 1 7864.32
63.9000 1 7743.73376
64.0000 1 2275.40992
64.1000 1 0.0
64.2000 1 0.0
64.3000 1 618.65984
64.4000 1 7581.20448
64.5000 1 7675.57632
64.6000 1 7864.32
64.7000 1 7707.0336
64.8000 1 7811.8912
64.9000 1 7927.23456
65.0000 1 7780.43392
65.1000 1 7885.29152
65.2000 1 7748.97664
65.3000 1 7859.07712
65.4000 1 3365.92896
65.5000 1 83.88608
65.6000 1 0.0
65.7000 1 0.0
65.8000 1 6406.79936
65.9000 1 7707.0336
66.0000 1 7780.43392
66.1000 1 7801.40544
66.2000 1 7623.14752
66.3000 1 7717.51936
66.4000 1 7633.63328
66.5000 1 7790.91968
66.6000 1 7801.40544
66.7000 1 5090.83648
