0.1000 1 0.0
0.2000 1 146.80064
0.3000 1 10129.24416
0.4000 1 8346.66496
0.5000 1 8231.3216
0.6000 1 8262.77888
0.7000 1 8220.83584
0.8000 1 8220.83584
0.9000 1 8210.35008
1.0000 1 8304.72192
1.1000 1 8315.20768
1.2000 1 7523.5328
1.3000 1 0.0
1.4000 1 0.0
1.5000 1 0.0
1.6000 1 6270.48448
1.7000 1 8462.00832
1.8000 1 8640.26624
1.9000 1 8692.69504
2.0000 1 8703.1808
2.1000 1 8619.29472
2.2000 1 8493.4656
2.3000 1 8399.09376
2.4000 1 8462.00832
2.5000 1 6894.3872
2.6000 1 0.0
2.7000 1 83.88608
2.8000 1 0.0
2.9000 1 6889.14432
3.0000 1 8524.92288
3.1000 1 8545.8944
3.2000 1 8587.83744
3.3000 1 8608.80896
3.4000 1 8629.78048
3.5000 1 8535.40864
3.6000 1 8462.00832
3.7000 1 8346.66496
3.8000 1 6569.32864
3.9000 1 0.0
4.0000 1 0.0
4.1000 1 0.0
4.2000 1 7119.83104
4.3000 1 8682.20928
4.4000 1 8650.752
4.5000 1 8556.38016
4.6000 1 8629.78048
4.7000 1 8462.00832
4.8000 1 8462.00832
4.9000 1 8462.00832
5.0000 1 8472.49408
5.1000 1 6265.2416
5.2000 1 0.0
5.3000 1 0.0
5.4000 1 0.0
5.5000 1 8105.49248
5.6000 1 8640.26624
5.7000 1 8692.69504
5.8000 1 8703.1808
5.9000 1 8724.15232
6.0000 1 8619.29472
6.1000 1 8451.52256
6.2000 1 8503.95136
6.3000 1 8388.608
6.4000 1 4933.55008
6.5000 1 0.0
6.6000 1 0.0
6.7000 1 419.4304
6.8000 1 8294.23616
6.9000 1 8566.86592
7.0000 1 8640.26624
7.1000 1 8598.3232
7.2000 1 8577.35168
7.3000 1 8462.00832
7.4000 1 8451.52256
7.5000 1 8399.09376
7.6000 1 4246.7328
7.7000 1 0.0
7.8000 1 0.0
7.9000 1 0.0
8.0000 1 83.88608
8.1000 1 1090.51904
8.2000 1 4362.07616
8.3000 1 1536.16384
8.4000 1 83.88608
8.5000 1 0.0
8.6000 1 3460.3008
8.7000 1 12341.73952
8.8000 1 11827.93728
8.9000 1 8818.52416
9.0000 1 8797.55264
9.1000 1 8849.98144
9.2000 1 8776.58112
9.3000 1 8598.3232
9.4000 1 8629.78048
9.5000 1 8645.50912
9.6000 1 1226.83392
9.7000 1 0.0
9.8000 1 0.0
9.9000 1 3953.13152
10.0000 1 12509.51168
10.1000 1 14187.23328
10.2000 1 8818.52416
10.3000 1 8849.98144
10.4000 1 8776.58112
10.5000 1 8703.1808
10.6000 1 8603.56608
10.7000 1 7444.8896
10.8000 1 0.0
10.9000 1 0.0
11.0000 1 0.0
11.1000 1 6543.11424
11.2000 1 8598.3232
11.3000 1 8766.09536
11.4000 1 3848.27392
11.5000 1 335.54432
11.6000 1 6501.1712
11.7000 1 13799.26016
11.8000 1 8734.63808
11.9000 1 9804.1856
12.0000 1 8624.5376
12.1000 1 6155.14112
12.2000 1 73.40032
12.3000 1 0.0
12.4000 1 3313.50016
12.5000 1 8105.49248
12.6000 1 8095.00672
12.7000 1 8462.00832
12.8000 1 8315.20768
12.9000 1 8325.69344
13.0000 1 8220.83584
13.1000 1 7958.69184
13.2000 1 8357.15072
13.3000 1 8173.64992
13.4000 1 4424.99072
13.5000 1 94.37184
13.6000 1 73.40032
13.7000 1 838.8608
13.8000 1 8692.69504
13.9000 1 8713.66656
14.0000 1 8986.29632
14.1000 1 8766.09536
14.2000 1 8640.26624
14.3000 1 8703.1808
14.4000 1 8514.43712
14.5000 1 8535.40864
14.6000 1 8655.99488
14.7000 1 2548.03968
14.8000 1 0.0
14.9000 1 0.0
15.0000 1 618.65984
15.1000 1 2631.92576
15.2000 1 6826.22976
15.3000 1 6941.57312
15.4000 1 7130.3168
15.5000 1 7182.7456
15.6000 1 7224.68864
15.7000 1 7277.11744
15.8000 1 7161.77408
15.9000 1 7203.71712
16.0000 1 7340.032
16.1000 1 5898.24
16.2000 1 83.88608
16.3000 1 83.88608
16.4000 1 0.0
16.5000 1 4833.93536
16.6000 1 7381.97504
16.7000 1 7287.6032
16.8000 1 7287.6032
16.9000 1 7497.3184
17.0000 1 7319.06048
17.1000 1 7486.83264
17.2000 1 6910.11584
17.3000 1 7256.14592
17.4000 1 7644.11904
17.5000 1 7067.40224
17.6000 1 3643.8016
17.7000 1 0.0
17.8000 1 94.37184
17.9000 1 272.62976
18.0000 1 7224.68864
18.1000 1 7077.888
18.2000 1 7203.71712
18.3000 1 7245.66016
18.4000 1 7476.34688
18.5000 1 7381.97504
18.6000 1 7109.34528
18.7000 1 7371.48928
18.8000 1 7056.91648
18.9000 1 7340.032
19.0000 1 7266.63168
19.1000 1 1588.59264
19.2000 1 94.37184
19.3000 1 31.45728
19.4000 1 2411.7248
19.5000 1 7161.77408
19.6000 1 7224.68864
19.7000 1 7193.23136
19.8000 1 7319.06048
19.9000 1 7591.69024
20.0000 1 7350.51776
20.1000 1 7381.97504
20.2000 1 7172.25984
20.3000 1 7245.66016
20.4000 1 7130.3168
20.5000 1 6359.61344
20.6000 1 83.88608
20.7000 1 0.0
20.8000 1 83.88608
20.9000 1 4708.10624
21.0000 1 7308.57472
21.1000 1 7035.94496
21.2000 1 7077.888
21.3000 1 7340.032
21.4000 1 7329.54624
21.5000 1 7235.1744
21.6000 1 7172.25984
21.7000 1 7046.43072
21.8000 1 7287.6032
21.9000 1 7298.08896
22.0000 1 4650.43456
22.1000 1 0.0
22.2000 1 83.88608
22.3000 1 83.88608
22.4000 1 6647.97184
22.5000 1 7224.68864
22.6000 1 7319.06048
22.7000 1 7319.06048
22.8000 1 7193.23136
22.9000 1 7329.54624
23.0000 1 7151.28832
23.1000 1 7455.37536
23.2000 1 7444.8896
23.3000 1 7256.14592
23.4000 1 7172.25984
23.5000 1 2091.90912
23.6000 1 83.88608
23.7000 1 0.0
23.8000 1 346.03008
23.9000 1 6427.77088
24.0000 1 7140.80256
24.1000 1 7140.80256
24.2000 1 7633.63328
24.3000 1 7455.37536
24.4000 1 7507.80416
24.5000 1 7088.37376
24.6000 1 7245.66016
24.7000 1 7130.3168
24.8000 1 7319.06048
24.9000 1 7287.6032
25.0000 1 1808.7936
25.1000 1 94.37184
25.2000 1 0.0
25.3000 1 1017.11872
25.4000 1 4676.64896
25.5000 1 6931.08736
25.6000 1 6899.63008
25.7000 1 7046.43072
25.8000 1 6920.6016
25.9000 1 6920.6016
26.0000 1 7098.85952
26.1000 1 7151.28832
26.2000 1 7067.40224
26.3000 1 6868.1728
26.4000 1 7014.97344
26.5000 1 5961.15456
26.6000 1 0.0
26.7000 1 83.88608
26.8000 1 94.37184
26.9000 1 3963.61728
27.0000 1 6962.54464
27.1000 1 7444.8896
27.2000 1 7602.176
27.3000 1 7214.20288
27.4000 1 7004.48768
27.5000 1 8818.52416
27.6000 1 12404.65408
27.7000 1 10338.95936
27.8000 1 8273.26464
27.9000 1 8152.6784
28.0000 1 1677.7216
28.1000 1 0.0
28.2000 1 0.0
28.3000 1 3198.1568
28.4000 1 8304.72192
28.5000 1 8378.12224
28.6000 1 8346.66496
28.7000 1 8514.43712
28.8000 1 8325.69344
28.9000 1 8252.29312
29.0000 1 8315.20768
29.1000 1 8273.26464
29.2000 1 8425.30816
29.3000 1 3229.61408
29.4000 1 0.0
29.5000 1 0.0
29.6000 1 2065.69472
29.7000 1 8462.00832
29.8000 1 8703.1808
29.9000 1 8713.66656
30.0000 1 8724.15232
30.1000 1 8839.49568
30.2000 1 8682.20928
30.3000 1 8378.12224
30.4000 1 8493.4656
30.5000 1 8572.1088
30.6000 1 2170.55232
30.7000 1 0.0
30.8000 1 0.0
30.9000 1 2998.92736
31.0000 1 8640.26624
31.1000 1 8734.63808
31.2000 1 8577.35168
31.3000 1 8734.63808
31.4000 1 8598.3232
31.5000 1 8661.23776
31.6000 1 8472.49408
31.7000 1 8566.86592
31.8000 1 8624.5376
31.9000 1 1090.51904
32.0000 1 0.0
32.1000 1 0.0
32.2000 1 4152.36096
32.3000 1 8776.58112
32.4000 1 8703.1808
32.5000 1 8776.58112
32.6000 1 8745.12384
32.7000 1 8734.63808
32.8000 1 7224.68864
32.9000 1 6815.744
33.0000 1 6679.42912
33.1000 1 6328.15616
33.2000 1 83.88608
33.3000 1 83.88608
33.4000 1 83.88608
33.5000 1 2904.55552
33.6000 1 7004.48768
33.7000 1 7025.4592
33.8000 1 6857.68704
33.9000 1 7193.23136
34.0000 1 7413.43232
34.1000 1 6899.63008
34.2000 1 7277.11744
34.3000 1 7539.26144
34.4000 1 7340.032
34.5000 1 6931.08736
34.6000 1 5814.35392
34.7000 1 0.0
34.8000 1 94.37184
34.9000 1 73.40032
35.0000 1 6228.54144
35.1000 1 7161.77408
35.2000 1 6899.63008
35.3000 1 7025.4592
35.4000 1 3449.81504
35.5000 1 2621.44
35.6000 1 6123.68384
35.7000 1 12782.14144
35.8000 1 7109.34528
35.9000 1 7654.6048
36.0000 1 6689.91488
36.1000 1 7245.66016
36.2000 1 739.24608
36.3000 1 0.0
36.4000 1 94.37184
36.5000 1 4005.56032
36.6000 1 6920.6016
36.7000 1 6910.11584
36.8000 1 7287.6032
36.9000 1 7423.91808
37.0000 1 7665.09056
37.1000 1 7056.91648
37.2000 1 7151.28832
37.3000 1 7371.48928
37.4000 1 7119.83104
37.5000 1 7602.176
37.6000 1 5132.77952
37.7000 1 0.0
37.8000 1 94.37184
37.9000 1 83.88608
38.0000 1 7140.80256
38.1000 1 7277.11744
38.2000 1 7172.25984
38.3000 1 681.5744
38.4000 1 3785.35936
38.5000 1 7214.20288
38.6000 1 7130.3168
38.7000 1 7728.00512
38.8000 1 7413.43232
38.9000 1 7004.48768
39.0000 1 7109.34528
39.1000 1 10454.30272
39.2000 1 6181.35552
39.3000 1 73.40032
39.4000 1 73.40032
39.5000 1 83.88608
39.6000 1 325.05856
39.7000 1 4666.1632
39.8000 1 13180.60032
39.9000 1 10013.9008
40.0000 1 8713.66656
40.1000 1 8640.26624
40.2000 1 8629.78048
40.3000 1 8587.83744
40.4000 1 8545.8944
40.5000 1 8614.05184
40.6000 1 5169.47968
40.7000 1 104.8576
40.8000 1 83.88608
40.9000 1 461.37344
41.0000 1 8556.38016
41.1000 1 8776.58112
41.2000 1 8724.15232
41.3000 1 8776.58112
41.4000 1 8839.49568
41.5000 1 8608.80896
41.6000 1 8629.78048
41.7000 1 8587.83744
41.8000 1 8330.93632
41.9000 1 3470.78656
42.0000 1 73.40032
42.1000 1 73.40032
42.2000 1 2548.03968
42.3000 1 8671.72352
42.4000 1 8766.09536
42.5000 1 8849.98144
42.6000 1 8839.49568
42.7000 1 8734.63808
42.8000 1 8640.26624
42.9000 1 8514.43712
43.0000 1 8577.35168
43.1000 1 8561.62304
43.2000 1 996.1472
43.3000 1 83.88608
43.4000 1 0.0
43.5000 1 3900.70272
43.6000 1 8587.83744
43.7000 1 8839.49568
43.8000 1 8776.58112
43.9000 1 8944.35328
44.0000 1 8692.69504
44.1000 1 8661.23776
44.2000 1 8650.752
44.3000 1 8593.08032
44.4000 1 8063.54944
44.5000 1 0.0
44.6000 1 73.40032
44.7000 1 73.40032
44.8000 1 5630.85312
44.9000 1 8566.86592
45.0000 1 8724.15232
45.1000 1 8745.12384
45.2000 1 8776.58112
45.3000 1 8671.72352
45.4000 1 8587.83744
45.5000 1 3764.38784
45.6000 1 3649.04448
45.7000 1 11864.63744
45.8000 1 1090.51904
45.9000 1 73.40032
46.0000 1 83.88608
46.1000 1 4466.93376
46.2000 1 11723.07968
46.3000 1 8650.752
46.4000 1 8472.49408
46.5000 1 8545.8944
46.6000 1 8535.40864
46.7000 1 8556.38016
46.8000 1 8367.63648
46.9000 1 8325.69344
47.0000 1 8236.56448
47.1000 1 1352.66304
47.2000 1 83.88608
47.3000 1 0.0
47.4000 1 4561.3056
47.5000 1 8829.00992
47.6000 1 9038.72512
47.7000 1 8766.09536
47.8000 1 8933.86752
47.9000 1 8954.83904
48.0000 1 8577.35168
48.1000 1 8608.80896
48.2000 1 8697.93792
48.3000 1 6836.71552
48.4000 1 0.0
48.5000 1 0.0
48.6000 1 0.0
48.7000 1 7130.3168
48.8000 1 8797.55264
48.9000 1 8787.06688
49.0000 1 8482.97984
49.1000 1 8640.26624
49.2000 1 8881.43872
49.3000 1 8556.38016
49.4000 1 8619.29472
49.5000 1 8718.90944
49.6000 1 5096.07936
49.7000 1 20.97152
49.8000 1 167.77216
49.9000 1 199.22944
50.0000 1 8451.52256
50.1000 1 8556.38016
50.2000 1 8441.0368
50.3000 1 8629.78048
50.4000 1 8462.00832
50.5000 1 8598.3232
50.6000 1 8482.97984
50.7000 1 8409.57952
50.8000 1 8320.45056
50.9000 1 5148.50816
51.0000 1 0.0
51.1000 1 0.0
51.2000 1 0.0
51.3000 1 8294.23616
51.4000 1 8797.55264
51.5000 1 8745.12384
51.6000 1 8734.63808
51.7000 1 8829.00992
51.8000 1 8849.98144
51.9000 1 8608.80896
52.0000 1 8640.26624
52.1000 1 8383.36512
52.2000 1 3995.07456
52.3000 1 0.0
52.4000 1 0.0
52.5000 1 1363.1488
52.6000 1 8210.35008
52.7000 1 8399.09376
52.8000 1 8273.26464
52.9000 1 8220.83584
53.0000 1 8220.83584
53.1000 1 8105.49248
53.2000 1 8042.57792
53.3000 1 8063.54944
53.4000 1 8173.64992
53.5000 1 6773.80096
53.6000 1 0.0
53.7000 1 0.0
53.8000 1 0.0
53.9000 1 6899.63008
54.0000 1 8703.1808
54.1000 1 8870.95296
54.2000 1 8755.6096
54.3000 1 8692.69504
54.4000 1 8808.0384
54.5000 1 8472.49408
54.6000 1 8682.20928
54.7000 1 8624.5376
54.8000 1 5253.36576
54.9000 1 83.88608
55.0000 1 83.88608
55.1000 1 0.0
55.2000 1 8430.55104
55.3000 1 8420.06528
55.4000 1 8514.43712
55.5000 1 8598.3232
55.6000 1 8503.95136
55.7000 1 2631.92576
55.8000 1 4980.736
55.9000 1 13306.42944
56.0000 1 11654.92224
56.1000 1 6689.91488
56.2000 1 0.0
56.3000 1 0.0
56.4000 1 0.0
56.5000 1 6710.8864
56.6000 1 8220.83584
56.7000 1 8472.49408
56.8000 1 8545.8944
56.9000 1 8482.97984
57.0000 1 8640.26624
57.1000 1 8420.06528
57.2000 1 8273.26464
57.3000 1 8372.87936
57.4000 1 7602.176
57.5000 1 0.0
57.6000 1 83.88608
57.7000 1 73.40032
57.8000 1 6050.28352
57.9000 1 8524.92288
58.0000 1 8745.12384
58.1000 1 8734.63808
58.2000 1 8818.52416
58.3000 1 8902.41024
58.4000 1 8640.26624
58.5000 1 8640.26624
58.6000 1 8655.99488
58.7000 1 5966.39744
58.8000 1 0.0
58.9000 1 0.0
59.0000 1 0.0
59.1000 1 7329.54624
59.2000 1 8482.97984
59.3000 1 8608.80896
59.4000 1 8787.06688
59.5000 1 8587.83744
59.6000 1 8671.72352
59.7000 1 8734.63808
59.8000 1 8503.95136
59.9000 1 8509.19424
60.0000 1 5672.79616
60.1000 1 0.0
60.2000 1 0.0
60.3000 1 2516.5824
60.4000 1 8566.86592
60.5000 1 8692.69504
60.6000 1 8661.23776
60.7000 1 8766.09536
60.8000 1 8724.15232
60.9000 1 8482.97984
61.0000 1 8493.4656
61.1000 1 8556.38016
61.2000 1 8561.62304
61.3000 1 1908.40832
61.4000 1 0.0
61.5000 1 0.0
61.6000 1 3502.24384
61.7000 1 8682.20928
61.8000 1 8745.12384
61.9000 1 8671.72352
62.0000 1 8734.63808
62.1000 1 8881.43872
62.2000 1 8808.0384
62.3000 1 6029.312
62.4000 1 10664.01792
62.5000 1 9022.99648
62.6000 1 0.0
62.7000 1 0.0
62.8000 1 0.0
62.9000 1 6144.65536
63.0000 1 8734.63808
63.1000 1 8839.49568
63.2000 1 8902.41024
63.3000 1 8724.15232
63.4000 1 8724.15232
63.5000 1 8556.38016
63.6000 1 8661.23776
63.7000 1 6066.01216
