0.1000 1 0.0
0.2000 1 94.37184
0.3000 1 7476.34688
0.4000 1 7402.94656
0.5000 1 7455.37536
0.6000 1 7549.7472
0.7000 1 7581.20448
0.8000 1 7591.69024
0.9000 1 7518.28992
1.0000 1 7591.69024
1.1000 1 7507.80416
1.2000 1 7591.69024
1.3000 1 7471.104
1.4000 1 262.144
1.5000 1 0.0
1.6000 1 0.0
1.7000 1 5976.8832
1.8000 1 7507.80416
1.9000 1 7633.63328
2.0000 1 7612.66176
2.1000 1 7612.66176
2.2000 1 7623.14752
2.3000 1 7476.34688
2.4000 1 7570.71872
2.5000 1 7581.20448
2.6000 1 7623.14752
2.7000 1 7596.93312
2.8000 1 0.0
2.9000 1 0.0
3.0000 1 0.0
3.1000 1 5861.53984
3.2000 1 7581.20448
3.3000 1 7560.23296
3.4000 1 7612.66176
3.5000 1 7549.7472
3.6000 1 7591.69024
3.7000 1 7549.7472
3.8000 1 6962.54464
3.9000 1 7235.1744
4.0000 1 8189.37856
4.1000 1 6726.61504
4.2000 1 0.0
4.3000 1 73.40032
4.4000 1 73.40032
4.5000 1 5138.0224
4.6000 1 7853.83424
4.7000 1 7748.97664
4.8000 1 8157.92128
4.9000 1 8252.29312
5.0000 1 7948.20608
5.1000 1 8210.35008
5.2000 1 7728.00512
5.3000 1 7969.1776
5.4000 1 8084.52096
5.5000 1 4524.60544
5.6000 1 62.91456
5.7000 1 73.40032
5.8000 1 2327.83872
5.9000 1 7518.28992
6.0000 1 7780.43392
6.1000 1 8105.49248
6.2000 1 8095.00672
6.3000 1 7958.69184
6.4000 1 7853.83424
6.5000 1 7528.77568
6.6000 1 8189.37856
6.7000 1 7717.51936
6.8000 1 8084.52096
6.9000 1 403.70176
7.0000 1 73.40032
7.1000 1 73.40032
7.2000 1 4991.22176
7.3000 1 7738.49088
7.4000 1 7885.29152
7.5000 1 8189.37856
7.6000 1 7937.72032
7.7000 1 7623.14752
7.8000 1 7235.1744
7.9000 1 6836.71552
8.0000 1 6176.11264
8.1000 1 7067.40224
8.2000 1 7927.23456
8.3000 1 1997.53728
8.4000 1 1226.83392
8.5000 1 7392.4608
8.6000 1 6962.54464
8.7000 1 7843.34848
8.8000 1 7832.86272
8.9000 1 8115.97824
9.0000 1 7958.69184
9.1000 1 7927.23456
9.2000 1 8378.12224
9.3000 1 9290.38336
9.4000 1 8000.63488
9.5000 1 2112.88064
9.6000 1 0.0
9.7000 1 0.0
9.8000 1 3208.64256
9.9000 1 7465.86112
10.0000 1 7570.71872
10.1000 1 7696.54784
10.2000 1 7623.14752
10.3000 1 7633.63328
10.4000 1 7549.7472
10.5000 1 7623.14752
10.6000 1 7528.77568
10.7000 1 7696.54784
10.8000 1 7665.09056
10.9000 1 2490.368
11.0000 1 0.0
11.1000 1 0.0
11.2000 1 3407.872
11.3000 1 7549.7472
11.4000 1 7497.3184
11.5000 1 7361.00352
11.6000 1 7507.80416
11.7000 1 7549.7472
11.8000 1 7602.176
11.9000 1 7528.77568
12.0000 1 7549.7472
12.1000 1 7602.176
12.2000 1 7539.26144
12.3000 1 2941.25568
12.4000 1 62.91456
12.5000 1 0.0
12.6000 1 3198.1568
12.7000 1 7549.7472
12.8000 1 7570.71872
12.9000 1 7623.14752
13.0000 1 7602.176
13.1000 1 7654.6048
13.2000 1 7518.28992
13.3000 1 7539.26144
13.4000 1 7549.7472
13.5000 1 7654.6048
13.6000 1 7623.14752
13.7000 1 2542.7968
13.8000 1 0.0
13.9000 1 0.0
14.0000 1 3502.24384
14.1000 1 7602.176
14.2000 1 7570.71872
14.3000 1 7570.71872
14.4000 1 7444.8896
14.5000 1 7623.14752
14.6000 1 7623.14752
14.7000 1 7633.63328
14.8000 1 7612.66176
14.9000 1 7591.69024
15.0000 1 7591.69024
15.1000 1 2333.0816
15.2000 1 62.91456
15.3000 1 0.0
15.4000 1 3072.32768
15.5000 1 7602.176
15.6000 1 7623.14752
15.7000 1 7665.09056
15.8000 1 7644.11904
15.9000 1 7675.57632
16.0000 1 7612.66176
16.1000 1 7570.71872
16.2000 1 7560.23296
16.3000 1 7665.09056
16.4000 1 7612.66176
16.5000 1 2375.02464
16.6000 1 0.0
16.7000 1 0.0
16.8000 1 3743.41632
16.9000 1 7560.23296
17.0000 1 7549.7472
17.1000 1 7665.09056
17.2000 1 7570.71872
17.3000 1 7602.176
17.4000 1 7570.71872
17.5000 1 7696.54784
17.6000 1 5253.36576
17.7000 1 6018.82624
17.8000 1 8766.09536
17.9000 1 4692.3776
18.0000 1 0.0
18.1000 1 0.0
18.2000 1 1310.72
18.3000 1 7381.97504
18.4000 1 7497.3184
18.5000 1 7549.7472
18.6000 1 7560.23296
18.7000 1 7507.80416
18.8000 1 7560.23296
18.9000 1 7518.28992
19.0000 1 7591.69024
19.1000 1 7329.54624
19.2000 1 7895.77728
19.3000 1 5017.43616
19.4000 1 52.4288
19.5000 1 0.0
19.6000 1 828.37504
19.7000 1 7455.37536
19.8000 1 7455.37536
19.9000 1 7654.6048
20.0000 1 7654.6048
20.1000 1 7654.6048
20.2000 1 7591.69024
20.3000 1 7633.63328
20.4000 1 7507.80416
20.5000 1 7696.54784
20.6000 1 7665.09056
20.7000 1 4828.69248
20.8000 1 73.40032
20.9000 1 0.0
21.0000 1 1793.06496
21.1000 1 7717.51936
21.2000 1 7591.69024
21.3000 1 7644.11904
21.4000 1 6364.85632
21.5000 1 9080.66816
21.6000 1 7675.57632
21.7000 1 7465.86112
21.8000 1 7623.14752
21.9000 1 7633.63328
22.0000 1 3890.21696
22.1000 1 7292.84608
22.2000 1 0.0
22.3000 1 0.0
22.4000 1 2380.26752
22.5000 1 7591.69024
22.6000 1 7665.09056
22.7000 1 7581.20448
22.8000 1 7612.66176
22.9000 1 7591.69024
23.0000 1 7602.176
23.1000 1 7612.66176
23.2000 1 7350.51776
23.3000 1 7633.63328
23.4000 1 7612.66176
23.5000 1 3559.91552
23.6000 1 62.91456
23.7000 1 0.0
23.8000 1 2380.26752
23.9000 1 7476.34688
24.0000 1 7581.20448
24.1000 1 7654.6048
24.2000 1 7056.91648
24.3000 1 4865.39264
24.4000 1 11093.93408
24.5000 1 9667.87072
24.6000 1 8000.63488
24.7000 1 7853.83424
24.8000 1 7953.44896
24.9000 1 7067.40224
25.0000 1 0.0
25.1000 1 73.40032
25.2000 1 73.40032
25.3000 1 7182.7456
25.4000 1 7822.37696
25.5000 1 7738.49088
25.6000 1 7864.32
25.7000 1 7958.69184
25.8000 1 7843.34848
25.9000 1 7780.43392
26.0000 1 7748.97664
26.1000 1 7958.69184
26.2000 1 7701.79072
26.3000 1 3921.67424
26.4000 1 73.40032
26.5000 1 73.40032
26.6000 1 2275.40992
26.7000 1 7549.7472
26.8000 1 7623.14752
26.9000 1 7906.26304
27.0000 1 7906.26304
27.1000 1 7895.77728
27.2000 1 7748.97664
27.3000 1 7843.34848
27.4000 1 7759.4624
27.5000 1 7738.49088
27.6000 1 7974.42048
27.7000 1 1457.52064
27.8000 1 0.0
27.9000 1 0.0
28.0000 1 5358.22336
28.1000 1 7948.20608
28.2000 1 7958.69184
28.3000 1 7906.26304
28.4000 1 7948.20608
28.5000 1 7885.29152
28.6000 1 7937.72032
28.7000 1 7937.72032
28.8000 1 7895.77728
28.9000 1 7880.04864
29.0000 1 5452.5952
29.1000 1 0.0
29.2000 1 0.0
29.3000 1 744.48896
29.4000 1 7402.94656
29.5000 1 7979.66336
29.6000 1 7906.26304
29.7000 1 7895.77728
29.8000 1 7801.40544
29.9000 1 8021.6064
30.0000 1 7916.7488
30.1000 1 7696.54784
30.2000 1 8000.63488
30.3000 1 7827.61984
30.4000 1 2600.46848
30.5000 1 0.0
30.6000 1 0.0
30.7000 1 3743.41632
30.8000 1 7916.7488
30.9000 1 7937.72032
31.0000 1 7728.00512
31.1000 1 7927.23456
31.2000 1 7707.0336
31.3000 1 7937.72032
31.4000 1 7675.57632
31.5000 1 8011.12064
31.6000 1 7691.30496
31.7000 1 7581.20448
31.8000 1 0.0
31.9000 1 0.0
32.0000 1 0.0
32.1000 1 6878.65856
32.2000 1 7402.94656
32.3000 1 7728.00512
32.4000 1 7790.91968
32.5000 1 7832.86272
32.6000 1 7937.72032
32.7000 1 7738.49088
32.8000 1 7748.97664
32.9000 1 7937.72032
33.0000 1 7722.76224
33.1000 1 4928.3072
33.2000 1 0.0
33.3000 1 167.77216
33.4000 1 419.4304
33.5000 1 7486.83264
33.6000 1 7633.63328
33.7000 1 7969.1776
33.8000 1 7895.77728
33.9000 1 7790.91968
34.0000 1 7801.40544
34.1000 1 7728.00512
34.2000 1 7895.77728
34.3000 1 7707.0336
34.4000 1 7754.21952
34.5000 1 3565.1584
34.6000 1 0.0
34.7000 1 0.0
34.8000 1 2264.92416
34.9000 1 7591.69024
35.0000 1 7528.77568
35.1000 1 7549.7472
35.2000 1 7686.06208
35.3000 1 7717.51936
35.4000 1 7486.83264
35.5000 1 7717.51936
35.6000 1 7906.26304
35.7000 1 7686.06208
35.8000 1 7796.16256
35.9000 1 2705.32608
36.0000 1 0.0
36.1000 1 0.0
36.2000 1 0.0
36.3000 1 4634.70592
36.4000 1 7507.80416
36.5000 1 7801.40544
36.6000 1 7748.97664
36.7000 1 7738.49088
36.8000 1 7969.1776
36.9000 1 7686.06208
37.0000 1 7811.8912
37.1000 1 7811.8912
37.2000 1 7701.79072
37.3000 1 7361.00352
37.4000 1 0.0
37.5000 1 0.0
37.6000 1 0.0
37.7000 1 5924.4544
37.8000 1 7822.37696
37.9000 1 7811.8912
38.0000 1 7728.00512
38.1000 1 7811.8912
38.2000 1 7801.40544
38.3000 1 7780.43392
38.4000 1 7916.7488
38.5000 1 7728.00512
38.6000 1 7743.73376
38.7000 1 5735.71072
38.8000 1 0.0
38.9000 1 157.2864
39.0000 1 503.31648
39.1000 1 7518.28992
39.2000 1 7780.43392
39.3000 1 7581.20448
39.4000 1 7979.66336
39.5000 1 7769.94816
39.6000 1 7780.43392
39.7000 1 7686.06208
39.8000 1 7696.54784
39.9000 1 7916.7488
40.0000 1 7659.84768
40.1000 1 3649.04448
40.2000 1 0.0
40.3000 1 0.0
40.4000 1 2684.35456
40.5000 1 7696.54784
40.6000 1 7790.91968
40.7000 1 7633.63328
40.8000 1 7832.86272
40.9000 1 7769.94816
41.0000 1 7843.34848
41.1000 1 7591.69024
41.2000 1 7780.43392
41.3000 1 7728.00512
41.4000 1 7942.9632
41.5000 1 1457.52064
41.6000 1 167.77216
41.7000 1 0.0
41.8000 1 4750.04928
41.9000 1 7707.0336
42.0000 1 7665.09056
42.1000 1 7633.63328
42.2000 1 7853.83424
42.3000 1 7707.0336
42.4000 1 7675.57632
42.5000 1 7675.57632
42.6000 1 7874.80576
42.7000 1 7859.07712
42.8000 1 7319.06048
42.9000 1 0.0
43.0000 1 0.0
43.1000 1 0.0
43.2000 1 6364.85632
43.3000 1 7444.8896
43.4000 1 7686.06208
43.5000 1 7832.86272
43.6000 1 7780.43392
43.7000 1 7623.14752
43.8000 1 7675.57632
43.9000 1 7748.97664
44.0000 1 7738.49088
44.1000 1 7712.27648
44.2000 1 6385.82784
44.3000 1 0.0
44.4000 1 0.0
44.5000 1 335.54432
44.6000 1 7581.20448
44.7000 1 7665.09056
44.8000 1 7906.26304
44.9000 1 7759.4624
45.0000 1 7748.97664
45.1000 1 7843.34848
45.2000 1 7811.8912
45.3000 1 7633.63328
45.4000 1 7906.26304
45.5000 1 7880.04864
45.6000 1 3617.5872
45.7000 1 0.0
45.8000 1 0.0
45.9000 1 2527.06816
46.0000 1 7539.26144
46.1000 1 7528.77568
46.2000 1 7717.51936
46.3000 1 7843.34848
46.4000 1 7874.80576
46.5000 1 7633.63328
46.6000 1 7717.51936
46.7000 1 7916.7488
46.8000 1 7822.37696
46.9000 1 7859.07712
47.0000 1 1824.52224
47.1000 1 0.0
47.2000 1 0.0
47.3000 1 4508.8768
47.4000 1 7623.14752
47.5000 1 7864.32
47.6000 1 7801.40544
47.7000 1 7728.00512
47.8000 1 7822.37696
47.9000 1 7780.43392
48.0000 1 7686.06208
48.1000 1 7811.8912
48.2000 1 7775.19104
48.3000 1 7361.00352
48.4000 1 0.0
48.5000 1 157.2864
48.6000 1 0.0
48.7000 1 6857.68704
48.8000 1 7665.09056
48.9000 1 7738.49088
49.0000 1 7717.51936
49.1000 1 7665.09056
49.2000 1 7665.09056
49.3000 1 7748.97664
49.4000 1 7790.91968
49.5000 1 7801.40544
49.6000 1 7701.79072
49.7000 1 5494.53824
49.8000 1 0.0
49.9000 1 0.0
50.0000 1 1436.54912
50.1000 1 7623.14752
50.2000 1 7665.09056
50.3000 1 7843.34848
50.4000 1 7570.71872
50.5000 1 7843.34848
50.6000 1 7969.1776
50.7000 1 7728.00512
50.8000 1 7790.91968
50.9000 1 7769.94816
51.0000 1 7806.64832
51.1000 1 2527.06816
51.2000 1 0.0
51.3000 1 157.2864
51.4000 1 3093.2992
51.5000 1 7570.71872
51.6000 1 7717.51936
51.7000 1 7885.29152
51.8000 1 7665.09056
51.9000 1 7759.4624
52.0000 1 7790.91968
52.1000 1 7560.23296
52.2000 1 7979.66336
52.3000 1 7707.0336
52.4000 1 7617.90464
52.5000 1 1488.97792
52.6000 1 0.0
52.7000 1 0.0
52.8000 1 4424.99072
52.9000 1 7444.8896
53.0000 1 7644.11904
53.1000 1 7843.34848
53.2000 1 7769.94816
53.3000 1 7633.63328
53.4000 1 7644.11904
53.5000 1 7790.91968
53.6000 1 7769.94816
53.7000 1 7848.59136
53.8000 1 7864.32
53.9000 1 178.25792
54.0000 1 0.0
54.1000 1 0.0
54.2000 1 5588.91008
54.3000 1 7602.176
54.4000 1 7717.51936
54.5000 1 7696.54784
54.6000 1 7748.97664
54.7000 1 7780.43392
54.8000 1 7790.91968
54.9000 1 7612.66176
55.0000 1 7885.29152
55.1000 1 7544.50432
55.2000 1 6763.3152
55.3000 1 0.0
55.4000 1 0.0
55.5000 1 0.0
55.6000 1 7235.1744
55.7000 1 7728.00512
55.8000 1 7717.51936
55.9000 1 7707.0336
56.0000 1 7633.63328
56.1000 1 7759.4624
56.2000 1 7748.97664
56.3000 1 7759.4624
56.4000 1 7612.66176
56.5000 1 7722.76224
56.6000 1 5211.42272
56.7000 1 0.0
56.8000 1 157.2864
56.9000 1 157.2864
57.0000 1 7277.11744
57.1000 1 7665.09056
57.2000 1 7560.23296
57.3000 1 7476.34688
57.4000 1 7497.3184
57.5000 1 7707.0336
57.6000 1 7707.0336
57.7000 1 7612.66176
57.8000 1 7717.51936
57.9000 1 7743.73376
58.0000 1 5630.85312
58.1000 1 0.0
58.2000 1 0.0
58.3000 1 681.5744
58.4000 1 7476.34688
58.5000 1 7906.26304
58.6000 1 7581.20448
58.7000 1 4204.78976
58.8000 1 3093.2992
58.9000 1 9856.6144
59.0000 1 12373.1968
59.1000 1 10328.4736
59.2000 1 8692.69504
59.3000 1 8205.1072
59.4000 1 1342.17728
59.5000 1 41.94304
59.6000 1 0.0
59.7000 1 5347.7376
59.8000 1 7717.51936
59.9000 1 7958.69184
60.0000 1 7864.32
60.1000 1 7769.94816
60.2000 1 7728.00512
60.3000 1 7885.29152
60.4000 1 7822.37696
60.5000 1 7769.94816
60.6000 1 7932.47744
60.7000 1 6081.7408
60.8000 1 0.0
60.9000 1 0.0
61.0000 1 0.0
61.1000 1 7193.23136
61.2000 1 7738.49088
61.3000 1 7633.63328
61.4000 1 7717.51936
61.5000 1 7748.97664
61.6000 1 7853.83424
61.7000 1 7822.37696
61.8000 1 7811.8912
61.9000 1 7864.32
62.0000 1 7796.16256
62.1000 1 4487.90528
62.2000 1 0.0
62.3000 1 0.0
62.4000 1 2034.23744
62.5000 1 7790.91968
62.6000 1 7895.77728
62.7000 1 7927.23456
62.8000 1 7885.29152
62.9000 1 7780.43392
63.0000 1 7832.86272
63.1000 1 7612.66176
63.2000 1 7990.14912
63.3000 1 7623.14752
63.4000 1 7838.1056
63.5000 1 1814.03648
63.6000 1 0.0
63.7000 1 167.77216
63.8000 1 4152.36096
63.9000 1 7853.83424
64.0000 1 7759.4624
64.1000 1 7853.83424
64.2000 1 7707.0336
64.3000 1 7686.06208
64.4000 1 7748.97664
64.5000 1 7937.72032
64.6000 1 7675.57632
64.7000 1 6611.27168
