0.1000 1 0.0
0.2000 1 188.74368
0.3000 1 6679.42912
0.4000 1 7581.20448
0.5000 1 7570.71872
0.6000 1 7675.57632
0.7000 1 7675.57632
0.8000 1 7623.14752
0.9000 1 7707.0336
1.0000 1 7644.11904
1.1000 1 7728.00512
1.2000 1 7623.14752
1.3000 1 6569.32864
1.4000 1 0.0
1.5000 1 0.0
1.6000 1 0.0
1.7000 1 6102.71232
1.8000 1 7287.6032
1.9000 1 7308.57472
2.0000 1 7392.4608
2.1000 1 7497.3184
2.2000 1 7340.032
2.3000 1 7381.97504
2.4000 1 7350.51776
2.5000 1 7486.83264
2.6000 1 7486.83264
2.7000 1 4592.76288
2.8000 1 0.0
2.9000 1 73.40032
3.0000 1 5321.5232
3.1000 1 2055.20896
3.2000 1 62.91456
3.3000 1 0.0
3.4000 1 83.88608
3.5000 1 4424.99072
3.6000 1 10632.56064
3.7000 1 6700.40064
3.8000 1 7675.57632
3.9000 1 11083.44832
4.0000 1 9196.01152
4.1000 1 7958.69184
4.2000 1 7937.72032
4.3000 1 7874.80576
4.4000 1 7995.392
4.5000 1 5033.1648
4.6000 1 83.88608
4.7000 1 73.40032
4.8000 1 157.2864
4.9000 1 8252.29312
5.0000 1 7937.72032
5.1000 1 8042.57792
5.2000 1 7885.29152
5.3000 1 8115.97824
5.4000 1 7990.14912
5.5000 1 8000.63488
5.6000 1 8063.54944
5.7000 1 8095.00672
5.8000 1 7995.392
5.9000 1 1017.11872
6.0000 1 83.88608
6.1000 1 73.40032
6.2000 1 4424.99072
6.3000 1 7686.06208
6.4000 1 7801.40544
6.5000 1 8053.06368
6.6000 1 7948.20608
6.7000 1 7969.1776
6.8000 1 7916.7488
6.9000 1 12478.0544
7.0000 1 8074.0352
7.1000 1 7901.02016
7.2000 1 1562.37824
7.3000 1 73.40032
7.4000 1 0.0
7.5000 1 5525.99552
7.6000 1 7843.34848
7.7000 1 7916.7488
7.8000 1 7832.86272
7.9000 1 7895.77728
8.0000 1 7948.20608
8.1000 1 7832.86272
8.2000 1 8063.54944
8.3000 1 7969.1776
8.4000 1 8016.36352
8.5000 1 4781.50656
8.6000 1 73.40032
8.7000 1 83.88608
8.8000 1 597.68832
8.9000 1 7602.176
9.0000 1 7486.83264
9.1000 1 7591.69024
9.2000 1 7633.63328
9.3000 1 7350.51776
9.4000 1 7602.176
9.5000 1 7444.8896
9.6000 1 7633.63328
9.7000 1 7486.83264
9.8000 1 7680.8192
9.9000 1 5431.62368
10.0000 1 73.40032
10.1000 1 73.40032
10.2000 1 146.80064
10.3000 1 7612.66176
10.4000 1 7958.69184
10.5000 1 8042.57792
10.6000 1 7927.23456
10.7000 1 7958.69184
10.8000 1 7916.7488
10.9000 1 8074.0352
11.0000 1 8000.63488
11.1000 1 7990.14912
11.2000 1 7984.90624
11.3000 1 2023.75168
11.4000 1 83.88608
11.5000 1 62.91456
11.6000 1 3250.5856
11.7000 1 7874.80576
11.8000 1 7780.43392
11.9000 1 7979.66336
12.0000 1 7906.26304
12.1000 1 7759.4624
12.2000 1 7916.7488
12.3000 1 7874.80576
12.4000 1 7969.1776
12.5000 1 7911.50592
12.6000 1 7423.91808
12.7000 1 0.0
12.8000 1 0.0
12.9000 1 0.0
13.0000 1 2149.5808
13.1000 1 4068.47488
13.2000 1 10768.87552
13.3000 1 10968.10496
13.4000 1 9573.49888
13.5000 1 7864.32
13.6000 1 8136.94976
13.7000 1 7937.72032
13.8000 1 8084.52096
13.9000 1 7984.90624
14.0000 1 4414.50496
14.1000 1 73.40032
14.2000 1 73.40032
14.3000 1 1551.89248
14.4000 1 7780.43392
14.5000 1 8021.6064
14.6000 1 8084.52096
14.7000 1 7958.69184
14.8000 1 8053.06368
14.9000 1 8000.63488
15.0000 1 7937.72032
15.1000 1 8042.57792
15.2000 1 8047.8208
15.3000 1 8032.09216
15.4000 1 230.68672
15.5000 1 62.91456
15.6000 1 73.40032
15.7000 1 3649.04448
15.8000 1 5788.13952
15.9000 1 5777.65376
16.0000 1 5903.48288
16.1000 1 6469.71392
16.2000 1 7927.23456
16.3000 1 7822.37696
16.4000 1 7885.29152
16.5000 1 7885.29152
16.6000 1 8000.63488
16.7000 1 7953.44896
16.8000 1 6658.4576
16.9000 1 0.0
17.0000 1 0.0
17.1000 1 0.0
17.2000 1 7119.83104
17.3000 1 8011.12064
17.4000 1 7937.72032
17.5000 1 8000.63488
17.6000 1 7927.23456
17.7000 1 8084.52096
17.8000 1 8074.0352
17.9000 1 7885.29152
18.0000 1 8105.49248
18.1000 1 7880.04864
18.2000 1 2705.32608
18.3000 1 73.40032
18.4000 1 73.40032
18.5000 1 3019.89888
18.6000 1 7654.6048
18.7000 1 7728.00512
18.8000 1 7916.7488
18.9000 1 7832.86272
19.0000 1 7864.32
19.1000 1 7916.7488
19.2000 1 8084.52096
19.3000 1 8000.63488
19.4000 1 7953.44896
19.5000 1 7654.6048
19.6000 1 0.0
19.7000 1 73.40032
19.8000 1 73.40032
19.9000 1 5567.93856
20.0000 1 8000.63488
20.1000 1 7822.37696
20.2000 1 7937.72032
20.3000 1 7990.14912
20.4000 1 7927.23456
20.5000 1 7937.72032
20.6000 1 8021.6064
20.7000 1 8032.09216
20.8000 1 7942.9632
20.9000 1 4519.36256
21.0000 1 73.40032
21.1000 1 0.0
21.2000 1 1195.37664
21.3000 1 7644.11904
21.4000 1 7717.51936
21.5000 1 7728.00512
21.6000 1 7728.00512
21.7000 1 7927.23456
21.8000 1 8053.06368
21.9000 1 8032.09216
22.0000 1 8053.06368
22.1000 1 7874.80576
22.2000 1 7984.90624
22.3000 1 1740.63616
22.4000 1 73.40032
22.5000 1 73.40032
22.6000 1 2170.55232
22.7000 1 7539.26144
22.8000 1 7570.71872
22.9000 1 7591.69024
23.0000 1 7686.06208
23.1000 1 7319.06048
23.2000 1 2443.18208
23.3000 1 4362.07616
23.4000 1 10223.616
23.5000 1 10265.55904
23.6000 1 9840.88576
23.7000 1 4718.592
23.8000 1 83.88608
23.9000 1 0.0
24.0000 1 796.91776
24.1000 1 7707.0336
24.2000 1 7644.11904
24.3000 1 7728.00512
24.4000 1 7895.77728
24.5000 1 7780.43392
24.6000 1 7927.23456
24.7000 1 8042.57792
24.8000 1 8074.0352
24.9000 1 8053.06368
25.0000 1 8016.36352
25.1000 1 2181.03808
25.2000 1 0.0
25.3000 1 0.0
25.4000 1 3974.10304
25.5000 1 8042.57792
25.6000 1 7948.20608
25.7000 1 8000.63488
25.8000 1 8021.6064
25.9000 1 7895.77728
26.0000 1 7979.66336
26.1000 1 7979.66336
26.2000 1 8000.63488
26.3000 1 8005.87776
26.4000 1 5903.48288
26.5000 1 73.40032
26.6000 1 0.0
26.7000 1 387.97312
26.8000 1 5851.05408
26.9000 1 5997.85472
27.0000 1 5882.51136
27.1000 1 5882.51136
27.2000 1 5966.39744
27.3000 1 5788.13952
27.4000 1 5830.08256
27.5000 1 5976.8832
27.6000 1 5830.08256
27.7000 1 5976.8832
27.8000 1 5945.42592
27.9000 1 5651.82464
28.0000 1 5394.92352
28.1000 1 5326.76608
28.2000 1 975.17568
28.3000 1 7340.032
28.4000 1 7434.40384
28.5000 1 7549.7472
28.6000 1 7465.86112
28.7000 1 7507.80416
28.8000 1 7371.48928
28.9000 1 7340.032
29.0000 1 7539.26144
29.1000 1 7497.3184
29.2000 1 7471.104
29.3000 1 6333.39904
29.4000 1 73.40032
29.5000 1 73.40032
29.6000 1 73.40032
29.7000 1 272.62976
29.8000 1 0.0
29.9000 1 7381.97504
30.0000 1 10391.38816
30.1000 1 10695.4752
30.2000 1 7979.66336
30.3000 1 7696.54784
30.4000 1 7937.72032
30.5000 1 7832.86272
30.6000 1 7864.32
30.7000 1 7817.13408
30.8000 1 5693.76768
30.9000 1 73.40032
31.0000 1 0.0
31.1000 1 73.40032
31.2000 1 146.80064
31.3000 1 7560.23296
31.4000 1 9489.6128
31.5000 1 10443.81696
31.6000 1 8870.95296
31.7000 1 8283.7504
31.8000 1 7843.34848
31.9000 1 8042.57792
32.0000 1 8210.35008
32.1000 1 7607.41888
32.2000 1 5242.88
32.3000 1 0.0
32.4000 1 0.0
32.5000 1 1163.91936
32.6000 1 7969.1776
32.7000 1 8042.57792
32.8000 1 8063.54944
32.9000 1 7937.72032
33.0000 1 7843.34848
33.1000 1 8021.6064
33.2000 1 7958.69184
33.3000 1 6448.7424
33.4000 1 2673.8688
33.5000 1 7492.07552
33.6000 1 1604.32128
33.7000 1 73.40032
33.8000 1 0.0
33.9000 1 0.0
34.0000 1 83.88608
34.1000 1 734.0032
34.2000 1 5714.7392
34.3000 1 534.77376
34.4000 1 7402.94656
34.5000 1 9919.52896
34.6000 1 9940.50048
34.7000 1 8000.63488
34.8000 1 7486.83264
34.9000 1 7476.34688
35.0000 1 7350.51776
35.1000 1 7444.8896
35.2000 1 7497.3184
35.3000 1 7544.50432
35.4000 1 1132.46208
35.5000 1 73.40032
35.6000 1 62.91456
35.7000 1 4141.8752
35.8000 1 7455.37536
35.9000 1 7413.43232
36.0000 1 7340.032
36.1000 1 7476.34688
36.2000 1 7392.4608
36.3000 1 7413.43232
36.4000 1 7549.7472
36.5000 1 7507.80416
36.6000 1 7602.176
36.7000 1 7513.04704
36.8000 1 2894.06976
36.9000 1 73.40032
37.0000 1 73.40032
37.1000 1 2359.296
37.2000 1 7224.68864
37.3000 1 7402.94656
37.4000 1 7518.28992
37.5000 1 7507.80416
37.6000 1 7340.032
37.7000 1 7528.77568
37.8000 1 7371.48928
37.9000 1 7581.20448
38.0000 1 7497.3184
38.1000 1 7460.61824
38.2000 1 4991.22176
38.3000 1 73.40032
38.4000 1 0.0
38.5000 1 618.65984
38.6000 1 5892.99712
38.7000 1 5955.91168
38.8000 1 5966.39744
38.9000 1 6406.79936
39.0000 1 7748.97664
39.1000 1 8053.06368
39.2000 1 7906.26304
39.3000 1 8021.6064
39.4000 1 7969.1776
39.5000 1 7906.26304
39.6000 1 7942.9632
39.7000 1 1352.66304
39.8000 1 73.40032
39.9000 1 83.88608
40.0000 1 4016.04608
40.1000 1 7895.77728
40.2000 1 7906.26304
40.3000 1 7969.1776
40.4000 1 8063.54944
40.5000 1 7885.29152
40.6000 1 8115.97824
40.7000 1 7937.72032
40.8000 1 7906.26304
40.9000 1 8068.79232
41.0000 1 6008.34048
41.1000 1 0.0
41.2000 1 0.0
41.3000 1 62.91456
41.4000 1 7906.26304
41.5000 1 7895.77728
41.6000 1 7979.66336
41.7000 1 8063.54944
41.8000 1 8000.63488
41.9000 1 7927.23456
42.0000 1 7843.34848
42.1000 1 8011.12064
42.2000 1 7927.23456
42.3000 1 7901.02016
42.4000 1 2327.83872
42.5000 1 0.0
42.6000 1 0.0
42.7000 1 3124.75648
42.8000 1 7790.91968
42.9000 1 7927.23456
43.0000 1 7937.72032
43.1000 1 8000.63488
43.2000 1 7853.83424
43.3000 1 7885.29152
43.4000 1 7979.66336
43.5000 1 4676.64896
43.6000 1 2820.66944
43.7000 1 8540.65152
43.8000 1 1195.37664
43.9000 1 73.40032
44.0000 1 73.40032
44.1000 1 6396.3136
44.2000 1 9510.58432
44.3000 1 9583.98464
44.4000 1 7707.0336
44.5000 1 7675.57632
44.6000 1 7748.97664
44.7000 1 7769.94816
44.8000 1 7707.0336
44.9000 1 7769.94816
45.0000 1 7775.19104
45.1000 1 7759.4624
45.2000 1 251.65824
45.3000 1 94.37184
45.4000 1 73.40032
45.5000 1 3460.3008
45.6000 1 5788.13952
45.7000 1 5767.168
45.8000 1 5934.94016
45.9000 1 5882.51136
46.0000 1 5861.53984
46.1000 1 5955.91168
46.2000 1 5892.99712
46.3000 1 5788.13952
46.4000 1 7381.97504
46.5000 1 7937.72032
46.6000 1 7974.42048
46.7000 1 7895.77728
46.8000 1 220.20096
46.9000 1 0.0
47.0000 1 0.0
47.1000 1 4854.90688
47.2000 1 7381.97504
47.3000 1 7497.3184
47.4000 1 7528.77568
47.5000 1 7633.63328
47.6000 1 7350.51776
47.7000 1 7675.57632
47.8000 1 7560.23296
47.9000 1 7686.06208
48.0000 1 7602.176
48.1000 1 7596.93312
48.2000 1 1426.06336
48.3000 1 0.0
48.4000 1 0.0
48.5000 1 3208.64256
48.6000 1 7864.32
48.7000 1 8042.57792
48.8000 1 7969.1776
48.9000 1 7979.66336
49.0000 1 8021.6064
49.1000 1 7895.77728
49.2000 1 8000.63488
49.3000 1 7906.26304
49.4000 1 8131.70688
49.5000 1 6784.28672
49.6000 1 0.0
49.7000 1 0.0
49.8000 1 0.0
49.9000 1 5379.19488
50.0000 1 5735.71072
50.1000 1 7277.11744
50.2000 1 7885.29152
50.3000 1 7811.8912
50.4000 1 7958.69184
50.5000 1 8157.92128
50.6000 1 7948.20608
50.7000 1 8063.54944
50.8000 1 7869.56288
50.9000 1 7728.00512
51.0000 1 0.0
51.1000 1 94.37184
51.2000 1 73.40032
51.3000 1 5809.11104
51.4000 1 7748.97664
51.5000 1 7717.51936
51.6000 1 7717.51936
51.7000 1 7633.63328
51.8000 1 7738.49088
51.9000 1 7623.14752
52.0000 1 7623.14752
52.1000 1 7811.8912
52.2000 1 7649.36192
52.3000 1 6616.51456
52.4000 1 0.0
52.5000 1 0.0
52.6000 1 0.0
52.7000 1 6836.71552
52.8000 1 7549.7472
52.9000 1 7696.54784
53.0000 1 7581.20448
53.1000 1 7728.00512
53.2000 1 7591.69024
53.3000 1 7811.8912
53.4000 1 7717.51936
53.5000 1 7738.49088
53.6000 1 7712.27648
53.7000 1 3061.84192
53.8000 1 73.40032
53.9000 1 0.0
54.0000 1 73.40032
54.1000 1 9688.84224
54.2000 1 7497.3184
54.3000 1 7413.43232
54.4000 1 7560.23296
54.5000 1 7748.97664
54.6000 1 7780.43392
54.7000 1 7728.00512
54.8000 1 7769.94816
54.9000 1 7686.06208
55.0000 1 7691.30496
55.1000 1 5987.36896
55.2000 1 0.0
55.3000 1 73.40032
55.4000 1 73.40032
55.5000 1 6973.0304
55.6000 1 7560.23296
55.7000 1 7654.6048
55.8000 1 7665.09056
55.9000 1 7570.71872
56.0000 1 7675.57632
56.1000 1 7602.176
56.2000 1 7686.06208
56.3000 1 7654.6048
56.4000 1 7670.33344
56.5000 1 5924.4544
56.6000 1 0.0
56.7000 1 73.40032
56.8000 1 73.40032
56.9000 1 2820.66944
57.0000 1 10684.98944
57.1000 1 7874.80576
57.2000 1 7644.11904
57.3000 1 7528.77568
57.4000 1 7581.20448
57.5000 1 7602.176
57.6000 1 7560.23296
57.7000 1 7549.7472
57.8000 1 7502.56128
57.9000 1 7371.48928
58.0000 1 0.0
58.1000 1 0.0
58.2000 1 52.4288
58.3000 1 7937.72032
58.4000 1 7990.14912
58.5000 1 1457.52064
58.6000 1 0.0
58.7000 1 3753.90208
58.8000 1 7748.97664
58.9000 1 8074.0352
59.0000 1 6459.22816
59.1000 1 5861.53984
59.2000 1 5976.8832
59.3000 1 6501.1712
59.4000 1 7990.14912
59.5000 1 10197.4016
59.6000 1 1918.89408
59.7000 1 0.0
59.8000 1 0.0
59.9000 1 3040.8704
60.0000 1 7769.94816
60.1000 1 7811.8912
60.2000 1 7916.7488
60.3000 1 7937.72032
60.4000 1 5075.10784
60.5000 1 6941.57312
60.6000 1 11240.73472
60.7000 1 8514.43712
60.8000 1 7984.90624
60.9000 1 6522.14272
61.0000 1 0.0
61.1000 1 94.37184
61.2000 1 2726.2976
61.3000 1 8965.3248
61.4000 1 8105.49248
61.5000 1 8011.12064
61.6000 1 8032.09216
61.7000 1 8000.63488
61.8000 1 7906.26304
61.9000 1 8000.63488
62.0000 1 8032.09216
62.1000 1 7963.93472
62.2000 1 7109.34528
62.3000 1 0.0
62.4000 1 73.40032
62.5000 1 73.40032
62.6000 1 6511.65696
62.7000 1 7969.1776
62.8000 1 7948.20608
62.9000 1 7864.32
63.0000 1 7822.37696
63.1000 1 8000.63488
63.2000 1 8063.54944
63.3000 1 7916.7488
63.4000 1 8136.94976
63.5000 1 7974.42048
63.6000 1 3491.75808
63.7000 1 62.91456
63.8000 1 0.0
63.9000 1 2044.7232
64.0000 1 7843.34848
64.1000 1 7906.26304
64.2000 1 8032.09216
64.3000 1 7979.66336
64.4000 1 7874.80576
64.5000 1 7874.80576
64.6000 1 8074.0352
64.7000 1 8105.49248
64.8000 1 7859.07712
64.9000 1 7979.66336
65.0000 1 356.51584
65.1000 1 0.0
65.2000 1 0.0
65.3000 1 5536.48128
65.4000 1 7916.7488
65.5000 1 7874.80576
65.6000 1 8000.63488
65.7000 1 7979.66336
65.8000 1 7885.29152
65.9000 1 7958.69184
66.0000 1 7906.26304
66.1000 1 8063.54944
66.2000 1 4178.57536
