0.1000 1 0.0
0.2000 1 83.88608
0.3000 1 8157.92128
0.4000 1 7329.54624
0.5000 1 7381.97504
0.6000 1 7738.49088
0.7000 1 7560.23296
0.8000 1 4215.27552
0.9000 1 9667.87072
1.0000 1 8210.35008
1.1000 1 8084.52096
1.2000 1 7633.63328
1.3000 1 5117.05088
1.4000 1 3213.88544
1.5000 1 83.88608
1.6000 1 83.88608
1.7000 1 83.88608
1.8000 1 4183.81824
1.9000 1 7937.72032
2.0000 1 7256.14592
2.1000 1 7182.7456
2.2000 1 7308.57472
2.3000 1 7340.032
2.4000 1 7298.08896
2.5000 1 7277.11744
2.6000 1 7308.57472
2.7000 1 6962.54464
2.8000 1 0.0
2.9000 1 7528.77568
3.0000 1 5583.6672
3.1000 1 83.88608
3.2000 1 73.40032
3.3000 1 73.40032
3.4000 1 4383.04768
3.5000 1 8891.92448
3.6000 1 7707.0336
3.7000 1 7927.23456
3.8000 1 7832.86272
3.9000 1 7728.00512
4.0000 1 7686.06208
4.1000 1 7570.71872
4.2000 1 7801.40544
4.3000 1 7895.77728
4.4000 1 7733.248
4.5000 1 0.0
4.6000 1 0.0
4.7000 1 0.0
4.8000 1 0.0
4.9000 1 6207.56992
5.0000 1 7759.4624
5.1000 1 7623.14752
5.2000 1 7790.91968
5.3000 1 7738.49088
5.4000 1 7780.43392
5.5000 1 7696.54784
5.6000 1 7633.63328
5.7000 1 7728.00512
5.8000 1 7790.91968
5.9000 1 5950.6688
6.0000 1 41.94304
6.1000 1 10.48576
6.2000 1 83.88608
6.3000 1 1069.54752
6.4000 1 7675.57632
6.5000 1 7790.91968
6.6000 1 7769.94816
6.7000 1 7549.7472
6.8000 1 7864.32
6.9000 1 7686.06208
7.0000 1 7707.0336
7.1000 1 7696.54784
7.2000 1 7780.43392
7.3000 1 7890.5344
7.4000 1 3072.32768
7.5000 1 0.0
7.6000 1 0.0
7.7000 1 0.0
7.8000 1 3575.64416
7.9000 1 7193.23136
8.0000 1 7361.00352
8.1000 1 7172.25984
8.2000 1 7329.54624
8.3000 1 7329.54624
8.4000 1 7319.06048
8.5000 1 7340.032
8.6000 1 7203.71712
8.7000 1 7329.54624
8.8000 1 6176.11264
8.9000 1 4367.31904
9.0000 1 62.91456
9.1000 1 0.0
9.2000 1 83.88608
9.3000 1 408.94464
9.4000 1 5872.0256
9.5000 1 6343.8848
9.6000 1 7895.77728
9.7000 1 7853.83424
9.8000 1 8021.6064
9.9000 1 7707.0336
10.0000 1 8053.06368
10.1000 1 5452.5952
10.2000 1 2558.52544
10.3000 1 4582.27712
10.4000 1 7602.176
10.5000 1 5751.43936
10.6000 1 62.91456
10.7000 1 0.0
10.8000 1 73.40032
10.9000 1 335.54432
11.0000 1 6836.71552
11.1000 1 8095.00672
11.2000 1 8304.72192
11.3000 1 8053.06368
11.4000 1 7361.00352
11.5000 1 7969.1776
11.6000 1 8000.63488
11.7000 1 8126.464
11.8000 1 8042.57792
11.9000 1 8178.8928
12.0000 1 2312.11008
12.1000 1 73.40032
12.2000 1 73.40032
12.3000 1 62.91456
12.4000 1 2747.26912
12.5000 1 8388.608
12.6000 1 7937.72032
12.7000 1 8336.1792
12.8000 1 7780.43392
12.9000 1 8157.92128
13.0000 1 8503.95136
13.1000 1 8199.86432
13.2000 1 8032.09216
13.3000 1 8199.86432
13.4000 1 5248.12288
13.5000 1 73.40032
13.6000 1 73.40032
13.7000 1 73.40032
13.8000 1 1625.2928
13.9000 1 6952.05888
14.0000 1 7811.8912
14.1000 1 8157.92128
14.2000 1 8136.94976
14.3000 1 7990.14912
14.4000 1 8147.43552
14.5000 1 8042.57792
14.6000 1 7832.86272
14.7000 1 8095.00672
14.8000 1 8095.00672
14.9000 1 707.7888
15.0000 1 62.91456
15.1000 1 73.40032
15.2000 1 73.40032
15.3000 1 5200.93696
15.4000 1 10297.01632
15.5000 1 10003.41504
15.6000 1 7728.00512
15.7000 1 7455.37536
15.8000 1 7570.71872
15.9000 1 7455.37536
16.0000 1 7539.26144
16.1000 1 7413.43232
16.2000 1 7633.63328
16.3000 1 7575.9616
16.4000 1 1310.72
16.5000 1 94.37184
16.6000 1 0.0
16.7000 1 0.0
16.8000 1 4771.0208
16.9000 1 7665.09056
17.0000 1 7748.97664
17.1000 1 7780.43392
17.2000 1 7717.51936
17.3000 1 7874.80576
17.4000 1 7686.06208
17.5000 1 7832.86272
17.6000 1 7790.91968
17.7000 1 7811.8912
17.8000 1 7062.15936
17.9000 1 0.0
18.0000 1 0.0
18.1000 1 0.0
18.2000 1 31.45728
18.3000 1 7119.83104
18.4000 1 7109.34528
18.5000 1 7140.80256
18.6000 1 7203.71712
18.7000 1 7119.83104
18.8000 1 7266.63168
18.9000 1 7350.51776
19.0000 1 7266.63168
19.1000 1 7277.11744
19.2000 1 7486.83264
19.3000 1 7345.27488
19.4000 1 2002.78016
19.5000 1 0.0
19.6000 1 0.0
19.7000 1 0.0
19.8000 1 4278.19008
19.9000 1 7140.80256
20.0000 1 7371.48928
20.1000 1 8399.09376
20.2000 1 8441.0368
20.3000 1 8126.464
20.4000 1 7612.66176
20.5000 1 7790.91968
20.6000 1 7686.06208
20.7000 1 7853.83424
20.8000 1 6946.816
20.9000 1 0.0
21.0000 1 0.0
21.1000 1 0.0
21.2000 1 0.0
21.3000 1 7193.23136
21.4000 1 7602.176
21.5000 1 7497.3184
21.6000 1 7581.20448
21.7000 1 7612.66176
21.8000 1 7528.77568
21.9000 1 7507.80416
22.0000 1 7654.6048
22.1000 1 7455.37536
22.2000 1 7591.69024
22.3000 1 6474.9568
22.4000 1 0.0
22.5000 1 83.88608
22.6000 1 0.0
22.7000 1 817.88928
22.8000 1 7612.66176
22.9000 1 7644.11904
23.0000 1 7707.0336
23.1000 1 7675.57632
23.2000 1 7832.86272
23.3000 1 7686.06208
23.4000 1 7717.51936
23.5000 1 7728.00512
23.6000 1 7843.34848
23.7000 1 7806.64832
23.8000 1 3617.5872
23.9000 1 0.0
24.0000 1 0.0
24.1000 1 0.0
24.2000 1 3030.38464
24.3000 1 7665.09056
24.4000 1 7644.11904
24.5000 1 7801.40544
24.6000 1 7832.86272
24.7000 1 7759.4624
24.8000 1 4561.3056
24.9000 1 3806.33088
25.0000 1 8745.12384
25.1000 1 11209.27744
25.2000 1 7995.392
25.3000 1 3565.1584
25.4000 1 0.0
25.5000 1 0.0
25.6000 1 0.0
25.7000 1 2967.47008
25.8000 1 7413.43232
25.9000 1 7570.71872
26.0000 1 7738.49088
26.1000 1 7696.54784
26.2000 1 7927.23456
26.3000 1 7843.34848
26.4000 1 7780.43392
26.5000 1 7801.40544
26.6000 1 7843.34848
26.7000 1 7775.19104
26.8000 1 1499.46368
26.9000 1 0.0
27.0000 1 0.0
27.1000 1 0.0
27.2000 1 5609.8816
27.3000 1 7811.8912
27.4000 1 7780.43392
27.5000 1 7811.8912
27.6000 1 7822.37696
27.7000 1 10192.15872
27.8000 1 7665.09056
27.9000 1 7906.26304
28.0000 1 7665.09056
28.1000 1 7901.02016
28.2000 1 3628.07296
28.3000 1 0.0
28.4000 1 0.0
28.5000 1 0.0
28.6000 1 0.0
28.7000 1 8378.12224
28.8000 1 10192.15872
28.9000 1 2810.18368
29.0000 1 9594.4704
29.1000 1 304.08704
29.2000 1 566.23104
29.3000 1 10150.21568
29.4000 1 9856.6144
29.5000 1 7937.72032
29.6000 1 7748.97664
29.7000 1 7906.26304
29.8000 1 6433.01376
29.9000 1 0.0
30.0000 1 0.0
30.1000 1 0.0
30.2000 1 3407.872
30.3000 1 7728.00512
30.4000 1 7916.7488
30.5000 1 7906.26304
30.6000 1 7738.49088
30.7000 1 7832.86272
30.8000 1 7748.97664
30.9000 1 7581.20448
31.0000 1 7696.54784
31.1000 1 7780.43392
31.2000 1 7827.61984
31.3000 1 545.25952
31.4000 1 83.88608
31.5000 1 0.0
31.6000 1 0.0
31.7000 1 6343.8848
31.8000 1 7717.51936
31.9000 1 7686.06208
32.0000 1 7633.63328
32.1000 1 7748.97664
32.2000 1 7717.51936
32.3000 1 7738.49088
32.4000 1 7707.0336
32.5000 1 7822.37696
32.6000 1 7686.06208
32.7000 1 5892.99712
32.8000 1 83.88608
32.9000 1 0.0
33.0000 1 0.0
33.1000 1 1038.09024
33.2000 1 7308.57472
33.3000 1 7423.91808
33.4000 1 7539.26144
33.5000 1 7549.7472
33.6000 1 7570.71872
33.7000 1 6721.37216
33.8000 1 5861.53984
33.9000 1 5997.85472
34.0000 1 6364.85632
34.1000 1 7214.20288
34.2000 1 5510.26688
34.3000 1 83.88608
34.4000 1 0.0
34.5000 1 125.82912
34.6000 1 524.288
34.7000 1 7392.4608
34.8000 1 7444.8896
34.9000 1 5064.62208
35.0000 1 2453.66784
35.1000 1 4791.99232
35.2000 1 7906.26304
35.3000 1 7780.43392
35.4000 1 6606.0288
35.5000 1 6564.08576
35.6000 1 6794.77248
35.7000 1 6962.54464
35.8000 1 8336.1792
35.9000 1 3004.17024
36.0000 1 83.88608
36.1000 1 73.40032
36.2000 1 73.40032
36.3000 1 2946.49856
36.4000 1 7864.32
36.5000 1 8053.06368
36.6000 1 7895.77728
36.7000 1 8178.8928
36.8000 1 8189.37856
36.9000 1 7570.71872
37.0000 1 7612.66176
37.1000 1 8084.52096
37.2000 1 7843.34848
37.3000 1 7177.50272
37.4000 1 0.0
37.5000 1 73.40032
37.6000 1 73.40032
37.7000 1 62.91456
37.8000 1 5064.62208
37.9000 1 8074.0352
38.0000 1 7990.14912
38.1000 1 8074.0352
38.2000 1 7675.57632
38.3000 1 7990.14912
38.4000 1 7811.8912
38.5000 1 8063.54944
38.6000 1 8063.54944
38.7000 1 8095.00672
38.8000 1 4618.97728
38.9000 1 83.88608
39.0000 1 73.40032
39.1000 1 0.0
39.2000 1 2181.03808
39.3000 1 7906.26304
39.4000 1 6658.4576
39.5000 1 7140.80256
39.6000 1 7958.69184
39.7000 1 7780.43392
39.8000 1 7948.20608
39.9000 1 7958.69184
40.0000 1 9783.21408
40.1000 1 10705.96096
40.2000 1 7775.19104
40.3000 1 3533.70112
40.4000 1 0.0
40.5000 1 0.0
40.6000 1 0.0
40.7000 1 3355.4432
40.8000 1 7413.43232
40.9000 1 7340.032
41.0000 1 7465.86112
41.1000 1 7549.7472
41.2000 1 7444.8896
41.3000 1 7507.80416
41.4000 1 7518.28992
41.5000 1 7486.83264
41.6000 1 7612.66176
41.7000 1 7680.8192
41.8000 1 3449.81504
41.9000 1 73.40032
42.0000 1 0.0
42.1000 1 0.0
42.2000 1 2946.49856
42.3000 1 7329.54624
42.4000 1 7329.54624
42.5000 1 7371.48928
42.6000 1 7256.14592
42.7000 1 7277.11744
42.8000 1 7098.85952
42.9000 1 7203.71712
43.0000 1 7308.57472
43.1000 1 7392.4608
43.2000 1 7366.2464
43.3000 1 5882.51136
43.4000 1 0.0
43.5000 1 83.88608
43.6000 1 0.0
43.7000 1 807.40352
43.8000 1 7056.91648
43.9000 1 7245.66016
44.0000 1 7287.6032
44.1000 1 7287.6032
44.2000 1 7266.63168
44.3000 1 7329.54624
44.4000 1 7340.032
44.5000 1 7245.66016
44.6000 1 7266.63168
44.7000 1 7413.43232
44.8000 1 7271.87456
44.9000 1 912.26112
45.0000 1 0.0
45.1000 1 83.88608
45.2000 1 83.88608
45.3000 1 5117.05088
45.4000 1 7748.97664
45.5000 1 7696.54784
45.6000 1 7675.57632
45.7000 1 7759.4624
45.8000 1 7654.6048
45.9000 1 7654.6048
46.0000 1 7780.43392
46.1000 1 7738.49088
46.2000 1 7696.54784
46.3000 1 7093.61664
46.4000 1 0.0
46.5000 1 0.0
46.6000 1 0.0
46.7000 1 0.0
46.8000 1 2065.69472
46.9000 1 4529.84832
47.0000 1 12037.65248
47.1000 1 10433.3312
47.2000 1 8577.35168
47.3000 1 7423.91808
47.4000 1 7392.4608
47.5000 1 7539.26144
47.6000 1 7518.28992
47.7000 1 7465.86112
47.8000 1 6768.55808
47.9000 1 83.88608
48.0000 1 0.0
48.1000 1 0.0
48.2000 1 0.0
48.3000 1 7214.20288
48.4000 1 7486.83264
48.5000 1 7581.20448
48.6000 1 7539.26144
48.7000 1 7623.14752
48.8000 1 7612.66176
48.9000 1 7361.00352
49.0000 1 7518.28992
49.1000 1 7612.66176
49.2000 1 7581.20448
49.3000 1 6632.2432
49.4000 1 0.0
49.5000 1 83.88608
49.6000 1 83.88608
49.7000 1 199.22944
49.8000 1 7539.26144
49.9000 1 7434.40384
50.0000 1 7696.54784
50.1000 1 7801.40544
50.2000 1 7738.49088
50.3000 1 7728.00512
50.4000 1 7748.97664
50.5000 1 7822.37696
50.6000 1 7790.91968
50.7000 1 7712.27648
50.8000 1 4519.36256
50.9000 1 0.0
51.0000 1 0.0
51.1000 1 0.0
51.2000 1 1793.06496
51.3000 1 7560.23296
51.4000 1 7581.20448
51.5000 1 4917.82144
51.6000 1 10108.27264
51.7000 1 8336.1792
51.8000 1 7717.51936
51.9000 1 7633.63328
52.0000 1 7686.06208
52.1000 1 7717.51936
52.2000 1 7817.13408
52.3000 1 2904.55552
52.4000 1 0.0
52.5000 1 83.88608
52.6000 1 83.88608
52.7000 1 4026.53184
52.8000 1 7381.97504
52.9000 1 7434.40384
53.0000 1 7644.11904
53.1000 1 7654.6048
53.2000 1 7623.14752
53.3000 1 7570.71872
53.4000 1 7434.40384
53.5000 1 7644.11904
53.6000 1 7644.11904
53.7000 1 7607.41888
53.8000 1 1992.2944
53.9000 1 0.0
54.0000 1 0.0
54.1000 1 1541.40672
54.2000 1 7591.69024
54.3000 1 7581.20448
54.4000 1 7560.23296
54.5000 1 7518.28992
54.6000 1 7528.77568
54.7000 1 7486.83264
54.8000 1 7518.28992
54.9000 1 11093.93408
55.0000 1 7570.71872
55.1000 1 7628.3904
55.2000 1 1216.34816
55.3000 1 83.88608
55.4000 1 0.0
55.5000 1 0.0
55.6000 1 5463.08096
55.7000 1 7518.28992
55.8000 1 7444.8896
55.9000 1 12582.912
56.0000 1 7581.20448
56.1000 1 7570.71872
56.2000 1 7423.91808
56.3000 1 7518.28992
56.4000 1 7497.3184
56.5000 1 7764.70528
56.6000 1 3386.90048
56.7000 1 0.0
56.8000 1 0.0
56.9000 1 0.0
57.0000 1 996.1472
57.1000 1 3690.98752
57.2000 1 8462.00832
57.3000 1 11209.27744
57.4000 1 7602.176
57.5000 1 7623.14752
57.6000 1 7769.94816
57.7000 1 7455.37536
57.8000 1 7769.94816
57.9000 1 7853.83424
58.0000 1 7733.248
58.1000 1 3617.5872
58.2000 1 0.0
58.3000 1 0.0
58.4000 1 0.0
58.5000 1 3711.95904
58.6000 1 7895.77728
58.7000 1 7665.09056
58.8000 1 7748.97664
58.9000 1 7822.37696
59.0000 1 7832.86272
59.1000 1 7728.00512
59.2000 1 7748.97664
59.3000 1 7790.91968
59.4000 1 7822.37696
59.5000 1 7722.76224
59.6000 1 346.03008
59.7000 1 73.40032
59.8000 1 0.0
59.9000 1 0.0
60.0000 1 6050.28352
60.1000 1 7549.7472
60.2000 1 7644.11904
60.3000 1 7832.86272
60.4000 1 7874.80576
60.5000 1 7696.54784
60.6000 1 7696.54784
60.7000 1 7811.8912
60.8000 1 7790.91968
60.9000 1 7759.4624
61.0000 1 6003.0976
61.1000 1 0.0
61.2000 1 0.0
61.3000 1 0.0
61.4000 1 1300.23424
61.5000 1 7402.94656
61.6000 1 7675.57632
61.7000 1 7591.69024
61.8000 1 7686.06208
61.9000 1 7759.4624
62.0000 1 7748.97664
62.1000 1 7748.97664
62.2000 1 7675.57632
62.3000 1 7895.77728
62.4000 1 7785.6768
62.5000 1 3407.872
62.6000 1 0.0
62.7000 1 0.0
62.8000 1 0.0
62.9000 1 3764.38784
63.0000 1 7707.0336
63.1000 1 7811.8912
63.2000 1 7832.86272
63.3000 1 7790.91968
63.4000 1 7728.00512
63.5000 1 7769.94816
63.6000 1 7686.06208
63.7000 1 7633.63328
63.8000 1 7895.77728
63.9000 1 7796.16256
64.0000 1 408.94464
64.1000 1 0.0
64.2000 1 0.0
64.3000 1 0.0
64.4000 1 6197.08416
64.5000 1 7612.66176
64.6000 1 7822.37696
64.7000 1 7675.57632
64.8000 1 7748.97664
64.9000 1 7717.51936
65.0000 1 7738.49088
65.1000 1 8011.12064
65.2000 1 8535.40864
65.3000 1 8330.93632
65.4000 1 4393.53344
65.5000 1 83.88608
65.6000 1 83.88608
65.7000 1 73.40032
65.8000 1 1992.2944
65.9000 1 7549.7472
66.0000 1 7790.91968
66.1000 1 7769.94816
66.2000 1 7738.49088
66.3000 1 7686.06208
66.4000 1 7707.0336
66.5000 1 7644.11904
66.6000 1 7623.14752
66.7000 1 7728.00512
66.8000 1 7712.27648
66.9000 1 2726.2976
67.0000 1 0.0
67.1000 1 0.0
67.2000 1 0.0
67.3000 1 1205.8624
67.4000 1 3932.16
67.5000 1 10202.64448
67.6000 1 11209.27744
67.7000 1 8650.752
67.8000 1 8661.23776
67.9000 1 8776.58112
68.0000 1 8598.3232
68.1000 1 7570.71872
68.2000 1 7502.56128
68.3000 1 5536.48128
68.4000 1 0.0
68.5000 1 0.0
68.6000 1 0.0
68.7000 1 817.88928
68.8000 1 7633.63328
68.9000 1 7675.57632
69.0000 1 7675.57632
69.1000 1 7665.09056
69.2000 1 7623.14752
69.3000 1 7811.8912
69.4000 1 7769.94816
69.5000 1 7675.57632
69.6000 1 7790.91968
69.7000 1 5824.83968
