0.1000 1 0.0
0.2000 1 482.34496
0.3000 1 5892.99712
0.4000 1 5536.48128
0.5000 1 5672.79616
0.6000 1 5588.91008
0.7000 1 5798.62528
0.8000 1 5819.5968
0.9000 1 7906.26304
1.0000 1 7780.43392
1.1000 1 7874.80576
1.2000 1 7927.23456
1.3000 1 7969.1776
1.4000 1 7890.5344
1.5000 1 314.5728
1.6000 1 0.0
1.7000 1 0.0
1.8000 1 5421.13792
1.9000 1 7738.49088
2.0000 1 7916.7488
2.1000 1 7906.26304
2.2000 1 7895.77728
2.3000 1 8032.09216
2.4000 1 7895.77728
2.5000 1 7874.80576
2.6000 1 7790.91968
2.7000 1 7969.1776
2.8000 1 5290.06592
2.9000 1 0.0
3.0000 1 0.0
3.1000 1 513.80224
3.2000 1 7560.23296
3.3000 1 7885.29152
3.4000 1 7843.34848
3.5000 1 7853.83424
3.6000 1 7822.37696
3.7000 1 7885.29152
3.8000 1 7948.20608
3.9000 1 7927.23456
4.0000 1 7948.20608
4.1000 1 7937.72032
4.2000 1 2605.71136
4.3000 1 0.0
4.4000 1 0.0
4.5000 1 3187.67104
4.6000 1 7570.71872
4.7000 1 7696.54784
4.8000 1 7738.49088
4.9000 1 7895.77728
5.0000 1 7885.29152
5.1000 1 7895.77728
5.2000 1 7916.7488
5.3000 1 7885.29152
5.4000 1 7885.29152
5.5000 1 7942.9632
5.6000 1 73.40032
5.7000 1 0.0
5.8000 1 0.0
5.9000 1 3953.13152
6.0000 1 6647.97184
6.1000 1 7906.26304
6.2000 1 7969.1776
6.3000 1 7927.23456
6.4000 1 7874.80576
6.5000 1 7927.23456
6.6000 1 7895.77728
6.7000 1 7832.86272
6.8000 1 7969.1776
6.9000 1 7848.59136
7.0000 1 0.0
7.1000 1 0.0
7.2000 1 0.0
7.3000 1 4309.64736
7.4000 1 5599.39584
7.5000 1 5735.71072
7.6000 1 5567.93856
7.7000 1 5725.22496
7.8000 1 5788.13952
7.9000 1 5767.168
8.0000 1 5777.65376
8.1000 1 5767.168
8.2000 1 6071.25504
8.3000 1 7906.26304
8.4000 1 7832.86272
8.5000 1 7927.23456
8.6000 1 1882.19392
8.7000 1 0.0
8.8000 1 0.0
8.9000 1 4183.81824
9.0000 1 7780.43392
9.1000 1 7822.37696
9.2000 1 7969.1776
9.3000 1 7916.7488
9.4000 1 7853.83424
9.5000 1 7969.1776
9.6000 1 7801.40544
9.7000 1 7927.23456
9.8000 1 7948.20608
9.9000 1 6516.89984
10.0000 1 0.0
10.1000 1 0.0
10.2000 1 0.0
10.3000 1 6427.77088
10.4000 1 7728.00512
10.5000 1 7874.80576
10.6000 1 7790.91968
10.7000 1 7916.7488
10.8000 1 7969.1776
10.9000 1 7885.29152
11.0000 1 7916.7488
11.1000 1 8000.63488
11.2000 1 8000.63488
11.3000 1 4231.00416
11.4000 1 0.0
11.5000 1 0.0
11.6000 1 1153.4336
11.7000 1 5725.22496
11.8000 1 5735.71072
11.9000 1 5704.25344
12.0000 1 5725.22496
12.1000 1 5767.168
12.2000 1 5798.62528
12.3000 1 5746.19648
12.4000 1 5756.68224
12.5000 1 5777.65376
12.6000 1 5672.79616
12.7000 1 5987.36896
12.8000 1 7958.69184
12.9000 1 8000.63488
13.0000 1 1242.56256
13.1000 1 0.0
13.2000 1 0.0
13.3000 1 4351.5904
13.4000 1 7738.49088
13.5000 1 7916.7488
13.6000 1 7801.40544
13.7000 1 7927.23456
13.8000 1 7864.32
13.9000 1 7864.32
14.0000 1 7864.32
14.1000 1 7958.69184
14.2000 1 7906.26304
14.3000 1 6537.87136
14.4000 1 0.0
14.5000 1 0.0
14.6000 1 0.0
14.7000 1 5179.96544
14.8000 1 5746.19648
14.9000 1 5725.22496
15.0000 1 5777.65376
15.1000 1 5798.62528
15.2000 1 6081.7408
15.3000 1 7906.26304
15.4000 1 7780.43392
15.5000 1 7864.32
15.6000 1 7843.34848
15.7000 1 7979.66336
15.8000 1 7984.90624
15.9000 1 0.0
16.0000 1 0.0
16.1000 1 0.0
16.2000 1 5546.96704
16.3000 1 7853.83424
16.4000 1 7864.32
16.5000 1 7853.83424
16.6000 1 7811.8912
16.7000 1 7937.72032
16.8000 1 7874.80576
16.9000 1 7822.37696
17.0000 1 7948.20608
17.1000 1 7948.20608
17.2000 1 5332.00896
17.3000 1 0.0
17.4000 1 0.0
17.5000 1 723.51744
17.6000 1 7633.63328
17.7000 1 7864.32
17.8000 1 7874.80576
17.9000 1 7906.26304
18.0000 1 7895.77728
18.1000 1 7916.7488
18.2000 1 7937.72032
18.3000 1 7895.77728
18.4000 1 7906.26304
18.5000 1 7979.66336
18.6000 1 2207.25248
18.7000 1 0.0
18.8000 1 0.0
18.9000 1 2118.12352
19.0000 1 7738.49088
19.1000 1 7759.4624
19.2000 1 7843.34848
19.3000 1 7969.1776
19.4000 1 7853.83424
19.5000 1 8011.12064
19.6000 1 7895.77728
19.7000 1 7937.72032
19.8000 1 7864.32
19.9000 1 7906.26304
20.0000 1 907.01824
20.1000 1 0.0
20.2000 1 0.0
20.3000 1 5421.13792
20.4000 1 7486.83264
20.5000 1 3722.4448
20.6000 1 7853.83424
20.7000 1 7906.26304
20.8000 1 7874.80576
20.9000 1 7937.72032
21.0000 1 6522.14272
21.1000 1 5117.05088
21.2000 1 6994.00192
21.3000 1 7979.66336
21.4000 1 6957.30176
21.5000 1 0.0
21.6000 1 5484.05248
21.7000 1 7906.26304
21.8000 1 7927.23456
21.9000 1 8021.6064
22.0000 1 7937.72032
22.1000 1 7948.20608
22.2000 1 7948.20608
22.3000 1 7979.66336
22.4000 1 7864.32
22.5000 1 7906.26304
22.6000 1 4902.0928
22.7000 1 0.0
22.8000 1 0.0
22.9000 1 3649.04448
23.0000 1 7738.49088
23.1000 1 7822.37696
23.2000 1 6060.76928
23.3000 1 7832.86272
23.4000 1 7874.80576
23.5000 1 7853.83424
23.6000 1 7801.40544
23.7000 1 7853.83424
23.8000 1 7853.83424
23.9000 1 7948.20608
24.0000 1 1389.3632
24.1000 1 0.0
24.2000 1 0.0
24.3000 1 4215.27552
24.4000 1 7602.176
24.5000 1 7832.86272
24.6000 1 7937.72032
24.7000 1 7822.37696
24.8000 1 5997.85472
24.9000 1 5075.10784
25.0000 1 7748.97664
25.1000 1 7853.83424
25.2000 1 7801.40544
25.3000 1 7832.86272
25.4000 1 4115.6608
25.5000 1 0.0
25.6000 1 0.0
25.7000 1 2013.26592
25.8000 1 7853.83424
25.9000 1 7937.72032
26.0000 1 7874.80576
26.1000 1 7969.1776
26.2000 1 7927.23456
26.3000 1 7927.23456
26.4000 1 7916.7488
26.5000 1 7748.97664
26.6000 1 7969.1776
26.7000 1 7921.99168
26.8000 1 796.91776
26.9000 1 0.0
27.0000 1 0.0
27.1000 1 4949.27872
27.2000 1 7906.26304
27.3000 1 7811.8912
27.4000 1 7895.77728
27.5000 1 7853.83424
27.6000 1 7832.86272
27.7000 1 7864.32
27.8000 1 7906.26304
27.9000 1 7895.77728
28.0000 1 8053.06368
28.1000 1 5709.49632
28.2000 1 0.0
28.3000 1 0.0
28.4000 1 356.51584
28.5000 1 7560.23296
28.6000 1 7853.83424
28.7000 1 7832.86272
28.8000 1 7853.83424
28.9000 1 8210.35008
29.0000 1 8168.40704
29.1000 1 8304.72192
29.2000 1 8157.92128
29.3000 1 8063.54944
29.4000 1 8053.06368
29.5000 1 1378.87744
29.6000 1 0.0
29.7000 1 0.0
29.8000 1 4571.79136
29.9000 1 8409.57952
30.0000 1 8399.09376
30.1000 1 8273.26464
30.2000 1 8388.608
30.3000 1 8283.7504
30.4000 1 8252.29312
30.5000 1 8294.23616
30.6000 1 8115.97824
30.7000 1 8262.77888
30.8000 1 2595.2256
30.9000 1 0.0
31.0000 1 0.0
31.1000 1 2264.92416
31.2000 1 8199.86432
31.3000 1 8157.92128
31.4000 1 8283.7504
31.5000 1 8283.7504
31.6000 1 8304.72192
31.7000 1 7759.4624
31.8000 1 7392.4608
31.9000 1 8231.3216
32.0000 1 8273.26464
32.1000 1 6579.8144
32.2000 1 0.0
32.3000 1 5442.10944
32.4000 1 7623.14752
32.5000 1 7549.7472
32.6000 1 7769.94816
32.7000 1 7864.32
32.8000 1 7874.80576
32.9000 1 7790.91968
33.0000 1 7864.32
33.1000 1 7832.86272
33.2000 1 7885.29152
33.3000 1 6317.6704
33.4000 1 0.0
33.5000 1 0.0
33.6000 1 0.0
33.7000 1 7245.66016
33.8000 1 7832.86272
33.9000 1 7895.77728
34.0000 1 7948.20608
34.1000 1 7916.7488
34.2000 1 7979.66336
34.3000 1 7885.29152
34.4000 1 7822.37696
34.5000 1 7748.97664
34.6000 1 8000.63488
34.7000 1 3507.48672
34.8000 1 0.0
34.9000 1 0.0
35.0000 1 2506.09664
35.1000 1 7654.6048
35.2000 1 7780.43392
35.3000 1 7853.83424
35.4000 1 7906.26304
35.5000 1 7864.32
35.6000 1 7937.72032
35.7000 1 7895.77728
35.8000 1 7843.34848
35.9000 1 7916.7488
36.0000 1 7984.90624
36.1000 1 650.11712
36.2000 1 0.0
36.3000 1 0.0
36.4000 1 5620.36736
36.5000 1 7759.4624
36.6000 1 7811.8912
36.7000 1 7874.80576
36.8000 1 7927.23456
36.9000 1 7895.77728
37.0000 1 7937.72032
37.1000 1 7990.14912
37.2000 1 7885.29152
37.3000 1 7916.7488
37.4000 1 5258.60864
37.5000 1 0.0
37.6000 1 0.0
37.7000 1 0.0
37.8000 1 5295.3088
37.9000 1 5788.13952
38.0000 1 8042.57792
38.1000 1 7707.0336
38.2000 1 7728.00512
38.3000 1 7728.00512
38.4000 1 7769.94816
38.5000 1 7518.28992
38.6000 1 7790.91968
38.7000 1 7895.77728
38.8000 1 7890.5344
38.9000 1 555.74528
39.0000 1 0.0
39.1000 1 0.0
39.2000 1 3753.90208
39.3000 1 5588.91008
39.4000 1 5714.7392
39.5000 1 5515.50976
39.6000 1 5777.65376
39.7000 1 5704.25344
39.8000 1 5830.08256
39.9000 1 5777.65376
40.0000 1 5714.7392
40.1000 1 5798.62528
40.2000 1 7077.888
40.3000 1 7654.6048
40.4000 1 7937.72032
40.5000 1 3916.43136
40.6000 1 0.0
40.7000 1 0.0
40.8000 1 1384.12032
40.9000 1 7696.54784
41.0000 1 7748.97664
41.1000 1 7969.1776
41.2000 1 7895.77728
41.3000 1 7832.86272
41.4000 1 7853.83424
41.5000 1 7738.49088
41.6000 1 7885.29152
41.7000 1 7927.23456
41.8000 1 7885.29152
41.9000 1 1997.53728
42.0000 1 0.0
42.1000 1 0.0
42.2000 1 3743.41632
42.3000 1 7864.32
42.4000 1 7790.91968
42.5000 1 7759.4624
42.6000 1 7916.7488
42.7000 1 7801.40544
42.8000 1 7927.23456
42.9000 1 7874.80576
43.0000 1 7885.29152
43.1000 1 7948.20608
43.2000 1 7324.30336
43.3000 1 0.0
43.4000 1 0.0
43.5000 1 0.0
43.6000 1 5872.0256
43.7000 1 7832.86272
43.8000 1 7843.34848
43.9000 1 7948.20608
44.0000 1 7969.1776
44.1000 1 7853.83424
44.2000 1 8021.6064
44.3000 1 7738.49088
44.4000 1 7937.72032
44.5000 1 7728.00512
44.6000 1 5017.43616
44.7000 1 0.0
44.8000 1 0.0
44.9000 1 671.08864
45.0000 1 7707.0336
45.1000 1 7769.94816
45.2000 1 7780.43392
45.3000 1 7675.57632
45.4000 1 7874.80576
45.5000 1 7717.51936
45.6000 1 7906.26304
45.7000 1 7822.37696
45.8000 1 7843.34848
45.9000 1 7990.14912
46.0000 1 2972.71296
46.1000 1 0.0
46.2000 1 0.0
46.3000 1 1373.63456
46.4000 1 7780.43392
46.5000 1 7644.11904
46.6000 1 7801.40544
46.7000 1 7822.37696
46.8000 1 2464.1536
46.9000 1 7707.0336
47.0000 1 7874.80576
47.1000 1 7759.4624
47.2000 1 7916.7488
47.3000 1 7675.57632
47.4000 1 7859.07712
47.5000 1 83.88608
47.6000 1 0.0
47.7000 1 0.0
47.8000 1 3334.47168
47.9000 1 7539.26144
48.0000 1 5955.91168
48.1000 1 6889.14432
48.2000 1 6092.22656
48.3000 1 7811.8912
48.4000 1 7843.34848
48.5000 1 6805.25824
48.6000 1 0.0
48.7000 1 754.97472
48.8000 1 9804.1856
48.9000 1 7937.72032
49.0000 1 7245.66016
49.1000 1 1646.26432
49.2000 1 2207.25248
49.3000 1 0.0
49.4000 1 125.82912
49.5000 1 1772.09344
49.6000 1 10034.87232
49.7000 1 7644.11904
49.8000 1 5788.13952
49.9000 1 10076.81536
50.0000 1 7969.1776
50.1000 1 8042.57792
50.2000 1 7591.69024
50.3000 1 7350.51776
50.4000 1 7979.66336
50.5000 1 8016.36352
50.6000 1 2327.83872
50.7000 1 0.0
50.8000 1 0.0
50.9000 1 1887.4368
51.0000 1 4928.3072
51.1000 1 9426.69824
51.2000 1 7853.83424
51.3000 1 7906.26304
51.4000 1 7927.23456
51.5000 1 7811.8912
51.6000 1 7906.26304
51.7000 1 7948.20608
51.8000 1 7927.23456
51.9000 1 7921.99168
52.0000 1 2380.26752
52.1000 1 0.0
52.2000 1 125.82912
52.3000 1 3072.32768
52.4000 1 7916.7488
52.5000 1 7979.66336
52.6000 1 7916.7488
52.7000 1 7958.69184
52.8000 1 7958.69184
52.9000 1 7979.66336
53.0000 1 7969.1776
53.1000 1 7927.23456
53.2000 1 7979.66336
53.3000 1 7104.1024
53.4000 1 0.0
53.5000 1 0.0
53.6000 1 0.0
53.7000 1 6742.34368
53.8000 1 7822.37696
53.9000 1 7948.20608
54.0000 1 7853.83424
54.1000 1 7958.69184
54.2000 1 7790.91968
54.3000 1 7927.23456
54.4000 1 7885.29152
54.5000 1 7979.66336
54.6000 1 7864.32
54.7000 1 4063.232
54.8000 1 0.0
54.9000 1 0.0
55.0000 1 1530.92096
55.1000 1 7811.8912
55.2000 1 7853.83424
55.3000 1 7885.29152
55.4000 1 7853.83424
55.5000 1 7885.29152
55.6000 1 7969.1776
55.7000 1 7822.37696
55.8000 1 7906.26304
55.9000 1 7916.7488
56.0000 1 7984.90624
56.1000 1 1415.5776
56.2000 1 0.0
56.3000 1 0.0
56.4000 1 4362.07616
56.5000 1 7906.26304
56.6000 1 7769.94816
56.7000 1 7906.26304
56.8000 1 7895.77728
56.9000 1 7832.86272
57.0000 1 7895.77728
57.1000 1 7906.26304
57.2000 1 7738.49088
57.3000 1 7969.1776
57.4000 1 6548.35712
57.5000 1 0.0
57.6000 1 0.0
57.7000 1 0.0
57.8000 1 7025.4592
57.9000 1 7832.86272
58.0000 1 7916.7488
58.1000 1 5452.5952
58.2000 1 5368.70912
58.3000 1 8577.35168
58.4000 1 9143.58272
58.5000 1 7832.86272
58.6000 1 7958.69184
58.7000 1 8000.63488
58.8000 1 6726.61504
58.9000 1 0.0
59.0000 1 0.0
59.1000 1 0.0
59.2000 1 7350.51776
59.3000 1 7906.26304
59.4000 1 7906.26304
59.5000 1 7990.14912
59.6000 1 7990.14912
59.7000 1 7990.14912
59.8000 1 7927.23456
59.9000 1 7906.26304
60.0000 1 8074.0352
60.1000 1 8026.84928
60.2000 1 2768.24064
60.3000 1 0.0
60.4000 1 0.0
60.5000 1 3030.38464
60.6000 1 7885.29152
60.7000 1 7843.34848
60.8000 1 7864.32
60.9000 1 7916.7488
61.0000 1 7916.7488
61.1000 1 7958.69184
61.2000 1 7801.40544
61.3000 1 7895.77728
61.4000 1 7822.37696
61.5000 1 7806.64832
61.6000 1 115.34336
61.7000 1 0.0
61.8000 1 0.0
61.9000 1 5400.1664
62.0000 1 7748.97664
62.1000 1 7811.8912
62.2000 1 7780.43392
62.3000 1 7864.32
62.4000 1 7864.32
62.5000 1 7906.26304
62.6000 1 7864.32
62.7000 1 7874.80576
62.8000 1 7864.32
62.9000 1 5887.75424
63.0000 1 0.0
63.1000 1 0.0
63.2000 1 0.0
63.3000 1 7602.176
63.4000 1 7654.6048
63.5000 1 7906.26304
63.6000 1 7801.40544
63.7000 1 7853.83424
63.8000 1 7832.86272
63.9000 1 7832.86272
64.0000 1 7801.40544
64.1000 1 7864.32
64.2000 1 7811.8912
64.3000 1 3748.6592
64.4000 1 0.0
64.5000 1 0.0
64.6000 1 1971.32288
64.7000 1 7633.63328
64.8000 1 7717.51936
64.9000 1 7811.8912
65.0000 1 7853.83424
65.1000 1 7811.8912
65.2000 1 7895.77728
65.3000 1 7885.29152
65.4000 1 7853.83424
65.5000 1 7916.7488
65.6000 1 5803.86816
