0.1000 1 0.0
0.2000 1 94.37184
0.3000 1 8252.29312
0.4000 1 7350.51776
0.5000 1 7560.23296
0.6000 1 7549.7472
0.7000 1 4624.22016
0.8000 1 7151.28832
0.9000 1 7507.80416
1.0000 1 7245.66016
1.1000 1 7969.1776
1.2000 1 7581.20448
1.3000 1 7507.80416
1.4000 1 2742.02624
1.5000 1 0.0
1.6000 1 0.0
1.7000 1 115.34336
1.8000 1 7444.8896
1.9000 1 7665.09056
2.0000 1 3082.81344
2.1000 1 346.03008
2.2000 1 6092.22656
2.3000 1 7602.176
2.4000 1 7675.57632
2.5000 1 7612.66176
2.6000 1 7633.63328
2.7000 1 5945.42592
2.8000 1 7832.86272
2.9000 1 7591.69024
3.0000 1 3884.97408
3.1000 1 73.40032
3.2000 1 62.91456
3.3000 1 293.60128
3.4000 1 1342.17728
3.5000 1 4498.39104
3.6000 1 7486.83264
3.7000 1 7738.49088
3.8000 1 7665.09056
3.9000 1 6857.68704
4.0000 1 7748.97664
4.1000 1 3764.38784
4.2000 1 1132.46208
4.3000 1 6165.62688
4.4000 1 6826.22976
4.5000 1 6983.51616
4.6000 1 6815.744
4.7000 1 6296.69888
4.8000 1 0.0
4.9000 1 62.91456
5.0000 1 73.40032
5.1000 1 2181.03808
5.2000 1 7235.1744
5.3000 1 7790.91968
5.4000 1 7759.4624
5.5000 1 7570.71872
5.6000 1 4141.8752
5.7000 1 1530.92096
5.8000 1 870.31808
5.9000 1 880.80384
6.0000 1 765.46048
6.1000 1 7046.43072
6.2000 1 7665.09056
6.3000 1 2034.23744
6.4000 1 7434.40384
6.5000 1 7329.54624
6.6000 1 7790.91968
6.7000 1 1557.13536
6.8000 1 83.88608
6.9000 1 62.91456
7.0000 1 356.51584
7.1000 1 7381.97504
7.2000 1 7623.14752
7.3000 1 7434.40384
7.4000 1 7686.06208
7.5000 1 7811.8912
7.6000 1 7675.57632
7.7000 1 7916.7488
7.8000 1 7895.77728
7.9000 1 7748.97664
8.0000 1 7203.71712
8.1000 1 4881.12128
8.2000 1 62.91456
8.3000 1 62.91456
8.4000 1 0.0
8.5000 1 3575.64416
8.6000 1 7801.40544
8.7000 1 7476.34688
8.8000 1 7738.49088
8.9000 1 7822.37696
9.0000 1 7728.00512
9.1000 1 7423.91808
9.2000 1 7906.26304
9.3000 1 7486.83264
9.4000 1 8535.40864
9.5000 1 8330.93632
9.6000 1 1184.89088
9.7000 1 0.0
9.8000 1 0.0
9.9000 1 2002.78016
10.0000 1 7686.06208
10.1000 1 7581.20448
10.2000 1 7675.57632
10.3000 1 7591.69024
10.4000 1 7665.09056
10.5000 1 7612.66176
10.6000 1 7686.06208
10.7000 1 7665.09056
10.8000 1 7675.57632
10.9000 1 7665.09056
11.0000 1 3308.25728
11.1000 1 0.0
11.2000 1 0.0
11.3000 1 0.0
11.4000 1 6721.37216
11.5000 1 7549.7472
11.6000 1 7633.63328
11.7000 1 7633.63328
11.8000 1 7591.69024
11.9000 1 7591.69024
12.0000 1 7675.57632
12.1000 1 7497.3184
12.2000 1 7549.7472
12.3000 1 7612.66176
12.4000 1 6716.12928
12.5000 1 0.0
12.6000 1 0.0
12.7000 1 0.0
12.8000 1 3890.21696
12.9000 1 7392.4608
13.0000 1 7644.11904
13.1000 1 7612.66176
13.2000 1 7612.66176
13.3000 1 7644.11904
13.4000 1 7738.49088
13.5000 1 7633.63328
13.6000 1 7644.11904
13.7000 1 7665.09056
13.8000 1 7717.51936
13.9000 1 1641.02144
14.0000 1 0.0
14.1000 1 0.0
14.2000 1 524.288
14.3000 1 7161.77408
14.4000 1 7340.032
14.5000 1 7381.97504
14.6000 1 7361.00352
14.7000 1 7371.48928
14.8000 1 7392.4608
14.9000 1 7319.06048
15.0000 1 7319.06048
15.1000 1 7329.54624
15.2000 1 7350.51776
15.3000 1 7429.16096
15.4000 1 398.45888
15.5000 1 62.91456
15.6000 1 0.0
15.7000 1 2264.92416
15.8000 1 7130.3168
15.9000 1 7245.66016
16.0000 1 7329.54624
16.1000 1 7350.51776
16.2000 1 7319.06048
16.3000 1 7423.91808
16.4000 1 7319.06048
16.5000 1 7329.54624
16.6000 1 7402.94656
16.7000 1 7423.91808
16.8000 1 6202.32704
16.9000 1 0.0
17.0000 1 0.0
17.1000 1 0.0
17.2000 1 4194.304
17.3000 1 7633.63328
17.4000 1 5138.0224
17.5000 1 5903.48288
17.6000 1 8965.3248
17.7000 1 7633.63328
17.8000 1 7612.66176
17.9000 1 7686.06208
18.0000 1 7612.66176
18.1000 1 7707.0336
18.2000 1 7581.20448
18.3000 1 4157.60384
18.4000 1 0.0
18.5000 1 0.0
18.6000 1 0.0
18.7000 1 6564.08576
18.8000 1 7686.06208
18.9000 1 7570.71872
19.0000 1 7581.20448
19.1000 1 7665.09056
19.2000 1 7612.66176
19.3000 1 7581.20448
19.4000 1 7644.11904
19.5000 1 7675.57632
19.6000 1 7707.0336
19.7000 1 6433.01376
19.8000 1 0.0
19.9000 1 0.0
20.0000 1 0.0
20.1000 1 2736.78336
20.2000 1 5693.76768
20.3000 1 5693.76768
20.4000 1 5714.7392
20.5000 1 5714.7392
20.6000 1 5756.68224
20.7000 1 5756.68224
20.8000 1 7623.14752
20.9000 1 7644.11904
21.0000 1 7623.14752
21.1000 1 7665.09056
21.2000 1 7644.11904
21.3000 1 6506.41408
21.4000 1 0.0
21.5000 1 62.91456
21.6000 1 0.0
21.7000 1 3974.10304
21.8000 1 7654.6048
21.9000 1 7696.54784
22.0000 1 7612.66176
22.1000 1 7675.57632
22.2000 1 7581.20448
22.3000 1 7612.66176
22.4000 1 7581.20448
22.5000 1 7686.06208
22.6000 1 7717.51936
22.7000 1 7712.27648
22.8000 1 1216.34816
22.9000 1 0.0
23.0000 1 0.0
23.1000 1 1331.69152
23.2000 1 7308.57472
23.3000 1 6553.6
23.4000 1 7497.3184
23.5000 1 7549.7472
23.6000 1 7560.23296
23.7000 1 7507.80416
23.8000 1 7581.20448
23.9000 1 7675.57632
24.0000 1 7654.6048
24.1000 1 7748.97664
24.2000 1 5740.9536
24.3000 1 52.4288
24.4000 1 0.0
24.5000 1 859.83232
24.6000 1 7612.66176
24.7000 1 7581.20448
24.8000 1 7581.20448
24.9000 1 7602.176
25.0000 1 7528.77568
25.1000 1 7591.69024
25.2000 1 7591.69024
25.3000 1 7549.7472
25.4000 1 7665.09056
25.5000 1 7707.0336
25.6000 1 4849.664
25.7000 1 62.91456
25.8000 1 0.0
25.9000 1 0.0
26.0000 1 3785.35936
26.1000 1 7644.11904
26.2000 1 7633.63328
26.3000 1 7696.54784
26.4000 1 7717.51936
26.5000 1 7675.57632
26.6000 1 7623.14752
26.7000 1 7675.57632
26.8000 1 7675.57632
26.9000 1 7707.0336
27.0000 1 7722.76224
27.1000 1 1216.34816
27.2000 1 0.0
27.3000 1 0.0
27.4000 1 1688.20736
27.5000 1 5033.1648
27.6000 1 4687.13472
27.7000 1 6301.94176
27.8000 1 8063.54944
27.9000 1 7298.08896
28.0000 1 7402.94656
28.1000 1 6920.6016
28.2000 1 7707.0336
28.3000 1 6847.20128
28.4000 1 7958.69184
28.5000 1 7350.51776
28.6000 1 4545.57696
28.7000 1 0.0
28.8000 1 0.0
28.9000 1 0.0
29.0000 1 5819.5968
29.1000 1 7455.37536
29.2000 1 7528.77568
29.3000 1 7686.06208
29.4000 1 7623.14752
29.5000 1 7602.176
29.6000 1 7654.6048
29.7000 1 7717.51936
29.8000 1 7686.06208
29.9000 1 7707.0336
30.0000 1 7355.76064
30.1000 1 0.0
30.2000 1 0.0
30.3000 1 0.0
30.4000 1 2977.95584
30.5000 1 7381.97504
30.6000 1 7528.77568
30.7000 1 7686.06208
30.8000 1 7476.34688
30.9000 1 7780.43392
31.0000 1 7549.7472
31.1000 1 7644.11904
31.2000 1 7549.7472
31.3000 1 7707.0336
31.4000 1 7581.20448
31.5000 1 2983.19872
31.6000 1 0.0
31.7000 1 0.0
31.8000 1 0.0
31.9000 1 5557.4528
32.0000 1 5536.48128
32.1000 1 5662.3104
32.2000 1 5620.36736
32.3000 1 5788.13952
32.4000 1 5746.19648
32.5000 1 5798.62528
32.6000 1 5746.19648
32.7000 1 5746.19648
32.8000 1 5819.5968
32.9000 1 5746.19648
33.0000 1 5882.51136
33.1000 1 2736.78336
33.2000 1 7728.00512
33.3000 1 2700.0832
33.4000 1 0.0
33.5000 1 0.0
33.6000 1 0.0
33.7000 1 7151.28832
33.8000 1 7413.43232
33.9000 1 7455.37536
34.0000 1 7444.8896
34.1000 1 7528.77568
34.2000 1 7476.34688
34.3000 1 7570.71872
34.4000 1 7654.6048
34.5000 1 7602.176
34.6000 1 7623.14752
34.7000 1 6716.12928
34.8000 1 0.0
34.9000 1 0.0
35.0000 1 0.0
35.1000 1 3816.81664
35.2000 1 7675.57632
35.3000 1 7623.14752
35.4000 1 7654.6048
35.5000 1 7686.06208
35.6000 1 7686.06208
35.7000 1 7717.51936
35.8000 1 7686.06208
35.9000 1 7738.49088
36.0000 1 7696.54784
36.1000 1 7670.33344
36.2000 1 1121.97632
36.3000 1 0.0
36.4000 1 0.0
36.5000 1 1153.4336
36.6000 1 7161.77408
36.7000 1 7161.77408
36.8000 1 7287.6032
36.9000 1 7235.1744
37.0000 1 7224.68864
37.1000 1 7182.7456
37.2000 1 7214.20288
37.3000 1 7140.80256
37.4000 1 7350.51776
37.5000 1 7245.66016
37.6000 1 7261.3888
37.7000 1 1111.49056
37.8000 1 0.0
37.9000 1 0.0
38.0000 1 1572.864
38.1000 1 7235.1744
38.2000 1 7319.06048
38.3000 1 7340.032
38.4000 1 7392.4608
38.5000 1 4959.76448
38.6000 1 5882.51136
38.7000 1 8829.00992
38.8000 1 7581.20448
38.9000 1 7623.14752
39.0000 1 7602.176
39.1000 1 7596.93312
39.2000 1 933.23264
39.3000 1 0.0
39.4000 1 0.0
39.5000 1 1656.75008
39.6000 1 7182.7456
39.7000 1 7287.6032
39.8000 1 7224.68864
39.9000 1 7224.68864
40.0000 1 7298.08896
40.1000 1 7266.63168
40.2000 1 7413.43232
40.3000 1 7444.8896
40.4000 1 7476.34688
40.5000 1 7392.4608
40.6000 1 6936.33024
40.7000 1 0.0
40.8000 1 0.0
40.9000 1 0.0
41.0000 1 3030.38464
41.1000 1 7455.37536
41.2000 1 7591.69024
41.3000 1 7612.66176
41.4000 1 7707.0336
41.5000 1 7665.09056
41.6000 1 7665.09056
41.7000 1 7686.06208
41.8000 1 7654.6048
41.9000 1 7623.14752
42.0000 1 7675.57632
42.1000 1 2479.88224
42.2000 1 0.0
42.3000 1 0.0
42.4000 1 807.40352
42.5000 1 7644.11904
42.6000 1 7686.06208
42.7000 1 7465.86112
42.8000 1 7717.51936
42.9000 1 7602.176
43.0000 1 7696.54784
43.1000 1 7707.0336
43.2000 1 7769.94816
43.3000 1 7717.51936
43.4000 1 7801.40544
43.5000 1 4231.00416
43.6000 1 0.0
43.7000 1 0.0
43.8000 1 0.0
43.9000 1 5421.13792
44.0000 1 7612.66176
44.1000 1 7612.66176
44.2000 1 7759.4624
44.3000 1 7707.0336
44.4000 1 7748.97664
44.5000 1 7654.6048
44.6000 1 7644.11904
44.7000 1 7602.176
44.8000 1 7707.0336
44.9000 1 7303.33184
45.0000 1 62.91456
45.1000 1 0.0
45.2000 1 0.0
45.3000 1 2181.03808
45.4000 1 5714.7392
45.5000 1 5725.22496
45.6000 1 5693.76768
45.7000 1 6700.40064
45.8000 1 8136.94976
45.9000 1 8147.43552
46.0000 1 8325.69344
46.1000 1 8042.57792
46.2000 1 7423.91808
46.3000 1 7413.43232
46.4000 1 7387.21792
46.5000 1 870.31808
46.6000 1 0.0
46.7000 1 0.0
46.8000 1 2002.78016
46.9000 1 7602.176
47.0000 1 7591.69024
47.1000 1 7644.11904
47.2000 1 7633.63328
47.3000 1 7549.7472
47.4000 1 7686.06208
47.5000 1 7581.20448
47.6000 1 7707.0336
47.7000 1 7665.09056
47.8000 1 7707.0336
47.9000 1 3455.05792
48.0000 1 0.0
48.1000 1 0.0
48.2000 1 0.0
48.3000 1 7077.888
48.4000 1 7434.40384
48.5000 1 7686.06208
48.6000 1 7392.4608
48.7000 1 4634.70592
48.8000 1 5389.68064
48.9000 1 8671.72352
49.0000 1 7623.14752
49.1000 1 7476.34688
49.2000 1 7256.14592
49.3000 1 7486.83264
49.4000 1 3717.20192
49.5000 1 0.0
49.6000 1 0.0
49.7000 1 0.0
49.8000 1 6658.4576
49.9000 1 7172.25984
50.0000 1 7340.032
50.1000 1 7214.20288
50.2000 1 7423.91808
50.3000 1 7350.51776
50.4000 1 7277.11744
50.5000 1 7413.43232
50.6000 1 7361.00352
50.7000 1 7381.97504
50.8000 1 7565.47584
50.9000 1 1478.49216
51.0000 1 73.40032
51.1000 1 0.0
51.2000 1 1887.4368
51.3000 1 7581.20448
51.4000 1 7665.09056
51.5000 1 7675.57632
51.6000 1 7696.54784
51.7000 1 7623.14752
51.8000 1 7675.57632
51.9000 1 7633.63328
52.0000 1 7665.09056
52.1000 1 7570.71872
52.2000 1 7675.57632
52.3000 1 3423.60064
52.4000 1 0.0
52.5000 1 0.0
52.6000 1 0.0
52.7000 1 7277.11744
52.8000 1 7528.77568
52.9000 1 7518.28992
53.0000 1 7686.06208
53.1000 1 7581.20448
53.2000 1 7675.57632
53.3000 1 7602.176
53.4000 1 7654.6048
53.5000 1 7780.43392
53.6000 1 7728.00512
53.7000 1 5814.35392
53.8000 1 62.91456
53.9000 1 0.0
54.0000 1 0.0
54.1000 1 4561.3056
54.2000 1 7581.20448
54.3000 1 7696.54784
54.4000 1 7748.97664
54.5000 1 7686.06208
54.6000 1 7696.54784
54.7000 1 7707.0336
54.8000 1 7623.14752
54.9000 1 7675.57632
55.0000 1 7728.00512
55.1000 1 7680.8192
55.2000 1 440.40192
55.3000 1 0.0
55.4000 1 0.0
55.5000 1 734.0032
55.6000 1 7140.80256
55.7000 1 7602.176
55.8000 1 7696.54784
55.9000 1 7570.71872
56.0000 1 7665.09056
56.1000 1 7507.80416
56.2000 1 7623.14752
56.3000 1 9521.07008
56.4000 1 7623.14752
56.5000 1 7644.11904
56.6000 1 859.83232
56.7000 1 2626.68288
56.8000 1 73.40032
56.9000 1 62.91456
57.0000 1 0.0
57.1000 1 1562.37824
57.2000 1 5379.19488
57.3000 1 8136.94976
57.4000 1 7591.69024
57.5000 1 5819.5968
57.6000 1 5830.08256
57.7000 1 5872.0256
57.8000 1 5892.99712
57.9000 1 5767.168
58.0000 1 5945.42592
58.1000 1 5735.71072
58.2000 1 5945.42592
58.3000 1 5788.13952
58.4000 1 5940.18304
58.5000 1 5777.65376
58.6000 1 1635.77856
58.7000 1 0.0
58.8000 1 0.0
58.9000 1 954.20416
59.0000 1 7790.91968
59.1000 1 7811.8912
59.2000 1 7822.37696
59.3000 1 8168.40704
59.4000 1 7738.49088
59.5000 1 7969.1776
59.6000 1 7853.83424
59.7000 1 7958.69184
59.8000 1 7948.20608
59.9000 1 7712.27648
60.0000 1 1960.83712
60.1000 1 62.91456
60.2000 1 73.40032
60.3000 1 125.82912
60.4000 1 6574.57152
60.5000 1 8357.15072
60.6000 1 7874.80576
60.7000 1 7528.77568
60.8000 1 7623.14752
60.9000 1 7423.91808
61.0000 1 7518.28992
61.1000 1 7633.63328
61.2000 1 7717.51936
61.3000 1 7659.84768
61.4000 1 5683.28192
61.5000 1 73.40032
61.6000 1 73.40032
61.7000 1 62.91456
61.8000 1 4896.84992
61.9000 1 7759.4624
62.0000 1 7811.8912
62.1000 1 7916.7488
62.2000 1 7885.29152
62.3000 1 7864.32
62.4000 1 7843.34848
62.5000 1 7916.7488
62.6000 1 7979.66336
62.7000 1 7869.56288
62.8000 1 5924.4544
62.9000 1 73.40032
63.0000 1 0.0
63.1000 1 73.40032
63.2000 1 4351.5904
63.3000 1 7507.80416
63.4000 1 7686.06208
63.5000 1 7696.54784
63.6000 1 7665.09056
63.7000 1 7612.66176
63.8000 1 7633.63328
63.9000 1 7549.7472
64.0000 1 7486.83264
64.1000 1 7738.49088
64.2000 1 7565.47584
64.3000 1 1059.06176
64.4000 1 73.40032
64.5000 1 73.40032
64.6000 1 1688.20736
64.7000 1 7371.48928
64.8000 1 7392.4608
64.9000 1 7497.3184
65.0000 1 7539.26144
65.1000 1 7476.34688
65.2000 1 7570.71872
65.3000 1 7602.176
65.4000 1 7602.176
65.5000 1 7654.6048
65.6000 1 7649.36192
65.7000 1 4750.04928
65.8000 1 73.40032
65.9000 1 0.0
66.0000 1 0.0
66.1000 1 5232.39424
66.2000 1 7476.34688
66.3000 1 7497.3184
66.4000 1 7623.14752
66.5000 1 7497.3184
66.6000 1 7654.6048
66.7000 1 3135.24224
66.8000 1 3365.92896
66.9000 1 9877.58592
67.0000 1 10475.27424
67.1000 1 9431.94112
67.2000 1 2495.61088
67.3000 1 73.40032
67.4000 1 83.88608
67.5000 1 0.0
67.6000 1 7497.3184
67.7000 1 7654.6048
67.8000 1 7581.20448
67.9000 1 7591.69024
68.0000 1 7518.28992
68.1000 1 7560.23296
68.2000 1 7654.6048
68.3000 1 7602.176
68.4000 1 7591.69024
68.5000 1 7617.90464
68.6000 1 5809.11104
68.7000 1 73.40032
68.8000 1 0.0
68.9000 1 146.80064
69.0000 1 4445.96224
69.1000 1 7969.1776
69.2000 1 7958.69184
69.3000 1 7979.66336
69.4000 1 7916.7488
69.5000 1 7958.69184
69.6000 1 8011.12064
69.7000 1 7958.69184
69.8000 1 7895.77728
69.9000 1 5174.72256
