0.1000 1 0.0
0.2000 1 94.37184
0.3000 1 6343.8848
0.4000 1 5588.91008
0.5000 1 5630.85312
0.6000 1 5630.85312
0.7000 1 7014.97344
0.8000 1 7056.91648
0.9000 1 6920.6016
1.0000 1 7056.91648
1.1000 1 7056.91648
1.2000 1 7151.28832
1.3000 1 7130.3168
1.4000 1 6417.28512
1.5000 1 4042.26048
1.6000 1 62.91456
1.7000 1 0.0
1.8000 1 3953.13152
1.9000 1 7025.4592
2.0000 1 7035.94496
2.1000 1 6983.51616
2.2000 1 7025.4592
2.3000 1 6952.05888
2.4000 1 7025.4592
2.5000 1 7088.37376
2.6000 1 7056.91648
2.7000 1 7130.3168
2.8000 1 7119.83104
2.9000 1 7072.64512
3.0000 1 304.08704
3.1000 1 0.0
3.2000 1 0.0
3.3000 1 1772.09344
3.4000 1 7109.34528
3.5000 1 7109.34528
3.6000 1 7140.80256
3.7000 1 7056.91648
3.8000 1 7119.83104
3.9000 1 7077.888
4.0000 1 7088.37376
4.1000 1 7172.25984
4.2000 1 7109.34528
4.3000 1 7140.80256
4.4000 1 7161.77408
4.5000 1 1682.96448
4.6000 1 0.0
4.7000 1 0.0
4.8000 1 0.0
4.9000 1 5117.05088
5.0000 1 5546.96704
5.1000 1 5599.39584
5.2000 1 5704.25344
5.3000 1 5746.19648
5.4000 1 5672.79616
5.5000 1 5683.28192
5.6000 1 5809.11104
5.7000 1 5756.68224
5.8000 1 5756.68224
5.9000 1 5788.13952
6.0000 1 5798.62528
6.1000 1 5735.71072
6.2000 1 5809.11104
6.3000 1 2238.70976
6.4000 1 52.4288
6.5000 1 0.0
6.6000 1 0.0
6.7000 1 6805.25824
6.8000 1 7245.66016
6.9000 1 7434.40384
7.0000 1 7266.63168
7.1000 1 7340.032
7.2000 1 7434.40384
7.3000 1 7423.91808
7.4000 1 7423.91808
7.5000 1 7455.37536
7.6000 1 7497.3184
7.7000 1 7460.61824
7.8000 1 954.20416
7.9000 1 0.0
8.0000 1 0.0
8.1000 1 671.08864
8.2000 1 7161.77408
8.3000 1 7381.97504
8.4000 1 7455.37536
8.5000 1 7423.91808
8.6000 1 7423.91808
8.7000 1 7361.00352
8.8000 1 7381.97504
8.9000 1 7455.37536
9.0000 1 7413.43232
9.1000 1 7423.91808
9.2000 1 7219.44576
9.3000 1 62.91456
9.4000 1 0.0
9.5000 1 0.0
9.6000 1 2652.89728
9.7000 1 7623.14752
9.8000 1 7539.26144
9.9000 1 7717.51936
10.0000 1 7602.176
10.1000 1 7748.97664
10.2000 1 6490.68544
10.3000 1 5672.79616
10.4000 1 6847.20128
10.5000 1 8325.69344
10.6000 1 7717.51936
10.7000 1 5835.32544
10.8000 1 0.0
10.9000 1 0.0
11.0000 1 0.0
11.1000 1 4299.1616
11.2000 1 7602.176
11.3000 1 7728.00512
11.4000 1 7780.43392
11.5000 1 7717.51936
11.6000 1 7707.0336
11.7000 1 7728.00512
11.8000 1 7717.51936
11.9000 1 5536.48128
12.0000 1 0.0
12.1000 1 83.88608
12.2000 1 4561.3056
12.3000 1 10213.13024
12.4000 1 9746.51392
12.5000 1 52.4288
12.6000 1 73.40032
12.7000 1 73.40032
12.8000 1 3638.55872
12.9000 1 8000.63488
13.0000 1 7948.20608
13.1000 1 7958.69184
13.2000 1 7969.1776
13.3000 1 7990.14912
13.4000 1 8032.09216
13.5000 1 7979.66336
13.6000 1 8074.0352
13.7000 1 5567.93856
13.8000 1 6841.9584
13.9000 1 73.40032
14.0000 1 0.0
14.1000 1 62.91456
14.2000 1 4005.56032
14.3000 1 2128.60928
14.4000 1 7329.54624
14.5000 1 11093.93408
14.6000 1 8241.80736
14.7000 1 7895.77728
14.8000 1 7801.40544
14.9000 1 7948.20608
15.0000 1 7885.29152
15.1000 1 8042.57792
15.2000 1 7901.02016
15.3000 1 3093.2992
15.4000 1 73.40032
15.5000 1 73.40032
15.6000 1 73.40032
15.7000 1 7109.34528
15.8000 1 7853.83424
15.9000 1 7864.32
16.0000 1 7916.7488
16.1000 1 7937.72032
16.2000 1 8042.57792
16.3000 1 8032.09216
16.4000 1 8042.57792
16.5000 1 7990.14912
16.6000 1 8131.70688
16.7000 1 1772.09344
16.8000 1 73.40032
16.9000 1 52.4288
17.0000 1 52.4288
17.1000 1 7811.8912
17.2000 1 5022.67904
17.3000 1 8891.92448
17.4000 1 9122.6112
17.5000 1 7906.26304
17.6000 1 7906.26304
17.7000 1 7990.14912
17.8000 1 7822.37696
17.9000 1 7948.20608
18.0000 1 7764.70528
18.1000 1 4341.10464
18.2000 1 83.88608
18.3000 1 0.0
18.4000 1 0.0
18.5000 1 4634.70592
18.6000 1 5872.0256
18.7000 1 5934.94016
18.8000 1 5798.62528
18.9000 1 5924.4544
19.0000 1 5830.08256
19.1000 1 6018.82624
19.2000 1 6039.79776
19.3000 1 5913.96864
19.4000 1 5945.42592
19.5000 1 5924.4544
19.6000 1 5997.85472
19.7000 1 5940.18304
19.8000 1 5913.96864
19.9000 1 0.0
20.0000 1 73.40032
20.1000 1 62.91456
20.2000 1 744.48896
20.3000 1 6606.0288
20.4000 1 3701.47328
20.5000 1 2002.78016
20.6000 1 5484.05248
20.7000 1 7916.7488
20.8000 1 7843.34848
20.9000 1 8703.1808
21.0000 1 7927.23456
21.1000 1 8000.63488
21.2000 1 7906.26304
21.3000 1 8026.84928
21.4000 1 6836.71552
21.5000 1 0.0
21.6000 1 0.0
21.7000 1 0.0
21.8000 1 3418.35776
21.9000 1 7570.71872
22.0000 1 7633.63328
22.1000 1 7696.54784
22.2000 1 7654.6048
22.3000 1 7675.57632
22.4000 1 7748.97664
22.5000 1 7696.54784
22.6000 1 7780.43392
22.7000 1 7644.11904
22.8000 1 7733.248
22.9000 1 1593.83552
23.0000 1 0.0
23.1000 1 0.0
23.2000 1 0.0
23.3000 1 7319.06048
23.4000 1 7476.34688
23.5000 1 7444.8896
23.6000 1 7402.94656
23.7000 1 7602.176
23.8000 1 7444.8896
23.9000 1 7591.69024
24.0000 1 7539.26144
24.1000 1 7560.23296
24.2000 1 7638.87616
24.3000 1 6784.28672
24.4000 1 0.0
24.5000 1 0.0
24.6000 1 0.0
24.7000 1 3376.41472
24.8000 1 7623.14752
24.9000 1 7591.69024
25.0000 1 7591.69024
25.1000 1 7728.00512
25.2000 1 7581.20448
25.3000 1 7696.54784
25.4000 1 7633.63328
25.5000 1 7759.4624
25.6000 1 7665.09056
25.7000 1 7659.84768
25.8000 1 1835.008
25.9000 1 62.91456
26.0000 1 62.91456
26.1000 1 188.74368
26.2000 1 8021.6064
26.3000 1 7885.29152
26.4000 1 7843.34848
26.5000 1 7937.72032
26.6000 1 8032.09216
26.7000 1 7916.7488
26.8000 1 7686.06208
26.9000 1 7874.80576
27.0000 1 7958.69184
27.1000 1 8016.36352
27.2000 1 2317.35296
27.3000 1 73.40032
27.4000 1 83.88608
27.5000 1 251.65824
27.6000 1 7748.97664
27.7000 1 7675.57632
27.8000 1 7644.11904
27.9000 1 7644.11904
28.0000 1 7665.09056
28.1000 1 7644.11904
28.2000 1 7728.00512
28.3000 1 7644.11904
28.4000 1 7780.43392
28.5000 1 7617.90464
28.6000 1 4624.22016
28.7000 1 83.88608
28.8000 1 62.91456
28.9000 1 0.0
29.0000 1 4550.81984
29.1000 1 7497.3184
29.2000 1 7623.14752
29.3000 1 7728.00512
29.4000 1 6731.85792
29.5000 1 6270.48448
29.6000 1 6270.48448
29.7000 1 6239.0272
29.8000 1 6375.34208
29.9000 1 6186.5984
30.0000 1 7245.66016
30.1000 1 540.01664
30.2000 1 73.40032
30.3000 1 52.4288
30.4000 1 1258.2912
30.5000 1 7486.83264
30.6000 1 3690.98752
30.7000 1 2600.46848
30.8000 1 5924.4544
30.9000 1 7319.06048
31.0000 1 7413.43232
31.1000 1 7224.68864
31.2000 1 7308.57472
31.3000 1 7392.4608
31.4000 1 7581.20448
31.5000 1 7696.54784
31.6000 1 7665.09056
31.7000 1 1085.27616
31.8000 1 73.40032
31.9000 1 73.40032
32.0000 1 1048.576
32.1000 1 6847.20128
32.2000 1 7476.34688
32.3000 1 7759.4624
32.4000 1 7843.34848
32.5000 1 7350.51776
32.6000 1 7371.48928
32.7000 1 7633.63328
32.8000 1 7591.69024
32.9000 1 7518.28992
33.0000 1 6417.28512
33.1000 1 6663.70048
33.2000 1 10.48576
33.3000 1 73.40032
33.4000 1 62.91456
33.5000 1 2610.95424
33.6000 1 7319.06048
33.7000 1 7728.00512
33.8000 1 7193.23136
33.9000 1 7004.48768
34.0000 1 7832.86272
34.1000 1 7780.43392
34.2000 1 7518.28992
34.3000 1 7612.66176
34.4000 1 6910.11584
34.5000 1 7549.7472
34.6000 1 4524.60544
34.7000 1 73.40032
34.8000 1 62.91456
34.9000 1 62.91456
35.0000 1 4896.84992
35.1000 1 7277.11744
35.2000 1 7602.176
35.3000 1 7801.40544
35.4000 1 7707.0336
35.5000 1 7675.57632
35.6000 1 6931.08736
35.7000 1 10349.44512
35.8000 1 11062.4768
35.9000 1 9185.52576
36.0000 1 7670.33344
36.1000 1 1656.75008
36.2000 1 62.91456
36.3000 1 157.2864
36.4000 1 262.144
36.5000 1 7581.20448
36.6000 1 7560.23296
36.7000 1 7696.54784
36.8000 1 7549.7472
36.9000 1 7570.71872
37.0000 1 7644.11904
37.1000 1 7654.6048
37.2000 1 7539.26144
37.3000 1 7675.57632
37.4000 1 7722.76224
37.5000 1 5012.19328
37.6000 1 83.88608
37.7000 1 73.40032
37.8000 1 83.88608
37.9000 1 4131.38944
38.0000 1 7811.8912
38.1000 1 7728.00512
38.2000 1 7832.86272
38.3000 1 7748.97664
38.4000 1 4278.19008
38.5000 1 11177.82016
38.6000 1 7843.34848
38.7000 1 7675.57632
38.8000 1 7754.21952
38.9000 1 7602.176
39.0000 1 0.0
39.1000 1 0.0
39.2000 1 0.0
39.3000 1 4624.22016
39.4000 1 9657.38496
39.5000 1 7927.23456
39.6000 1 8074.0352
39.7000 1 7990.14912
39.8000 1 7969.1776
39.9000 1 7979.66336
40.0000 1 8115.97824
40.1000 1 8042.57792
40.2000 1 8089.76384
40.3000 1 1960.83712
40.4000 1 73.40032
40.5000 1 62.91456
40.6000 1 0.0
40.7000 1 5840.56832
40.8000 1 1709.17888
40.9000 1 5945.42592
41.0000 1 11649.67936
41.1000 1 9678.35648
41.2000 1 7570.71872
41.3000 1 7822.37696
41.4000 1 7675.57632
41.5000 1 7864.32
41.6000 1 7822.37696
41.7000 1 7659.84768
41.8000 1 1876.95104
41.9000 1 73.40032
42.0000 1 0.0
42.1000 1 0.0
42.2000 1 7350.51776
42.3000 1 8273.26464
42.4000 1 7790.91968
42.5000 1 7728.00512
42.6000 1 7476.34688
42.7000 1 7686.06208
42.8000 1 7822.37696
42.9000 1 7738.49088
43.0000 1 7612.66176
43.1000 1 7785.6768
43.2000 1 4414.50496
43.3000 1 83.88608
43.4000 1 52.4288
43.5000 1 52.4288
43.6000 1 1835.008
43.7000 1 356.51584
43.8000 1 3921.67424
43.9000 1 10768.87552
44.0000 1 11408.50688
44.1000 1 8367.63648
44.2000 1 8388.608
44.3000 1 8472.49408
44.4000 1 8189.37856
44.5000 1 8283.7504
44.6000 1 8320.45056
44.7000 1 3355.4432
44.8000 1 115.34336
44.9000 1 0.0
45.0000 1 73.40032
45.1000 1 4739.56352
45.2000 1 5819.5968
45.3000 1 5704.25344
45.4000 1 7633.63328
45.5000 1 7769.94816
45.6000 1 7979.66336
45.7000 1 7927.23456
45.8000 1 7906.26304
45.9000 1 7853.83424
46.0000 1 8032.09216
46.1000 1 7827.61984
46.2000 1 2485.12512
46.3000 1 73.40032
46.4000 1 0.0
46.5000 1 0.0
46.6000 1 5735.71072
46.7000 1 5620.36736
46.8000 1 5767.168
46.9000 1 5798.62528
47.0000 1 6700.40064
47.1000 1 7581.20448
47.2000 1 7759.4624
47.3000 1 7654.6048
47.4000 1 7686.06208
47.5000 1 7738.49088
47.6000 1 6904.87296
47.7000 1 4854.90688
47.8000 1 73.40032
47.9000 1 62.91456
48.0000 1 62.91456
48.1000 1 2285.89568
48.2000 1 6490.68544
48.3000 1 6239.0272
48.4000 1 6301.94176
48.5000 1 6700.40064
48.6000 1 7308.57472
48.7000 1 7476.34688
48.8000 1 7361.00352
48.9000 1 7361.00352
49.0000 1 7235.1744
49.1000 1 7035.94496
49.2000 1 3507.48672
49.3000 1 62.91456
49.4000 1 73.40032
49.5000 1 62.91456
49.6000 1 4907.33568
49.7000 1 6679.42912
49.8000 1 7329.54624
49.9000 1 7025.4592
50.0000 1 7025.4592
50.1000 1 6773.80096
50.2000 1 6490.68544
50.3000 1 7277.11744
50.4000 1 7581.20448
50.5000 1 6857.68704
50.6000 1 6889.14432
50.7000 1 6600.78592
50.8000 1 146.80064
50.9000 1 73.40032
51.0000 1 0.0
51.1000 1 2348.81024
51.2000 1 7874.80576
51.3000 1 8524.92288
51.4000 1 8462.00832
51.5000 1 7958.69184
51.6000 1 8294.23616
51.7000 1 8147.43552
51.8000 1 7549.7472
51.9000 1 7256.14592
52.0000 1 7822.37696
52.1000 1 7387.21792
52.2000 1 83.88608
52.3000 1 73.40032
52.4000 1 73.40032
52.5000 1 2390.75328
52.6000 1 8032.09216
52.7000 1 8074.0352
52.8000 1 7916.7488
52.9000 1 7035.94496
53.0000 1 8095.00672
53.1000 1 7969.1776
53.2000 1 8157.92128
53.3000 1 8000.63488
53.4000 1 8420.06528
53.5000 1 7460.61824
53.6000 1 0.0
53.7000 1 83.88608
53.8000 1 73.40032
53.9000 1 398.45888
54.0000 1 7539.26144
54.1000 1 6689.91488
54.2000 1 7623.14752
54.3000 1 7696.54784
54.4000 1 7979.66336
54.5000 1 8095.00672
54.6000 1 7675.57632
54.7000 1 7476.34688
54.8000 1 7738.49088
54.9000 1 7623.14752
55.0000 1 5069.86496
55.1000 1 73.40032
55.2000 1 73.40032
55.3000 1 94.37184
55.4000 1 4718.592
55.5000 1 8084.52096
55.6000 1 7811.8912
55.7000 1 7518.28992
55.8000 1 7214.20288
55.9000 1 7612.66176
56.0000 1 7979.66336
56.1000 1 7224.68864
56.2000 1 7612.66176
56.3000 1 7633.63328
56.4000 1 7780.43392
56.5000 1 372.24448
56.6000 1 73.40032
56.7000 1 73.40032
56.8000 1 1300.23424
56.9000 1 6595.54304
57.0000 1 6994.00192
57.1000 1 6637.48608
57.2000 1 6731.85792
57.3000 1 6627.00032
57.4000 1 8210.35008
57.5000 1 7748.97664
57.6000 1 7958.69184
57.7000 1 7444.8896
57.8000 1 7665.09056
57.9000 1 7796.16256
58.0000 1 0.0
58.1000 1 83.88608
58.2000 1 73.40032
58.3000 1 1342.17728
58.4000 1 8000.63488
58.5000 1 7728.00512
58.6000 1 7707.0336
58.7000 1 7591.69024
58.8000 1 7822.37696
58.9000 1 8063.54944
59.0000 1 7780.43392
59.1000 1 7486.83264
59.2000 1 6606.0288
59.3000 1 6721.37216
59.4000 1 4807.72096
59.5000 1 83.88608
59.6000 1 94.37184
59.7000 1 0.0
59.8000 1 3995.07456
59.9000 1 6532.62848
60.0000 1 6647.97184
60.1000 1 6469.71392
60.2000 1 7958.69184
60.3000 1 8283.7504
60.4000 1 7381.97504
60.5000 1 5976.8832
60.6000 1 5955.91168
60.7000 1 6008.34048
60.8000 1 6071.25504
60.9000 1 5945.42592
61.0000 1 6024.06912
61.1000 1 5955.91168
61.2000 1 713.03168
61.3000 1 0.0
61.4000 1 0.0
61.5000 1 1457.52064
61.6000 1 5809.11104
61.7000 1 6039.79776
61.8000 1 6018.82624
61.9000 1 6029.312
62.0000 1 5976.8832
62.1000 1 5882.51136
62.2000 1 6029.312
62.3000 1 6060.76928
62.4000 1 6522.14272
62.5000 1 7958.69184
62.6000 1 7885.29152
62.7000 1 8131.70688
62.8000 1 1897.92256
62.9000 1 0.0
63.0000 1 0.0
63.1000 1 398.45888
63.2000 1 7958.69184
63.3000 1 7885.29152
63.4000 1 7916.7488
63.5000 1 8063.54944
63.6000 1 7927.23456
63.7000 1 7937.72032
63.8000 1 7864.32
63.9000 1 8021.6064
64.0000 1 7969.1776
64.1000 1 8026.84928
64.2000 1 1793.06496
64.3000 1 94.37184
64.4000 1 0.0
64.5000 1 723.51744
64.6000 1 7560.23296
64.7000 1 7612.66176
64.8000 1 7675.57632
64.9000 1 7832.86272
65.0000 1 7717.51936
65.1000 1 7769.94816
65.2000 1 7696.54784
65.3000 1 7822.37696
65.4000 1 7769.94816
65.5000 1 7911.50592
65.6000 1 3701.47328
65.7000 1 0.0
65.8000 1 0.0
65.9000 1 0.0
66.0000 1 5872.0256
66.1000 1 7843.34848
66.2000 1 7927.23456
66.3000 1 7948.20608
66.4000 1 7927.23456
66.5000 1 8126.464
66.6000 1 7906.26304
66.7000 1 7958.69184
66.8000 1 7853.83424
66.9000 1 3837.78816
67.0000 1 351.27296
67.1000 1 83.88608
67.2000 1 0.0
67.3000 1 83.88608
67.4000 1 0.0
67.5000 1 6826.22976
67.6000 1 12582.912
67.7000 1 8703.1808
67.8000 1 7790.91968
67.9000 1 8011.12064
68.0000 1 7874.80576
68.1000 1 8063.54944
68.2000 1 8084.52096
68.3000 1 7979.66336
68.4000 1 8152.6784
68.5000 1 5861.53984
68.6000 1 0.0
68.7000 1 0.0
68.8000 1 0.0
68.9000 1 4299.1616
69.0000 1 5096.07936
69.1000 1 10863.24736
69.2000 1 8000.63488
69.3000 1 7927.23456
69.4000 1 8000.63488
69.5000 1 8126.464
69.6000 1 7748.97664
69.7000 1 8157.92128
69.8000 1 5195.69408
