0.1000 1 0.0
0.2000 1 964.68992
0.3000 1 6438.25664
0.4000 1 8849.98144
0.5000 1 8713.66656
0.6000 1 8661.23776
0.7000 1 8671.72352
0.8000 1 8661.23776
0.9000 1 8713.66656
1.0000 1 8703.1808
1.1000 1 8692.69504
1.2000 1 5132.77952
1.3000 1 62.91456
1.4000 1 0.0
1.5000 1 2621.44
1.6000 1 8713.66656
1.7000 1 8912.896
1.8000 1 8766.09536
1.9000 1 8713.66656
2.0000 1 8713.66656
2.1000 1 8661.23776
2.2000 1 8671.72352
2.3000 1 8640.26624
2.4000 1 8734.63808
2.5000 1 665.84576
2.6000 1 0.0
2.7000 1 0.0
2.8000 1 7235.1744
2.9000 1 8860.4672
3.0000 1 8891.92448
3.1000 1 8849.98144
3.2000 1 8829.00992
3.3000 1 8692.69504
3.4000 1 8776.58112
3.5000 1 8703.1808
3.6000 1 8766.09536
3.7000 1 4220.5184
3.8000 1 0.0
3.9000 1 0.0
4.0000 1 3932.16
4.1000 1 8933.86752
4.2000 1 8923.38176
4.3000 1 8776.58112
4.4000 1 8661.23776
4.5000 1 8713.66656
4.6000 1 8703.1808
4.7000 1 8734.63808
4.8000 1 8713.66656
4.9000 1 7513.04704
5.0000 1 52.4288
5.1000 1 0.0
5.2000 1 0.0
5.3000 1 8136.94976
5.4000 1 8545.8944
5.5000 1 8556.38016
5.6000 1 8577.35168
5.7000 1 8629.78048
5.8000 1 8514.43712
5.9000 1 8472.49408
6.0000 1 8482.97984
6.1000 1 8451.52256
6.2000 1 5332.00896
6.3000 1 52.4288
6.4000 1 0.0
6.5000 1 2506.09664
6.6000 1 8640.26624
6.7000 1 8912.896
6.8000 1 9049.21088
6.9000 1 8954.83904
7.0000 1 8975.81056
7.1000 1 8755.6096
7.2000 1 8839.49568
7.3000 1 8734.63808
7.4000 1 8320.45056
7.5000 1 0.0
7.6000 1 0.0
7.7000 1 0.0
7.8000 1 7948.20608
7.9000 1 8986.29632
8.0000 1 8986.29632
8.1000 1 8839.49568
8.2000 1 8776.58112
8.3000 1 8766.09536
8.4000 1 8818.52416
8.5000 1 8787.06688
8.6000 1 8776.58112
8.7000 1 3004.17024
8.8000 1 0.0
8.9000 1 0.0
9.0000 1 4540.33408
9.1000 1 8713.66656
9.2000 1 8755.6096
9.3000 1 8619.29472
9.4000 1 8682.20928
9.5000 1 8682.20928
9.6000 1 8671.72352
9.7000 1 8713.66656
9.8000 1 8671.72352
9.9000 1 7638.87616
10.0000 1 73.40032
10.1000 1 0.0
10.2000 1 0.0
10.3000 1 6343.8848
10.4000 1 6689.91488
10.5000 1 6721.37216
10.6000 1 6784.28672
10.7000 1 6857.68704
10.8000 1 6731.85792
10.9000 1 6899.63008
11.0000 1 7298.08896
11.1000 1 8378.12224
11.2000 1 8430.55104
11.3000 1 8409.57952
11.4000 1 2144.33792
11.5000 1 0.0
11.6000 1 0.0
11.7000 1 5337.25184
11.8000 1 8577.35168
11.9000 1 8650.752
12.0000 1 8608.80896
12.1000 1 8430.55104
12.2000 1 8451.52256
12.3000 1 8378.12224
12.4000 1 8472.49408
12.5000 1 8462.00832
12.6000 1 8404.33664
12.7000 1 0.0
12.8000 1 0.0
12.9000 1 0.0
13.0000 1 7801.40544
13.1000 1 8829.00992
13.2000 1 8860.4672
13.3000 1 8870.95296
13.4000 1 8682.20928
13.5000 1 8755.6096
13.6000 1 8766.09536
13.7000 1 8734.63808
13.8000 1 8671.72352
13.9000 1 3801.088
14.0000 1 0.0
14.1000 1 0.0
14.2000 1 4173.33248
14.3000 1 8933.86752
14.4000 1 8902.41024
14.5000 1 8975.81056
14.6000 1 8797.55264
14.7000 1 8766.09536
14.8000 1 8724.15232
14.9000 1 8745.12384
15.0000 1 8755.6096
15.1000 1 6988.75904
15.2000 1 0.0
15.3000 1 0.0
15.4000 1 576.7168
15.5000 1 8545.8944
15.6000 1 8797.55264
15.7000 1 8797.55264
15.8000 1 8755.6096
15.9000 1 8598.3232
16.0000 1 8566.86592
16.1000 1 8566.86592
16.2000 1 8608.80896
16.3000 1 8724.15232
16.4000 1 3192.91392
16.5000 1 0.0
16.6000 1 0.0
16.7000 1 3942.64576
16.8000 1 8619.29472
16.9000 1 8692.69504
17.0000 1 8703.1808
17.1000 1 8734.63808
17.2000 1 8650.752
17.3000 1 8619.29472
17.4000 1 8734.63808
17.5000 1 8734.63808
17.6000 1 8257.536
17.7000 1 0.0
17.8000 1 0.0
17.9000 1 0.0
18.0000 1 6847.20128
18.1000 1 8587.83744
18.2000 1 8566.86592
18.3000 1 8640.26624
18.4000 1 8556.38016
18.5000 1 8472.49408
18.6000 1 5096.07936
18.7000 1 10370.41664
18.8000 1 8273.26464
18.9000 1 8268.02176
19.0000 1 639.63136
19.1000 1 0.0
19.2000 1 0.0
19.3000 1 4466.93376
19.4000 1 6280.97024
19.5000 1 6417.28512
19.6000 1 6438.25664
19.7000 1 8409.57952
19.8000 1 8713.66656
19.9000 1 8514.43712
20.0000 1 8587.83744
20.1000 1 8545.8944
20.2000 1 8482.97984
20.3000 1 6946.816
20.4000 1 0.0
20.5000 1 0.0
20.6000 1 975.17568
20.7000 1 8713.66656
20.8000 1 9500.09856
20.9000 1 8629.78048
21.0000 1 8566.86592
21.1000 1 8482.97984
21.2000 1 8587.83744
21.3000 1 8524.92288
21.4000 1 8524.92288
21.5000 1 8566.86592
21.6000 1 2752.512
21.7000 1 0.0
21.8000 1 0.0
21.9000 1 4362.07616
22.0000 1 8325.69344
22.1000 1 8399.09376
22.2000 1 8378.12224
22.3000 1 8409.57952
22.4000 1 8346.66496
22.5000 1 8262.77888
22.6000 1 7549.7472
22.7000 1 7979.66336
22.8000 1 7203.71712
22.9000 1 3706.71616
23.0000 1 62.91456
23.1000 1 73.40032
23.2000 1 62.91456
23.3000 1 429.91616
23.4000 1 0.0
23.5000 1 5054.13632
23.6000 1 8441.0368
23.7000 1 8168.40704
23.8000 1 8168.40704
23.9000 1 12991.85664
24.0000 1 8231.3216
24.1000 1 8231.3216
24.2000 1 8241.80736
24.3000 1 7738.49088
24.4000 1 5845.8112
24.5000 1 62.91456
24.6000 1 73.40032
24.7000 1 440.40192
24.8000 1 7686.06208
24.9000 1 7927.23456
25.0000 1 8011.12064
25.1000 1 8000.63488
25.2000 1 8189.37856
25.3000 1 8514.43712
25.4000 1 8336.1792
25.5000 1 8283.7504
25.6000 1 8178.8928
25.7000 1 7921.99168
25.8000 1 146.80064
25.9000 1 62.91456
26.0000 1 73.40032
26.1000 1 7696.54784
26.2000 1 7969.1776
26.3000 1 8199.86432
26.4000 1 8357.15072
26.5000 1 8462.00832
26.6000 1 8420.06528
26.7000 1 8304.72192
26.8000 1 8252.29312
26.9000 1 8231.3216
27.0000 1 7712.27648
27.1000 1 62.91456
27.2000 1 73.40032
27.3000 1 62.91456
27.4000 1 7906.26304
27.5000 1 7906.26304
27.6000 1 8105.49248
27.7000 1 8325.69344
27.8000 1 8063.54944
27.9000 1 8294.23616
28.0000 1 8168.40704
28.1000 1 8273.26464
28.2000 1 8441.0368
28.3000 1 9033.48224
28.4000 1 0.0
28.5000 1 0.0
28.6000 1 0.0
28.7000 1 8095.00672
28.8000 1 8671.72352
28.9000 1 8640.26624
29.0000 1 8577.35168
29.1000 1 8535.40864
29.2000 1 8566.86592
29.3000 1 8545.8944
29.4000 1 8524.92288
29.5000 1 8556.38016
29.6000 1 5111.808
29.7000 1 52.4288
29.8000 1 0.0
29.9000 1 1992.2944
30.0000 1 8577.35168
30.1000 1 8703.1808
30.2000 1 4204.78976
30.3000 1 3879.7312
30.4000 1 8682.20928
30.5000 1 8409.57952
30.6000 1 8399.09376
30.7000 1 8378.12224
30.8000 1 8346.66496
30.9000 1 8231.3216
31.0000 1 3979.34592
31.1000 1 0.0
31.2000 1 0.0
31.3000 1 2338.32448
31.4000 1 6480.19968
31.5000 1 6585.05728
31.6000 1 6637.48608
31.7000 1 6637.48608
31.8000 1 6606.0288
31.9000 1 6658.4576
32.0000 1 6710.8864
32.1000 1 6658.4576
32.2000 1 6668.94336
32.3000 1 6689.91488
32.4000 1 6658.4576
32.5000 1 6474.9568
32.6000 1 0.0
32.7000 1 0.0
32.8000 1 0.0
32.9000 1 7465.86112
33.0000 1 8556.38016
33.1000 1 8577.35168
33.2000 1 8493.4656
33.3000 1 8503.95136
33.4000 1 8420.06528
33.5000 1 8420.06528
33.6000 1 8493.4656
33.7000 1 8399.09376
33.8000 1 6506.41408
33.9000 1 0.0
34.0000 1 0.0
34.1000 1 482.34496
34.2000 1 8367.63648
34.3000 1 8724.15232
34.4000 1 8818.52416
34.5000 1 8703.1808
34.6000 1 8692.69504
34.7000 1 8535.40864
34.8000 1 8587.83744
34.9000 1 8493.4656
35.0000 1 8566.86592
35.1000 1 3759.14496
35.2000 1 0.0
35.3000 1 0.0
35.4000 1 4257.21856
35.5000 1 8734.63808
35.6000 1 8734.63808
35.7000 1 8745.12384
35.8000 1 8745.12384
35.9000 1 8503.95136
36.0000 1 8577.35168
36.1000 1 8514.43712
36.2000 1 8493.4656
36.3000 1 8456.76544
36.4000 1 0.0
36.5000 1 0.0
36.6000 1 0.0
36.7000 1 7172.25984
36.8000 1 8535.40864
36.9000 1 8577.35168
37.0000 1 8734.63808
37.1000 1 8566.86592
37.2000 1 8503.95136
37.3000 1 8556.38016
37.4000 1 8524.92288
37.5000 1 8566.86592
37.6000 1 6128.92672
37.7000 1 0.0
37.8000 1 0.0
37.9000 1 1121.97632
38.0000 1 8451.52256
38.1000 1 8430.55104
38.2000 1 8556.38016
38.3000 1 8556.38016
38.4000 1 8420.06528
38.5000 1 8462.00832
38.6000 1 8399.09376
38.7000 1 8451.52256
38.8000 1 8493.4656
38.9000 1 4556.06272
39.0000 1 0.0
39.1000 1 0.0
39.2000 1 2317.35296
39.3000 1 8283.7504
39.4000 1 8032.09216
39.5000 1 7874.80576
39.6000 1 8378.12224
39.7000 1 8378.12224
39.8000 1 8315.20768
39.9000 1 7518.28992
40.0000 1 8074.0352
40.1000 1 8231.3216
40.2000 1 5531.2384
40.3000 1 73.40032
40.4000 1 62.91456
40.5000 1 1142.94784
40.6000 1 8367.63648
40.7000 1 8126.464
40.8000 1 8032.09216
40.9000 1 8357.15072
41.0000 1 8315.20768
41.1000 1 8178.8928
41.2000 1 8189.37856
41.3000 1 8053.06368
41.4000 1 8503.95136
41.5000 1 6370.0992
41.6000 1 73.40032
41.7000 1 73.40032
41.8000 1 660.60288
41.9000 1 8126.464
42.0000 1 8378.12224
42.1000 1 8304.72192
42.2000 1 8178.8928
42.3000 1 8462.00832
42.4000 1 8556.38016
42.5000 1 8105.49248
42.6000 1 7906.26304
42.7000 1 8252.29312
42.8000 1 6695.15776
42.9000 1 0.0
43.0000 1 136.31488
43.1000 1 671.08864
43.2000 1 7549.7472
43.3000 1 8157.92128
43.4000 1 8325.69344
43.5000 1 8199.86432
43.6000 1 8262.77888
43.7000 1 8252.29312
43.8000 1 8304.72192
43.9000 1 8000.63488
44.0000 1 8178.8928
44.1000 1 7691.30496
44.2000 1 62.91456
44.3000 1 62.91456
44.4000 1 62.91456
44.5000 1 6742.34368
44.6000 1 8619.29472
44.7000 1 8210.35008
44.8000 1 9300.86912
44.9000 1 8587.83744
45.0000 1 8493.4656
45.1000 1 8399.09376
45.2000 1 8472.49408
45.3000 1 8451.52256
45.4000 1 7041.18784
45.5000 1 0.0
45.6000 1 0.0
45.7000 1 209.7152
45.8000 1 8325.69344
45.9000 1 8566.86592
46.0000 1 8472.49408
46.1000 1 8493.4656
46.2000 1 8441.0368
46.3000 1 8420.06528
46.4000 1 8556.38016
46.5000 1 8608.80896
46.6000 1 8587.83744
46.7000 1 5185.20832
46.8000 1 0.0
46.9000 1 0.0
47.0000 1 2516.5824
47.1000 1 8482.97984
47.2000 1 8650.752
47.3000 1 8671.72352
47.4000 1 8503.95136
47.5000 1 8503.95136
47.6000 1 8503.95136
47.7000 1 8000.63488
47.8000 1 5379.19488
47.9000 1 8451.52256
48.0000 1 6558.84288
48.1000 1 0.0
48.2000 1 0.0
48.3000 1 471.8592
48.4000 1 8451.52256
48.5000 1 8535.40864
48.6000 1 8524.92288
48.7000 1 8587.83744
48.8000 1 2831.1552
48.9000 1 12016.68096
49.0000 1 8566.86592
49.1000 1 8577.35168
49.2000 1 8545.8944
49.3000 1 8572.1088
49.4000 1 943.7184
49.5000 1 0.0
49.6000 1 0.0
49.7000 1 5976.8832
49.8000 1 8629.78048
49.9000 1 8912.896
50.0000 1 8881.43872
50.1000 1 8912.896
50.2000 1 8671.72352
50.3000 1 8724.15232
50.4000 1 6207.56992
50.5000 1 11051.99104
50.6000 1 5709.49632
50.7000 1 125.82912
50.8000 1 52.4288
50.9000 1 2013.26592
51.0000 1 8682.20928
51.1000 1 8808.0384
51.2000 1 8849.98144
51.3000 1 8849.98144
51.4000 1 8640.26624
51.5000 1 8629.78048
51.6000 1 8703.1808
51.7000 1 8619.29472
51.8000 1 8635.02336
51.9000 1 1184.89088
52.0000 1 52.4288
52.1000 1 0.0
52.2000 1 5557.4528
52.3000 1 8619.29472
52.4000 1 8849.98144
52.5000 1 8755.6096
52.6000 1 8682.20928
52.7000 1 8650.752
52.8000 1 8734.63808
52.9000 1 8713.66656
53.0000 1 8608.80896
53.1000 1 6569.32864
53.2000 1 0.0
53.3000 1 0.0
53.4000 1 964.68992
53.5000 1 8566.86592
53.6000 1 8640.26624
53.7000 1 8671.72352
53.8000 1 8430.55104
53.9000 1 8598.3232
54.0000 1 8503.95136
54.1000 1 8577.35168
54.2000 1 8608.80896
54.3000 1 8624.5376
54.4000 1 3628.07296
54.5000 1 0.0
54.6000 1 0.0
54.7000 1 4068.47488
54.8000 1 8787.06688
54.9000 1 8829.00992
55.0000 1 8818.52416
55.1000 1 8671.72352
55.2000 1 8587.83744
55.3000 1 8650.752
55.4000 1 8598.3232
55.5000 1 8703.1808
55.6000 1 8068.79232
55.7000 1 62.91456
55.8000 1 83.88608
55.9000 1 0.0
56.0000 1 7507.80416
56.1000 1 5054.13632
56.2000 1 6029.312
56.3000 1 10475.27424
56.4000 1 9049.21088
56.5000 1 8294.23616
56.6000 1 8399.09376
56.7000 1 8367.63648
56.8000 1 8346.66496
56.9000 1 8299.47904
57.0000 1 1897.92256
57.1000 1 0.0
57.2000 1 0.0
57.3000 1 4844.42112
57.4000 1 8399.09376
57.5000 1 8577.35168
57.6000 1 8524.92288
57.7000 1 8399.09376
57.8000 1 8451.52256
57.9000 1 8336.1792
58.0000 1 8420.06528
58.1000 1 8451.52256
58.2000 1 8383.36512
58.3000 1 1048.576
58.4000 1 73.40032
58.5000 1 0.0
58.6000 1 6249.51296
58.7000 1 8566.86592
58.8000 1 8388.608
58.9000 1 8587.83744
59.0000 1 8577.35168
59.1000 1 8629.78048
59.2000 1 8724.15232
59.3000 1 8682.20928
59.4000 1 8640.26624
59.5000 1 6663.70048
59.6000 1 83.88608
59.7000 1 73.40032
59.8000 1 985.66144
59.9000 1 8682.20928
60.0000 1 8829.00992
60.1000 1 8818.52416
60.2000 1 8598.3232
60.3000 1 8682.20928
60.4000 1 8566.86592
60.5000 1 8661.23776
60.6000 1 8640.26624
60.7000 1 7041.18784
