0.1000 1 0.0
0.2000 1 94.37184
0.3000 1 8608.80896
0.4000 1 8503.95136
0.5000 1 8713.66656
0.6000 1 8797.55264
0.7000 1 8629.78048
0.8000 1 8587.83744
0.9000 1 8619.29472
1.0000 1 8629.78048
1.1000 1 8682.20928
1.2000 1 4440.71936
1.3000 1 0.0
1.4000 1 0.0
1.5000 1 0.0
1.6000 1 157.2864
1.7000 1 6910.11584
1.8000 1 9363.78368
1.9000 1 8409.57952
2.0000 1 8682.20928
2.1000 1 8545.8944
2.2000 1 8503.95136
2.3000 1 8462.00832
2.4000 1 7654.6048
2.5000 1 7235.1744
2.6000 1 2222.98112
2.7000 1 5195.69408
2.8000 1 83.88608
2.9000 1 62.91456
3.0000 1 0.0
3.1000 1 1614.80704
3.2000 1 8399.09376
3.3000 1 8273.26464
3.4000 1 8797.55264
3.5000 1 8524.92288
3.6000 1 8357.15072
3.7000 1 8074.0352
3.8000 1 8556.38016
3.9000 1 8336.1792
4.0000 1 8441.0368
4.1000 1 4199.54688
4.2000 1 73.40032
4.3000 1 73.40032
4.4000 1 62.91456
4.5000 1 2306.8672
4.6000 1 8357.15072
4.7000 1 8157.92128
4.8000 1 8776.58112
4.9000 1 12236.88192
5.0000 1 8524.92288
5.1000 1 8147.43552
5.2000 1 8126.464
5.3000 1 8545.8944
5.4000 1 7455.37536
5.5000 1 948.96128
5.6000 1 62.91456
5.7000 1 62.91456
5.8000 1 83.88608
5.9000 1 4938.79296
6.0000 1 1593.83552
6.1000 1 283.11552
6.2000 1 534.77376
6.3000 1 1059.06176
6.4000 1 3575.64416
6.5000 1 3890.21696
6.6000 1 2160.06656
6.7000 1 8388.608
6.8000 1 7340.032
6.9000 1 4215.27552
7.0000 1 8472.49408
7.1000 1 8482.97984
7.2000 1 7109.34528
7.3000 1 8482.97984
7.4000 1 8241.80736
7.5000 1 2783.96928
7.6000 1 62.91456
7.7000 1 73.40032
7.8000 1 83.88608
7.9000 1 3229.61408
8.0000 1 8136.94976
8.1000 1 8147.43552
8.2000 1 8210.35008
8.3000 1 8482.97984
8.4000 1 8713.66656
8.5000 1 8766.09536
8.6000 1 8367.63648
8.7000 1 8388.608
8.8000 1 9269.41184
8.9000 1 4325.376
9.0000 1 73.40032
9.1000 1 73.40032
9.2000 1 73.40032
9.3000 1 4949.27872
9.4000 1 8503.95136
9.5000 1 8503.95136
9.6000 1 8734.63808
9.7000 1 8545.8944
9.8000 1 8514.43712
9.9000 1 8357.15072
10.0000 1 8378.12224
10.1000 1 8409.57952
10.2000 1 8309.9648
10.3000 1 1656.75008
10.4000 1 73.40032
10.5000 1 73.40032
10.6000 1 0.0
10.7000 1 4812.96384
10.8000 1 8420.06528
10.9000 1 8283.7504
11.0000 1 6763.3152
11.1000 1 5085.5936
11.2000 1 9101.63968
11.3000 1 11146.36288
11.4000 1 8619.29472
11.5000 1 8577.35168
11.6000 1 8603.56608
11.7000 1 2191.52384
11.8000 1 73.40032
11.9000 1 0.0
12.0000 1 0.0
12.1000 1 5400.1664
12.2000 1 8818.52416
12.3000 1 8891.92448
12.4000 1 8734.63808
12.5000 1 8734.63808
12.6000 1 8629.78048
12.7000 1 8671.72352
12.8000 1 8671.72352
12.9000 1 8671.72352
13.0000 1 6516.89984
13.1000 1 0.0
13.2000 1 0.0
13.3000 1 0.0
13.4000 1 94.37184
13.5000 1 8566.86592
13.6000 1 8808.0384
13.7000 1 8829.00992
13.8000 1 8881.43872
13.9000 1 8849.98144
14.0000 1 8766.09536
14.1000 1 8629.78048
14.2000 1 8640.26624
14.3000 1 8645.50912
14.4000 1 2936.0128
14.5000 1 73.40032
14.6000 1 0.0
14.7000 1 0.0
14.8000 1 3439.32928
14.9000 1 6354.37056
15.0000 1 6616.51456
15.1000 1 6627.00032
15.2000 1 6585.05728
15.3000 1 6637.48608
15.4000 1 6606.0288
15.5000 1 6595.54304
15.6000 1 6637.48608
15.7000 1 6553.6
15.8000 1 6658.4576
15.9000 1 6647.97184
16.0000 1 5373.952
16.1000 1 73.40032
16.2000 1 62.91456
16.3000 1 0.0
16.4000 1 0.0
16.5000 1 5955.91168
16.6000 1 6826.22976
16.7000 1 8703.1808
16.8000 1 8661.23776
16.9000 1 8797.55264
17.0000 1 8734.63808
17.1000 1 8566.86592
17.2000 1 8587.83744
17.3000 1 8598.3232
17.4000 1 8184.13568
17.5000 1 94.37184
17.6000 1 73.40032
17.7000 1 0.0
17.8000 1 0.0
17.9000 1 7455.37536
18.0000 1 8482.97984
18.1000 1 8661.23776
18.2000 1 8797.55264
18.3000 1 8650.752
18.4000 1 8629.78048
18.5000 1 8619.29472
18.6000 1 8682.20928
18.7000 1 8608.80896
18.8000 1 5111.808
18.9000 1 73.40032
19.0000 1 0.0
19.1000 1 0.0
19.2000 1 1793.06496
19.3000 1 8357.15072
19.4000 1 8388.608
19.5000 1 8378.12224
19.6000 1 8399.09376
19.7000 1 8388.608
19.8000 1 8189.37856
19.9000 1 8220.83584
20.0000 1 8189.37856
20.1000 1 8315.20768
20.2000 1 5059.3792
20.3000 1 73.40032
20.4000 1 73.40032
20.5000 1 0.0
20.6000 1 1447.03488
20.7000 1 7822.37696
20.8000 1 8787.06688
20.9000 1 7654.6048
21.0000 1 7287.6032
21.1000 1 7665.09056
21.2000 1 5326.76608
21.3000 1 2831.1552
21.4000 1 5767.168
21.5000 1 8441.0368
21.6000 1 8189.37856
21.7000 1 6579.8144
21.8000 1 0.0
21.9000 1 83.88608
22.0000 1 62.91456
22.1000 1 146.80064
22.2000 1 7885.29152
22.3000 1 8619.29472
22.4000 1 8462.00832
22.5000 1 8168.40704
22.6000 1 8430.55104
22.7000 1 8199.86432
22.8000 1 8147.43552
22.9000 1 8399.09376
23.0000 1 7853.83424
23.1000 1 7324.30336
23.2000 1 0.0
23.3000 1 62.91456
23.4000 1 73.40032
23.5000 1 73.40032
23.6000 1 7161.77408
23.7000 1 8462.00832
23.8000 1 8042.57792
23.9000 1 7969.1776
24.0000 1 7906.26304
24.1000 1 7612.66176
24.2000 1 8105.49248
24.3000 1 8304.72192
24.4000 1 8336.1792
24.5000 1 8367.63648
24.6000 1 1274.01984
24.7000 1 0.0
24.8000 1 83.88608
24.9000 1 83.88608
25.0000 1 4875.8784
25.1000 1 8136.94976
25.2000 1 8325.69344
25.3000 1 8451.52256
25.4000 1 8619.29472
25.5000 1 8441.0368
25.6000 1 8661.23776
25.7000 1 8503.95136
25.8000 1 8482.97984
25.9000 1 8147.43552
26.0000 1 812.6464
26.1000 1 73.40032
26.2000 1 62.91456
26.3000 1 73.40032
26.4000 1 5578.42432
26.5000 1 8503.95136
26.6000 1 8168.40704
26.7000 1 8367.63648
26.8000 1 9909.0432
26.9000 1 10611.58912
27.0000 1 8482.97984
27.1000 1 8378.12224
27.2000 1 8367.63648
27.3000 1 8268.02176
27.4000 1 891.2896
27.5000 1 0.0
27.6000 1 0.0
27.7000 1 0.0
27.8000 1 6259.99872
27.9000 1 8577.35168
28.0000 1 8524.92288
28.1000 1 9783.21408
28.2000 1 8357.15072
28.3000 1 8378.12224
28.4000 1 8357.15072
28.5000 1 8388.608
28.6000 1 8283.7504
28.7000 1 6831.47264
28.8000 1 0.0
28.9000 1 73.40032
29.0000 1 73.40032
29.1000 1 0.0
29.2000 1 8178.8928
29.3000 1 5934.94016
29.4000 1 8787.06688
29.5000 1 9982.44352
29.6000 1 8441.0368
29.7000 1 8409.57952
29.8000 1 8367.63648
29.9000 1 8241.80736
30.0000 1 8273.26464
30.1000 1 7051.6736
30.2000 1 0.0
30.3000 1 0.0
30.4000 1 0.0
30.5000 1 0.0
30.6000 1 6113.19808
30.7000 1 7696.54784
30.8000 1 8462.00832
30.9000 1 8462.00832
31.0000 1 8472.49408
31.1000 1 8367.63648
31.2000 1 8220.83584
31.3000 1 8032.09216
31.4000 1 4131.38944
31.5000 1 7371.48928
31.6000 1 4535.0912
31.7000 1 73.40032
31.8000 1 73.40032
31.9000 1 83.88608
32.0000 1 0.0
32.1000 1 2243.95264
32.2000 1 11146.36288
32.3000 1 10076.81536
32.4000 1 8808.0384
32.5000 1 8808.0384
32.6000 1 8650.752
32.7000 1 8524.92288
32.8000 1 8577.35168
32.9000 1 8640.26624
33.0000 1 8425.30816
33.1000 1 0.0
33.2000 1 73.40032
33.3000 1 0.0
33.4000 1 0.0
33.5000 1 6564.08576
33.6000 1 7937.72032
33.7000 1 8115.97824
33.8000 1 8084.52096
33.9000 1 8126.464
34.0000 1 8032.09216
34.1000 1 7948.20608
34.2000 1 8084.52096
34.3000 1 7948.20608
34.4000 1 7974.42048
34.5000 1 2894.06976
34.6000 1 0.0
34.7000 1 0.0
34.8000 1 0.0
34.9000 1 3103.78496
35.0000 1 8524.92288
35.1000 1 8734.63808
35.2000 1 8808.0384
35.3000 1 8829.00992
35.4000 1 8776.58112
35.5000 1 8713.66656
35.6000 1 8619.29472
35.7000 1 8661.23776
35.8000 1 8551.13728
35.9000 1 387.97312
36.0000 1 0.0
36.1000 1 0.0
36.2000 1 0.0
36.3000 1 6784.28672
36.4000 1 8829.00992
36.5000 1 8839.49568
36.6000 1 8787.06688
36.7000 1 8640.26624
36.8000 1 8650.752
36.9000 1 8640.26624
37.0000 1 8713.66656
37.1000 1 8755.6096
37.2000 1 5195.69408
37.3000 1 73.40032
37.4000 1 0.0
37.5000 1 0.0
37.6000 1 859.83232
37.7000 1 6448.7424
37.8000 1 6532.62848
37.9000 1 6668.94336
38.0000 1 6553.6
38.1000 1 6448.7424
38.2000 1 6522.14272
38.3000 1 6627.00032
38.4000 1 6616.51456
38.5000 1 6574.57152
38.6000 1 6522.14272
38.7000 1 6564.08576
38.8000 1 7869.56288
38.9000 1 964.68992
39.0000 1 0.0
39.1000 1 0.0
39.2000 1 0.0
39.3000 1 4980.736
39.4000 1 8021.6064
39.5000 1 8021.6064
39.6000 1 8021.6064
39.7000 1 8074.0352
39.8000 1 7969.1776
39.9000 1 7895.77728
40.0000 1 7811.8912
40.1000 1 7916.7488
40.2000 1 8115.97824
40.3000 1 5038.40768
40.4000 1 0.0
40.5000 1 0.0
40.6000 1 0.0
40.7000 1 775.94624
40.8000 1 8189.37856
40.9000 1 8336.1792
41.0000 1 8367.63648
41.1000 1 8294.23616
41.2000 1 8357.15072
41.3000 1 8199.86432
41.4000 1 8136.94976
41.5000 1 3187.67104
41.6000 1 5903.48288
41.7000 1 12252.61056
41.8000 1 1793.06496
41.9000 1 0.0
42.0000 1 0.0
42.1000 1 0.0
42.2000 1 4477.41952
42.3000 1 8671.72352
42.4000 1 8598.3232
42.5000 1 8598.3232
42.6000 1 8577.35168
42.7000 1 8566.86592
42.8000 1 8535.40864
42.9000 1 8703.1808
43.0000 1 8577.35168
43.1000 1 8372.87936
43.2000 1 0.0
43.3000 1 83.88608
43.4000 1 83.88608
43.5000 1 0.0
43.6000 1 4393.53344
43.7000 1 6585.05728
43.8000 1 6585.05728
43.9000 1 6627.00032
44.0000 1 6522.14272
44.1000 1 7308.57472
44.2000 1 8713.66656
44.3000 1 8713.66656
44.4000 1 8734.63808
44.5000 1 8713.66656
44.6000 1 8655.99488
44.7000 1 199.22944
44.8000 1 0.0
44.9000 1 0.0
45.0000 1 0.0
45.1000 1 6857.68704
45.2000 1 8703.1808
45.3000 1 8881.43872
45.4000 1 8734.63808
45.5000 1 8598.3232
45.6000 1 8598.3232
45.7000 1 8598.3232
45.8000 1 8619.29472
45.9000 1 8566.86592
46.0000 1 5573.18144
46.1000 1 83.88608
46.2000 1 94.37184
46.3000 1 0.0
46.4000 1 796.91776
46.5000 1 8902.41024
46.6000 1 8776.58112
46.7000 1 8912.896
46.8000 1 8912.896
46.9000 1 8849.98144
47.0000 1 8682.20928
47.1000 1 8682.20928
47.2000 1 8797.55264
47.3000 1 8635.02336
47.4000 1 1562.37824
47.5000 1 0.0
47.6000 1 0.0
47.7000 1 0.0
47.8000 1 4131.38944
47.9000 1 6501.1712
48.0000 1 6543.11424
48.1000 1 6522.14272
48.2000 1 6532.62848
48.3000 1 6637.48608
48.4000 1 6647.97184
48.5000 1 6490.68544
48.6000 1 8136.94976
48.7000 1 8671.72352
48.8000 1 8619.29472
48.9000 1 6359.61344
49.0000 1 83.88608
49.1000 1 0.0
49.2000 1 0.0
49.3000 1 356.51584
49.4000 1 8451.52256
49.5000 1 8734.63808
49.6000 1 8755.6096
49.7000 1 8839.49568
49.8000 1 8776.58112
49.9000 1 8734.63808
50.0000 1 8598.3232
50.1000 1 8587.83744
50.2000 1 8676.9664
50.3000 1 3145.728
50.4000 1 83.88608
50.5000 1 73.40032
50.6000 1 0.0
50.7000 1 3638.55872
50.8000 1 8640.26624
50.9000 1 8954.83904
51.0000 1 8902.41024
51.1000 1 8891.92448
51.2000 1 8755.6096
51.3000 1 8671.72352
51.4000 1 8629.78048
51.5000 1 8713.66656
51.6000 1 7208.96
51.7000 1 0.0
51.8000 1 0.0
51.9000 1 73.40032
52.0000 1 62.91456
52.1000 1 5641.33888
52.2000 1 6490.68544
52.3000 1 6469.71392
52.4000 1 6469.71392
52.5000 1 6585.05728
52.6000 1 6637.48608
52.7000 1 6501.1712
52.8000 1 6553.6
52.9000 1 6532.62848
53.0000 1 6501.1712
53.1000 1 6532.62848
53.2000 1 6553.6
53.3000 1 4839.17824
53.4000 1 0.0
53.5000 1 0.0
53.6000 1 0.0
53.7000 1 838.8608
53.8000 1 8535.40864
53.9000 1 8745.12384
54.0000 1 8692.69504
54.1000 1 2474.63936
54.2000 1 0.0
54.3000 1 136.31488
54.4000 1 9982.44352
54.5000 1 6658.4576
54.6000 1 10674.50368
54.7000 1 8682.20928
54.8000 1 8682.20928
54.9000 1 7701.79072
55.0000 1 73.40032
55.1000 1 83.88608
55.2000 1 0.0
55.3000 1 0.0
55.4000 1 7769.94816
55.5000 1 8482.97984
55.6000 1 8608.80896
55.7000 1 8671.72352
55.8000 1 8545.8944
55.9000 1 8545.8944
56.0000 1 8441.0368
56.1000 1 8388.608
56.2000 1 8399.09376
56.3000 1 5919.21152
56.4000 1 0.0
56.5000 1 0.0
56.6000 1 0.0
56.7000 1 167.77216
56.8000 1 7570.71872
56.9000 1 10496.24576
57.0000 1 7035.94496
57.1000 1 6931.08736
57.2000 1 8084.52096
57.3000 1 8577.35168
57.4000 1 6585.05728
57.5000 1 4278.19008
57.6000 1 7906.26304
57.7000 1 8168.40704
57.8000 1 1735.39328
57.9000 1 83.88608
58.0000 1 0.0
58.1000 1 83.88608
58.2000 1 3135.24224
58.3000 1 8136.94976
58.4000 1 8357.15072
58.5000 1 8357.15072
58.6000 1 8514.43712
58.7000 1 8157.92128
58.8000 1 8587.83744
58.9000 1 7874.80576
59.0000 1 7906.26304
59.1000 1 8357.15072
59.2000 1 4272.9472
59.3000 1 73.40032
59.4000 1 62.91456
59.5000 1 0.0
59.6000 1 2002.78016
59.7000 1 1289.74848
59.8000 1 0.0
59.9000 1 6176.11264
60.0000 1 8304.72192
60.1000 1 8566.86592
60.2000 1 8472.49408
60.3000 1 8304.72192
60.4000 1 8482.97984
60.5000 1 8220.83584
60.6000 1 8210.35008
60.7000 1 8189.37856
60.8000 1 5468.32384
60.9000 1 0.0
61.0000 1 83.88608
61.1000 1 62.91456
61.2000 1 136.31488
61.3000 1 7193.23136
61.4000 1 8199.86432
61.5000 1 8231.3216
61.6000 1 8053.06368
61.7000 1 8451.52256
61.8000 1 8462.00832
61.9000 1 8084.52096
62.0000 1 8378.12224
62.1000 1 8241.80736
62.2000 1 8215.59296
62.3000 1 0.0
62.4000 1 73.40032
62.5000 1 62.91456
62.6000 1 73.40032
62.7000 1 6532.62848
62.8000 1 6606.0288
62.9000 1 7319.06048
63.0000 1 7843.34848
63.1000 1 7979.66336
63.2000 1 7948.20608
63.3000 1 8189.37856
63.4000 1 7780.43392
63.5000 1 7801.40544
63.6000 1 7623.14752
63.7000 1 5961.15456
63.8000 1 73.40032
63.9000 1 83.88608
64.0000 1 0.0
64.1000 1 73.40032
64.2000 1 7056.91648
64.3000 1 8294.23616
64.4000 1 8189.37856
64.5000 1 8126.464
64.6000 1 8115.97824
64.7000 1 7675.57632
64.8000 1 7654.6048
64.9000 1 7570.71872
65.0000 1 8430.55104
65.1000 1 8399.09376
65.2000 1 2070.9376
65.3000 1 62.91456
65.4000 1 83.88608
65.5000 1 0.0
65.6000 1 4854.90688
65.7000 1 8462.00832
65.8000 1 8021.6064
65.9000 1 7895.77728
66.0000 1 7486.83264
66.1000 1 7570.71872
66.2000 1 7948.20608
66.3000 1 7602.176
66.4000 1 7455.37536
66.5000 1 7801.40544
66.6000 1 6611.27168
66.7000 1 0.0
66.8000 1 62.91456
66.9000 1 73.40032
67.0000 1 83.88608
67.1000 1 6606.0288
67.2000 1 8661.23776
67.3000 1 3271.55712
67.4000 1 2726.2976
67.5000 1 7570.71872
67.6000 1 8273.26464
67.7000 1 8053.06368
67.8000 1 8462.00832
67.9000 1 8713.66656
68.0000 1 8671.72352
68.1000 1 8388.608
68.2000 1 2049.96608
