0.1000 1 0.0
0.2000 1 828.37504
0.3000 1 6983.51616
0.4000 1 6385.82784
0.5000 1 6364.85632
0.6000 1 7014.97344
0.7000 1 7874.80576
0.8000 1 7895.77728
0.9000 1 7937.72032
1.0000 1 7969.1776
1.1000 1 7990.14912
1.2000 1 7874.80576
1.3000 1 7995.392
1.4000 1 241.17248
1.5000 1 0.0
1.6000 1 0.0
1.7000 1 0.0
1.8000 1 7203.71712
1.9000 1 8661.23776
2.0000 1 8755.6096
2.1000 1 8755.6096
2.2000 1 8682.20928
2.3000 1 8598.3232
2.4000 1 8577.35168
2.5000 1 8535.40864
2.6000 1 8545.8944
2.7000 1 5499.78112
2.8000 1 0.0
2.9000 1 0.0
3.0000 1 0.0
3.1000 1 2338.32448
3.2000 1 8776.58112
3.3000 1 8755.6096
3.4000 1 8734.63808
3.5000 1 8745.12384
3.6000 1 8629.78048
3.7000 1 8535.40864
3.8000 1 8535.40864
3.9000 1 8598.3232
4.0000 1 8530.16576
4.1000 1 1625.2928
4.2000 1 0.0
4.3000 1 0.0
4.4000 1 0.0
4.5000 1 5337.25184
4.6000 1 8482.97984
4.7000 1 5484.05248
4.8000 1 1426.06336
4.9000 1 996.1472
5.0000 1 1006.63296
5.1000 1 650.11712
5.2000 1 8420.06528
5.3000 1 10150.21568
5.4000 1 8724.15232
5.5000 1 8598.3232
5.6000 1 8566.86592
5.7000 1 8535.40864
5.8000 1 6967.78752
5.9000 1 0.0
6.0000 1 0.0
6.1000 1 0.0
6.2000 1 157.2864
6.3000 1 6469.71392
6.4000 1 6469.71392
6.5000 1 8524.92288
6.6000 1 8545.8944
6.7000 1 8566.86592
6.8000 1 8870.95296
6.9000 1 8808.0384
7.0000 1 8713.66656
7.1000 1 8671.72352
7.2000 1 8089.76384
7.3000 1 0.0
7.4000 1 0.0
7.5000 1 0.0
7.6000 1 0.0
7.7000 1 6543.11424
7.8000 1 8881.43872
7.9000 1 8818.52416
8.0000 1 10118.7584
8.1000 1 8692.69504
8.2000 1 11303.64928
8.3000 1 8703.1808
8.4000 1 8629.78048
8.5000 1 8551.13728
8.6000 1 1499.46368
8.7000 1 62.91456
8.8000 1 0.0
8.9000 1 0.0
9.0000 1 6029.312
9.1000 1 8755.6096
9.2000 1 8797.55264
9.3000 1 8755.6096
9.4000 1 8661.23776
9.5000 1 7644.11904
9.6000 1 9583.98464
9.7000 1 8766.09536
9.8000 1 8608.80896
9.9000 1 6149.89824
10.0000 1 0.0
10.1000 1 0.0
10.2000 1 0.0
10.3000 1 1352.66304
10.4000 1 8556.38016
10.5000 1 8629.78048
10.6000 1 8692.69504
10.7000 1 8808.0384
10.8000 1 7235.1744
10.9000 1 7098.85952
11.0000 1 8713.66656
11.1000 1 8577.35168
11.2000 1 8336.1792
11.3000 1 2605.71136
11.4000 1 62.91456
11.5000 1 73.40032
11.6000 1 62.91456
11.7000 1 3072.32768
11.8000 1 8367.63648
11.9000 1 8514.43712
12.0000 1 8325.69344
12.1000 1 8462.00832
12.2000 1 7381.97504
12.3000 1 8273.26464
12.4000 1 8713.66656
12.5000 1 8399.09376
12.6000 1 8545.8944
12.7000 1 3559.91552
12.8000 1 83.88608
12.9000 1 62.91456
13.0000 1 62.91456
13.1000 1 3963.61728
13.2000 1 8566.86592
13.3000 1 8304.72192
13.4000 1 7266.63168
13.5000 1 7319.06048
13.6000 1 7885.29152
13.7000 1 8378.12224
13.8000 1 8598.3232
13.9000 1 8524.92288
14.0000 1 8420.06528
14.1000 1 4272.9472
14.2000 1 73.40032
14.3000 1 62.91456
14.4000 1 62.91456
14.5000 1 1646.26432
14.6000 1 8367.63648
14.7000 1 8168.40704
14.8000 1 8545.8944
14.9000 1 8608.80896
15.0000 1 8482.97984
15.1000 1 8315.20768
15.2000 1 8336.1792
15.3000 1 8535.40864
15.4000 1 8273.26464
15.5000 1 4377.8048
15.6000 1 62.91456
15.7000 1 73.40032
15.8000 1 62.91456
15.9000 1 1740.63616
16.0000 1 8273.26464
16.1000 1 8629.78048
16.2000 1 8220.83584
16.3000 1 8524.92288
16.4000 1 8304.72192
16.5000 1 8524.92288
16.6000 1 11660.16512
16.7000 1 8587.83744
16.8000 1 8598.3232
16.9000 1 3675.25888
17.0000 1 0.0
17.1000 1 0.0
17.2000 1 0.0
17.3000 1 3565.1584
17.4000 1 8577.35168
17.5000 1 8849.98144
17.6000 1 8776.58112
17.7000 1 8870.95296
17.8000 1 8776.58112
17.9000 1 8650.752
18.0000 1 8608.80896
18.1000 1 8640.26624
18.2000 1 8498.70848
18.3000 1 0.0
18.4000 1 0.0
18.5000 1 0.0
18.6000 1 0.0
18.7000 1 8147.43552
18.8000 1 8839.49568
18.9000 1 8860.4672
19.0000 1 8839.49568
19.1000 1 8808.0384
19.2000 1 8787.06688
19.3000 1 8713.66656
19.4000 1 8724.15232
19.5000 1 8629.78048
19.6000 1 3392.14336
19.7000 1 0.0
19.8000 1 0.0
19.9000 1 0.0
20.0000 1 4131.38944
20.1000 1 8787.06688
20.2000 1 8881.43872
20.3000 1 8808.0384
20.4000 1 8797.55264
20.5000 1 8640.26624
20.6000 1 8703.1808
20.7000 1 8671.72352
20.8000 1 8703.1808
20.9000 1 7754.21952
21.0000 1 0.0
21.1000 1 0.0
21.2000 1 0.0
21.3000 1 125.82912
21.4000 1 8619.29472
21.5000 1 8650.752
21.6000 1 8713.66656
21.7000 1 8661.23776
21.8000 1 8755.6096
21.9000 1 8734.63808
22.0000 1 8629.78048
22.1000 1 8703.1808
22.2000 1 8661.23776
22.3000 1 3507.48672
22.4000 1 0.0
22.5000 1 0.0
22.6000 1 0.0
22.7000 1 3649.04448
22.8000 1 8619.29472
22.9000 1 8713.66656
23.0000 1 8640.26624
23.1000 1 8849.98144
23.2000 1 8755.6096
23.3000 1 8619.29472
23.4000 1 8577.35168
23.5000 1 8650.752
23.6000 1 8655.99488
23.7000 1 52.4288
23.8000 1 0.0
23.9000 1 0.0
24.0000 1 0.0
24.1000 1 7927.23456
24.2000 1 8787.06688
24.3000 1 8755.6096
24.4000 1 8692.69504
24.5000 1 8577.35168
24.6000 1 8566.86592
24.7000 1 8608.80896
24.8000 1 8671.72352
24.9000 1 8587.83744
25.0000 1 4639.9488
25.1000 1 0.0
25.2000 1 0.0
25.3000 1 0.0
25.4000 1 2998.92736
25.5000 1 8755.6096
25.6000 1 8839.49568
25.7000 1 8787.06688
25.8000 1 8891.92448
25.9000 1 8734.63808
26.0000 1 8619.29472
26.1000 1 8640.26624
26.2000 1 8682.20928
26.3000 1 8582.59456
26.4000 1 314.5728
26.5000 1 62.91456
26.6000 1 0.0
26.7000 1 0.0
26.8000 1 7329.54624
26.9000 1 8545.8944
27.0000 1 8766.09536
27.1000 1 8829.00992
27.2000 1 8724.15232
27.3000 1 8577.35168
27.4000 1 8629.78048
27.5000 1 8524.92288
27.6000 1 8577.35168
27.7000 1 4618.97728
27.8000 1 73.40032
27.9000 1 62.91456
28.0000 1 0.0
28.1000 1 387.97312
28.2000 1 6952.05888
28.3000 1 6962.54464
28.4000 1 7843.34848
28.5000 1 8430.55104
28.6000 1 8472.49408
28.7000 1 8472.49408
28.8000 1 8210.35008
28.9000 1 8472.49408
29.0000 1 8514.43712
29.1000 1 6464.47104
29.2000 1 73.40032
29.3000 1 0.0
29.4000 1 136.31488
29.5000 1 209.7152
29.6000 1 8315.20768
29.7000 1 8671.72352
29.8000 1 8367.63648
29.9000 1 8472.49408
30.0000 1 8210.35008
30.1000 1 8514.43712
30.2000 1 6899.63008
30.3000 1 7707.0336
30.4000 1 8357.15072
30.5000 1 7911.50592
30.6000 1 73.40032
30.7000 1 73.40032
30.8000 1 0.0
30.9000 1 73.40032
31.0000 1 7570.71872
31.1000 1 8524.92288
31.2000 1 8357.15072
31.3000 1 7717.51936
31.4000 1 7361.00352
31.5000 1 8011.12064
31.6000 1 8587.83744
31.7000 1 8682.20928
31.8000 1 8514.43712
31.9000 1 7948.20608
32.0000 1 246.41536
32.1000 1 73.40032
32.2000 1 73.40032
32.3000 1 62.91456
32.4000 1 7172.25984
32.5000 1 8346.66496
32.6000 1 7769.94816
32.7000 1 7990.14912
32.8000 1 7958.69184
32.9000 1 7256.14592
33.0000 1 7539.26144
33.1000 1 8210.35008
33.2000 1 8692.69504
33.3000 1 7916.7488
33.4000 1 2773.48352
33.5000 1 62.91456
33.6000 1 62.91456
33.7000 1 73.40032
33.8000 1 4278.19008
33.9000 1 8325.69344
34.0000 1 8577.35168
34.1000 1 8703.1808
34.2000 1 8367.63648
34.3000 1 8755.6096
34.4000 1 8409.57952
34.5000 1 8462.00832
34.6000 1 8315.20768
34.7000 1 8420.06528
34.8000 1 1001.39008
34.9000 1 62.91456
35.0000 1 73.40032
35.1000 1 62.91456
35.2000 1 6008.34048
35.3000 1 8210.35008
35.4000 1 8378.12224
35.5000 1 8472.49408
35.6000 1 7434.40384
35.7000 1 356.51584
35.8000 1 1153.4336
35.9000 1 2285.89568
36.0000 1 1017.11872
36.1000 1 796.91776
36.2000 1 251.65824
36.3000 1 6794.77248
36.4000 1 7476.34688
36.5000 1 10412.35968
36.6000 1 2359.296
36.7000 1 8420.06528
36.8000 1 1861.2224
36.9000 1 62.91456
37.0000 1 73.40032
37.1000 1 73.40032
37.2000 1 3816.81664
37.3000 1 8535.40864
37.4000 1 8462.00832
37.5000 1 8336.1792
37.6000 1 8524.92288
37.7000 1 8294.23616
37.8000 1 7476.34688
37.9000 1 7245.66016
38.0000 1 8294.23616
38.1000 1 8189.37856
38.2000 1 4335.86176
38.3000 1 73.40032
38.4000 1 62.91456
38.5000 1 73.40032
38.6000 1 1992.2944
38.7000 1 7906.26304
38.8000 1 1562.37824
38.9000 1 4991.22176
39.0000 1 8703.1808
39.1000 1 8650.752
39.2000 1 8535.40864
39.3000 1 8692.69504
39.4000 1 8545.8944
39.5000 1 8399.09376
39.6000 1 8713.66656
39.7000 1 4954.5216
39.8000 1 73.40032
39.9000 1 62.91456
40.0000 1 62.91456
40.1000 1 3460.3008
40.2000 1 8545.8944
40.3000 1 8367.63648
40.4000 1 9950.98624
40.5000 1 10244.58752
40.6000 1 8629.78048
40.7000 1 8619.29472
40.8000 1 8598.3232
40.9000 1 2317.35296
41.0000 1 14444.1344
41.1000 1 1593.83552
41.2000 1 73.40032
41.3000 1 62.91456
41.4000 1 0.0
41.5000 1 5767.168
41.6000 1 8336.1792
41.7000 1 8598.3232
41.8000 1 8587.83744
41.9000 1 8430.55104
42.0000 1 8357.15072
42.1000 1 8388.608
42.2000 1 8409.57952
42.3000 1 8409.57952
42.4000 1 8320.45056
42.5000 1 199.22944
42.6000 1 0.0
42.7000 1 0.0
42.8000 1 0.0
42.9000 1 6857.68704
43.0000 1 8482.97984
43.1000 1 8472.49408
43.2000 1 8472.49408
43.3000 1 8346.66496
43.4000 1 8252.29312
43.5000 1 8315.20768
43.6000 1 8252.29312
43.7000 1 8304.72192
43.8000 1 8089.76384
43.9000 1 0.0
44.0000 1 0.0
44.1000 1 0.0
44.2000 1 0.0
44.3000 1 7402.94656
44.4000 1 8493.4656
44.5000 1 8598.3232
44.6000 1 8472.49408
44.7000 1 8409.57952
44.8000 1 8346.66496
44.9000 1 8357.15072
45.0000 1 8399.09376
45.1000 1 8273.26464
45.2000 1 7125.07392
45.3000 1 0.0
45.4000 1 0.0
45.5000 1 0.0
45.6000 1 157.2864
45.7000 1 8357.15072
45.8000 1 8545.8944
45.9000 1 8766.09536
46.0000 1 8808.0384
46.1000 1 8860.4672
46.2000 1 8734.63808
46.3000 1 8524.92288
46.4000 1 8661.23776
46.5000 1 8692.69504
46.6000 1 3769.63072
46.7000 1 0.0
46.8000 1 0.0
46.9000 1 0.0
47.0000 1 3418.35776
47.1000 1 8661.23776
47.2000 1 8724.15232
47.3000 1 8724.15232
47.4000 1 8514.43712
47.5000 1 5903.48288
47.6000 1 5263.85152
47.7000 1 8661.23776
47.8000 1 9846.12864
47.9000 1 8441.0368
48.0000 1 5646.58176
48.1000 1 0.0
48.2000 1 0.0
48.3000 1 0.0
48.4000 1 1593.83552
48.5000 1 6469.71392
48.6000 1 6647.97184
48.7000 1 6501.1712
48.8000 1 6574.57152
48.9000 1 8430.55104
49.0000 1 8797.55264
49.1000 1 8640.26624
49.2000 1 8545.8944
49.3000 1 8556.38016
49.4000 1 8572.1088
49.5000 1 2506.09664
49.6000 1 0.0
49.7000 1 0.0
49.8000 1 0.0
49.9000 1 4561.3056
50.0000 1 8535.40864
50.1000 1 8514.43712
50.2000 1 8577.35168
50.3000 1 8650.752
50.4000 1 8692.69504
50.5000 1 8524.92288
50.6000 1 8608.80896
50.7000 1 8514.43712
50.8000 1 8614.05184
50.9000 1 136.31488
51.0000 1 0.0
51.1000 1 0.0
51.2000 1 0.0
51.3000 1 7654.6048
51.4000 1 8849.98144
51.5000 1 8829.00992
51.6000 1 8787.06688
51.7000 1 8808.0384
51.8000 1 8734.63808
51.9000 1 8598.3232
52.0000 1 8482.97984
52.1000 1 8598.3232
52.2000 1 4503.63392
52.3000 1 0.0
52.4000 1 0.0
52.5000 1 0.0
52.6000 1 2181.03808
52.7000 1 8598.3232
52.8000 1 8692.69504
52.9000 1 8849.98144
53.0000 1 8682.20928
53.1000 1 8713.66656
53.2000 1 8619.29472
53.3000 1 8650.752
53.4000 1 8671.72352
53.5000 1 8635.02336
53.6000 1 1530.92096
53.7000 1 0.0
53.8000 1 0.0
53.9000 1 0.0
54.0000 1 6144.65536
54.1000 1 8671.72352
54.2000 1 8766.09536
54.3000 1 8787.06688
54.4000 1 8598.3232
54.5000 1 8629.78048
54.6000 1 8514.43712
54.7000 1 8640.26624
54.8000 1 8577.35168
54.9000 1 6537.87136
55.0000 1 0.0
55.1000 1 0.0
55.2000 1 0.0
55.3000 1 1384.12032
55.4000 1 8441.0368
55.5000 1 8608.80896
55.6000 1 8818.52416
55.7000 1 8713.66656
55.8000 1 8619.29472
55.9000 1 8650.752
56.0000 1 8619.29472
56.1000 1 8682.20928
56.2000 1 8635.02336
56.3000 1 2642.41152
56.4000 1 0.0
56.5000 1 0.0
56.6000 1 0.0
56.7000 1 5641.33888
56.8000 1 8766.09536
56.9000 1 8839.49568
57.0000 1 8808.0384
57.1000 1 8661.23776
57.2000 1 8556.38016
57.3000 1 8671.72352
57.4000 1 8671.72352
57.5000 1 8619.29472
57.6000 1 6621.75744
57.7000 1 73.40032
57.8000 1 0.0
57.9000 1 0.0
58.0000 1 828.37504
58.1000 1 6511.65696
58.2000 1 6647.97184
58.3000 1 6647.97184
58.4000 1 6647.97184
58.5000 1 6543.11424
58.6000 1 6606.0288
58.7000 1 6637.48608
58.8000 1 6585.05728
58.9000 1 6668.94336
59.0000 1 6658.4576
59.1000 1 6637.48608
59.2000 1 6695.15776
59.3000 1 1468.0064
59.4000 1 73.40032
59.5000 1 62.91456
59.6000 1 0.0
59.7000 1 5442.10944
59.8000 1 8409.57952
59.9000 1 8462.00832
60.0000 1 8451.52256
60.1000 1 8357.15072
60.2000 1 8315.20768
60.3000 1 8220.83584
60.4000 1 8241.80736
60.5000 1 8273.26464
60.6000 1 8288.99328
60.7000 1 1342.17728
60.8000 1 0.0
60.9000 1 0.0
61.0000 1 0.0
61.1000 1 6301.94176
61.2000 1 8734.63808
61.3000 1 8797.55264
61.4000 1 8829.00992
61.5000 1 8755.6096
61.6000 1 8766.09536
61.7000 1 8598.3232
61.8000 1 8629.78048
61.9000 1 6102.71232
62.0000 1 5122.29376
62.1000 1 31.45728
62.2000 1 83.88608
62.3000 1 0.0
62.4000 1 73.40032
62.5000 1 10370.41664
62.6000 1 8535.40864
62.7000 1 8671.72352
62.8000 1 8703.1808
62.9000 1 8650.752
63.0000 1 9594.4704
63.1000 1 8503.95136
63.2000 1 8566.86592
63.3000 1 8661.23776
63.4000 1 4618.97728
63.5000 1 0.0
63.6000 1 0.0
63.7000 1 0.0
63.8000 1 1897.92256
63.9000 1 8640.26624
64.0000 1 8661.23776
64.1000 1 8703.1808
64.2000 1 8797.55264
64.3000 1 8724.15232
64.4000 1 8650.752
64.5000 1 8545.8944
64.6000 1 8598.3232
64.7000 1 10648.28928
64.8000 1 0.0
64.9000 1 0.0
65.0000 1 0.0
65.1000 1 2642.41152
65.2000 1 8608.80896
65.3000 1 8640.26624
65.4000 1 8724.15232
65.5000 1 8608.80896
65.6000 1 8661.23776
65.7000 1 8493.4656
65.8000 1 8482.97984
65.9000 1 8524.92288
66.0000 1 7156.5312
