0.1000 1 0.0
0.2000 1 922.74688
0.3000 1 7539.26144
0.4000 1 7748.97664
0.5000 1 7801.40544
0.6000 1 7874.80576
0.7000 1 7769.94816
0.8000 1 7811.8912
0.9000 1 7780.43392
1.0000 1 7864.32
1.1000 1 7853.83424
1.2000 1 7843.34848
1.3000 1 3371.17184
1.4000 1 0.0
1.5000 1 0.0
1.6000 1 0.0
1.7000 1 2789.21216
1.8000 1 7612.66176
1.9000 1 7644.11904
2.0000 1 7864.32
2.1000 1 7790.91968
2.2000 1 7780.43392
2.3000 1 7864.32
2.4000 1 7853.83424
2.5000 1 7864.32
2.6000 1 7885.29152
2.7000 1 7748.97664
2.8000 1 1053.81888
2.9000 1 0.0
3.0000 1 0.0
3.1000 1 0.0
3.2000 1 5316.28032
3.3000 1 7392.4608
3.4000 1 7486.83264
3.5000 1 7560.23296
3.6000 1 7591.69024
3.7000 1 7591.69024
3.8000 1 7633.63328
3.9000 1 7476.34688
4.0000 1 7696.54784
4.1000 1 7686.06208
4.2000 1 7675.57632
4.3000 1 739.24608
4.4000 1 0.0
4.5000 1 0.0
4.6000 1 0.0
4.7000 1 6050.28352
4.8000 1 7916.7488
4.9000 1 7759.4624
5.0000 1 7906.26304
5.1000 1 7895.77728
5.2000 1 2401.23904
5.3000 1 5211.42272
5.4000 1 943.7184
5.5000 1 1111.49056
5.6000 1 9395.24096
5.7000 1 9437.184
5.8000 1 7958.69184
5.9000 1 4823.4496
6.0000 1 4702.86336
6.1000 1 83.88608
6.2000 1 73.40032
6.3000 1 73.40032
6.4000 1 723.51744
6.5000 1 10370.41664
6.6000 1 8147.43552
6.7000 1 2254.4384
6.8000 1 31.45728
6.9000 1 6543.11424
7.0000 1 10370.41664
7.1000 1 7853.83424
7.2000 1 7738.49088
7.3000 1 7927.23456
7.4000 1 7864.32
7.5000 1 7832.86272
7.6000 1 6548.35712
7.7000 1 0.0
7.8000 1 0.0
7.9000 1 0.0
8.0000 1 0.0
8.1000 1 7539.26144
8.2000 1 7895.77728
8.3000 1 7696.54784
8.4000 1 7853.83424
8.5000 1 7822.37696
8.6000 1 11031.01952
8.7000 1 6480.19968
8.8000 1 838.8608
8.9000 1 534.77376
9.0000 1 1226.83392
9.1000 1 0.0
9.2000 1 8189.37856
9.3000 1 9851.37152
9.4000 1 4645.19168
9.5000 1 31.45728
9.6000 1 83.88608
9.7000 1 73.40032
9.8000 1 1604.32128
9.9000 1 7644.11904
10.0000 1 7707.0336
10.1000 1 7832.86272
10.2000 1 7748.97664
10.3000 1 7780.43392
10.4000 1 7853.83424
10.5000 1 7822.37696
10.6000 1 7602.176
10.7000 1 7728.00512
10.8000 1 7743.73376
10.9000 1 2495.61088
11.0000 1 73.40032
11.1000 1 73.40032
11.2000 1 73.40032
11.3000 1 4383.04768
11.4000 1 7874.80576
11.5000 1 7948.20608
11.6000 1 7832.86272
11.7000 1 7853.83424
11.8000 1 7790.91968
11.9000 1 7969.1776
12.0000 1 7843.34848
12.1000 1 7853.83424
12.2000 1 7895.77728
12.3000 1 6401.55648
12.4000 1 0.0
12.5000 1 0.0
12.6000 1 0.0
12.7000 1 387.97312
12.8000 1 6962.54464
12.9000 1 6962.54464
13.0000 1 7717.51936
13.1000 1 7864.32
13.2000 1 7769.94816
13.3000 1 7874.80576
13.4000 1 7759.4624
13.5000 1 7728.00512
13.6000 1 7801.40544
13.7000 1 7911.50592
13.8000 1 5012.19328
13.9000 1 73.40032
14.0000 1 0.0
14.1000 1 0.0
14.2000 1 880.80384
14.3000 1 7581.20448
14.4000 1 7759.4624
14.5000 1 7759.4624
14.6000 1 7780.43392
14.7000 1 7769.94816
14.8000 1 7738.49088
14.9000 1 5641.33888
15.0000 1 4477.41952
15.1000 1 8650.752
15.2000 1 10868.49024
15.3000 1 4750.04928
15.4000 1 0.0
15.5000 1 0.0
15.6000 1 0.0
15.7000 1 1793.06496
15.8000 1 7486.83264
15.9000 1 7769.94816
16.0000 1 7811.8912
16.1000 1 7864.32
16.2000 1 7780.43392
16.3000 1 7717.51936
16.4000 1 7801.40544
16.5000 1 7801.40544
16.6000 1 7811.8912
16.7000 1 7963.93472
16.8000 1 2076.18048
16.9000 1 0.0
17.0000 1 0.0
17.1000 1 0.0
17.2000 1 3659.53024
17.3000 1 7728.00512
17.4000 1 7811.8912
17.5000 1 7707.0336
17.6000 1 7738.49088
17.7000 1 7801.40544
17.8000 1 7780.43392
17.9000 1 7874.80576
18.0000 1 7874.80576
18.1000 1 7948.20608
18.2000 1 7869.56288
18.3000 1 0.0
18.4000 1 0.0
18.5000 1 0.0
18.6000 1 0.0
18.7000 1 6312.42752
18.8000 1 7591.69024
18.9000 1 7696.54784
19.0000 1 7822.37696
19.1000 1 7822.37696
19.2000 1 7790.91968
19.3000 1 7895.77728
19.4000 1 7822.37696
19.5000 1 7832.86272
19.6000 1 7853.83424
19.7000 1 5311.03744
19.8000 1 73.40032
19.9000 1 73.40032
20.0000 1 0.0
20.1000 1 419.4304
20.2000 1 7444.8896
20.3000 1 7707.0336
20.4000 1 7612.66176
20.5000 1 7665.09056
20.6000 1 7644.11904
20.7000 1 7832.86272
20.8000 1 7623.14752
20.9000 1 7717.51936
21.0000 1 7864.32
21.1000 1 7733.248
21.2000 1 4194.304
21.3000 1 0.0
21.4000 1 0.0
21.5000 1 0.0
21.6000 1 1593.83552
21.7000 1 6627.00032
21.8000 1 7581.20448
21.9000 1 7665.09056
22.0000 1 7811.8912
22.1000 1 7769.94816
22.2000 1 7707.0336
22.3000 1 7707.0336
22.4000 1 7801.40544
22.5000 1 7853.83424
22.6000 1 7722.76224
22.7000 1 3827.3024
22.8000 1 73.40032
22.9000 1 0.0
23.0000 1 0.0
23.1000 1 2610.95424
23.2000 1 7686.06208
23.3000 1 7832.86272
23.4000 1 7769.94816
23.5000 1 7822.37696
23.6000 1 7759.4624
23.7000 1 7717.51936
23.8000 1 7717.51936
23.9000 1 7748.97664
24.0000 1 7843.34848
24.1000 1 7701.79072
24.2000 1 1499.46368
24.3000 1 0.0
24.4000 1 0.0
24.5000 1 0.0
24.6000 1 3177.18528
24.7000 1 5735.71072
24.8000 1 5557.4528
24.9000 1 5997.85472
25.0000 1 7623.14752
25.1000 1 4204.78976
25.2000 1 5494.53824
25.3000 1 9636.41344
25.4000 1 10013.9008
25.5000 1 7811.8912
25.6000 1 7759.4624
25.7000 1 7796.16256
25.8000 1 954.20416
25.9000 1 0.0
26.0000 1 0.0
26.1000 1 0.0
26.2000 1 3900.70272
26.3000 1 5788.13952
26.4000 1 5861.53984
26.5000 1 5788.13952
26.6000 1 5861.53984
26.7000 1 5851.05408
26.8000 1 6385.82784
26.9000 1 7864.32
27.0000 1 7748.97664
27.1000 1 7864.32
27.2000 1 7811.8912
27.3000 1 7880.04864
27.4000 1 3166.69952
27.5000 1 73.40032
27.6000 1 0.0
27.7000 1 0.0
27.8000 1 3449.81504
27.9000 1 7738.49088
28.0000 1 7885.29152
28.1000 1 7707.0336
28.2000 1 7790.91968
28.3000 1 7738.49088
28.4000 1 7780.43392
28.5000 1 7769.94816
28.6000 1 7707.0336
28.7000 1 7843.34848
28.8000 1 7785.6768
28.9000 1 534.77376
29.0000 1 73.40032
29.1000 1 0.0
29.2000 1 0.0
29.3000 1 4907.33568
29.4000 1 7549.7472
29.5000 1 7476.34688
29.6000 1 7444.8896
29.7000 1 7560.23296
29.8000 1 7444.8896
29.9000 1 7402.94656
30.0000 1 7518.28992
30.1000 1 7581.20448
30.2000 1 7570.71872
30.3000 1 7617.90464
30.4000 1 1583.34976
30.5000 1 0.0
30.6000 1 0.0
30.7000 1 0.0
30.8000 1 5756.68224
30.9000 1 7717.51936
31.0000 1 7801.40544
31.1000 1 7203.71712
31.2000 1 8241.80736
31.3000 1 7811.8912
31.4000 1 7780.43392
31.5000 1 7696.54784
31.6000 1 7822.37696
31.7000 1 7811.8912
31.8000 1 6223.29856
31.9000 1 0.0
32.0000 1 0.0
32.1000 1 0.0
32.2000 1 0.0
32.3000 1 8797.55264
32.4000 1 11628.70784
32.5000 1 7748.97664
32.6000 1 7843.34848
32.7000 1 7769.94816
32.8000 1 7832.86272
32.9000 1 7738.49088
33.0000 1 7801.40544
33.1000 1 7843.34848
33.2000 1 6862.92992
33.3000 1 0.0
33.4000 1 52.4288
33.5000 1 0.0
33.6000 1 0.0
33.7000 1 6627.00032
33.8000 1 7581.20448
33.9000 1 6815.744
34.0000 1 1027.60448
34.1000 1 7497.3184
34.2000 1 10034.87232
34.3000 1 7790.91968
34.4000 1 7769.94816
34.5000 1 7832.86272
34.6000 1 7801.40544
34.7000 1 7838.1056
34.8000 1 3135.24224
34.9000 1 73.40032
35.0000 1 0.0
35.1000 1 0.0
35.2000 1 849.34656
35.3000 1 4215.27552
35.4000 1 8189.37856
35.5000 1 11062.4768
35.6000 1 7832.86272
35.7000 1 7843.34848
35.8000 1 7801.40544
35.9000 1 7916.7488
36.0000 1 7769.94816
36.1000 1 7958.69184
36.2000 1 7880.04864
36.3000 1 2118.12352
36.4000 1 62.91456
36.5000 1 0.0
36.6000 1 73.40032
36.7000 1 2956.98432
36.8000 1 8283.7504
36.9000 1 7675.57632
37.0000 1 7780.43392
37.1000 1 7885.29152
37.2000 1 7759.4624
37.3000 1 7853.83424
37.4000 1 7885.29152
37.5000 1 7790.91968
37.6000 1 7864.32
37.7000 1 7848.59136
37.8000 1 461.37344
37.9000 1 0.0
38.0000 1 0.0
38.1000 1 0.0
38.2000 1 5714.7392
38.3000 1 7885.29152
38.4000 1 7853.83424
38.5000 1 7790.91968
38.6000 1 7916.7488
38.7000 1 7780.43392
38.8000 1 7801.40544
38.9000 1 7895.77728
39.0000 1 7885.29152
39.1000 1 7801.40544
39.2000 1 5394.92352
39.3000 1 73.40032
39.4000 1 73.40032
39.5000 1 0.0
39.6000 1 157.2864
39.7000 1 5662.3104
39.8000 1 6847.20128
39.9000 1 7728.00512
40.0000 1 7790.91968
40.1000 1 7748.97664
40.2000 1 7717.51936
40.3000 1 7780.43392
40.4000 1 7832.86272
40.5000 1 7801.40544
40.6000 1 7696.54784
40.7000 1 6946.816
40.8000 1 0.0
40.9000 1 0.0
41.0000 1 0.0
41.1000 1 0.0
41.2000 1 6018.82624
41.3000 1 7392.4608
41.4000 1 7486.83264
41.5000 1 7444.8896
41.6000 1 7591.69024
41.7000 1 7423.91808
41.8000 1 7560.23296
41.9000 1 7560.23296
42.0000 1 7581.20448
42.1000 1 7581.20448
42.2000 1 7649.36192
42.3000 1 513.80224
42.4000 1 73.40032
42.5000 1 62.91456
42.6000 1 0.0
42.7000 1 5085.5936
42.8000 1 7728.00512
42.9000 1 7728.00512
43.0000 1 7790.91968
43.1000 1 7686.06208
43.2000 1 7728.00512
43.3000 1 7696.54784
43.4000 1 7675.57632
43.5000 1 7811.8912
43.6000 1 7769.94816
43.7000 1 7041.18784
43.8000 1 0.0
43.9000 1 73.40032
44.0000 1 73.40032
44.1000 1 0.0
44.2000 1 5861.53984
44.3000 1 7633.63328
44.4000 1 7507.80416
44.5000 1 7728.00512
44.6000 1 7780.43392
44.7000 1 7644.11904
44.8000 1 7728.00512
44.9000 1 7738.49088
45.0000 1 7790.91968
45.1000 1 7759.4624
45.2000 1 6548.35712
45.3000 1 0.0
45.4000 1 0.0
45.5000 1 0.0
45.6000 1 0.0
45.7000 1 1971.32288
45.8000 1 6155.14112
45.9000 1 10422.84544
46.0000 1 9395.24096
46.1000 1 7654.6048
46.2000 1 7780.43392
46.3000 1 7717.51936
46.4000 1 7811.8912
46.5000 1 7759.4624
46.6000 1 7864.32
46.7000 1 7303.33184
46.8000 1 0.0
46.9000 1 0.0
47.0000 1 0.0
47.1000 1 0.0
47.2000 1 6144.65536
47.3000 1 7444.8896
47.4000 1 7560.23296
47.5000 1 7539.26144
47.6000 1 7434.40384
47.7000 1 7518.28992
47.8000 1 7528.77568
47.9000 1 7497.3184
48.0000 1 7539.26144
48.1000 1 7560.23296
48.2000 1 7544.50432
48.3000 1 524.288
48.4000 1 0.0
48.5000 1 0.0
48.6000 1 0.0
48.7000 1 3869.24544
48.8000 1 7780.43392
48.9000 1 7843.34848
49.0000 1 7759.4624
49.1000 1 7780.43392
49.2000 1 7864.32
49.3000 1 7780.43392
49.4000 1 7759.4624
49.5000 1 7822.37696
49.6000 1 7853.83424
49.7000 1 7649.36192
49.8000 1 0.0
49.9000 1 62.91456
50.0000 1 0.0
50.1000 1 0.0
50.2000 1 5557.4528
50.3000 1 7444.8896
50.4000 1 7528.77568
50.5000 1 7507.80416
50.6000 1 7486.83264
50.7000 1 7381.97504
50.8000 1 7528.77568
50.9000 1 7507.80416
51.0000 1 7507.80416
51.1000 1 7602.176
51.2000 1 7554.99008
51.3000 1 1111.49056
51.4000 1 73.40032
51.5000 1 0.0
51.6000 1 0.0
51.7000 1 3156.21376
51.8000 1 5746.19648
51.9000 1 5830.08256
52.0000 1 5756.68224
52.1000 1 5714.7392
52.2000 1 5798.62528
52.3000 1 5861.53984
52.4000 1 5798.62528
52.5000 1 5798.62528
52.6000 1 5746.19648
52.7000 1 5861.53984
52.8000 1 5798.62528
52.9000 1 5872.0256
53.0000 1 5866.78272
53.1000 1 3166.69952
53.2000 1 52.4288
53.3000 1 0.0
53.4000 1 0.0
53.5000 1 1384.12032
53.6000 1 5567.93856
53.7000 1 5683.28192
53.8000 1 5830.08256
53.9000 1 5819.5968
54.0000 1 5840.56832
54.1000 1 5819.5968
54.2000 1 5987.36896
54.3000 1 7728.00512
54.4000 1 7832.86272
54.5000 1 7748.97664
54.6000 1 7790.91968
54.7000 1 7796.16256
54.8000 1 975.17568
54.9000 1 0.0
55.0000 1 0.0
55.1000 1 0.0
55.2000 1 4341.10464
55.3000 1 7633.63328
55.4000 1 7633.63328
55.5000 1 7832.86272
55.6000 1 7748.97664
55.7000 1 7801.40544
55.8000 1 7444.8896
55.9000 1 2998.92736
56.0000 1 6878.65856
56.1000 1 11282.67776
56.2000 1 8876.19584
56.3000 1 1321.20576
56.4000 1 0.0
56.5000 1 0.0
56.6000 1 0.0
56.7000 1 3219.12832
56.8000 1 7990.14912
56.9000 1 7497.3184
57.0000 1 7528.77568
57.1000 1 7591.69024
57.2000 1 7581.20448
57.3000 1 7444.8896
57.4000 1 7444.8896
57.5000 1 7528.77568
57.6000 1 7434.40384
57.7000 1 7638.87616
57.8000 1 2862.61248
57.9000 1 83.88608
58.0000 1 62.91456
58.1000 1 62.91456
58.2000 1 2757.75488
58.3000 1 7843.34848
58.4000 1 7790.91968
58.5000 1 7864.32
58.6000 1 7832.86272
58.7000 1 7885.29152
58.8000 1 10905.1904
58.9000 1 7811.8912
59.0000 1 7916.7488
59.1000 1 7979.66336
59.2000 1 5069.86496
59.3000 1 62.91456
59.4000 1 73.40032
59.5000 1 62.91456
59.6000 1 0.0
59.7000 1 7539.26144
59.8000 1 7560.23296
59.9000 1 7539.26144
60.0000 1 5410.65216
60.1000 1 7801.40544
60.2000 1 9751.7568
60.3000 1 7686.06208
60.4000 1 7707.0336
60.5000 1 7748.97664
60.6000 1 7602.176
60.7000 1 5373.952
60.8000 1 0.0
60.9000 1 0.0
61.0000 1 0.0
61.1000 1 6102.71232
61.2000 1 7518.28992
61.3000 1 7591.69024
61.4000 1 7486.83264
61.5000 1 7644.11904
61.6000 1 7759.4624
61.7000 1 7801.40544
61.8000 1 7728.00512
61.9000 1 7864.32
62.0000 1 7937.72032
62.1000 1 6296.69888
62.2000 1 73.40032
62.3000 1 0.0
62.4000 1 0.0
62.5000 1 0.0
62.6000 1 6910.11584
62.7000 1 7717.51936
62.8000 1 7717.51936
62.9000 1 7769.94816
63.0000 1 7780.43392
63.1000 1 7790.91968
63.2000 1 7675.57632
63.3000 1 7822.37696
63.4000 1 7707.0336
63.5000 1 7748.97664
63.6000 1 5153.75104
63.7000 1 0.0
63.8000 1 0.0
63.9000 1 0.0
64.0000 1 754.97472
64.1000 1 7780.43392
64.2000 1 7874.80576
64.3000 1 7832.86272
64.4000 1 7769.94816
64.5000 1 7895.77728
64.6000 1 7790.91968
64.7000 1 7738.49088
64.8000 1 7801.40544
64.9000 1 7937.72032
65.0000 1 7869.56288
65.1000 1 2789.21216
65.2000 1 0.0
65.3000 1 0.0
65.4000 1 0.0
65.5000 1 3491.75808
65.6000 1 7759.4624
65.7000 1 7853.83424
65.8000 1 7769.94816
65.9000 1 7874.80576
66.0000 1 4498.39104
66.1000 1 4739.56352
66.2000 1 8587.83744
66.3000 1 10202.64448
66.4000 1 8241.80736
66.5000 1 7775.19104
66.6000 1 3061.84192
66.7000 1 73.40032
66.8000 1 62.91456
66.9000 1 0.0
67.0000 1 2296.38144
67.1000 1 7612.66176
67.2000 1 7738.49088
67.3000 1 7801.40544
67.4000 1 7801.40544
67.5000 1 7832.86272
67.6000 1 7801.40544
67.7000 1 7769.94816
67.8000 1 7822.37696
67.9000 1 7843.34848
68.0000 1 7859.07712
68.1000 1 1625.2928
68.2000 1 0.0
68.3000 1 0.0
68.4000 1 0.0
68.5000 1 4362.07616
68.6000 1 7444.8896
68.7000 1 7717.51936
68.8000 1 7790.91968
68.9000 1 7895.77728
69.0000 1 7759.4624
69.1000 1 7811.8912
69.2000 1 7822.37696
69.3000 1 7906.26304
69.4000 1 7717.51936
69.5000 1 7544.50432
69.6000 1 0.0
69.7000 1 0.0
69.8000 1 0.0
69.9000 1 0.0
70.0000 1 5379.19488
70.1000 1 7581.20448
70.2000 1 7539.26144
70.3000 1 7633.63328
70.4000 1 7549.7472
70.5000 1 7581.20448
70.6000 1 7465.86112
70.7000 1 7497.3184
70.8000 1 7570.71872
70.9000 1 7644.11904
71.0000 1 3371.17184
