0.1000 1 0.0
0.2000 1 136.31488
0.3000 1 6606.0288
0.4000 1 3774.8736
0.5000 1 3879.7312
0.6000 1 4498.39104
0.7000 1 9091.15392
0.8000 1 8021.6064
0.9000 1 8011.12064
1.0000 1 8252.29312
1.1000 1 8294.23616
1.2000 1 8304.72192
1.3000 1 8315.20768
1.4000 1 6118.44096
1.5000 1 62.91456
1.6000 1 0.0
1.7000 1 0.0
1.8000 1 6343.8848
1.9000 1 8063.54944
2.0000 1 8220.83584
2.1000 1 8178.8928
2.2000 1 8210.35008
2.3000 1 8178.8928
2.4000 1 8074.0352
2.5000 1 8074.0352
2.6000 1 8095.00672
2.7000 1 8042.57792
2.8000 1 2186.28096
2.9000 1 0.0
3.0000 1 0.0
3.1000 1 2432.69632
3.2000 1 8503.95136
3.3000 1 8556.38016
3.4000 1 8577.35168
3.5000 1 8514.43712
3.6000 1 8430.55104
3.7000 1 8399.09376
3.8000 1 8378.12224
3.9000 1 8388.608
4.0000 1 8451.52256
4.1000 1 3067.0848
4.2000 1 0.0
4.3000 1 0.0
4.4000 1 786.432
4.5000 1 8304.72192
4.6000 1 7927.23456
4.7000 1 6962.54464
4.8000 1 7235.1744
4.9000 1 7025.4592
5.0000 1 7361.00352
5.1000 1 7308.57472
5.2000 1 7402.94656
5.3000 1 7235.1744
5.4000 1 7193.23136
5.5000 1 5541.72416
5.6000 1 83.88608
5.7000 1 0.0
5.8000 1 83.88608
5.9000 1 5851.05408
6.0000 1 7591.69024
6.1000 1 7906.26304
6.2000 1 7350.51776
6.3000 1 7319.06048
6.4000 1 7214.20288
6.5000 1 7423.91808
6.6000 1 6994.00192
6.7000 1 7633.63328
6.8000 1 7570.71872
6.9000 1 7140.80256
7.0000 1 1546.6496
7.1000 1 73.40032
7.2000 1 62.91456
7.3000 1 1782.5792
7.4000 1 7161.77408
7.5000 1 7287.6032
7.6000 1 7319.06048
7.7000 1 7350.51776
7.8000 1 7465.86112
7.9000 1 7340.032
8.0000 1 7245.66016
8.1000 1 7319.06048
8.2000 1 7381.97504
8.3000 1 7256.14592
8.4000 1 6527.3856
8.5000 1 73.40032
8.6000 1 62.91456
8.7000 1 73.40032
8.8000 1 5358.22336
8.9000 1 7235.1744
9.0000 1 7361.00352
9.1000 1 7707.0336
9.2000 1 7748.97664
9.3000 1 7224.68864
9.4000 1 7161.77408
9.5000 1 7308.57472
9.6000 1 7413.43232
9.7000 1 7130.3168
9.8000 1 7298.08896
9.9000 1 2595.2256
10.0000 1 62.91456
10.1000 1 62.91456
10.2000 1 1520.4352
10.3000 1 7067.40224
10.4000 1 7340.032
10.5000 1 6731.85792
10.6000 1 8797.55264
10.7000 1 7853.83424
10.8000 1 7864.32
10.9000 1 7916.7488
11.0000 1 7969.1776
11.1000 1 7916.7488
11.2000 1 7895.77728
11.3000 1 3968.86016
11.4000 1 0.0
11.5000 1 0.0
11.6000 1 0.0
11.7000 1 7937.72032
11.8000 1 8493.4656
11.9000 1 8441.0368
12.0000 1 8493.4656
12.1000 1 8441.0368
12.2000 1 8357.15072
12.3000 1 8283.7504
12.4000 1 8273.26464
12.5000 1 8262.77888
12.6000 1 5740.9536
12.7000 1 73.40032
12.8000 1 62.91456
12.9000 1 73.40032
13.0000 1 3114.27072
13.1000 1 9216.98304
13.2000 1 7874.80576
13.3000 1 7906.26304
13.4000 1 7969.1776
13.5000 1 8126.464
13.6000 1 7927.23456
13.7000 1 7895.77728
13.8000 1 8042.57792
13.9000 1 7990.14912
14.0000 1 6527.3856
14.1000 1 0.0
14.2000 1 0.0
14.3000 1 0.0
14.4000 1 5368.70912
14.5000 1 8378.12224
14.6000 1 8462.00832
14.7000 1 8441.0368
14.8000 1 8378.12224
14.9000 1 8346.66496
15.0000 1 8409.57952
15.1000 1 8315.20768
15.2000 1 8378.12224
15.3000 1 8320.45056
15.4000 1 922.74688
15.5000 1 0.0
15.6000 1 0.0
15.7000 1 3806.33088
15.8000 1 8315.20768
15.9000 1 8503.95136
16.0000 1 8598.3232
16.1000 1 8472.49408
16.2000 1 8399.09376
16.3000 1 8357.15072
16.4000 1 8399.09376
16.5000 1 8430.55104
16.6000 1 8367.63648
16.7000 1 1987.05152
16.8000 1 0.0
16.9000 1 0.0
17.0000 1 1572.864
17.1000 1 8388.608
17.2000 1 8577.35168
17.3000 1 8598.3232
17.4000 1 8629.78048
17.5000 1 8514.43712
17.6000 1 8409.57952
17.7000 1 8399.09376
17.8000 1 8378.12224
17.9000 1 8378.12224
18.0000 1 3832.54528
18.1000 1 0.0
18.2000 1 0.0
18.3000 1 796.91776
18.4000 1 8451.52256
18.5000 1 8545.8944
18.6000 1 8545.8944
18.7000 1 8441.0368
18.8000 1 8346.66496
18.9000 1 8357.15072
19.0000 1 8399.09376
19.1000 1 8441.0368
19.2000 1 8336.1792
19.3000 1 5090.83648
19.4000 1 0.0
19.5000 1 0.0
19.6000 1 0.0
19.7000 1 7769.94816
19.8000 1 8577.35168
19.9000 1 8692.69504
20.0000 1 8587.83744
20.1000 1 8535.40864
20.2000 1 8399.09376
20.3000 1 8409.57952
20.4000 1 8388.608
20.5000 1 8420.06528
20.6000 1 5929.69728
20.7000 1 0.0
20.8000 1 0.0
20.9000 1 0.0
21.0000 1 7780.43392
21.1000 1 8619.29472
21.2000 1 8566.86592
21.3000 1 8493.4656
21.4000 1 8451.52256
21.5000 1 8367.63648
21.6000 1 8357.15072
21.7000 1 8336.1792
21.8000 1 8346.66496
21.9000 1 6359.61344
22.0000 1 52.4288
22.1000 1 0.0
22.2000 1 0.0
22.3000 1 6710.8864
22.4000 1 8577.35168
22.5000 1 8535.40864
22.6000 1 8482.97984
22.7000 1 8441.0368
22.8000 1 8430.55104
22.9000 1 8399.09376
23.0000 1 8493.4656
23.1000 1 8482.97984
23.2000 1 7208.96
23.3000 1 0.0
23.4000 1 0.0
23.5000 1 0.0
23.6000 1 6637.48608
23.7000 1 8640.26624
23.8000 1 8640.26624
23.9000 1 8556.38016
24.0000 1 8420.06528
24.1000 1 8462.00832
24.2000 1 8420.06528
24.3000 1 8472.49408
24.4000 1 8441.0368
24.5000 1 7104.1024
24.6000 1 0.0
24.7000 1 0.0
24.8000 1 0.0
24.9000 1 3061.84192
25.0000 1 5389.68064
25.1000 1 8430.55104
25.2000 1 8042.57792
25.3000 1 8304.72192
25.4000 1 8189.37856
25.5000 1 8241.80736
25.6000 1 8231.3216
25.7000 1 8231.3216
25.8000 1 8273.26464
25.9000 1 7313.8176
26.0000 1 0.0
26.1000 1 0.0
26.2000 1 0.0
26.3000 1 5211.42272
26.4000 1 8283.7504
26.5000 1 8325.69344
26.6000 1 8210.35008
26.7000 1 8189.37856
26.8000 1 8273.26464
26.9000 1 8315.20768
27.0000 1 8388.608
27.1000 1 8367.63648
27.2000 1 8336.1792
27.3000 1 1808.7936
27.4000 1 0.0
27.5000 1 0.0
27.6000 1 3292.52864
27.7000 1 8294.23616
27.8000 1 8231.3216
27.9000 1 8283.7504
28.0000 1 8189.37856
28.1000 1 8147.43552
28.2000 1 8147.43552
28.3000 1 8115.97824
28.4000 1 8095.00672
28.5000 1 8178.8928
28.6000 1 4786.74944
28.7000 1 52.4288
28.8000 1 0.0
28.9000 1 0.0
29.0000 1 7864.32
29.1000 1 8608.80896
29.2000 1 8650.752
29.3000 1 8671.72352
29.4000 1 8598.3232
29.5000 1 8482.97984
29.6000 1 8367.63648
29.7000 1 8430.55104
29.8000 1 8409.57952
29.9000 1 5657.06752
30.0000 1 0.0
30.1000 1 0.0
30.2000 1 0.0
30.3000 1 6973.0304
30.4000 1 8325.69344
30.5000 1 8357.15072
30.6000 1 8420.06528
30.7000 1 8482.97984
30.8000 1 8357.15072
30.9000 1 8367.63648
31.0000 1 8409.57952
31.1000 1 8378.12224
31.2000 1 7617.90464
31.3000 1 0.0
31.4000 1 0.0
31.5000 1 0.0
31.6000 1 5043.65056
31.7000 1 8462.00832
31.8000 1 8545.8944
31.9000 1 8577.35168
32.0000 1 8556.38016
32.1000 1 8493.4656
32.2000 1 8367.63648
32.3000 1 8420.06528
32.4000 1 8545.8944
32.5000 1 8393.85088
32.6000 1 283.11552
32.7000 1 0.0
32.8000 1 0.0
32.9000 1 4089.4464
33.0000 1 8587.83744
33.1000 1 8619.29472
33.2000 1 8682.20928
33.3000 1 8619.29472
33.4000 1 8545.8944
33.5000 1 8399.09376
33.6000 1 8388.608
33.7000 1 8420.06528
33.8000 1 8393.85088
33.9000 1 1059.06176
34.0000 1 0.0
34.1000 1 0.0
34.2000 1 3680.50176
34.3000 1 8524.92288
34.4000 1 8640.26624
34.5000 1 8577.35168
34.6000 1 8430.55104
34.7000 1 8409.57952
34.8000 1 8409.57952
34.9000 1 8430.55104
35.0000 1 8430.55104
35.1000 1 8420.06528
35.2000 1 1871.70816
35.3000 1 0.0
35.4000 1 0.0
35.5000 1 2569.0112
35.6000 1 8283.7504
35.7000 1 8231.3216
35.8000 1 8524.92288
35.9000 1 8535.40864
36.0000 1 8556.38016
36.1000 1 8451.52256
36.2000 1 8409.57952
36.3000 1 8524.92288
36.4000 1 8409.57952
36.5000 1 3308.25728
36.6000 1 0.0
36.7000 1 0.0
36.8000 1 1258.2912
36.9000 1 8357.15072
37.0000 1 8661.23776
37.1000 1 8608.80896
37.2000 1 8692.69504
37.3000 1 8587.83744
37.4000 1 8420.06528
37.5000 1 8462.00832
37.6000 1 8388.608
37.7000 1 8430.55104
37.8000 1 3874.48832
37.9000 1 0.0
38.0000 1 0.0
38.1000 1 838.8608
38.2000 1 8032.09216
38.3000 1 8168.40704
38.4000 1 8178.8928
38.5000 1 7990.14912
38.6000 1 8399.09376
38.7000 1 8241.80736
38.8000 1 8115.97824
38.9000 1 8168.40704
39.0000 1 8105.49248
39.1000 1 7628.3904
39.2000 1 0.0
39.3000 1 0.0
39.4000 1 0.0
39.5000 1 4750.04928
39.6000 1 8315.20768
39.7000 1 2264.92416
39.8000 1 0.0
39.9000 1 7371.48928
40.0000 1 11282.67776
40.1000 1 8608.80896
40.2000 1 8545.8944
40.3000 1 8315.20768
40.4000 1 6973.0304
40.5000 1 9395.24096
40.6000 1 8142.19264
40.7000 1 3156.21376
40.8000 1 83.88608
40.9000 1 0.0
41.0000 1 1520.4352
41.1000 1 8703.1808
41.2000 1 8430.55104
41.3000 1 9154.06848
41.4000 1 8682.20928
41.5000 1 8818.52416
41.6000 1 8755.6096
41.7000 1 8524.92288
41.8000 1 8587.83744
41.9000 1 8561.62304
42.0000 1 2086.66624
42.1000 1 0.0
42.2000 1 0.0
42.3000 1 1782.5792
42.4000 1 8430.55104
42.5000 1 8503.95136
42.6000 1 8462.00832
42.7000 1 8566.86592
42.8000 1 8462.00832
42.9000 1 8535.40864
43.0000 1 8566.86592
43.1000 1 8608.80896
43.2000 1 8540.65152
43.3000 1 3344.95744
43.4000 1 0.0
43.5000 1 0.0
43.6000 1 387.97312
43.7000 1 8482.97984
43.8000 1 8797.55264
43.9000 1 8829.00992
44.0000 1 8661.23776
44.1000 1 8797.55264
44.2000 1 8441.0368
44.3000 1 8692.69504
44.4000 1 8482.97984
44.5000 1 8635.02336
44.6000 1 3523.21536
44.7000 1 83.88608
44.8000 1 83.88608
44.9000 1 838.8608
45.0000 1 8524.92288
45.1000 1 8608.80896
45.2000 1 8787.06688
45.3000 1 8776.58112
45.4000 1 8493.4656
45.5000 1 8650.752
45.6000 1 8430.55104
45.7000 1 8524.92288
45.8000 1 8593.08032
45.9000 1 3544.18688
46.0000 1 0.0
46.1000 1 0.0
46.2000 1 1509.94944
46.3000 1 8493.4656
46.4000 1 8849.98144
46.5000 1 8713.66656
46.6000 1 8745.12384
46.7000 1 8545.8944
46.8000 1 8545.8944
46.9000 1 8556.38016
47.0000 1 8472.49408
47.1000 1 8519.68
47.2000 1 2799.69792
47.3000 1 0.0
47.4000 1 0.0
47.5000 1 1751.12192
47.6000 1 8357.15072
47.7000 1 8472.49408
47.8000 1 8283.7504
47.9000 1 8409.57952
48.0000 1 8189.37856
48.1000 1 8336.1792
48.2000 1 8241.80736
48.3000 1 8304.72192
48.4000 1 8351.90784
48.5000 1 5033.1648
48.6000 1 0.0
48.7000 1 0.0
48.8000 1 0.0
48.9000 1 8210.35008
49.0000 1 6354.37056
49.1000 1 3638.55872
49.2000 1 7927.23456
49.3000 1 11639.1936
49.4000 1 9395.24096
49.5000 1 8409.57952
49.6000 1 8619.29472
49.7000 1 8472.49408
49.8000 1 8446.27968
49.9000 1 734.0032
50.0000 1 0.0
50.1000 1 0.0
50.2000 1 3753.90208
50.3000 1 8640.26624
50.4000 1 8650.752
50.5000 1 8776.58112
50.6000 1 8755.6096
50.7000 1 8619.29472
50.8000 1 8524.92288
50.9000 1 8451.52256
51.0000 1 8577.35168
51.1000 1 8572.1088
51.2000 1 440.40192
51.3000 1 73.40032
51.4000 1 73.40032
51.5000 1 3061.84192
51.6000 1 9216.98304
51.7000 1 8713.66656
51.8000 1 8608.80896
51.9000 1 8818.52416
52.0000 1 8734.63808
52.1000 1 8524.92288
52.2000 1 8640.26624
52.3000 1 8503.95136
52.4000 1 8467.2512
52.5000 1 367.0016
52.6000 1 73.40032
52.7000 1 73.40032
52.8000 1 3491.75808
52.9000 1 8619.29472
53.0000 1 8703.1808
53.1000 1 8713.66656
53.2000 1 8619.29472
53.3000 1 8640.26624
53.4000 1 8566.86592
53.5000 1 8462.00832
53.6000 1 8503.95136
53.7000 1 8551.13728
53.8000 1 734.0032
53.9000 1 73.40032
54.0000 1 73.40032
54.1000 1 3418.35776
54.2000 1 8545.8944
54.3000 1 8650.752
54.4000 1 8671.72352
54.5000 1 8566.86592
54.6000 1 8577.35168
54.7000 1 8535.40864
54.8000 1 8367.63648
54.9000 1 8524.92288
55.0000 1 8477.73696
55.1000 1 1279.26272
55.2000 1 73.40032
55.3000 1 73.40032
55.4000 1 2369.78176
55.5000 1 8703.1808
55.6000 1 8503.95136
55.7000 1 8619.29472
55.8000 1 8682.20928
55.9000 1 8451.52256
56.0000 1 8482.97984
56.1000 1 8545.8944
56.2000 1 8430.55104
56.3000 1 8530.16576
56.4000 1 2348.81024
56.5000 1 0.0
56.6000 1 0.0
56.7000 1 2369.78176
56.8000 1 8514.43712
56.9000 1 8724.15232
57.0000 1 8692.69504
57.1000 1 8734.63808
57.2000 1 8724.15232
57.3000 1 8671.72352
57.4000 1 8503.95136
57.5000 1 8629.78048
57.6000 1 8372.87936
57.7000 1 1908.40832
57.8000 1 73.40032
57.9000 1 73.40032
58.0000 1 2432.69632
58.1000 1 8315.20768
58.2000 1 8640.26624
58.3000 1 8682.20928
58.4000 1 8503.95136
58.5000 1 8441.0368
58.6000 1 8378.12224
58.7000 1 8451.52256
58.8000 1 8514.43712
58.9000 1 8530.16576
59.0000 1 2768.24064
59.1000 1 0.0
59.2000 1 0.0
59.3000 1 629.1456
59.4000 1 2998.92736
59.5000 1 6973.0304
59.6000 1 12289.31072
59.7000 1 9059.69664
59.8000 1 8210.35008
59.9000 1 8084.52096
60.0000 1 8157.92128
60.1000 1 8199.86432
60.2000 1 8566.86592
60.3000 1 8530.16576
60.4000 1 52.4288
60.5000 1 83.88608
60.6000 1 62.91456
60.7000 1 1604.32128
60.8000 1 11010.048
60.9000 1 8409.57952
61.0000 1 8493.4656
61.1000 1 8346.66496
61.2000 1 8220.83584
61.3000 1 8304.72192
61.4000 1 8357.15072
61.5000 1 8220.83584
61.6000 1 8299.47904
61.7000 1 2380.26752
61.8000 1 73.40032
61.9000 1 83.88608
62.0000 1 2652.89728
62.1000 1 8545.8944
62.2000 1 8766.09536
62.3000 1 8818.52416
62.4000 1 8776.58112
62.5000 1 8535.40864
62.6000 1 8482.97984
62.7000 1 8503.95136
62.8000 1 8556.38016
62.9000 1 3245.34272
