0.1000 1 0.0
0.2000 1 94.37184
0.3000 1 8472.49408
0.4000 1 8325.69344
0.5000 1 8304.72192
0.6000 1 8283.7504
0.7000 1 8336.1792
0.8000 1 8273.26464
0.9000 1 8304.72192
1.0000 1 8241.80736
1.1000 1 8074.0352
1.2000 1 8047.8208
1.3000 1 429.91616
1.4000 1 62.91456
1.5000 1 0.0
1.6000 1 5756.68224
1.7000 1 8231.3216
1.8000 1 8294.23616
1.9000 1 8325.69344
2.0000 1 8283.7504
2.1000 1 8241.80736
2.2000 1 8157.92128
2.3000 1 8147.43552
2.4000 1 8189.37856
2.5000 1 8157.92128
2.6000 1 1840.25088
2.7000 1 0.0
2.8000 1 0.0
2.9000 1 5148.50816
3.0000 1 8566.86592
3.1000 1 8608.80896
3.2000 1 8577.35168
3.3000 1 8556.38016
3.4000 1 8545.8944
3.5000 1 8482.97984
3.6000 1 8388.608
3.7000 1 8367.63648
3.8000 1 8351.90784
3.9000 1 62.91456
4.0000 1 0.0
4.1000 1 0.0
4.2000 1 6176.11264
4.3000 1 8514.43712
4.4000 1 8598.3232
4.5000 1 8514.43712
4.6000 1 8545.8944
4.7000 1 8451.52256
4.8000 1 8409.57952
4.9000 1 8388.608
5.0000 1 8420.06528
5.1000 1 7680.8192
5.2000 1 0.0
5.3000 1 0.0
5.4000 1 0.0
5.5000 1 7119.83104
5.6000 1 8315.20768
5.7000 1 8388.608
5.8000 1 8441.0368
5.9000 1 8378.12224
6.0000 1 8304.72192
6.1000 1 8273.26464
6.2000 1 8325.69344
6.3000 1 8336.1792
6.4000 1 7880.04864
6.5000 1 0.0
6.6000 1 0.0
6.7000 1 0.0
6.8000 1 7465.86112
6.9000 1 8462.00832
7.0000 1 8587.83744
7.1000 1 8556.38016
7.2000 1 8640.26624
7.3000 1 8482.97984
7.4000 1 8409.57952
7.5000 1 8399.09376
7.6000 1 8325.69344
7.7000 1 6338.64192
7.8000 1 62.91456
7.9000 1 0.0
8.0000 1 0.0
8.1000 1 7602.176
8.2000 1 8451.52256
8.3000 1 8462.00832
8.4000 1 8514.43712
8.5000 1 8535.40864
8.6000 1 8535.40864
8.7000 1 8441.0368
8.8000 1 8304.72192
8.9000 1 8399.09376
9.0000 1 6433.01376
9.1000 1 62.91456
9.2000 1 0.0
9.3000 1 754.97472
9.4000 1 8199.86432
9.5000 1 8430.55104
9.6000 1 8503.95136
9.7000 1 7497.3184
9.8000 1 0.0
9.9000 1 870.31808
10.0000 1 241.17248
10.1000 1 0.0
10.2000 1 8954.83904
10.3000 1 13012.82816
10.4000 1 8755.6096
10.5000 1 8545.8944
10.6000 1 8624.5376
10.7000 1 6301.94176
10.8000 1 83.88608
10.9000 1 31.45728
11.0000 1 0.0
11.1000 1 8472.49408
11.2000 1 8650.752
11.3000 1 8703.1808
11.4000 1 8703.1808
11.5000 1 8661.23776
11.6000 1 8787.06688
11.7000 1 8556.38016
11.8000 1 8671.72352
11.9000 1 8488.22272
12.0000 1 3953.13152
12.1000 1 73.40032
12.2000 1 0.0
12.3000 1 2579.49696
12.4000 1 7423.91808
12.5000 1 9531.55584
12.6000 1 8524.92288
12.7000 1 8598.3232
12.8000 1 8598.3232
12.9000 1 8619.29472
13.0000 1 8671.72352
13.1000 1 8556.38016
13.2000 1 8509.19424
13.3000 1 1992.2944
13.4000 1 0.0
13.5000 1 0.0
13.6000 1 4550.81984
13.7000 1 8671.72352
13.8000 1 8619.29472
13.9000 1 8755.6096
14.0000 1 8650.752
14.1000 1 8640.26624
14.2000 1 8545.8944
14.3000 1 8598.3232
14.4000 1 8498.70848
14.5000 1 8095.00672
14.6000 1 0.0
14.7000 1 73.40032
14.8000 1 83.88608
14.9000 1 7046.43072
15.0000 1 8587.83744
15.1000 1 8462.00832
15.2000 1 8524.92288
15.3000 1 8598.3232
15.4000 1 8430.55104
15.5000 1 8409.57952
15.6000 1 8367.63648
15.7000 1 8257.536
15.8000 1 6994.00192
15.9000 1 0.0
16.0000 1 0.0
16.1000 1 0.0
16.2000 1 7528.77568
16.3000 1 8514.43712
16.4000 1 8692.69504
16.5000 1 8535.40864
16.6000 1 8503.95136
16.7000 1 8629.78048
16.8000 1 8493.4656
16.9000 1 8608.80896
17.0000 1 8676.9664
17.1000 1 5588.91008
17.2000 1 0.0
17.3000 1 0.0
17.4000 1 1426.06336
17.5000 1 8462.00832
17.6000 1 8524.92288
17.7000 1 8661.23776
17.8000 1 8734.63808
17.9000 1 8755.6096
18.0000 1 6438.25664
18.1000 1 5851.05408
18.2000 1 8724.15232
18.3000 1 8435.79392
18.4000 1 7843.34848
18.5000 1 73.40032
18.6000 1 3890.21696
18.7000 1 8503.95136
18.8000 1 8545.8944
18.9000 1 8493.4656
19.0000 1 8503.95136
19.1000 1 8734.63808
19.2000 1 8598.3232
19.3000 1 8472.49408
19.4000 1 8482.97984
19.5000 1 8446.27968
19.6000 1 1142.94784
19.7000 1 0.0
19.8000 1 0.0
19.9000 1 5735.71072
20.0000 1 8514.43712
20.1000 1 8262.77888
20.2000 1 2705.32608
20.3000 1 5033.1648
20.4000 1 11377.0496
20.5000 1 12530.4832
20.6000 1 8346.66496
20.7000 1 8252.29312
20.8000 1 8383.36512
20.9000 1 2631.92576
21.0000 1 0.0
21.1000 1 0.0
21.2000 1 3323.98592
21.3000 1 8262.77888
21.4000 1 8420.06528
21.5000 1 8629.78048
21.6000 1 8482.97984
21.7000 1 8713.66656
21.8000 1 8472.49408
21.9000 1 8619.29472
22.0000 1 8420.06528
22.1000 1 8435.79392
22.2000 1 1876.95104
22.3000 1 73.40032
22.4000 1 83.88608
22.5000 1 4970.25024
22.6000 1 8441.0368
22.7000 1 8451.52256
22.8000 1 8650.752
22.9000 1 8556.38016
23.0000 1 8420.06528
23.1000 1 8503.95136
23.2000 1 8409.57952
23.3000 1 8304.72192
23.4000 1 8383.36512
23.5000 1 576.7168
23.6000 1 83.88608
23.7000 1 62.91456
23.8000 1 5127.53664
23.9000 1 8734.63808
24.0000 1 8808.0384
24.1000 1 8745.12384
24.2000 1 8797.55264
24.3000 1 8902.41024
24.4000 1 8724.15232
24.5000 1 8661.23776
24.6000 1 8467.2512
24.7000 1 6627.00032
24.8000 1 0.0
24.9000 1 0.0
25.0000 1 0.0
25.1000 1 8357.15072
25.2000 1 8650.752
25.3000 1 8692.69504
25.4000 1 8776.58112
25.5000 1 8818.52416
25.6000 1 8891.92448
25.7000 1 8734.63808
25.8000 1 8545.8944
25.9000 1 8551.13728
26.0000 1 3774.8736
26.1000 1 73.40032
26.2000 1 73.40032
26.3000 1 3072.32768
26.4000 1 8608.80896
26.5000 1 8745.12384
26.6000 1 8703.1808
26.7000 1 8808.0384
26.8000 1 8577.35168
26.9000 1 8734.63808
27.0000 1 8493.4656
27.1000 1 8619.29472
27.2000 1 8467.2512
27.3000 1 734.0032
27.4000 1 83.88608
27.5000 1 73.40032
27.6000 1 5379.19488
27.7000 1 8378.12224
27.8000 1 8545.8944
27.9000 1 8577.35168
28.0000 1 8556.38016
28.1000 1 8577.35168
28.2000 1 8451.52256
28.3000 1 8598.3232
28.4000 1 8456.76544
28.5000 1 8220.83584
28.6000 1 0.0
28.7000 1 73.40032
28.8000 1 62.91456
28.9000 1 6239.0272
29.0000 1 8451.52256
29.1000 1 8776.58112
29.2000 1 8608.80896
29.3000 1 8787.06688
29.4000 1 8640.26624
29.5000 1 8472.49408
29.6000 1 8598.3232
29.7000 1 8393.85088
29.8000 1 6794.77248
29.9000 1 0.0
30.0000 1 0.0
30.1000 1 125.82912
30.2000 1 8545.8944
30.3000 1 6731.85792
30.4000 1 2736.78336
30.5000 1 7465.86112
30.6000 1 12855.54176
30.7000 1 10789.84704
30.8000 1 8724.15232
30.9000 1 8462.00832
31.0000 1 8614.05184
31.1000 1 6627.00032
31.2000 1 73.40032
31.3000 1 0.0
31.4000 1 0.0
31.5000 1 8262.77888
31.6000 1 8524.92288
31.7000 1 8577.35168
31.8000 1 8745.12384
31.9000 1 8545.8944
32.0000 1 8692.69504
32.1000 1 8357.15072
32.2000 1 8514.43712
32.3000 1 8645.50912
32.4000 1 4750.04928
32.5000 1 0.0
32.6000 1 0.0
32.7000 1 2118.12352
32.8000 1 8472.49408
32.9000 1 8881.43872
33.0000 1 8713.66656
33.1000 1 8808.0384
33.2000 1 8776.58112
33.3000 1 8724.15232
33.4000 1 0.0
33.5000 1 7130.3168
33.6000 1 17726.17728
33.7000 1 2506.09664
33.8000 1 0.0
33.9000 1 0.0
34.0000 1 3607.10144
34.1000 1 8514.43712
34.2000 1 8923.38176
34.3000 1 8587.83744
34.4000 1 8818.52416
34.5000 1 8587.83744
34.6000 1 8514.43712
34.7000 1 8650.752
34.8000 1 8493.4656
34.9000 1 8624.5376
35.0000 1 387.97312
35.1000 1 0.0
35.2000 1 0.0
35.3000 1 0.0
35.4000 1 1478.49216
35.5000 1 7193.23136
35.6000 1 1384.12032
35.7000 1 10873.73312
35.8000 1 12551.45472
35.9000 1 8745.12384
36.0000 1 7193.23136
36.1000 1 1845.49376
36.2000 1 7455.37536
36.3000 1 12551.45472
36.4000 1 9526.31296
36.5000 1 1038.09024
36.6000 1 73.40032
36.7000 1 62.91456
36.8000 1 2139.09504
36.9000 1 10653.53216
37.0000 1 13274.97216
37.1000 1 9825.15712
37.2000 1 7256.14592
37.3000 1 7822.37696
37.4000 1 11356.07808
37.5000 1 8420.06528
37.6000 1 8236.56448
37.7000 1 2736.78336
37.8000 1 83.88608
37.9000 1 73.40032
38.0000 1 4236.24704
38.1000 1 8650.752
38.2000 1 8755.6096
38.3000 1 8734.63808
38.4000 1 8766.09536
38.5000 1 8671.72352
38.6000 1 8514.43712
38.7000 1 8462.00832
38.8000 1 8582.59456
38.9000 1 8294.23616
39.0000 1 0.0
39.1000 1 73.40032
39.2000 1 83.88608
39.3000 1 4802.47808
39.4000 1 9342.81216
39.5000 1 8703.1808
39.6000 1 8891.92448
39.7000 1 8808.0384
39.8000 1 8734.63808
39.9000 1 8619.29472
40.0000 1 8703.1808
40.1000 1 8582.59456
40.2000 1 6469.71392
40.3000 1 20.97152
40.4000 1 31.45728
40.5000 1 650.11712
40.6000 1 8671.72352
40.7000 1 8870.95296
40.8000 1 8682.20928
40.9000 1 8766.09536
41.0000 1 8891.92448
41.1000 1 8860.4672
41.2000 1 8661.23776
41.3000 1 8598.3232
41.4000 1 8624.5376
41.5000 1 2757.75488
41.6000 1 0.0
41.7000 1 0.0
41.8000 1 3722.4448
41.9000 1 8587.83744
42.0000 1 8923.38176
42.1000 1 8923.38176
42.2000 1 8902.41024
42.3000 1 8881.43872
42.4000 1 8608.80896
42.5000 1 8598.3232
42.6000 1 8572.1088
42.7000 1 7937.72032
42.8000 1 125.82912
42.9000 1 0.0
43.0000 1 125.82912
43.1000 1 6941.57312
43.2000 1 8734.63808
43.3000 1 8724.15232
43.4000 1 8818.52416
43.5000 1 8640.26624
43.6000 1 8703.1808
43.7000 1 8608.80896
43.8000 1 8556.38016
43.9000 1 8488.22272
44.0000 1 5400.1664
44.1000 1 0.0
44.2000 1 136.31488
44.3000 1 1038.09024
44.4000 1 8482.97984
44.5000 1 8797.55264
44.6000 1 8608.80896
44.7000 1 8766.09536
44.8000 1 8755.6096
44.9000 1 8797.55264
45.0000 1 8692.69504
45.1000 1 8409.57952
45.2000 1 8697.93792
45.3000 1 2558.52544
45.4000 1 0.0
45.5000 1 0.0
45.6000 1 4729.07776
45.7000 1 8629.78048
45.8000 1 8734.63808
45.9000 1 8808.0384
46.0000 1 8787.06688
46.1000 1 8713.66656
46.2000 1 8598.3232
46.3000 1 8441.0368
46.4000 1 8530.16576
46.5000 1 7853.83424
46.6000 1 0.0
46.7000 1 0.0
46.8000 1 0.0
46.9000 1 6469.71392
47.0000 1 8629.78048
47.1000 1 8619.29472
47.2000 1 8692.69504
47.3000 1 8776.58112
47.4000 1 8619.29472
47.5000 1 8713.66656
47.6000 1 8378.12224
47.7000 1 8666.48064
47.8000 1 6165.62688
47.9000 1 146.80064
48.0000 1 136.31488
48.1000 1 0.0
48.2000 1 8273.26464
48.3000 1 8535.40864
48.4000 1 8724.15232
48.5000 1 8692.69504
48.6000 1 8724.15232
48.7000 1 8650.752
48.8000 1 8514.43712
48.9000 1 8472.49408
49.0000 1 8655.99488
49.1000 1 4362.07616
49.2000 1 0.0
49.3000 1 125.82912
49.4000 1 1960.83712
49.5000 1 8619.29472
49.6000 1 8808.0384
49.7000 1 8703.1808
49.8000 1 8839.49568
49.9000 1 8755.6096
50.0000 1 8556.38016
50.1000 1 8734.63808
50.2000 1 8503.95136
50.3000 1 8425.30816
50.4000 1 1793.06496
50.5000 1 0.0
50.6000 1 0.0
50.7000 1 5368.70912
50.8000 1 8713.66656
50.9000 1 8745.12384
51.0000 1 8734.63808
51.1000 1 8724.15232
51.2000 1 8598.3232
51.3000 1 8703.1808
51.4000 1 8430.55104
51.5000 1 8519.68
51.6000 1 7266.63168
51.7000 1 0.0
51.8000 1 0.0
51.9000 1 0.0
52.0000 1 5788.13952
52.1000 1 8367.63648
52.2000 1 8587.83744
52.3000 1 8462.00832
52.4000 1 8556.38016
52.5000 1 8482.97984
52.6000 1 8650.752
52.7000 1 8336.1792
52.8000 1 8624.5376
52.9000 1 7895.77728
53.0000 1 0.0
53.1000 1 0.0
53.2000 1 0.0
53.3000 1 6700.40064
53.4000 1 8399.09376
53.5000 1 8608.80896
53.6000 1 8598.3232
53.7000 1 8724.15232
53.8000 1 8598.3232
53.9000 1 8503.95136
54.0000 1 8545.8944
54.1000 1 8582.59456
54.2000 1 6700.40064
54.3000 1 0.0
54.4000 1 0.0
54.5000 1 0.0
54.6000 1 8598.3232
54.7000 1 8598.3232
54.8000 1 8692.69504
54.9000 1 8608.80896
55.0000 1 8619.29472
55.1000 1 8577.35168
55.2000 1 8304.72192
55.3000 1 8441.0368
55.4000 1 8561.62304
55.5000 1 4676.64896
55.6000 1 0.0
55.7000 1 0.0
55.8000 1 1897.92256
55.9000 1 8367.63648
56.0000 1 8325.69344
56.1000 1 8535.40864
56.2000 1 8640.26624
56.3000 1 8598.3232
56.4000 1 8608.80896
56.5000 1 8420.06528
56.6000 1 8503.95136
56.7000 1 8456.76544
56.8000 1 3418.35776
56.9000 1 125.82912
57.0000 1 0.0
57.1000 1 1048.576
57.2000 1 10370.41664
57.3000 1 8399.09376
57.4000 1 8724.15232
57.5000 1 8692.69504
57.6000 1 8661.23776
57.7000 1 8692.69504
57.8000 1 8566.86592
57.9000 1 8587.83744
58.0000 1 8488.22272
58.1000 1 1551.89248
58.2000 1 0.0
58.3000 1 0.0
58.4000 1 5148.50816
58.5000 1 8556.38016
58.6000 1 8545.8944
58.7000 1 8566.86592
58.8000 1 8703.1808
58.9000 1 8598.3232
59.0000 1 8692.69504
59.1000 1 8346.66496
59.2000 1 8614.05184
59.3000 1 8126.464
59.4000 1 0.0
59.5000 1 125.82912
59.6000 1 0.0
59.7000 1 7549.7472
59.8000 1 8755.6096
59.9000 1 8661.23776
60.0000 1 8671.72352
60.1000 1 5872.0256
60.2000 1 11492.39296
60.3000 1 8682.20928
60.4000 1 8503.95136
60.5000 1 4954.5216
