Will transfer 1000 files
0.1000 8 0.0
0.2000 8 21684.55168
0.3000 8 21873.29536
0.4000 8 16462.6432
0.5000 8 11125.39136
0.6000 8 12666.79808
0.7000 8 15235.80928
0.8000 8 16997.41696
0.9000 8 16064.18432
1.0000 8 12499.02592
1.1000 8 16515.072
1.2000 8 19912.45824
1.3000 8 18140.3648
1.4000 8 22124.9536
1.5000 8 20866.6624
1.6000 8 24358.42048
1.7000 8 18821.9392
1.8000 8 10810.81856
1.9000 8 17762.87744
2.0000 8 17658.01984
2.1000 8 16315.84256
2.2000 8 16976.44544
2.3000 8 17647.53408
2.4000 8 20258.48832
2.5000 8 14344.51968
2.6000 8 10653.53216
2.7000 8 11450.44992
2.8000 8 11502.87872
2.9000 8 14008.97536
3.0000 8 15833.4976
3.1000 8 14722.00704
3.2000 8 13589.54496
3.3000 8 16294.87104
3.4000 8 18612.224
3.5000 8 21915.2384
3.6000 8 21841.83808
3.7000 8 14386.46272
3.8000 8 11031.01952
3.9000 8 16347.29984
4.0000 8 18654.16704
4.1000 8 22093.49632
4.2000 8 21852.32384
4.3000 8 15938.3552
4.4000 8 15057.55136
4.5000 8 18559.7952
4.6000 8 11408.50688
4.7000 8 14690.54976
4.8000 8 13474.2016
4.9000 8 18622.70976
5.0000 8 20635.97568
5.1000 8 14218.69056
5.2000 8 12876.51328
5.3000 8 14302.57664
5.4000 8 11114.9056
5.5000 8 11670.65088
5.6000 8 11041.50528
5.7000 8 14176.74752
5.8000 8 11261.70624
5.9000 8 22366.12608
6.0000 8 19293.7984
6.1000 8 20468.20352
6.2000 8 18601.73824
6.3000 8 18056.47872
6.4000 8 11628.70784
6.5000 8 16693.32992
6.6000 8 12467.56864
6.7000 8 12027.16672
6.8000 8 14522.7776
6.9000 8 18087.936
7.0000 8 14701.03552
7.1000 8 12320.768
7.2000 8 14134.80448
7.3000 8 15959.32672
7.4000 8 20069.74464
7.5000 8 13589.54496
7.6000 8 15361.6384
7.7000 8 16127.09888
7.8000 8 18234.73664
7.9000 8 14627.6352
8.0000 8 16756.24448
8.1000 8 13715.37408
8.2000 8 14365.4912
8.3000 8 15749.61152
8.4000 8 20006.83008
8.5000 8 18266.19392
8.6000 8 20289.9456
8.7000 8 19272.82688
8.8000 8 15141.43744
8.9000 8 15130.95168
9.0000 8 15980.29824
9.1000 8 11702.10816
9.2000 8 12100.56704
9.3000 8 13044.28544
9.4000 8 18863.88224
9.5000 8 19451.0848
9.6000 8 14187.23328
9.7000 8 14176.74752
9.8000 8 10863.24736
9.9000 8 11649.67936
10.0000 8 16640.90112
10.1000 8 24935.13728
10.2000 8 17699.96288
10.3000 8 12907.97056
10.4000 8 14994.6368
10.5000 8 15854.46912
10.6000 8 16871.58784
10.7000 8 20866.6624
10.8000 8 20877.14816
10.9000 8 11398.02112
11.0000 8 17049.84576
11.1000 8 11439.96416
11.2000 8 13767.80288
11.3000 8 10915.67616
11.4000 8 12761.16992
11.5000 8 11356.07808
11.6000 8 10664.01792
11.7000 8 9762.24256
11.8000 8 14680.064
11.9000 8 12519.99744
12.0000 8 9017.7536
12.1000 8 10433.3312
12.2000 8 22544.384
12.3000 8 17647.53408
12.4000 8 19503.5136
12.5000 8 15476.98176
12.6000 8 15749.61152
12.7000 8 12006.1952
12.8000 8 11460.93568
12.9000 8 13893.632
13.0000 8 17249.0752
13.1000 8 13044.28544
13.2000 8 13694.40256
13.3000 8 11838.42304
13.4000 8 12278.82496
13.5000 8 16305.3568
13.6000 8 19901.97248
13.7000 8 14071.88992
13.8000 8 13442.74432
13.9000 8 10013.9008
14.0000 8 14197.71904
14.1000 8 17112.76032
14.2000 8 18528.33792
14.3000 8 17595.10528
14.4000 8 16326.32832
14.5000 8 18769.5104
14.6000 8 12813.59872
14.7000 8 11460.93568
14.8000 8 14019.46112
14.9000 8 22187.86816
15.0000 8 23676.84608
15.1000 8 21118.32064
15.2000 8 16085.15584
15.3000 8 17091.7888
15.4000 8 15990.784
15.5000 8 19262.34112
15.6000 8 14900.26496
15.7000 8 10003.41504
15.8000 8 11188.30592
15.9000 8 14061.40416
16.0000 8 13872.66048
16.1000 8 12205.42464
16.2000 8 11765.02272
16.3000 8 17332.96128
16.4000 8 12572.42624
16.5000 8 13495.17312
16.6000 8 11911.82336
16.7000 8 13725.85984
16.8000 8 14596.17792
16.9000 8 14260.6336
17.0000 8 12991.85664
17.1000 8 13201.57184
17.2000 8 13673.43104
17.3000 8 13358.85824
17.4000 8 16095.6416
17.5000 8 13725.85984
17.6000 8 11356.07808
17.7000 8 12488.54016
17.8000 8 16682.84416
17.9000 8 17616.0768
18.0000 8 11450.44992
18.1000 8 16200.4992
18.2000 8 19461.57056
18.3000 8 15424.55296
18.4000 8 16557.01504
18.5000 8 21663.58016
18.6000 8 17741.90592
18.7000 8 20740.83328
18.8000 8 21642.60864
18.9000 8 22680.69888
19.0000 8 19933.42976
19.1000 8 13411.28704
19.2000 8 15047.0656
19.3000 8 15193.86624
19.4000 8 17794.33472
19.5000 8 19881.00096
19.6000 8 15917.38368
19.7000 8 11408.50688
19.8000 8 17962.10688
19.9000 8 10643.0464
20.0000 8 11031.01952
20.1000 8 9793.69984
20.2000 8 13925.08928
20.3000 8 13757.31712
20.4000 8 14365.4912
20.5000 8 16106.12736
20.6000 8 14690.54976
20.7000 8 14491.32032
20.8000 8 16557.01504
20.9000 8 11995.70944
21.0000 8 17144.2176
21.1000 8 19451.0848
21.2000 8 22911.3856
21.3000 8 12918.45632
21.4000 8 10664.01792
21.5000 8 11408.50688
21.6000 8 14082.37568
21.7000 8 12540.96896
21.8000 8 14313.0624
21.9000 8 15959.32672
22.0000 8 15466.496
22.1000 8 11492.39296
22.2000 8 11775.50848
22.3000 8 15089.00864
22.4000 8 14166.26176
22.5000 8 16169.04192
22.6000 8 10129.24416
22.7000 8 10905.1904
22.8000 8 13568.57344
22.9000 8 14355.00544
23.0000 8 11901.3376
23.1000 8 10328.4736
23.2000 8 14868.80768
23.3000 8 13065.25696
23.4000 8 16085.15584
23.5000 8 11576.27904
23.6000 8 14071.88992
23.7000 8 15351.15264
23.8000 8 12362.71104
23.9000 8 12383.68256
24.0000 8 11639.1936
24.1000 8 12582.912
24.2000 8 14921.23648
24.3000 8 10202.64448
24.4000 8 10968.10496
24.5000 8 11167.3344
24.6000 8 13694.40256
24.7000 8 15969.81248
24.8000 8 11051.99104
24.9000 8 9290.38336
25.0000 8 12519.99744
25.1000 8 11953.7664
25.2000 8 10747.904
25.3000 8 10957.6192
25.4000 8 11523.85024
25.5000 8 9835.64288
25.6000 8 13191.08608
25.7000 8 12320.768
25.8000 8 11356.07808
25.9000 8 11398.02112
26.0000 8 13778.28864
26.1000 8 11869.88032
26.2000 8 11062.4768
26.3000 8 15340.66688
26.4000 8 16137.58464
26.5000 8 16609.44384
26.6000 8 14239.66208
26.7000 8 11974.73792
26.8000 8 18224.25088
26.9000 8 15959.32672
27.0000 8 16819.15904
27.1000 8 13830.71744
27.2000 8 10926.16192
27.3000 8 17815.30624
27.4000 8 17154.70336
27.5000 8 17270.04672
27.6000 8 13138.65728
27.7000 8 13652.45952
27.8000 8 14417.92
27.9000 8 19797.11488
28.0000 8 16357.7856
28.1000 8 11534.336
28.2000 8 11093.93408
28.3000 8 10517.21728
28.4000 8 12792.6272
28.5000 8 15959.32672
28.6000 8 14071.88992
28.7000 8 14512.29184
28.8000 8 13662.94528
28.9000 8 15770.58304
29.0000 8 19272.82688
29.1000 8 15162.40896
29.2000 8 21579.69408
29.3000 8 22858.9568
29.4000 8 16546.52928
29.5000 8 12215.9104
29.6000 8 14271.11936
29.7000 8 9311.35488
29.8000 8 13002.3424
29.9000 8 12677.28384
30.0000 8 11062.4768
30.1000 8 10013.9008
30.2000 8 14690.54976
30.3000 8 13212.0576
30.4000 8 13086.22848
30.5000 8 17028.87424
30.6000 8 16965.95968
30.7000 8 14082.37568
30.8000 8 11135.87712
30.9000 8 12310.28224
31.0000 8 16231.95648
31.1000 8 14742.97856
31.2000 8 14585.69216
31.3000 8 14229.17632
31.4000 8 14218.69056
31.5000 8 11911.82336
31.6000 8 15676.2112
31.7000 8 14847.83616
31.8000 8 13495.17312
31.9000 8 17490.24768
32.0000 8 15875.44064
32.1000 8 13463.71584
32.2000 8 16892.55936
32.3000 8 15707.66848
32.4000 8 13820.23168
32.5000 8 15487.46752
32.6000 8 13579.0592
32.7000 8 11586.7648
32.8000 8 12152.99584
32.9000 8 14092.86144
33.0000 8 11922.30912
33.1000 8 13809.74592
33.2000 8 13337.88672
33.3000 8 11335.10656
33.4000 8 14040.43264
33.5000 8 14627.6352
33.6000 8 14417.92
33.7000 8 13809.74592
33.8000 8 17123.24608
33.9000 8 18570.28096
34.0000 8 11859.39456
34.1000 8 13641.97376
34.2000 8 14774.43584
34.3000 8 12740.1984
34.4000 8 11691.6224
34.5000 8 12740.1984
34.6000 8 12614.36928
34.7000 8 12509.51168
34.8000 8 13316.9152
34.9000 8 16903.04512
35.0000 8 14722.00704
35.1000 8 15938.3552
35.2000 8 13851.68896
35.3000 8 12362.71104
35.4000 8 16473.12896
35.5000 8 14113.83296
35.6000 8 13883.14624
35.7000 8 11429.4784
35.8000 8 12425.6256
35.9000 8 10947.13344
36.0000 8 12310.28224
36.1000 8 10034.87232
36.2000 8 10045.35808
36.3000 8 11219.7632
36.4000 8 14491.32032
36.5000 8 17280.53248
36.6000 8 13400.80128
36.7000 8 9437.184
36.8000 8 13002.3424
36.9000 8 12436.11136
37.0000 8 12037.65248
37.1000 8 15644.75392
37.2000 8 16399.72864
37.3000 8 16305.3568
37.4000 8 11198.79168
37.5000 8 9332.3264
37.6000 8 10234.10176
37.7000 8 10695.4752
37.8000 8 17228.10368
37.9000 8 13369.344
38.0000 8 13946.0608
38.1000 8 13054.7712
38.2000 8 9667.87072
38.3000 8 13075.74272
38.4000 8 12761.16992
38.5000 8 12236.88192
38.6000 8 14302.57664
38.7000 8 13715.37408
38.8000 8 10601.10336
38.9000 8 13390.31552
39.0000 8 12415.13984
39.1000 8 11240.73472
39.2000 8 12572.42624
39.3000 8 18234.73664
39.4000 8 11702.10816
39.5000 8 9971.95776
39.6000 8 13159.6288
39.7000 8 15005.12256
39.8000 8 13631.488
39.9000 8 14868.80768
40.0000 8 16557.01504
40.1000 8 15015.60832
40.2000 8 13149.14304
40.3000 8 13295.94368
40.4000 8 12121.53856
40.5000 8 16315.84256
40.6000 8 14942.208
40.7000 8 16315.84256
40.8000 8 12320.768
40.9000 8 11460.93568
41.0000 8 10433.3312
41.1000 8 11649.67936
41.2000 8 12310.28224
41.3000 8 16085.15584
41.4000 8 17762.87744
41.5000 8 11765.02272
41.6000 8 11177.82016
41.7000 8 12551.45472
41.8000 8 10108.27264
41.9000 8 13138.65728
42.0000 8 10968.10496
42.1000 8 15497.95328
42.2000 8 15246.29504
42.3000 8 11586.7648
42.4000 8 10496.24576
42.5000 8 12236.88192
42.6000 8 9793.69984
42.7000 8 16609.44384
42.8000 8 10349.44512
42.9000 8 9311.35488
43.0000 8 12708.74112
43.1000 8 16106.12736
43.2000 8 15959.32672
43.3000 8 10831.79008
43.4000 8 15015.60832
43.5000 8 11387.53536
43.6000 8 14512.29184
43.7000 8 12687.7696
43.8000 8 18077.45024
43.9000 8 17133.73184
44.0000 8 10349.44512
44.1000 8 15036.57984
44.2000 8 14176.74752
44.3000 8 13757.31712
44.4000 8 13946.0608
44.5000 8 14617.14944
44.6000 8 15047.0656
44.7000 8 12383.68256
44.8000 8 12111.0528
44.9000 8 13295.94368
45.0000 8 17028.87424
45.1000 8 14344.51968
45.2000 8 12289.31072
45.3000 8 9594.4704
45.4000 8 9133.09696
45.5000 8 10926.16192
45.6000 8 12991.85664
45.7000 8 12708.74112
45.8000 8 15393.09568
45.9000 8 12069.10976
46.0000 8 13883.14624
46.1000 8 12928.94208
46.2000 8 10485.76
46.3000 8 12236.88192
46.4000 8 12079.59552
46.5000 8 11282.67776
46.6000 8 13495.17312
46.7000 8 13495.17312
46.8000 8 11702.10816
46.9000 8 11628.70784
47.0000 8 11806.96576
47.1000 8 12551.45472
47.2000 8 11481.9072
47.3000 8 7780.43392
47.4000 8 10034.87232
47.5000 8 20803.74784
47.6000 8 14952.69376
47.7000 8 12499.02592
47.8000 8 12813.59872
47.9000 8 13107.2
48.0000 8 12069.10976
48.1000 8 15718.15424
48.2000 8 15172.89472
48.3000 8 11146.36288
48.4000 8 10024.38656
48.5000 8 11733.56544
48.6000 8 13149.14304
48.7000 8 13432.25856
48.8000 8 11869.88032
48.9000 8 13883.14624
49.0000 8 9531.55584
49.1000 8 9950.98624
49.2000 8 10034.87232
49.3000 8 11335.10656
49.4000 8 11901.3376
49.5000 8 13568.57344
49.6000 8 12561.94048
49.7000 8 9699.328
49.8000 8 14449.37728
49.9000 8 17720.9344
50.0000 8 11859.39456
50.1000 8 11964.25216
50.2000 8 12509.51168
50.3000 8 12928.94208
50.4000 8 14512.29184
50.5000 8 13610.51648
50.6000 8 12037.65248
50.7000 8 15351.15264
50.8000 8 14564.72064
50.9000 8 11565.79328
51.0000 8 12572.42624
51.1000 8 11324.6208
51.2000 8 11251.22048
51.3000 8 11156.84864
51.4000 8 12918.45632
51.5000 8 14879.29344
51.6000 8 10852.7616
51.7000 8 11366.56384
51.8000 8 12320.768
51.9000 8 12173.96736
52.0000 8 9646.8992
52.1000 8 9867.10016
52.2000 8 9898.55744
52.3000 8 9940.50048
52.4000 8 9814.67136
52.5000 8 9961.472
52.6000 8 8933.86752
52.7000 8 9332.3264
52.8000 8 10915.67616
52.9000 8 17479.76192
53.0000 8 17741.90592
53.1000 8 17500.73344
53.2000 8 11681.13664
53.3000 8 13925.08928
53.4000 8 12740.1984
53.5000 8 14596.17792
53.6000 8 12509.51168
53.7000 8 10863.24736
53.8000 8 10601.10336
53.9000 8 9112.12544
54.0000 8 13862.17472
54.1000 8 12132.02432
54.2000 8 14554.23488
54.3000 8 12866.02752
54.4000 8 14092.86144
54.5000 8 13054.7712
54.6000 8 10884.21888
54.7000 8 12719.22688
54.8000 8 12446.59712
54.9000 8 10936.64768
55.0000 8 12425.6256
55.1000 8 16766.73024
55.2000 8 15843.98336
55.3000 8 14868.80768
55.4000 8 11880.36608
55.5000 8 10276.0448
55.6000 8 12729.71264
55.7000 8 12016.68096
55.8000 8 11765.02272
55.9000 8 15057.55136
56.0000 8 12970.88512
56.1000 8 11177.82016
56.2000 8 12069.10976
56.3000 8 13149.14304
56.4000 8 10276.0448
56.5000 8 13694.40256
56.6000 8 15120.46592
56.7000 8 14459.86304
56.8000 8 15497.95328
56.9000 8 12782.14144
57.0000 8 11314.13504
57.1000 8 13841.2032
57.2000 8 12939.42784
57.3000 8 14617.14944
57.4000 8 14742.97856
57.5000 8 16106.12736
57.6000 8 13274.97216
57.7000 8 11618.22208
57.8000 8 14522.7776
57.9000 8 13327.40096
58.0000 8 13107.2
58.1000 8 15697.18272
58.2000 8 14973.66528
58.3000 8 13652.45952
58.4000 8 13463.71584
58.5000 8 10611.58912
58.6000 8 14050.9184
58.7000 8 12478.0544
58.8000 8 12173.96736
58.9000 8 13610.51648
59.0000 8 15026.09408
59.1000 8 16903.04512
59.2000 8 13904.11776
59.3000 8 10506.73152
59.4000 8 13988.00384
59.5000 8 6658.4576
Time 59608 ms
