Will transfer 1000 files
0.1000 8 0.0
0.2000 8 17888.70656
0.3000 8 15277.75232
0.4000 8 15843.98336
0.5000 8 9678.35648
0.6000 8 11177.82016
0.7000 8 10957.6192
0.8000 8 13316.9152
0.9000 8 18234.73664
1.0000 8 13516.14464
1.1000 8 12121.53856
1.2000 8 15812.52608
1.3000 8 15005.12256
1.4000 8 10338.95936
1.5000 8 15099.4944
1.6000 8 9909.0432
1.7000 8 12907.97056
1.8000 8 15864.95488
1.9000 8 12635.3408
2.0000 8 15403.58144
2.1000 8 18245.2224
2.2000 8 12446.59712
2.3000 8 10548.67456
2.4000 8 11922.30912
2.5000 8 13306.42944
2.6000 8 21579.69408
2.7000 8 14250.14784
2.8000 8 16714.30144
2.9000 8 18119.39328
3.0000 8 21558.72256
3.1000 8 18014.53568
3.2000 8 13295.94368
3.3000 8 10664.01792
3.4000 8 15927.86944
3.5000 8 9070.1824
3.6000 8 10276.0448
3.7000 8 12855.54176
3.8000 8 13631.488
3.9000 8 15875.44064
4.0000 8 13600.03072
4.1000 8 11093.93408
4.2000 8 11817.45152
4.3000 8 18968.73984
4.4000 8 13967.03232
4.5000 8 16871.58784
4.6000 8 14648.60672
4.7000 8 12415.13984
4.8000 8 19199.42656
4.9000 8 22533.89824
5.0000 8 19608.3712
5.1000 8 10653.53216
5.2000 8 13704.88832
5.3000 8 15592.32512
5.4000 8 14176.74752
5.5000 8 17437.81888
5.6000 8 20468.20352
5.7000 8 18517.85216
5.8000 8 20992.49152
5.9000 8 19325.25568
6.0000 8 11765.02272
6.1000 8 11031.01952
6.2000 8 14417.92
6.3000 8 10349.44512
6.4000 8 11481.9072
6.5000 8 11744.0512
6.6000 8 13023.31392
6.7000 8 17395.87584
6.8000 8 13337.88672
6.9000 8 11859.39456
7.0000 8 17888.70656
7.1000 8 14417.92
7.2000 8 11859.39456
7.3000 8 16294.87104
7.4000 8 15906.89792
7.5000 8 17930.6496
7.6000 8 15204.352
7.7000 8 21799.89504
7.8000 8 21233.664
7.9000 8 17081.30304
8.0000 8 15927.86944
8.1000 8 22334.6688
8.2000 8 14480.83456
8.3000 8 12561.94048
8.4000 8 18528.33792
8.5000 8 17836.27776
8.6000 8 15330.18112
8.7000 8 18507.3664
8.8000 8 18444.45184
8.9000 8 16525.55776
9.0000 8 20342.3744
9.1000 8 15246.29504
9.2000 8 19126.02624
9.3000 8 12761.16992
9.4000 8 13998.4896
9.5000 8 19660.8
9.6000 8 12970.88512
9.7000 8 18832.42496
9.8000 8 11460.93568
9.9000 8 16504.58624
10.0000 8 12499.02592
10.1000 8 12886.99904
10.2000 8 12645.82656
10.3000 8 15162.40896
10.4000 8 19356.71296
10.5000 8 10643.0464
10.6000 8 12394.16832
10.7000 8 16127.09888
10.8000 8 11251.22048
10.9000 8 10213.13024
11.0000 8 12173.96736
11.1000 8 13254.00064
11.2000 8 15655.23968
11.3000 8 12048.13824
11.4000 8 17018.38848
11.5000 8 17920.16384
11.6000 8 13337.88672
11.7000 8 14449.37728
11.8000 8 15151.9232
11.9000 8 13180.60032
12.0000 8 10643.0464
12.1000 8 19744.68608
12.2000 8 18308.13696
12.3000 8 14627.6352
12.4000 8 17039.36
12.5000 8 12383.68256
12.6000 8 18759.02464
12.7000 8 17658.01984
12.8000 8 14375.97696
12.9000 8 12488.54016
13.0000 8 14239.66208
13.1000 8 15812.52608
13.2000 8 17542.67648
13.3000 8 14690.54976
13.4000 8 19430.11328
13.5000 8 20656.9472
13.6000 8 15162.40896
13.7000 8 18045.99296
13.8000 8 20027.8016
13.9000 8 19262.34112
14.0000 8 21013.46304
14.1000 8 11534.336
14.2000 8 14501.80608
14.3000 8 16462.6432
14.4000 8 11744.0512
14.5000 8 11712.59392
14.6000 8 8870.95296
14.7000 8 10716.44672
14.8000 8 12499.02592
14.9000 8 13411.28704
15.0000 8 12635.3408
15.1000 8 12949.9136
15.2000 8 19042.14016
15.3000 8 18213.76512
15.4000 8 15487.46752
15.5000 8 15141.43744
15.6000 8 14701.03552
15.7000 8 14124.31872
15.8000 8 15319.69536
15.9000 8 17395.87584
16.0000 8 13159.6288
16.1000 8 10968.10496
16.2000 8 16944.98816
16.3000 8 13914.60352
16.4000 8 10590.6176
16.5000 8 13390.31552
16.6000 8 13956.54656
16.7000 8 18507.3664
16.8000 8 12970.88512
16.9000 8 10223.616
17.0000 8 13767.80288
17.1000 8 12467.56864
17.2000 8 14722.00704
17.3000 8 12540.96896
17.4000 8 16557.01504
17.5000 8 14229.17632
17.6000 8 16494.10048
17.7000 8 16850.61632
17.8000 8 12551.45472
17.9000 8 13725.85984
18.0000 8 15235.80928
18.1000 8 15896.41216
18.2000 8 13463.71584
18.3000 8 16913.53088
18.4000 8 17490.24768
18.5000 8 10747.904
18.6000 8 11366.56384
18.7000 8 14816.37888
18.8000 8 11953.7664
18.9000 8 13935.57504
19.0000 8 12645.82656
19.1000 8 12540.96896
19.2000 8 13621.00224
19.3000 8 17825.792
19.4000 8 17280.53248
19.5000 8 16368.27136
19.6000 8 11712.59392
19.7000 8 9521.07008
19.8000 8 13914.60352
19.9000 8 11324.6208
20.0000 8 10926.16192
20.1000 8 18297.6512
20.2000 8 14753.46432
20.3000 8 14459.86304
20.4000 8 9961.472
20.5000 8 19031.6544
20.6000 8 19188.9408
20.7000 8 20153.63072
20.8000 8 13484.68736
20.9000 8 16703.81568
21.0000 8 12824.08448
21.1000 8 16798.18752
21.2000 8 16116.61312
21.3000 8 13432.25856
21.4000 8 11366.56384
21.5000 8 12918.45632
21.6000 8 15686.69696
21.7000 8 15246.29504
21.8000 8 11544.82176
21.9000 8 12866.02752
22.0000 8 16462.6432
22.1000 8 12886.99904
22.2000 8 13191.08608
22.3000 8 11796.48
22.4000 8 13096.71424
22.5000 8 15676.2112
22.6000 8 15823.01184
22.7000 8 17741.90592
22.8000 8 15298.72384
22.9000 8 14375.97696
23.0000 8 14585.69216
23.1000 8 17762.87744
23.2000 8 13788.7744
23.3000 8 13526.6304
23.4000 8 11712.59392
23.5000 8 12970.88512
23.6000 8 15319.69536
23.7000 8 12016.68096
23.8000 8 15676.2112
23.9000 8 14260.6336
24.0000 8 11240.73472
24.1000 8 18570.28096
24.2000 8 21642.60864
24.3000 8 14921.23648
24.4000 8 14459.86304
24.5000 8 14763.95008
24.6000 8 12803.11296
24.7000 8 9583.98464
24.8000 8 13568.57344
24.9000 8 15298.72384
25.0000 8 9856.6144
25.1000 8 13904.11776
25.2000 8 12100.56704
25.3000 8 11450.44992
25.4000 8 15770.58304
25.5000 8 18140.3648
25.6000 8 13044.28544
25.7000 8 11911.82336
25.8000 8 13358.85824
25.9000 8 13107.2
26.0000 8 16777.216
26.1000 8 14040.43264
26.2000 8 19713.2288
26.3000 8 11534.336
26.4000 8 12173.96736
26.5000 8 17091.7888
26.6000 8 17175.67488
26.7000 8 17301.504
26.8000 8 16200.4992
26.9000 8 11943.28064
27.0000 8 12121.53856
27.1000 8 14396.94848
27.2000 8 12173.96736
27.3000 8 11010.048
27.4000 8 13002.3424
27.5000 8 15424.55296
27.6000 8 12782.14144
27.7000 8 12058.624
27.8000 8 11796.48
27.9000 8 14218.69056
28.0000 8 14355.00544
28.1000 8 14742.97856
28.2000 8 9688.84224
28.3000 8 14826.86464
28.4000 8 13369.344
28.5000 8 13233.02912
28.6000 8 9950.98624
28.7000 8 13862.17472
28.8000 8 13547.60192
28.9000 8 13170.11456
29.0000 8 17270.04672
29.1000 8 16074.67008
29.2000 8 12824.08448
29.3000 8 13683.9168
29.4000 8 11303.64928
29.5000 8 9825.15712
29.6000 8 9720.29952
29.7000 8 10664.01792
29.8000 8 14092.86144
29.9000 8 12509.51168
30.0000 8 13998.4896
30.1000 8 15089.00864
30.2000 8 18738.05312
30.3000 8 14050.9184
30.4000 8 12027.16672
30.5000 8 12928.94208
30.6000 8 11691.6224
30.7000 8 13264.4864
30.8000 8 15162.40896
30.9000 8 13683.9168
31.0000 8 13704.88832
31.1000 8 19954.40128
31.2000 8 15875.44064
31.3000 8 10779.36128
31.4000 8 14071.88992
31.5000 8 13348.37248
31.6000 8 13547.60192
31.7000 8 13683.9168
31.8000 8 11156.84864
31.9000 8 16001.26976
32.0000 8 15969.81248
32.1000 8 12111.0528
32.2000 8 9730.78528
32.3000 8 11838.42304
32.4000 8 13495.17312
32.5000 8 12939.42784
32.6000 8 13337.88672
32.7000 8 13191.08608
32.8000 8 12960.39936
32.9000 8 12876.51328
33.0000 8 10307.50208
33.1000 8 11869.88032
33.2000 8 11932.79488
33.3000 8 13883.14624
33.4000 8 18601.73824
33.5000 8 12299.79648
33.6000 8 15267.26656
33.7000 8 9982.44352
33.8000 8 12876.51328
33.9000 8 14805.89312
34.0000 8 14187.23328
34.1000 8 11209.27744
34.2000 8 11062.4768
34.3000 8 10873.73312
34.4000 8 10747.904
34.5000 8 12184.45312
34.6000 8 9290.38336
34.7000 8 11093.93408
34.8000 8 14942.208
34.9000 8 16756.24448
35.0000 8 12582.912
35.1000 8 16714.30144
35.2000 8 13044.28544
35.3000 8 15120.46592
35.4000 8 11104.41984
35.5000 8 15026.09408
35.6000 8 11712.59392
35.7000 8 10779.36128
35.8000 8 14365.4912
35.9000 8 16473.12896
36.0000 8 13096.71424
36.1000 8 10852.7616
36.2000 8 10601.10336
36.3000 8 9971.95776
36.4000 8 10768.87552
36.5000 8 9688.84224
36.6000 8 12205.42464
36.7000 8 11838.42304
36.8000 8 10055.84384
36.9000 8 12215.9104
37.0000 8 12572.42624
37.1000 8 12111.0528
37.2000 8 13977.51808
37.3000 8 9342.81216
37.4000 8 14638.12096
37.5000 8 12561.94048
37.6000 8 13967.03232
37.7000 8 14910.75072
37.8000 8 13673.43104
37.9000 8 15068.03712
38.0000 8 14533.26336
38.1000 8 14355.00544
38.2000 8 15938.3552
38.3000 8 12152.99584
38.4000 8 11932.79488
38.5000 8 10957.6192
38.6000 8 14124.31872
38.7000 8 15267.26656
38.8000 8 18266.19392
38.9000 8 13977.51808
39.0000 8 12582.912
39.1000 8 10422.84544
39.2000 8 13180.60032
39.3000 8 14512.29184
39.4000 8 13274.97216
39.5000 8 14805.89312
39.6000 8 12132.02432
39.7000 8 13264.4864
39.8000 8 13600.03072
39.9000 8 14449.37728
40.0000 8 12299.79648
40.1000 8 16158.55616
40.2000 8 12194.93888
40.3000 8 11765.02272
40.4000 8 14428.40576
40.5000 8 13012.82816
40.6000 8 11020.53376
40.7000 8 14344.51968
40.8000 8 9961.472
40.9000 8 16085.15584
41.0000 8 11408.50688
41.1000 8 14963.17952
41.2000 8 16095.6416
41.3000 8 13463.71584
41.4000 8 12698.25536
41.5000 8 12771.65568
41.6000 8 13505.65888
41.7000 8 12813.59872
41.8000 8 11911.82336
41.9000 8 9992.92928
42.0000 8 14942.208
42.1000 8 13788.7744
42.2000 8 13925.08928
42.3000 8 13107.2
42.4000 8 13988.00384
42.5000 8 12310.28224
42.6000 8 13600.03072
42.7000 8 16336.81408
42.8000 8 15760.09728
42.9000 8 13610.51648
43.0000 8 9059.69664
43.1000 8 12614.36928
43.2000 8 17007.90272
43.3000 8 14753.46432
43.4000 8 11282.67776
43.5000 8 11607.73632
43.6000 8 13830.71744
43.7000 8 13809.74592
43.8000 8 11031.01952
43.9000 8 9290.38336
44.0000 8 9091.15392
44.1000 8 13002.3424
44.2000 8 15697.18272
44.3000 8 12750.68416
44.4000 8 11125.39136
44.5000 8 10947.13344
44.6000 8 12467.56864
44.7000 8 18496.88064
44.8000 8 15277.75232
44.9000 8 14103.3472
45.0000 8 14208.2048
45.1000 8 14355.00544
45.2000 8 11712.59392
45.3000 8 11450.44992
45.4000 8 13411.28704
45.5000 8 11754.53696
45.6000 8 12928.94208
45.7000 8 10905.1904
45.8000 8 13683.9168
45.9000 8 16032.72704
46.0000 8 12855.54176
46.1000 8 11890.85184
46.2000 8 11901.3376
46.3000 8 10800.3328
46.4000 8 9846.12864
46.5000 8 12593.39776
46.6000 8 17322.47552
46.7000 8 14816.37888
46.8000 8 13652.45952
46.9000 8 15602.81088
47.0000 8 12666.79808
47.1000 8 12163.4816
47.2000 8 10181.67296
47.3000 8 13138.65728
47.4000 8 14407.43424
47.5000 8 13337.88672
47.6000 8 11188.30592
47.7000 8 10726.93248
47.8000 8 16871.58784
47.9000 8 16137.58464
48.0000 8 14753.46432
48.1000 8 14124.31872
48.2000 8 12698.25536
48.3000 8 11733.56544
48.4000 8 9101.63968
48.5000 8 8808.0384
48.6000 8 9730.78528
48.7000 8 10852.7616
48.8000 8 18454.9376
48.9000 8 11785.99424
49.0000 8 11660.16512
49.1000 8 13107.2
49.2000 8 15005.12256
49.3000 8 15162.40896
49.4000 8 17574.13376
49.5000 8 12519.99744
49.6000 8 12436.11136
49.7000 8 12645.82656
49.8000 8 10244.58752
49.9000 8 13946.0608
50.0000 8 14155.776
50.1000 8 13117.68576
50.2000 8 10894.70464
50.3000 8 11146.36288
50.4000 8 12719.22688
50.5000 8 17647.53408
50.6000 8 13904.11776
50.7000 8 13170.11456
50.8000 8 14816.37888
50.9000 8 13788.7744
51.0000 8 11429.4784
51.1000 8 11408.50688
51.2000 8 11618.22208
51.3000 8 14396.94848
51.4000 8 16955.47392
51.5000 8 12729.71264
51.6000 8 13725.85984
51.7000 8 13170.11456
51.8000 8 12886.99904
51.9000 8 12457.08288
52.0000 8 12907.97056
52.1000 8 12132.02432
52.2000 8 12016.68096
52.3000 8 12016.68096
52.4000 8 14386.46272
52.5000 8 17007.90272
52.6000 8 14082.37568
52.7000 8 8944.35328
52.8000 8 9699.328
52.9000 8 15361.6384
53.0000 8 14061.40416
53.1000 8 12750.68416
53.2000 8 15047.0656
53.3000 8 10926.16192
53.4000 8 11261.70624
53.5000 8 15644.75392
53.6000 8 18622.70976
53.7000 8 15508.43904
53.8000 8 12163.4816
53.9000 8 13327.40096
54.0000 8 12488.54016
54.1000 8 14575.2064
54.2000 8 12561.94048
54.3000 8 14638.12096
54.4000 8 13138.65728
54.5000 8 14669.57824
54.6000 8 16651.38688
54.7000 8 14470.3488
54.8000 8 11209.27744
54.9000 8 11345.59232
55.0000 8 13484.68736
55.1000 8 8315.20768
55.2000 8 12247.36768
55.3000 8 14271.11936
55.4000 8 13002.3424
55.5000 8 12509.51168
55.6000 8 14355.00544
55.7000 8 13568.57344
55.8000 8 13516.14464
55.9000 8 12698.25536
56.0000 8 15728.64
56.1000 8 10391.38816
56.2000 8 12991.85664
56.3000 8 12457.08288
56.4000 8 10454.30272
56.5000 8 9625.92768
56.6000 8 10884.21888
56.7000 8 10590.6176
56.8000 8 11922.30912
56.9000 8 12729.71264
57.0000 8 10234.10176
57.1000 8 13316.9152
57.2000 8 14113.83296
57.3000 8 12331.25376
57.4000 8 14008.97536
57.5000 8 11492.39296
57.6000 8 13117.68576
57.7000 8 12467.56864
57.8000 8 12111.0528
57.9000 8 12016.68096
58.0000 8 13547.60192
58.1000 8 12635.3408
58.2000 8 15099.4944
58.3000 8 16336.81408
58.4000 8 15917.38368
58.5000 8 13946.0608
58.6000 8 13862.17472
58.7000 8 13662.94528
58.8000 8 13704.88832
58.9000 8 13369.344
59.0000 8 14365.4912
59.1000 8 11932.79488
59.2000 8 15938.3552
59.3000 8 19451.0848
59.4000 8 14166.26176
59.5000 8 11775.50848
59.6000 8 17616.0768
59.7000 8 12782.14144
59.8000 8 11628.70784
59.9000 8 14008.97536
60.0000 8 11219.7632
60.1000 8 9867.10016
60.2000 8 8986.29632
60.3000 8 11523.85024
60.4000 8 9216.98304
60.5000 8 7885.29152
60.6000 8 251.65824
Time 60635 ms
