0.1000 8 0.0
0.2000 8 28563.21024
0.3000 8 29328.67072
0.4000 8 12666.79808
0.5000 8 23341.30176
0.6000 8 22261.26848
0.7000 8 20814.2336
0.8000 8 25543.31136
0.9000 8 27671.92064
1.0000 8 25700.59776
1.1000 8 27535.60576
1.2000 8 27011.31776
1.3000 8 27703.37792
1.4000 8 23026.72896
1.5000 8 28972.15488
1.6000 8 28993.1264
1.7000 8 23467.13088
1.8000 8 29936.8448
1.9000 8 24777.85088
2.0000 8 27619.49184
2.1000 8 27944.5504
2.2000 8 25983.71328
2.3000 8 26445.08672
2.4000 8 27692.89216
2.5000 8 17364.41856
2.6000 8 25344.08192
2.7000 8 26780.63104
2.8000 8 27262.976
2.9000 8 25270.6816
3.0000 8 30880.5632
3.1000 8 25889.34144
3.2000 8 25836.91264
3.3000 8 26812.08832
3.4000 8 21411.92192
3.5000 8 25910.31296
3.6000 8 25050.48064
3.7000 8 24180.16256
3.8000 8 30230.44608
3.9000 8 25595.74016
4.0000 8 26130.51392
4.1000 8 27493.66272
4.2000 8 22366.12608
4.3000 8 28080.86528
4.4000 8 29370.61376
4.5000 8 18706.59584
4.6000 8 27325.89056
4.7000 8 24798.8224
4.8000 8 27483.17696
4.9000 8 26644.31616
5.0000 8 23330.816
5.1000 8 30461.1328
5.2000 8 26319.2576
5.3000 8 24641.536
5.4000 8 22827.49952
5.5000 8 25060.9664
5.6000 8 25511.85408
5.7000 8 26654.80192
5.8000 8 24861.73696
5.9000 8 28405.92384
6.0000 8 26120.02816
6.1000 8 24274.5344
6.2000 8 24935.13728
6.3000 8 26319.2576
6.4000 8 25522.33984
6.5000 8 25459.42528
6.6000 8 28563.21024
6.7000 8 20887.63392
6.8000 8 27881.63584
6.9000 8 26780.63104
7.0000 8 22261.26848
7.1000 8 29129.44128
7.2000 8 25920.79872
7.3000 8 25270.6816
7.4000 8 26340.22912
7.5000 8 27221.03296
7.6000 8 27839.6928
7.7000 8 26843.5456
7.8000 8 26539.45856
7.9000 8 25721.56928
8.0000 8 25910.31296
8.1000 8 29160.89856
8.2000 8 26329.74336
8.3000 8 27063.74656
8.4000 8 27315.4048
8.5000 8 28301.06624
8.6000 8 26654.80192
8.7000 8 29863.44448
8.8000 8 23876.07552
8.9000 8 27105.6896
9.0000 8 30115.10272
9.1000 8 21936.20992
9.2000 8 30880.5632
9.3000 8 27619.49184
9.4000 8 22020.096
9.5000 8 31037.8496
9.6000 8 25417.48224
9.7000 8 24704.45056
9.8000 8 27661.43488
9.9000 8 24589.1072
10.0000 8 27797.74976
10.1000 8 29077.01248
10.2000 8 22869.44256
10.3000 8 27650.94912
10.4000 8 29569.8432
10.5000 8 25029.50912
10.6000 8 29118.95552
10.7000 8 25606.22592
10.8000 8 22764.58496
10.9000 8 28416.4096
11.0000 8 28374.46656
11.1000 8 23383.2448
11.2000 8 26277.31456
11.3000 8 23687.33184
11.4000 8 22775.07072
11.5000 8 19262.34112
11.6000 8 27378.31936
11.7000 8 23446.15936
11.8000 8 24735.90784
11.9000 8 24987.56608
12.0000 8 24494.73536
12.1000 8 27839.6928
12.2000 8 22292.72576
12.3000 8 24903.68
12.4000 8 25029.50912
12.5000 8 26078.08512
12.6000 8 21233.664
12.7000 8 24536.6784
12.8000 8 25480.3968
12.9000 8 24620.56448
13.0000 8 23823.64672
13.1000 8 18664.6528
13.2000 8 23907.5328
13.3000 8 22722.64192
13.4000 8 22114.46784
13.5000 8 25794.9696
13.6000 8 26812.08832
13.7000 8 23760.73216
13.8000 8 23760.73216
13.9000 8 23813.16096
14.0000 8 24253.56288
14.1000 8 24190.64832
14.2000 8 21411.92192
14.3000 8 25878.85568
14.4000 8 24138.21952
14.5000 8 20562.57536
14.6000 8 23697.8176
14.7000 8 23393.73056
14.8000 8 24966.59456
14.9000 8 25595.74016
15.0000 8 23697.8176
15.1000 8 25039.99488
15.2000 8 23561.50272
15.3000 8 22397.58336
15.4000 8 26413.62944
15.5000 8 26549.94432
15.6000 8 28856.81152
15.7000 8 25721.56928
15.8000 8 26224.88576
15.9000 8 22062.03904
16.0000 8 25721.56928
16.1000 8 26350.71488
16.2000 8 27063.74656
16.3000 8 25973.22752
16.4000 8 28741.46816
16.5000 8 27294.43328
16.6000 8 24882.70848
16.7000 8 28657.58208
16.8000 8 28332.52352
16.9000 8 29223.81312
17.0000 8 26979.86048
17.1000 8 27032.28928
17.2000 8 22754.0992
17.3000 8 27336.37632
17.4000 8 22953.32864
17.5000 8 25616.71168
17.6000 8 23624.41728
17.7000 8 26036.14208
17.8000 8 18224.25088
17.9000 8 28154.2656
18.0000 8 26004.6848
18.1000 8 25920.79872
18.2000 8 30020.73088
18.3000 8 27588.03456
18.4000 8 27629.9776
18.5000 8 26895.9744
18.6000 8 28605.15328
18.7000 8 30125.58848
18.8000 8 27357.34784
18.9000 8 30524.04736
19.0000 8 27818.72128
19.1000 8 22984.78592
19.2000 8 28248.63744
19.3000 8 28122.80832
19.4000 8 25627.19744
19.5000 8 23750.2464
19.6000 8 30555.50464
19.7000 8 25973.22752
19.8000 8 28007.46496
19.9000 8 29087.49824
20.0000 8 27472.6912
20.1000 8 24620.56448
20.2000 8 28007.46496
20.3000 8 26434.60096
20.4000 8 27399.29088
20.5000 8 26518.48704
20.6000 8 26528.9728
20.7000 8 25868.36992
20.8000 8 29412.5568
20.9000 8 23697.8176
21.0000 8 27619.49184
21.1000 8 26539.45856
21.2000 8 25019.02336
21.3000 8 28972.15488
21.4000 8 24893.19424
21.5000 8 27504.14848
21.6000 8 26308.77184
21.7000 8 27378.31936
21.8000 8 26644.31616
21.9000 8 23886.56128
22.0000 8 27588.03456
22.1000 8 26633.8304
22.2000 8 27493.66272
22.3000 8 25312.62464
22.4000 8 27000.832
22.5000 8 25406.99648
22.6000 8 27126.66112
22.7000 8 26633.8304
22.8000 8 27126.66112
22.9000 8 26581.4016
23.0000 8 25448.93952
23.1000 8 28426.89536
23.2000 8 25941.77024
23.3000 8 29737.61536
23.4000 8 24672.99328
23.5000 8 16661.87264
23.6000 8 28238.15168
23.7000 8 25323.1104
23.8000 8 24421.33504
23.9000 8 24977.08032
24.0000 8 25952.256
24.1000 8 24232.59136
24.2000 8 25815.94112
24.3000 8 24725.42208
24.4000 8 25281.16736
24.5000 8 26120.02816
24.6000 8 27441.23392
24.7000 8 27567.06304
24.8000 8 25375.5392
24.9000 8 28164.75136
25.0000 8 24830.27968
25.1000 8 26854.03136
25.2000 8 28038.92224
25.3000 8 21527.26528
25.4000 8 24159.19104
25.5000 8 24935.13728
25.6000 8 27315.4048
25.7000 8 27483.17696
25.8000 8 29873.93024
25.9000 8 24148.70528
26.0000 8 27734.8352
26.1000 8 27839.6928
26.2000 8 28395.43808
26.3000 8 29255.2704
26.4000 8 24442.30656
26.5000 8 27766.29248
26.6000 8 23949.47584
26.7000 8 27042.77504
26.8000 8 26099.05664
26.9000 8 31111.24992
27.0000 8 25396.51072
27.1000 8 27262.976
27.2000 8 29360.128
27.3000 8 27598.52032
27.4000 8 30125.58848
27.5000 8 28730.9824
27.6000 8 29360.128
27.7000 8 29402.07104
27.8000 8 29968.30208
27.9000 8 25386.02496
28.0000 8 28605.15328
28.1000 8 29276.24192
28.2000 8 19996.34432
28.3000 8 27892.1216
28.4000 8 27934.06464
28.5000 8 21265.12128
28.6000 8 30513.5616
28.7000 8 26120.02816
28.8000 8 28521.2672
28.9000 8 27451.71968
29.0000 8 26172.45696
29.1000 8 27766.29248
29.2000 8 30167.53152
29.3000 8 17678.99136
29.4000 8 30597.44768
29.5000 8 26843.5456
29.6000 8 21349.00736
29.7000 8 26906.46016
29.8000 8 31226.59328
29.9000 8 25417.48224
30.0000 8 29915.87328
30.1000 8 29496.44288
30.2000 8 25899.8272
30.3000 8 29066.52672
30.4000 8 28951.18336
30.5000 8 24725.42208
30.6000 8 29381.09952
30.7000 8 25249.71008
30.8000 8 31457.28
30.9000 8 25134.36672
31.0000 8 30094.1312
31.1000 8 27168.60416
31.2000 8 25039.99488
31.3000 8 25365.05344
31.4000 8 29160.89856
31.5000 8 25165.824
31.6000 8 30219.96032
31.7000 8 25763.51232
31.8000 8 27158.1184
31.9000 8 28846.32576
32.0000 8 25071.45216
32.1000 8 14701.03552
32.2000 8 178.25792
