0.1000 8 0.0
0.2000 8 26539.45856
0.3000 8 30807.16288
0.4000 8 18853.39648
0.5000 8 18087.936
0.6000 8 23320.33024
0.7000 8 25260.19584
0.8000 8 26046.62784
0.9000 8 30828.1344
1.0000 8 24127.73376
1.1000 8 27420.2624
1.2000 8 28091.35104
1.3000 8 21317.55008
1.4000 8 30178.01728
1.5000 8 27934.06464
1.6000 8 26749.17376
1.7000 8 29223.81312
1.8000 8 25742.5408
1.9000 8 28793.89696
2.0000 8 25218.2528
2.1000 8 27053.2608
2.2000 8 25291.65312
2.3000 8 28405.92384
2.4000 8 22911.3856
2.5000 8 30450.64704
2.6000 8 26329.74336
2.7000 8 24767.36512
2.8000 8 27200.06144
2.9000 8 27420.2624
3.0000 8 24400.36352
3.1000 8 26612.85888
3.2000 8 26591.88736
3.3000 8 25427.968
3.4000 8 27095.20384
3.5000 8 27577.5488
3.6000 8 28028.43648
3.7000 8 28269.60896
3.8000 8 23750.2464
3.9000 8 27619.49184
4.0000 8 29622.272
4.1000 8 26675.77344
4.2000 8 25333.59616
4.3000 8 27609.00608
4.4000 8 26885.48864
4.5000 8 27252.49024
4.6000 8 24022.87616
4.7000 8 30335.30368
4.8000 8 26717.71648
4.9000 8 19891.48672
5.0000 8 25773.99808
5.1000 8 25386.02496
5.2000 8 25606.22592
5.3000 8 25176.30976
5.4000 8 27063.74656
5.5000 8 27629.9776
5.6000 8 22869.44256
5.7000 8 31237.07904
5.8000 8 26770.14528
5.9000 8 26539.45856
6.0000 8 27724.34944
6.1000 8 28594.66752
6.2000 8 24148.70528
6.3000 8 27766.29248
6.4000 8 29580.32896
6.5000 8 25711.08352
6.6000 8 31006.39232
6.7000 8 26245.85728
6.8000 8 26067.59936
6.9000 8 25218.2528
7.0000 8 25060.9664
7.1000 8 28080.86528
7.2000 8 24484.2496
7.3000 8 28332.52352
7.4000 8 28122.80832
7.5000 8 27126.66112
7.6000 8 22617.78432
7.7000 8 27336.37632
7.8000 8 26675.77344
7.9000 8 21820.86656
8.0000 8 27944.5504
8.1000 8 28248.63744
8.2000 8 29664.21504
8.3000 8 29706.15808
8.4000 8 29318.18496
8.5000 8 29360.128
8.6000 8 26518.48704
8.7000 8 27671.92064
8.8000 8 25732.05504
8.9000 8 27242.00448
9.0000 8 25029.50912
9.1000 8 26654.80192
9.2000 8 26675.77344
9.3000 8 30775.7056
9.4000 8 24693.9648
9.5000 8 30419.18976
9.6000 8 26528.9728
9.7000 8 25417.48224
9.8000 8 28122.80832
9.9000 8 24714.93632
10.0000 8 24851.2512
10.1000 8 25197.28128
10.2000 8 25857.88416
10.3000 8 27923.57888
10.4000 8 26476.544
10.5000 8 29360.128
10.6000 8 28594.66752
10.7000 8 23949.47584
10.8000 8 31698.45248
10.9000 8 24526.19264
11.0000 8 29496.44288
11.1000 8 28311.552
11.2000 8 21946.69568
11.3000 8 23068.672
11.4000 8 25176.30976
11.5000 8 21170.74944
11.6000 8 21149.77792
11.7000 8 28594.66752
11.8000 8 28154.2656
11.9000 8 27703.37792
12.0000 8 30377.24672
12.1000 8 27766.29248
12.2000 8 26937.91744
12.3000 8 28122.80832
12.4000 8 25081.93792
12.5000 8 25941.77024
12.6000 8 27126.66112
12.7000 8 25333.59616
12.8000 8 30020.73088
12.9000 8 26256.34304
13.0000 8 26833.05984
13.1000 8 24033.36192
13.2000 8 25773.99808
13.3000 8 22156.41088
13.4000 8 21852.32384
13.5000 8 25711.08352
13.6000 8 19943.91552
13.7000 8 28437.38112
13.8000 8 25836.91264
13.9000 8 30041.7024
14.0000 8 24243.07712
14.1000 8 26916.94592
14.2000 8 27755.80672
14.3000 8 25773.99808
14.4000 8 27829.20704
14.5000 8 27147.63264
14.6000 8 23236.44416
14.7000 8 22607.29856
14.8000 8 30366.76096
14.9000 8 14480.83456
15.0000 8 26759.65952
15.1000 8 28573.696
15.2000 8 12666.79808
15.3000 8 21254.63552
15.4000 8 31258.05056
15.5000 8 19188.9408
15.6000 8 27934.06464
15.7000 8 29045.5552
15.8000 8 27755.80672
15.9000 8 26696.74496
16.0000 8 27483.17696
16.1000 8 25333.59616
16.2000 8 27011.31776
16.3000 8 25742.5408
16.4000 8 25448.93952
16.5000 8 24274.5344
16.6000 8 26350.71488
16.7000 8 23634.90304
16.8000 8 27179.08992
16.9000 8 24222.1056
17.0000 8 29087.49824
17.1000 8 22869.44256
17.2000 8 25595.74016
17.3000 8 26004.6848
17.4000 8 22240.29696
17.5000 8 24180.16256
17.6000 8 25753.02656
17.7000 8 30083.64544
17.8000 8 26476.544
17.9000 8 27451.71968
18.0000 8 29077.01248
18.1000 8 24966.59456
18.2000 8 21432.89344
18.3000 8 23288.87296
18.4000 8 26895.9744
18.5000 8 22324.18304
18.6000 8 29936.8448
18.7000 8 21390.9504
18.8000 8 25857.88416
18.9000 8 23351.78752
19.0000 8 22879.92832
19.1000 8 24285.02016
19.2000 8 23582.47424
19.3000 8 26308.77184
19.4000 8 27304.91904
19.5000 8 24253.56288
19.6000 8 26214.4
19.7000 8 26770.14528
19.8000 8 25417.48224
19.9000 8 26099.05664
20.0000 8 25144.85248
20.1000 8 26801.60256
20.2000 8 23897.04704
20.3000 8 25532.8256
20.4000 8 27514.63424
20.5000 8 28154.2656
20.6000 8 29915.87328
20.7000 8 27074.23232
20.8000 8 28919.72608
20.9000 8 27168.60416
21.0000 8 25071.45216
21.1000 8 25815.94112
21.2000 8 26696.74496
21.3000 8 28573.696
21.4000 8 22177.3824
21.5000 8 28248.63744
21.6000 8 27430.74816
21.7000 8 26518.48704
21.8000 8 26308.77184
21.9000 8 26937.91744
22.0000 8 26749.17376
22.1000 8 28626.1248
22.2000 8 28542.23872
22.3000 8 26812.08832
22.4000 8 24735.90784
22.5000 8 26591.88736
22.6000 8 27399.29088
22.7000 8 26927.43168
22.8000 8 26382.17216
22.9000 8 27451.71968
23.0000 8 26906.46016
23.1000 8 29077.01248
23.2000 8 29108.46976
23.3000 8 27619.49184
23.4000 8 22575.84128
23.5000 8 23645.3888
23.6000 8 27011.31776
23.7000 8 26046.62784
23.8000 8 26591.88736
23.9000 8 26979.86048
24.0000 8 24830.27968
24.1000 8 25994.19904
24.2000 8 27315.4048
24.3000 8 25060.9664
24.4000 8 24180.16256
24.5000 8 29160.89856
24.6000 8 23351.78752
24.7000 8 27839.6928
24.8000 8 29737.61536
24.9000 8 22512.92672
25.0000 8 30073.15968
25.1000 8 26560.43008
25.2000 8 22607.29856
25.3000 8 28972.15488
25.4000 8 27252.49024
25.5000 8 21023.9488
25.6000 8 30157.04576
25.7000 8 27430.74816
25.8000 8 29863.44448
25.9000 8 26591.88736
26.0000 8 28919.72608
26.1000 8 24033.36192
26.2000 8 29622.272
26.3000 8 27913.09312
26.4000 8 12048.13824
26.5000 8 27556.57728
26.6000 8 25658.65472
26.7000 8 28573.696
26.8000 8 24998.05184
26.9000 8 27944.5504
27.0000 8 25941.77024
27.1000 8 22617.78432
27.2000 8 27986.49344
27.3000 8 25763.51232
27.4000 8 26570.91584
27.5000 8 24557.64992
27.6000 8 26403.14368
27.7000 8 26728.20224
27.8000 8 23393.73056
27.9000 8 24819.79392
28.0000 8 24767.36512
28.1000 8 21904.75264
28.2000 8 25805.45536
28.3000 8 20845.69088
28.4000 8 26172.45696
28.5000 8 22691.18464
28.6000 8 23823.64672
28.7000 8 26130.51392
28.8000 8 19933.42976
28.9000 8 27221.03296
29.0000 8 25973.22752
29.1000 8 26099.05664
29.2000 8 29129.44128
29.3000 8 24893.19424
29.4000 8 29213.32736
29.5000 8 26340.22912
29.6000 8 27965.52192
29.7000 8 28143.77984
29.8000 8 25396.51072
29.9000 8 28877.78304
30.0000 8 28647.09632
30.1000 8 22806.528
30.2000 8 28909.24032
30.3000 8 25354.56768
30.4000 8 24809.30816
30.5000 8 28877.78304
30.6000 8 26424.1152
30.7000 8 27242.00448
30.8000 8 29444.01408
30.9000 8 23876.07552
31.0000 8 30115.10272
31.1000 8 30849.10592
31.2000 8 28374.46656
31.3000 8 28332.52352
31.4000 8 29936.8448
31.5000 8 18926.7968
31.6000 8 26528.9728
31.7000 8 25574.76864
31.8000 8 22858.9568
31.9000 8 24861.73696
32.0000 8 22156.41088
32.1000 8 4246.7328
