0.1000 8 0.0
0.2000 8 23016.2432
0.3000 8 23089.64352
0.4000 8 22324.18304
0.5000 8 12488.54016
0.6000 8 27000.832
0.7000 8 21013.46304
0.8000 8 23802.6752
0.9000 8 23959.9616
1.0000 8 27210.5472
1.1000 8 25627.19744
1.2000 8 25197.28128
1.3000 8 24735.90784
1.4000 8 20531.11808
1.5000 8 26602.37312
1.6000 8 22470.98368
1.7000 8 26361.20064
1.8000 8 25469.91104
1.9000 8 25815.94112
2.0000 8 27053.2608
2.1000 8 25312.62464
2.2000 8 24893.19424
2.3000 8 23488.1024
2.4000 8 23278.3872
2.5000 8 25973.22752
2.6000 8 19933.42976
2.7000 8 23540.5312
2.8000 8 26487.02976
2.9000 8 23414.70208
3.0000 8 29590.81472
3.1000 8 26990.34624
3.2000 8 26958.88896
3.3000 8 27095.20384
3.4000 8 27881.63584
3.5000 8 29150.4128
3.6000 8 25291.65312
3.7000 8 28846.32576
3.8000 8 28343.00928
3.9000 8 20677.91872
4.0000 8 27996.9792
4.1000 8 25826.42688
4.2000 8 29056.04096
4.3000 8 27965.52192
4.4000 8 24610.07872
4.5000 8 27818.72128
4.6000 8 20677.91872
4.7000 8 26109.5424
4.8000 8 26654.80192
4.9000 8 20667.43296
5.0000 8 26287.80032
5.1000 8 26182.94272
5.2000 8 26340.22912
5.3000 8 25239.22432
5.4000 8 31258.05056
5.5000 8 22701.6704
5.6000 8 27420.2624
5.7000 8 28112.32256
5.8000 8 27304.91904
5.9000 8 29360.128
6.0000 8 27818.72128
6.1000 8 20415.77472
6.2000 8 29433.52832
6.3000 8 26581.4016
6.4000 8 25711.08352
6.5000 8 28668.06784
6.6000 8 22680.69888
6.7000 8 24777.85088
6.8000 8 26528.9728
6.9000 8 25962.74176
7.0000 8 25595.74016
7.1000 8 24096.27648
7.2000 8 22712.15616
7.3000 8 27053.2608
7.4000 8 24494.73536
7.5000 8 26560.43008
7.6000 8 26256.34304
7.7000 8 26528.9728
7.8000 8 27472.6912
7.9000 8 27724.34944
8.0000 8 27871.15008
8.1000 8 22366.12608
8.2000 8 25889.34144
8.3000 8 29024.58368
8.4000 8 27315.4048
8.5000 8 26696.74496
8.6000 8 27965.52192
8.7000 8 24987.56608
8.8000 8 27892.1216
8.9000 8 28049.408
9.0000 8 28259.1232
9.1000 8 26277.31456
9.2000 8 29139.92704
9.3000 8 24652.02176
9.4000 8 29402.07104
9.5000 8 26466.05824
9.6000 8 26078.08512
9.7000 8 27042.77504
9.8000 8 21149.77792
9.9000 8 24211.61984
10.0000 8 26172.45696
10.1000 8 26780.63104
10.2000 8 24547.16416
10.3000 8 28426.89536
10.4000 8 28301.06624
10.5000 8 25522.33984
10.6000 8 27577.5488
10.7000 8 26287.80032
10.8000 8 23236.44416
10.9000 8 25994.19904
11.0000 8 26403.14368
11.1000 8 30555.50464
11.2000 8 28447.86688
11.3000 8 22869.44256
11.4000 8 27703.37792
11.5000 8 25868.36992
11.6000 8 24106.76224
11.7000 8 28898.75456
11.8000 8 20552.0896
11.9000 8 21831.35232
12.0000 8 24222.1056
12.1000 8 12016.68096
12.2000 8 20635.97568
12.3000 8 26455.57248
12.4000 8 26046.62784
12.5000 8 30649.87648
12.6000 8 26979.86048
12.7000 8 28112.32256
12.8000 8 29517.4144
12.9000 8 30157.04576
13.0000 8 22324.18304
13.1000 8 27535.60576
13.2000 8 28825.35424
13.3000 8 25648.16896
13.4000 8 28961.66912
13.5000 8 25679.62624
13.6000 8 29024.58368
13.7000 8 24599.59296
13.8000 8 28280.09472
13.9000 8 24536.6784
14.0000 8 26581.4016
14.1000 8 27168.60416
14.2000 8 27818.72128
14.3000 8 24998.05184
14.4000 8 25941.77024
14.5000 8 26916.94592
14.6000 8 20919.0912
14.7000 8 26497.51552
14.8000 8 27137.14688
14.9000 8 28122.80832
15.0000 8 25039.99488
15.1000 8 26927.43168
15.2000 8 26916.94592
15.3000 8 29517.4144
15.4000 8 26696.74496
15.5000 8 25511.85408
15.6000 8 26780.63104
15.7000 8 24914.16576
15.8000 8 24211.61984
15.9000 8 27567.06304
16.0000 8 19985.85856
16.1000 8 24043.84768
16.2000 8 23351.78752
16.3000 8 27430.74816
16.4000 8 28668.06784
16.5000 8 27640.46336
16.6000 8 28468.8384
16.7000 8 23918.01856
16.8000 8 29339.15648
16.9000 8 29307.6992
17.0000 8 28101.8368
17.1000 8 29905.38752
17.2000 8 29947.33056
17.3000 8 26958.88896
17.4000 8 30681.33376
17.5000 8 27902.60736
17.6000 8 25595.74016
17.7000 8 29999.75936
17.8000 8 30649.87648
17.9000 8 28343.00928
18.0000 8 30157.04576
18.1000 8 29223.81312
18.2000 8 28468.8384
18.3000 8 28898.75456
18.4000 8 24022.87616
18.5000 8 22911.3856
18.6000 8 28594.66752
18.7000 8 27892.1216
18.8000 8 27535.60576
18.9000 8 25941.77024
19.0000 8 29339.15648
19.1000 8 27168.60416
19.2000 8 29087.49824
19.3000 8 25983.71328
19.4000 8 29873.93024
19.5000 8 27629.9776
19.6000 8 26508.00128
19.7000 8 27210.5472
19.8000 8 27881.63584
19.9000 8 25637.6832
20.0000 8 28028.43648
20.1000 8 25228.73856
20.2000 8 24840.76544
20.3000 8 24788.33664
20.4000 8 24557.64992
20.5000 8 27262.976
20.6000 8 29171.38432
20.7000 8 24746.3936
20.8000 8 27766.29248
20.9000 8 27105.6896
21.0000 8 27420.2624
21.1000 8 24882.70848
21.2000 8 28584.18176
21.3000 8 25941.77024
21.4000 8 26015.17056
21.5000 8 28552.72448
21.6000 8 29800.52992
21.7000 8 27189.57568
21.8000 8 30461.1328
21.9000 8 26518.48704
22.0000 8 27692.89216
22.1000 8 26581.4016
22.2000 8 25920.79872
22.3000 8 23886.56128
22.4000 8 27084.71808
22.5000 8 25721.56928
22.6000 8 28647.09632
22.7000 8 23760.73216
22.8000 8 19933.42976
22.9000 8 28405.92384
23.0000 8 22166.89664
23.1000 8 23414.70208
23.2000 8 25081.93792
23.3000 8 23477.61664
23.4000 8 24735.90784
23.5000 8 28112.32256
23.6000 8 23624.41728
23.7000 8 28710.01088
23.8000 8 25941.77024
23.9000 8 23708.30336
24.0000 8 28573.696
24.1000 8 27755.80672
24.2000 8 28017.95072
24.3000 8 27598.52032
24.4000 8 27462.20544
24.5000 8 25092.42368
24.6000 8 28133.29408
24.7000 8 23760.73216
24.8000 8 31016.87808
24.9000 8 25060.9664
25.0000 8 23666.36032
25.1000 8 28835.84
25.2000 8 23225.9584
25.3000 8 26287.80032
25.4000 8 27755.80672
25.5000 8 30167.53152
25.6000 8 28678.5536
25.7000 8 30314.33216
25.8000 8 29863.44448
25.9000 8 24987.56608
26.0000 8 28573.696
26.1000 8 27797.74976
26.2000 8 30461.1328
26.3000 8 27682.4064
26.4000 8 30932.992
26.5000 8 28689.03936
26.6000 8 28552.72448
26.7000 8 25522.33984
26.8000 8 27955.03616
26.9000 8 25910.31296
27.0000 8 26864.51712
27.1000 8 23582.47424
27.2000 8 26266.8288
27.3000 8 25239.22432
27.4000 8 24536.6784
27.5000 8 31352.4224
27.6000 8 25931.28448
27.7000 8 24568.13568
27.8000 8 22355.64032
27.9000 8 30146.56
28.0000 8 20552.0896
28.1000 8 27535.60576
28.2000 8 29464.9856
28.3000 8 21621.63712
28.4000 8 29884.416
28.5000 8 28542.23872
28.6000 8 29024.58368
28.7000 8 27934.06464
28.8000 8 27105.6896
28.9000 8 29286.72768
29.0000 8 26822.57408
29.1000 8 29548.87168
29.2000 8 26916.94592
29.3000 8 27294.43328
29.4000 8 31373.39392
29.5000 8 24610.07872
29.6000 8 25878.85568
29.7000 8 27787.264
29.8000 8 26791.1168
29.9000 8 24190.64832
30.0000 8 20552.0896
30.1000 8 23834.13248
30.2000 8 27430.74816
30.3000 8 23037.21472
30.4000 8 25239.22432
30.5000 8 26403.14368
30.6000 8 26780.63104
30.7000 8 21852.32384
30.8000 8 29118.95552
30.9000 8 26025.65632
31.0000 8 24735.90784
31.1000 8 29045.5552
31.2000 8 22796.04224
31.3000 8 27336.37632
31.4000 8 26916.94592
31.5000 8 28689.03936
31.6000 8 25144.85248
31.7000 8 30125.58848
31.8000 8 16053.69856
31.9000 8 14449.37728
32.0000 8 4267.70432
