0.1000 8 0.0
0.2000 8 26570.91584
0.3000 8 27661.43488
0.4000 8 14281.60512
0.5000 8 18066.96448
0.6000 8 24693.9648
0.7000 8 26654.80192
0.8000 8 26686.2592
0.9000 8 28238.15168
1.0000 8 26518.48704
1.1000 8 28374.46656
1.2000 8 27839.6928
1.3000 8 29517.4144
1.4000 8 26623.34464
1.5000 8 25763.51232
1.6000 8 28143.77984
1.7000 8 20856.17664
1.8000 8 26707.23072
1.9000 8 27231.51872
2.0000 8 27399.29088
2.1000 8 23802.6752
2.2000 8 29139.92704
2.3000 8 25973.22752
2.4000 8 25092.42368
2.5000 8 28982.64064
2.6000 8 27336.37632
2.7000 8 26696.74496
2.8000 8 29181.87008
2.9000 8 24798.8224
3.0000 8 28668.06784
3.1000 8 24285.02016
3.2000 8 24285.02016
3.3000 8 28710.01088
3.4000 8 29244.78464
3.5000 8 25920.79872
3.6000 8 26340.22912
3.7000 8 25773.99808
3.8000 8 24138.21952
3.9000 8 28363.9808
4.0000 8 25281.16736
4.1000 8 24180.16256
4.2000 8 24788.33664
4.3000 8 21296.57856
4.4000 8 22198.35392
4.5000 8 24264.04864
4.6000 8 21820.86656
4.7000 8 23330.816
4.8000 8 25239.22432
4.9000 8 26937.91744
5.0000 8 22712.15616
5.1000 8 29412.5568
5.2000 8 26266.8288
5.3000 8 22198.35392
5.4000 8 28280.09472
5.5000 8 20982.00576
5.6000 8 24463.27808
5.7000 8 28678.5536
5.8000 8 24966.59456
5.9000 8 25794.9696
6.0000 8 27304.91904
6.1000 8 26224.88576
6.2000 8 23194.50112
6.3000 8 30136.07424
6.4000 8 26382.17216
6.5000 8 26025.65632
6.6000 8 26581.4016
6.7000 8 24337.44896
6.8000 8 26654.80192
6.9000 8 26854.03136
7.0000 8 25459.42528
7.1000 8 29097.984
7.2000 8 26214.4
7.3000 8 28856.81152
7.4000 8 26518.48704
7.5000 8 26256.34304
7.6000 8 26287.80032
7.7000 8 29150.4128
7.8000 8 24316.47744
7.9000 8 25952.256
8.0000 8 28133.29408
8.1000 8 24767.36512
8.2000 8 28091.35104
8.3000 8 27168.60416
8.4000 8 30796.67712
8.5000 8 26728.20224
8.6000 8 23215.47264
8.7000 8 27095.20384
8.8000 8 25658.65472
8.9000 8 30754.73408
9.0000 8 25700.59776
9.1000 8 29181.87008
9.2000 8 26497.51552
9.3000 8 24138.21952
9.4000 8 28196.20864
9.5000 8 28238.15168
9.6000 8 23110.61504
9.7000 8 28762.43968
9.8000 8 27032.28928
9.9000 8 28689.03936
10.0000 8 26916.94592
10.1000 8 28521.2672
10.2000 8 23907.5328
10.3000 8 28332.52352
10.4000 8 29108.46976
10.5000 8 26361.20064
10.6000 8 22764.58496
10.7000 8 30849.10592
10.8000 8 25595.74016
10.9000 8 27388.80512
11.0000 8 24557.64992
11.1000 8 25962.74176
11.2000 8 27472.6912
11.3000 8 29685.18656
11.4000 8 29129.44128
11.5000 8 29003.61216
11.6000 8 26654.80192
11.7000 8 26791.1168
11.8000 8 28741.46816
11.9000 8 26979.86048
12.0000 8 31006.39232
12.1000 8 25302.13888
12.2000 8 31037.8496
12.3000 8 28290.58048
12.4000 8 29884.416
12.5000 8 29811.01568
12.6000 8 25323.1104
12.7000 8 27221.03296
12.8000 8 26686.2592
12.9000 8 23267.90144
13.0000 8 28615.63904
13.1000 8 25060.9664
13.2000 8 24557.64992
13.3000 8 27504.14848
13.4000 8 27451.71968
13.5000 8 28542.23872
13.6000 8 28468.8384
13.7000 8 23676.84608
13.8000 8 27011.31776
13.9000 8 29905.38752
14.0000 8 25794.9696
14.1000 8 26287.80032
14.2000 8 28552.72448
14.3000 8 29779.5584
14.4000 8 29905.38752
14.5000 8 24987.56608
14.6000 8 30513.5616
14.7000 8 25281.16736
14.8000 8 28783.4112
14.9000 8 25595.74016
15.0000 8 27116.17536
15.1000 8 20080.2304
15.2000 8 24767.36512
15.3000 8 25427.968
15.4000 8 27451.71968
15.5000 8 21307.06432
15.6000 8 28647.09632
15.7000 8 26833.05984
15.8000 8 26738.688
15.9000 8 27147.63264
16.0000 8 25941.77024
16.1000 8 28605.15328
16.2000 8 23079.15776
16.3000 8 29129.44128
16.4000 8 25333.59616
16.5000 8 28919.72608
16.6000 8 28017.95072
16.7000 8 24358.42048
16.8000 8 27818.72128
16.9000 8 26508.00128
17.0000 8 26445.08672
17.1000 8 28793.89696
17.2000 8 26644.31616
17.3000 8 30115.10272
17.4000 8 26770.14528
17.5000 8 28584.18176
17.6000 8 27346.86208
17.7000 8 23299.35872
17.8000 8 30733.76256
17.9000 8 24652.02176
18.0000 8 24924.65152
18.1000 8 30178.01728
18.2000 8 27252.49024
18.3000 8 24410.84928
18.4000 8 28384.95232
18.5000 8 26078.08512
18.6000 8 30083.64544
18.7000 8 21097.34912
18.8000 8 26948.4032
18.9000 8 26413.62944
19.0000 8 30576.47616
19.1000 8 27483.17696
19.2000 8 26707.23072
19.3000 8 28049.408
19.4000 8 25889.34144
19.5000 8 26948.4032
19.6000 8 23802.6752
19.7000 8 29716.64384
19.8000 8 22785.55648
19.9000 8 22607.29856
20.0000 8 25889.34144
20.1000 8 26046.62784
20.2000 8 19000.19712
20.3000 8 31572.62336
20.4000 8 22376.61184
20.5000 8 27797.74976
20.6000 8 24725.42208
20.7000 8 25459.42528
20.8000 8 29202.8416
20.9000 8 24578.62144
21.0000 8 29160.89856
21.1000 8 29569.8432
21.2000 8 27598.52032
21.3000 8 29360.128
21.4000 8 26780.63104
21.5000 8 27871.15008
21.6000 8 28426.89536
21.7000 8 28353.49504
21.8000 8 28185.72288
21.9000 8 26088.57088
22.0000 8 29905.38752
22.1000 8 25721.56928
22.2000 8 29695.67232
22.3000 8 23163.04384
22.4000 8 23540.5312
22.5000 8 28143.77984
22.6000 8 25039.99488
22.7000 8 29716.64384
22.8000 8 27650.94912
22.9000 8 28783.4112
23.0000 8 28898.75456
23.1000 8 23267.90144
23.2000 8 27304.91904
23.3000 8 29905.38752
23.4000 8 28143.77984
23.5000 8 29506.92864
23.6000 8 29160.89856
23.7000 8 26015.17056
23.8000 8 22733.12768
23.9000 8 29569.8432
24.0000 8 23309.84448
24.1000 8 27262.976
24.2000 8 28447.86688
24.3000 8 27934.06464
24.4000 8 23760.73216
24.5000 8 26203.91424
24.6000 8 28363.9808
24.7000 8 26854.03136
24.8000 8 28930.21184
24.9000 8 29779.5584
25.0000 8 23309.84448
25.1000 8 25239.22432
25.2000 8 29307.6992
25.3000 8 24421.33504
25.4000 8 28133.29408
25.5000 8 23509.07392
25.6000 8 28017.95072
25.7000 8 21768.43776
25.8000 8 25826.42688
25.9000 8 26413.62944
26.0000 8 25826.42688
26.1000 8 25564.28288
26.2000 8 25417.48224
26.3000 8 26843.5456
26.4000 8 27629.9776
26.5000 8 22250.78272
26.6000 8 27504.14848
26.7000 8 25386.02496
26.8000 8 25742.5408
26.9000 8 27955.03616
27.0000 8 26036.14208
27.1000 8 27357.34784
27.2000 8 23414.70208
27.3000 8 28206.6944
27.4000 8 27200.06144
27.5000 8 28269.60896
27.6000 8 27755.80672
27.7000 8 27399.29088
27.8000 8 23351.78752
27.9000 8 30219.96032
28.0000 8 24620.56448
28.1000 8 22796.04224
28.2000 8 26633.8304
28.3000 8 25836.91264
28.4000 8 23435.6736
28.5000 8 25920.79872
28.6000 8 25637.6832
28.7000 8 26172.45696
28.8000 8 26046.62784
28.9000 8 23456.64512
29.0000 8 25941.77024
29.1000 8 24945.62304
29.2000 8 22250.78272
29.3000 8 24924.65152
29.4000 8 27273.46176
29.5000 8 25039.99488
29.6000 8 27084.71808
29.7000 8 25983.71328
29.8000 8 28510.78144
29.9000 8 25773.99808
30.0000 8 20489.17504
30.1000 8 27231.51872
30.2000 8 25773.99808
30.3000 8 27273.46176
30.4000 8 20719.86176
30.5000 8 28007.46496
30.6000 8 24599.59296
30.7000 8 25081.93792
30.8000 8 28510.78144
30.9000 8 28500.29568
31.0000 8 29685.18656
31.1000 8 25176.30976
31.2000 8 27787.264
31.3000 8 24421.33504
31.4000 8 18025.02144
31.5000 8 29423.04256
31.6000 8 23204.98688
31.7000 8 18087.936
31.8000 8 2527.06816
