0.1000 8 0.0
0.2000 8 22984.78592
0.3000 8 27346.86208
0.4000 8 24169.6768
0.5000 8 21128.8064
0.6000 8 28563.21024
0.7000 8 24714.93632
0.8000 8 20740.83328
0.9000 8 26361.20064
1.0000 8 25994.19904
1.1000 8 22858.9568
1.2000 8 29779.5584
1.3000 8 20709.376
1.4000 8 27671.92064
1.5000 8 25973.22752
1.6000 8 27996.9792
1.7000 8 24683.47904
1.8000 8 29286.72768
1.9000 8 24767.36512
2.0000 8 26214.4
2.1000 8 29118.95552
2.2000 8 25123.88096
2.3000 8 25302.13888
2.4000 8 27483.17696
2.5000 8 20719.86176
2.6000 8 25134.36672
2.7000 8 25375.5392
2.8000 8 20132.6592
2.9000 8 30261.90336
3.0000 8 26979.86048
3.1000 8 26696.74496
3.2000 8 29779.5584
3.3000 8 27619.49184
3.4000 8 25868.36992
3.5000 8 27378.31936
3.6000 8 24998.05184
3.7000 8 27042.77504
3.8000 8 29601.30048
3.9000 8 17616.0768
4.0000 8 25878.85568
4.1000 8 29852.95872
4.2000 8 10328.4736
4.3000 8 26749.17376
4.4000 8 26329.74336
4.5000 8 23530.04544
4.6000 8 28227.66592
4.7000 8 28154.2656
4.8000 8 26990.34624
4.9000 8 27420.2624
5.0000 8 25134.36672
5.1000 8 27189.57568
5.2000 8 25983.71328
5.3000 8 29695.67232
5.4000 8 25616.71168
5.5000 8 24400.36352
5.6000 8 26696.74496
5.7000 8 26916.94592
5.8000 8 26686.2592
5.9000 8 30995.90656
6.0000 8 24526.19264
6.1000 8 26067.59936
6.2000 8 27640.46336
6.3000 8 24536.6784
6.4000 8 29915.87328
6.5000 8 26895.9744
6.6000 8 24840.76544
6.7000 8 27325.89056
6.8000 8 28856.81152
6.9000 8 21663.58016
7.0000 8 27577.5488
7.1000 8 28825.35424
7.2000 8 21244.14976
7.3000 8 28500.29568
7.4000 8 27996.9792
7.5000 8 24798.8224
7.6000 8 28542.23872
7.7000 8 24662.50752
7.8000 8 27808.23552
7.9000 8 26591.88736
8.0000 8 27892.1216
8.1000 8 24442.30656
8.2000 8 30670.848
8.3000 8 29349.64224
8.4000 8 28426.89536
8.5000 8 26298.28608
8.6000 8 29024.58368
8.7000 8 27504.14848
8.8000 8 29349.64224
8.9000 8 25239.22432
9.0000 8 26623.34464
9.1000 8 26581.4016
9.2000 8 26528.9728
9.3000 8 26822.57408
9.4000 8 27168.60416
9.5000 8 27315.4048
9.6000 8 25113.3952
9.7000 8 28626.1248
9.8000 8 27923.57888
9.9000 8 27996.9792
10.0000 8 21600.6656
10.1000 8 24337.44896
10.2000 8 23980.93312
10.3000 8 19576.91392
10.4000 8 21936.20992
10.5000 8 15456.01024
10.6000 8 25606.22592
10.7000 8 25375.5392
10.8000 8 27462.20544
10.9000 8 27357.34784
11.0000 8 26518.48704
11.1000 8 30251.4176
11.2000 8 24788.33664
11.3000 8 21999.12448
11.4000 8 24966.59456
11.5000 8 20761.8048
11.6000 8 25899.8272
11.7000 8 21390.9504
11.8000 8 30198.9888
11.9000 8 26801.60256
12.0000 8 24473.76384
12.1000 8 25386.02496
12.2000 8 25595.74016
12.3000 8 26256.34304
12.4000 8 28856.81152
12.5000 8 27021.80352
12.6000 8 29727.1296
12.7000 8 28301.06624
12.8000 8 26707.23072
12.9000 8 28804.38272
13.0000 8 29559.35744
13.1000 8 22145.92512
13.2000 8 28038.92224
13.3000 8 28846.32576
13.4000 8 21736.98048
13.5000 8 25123.88096
13.6000 8 28007.46496
13.7000 8 25637.6832
13.8000 8 28783.4112
13.9000 8 29307.6992
14.0000 8 23530.04544
14.1000 8 27451.71968
14.2000 8 27598.52032
14.3000 8 24819.79392
14.4000 8 27304.91904
14.5000 8 23959.9616
14.6000 8 22921.87136
14.7000 8 26707.23072
14.8000 8 25962.74176
14.9000 8 24746.3936
15.0000 8 27189.57568
15.1000 8 27724.34944
15.2000 8 24893.19424
15.3000 8 26549.94432
15.4000 8 27535.60576
15.5000 8 25658.65472
15.6000 8 26046.62784
15.7000 8 29171.38432
15.8000 8 27000.832
15.9000 8 27682.4064
16.0000 8 29370.61376
16.1000 8 29286.72768
16.2000 8 26854.03136
16.3000 8 28500.29568
16.4000 8 27986.49344
16.5000 8 28531.75296
16.6000 8 30398.21824
16.7000 8 26518.48704
16.8000 8 27472.6912
16.9000 8 28877.78304
17.0000 8 27409.77664
17.1000 8 25050.48064
17.2000 8 27221.03296
17.3000 8 18790.48192
17.4000 8 21695.03744
17.5000 8 24652.02176
17.6000 8 23267.90144
17.7000 8 23163.04384
17.8000 8 25784.48384
17.9000 8 25469.91104
18.0000 8 27671.92064
18.1000 8 25176.30976
18.2000 8 27661.43488
18.3000 8 27210.5472
18.4000 8 26654.80192
18.5000 8 29171.38432
18.6000 8 27577.5488
18.7000 8 24693.9648
18.8000 8 26088.57088
18.9000 8 29171.38432
19.0000 8 25627.19744
19.1000 8 27409.77664
19.2000 8 27755.80672
19.3000 8 28689.03936
19.4000 8 31362.90816
19.5000 8 23121.1008
19.6000 8 30219.96032
19.7000 8 30209.47456
19.8000 8 25270.6816
19.9000 8 29580.32896
20.0000 8 25732.05504
20.1000 8 24924.65152
20.2000 8 27420.2624
20.3000 8 24222.1056
20.4000 8 26140.99968
20.5000 8 28930.21184
20.6000 8 27210.5472
20.7000 8 27525.12
20.8000 8 27776.77824
20.9000 8 28437.38112
21.0000 8 24945.62304
21.1000 8 29632.75776
21.2000 8 27409.77664
21.3000 8 24987.56608
21.4000 8 24631.05024
21.5000 8 24326.9632
21.6000 8 26833.05984
21.7000 8 30010.24512
21.8000 8 23938.99008
21.9000 8 28710.01088
22.0000 8 26099.05664
22.1000 8 25564.28288
22.2000 8 26717.71648
22.3000 8 26843.5456
22.4000 8 29716.64384
22.5000 8 29150.4128
22.6000 8 27808.23552
22.7000 8 29978.78784
22.8000 8 21757.952
22.9000 8 28164.75136
23.0000 8 30209.47456
23.1000 8 20520.63232
23.2000 8 27074.23232
23.3000 8 27367.8336
23.4000 8 21684.55168
23.5000 8 23938.99008
23.6000 8 27210.5472
23.7000 8 28531.75296
23.8000 8 24033.36192
23.9000 8 25019.02336
24.0000 8 24840.76544
24.1000 8 23383.2448
24.2000 8 24505.22112
24.3000 8 25312.62464
24.4000 8 25438.45376
24.5000 8 22995.27168
24.6000 8 24148.70528
24.7000 8 25700.59776
24.8000 8 25176.30976
24.9000 8 25186.79552
25.0000 8 23708.30336
25.1000 8 27011.31776
25.2000 8 21894.26688
25.3000 8 26633.8304
25.4000 8 28416.4096
25.5000 8 24001.90464
25.6000 8 25050.48064
25.7000 8 25532.8256
25.8000 8 27441.23392
25.9000 8 26161.9712
26.0000 8 22041.06752
26.1000 8 25312.62464
26.2000 8 26403.14368
26.3000 8 22659.72736
26.4000 8 22523.41248
26.5000 8 27189.57568
26.6000 8 27189.57568
26.7000 8 26214.4
26.8000 8 25490.88256
26.9000 8 22984.78592
27.0000 8 24085.79072
27.1000 8 25511.85408
27.2000 8 27776.77824
27.3000 8 23215.47264
27.4000 8 27063.74656
27.5000 8 29842.47296
27.6000 8 24180.16256
27.7000 8 29056.04096
27.8000 8 24484.2496
27.9000 8 23928.50432
28.0000 8 24767.36512
28.1000 8 26895.9744
28.2000 8 24840.76544
28.3000 8 31729.90976
28.4000 8 25176.30976
28.5000 8 27483.17696
28.6000 8 28280.09472
28.7000 8 27640.46336
28.8000 8 27955.03616
28.9000 8 28804.38272
29.0000 8 26875.00288
29.1000 8 26885.48864
29.2000 8 23372.75904
29.3000 8 24264.04864
29.4000 8 27745.32096
29.5000 8 27179.08992
29.6000 8 28133.29408
29.7000 8 25511.85408
29.8000 8 29433.52832
29.9000 8 27074.23232
30.0000 8 24379.392
30.1000 8 28217.18016
30.2000 8 26277.31456
30.3000 8 24138.21952
30.4000 8 27525.12
30.5000 8 26937.91744
30.6000 8 26969.37472
30.7000 8 29454.49984
30.8000 8 24106.76224
30.9000 8 31331.45088
31.0000 8 25501.36832
31.1000 8 26497.51552
31.2000 8 30366.76096
31.3000 8 24484.2496
31.4000 8 24788.33664
31.5000 8 28175.23712
31.6000 8 24767.36512
31.7000 8 26099.05664
31.8000 8 27504.14848
31.9000 8 23813.16096
32.0000 8 16840.13056
32.1000 8 408.94464
