0.1000 8 0.0
0.2000 8 29244.78464
0.3000 8 31268.53632
0.4000 8 9049.21088
0.5000 8 21432.89344
0.6000 8 23257.41568
0.7000 8 23813.16096
0.8000 8 15781.0688
0.9000 8 31939.62496
1.0000 8 21621.63712
1.1000 8 22890.41408
1.2000 8 26371.6864
1.3000 8 27315.4048
1.4000 8 25889.34144
1.5000 8 28343.00928
1.6000 8 25952.256
1.7000 8 26696.74496
1.8000 8 25386.02496
1.9000 8 30429.67552
2.0000 8 23089.64352
2.1000 8 28301.06624
2.2000 8 24589.1072
2.3000 8 27168.60416
2.4000 8 28898.75456
2.5000 8 24861.73696
2.6000 8 27514.63424
2.7000 8 18549.30944
2.8000 8 25732.05504
2.9000 8 25427.968
3.0000 8 22974.30016
3.1000 8 23121.1008
3.2000 8 26508.00128
3.3000 8 24599.59296
3.4000 8 20961.03424
3.5000 8 29035.06944
3.6000 8 26560.43008
3.7000 8 22313.69728
3.8000 8 28447.86688
3.9000 8 28143.77984
4.0000 8 26109.5424
4.1000 8 28091.35104
4.2000 8 26371.6864
4.3000 8 26099.05664
4.4000 8 26927.43168
4.5000 8 28730.9824
4.6000 8 28301.06624
4.7000 8 25805.45536
4.8000 8 25857.88416
4.9000 8 27032.28928
5.0000 8 27168.60416
5.1000 8 27661.43488
5.2000 8 25406.99648
5.3000 8 26403.14368
5.4000 8 27986.49344
5.5000 8 30303.8464
5.6000 8 16127.09888
5.7000 8 25469.91104
5.8000 8 24222.1056
5.9000 8 24557.64992
6.0000 8 24117.248
6.1000 8 30932.992
6.2000 8 25564.28288
6.3000 8 26382.17216
6.4000 8 28584.18176
6.5000 8 26948.4032
6.6000 8 27221.03296
6.7000 8 29003.61216
6.8000 8 26004.6848
6.9000 8 28049.408
7.0000 8 29590.81472
7.1000 8 26906.46016
7.2000 8 23341.30176
7.3000 8 27944.5504
7.4000 8 25102.90944
7.5000 8 28552.72448
7.6000 8 26612.85888
7.7000 8 29444.01408
7.8000 8 27378.31936
7.9000 8 27074.23232
8.0000 8 27525.12
8.1000 8 26979.86048
8.2000 8 26570.91584
8.3000 8 23456.64512
8.4000 8 26151.48544
8.5000 8 23697.8176
8.6000 8 27451.71968
8.7000 8 27692.89216
8.8000 8 20615.00416
8.9000 8 26403.14368
9.0000 8 27378.31936
9.1000 8 18958.25408
9.2000 8 23456.64512
9.3000 8 27179.08992
9.4000 8 22670.21312
9.5000 8 21642.60864
9.6000 8 26445.08672
9.7000 8 23257.41568
9.8000 8 18381.53728
9.9000 8 29118.95552
10.0000 8 26591.88736
10.1000 8 26340.22912
10.2000 8 29863.44448
10.3000 8 29454.49984
10.4000 8 23152.55808
10.5000 8 27892.1216
10.6000 8 28552.72448
10.7000 8 23362.27328
10.8000 8 28227.66592
10.9000 8 29066.52672
11.0000 8 22166.89664
11.1000 8 25868.36992
11.2000 8 24914.16576
11.3000 8 20080.2304
11.4000 8 25794.9696
11.5000 8 28311.552
11.6000 8 19723.71456
11.7000 8 27692.89216
11.8000 8 27021.80352
11.9000 8 26665.28768
12.0000 8 24756.87936
12.1000 8 22408.06912
12.2000 8 29066.52672
12.3000 8 23215.47264
12.4000 8 26854.03136
12.5000 8 28196.20864
12.6000 8 20887.63392
12.7000 8 27976.00768
12.8000 8 23750.2464
12.9000 8 26340.22912
13.0000 8 26581.4016
13.1000 8 26382.17216
13.2000 8 28311.552
13.3000 8 26686.2592
13.4000 8 27000.832
13.5000 8 26256.34304
13.6000 8 25323.1104
13.7000 8 27881.63584
13.8000 8 25365.05344
13.9000 8 26256.34304
14.0000 8 29192.35584
14.1000 8 25102.90944
14.2000 8 25459.42528
14.3000 8 28217.18016
14.4000 8 24159.19104
14.5000 8 25459.42528
14.6000 8 27808.23552
14.7000 8 24746.3936
14.8000 8 23603.44576
14.9000 8 29485.95712
15.0000 8 25060.9664
15.1000 8 26570.91584
15.2000 8 26340.22912
15.3000 8 26308.77184
15.4000 8 27409.77664
15.5000 8 26895.9744
15.6000 8 28542.23872
15.7000 8 24735.90784
15.8000 8 27168.60416
15.9000 8 25690.112
16.0000 8 29873.93024
16.1000 8 28185.72288
16.2000 8 28510.78144
16.3000 8 28563.21024
16.4000 8 29255.2704
16.5000 8 25595.74016
16.6000 8 22313.69728
16.7000 8 29444.01408
16.8000 8 24043.84768
16.9000 8 24966.59456
17.0000 8 28133.29408
17.1000 8 24903.68
17.2000 8 27955.03616
17.3000 8 27472.6912
17.4000 8 23802.6752
17.5000 8 26906.46016
17.6000 8 26633.8304
17.7000 8 21516.77952
17.8000 8 26497.51552
17.9000 8 26193.42848
18.0000 8 24977.08032
18.1000 8 26833.05984
18.2000 8 22135.43936
18.3000 8 24463.27808
18.4000 8 22984.78592
18.5000 8 23163.04384
18.6000 8 25920.79872
18.7000 8 22512.92672
18.8000 8 25050.48064
18.9000 8 23152.55808
19.0000 8 25669.14048
19.1000 8 24798.8224
19.2000 8 19776.14336
19.3000 8 25291.65312
19.4000 8 24662.50752
19.5000 8 25721.56928
19.6000 8 23792.18944
19.7000 8 23781.70368
19.8000 8 26340.22912
19.9000 8 26717.71648
20.0000 8 12499.02592
20.1000 8 26560.43008
20.2000 8 25847.3984
20.3000 8 20856.17664
20.4000 8 23404.21632
20.5000 8 25092.42368
20.6000 8 24337.44896
20.7000 8 26203.91424
20.8000 8 20447.232
20.9000 8 26801.60256
21.0000 8 25092.42368
21.1000 8 21894.26688
21.2000 8 26958.88896
21.3000 8 26487.02976
21.4000 8 22491.9552
21.5000 8 28814.86848
21.6000 8 23215.47264
21.7000 8 26088.57088
21.8000 8 26675.77344
21.9000 8 24285.02016
22.0000 8 28091.35104
22.1000 8 23152.55808
22.2000 8 25679.62624
22.3000 8 28573.696
22.4000 8 23225.9584
22.5000 8 26088.57088
22.6000 8 25732.05504
22.7000 8 24106.76224
22.8000 8 25228.73856
22.9000 8 25773.99808
23.0000 8 21999.12448
23.1000 8 26549.94432
23.2000 8 27168.60416
23.3000 8 19398.656
23.4000 8 23645.3888
23.5000 8 24620.56448
23.6000 8 19922.944
23.7000 8 24652.02176
23.8000 8 26413.62944
23.9000 8 21359.49312
24.0000 8 25123.88096
24.1000 8 26854.03136
24.2000 8 22680.69888
24.3000 8 25438.45376
24.4000 8 24148.70528
24.5000 8 24515.70688
24.6000 8 29349.64224
24.7000 8 17762.87744
24.8000 8 24840.76544
24.9000 8 28017.95072
25.0000 8 17678.99136
25.1000 8 25113.3952
25.2000 8 28070.37952
25.3000 8 21401.43616
25.4000 8 29223.81312
25.5000 8 27200.06144
25.6000 8 24589.1072
25.7000 8 26487.02976
25.8000 8 24473.76384
25.9000 8 27252.49024
26.0000 8 23634.90304
26.1000 8 24914.16576
26.2000 8 20982.00576
26.3000 8 25270.6816
26.4000 8 23435.6736
26.5000 8 21128.8064
26.6000 8 25375.5392
26.7000 8 23194.50112
26.8000 8 19409.14176
26.9000 8 26088.57088
27.0000 8 23498.58816
27.1000 8 22963.8144
27.2000 8 25448.93952
27.3000 8 25396.51072
27.4000 8 22691.18464
27.5000 8 25113.3952
27.6000 8 28363.9808
27.7000 8 27042.77504
27.8000 8 23959.9616
27.9000 8 26937.91744
28.0000 8 25375.5392
28.1000 8 28615.63904
28.2000 8 27063.74656
28.3000 8 29024.58368
28.4000 8 26203.91424
28.5000 8 23561.50272
28.6000 8 29077.01248
28.7000 8 26287.80032
28.8000 8 29066.52672
28.9000 8 24368.90624
29.0000 8 26812.08832
29.1000 8 26413.62944
29.2000 8 23760.73216
29.3000 8 27221.03296
29.4000 8 26424.1152
29.5000 8 23236.44416
29.6000 8 25113.3952
29.7000 8 25616.71168
29.8000 8 23079.15776
29.9000 8 27063.74656
30.0000 8 23309.84448
30.1000 8 25616.71168
30.2000 8 26937.91744
30.3000 8 21422.40768
30.4000 8 27850.17856
30.5000 8 26864.51712
30.6000 8 23100.12928
30.7000 8 26958.88896
30.8000 8 25490.88256
30.9000 8 20950.54848
31.0000 8 25669.14048
31.1000 8 22397.58336
31.2000 8 26329.74336
31.3000 8 28185.72288
31.4000 8 20520.63232
31.5000 8 29066.52672
31.6000 8 25102.90944
31.7000 8 26203.91424
31.8000 8 27483.17696
31.9000 8 22219.32544
32.0000 8 24966.59456
32.1000 8 27409.77664
32.2000 8 23634.90304
32.3000 8 27514.63424
32.4000 8 24222.1056
32.5000 8 25784.48384
32.6000 8 26696.74496
32.7000 8 27871.15008
32.8000 8 22607.29856
32.9000 8 24977.08032
33.0000 8 13746.83136
33.1000 8 0.0
