0.1000 8 0.0
0.2000 8 28384.95232
0.3000 8 30723.2768
0.4000 8 13222.54336
0.5000 8 28122.80832
0.6000 8 28059.89376
0.7000 8 20090.71616
0.8000 8 32128.36864
0.9000 8 21328.03584
1.0000 8 21485.32224
1.1000 8 32201.76896
1.2000 8 23980.93312
1.3000 8 29391.58528
1.4000 8 24683.47904
1.5000 8 25648.16896
1.6000 8 29297.21344
1.7000 8 26843.5456
1.8000 8 25847.3984
1.9000 8 26361.20064
2.0000 8 29097.984
2.1000 8 28447.86688
2.2000 8 28280.09472
2.3000 8 24746.3936
2.4000 8 24882.70848
2.5000 8 26382.17216
2.6000 8 29056.04096
2.7000 8 26591.88736
2.8000 8 29265.75616
2.9000 8 24693.9648
3.0000 8 27032.28928
3.1000 8 23519.55968
3.2000 8 26728.20224
3.3000 8 25060.9664
3.4000 8 26770.14528
3.5000 8 29129.44128
3.6000 8 24400.36352
3.7000 8 27126.66112
3.8000 8 27189.57568
3.9000 8 27640.46336
4.0000 8 28038.92224
4.1000 8 30974.93504
4.2000 8 28101.8368
4.3000 8 19084.0832
4.4000 8 28301.06624
4.5000 8 23970.44736
4.6000 8 19063.11168
4.7000 8 30786.19136
4.8000 8 23918.01856
4.9000 8 25553.79712
5.0000 8 27221.03296
5.1000 8 24064.8192
5.2000 8 28699.52512
5.3000 8 25019.02336
5.4000 8 24211.61984
5.5000 8 26612.85888
5.6000 8 26895.9744
5.7000 8 27640.46336
5.8000 8 27965.52192
5.9000 8 22995.27168
6.0000 8 26025.65632
6.1000 8 24494.73536
6.2000 8 24526.19264
6.3000 8 26969.37472
6.4000 8 25291.65312
6.5000 8 23341.30176
6.6000 8 24442.30656
6.7000 8 23488.1024
6.8000 8 19461.57056
6.9000 8 25553.79712
7.0000 8 24452.79232
7.1000 8 25805.45536
7.2000 8 27158.1184
7.3000 8 25962.74176
7.4000 8 23110.61504
7.5000 8 28122.80832
7.6000 8 25417.48224
7.7000 8 29664.21504
7.8000 8 24914.16576
7.9000 8 22491.9552
8.0000 8 22607.29856
8.1000 8 22607.29856
8.2000 8 24610.07872
8.3000 8 26780.63104
8.4000 8 26455.57248
8.5000 8 27210.5472
8.6000 8 23121.1008
8.7000 8 25931.28448
8.8000 8 26099.05664
8.9000 8 22565.35552
9.0000 8 24452.79232
9.1000 8 26812.08832
9.2000 8 29706.15808
9.3000 8 24788.33664
9.4000 8 25113.3952
9.5000 8 25553.79712
9.6000 8 24987.56608
9.7000 8 25102.90944
9.8000 8 26413.62944
9.9000 8 26266.8288
10.0000 8 27084.71808
10.1000 8 22817.01376
10.2000 8 21904.75264
10.3000 8 19346.2272
10.4000 8 26067.59936
10.5000 8 26875.00288
10.6000 8 26046.62784
10.7000 8 27850.17856
10.8000 8 26717.71648
10.9000 8 27399.29088
11.0000 8 22984.78592
11.1000 8 30293.36064
11.2000 8 20237.5168
11.3000 8 21674.06592
11.4000 8 29454.49984
11.5000 8 23142.07232
11.6000 8 25595.74016
11.7000 8 26130.51392
11.8000 8 26854.03136
11.9000 8 28049.408
12.0000 8 26487.02976
12.1000 8 25836.91264
12.2000 8 25805.45536
12.3000 8 28856.81152
12.4000 8 28384.95232
12.5000 8 22460.49792
12.6000 8 29643.24352
12.7000 8 24977.08032
12.8000 8 26182.94272
12.9000 8 31362.90816
13.0000 8 23509.07392
13.1000 8 24893.19424
13.2000 8 29957.81632
13.3000 8 21862.8096
13.4000 8 27252.49024
13.5000 8 28993.1264
13.6000 8 20635.97568
13.7000 8 27000.832
13.8000 8 25165.824
13.9000 8 19409.14176
14.0000 8 27609.00608
14.1000 8 23509.07392
14.2000 8 18905.82528
14.3000 8 17322.47552
14.4000 8 29391.58528
14.5000 8 17049.84576
14.6000 8 26329.74336
14.7000 8 25249.71008
14.8000 8 23530.04544
14.9000 8 23886.56128
15.0000 8 27776.77824
15.1000 8 22911.3856
15.2000 8 24379.392
15.3000 8 15225.32352
15.4000 8 25994.19904
15.5000 8 26392.65792
15.6000 8 24180.16256
15.7000 8 29056.04096
15.8000 8 27262.976
15.9000 8 28751.95392
16.0000 8 30324.81792
16.1000 8 22974.30016
16.2000 8 26707.23072
16.3000 8 23477.61664
16.4000 8 25753.02656
16.5000 8 22963.8144
16.6000 8 29171.38432
16.7000 8 22408.06912
16.8000 8 23540.5312
16.9000 8 28206.6944
17.0000 8 22481.46944
17.1000 8 27126.66112
17.2000 8 23414.70208
17.3000 8 27105.6896
17.4000 8 25742.5408
17.5000 8 28510.78144
17.6000 8 25249.71008
17.7000 8 28531.75296
17.8000 8 26979.86048
17.9000 8 28898.75456
18.0000 8 21600.6656
18.1000 8 28395.43808
18.2000 8 27315.4048
18.3000 8 24431.8208
18.4000 8 28280.09472
18.5000 8 25794.9696
18.6000 8 25176.30976
18.7000 8 29475.47136
18.8000 8 26895.9744
18.9000 8 26927.43168
19.0000 8 31079.79264
19.1000 8 25669.14048
19.2000 8 25218.2528
19.3000 8 31331.45088
19.4000 8 25365.05344
19.5000 8 24861.73696
19.6000 8 28909.24032
19.7000 8 25878.85568
19.8000 8 28227.66592
19.9000 8 28678.5536
20.0000 8 24851.2512
20.1000 8 28007.46496
20.2000 8 27210.5472
20.3000 8 26057.1136
20.4000 8 29318.18496
20.5000 8 28301.06624
20.6000 8 29444.01408
20.7000 8 28238.15168
20.8000 8 27525.12
20.9000 8 23739.76064
21.0000 8 27158.1184
21.1000 8 24421.33504
21.2000 8 26833.05984
21.3000 8 26476.544
21.4000 8 22659.72736
21.5000 8 26633.8304
21.6000 8 24484.2496
21.7000 8 22817.01376
21.8000 8 27451.71968
21.9000 8 23037.21472
22.0000 8 27273.46176
22.1000 8 28741.46816
22.2000 8 19881.00096
22.3000 8 30419.18976
22.4000 8 25931.28448
22.5000 8 27063.74656
22.6000 8 25815.94112
22.7000 8 28070.37952
22.8000 8 28605.15328
22.9000 8 26644.31616
23.0000 8 27902.60736
23.1000 8 24243.07712
23.2000 8 28751.95392
23.3000 8 27986.49344
23.4000 8 26696.74496
23.5000 8 27514.63424
23.6000 8 27567.06304
23.7000 8 26214.4
23.8000 8 26424.1152
23.9000 8 25742.5408
24.0000 8 24620.56448
24.1000 8 29349.64224
24.2000 8 26528.9728
24.3000 8 28678.5536
24.4000 8 27871.15008
24.5000 8 23792.18944
24.6000 8 29391.58528
24.7000 8 27137.14688
24.8000 8 26392.65792
24.9000 8 27294.43328
25.0000 8 27493.66272
25.1000 8 24631.05024
25.2000 8 29265.75616
25.3000 8 29035.06944
25.4000 8 27839.6928
25.5000 8 29108.46976
25.6000 8 27808.23552
25.7000 8 27703.37792
25.8000 8 23152.55808
25.9000 8 26895.9744
26.0000 8 26476.544
26.1000 8 27336.37632
26.2000 8 28091.35104
26.3000 8 29045.5552
26.4000 8 27420.2624
26.5000 8 29024.58368
26.6000 8 24326.9632
26.7000 8 27294.43328
26.8000 8 21999.12448
26.9000 8 29580.32896
27.0000 8 29758.58688
27.1000 8 23907.5328
27.2000 8 26958.88896
27.3000 8 26780.63104
27.4000 8 23110.61504
27.5000 8 28479.32416
27.6000 8 26843.5456
27.7000 8 20531.11808
27.8000 8 26581.4016
27.9000 8 25197.28128
28.0000 8 23005.75744
28.1000 8 28070.37952
28.2000 8 24473.76384
28.3000 8 24568.13568
28.4000 8 25805.45536
28.5000 8 27273.46176
28.6000 8 24714.93632
28.7000 8 24547.16416
28.8000 8 27567.06304
28.9000 8 24473.76384
29.0000 8 23498.58816
29.1000 8 26518.48704
29.2000 8 24788.33664
29.3000 8 26843.5456
29.4000 8 24421.33504
29.5000 8 26256.34304
29.6000 8 24924.65152
29.7000 8 26560.43008
29.8000 8 24222.1056
29.9000 8 24578.62144
30.0000 8 21411.92192
30.1000 8 25700.59776
30.2000 8 26560.43008
30.3000 8 24190.64832
30.4000 8 27955.03616
30.5000 8 26885.48864
30.6000 8 28888.2688
30.7000 8 27189.57568
30.8000 8 25365.05344
30.9000 8 29548.87168
31.0000 8 30178.01728
31.1000 8 24777.85088
31.2000 8 28437.38112
31.3000 8 25952.256
31.4000 8 24872.22272
31.5000 8 28259.1232
31.6000 8 27084.71808
31.7000 8 25585.2544
31.8000 8 28605.15328
31.9000 8 26665.28768
32.0000 8 28227.66592
32.1000 8 25490.88256
32.2000 8 20751.31904
32.3000 8 7381.97504
