0.1000 8 0.0
0.2000 8 29328.67072
0.3000 8 30974.93504
0.4000 8 15026.09408
0.5000 8 24295.50592
0.6000 8 22229.8112
0.7000 8 20174.60224
0.8000 8 26287.80032
0.9000 8 24096.27648
1.0000 8 23592.96
1.1000 8 27703.37792
1.2000 8 26046.62784
1.3000 8 23634.90304
1.4000 8 26990.34624
1.5000 8 27336.37632
1.6000 8 26749.17376
1.7000 8 28049.408
1.8000 8 21883.78112
1.9000 8 28122.80832
2.0000 8 24987.56608
2.1000 8 27965.52192
2.2000 8 25113.3952
2.3000 8 29559.35744
2.4000 8 25312.62464
2.5000 8 29097.984
2.6000 8 26245.85728
2.7000 8 26403.14368
2.8000 8 28993.1264
2.9000 8 24610.07872
3.0000 8 20856.17664
3.1000 8 26570.91584
3.2000 8 26791.1168
3.3000 8 23760.73216
3.4000 8 27179.08992
3.5000 8 26487.02976
3.6000 8 28919.72608
3.7000 8 27567.06304
3.8000 8 26885.48864
3.9000 8 26015.17056
4.0000 8 30419.18976
4.1000 8 24610.07872
4.2000 8 30995.90656
4.3000 8 27955.03616
4.4000 8 25983.71328
4.5000 8 27766.29248
4.6000 8 24232.59136
4.7000 8 30534.53312
4.8000 8 24798.8224
4.9000 8 27577.5488
5.0000 8 29213.32736
5.1000 8 26843.5456
5.2000 8 27787.264
5.3000 8 26780.63104
5.4000 8 28751.95392
5.5000 8 23267.90144
5.6000 8 27776.77824
5.7000 8 24777.85088
5.8000 8 24924.65152
5.9000 8 25763.51232
6.0000 8 26927.43168
6.1000 8 26140.99968
6.2000 8 23645.3888
6.3000 8 26099.05664
6.4000 8 23676.84608
6.5000 8 23592.96
6.6000 8 23152.55808
6.7000 8 28689.03936
6.8000 8 25249.71008
6.9000 8 23823.64672
7.0000 8 31268.53632
7.1000 8 26612.85888
7.2000 8 27734.8352
7.3000 8 27923.57888
7.4000 8 27787.264
7.5000 8 25857.88416
7.6000 8 24085.79072
7.7000 8 26256.34304
7.8000 8 25060.9664
7.9000 8 28772.92544
8.0000 8 24998.05184
8.1000 8 24966.59456
8.2000 8 24358.42048
8.3000 8 29485.95712
8.4000 8 26979.86048
8.5000 8 17322.47552
8.6000 8 27063.74656
8.7000 8 30125.58848
8.8000 8 24977.08032
8.9000 8 27734.8352
9.0000 8 26549.94432
9.1000 8 27766.29248
9.2000 8 25794.9696
9.3000 8 27294.43328
9.4000 8 28363.9808
9.5000 8 24442.30656
9.6000 8 24484.2496
9.7000 8 27430.74816
9.8000 8 24463.27808
9.9000 8 27734.8352
10.0000 8 28982.64064
10.1000 8 26654.80192
10.2000 8 26822.57408
10.3000 8 30429.67552
10.4000 8 26445.08672
10.5000 8 26707.23072
10.6000 8 31100.76416
10.7000 8 21086.86336
10.8000 8 28898.75456
10.9000 8 29150.4128
11.0000 8 26487.02976
11.1000 8 28049.408
11.2000 8 26382.17216
11.3000 8 27567.06304
11.4000 8 28605.15328
11.5000 8 29192.35584
11.6000 8 24389.87776
11.7000 8 24735.90784
11.8000 8 27808.23552
11.9000 8 26958.88896
12.0000 8 29181.87008
12.1000 8 27703.37792
12.2000 8 25648.16896
12.3000 8 28804.38272
12.4000 8 29800.52992
12.5000 8 13652.45952
12.6000 8 31352.4224
12.7000 8 25155.33824
12.8000 8 24484.2496
12.9000 8 29328.67072
13.0000 8 29454.49984
13.1000 8 29339.15648
13.2000 8 28311.552
13.3000 8 28699.52512
13.4000 8 24547.16416
13.5000 8 27294.43328
13.6000 8 25669.14048
13.7000 8 26990.34624
13.8000 8 20719.86176
13.9000 8 28510.78144
14.0000 8 27923.57888
14.1000 8 24557.64992
14.2000 8 29129.44128
14.3000 8 25690.112
14.4000 8 26172.45696
14.5000 8 27430.74816
14.6000 8 26937.91744
14.7000 8 28563.21024
14.8000 8 24201.13408
14.9000 8 26130.51392
15.0000 8 27116.17536
15.1000 8 26633.8304
15.2000 8 25249.71008
15.3000 8 28091.35104
15.4000 8 27357.34784
15.5000 8 27441.23392
15.6000 8 26528.9728
15.7000 8 25239.22432
15.8000 8 31572.62336
15.9000 8 17752.39168
16.0000 8 26885.48864
16.1000 8 29234.29888
16.2000 8 26812.08832
16.3000 8 28647.09632
16.4000 8 28206.6944
16.5000 8 23980.93312
16.6000 8 32138.8544
16.7000 8 25962.74176
16.8000 8 28689.03936
16.9000 8 27147.63264
17.0000 8 24777.85088
17.1000 8 23246.92992
17.2000 8 21401.43616
17.3000 8 23414.70208
17.4000 8 27221.03296
17.5000 8 21747.46624
17.6000 8 26182.94272
17.7000 8 21873.29536
17.8000 8 22586.32704
17.9000 8 27829.20704
18.0000 8 22334.6688
18.1000 8 26875.00288
18.2000 8 24400.36352
18.3000 8 23488.1024
18.4000 8 26057.1136
18.5000 8 26445.08672
18.6000 8 26665.28768
18.7000 8 26906.46016
18.8000 8 24043.84768
18.9000 8 24347.93472
19.0000 8 27944.5504
19.1000 8 24767.36512
19.2000 8 26266.8288
19.3000 8 26287.80032
19.4000 8 24956.1088
19.5000 8 27650.94912
19.6000 8 26497.51552
19.7000 8 23886.56128
19.8000 8 26958.88896
19.9000 8 26109.5424
20.0000 8 26979.86048
20.1000 8 26570.91584
20.2000 8 22261.26848
20.3000 8 23173.5296
20.4000 8 27472.6912
20.5000 8 26088.57088
20.6000 8 25144.85248
20.7000 8 25627.19744
20.8000 8 24138.21952
20.9000 8 26266.8288
21.0000 8 24641.536
21.1000 8 27137.14688
21.2000 8 25386.02496
21.3000 8 27504.14848
21.4000 8 21055.40608
21.5000 8 26172.45696
21.6000 8 24484.2496
21.7000 8 18989.71136
21.8000 8 27231.51872
21.9000 8 26445.08672
22.0000 8 24337.44896
22.1000 8 27399.29088
22.2000 8 25794.9696
22.3000 8 23792.18944
22.4000 8 24379.392
22.5000 8 24043.84768
22.6000 8 26707.23072
22.7000 8 27766.29248
22.8000 8 26990.34624
22.9000 8 25386.02496
23.0000 8 24641.536
23.1000 8 25302.13888
23.2000 8 23393.73056
23.3000 8 25648.16896
23.4000 8 24599.59296
23.5000 8 24777.85088
23.6000 8 26958.88896
23.7000 8 25386.02496
23.8000 8 23561.50272
23.9000 8 27829.20704
24.0000 8 28856.81152
24.1000 8 24746.3936
24.2000 8 29695.67232
24.3000 8 21841.83808
24.4000 8 19534.97088
24.5000 8 25113.3952
24.6000 8 23047.70048
24.7000 8 23729.27488
24.8000 8 25102.90944
24.9000 8 26633.8304
25.0000 8 22397.58336
25.1000 8 26654.80192
25.2000 8 27661.43488
25.3000 8 22345.15456
25.4000 8 25595.74016
25.5000 8 26895.9744
25.6000 8 26235.37152
25.7000 8 24085.79072
25.8000 8 24840.76544
25.9000 8 26078.08512
26.0000 8 24159.19104
26.1000 8 26707.23072
26.2000 8 22817.01376
26.3000 8 27210.5472
26.4000 8 23425.18784
26.5000 8 26088.57088
26.6000 8 27147.63264
26.7000 8 27881.63584
26.8000 8 29213.32736
26.9000 8 24998.05184
27.0000 8 29370.61376
27.1000 8 26728.20224
27.2000 8 26895.9744
27.3000 8 26979.86048
27.4000 8 28898.75456
27.5000 8 26476.544
27.6000 8 30167.53152
27.7000 8 24211.61984
27.8000 8 26025.65632
27.9000 8 31855.73888
28.0000 8 23687.33184
28.1000 8 29695.67232
28.2000 8 28647.09632
28.3000 8 26078.08512
28.4000 8 30681.33376
28.5000 8 28510.78144
28.6000 8 26602.37312
28.7000 8 29716.64384
28.8000 8 27818.72128
28.9000 8 25711.08352
29.0000 8 27850.17856
29.1000 8 27504.14848
29.2000 8 25459.42528
29.3000 8 30282.87488
29.4000 8 23592.96
29.5000 8 26780.63104
29.6000 8 25050.48064
29.7000 8 21537.75104
29.8000 8 30660.36224
29.9000 8 26654.80192
30.0000 8 24274.5344
30.1000 8 26581.4016
30.2000 8 25711.08352
30.3000 8 24956.1088
30.4000 8 29297.21344
30.5000 8 28301.06624
30.6000 8 28112.32256
30.7000 8 26916.94592
30.8000 8 29402.07104
30.9000 8 26214.4
31.0000 8 28825.35424
31.1000 8 30681.33376
31.2000 8 22009.61024
31.3000 8 26476.544
31.4000 8 27462.20544
31.5000 8 24274.5344
31.6000 8 21076.3776
31.7000 8 27598.52032
31.8000 8 26382.17216
31.9000 8 22869.44256
32.0000 8 24117.248
32.1000 8 7916.7488
