0.1000 8 0.0
0.2000 8 24914.16576
0.3000 8 29139.92704
0.4000 8 13977.51808
0.5000 8 17175.67488
0.6000 8 27713.86368
0.7000 8 22408.06912
0.8000 8 16001.26976
0.9000 8 30303.8464
1.0000 8 28007.46496
1.1000 8 28867.29728
1.2000 8 29894.90176
1.3000 8 26413.62944
1.4000 8 28846.32576
1.5000 8 28825.35424
1.6000 8 23729.27488
1.7000 8 28059.89376
1.8000 8 26382.17216
1.9000 8 26602.37312
2.0000 8 26927.43168
2.1000 8 23121.1008
2.2000 8 25920.79872
2.3000 8 22554.86976
2.4000 8 28972.15488
2.5000 8 27084.71808
2.6000 8 26780.63104
2.7000 8 25700.59776
2.8000 8 20929.57696
2.9000 8 25323.1104
3.0000 8 26979.86048
3.1000 8 25354.56768
3.2000 8 28636.61056
3.3000 8 29915.87328
3.4000 8 28164.75136
3.5000 8 27934.06464
3.6000 8 24232.59136
3.7000 8 30209.47456
3.8000 8 26151.48544
3.9000 8 24641.536
4.0000 8 28217.18016
4.1000 8 27996.9792
4.2000 8 27535.60576
4.3000 8 27976.00768
4.4000 8 30398.21824
4.5000 8 22177.3824
4.6000 8 27629.9776
4.7000 8 27766.29248
4.8000 8 25333.59616
4.9000 8 24232.59136
5.0000 8 28332.52352
5.1000 8 21380.46464
5.2000 8 28468.8384
5.3000 8 29077.01248
5.4000 8 25868.36992
5.5000 8 26675.77344
5.6000 8 29150.4128
5.7000 8 25847.3984
5.8000 8 27231.51872
5.9000 8 29056.04096
6.0000 8 24935.13728
6.1000 8 22911.3856
6.2000 8 27976.00768
6.3000 8 23771.21792
6.4000 8 26791.1168
6.5000 8 25427.968
6.6000 8 29202.8416
6.7000 8 25281.16736
6.8000 8 27084.71808
6.9000 8 31289.50784
7.0000 8 23225.9584
7.1000 8 28877.78304
7.2000 8 30219.96032
7.3000 8 23907.5328
7.4000 8 28143.77984
7.5000 8 27661.43488
7.6000 8 27168.60416
7.7000 8 24610.07872
7.8000 8 28867.29728
7.9000 8 22796.04224
8.0000 8 30356.2752
8.1000 8 27273.46176
8.2000 8 27871.15008
8.3000 8 26990.34624
8.4000 8 26665.28768
8.5000 8 28353.49504
8.6000 8 27388.80512
8.7000 8 23257.41568
8.8000 8 30513.5616
8.9000 8 27053.2608
9.0000 8 27367.8336
9.1000 8 28730.9824
9.2000 8 29412.5568
9.3000 8 29538.38592
9.4000 8 23865.58976
9.5000 8 26749.17376
9.6000 8 27818.72128
9.7000 8 25469.91104
9.8000 8 29265.75616
9.9000 8 26833.05984
10.0000 8 30482.10432
10.1000 8 28007.46496
10.2000 8 26644.31616
10.3000 8 29716.64384
10.4000 8 26350.71488
10.5000 8 28322.03776
10.6000 8 29716.64384
10.7000 8 26256.34304
10.8000 8 31593.59488
10.9000 8 27996.9792
11.0000 8 19461.57056
11.1000 8 28930.21184
11.2000 8 26256.34304
11.3000 8 24714.93632
11.4000 8 29748.10112
11.5000 8 24631.05024
11.6000 8 30251.4176
11.7000 8 30513.5616
11.8000 8 25291.65312
11.9000 8 30450.64704
12.0000 8 29349.64224
12.1000 8 25081.93792
12.2000 8 29601.30048
12.3000 8 27629.9776
12.4000 8 28322.03776
12.5000 8 30681.33376
12.6000 8 29706.15808
12.7000 8 28395.43808
12.8000 8 23760.73216
12.9000 8 25773.99808
13.0000 8 27137.14688
13.1000 8 24075.30496
13.2000 8 24652.02176
13.3000 8 26633.8304
13.4000 8 28405.92384
13.5000 8 27011.31776
13.6000 8 29632.75776
13.7000 8 28384.95232
13.8000 8 28531.75296
13.9000 8 29674.7008
14.0000 8 29223.81312
14.1000 8 22124.9536
14.2000 8 23603.44576
14.3000 8 23928.50432
14.4000 8 25899.8272
14.5000 8 29087.49824
14.6000 8 25375.5392
14.7000 8 26707.23072
14.8000 8 21726.49472
14.9000 8 26654.80192
15.0000 8 25690.112
15.1000 8 28405.92384
15.2000 8 26371.6864
15.3000 8 32013.02528
15.4000 8 28322.03776
15.5000 8 27588.03456
15.6000 8 30104.61696
15.7000 8 22900.89984
15.8000 8 28458.35264
15.9000 8 28804.38272
16.0000 8 21453.86496
16.1000 8 30691.81952
16.2000 8 28720.49664
16.3000 8 29035.06944
16.4000 8 27357.34784
16.5000 8 30828.1344
16.6000 8 24452.79232
16.7000 8 30261.90336
16.8000 8 24505.22112
16.9000 8 23603.44576
17.0000 8 31352.4224
17.1000 8 26916.94592
17.2000 8 28133.29408
17.3000 8 27713.86368
17.4000 8 31625.05216
17.5000 8 25889.34144
17.6000 8 23592.96
17.7000 8 29360.128
17.8000 8 26245.85728
17.9000 8 26885.48864
18.0000 8 29181.87008
18.1000 8 21401.43616
18.2000 8 26078.08512
18.3000 8 26361.20064
18.4000 8 30628.90496
18.5000 8 25218.2528
18.6000 8 28458.35264
18.7000 8 29632.75776
18.8000 8 26025.65632
18.9000 8 26854.03136
19.0000 8 30859.59168
19.1000 8 25050.48064
19.2000 8 26602.37312
19.3000 8 27409.77664
19.4000 8 21223.17824
19.5000 8 32264.68352
19.6000 8 27252.49024
19.7000 8 28122.80832
19.8000 8 27871.15008
19.9000 8 29202.8416
20.0000 8 27116.17536
20.1000 8 28091.35104
20.2000 8 28835.84
20.3000 8 29108.46976
20.4000 8 30597.44768
20.5000 8 25847.3984
20.6000 8 31719.424
20.7000 8 26791.1168
20.8000 8 27724.34944
20.9000 8 27514.63424
21.0000 8 29223.81312
21.1000 8 25553.79712
21.2000 8 27304.91904
21.3000 8 30020.73088
21.4000 8 26717.71648
21.5000 8 30125.58848
21.6000 8 28080.86528
21.7000 8 28175.23712
21.8000 8 29748.10112
21.9000 8 26937.91744
22.0000 8 26780.63104
22.1000 8 28353.49504
22.2000 8 23634.90304
22.3000 8 26203.91424
22.4000 8 26969.37472
22.5000 8 22995.27168
22.6000 8 29108.46976
22.7000 8 25753.02656
22.8000 8 25773.99808
22.9000 8 23634.90304
23.0000 8 28133.29408
23.1000 8 29423.04256
23.2000 8 30597.44768
23.3000 8 26654.80192
23.4000 8 29842.47296
23.5000 8 25899.8272
23.6000 8 27671.92064
23.7000 8 29999.75936
23.8000 8 26361.20064
23.9000 8 26812.08832
24.0000 8 29213.32736
24.1000 8 24725.42208
24.2000 8 23561.50272
24.3000 8 23173.5296
24.4000 8 24767.36512
24.5000 8 25564.28288
24.6000 8 28238.15168
24.7000 8 24830.27968
24.8000 8 25994.19904
24.9000 8 29831.9872
25.0000 8 23089.64352
25.1000 8 30104.61696
25.2000 8 29328.67072
25.3000 8 26602.37312
25.4000 8 29077.01248
25.5000 8 24064.8192
25.6000 8 27179.08992
25.7000 8 23676.84608
25.8000 8 28814.86848
25.9000 8 27598.52032
26.0000 8 29957.81632
26.1000 8 29024.58368
26.2000 8 30419.18976
26.3000 8 28175.23712
26.4000 8 28542.23872
26.5000 8 28993.1264
26.6000 8 27944.5504
26.7000 8 25878.85568
26.8000 8 26140.99968
26.9000 8 27671.92064
27.0000 8 26812.08832
27.1000 8 28395.43808
27.2000 8 21296.57856
27.3000 8 27514.63424
27.4000 8 26885.48864
27.5000 8 24903.68
27.6000 8 27598.52032
27.7000 8 28384.95232
27.8000 8 28647.09632
27.9000 8 27839.6928
28.0000 8 29066.52672
28.1000 8 29035.06944
28.2000 8 27871.15008
28.3000 8 25553.79712
28.4000 8 29108.46976
28.5000 8 23781.70368
28.6000 8 26937.91744
28.7000 8 25847.3984
28.8000 8 24127.73376
28.9000 8 27640.46336
29.0000 8 25868.36992
29.1000 8 29538.38592
29.2000 8 24442.30656
29.3000 8 28332.52352
29.4000 8 24903.68
29.5000 8 23991.41888
29.6000 8 30020.73088
29.7000 8 25973.22752
29.8000 8 25941.77024
29.9000 8 26193.42848
30.0000 8 25396.51072
30.1000 8 28783.4112
30.2000 8 24872.22272
30.3000 8 28426.89536
30.4000 8 26707.23072
30.5000 8 28594.66752
30.6000 8 28552.72448
30.7000 8 28143.77984
30.8000 8 27755.80672
30.9000 8 26476.544
31.0000 8 22533.89824
31.1000 8 2202.0096
