0.1000 8 0.0
0.2000 8 24421.33504
0.3000 8 23571.98848
0.4000 8 20048.77312
0.5000 8 16703.81568
0.6000 8 27304.91904
0.7000 8 24515.70688
0.8000 8 24589.1072
0.9000 8 27525.12
1.0000 8 23488.1024
1.1000 8 25186.79552
1.2000 8 24631.05024
1.3000 8 26528.9728
1.4000 8 27787.264
1.5000 8 24075.30496
1.6000 8 28972.15488
1.7000 8 24977.08032
1.8000 8 27000.832
1.9000 8 30209.47456
2.0000 8 21390.9504
2.1000 8 26099.05664
2.2000 8 23100.12928
2.3000 8 22670.21312
2.4000 8 26487.02976
2.5000 8 25176.30976
2.6000 8 26046.62784
2.7000 8 28112.32256
2.8000 8 24043.84768
2.9000 8 25994.19904
3.0000 8 29936.8448
3.1000 8 22533.89824
3.2000 8 28353.49504
3.3000 8 25931.28448
3.4000 8 27776.77824
3.5000 8 26812.08832
3.6000 8 26665.28768
3.7000 8 27483.17696
3.8000 8 26528.9728
3.9000 8 28772.92544
4.0000 8 29506.92864
4.1000 8 28353.49504
4.2000 8 28447.86688
4.3000 8 24463.27808
4.4000 8 28615.63904
4.5000 8 23907.5328
4.6000 8 30429.67552
4.7000 8 29611.78624
4.8000 8 29674.7008
4.9000 8 27000.832
5.0000 8 25144.85248
5.1000 8 28301.06624
5.2000 8 25732.05504
5.3000 8 26791.1168
5.4000 8 25794.9696
5.5000 8 23823.64672
5.6000 8 23026.72896
5.7000 8 24463.27808
5.8000 8 18266.19392
5.9000 8 23446.15936
6.0000 8 27514.63424
6.1000 8 21307.06432
6.2000 8 27829.20704
6.3000 8 27787.264
6.4000 8 27357.34784
6.5000 8 26937.91744
6.6000 8 26057.1136
6.7000 8 29852.95872
6.8000 8 21967.6672
6.9000 8 26696.74496
7.0000 8 25260.19584
7.1000 8 27179.08992
7.2000 8 24452.79232
7.3000 8 29653.72928
7.4000 8 27755.80672
7.5000 8 25019.02336
7.6000 8 27472.6912
7.7000 8 25081.93792
7.8000 8 28668.06784
7.9000 8 23540.5312
8.0000 8 29339.15648
8.1000 8 28636.61056
8.2000 8 25826.42688
8.3000 8 28741.46816
8.4000 8 28961.66912
8.5000 8 26099.05664
8.6000 8 27976.00768
8.7000 8 27703.37792
8.8000 8 23571.98848
8.9000 8 24777.85088
9.0000 8 28500.29568
9.1000 8 23393.73056
9.2000 8 27231.51872
9.3000 8 25753.02656
9.4000 8 24169.6768
9.5000 8 28049.408
9.6000 8 26036.14208
9.7000 8 25375.5392
9.8000 8 28940.6976
9.9000 8 24515.70688
10.0000 8 25029.50912
10.1000 8 27567.06304
10.2000 8 27441.23392
10.3000 8 18979.2256
10.4000 8 25994.19904
10.5000 8 25344.08192
10.6000 8 22921.87136
10.7000 8 28290.58048
10.8000 8 23592.96
10.9000 8 28531.75296
11.0000 8 25878.85568
11.1000 8 25375.5392
11.2000 8 25427.968
11.3000 8 26916.94592
11.4000 8 28175.23712
11.5000 8 25008.5376
11.6000 8 27189.57568
11.7000 8 27032.28928
11.8000 8 23634.90304
11.9000 8 27504.14848
12.0000 8 28458.35264
12.1000 8 28626.1248
12.2000 8 27881.63584
12.3000 8 28405.92384
12.4000 8 29129.44128
12.5000 8 27734.8352
12.6000 8 25197.28128
12.7000 8 27504.14848
12.8000 8 24410.84928
12.9000 8 28626.1248
13.0000 8 24924.65152
13.1000 8 28793.89696
13.2000 8 25406.99648
13.3000 8 30188.50304
13.4000 8 27797.74976
13.5000 8 30387.73248
13.6000 8 26329.74336
13.7000 8 26287.80032
13.8000 8 26738.688
13.9000 8 30178.01728
14.0000 8 24368.90624
14.1000 8 30440.16128
14.2000 8 29485.95712
14.3000 8 26403.14368
14.4000 8 28940.6976
14.5000 8 29223.81312
14.6000 8 26979.86048
14.7000 8 25490.88256
14.8000 8 27535.60576
14.9000 8 27294.43328
15.0000 8 27640.46336
15.1000 8 26759.65952
15.2000 8 28416.4096
15.3000 8 27158.1184
15.4000 8 27797.74976
15.5000 8 28668.06784
15.6000 8 25732.05504
15.7000 8 24337.44896
15.8000 8 29307.6992
15.9000 8 24977.08032
16.0000 8 28059.89376
16.1000 8 28175.23712
16.2000 8 27713.86368
16.3000 8 28175.23712
16.4000 8 28038.92224
16.5000 8 25983.71328
16.6000 8 29475.47136
16.7000 8 25480.3968
16.8000 8 27913.09312
16.9000 8 22596.8128
17.0000 8 26025.65632
17.1000 8 30020.73088
17.2000 8 23655.87456
17.3000 8 29160.89856
17.4000 8 28961.66912
17.5000 8 21296.57856
17.6000 8 30345.78944
17.7000 8 25910.31296
17.8000 8 29517.4144
17.9000 8 23645.3888
18.0000 8 26382.17216
18.1000 8 32254.19776
18.2000 8 23016.2432
18.3000 8 24505.22112
18.4000 8 30618.4192
18.5000 8 17668.5056
18.6000 8 26906.46016
18.7000 8 26298.28608
18.8000 8 18392.02304
18.9000 8 26717.71648
19.0000 8 25291.65312
19.1000 8 26361.20064
19.2000 8 25501.36832
19.3000 8 28626.1248
19.4000 8 27881.63584
19.5000 8 23425.18784
19.6000 8 25763.51232
19.7000 8 25102.90944
19.8000 8 27556.57728
19.9000 8 26812.08832
20.0000 8 30261.90336
20.1000 8 24421.33504
20.2000 8 31593.59488
20.3000 8 26937.91744
20.4000 8 24788.33664
20.5000 8 29863.44448
20.6000 8 21023.9488
20.7000 8 24956.1088
20.8000 8 28101.8368
20.9000 8 27546.09152
21.0000 8 22512.92672
21.1000 8 28164.75136
21.2000 8 27850.17856
21.3000 8 27388.80512
21.4000 8 24274.5344
21.5000 8 28867.29728
21.6000 8 23509.07392
21.7000 8 23404.21632
21.8000 8 22324.18304
21.9000 8 23152.55808
22.0000 8 25585.2544
22.1000 8 26392.65792
22.2000 8 28437.38112
22.3000 8 26057.1136
22.4000 8 26696.74496
22.5000 8 27682.4064
22.6000 8 26969.37472
22.7000 8 28825.35424
22.8000 8 29706.15808
22.9000 8 28426.89536
23.0000 8 26717.71648
23.1000 8 27850.17856
23.2000 8 25354.56768
23.3000 8 28227.66592
23.4000 8 26969.37472
23.5000 8 28783.4112
23.6000 8 25176.30976
23.7000 8 29181.87008
23.8000 8 29653.72928
23.9000 8 27703.37792
24.0000 8 28458.35264
24.1000 8 30681.33376
24.2000 8 27567.06304
24.3000 8 31195.136
24.4000 8 29056.04096
24.5000 8 30503.07584
24.6000 8 27892.1216
24.7000 8 24956.1088
24.8000 8 28395.43808
24.9000 8 24536.6784
25.0000 8 30041.7024
25.1000 8 22533.89824
25.2000 8 31771.8528
25.3000 8 25910.31296
25.4000 8 24033.36192
25.5000 8 29727.1296
25.6000 8 26738.688
25.7000 8 23425.18784
25.8000 8 27304.91904
25.9000 8 25941.77024
26.0000 8 25847.3984
26.1000 8 26067.59936
26.2000 8 28626.1248
26.3000 8 27231.51872
26.4000 8 29024.58368
26.5000 8 24222.1056
26.6000 8 31373.39392
26.7000 8 28741.46816
26.8000 8 30628.90496
26.9000 8 27189.57568
27.0000 8 32589.74208
27.1000 8 26287.80032
27.2000 8 27011.31776
27.3000 8 29831.9872
27.4000 8 21936.20992
27.5000 8 32149.34016
27.6000 8 25501.36832
27.7000 8 30146.56
27.8000 8 23729.27488
27.9000 8 25627.19744
28.0000 8 25365.05344
28.1000 8 21128.8064
28.2000 8 21359.49312
28.3000 8 30461.1328
28.4000 8 25239.22432
28.5000 8 31268.53632
28.6000 8 26549.94432
28.7000 8 25102.90944
28.8000 8 28405.92384
28.9000 8 27881.63584
29.0000 8 32096.91136
29.1000 8 28930.21184
29.2000 8 29171.38432
29.3000 8 27881.63584
29.4000 8 27976.00768
29.5000 8 31761.36704
29.6000 8 20447.232
29.7000 8 29685.18656
29.8000 8 25218.2528
29.9000 8 24400.36352
30.0000 8 27965.52192
30.1000 8 27745.32096
30.2000 8 25637.6832
30.3000 8 26528.9728
30.4000 8 29779.5584
30.5000 8 22649.2416
30.6000 8 29097.984
30.7000 8 25511.85408
30.8000 8 30482.10432
30.9000 8 27021.80352
31.0000 8 29192.35584
31.1000 8 26413.62944
31.2000 8 25585.2544
31.3000 8 29485.95712
31.4000 8 24033.36192
31.5000 8 8231.3216
