0.1000 8 0.0
0.2000 8 25690.112
0.3000 8 33334.23104
0.4000 8 14334.03392
0.5000 8 25983.71328
0.6000 8 23802.6752
0.7000 8 19755.17184
0.8000 8 22544.384
0.9000 8 27168.60416
1.0000 8 21516.77952
1.1000 8 23750.2464
1.2000 8 27357.34784
1.3000 8 24589.1072
1.4000 8 26770.14528
1.5000 8 23225.9584
1.6000 8 29276.24192
1.7000 8 24693.9648
1.8000 8 29569.8432
1.9000 8 26560.43008
2.0000 8 21632.12288
2.1000 8 28238.15168
2.2000 8 24662.50752
2.3000 8 25564.28288
2.4000 8 24326.9632
2.5000 8 23750.2464
2.6000 8 29559.35744
2.7000 8 25019.02336
2.8000 8 28112.32256
2.9000 8 29056.04096
3.0000 8 26539.45856
3.1000 8 28343.00928
3.2000 8 29349.64224
3.3000 8 27357.34784
3.4000 8 25637.6832
3.5000 8 25784.48384
3.6000 8 30775.7056
3.7000 8 23897.04704
3.8000 8 29748.10112
3.9000 8 26508.00128
4.0000 8 26392.65792
4.1000 8 25134.36672
4.2000 8 23907.5328
4.3000 8 29339.15648
4.4000 8 25658.65472
4.5000 8 28007.46496
4.6000 8 27252.49024
4.7000 8 24557.64992
4.8000 8 27629.9776
4.9000 8 29863.44448
5.0000 8 25144.85248
5.1000 8 26508.00128
5.2000 8 25427.968
5.3000 8 25113.3952
5.4000 8 28730.9824
5.5000 8 22659.72736
5.6000 8 26256.34304
5.7000 8 24274.5344
5.8000 8 27294.43328
5.9000 8 27567.06304
6.0000 8 23026.72896
6.1000 8 26854.03136
6.2000 8 25197.28128
6.3000 8 28038.92224
6.4000 8 25847.3984
6.5000 8 26979.86048
6.6000 8 25323.1104
6.7000 8 27462.20544
6.8000 8 26266.8288
6.9000 8 23624.41728
7.0000 8 24064.8192
7.1000 8 27095.20384
7.2000 8 24893.19424
7.3000 8 24746.3936
7.4000 8 26549.94432
7.5000 8 26319.2576
7.6000 8 26350.71488
7.7000 8 30251.4176
7.8000 8 25637.6832
7.9000 8 24358.42048
8.0000 8 23928.50432
8.1000 8 25983.71328
8.2000 8 24641.536
8.3000 8 25029.50912
8.4000 8 23194.50112
8.5000 8 27472.6912
8.6000 8 24285.02016
8.7000 8 30303.8464
8.8000 8 22806.528
8.9000 8 30230.44608
9.0000 8 27242.00448
9.1000 8 25480.3968
9.2000 8 26319.2576
9.3000 8 28416.4096
9.4000 8 28248.63744
9.5000 8 22554.86976
9.6000 8 25113.3952
9.7000 8 23215.47264
9.8000 8 20268.97408
9.9000 8 24159.19104
10.0000 8 23404.21632
10.1000 8 27504.14848
10.2000 8 21862.8096
10.3000 8 28531.75296
10.4000 8 28175.23712
10.5000 8 25805.45536
10.6000 8 23666.36032
10.7000 8 26864.51712
10.8000 8 20940.06272
10.9000 8 27483.17696
11.0000 8 25574.76864
11.1000 8 27346.86208
11.2000 8 25323.1104
11.3000 8 27525.12
11.4000 8 25134.36672
11.5000 8 29045.5552
11.6000 8 26644.31616
11.7000 8 23938.99008
11.8000 8 31593.59488
11.9000 8 24725.42208
12.0000 8 24452.79232
12.1000 8 24452.79232
12.2000 8 27734.8352
12.3000 8 28426.89536
12.4000 8 27671.92064
12.5000 8 26707.23072
12.6000 8 27588.03456
12.7000 8 27577.5488
12.8000 8 26046.62784
12.9000 8 23697.8176
13.0000 8 28835.84
13.1000 8 26067.59936
13.2000 8 28542.23872
13.3000 8 27378.31936
13.4000 8 27671.92064
13.5000 8 26203.91424
13.6000 8 24316.47744
13.7000 8 25721.56928
13.8000 8 25711.08352
13.9000 8 22030.58176
14.0000 8 23918.01856
14.1000 8 26791.1168
14.2000 8 24368.90624
14.3000 8 28301.06624
14.4000 8 24714.93632
14.5000 8 26182.94272
14.6000 8 28238.15168
14.7000 8 23676.84608
14.8000 8 30524.04736
14.9000 8 18213.76512
15.0000 8 25920.79872
15.1000 8 23215.47264
15.2000 8 19555.9424
15.3000 8 22764.58496
15.4000 8 27294.43328
15.5000 8 22638.75584
15.6000 8 25543.31136
15.7000 8 27200.06144
15.8000 8 26707.23072
15.9000 8 25218.2528
16.0000 8 29454.49984
16.1000 8 23823.64672
16.2000 8 26088.57088
16.3000 8 24735.90784
16.4000 8 21988.63872
16.5000 8 25532.8256
16.6000 8 22470.98368
16.7000 8 18947.76832
16.8000 8 25417.48224
16.9000 8 27629.9776
17.0000 8 11240.73472
17.1000 8 25637.6832
17.2000 8 26413.62944
17.3000 8 17270.04672
17.4000 8 26015.17056
17.5000 8 26770.14528
17.6000 8 17154.70336
17.7000 8 26140.99968
17.8000 8 27126.66112
17.9000 8 21674.06592
18.0000 8 24064.8192
18.1000 8 24326.9632
18.2000 8 24777.85088
18.3000 8 25784.48384
18.4000 8 22628.27008
18.5000 8 25060.9664
18.6000 8 26654.80192
18.7000 8 20971.52
18.8000 8 27787.264
18.9000 8 27860.66432
19.0000 8 22869.44256
19.1000 8 25878.85568
19.2000 8 26822.57408
19.3000 8 24599.59296
19.4000 8 23771.21792
19.5000 8 23813.16096
19.6000 8 22345.15456
19.7000 8 24515.70688
19.8000 8 24274.5344
19.9000 8 24043.84768
20.0000 8 21097.34912
20.1000 8 24903.68
20.2000 8 26015.17056
20.3000 8 25323.1104
20.4000 8 27671.92064
20.5000 8 20289.9456
20.6000 8 25165.824
20.7000 8 26256.34304
20.8000 8 21537.75104
20.9000 8 23897.04704
21.0000 8 23414.70208
21.1000 8 24075.30496
21.2000 8 24505.22112
21.3000 8 23257.41568
21.4000 8 21411.92192
21.5000 8 25952.256
21.6000 8 23613.93152
21.7000 8 24767.36512
21.8000 8 23058.18624
21.9000 8 26424.1152
22.0000 8 24725.42208
22.1000 8 22166.89664
22.2000 8 25102.90944
22.3000 8 27420.2624
22.4000 8 21621.63712
22.5000 8 23655.87456
22.6000 8 26455.57248
22.7000 8 26099.05664
22.8000 8 23184.01536
22.9000 8 27315.4048
23.0000 8 24515.70688
23.1000 8 25427.968
23.2000 8 24935.13728
23.3000 8 25165.824
23.4000 8 23750.2464
23.5000 8 27063.74656
23.6000 8 27221.03296
23.7000 8 28259.1232
23.8000 8 27147.63264
23.9000 8 24547.16416
24.0000 8 29852.95872
24.1000 8 24012.3904
24.2000 8 24190.64832
24.3000 8 25375.5392
24.4000 8 22062.03904
24.5000 8 25071.45216
24.6000 8 23110.61504
24.7000 8 29150.4128
24.8000 8 26382.17216
24.9000 8 28007.46496
25.0000 8 27546.09152
25.1000 8 31352.4224
25.2000 8 26067.59936
25.3000 8 29779.5584
25.4000 8 24882.70848
25.5000 8 26015.17056
25.6000 8 24127.73376
25.7000 8 26895.9744
25.8000 8 25878.85568
25.9000 8 21873.29536
26.0000 8 27976.00768
26.1000 8 23561.50272
26.2000 8 27074.23232
26.3000 8 27053.2608
26.4000 8 27577.5488
26.5000 8 28510.78144
26.6000 8 29255.2704
26.7000 8 27472.6912
26.8000 8 29160.89856
26.9000 8 27210.5472
27.0000 8 29118.95552
27.1000 8 26224.88576
27.2000 8 26099.05664
27.3000 8 27629.9776
27.4000 8 26424.1152
27.5000 8 22858.9568
27.6000 8 26539.45856
27.7000 8 25427.968
27.8000 8 23246.92992
27.9000 8 27504.14848
28.0000 8 28542.23872
28.1000 8 26843.5456
28.2000 8 26696.74496
28.3000 8 27703.37792
28.4000 8 21736.98048
28.5000 8 28447.86688
28.6000 8 27955.03616
28.7000 8 27472.6912
28.8000 8 29527.90016
28.9000 8 28772.92544
29.0000 8 28825.35424
29.1000 8 28426.89536
29.2000 8 26623.34464
29.3000 8 26854.03136
29.4000 8 26822.57408
29.5000 8 27661.43488
29.6000 8 26990.34624
29.7000 8 24368.90624
29.8000 8 29611.78624
29.9000 8 23540.5312
30.0000 8 26057.1136
30.1000 8 22858.9568
30.2000 8 22963.8144
30.3000 8 24431.8208
30.4000 8 28458.35264
30.5000 8 22387.0976
30.6000 8 26990.34624
30.7000 8 27105.6896
30.8000 8 25218.2528
30.9000 8 24935.13728
31.0000 8 27619.49184
31.1000 8 24861.73696
31.2000 8 25732.05504
31.3000 8 25983.71328
31.4000 8 24714.93632
31.5000 8 24746.3936
31.6000 8 27451.71968
31.7000 8 24127.73376
31.8000 8 27315.4048
31.9000 8 27923.57888
32.0000 8 26518.48704
32.1000 8 26864.51712
32.2000 8 25302.13888
32.3000 8 27934.06464
32.4000 8 27745.32096
32.5000 8 23257.41568
32.6000 8 28856.81152
32.7000 8 16745.75872
32.8000 8 3586.12992
