0.1000 8 0.0
0.2000 8 26308.77184
0.3000 8 28269.60896
0.4000 8 21443.3792
0.5000 8 27283.94752
0.6000 8 23844.61824
0.7000 8 26812.08832
0.8000 8 22271.75424
0.9000 8 25060.9664
1.0000 8 26329.74336
1.1000 8 18371.05152
1.2000 8 27126.66112
1.3000 8 28101.8368
1.4000 8 18308.13696
1.5000 8 24379.392
1.6000 8 25973.22752
1.7000 8 26298.28608
1.8000 8 25427.968
1.9000 8 26780.63104
2.0000 8 26591.88736
2.1000 8 27567.06304
2.2000 8 25721.56928
2.3000 8 30733.76256
2.4000 8 27567.06304
2.5000 8 25773.99808
2.6000 8 29244.78464
2.7000 8 25459.42528
2.8000 8 19901.97248
2.9000 8 30681.33376
3.0000 8 22775.07072
3.1000 8 26581.4016
3.2000 8 27902.60736
3.3000 8 23666.36032
3.4000 8 29129.44128
3.5000 8 25207.76704
3.6000 8 22827.49952
3.7000 8 28227.66592
3.8000 8 22796.04224
3.9000 8 18989.71136
4.0000 8 26801.60256
4.1000 8 26875.00288
4.2000 8 21380.46464
4.3000 8 29811.01568
4.4000 8 21799.89504
4.5000 8 24620.56448
4.6000 8 28049.408
4.7000 8 25721.56928
4.8000 8 27357.34784
4.9000 8 28804.38272
5.0000 8 25092.42368
5.1000 8 29370.61376
5.2000 8 25648.16896
5.3000 8 28710.01088
5.4000 8 26140.99968
5.5000 8 27776.77824
5.6000 8 25753.02656
5.7000 8 26854.03136
5.8000 8 27965.52192
5.9000 8 26518.48704
6.0000 8 26487.02976
6.1000 8 26235.37152
6.2000 8 25847.3984
6.3000 8 27955.03616
6.4000 8 27923.57888
6.5000 8 28353.49504
6.6000 8 26350.71488
6.7000 8 28846.32576
6.8000 8 29370.61376
6.9000 8 26088.57088
7.0000 8 32254.19776
7.1000 8 28542.23872
7.2000 8 30335.30368
7.3000 8 26591.88736
7.4000 8 28007.46496
7.5000 8 29947.33056
7.6000 8 26791.1168
7.7000 8 27839.6928
7.8000 8 27357.34784
7.9000 8 27818.72128
8.0000 8 25543.31136
8.1000 8 27682.4064
8.2000 8 23844.61824
8.3000 8 25019.02336
8.4000 8 26424.1152
8.5000 8 25648.16896
8.6000 8 30607.93344
8.7000 8 24935.13728
8.8000 8 28573.696
8.9000 8 27577.5488
9.0000 8 25753.02656
9.1000 8 27168.60416
9.2000 8 25176.30976
9.3000 8 27242.00448
9.4000 8 23110.61504
9.5000 8 27168.60416
9.6000 8 25637.6832
9.7000 8 19031.6544
9.8000 8 27881.63584
9.9000 8 24368.90624
10.0000 8 21118.32064
10.1000 8 25794.9696
10.2000 8 27996.9792
10.3000 8 25029.50912
10.4000 8 29097.984
10.5000 8 27367.8336
10.6000 8 26329.74336
10.7000 8 29601.30048
10.8000 8 27367.8336
10.9000 8 29664.21504
11.0000 8 27839.6928
11.1000 8 28405.92384
11.2000 8 27304.91904
11.3000 8 30440.16128
11.4000 8 23729.27488
11.5000 8 25260.19584
11.6000 8 30607.93344
11.7000 8 23068.672
11.8000 8 29800.52992
11.9000 8 23393.73056
12.0000 8 26885.48864
12.1000 8 26644.31616
12.2000 8 26759.65952
12.3000 8 26151.48544
12.4000 8 29538.38592
12.5000 8 24190.64832
12.6000 8 26759.65952
12.7000 8 21453.86496
12.8000 8 26067.59936
12.9000 8 24788.33664
13.0000 8 23299.35872
13.1000 8 28447.86688
13.2000 8 25784.48384
13.3000 8 21747.46624
13.4000 8 27126.66112
13.5000 8 24735.90784
13.6000 8 24127.73376
13.7000 8 25658.65472
13.8000 8 20562.57536
13.9000 8 26497.51552
14.0000 8 26015.17056
14.1000 8 21736.98048
14.2000 8 29517.4144
14.3000 8 23802.6752
14.4000 8 24893.19424
14.5000 8 26067.59936
14.6000 8 23676.84608
14.7000 8 25050.48064
14.8000 8 23110.61504
14.9000 8 28489.80992
15.0000 8 25920.79872
15.1000 8 28091.35104
15.2000 8 27808.23552
15.3000 8 23897.04704
15.4000 8 25396.51072
15.5000 8 29360.128
15.6000 8 28804.38272
15.7000 8 27577.5488
15.8000 8 26948.4032
15.9000 8 24851.2512
16.0000 8 28689.03936
16.1000 8 23425.18784
16.2000 8 27021.80352
16.3000 8 26969.37472
16.4000 8 23184.01536
16.5000 8 27609.00608
16.6000 8 21495.808
16.7000 8 24966.59456
16.8000 8 24956.1088
16.9000 8 25039.99488
17.0000 8 26424.1152
17.1000 8 22995.27168
17.2000 8 30115.10272
17.3000 8 25920.79872
17.4000 8 27892.1216
17.5000 8 25511.85408
17.6000 8 22596.8128
17.7000 8 26675.77344
17.8000 8 21453.86496
17.9000 8 25260.19584
18.0000 8 23152.55808
18.1000 8 26109.5424
18.2000 8 28951.18336
18.3000 8 20027.8016
18.4000 8 30167.53152
18.5000 8 28405.92384
18.6000 8 21212.69248
18.7000 8 25700.59776
18.8000 8 24054.33344
18.9000 8 28185.72288
19.0000 8 25344.08192
19.1000 8 23509.07392
19.2000 8 27734.8352
19.3000 8 24631.05024
19.4000 8 25784.48384
19.5000 8 28343.00928
19.6000 8 24714.93632
19.7000 8 24987.56608
19.8000 8 28070.37952
19.9000 8 24631.05024
20.0000 8 26036.14208
20.1000 8 26413.62944
20.2000 8 27304.91904
20.3000 8 27451.71968
20.4000 8 27776.77824
20.5000 8 26770.14528
20.6000 8 27063.74656
20.7000 8 28447.86688
20.8000 8 28374.46656
20.9000 8 22124.9536
21.0000 8 30398.21824
21.1000 8 24798.8224
21.2000 8 27315.4048
21.3000 8 29360.128
21.4000 8 29559.35744
21.5000 8 27787.264
21.6000 8 24693.9648
21.7000 8 27808.23552
21.8000 8 24452.79232
21.9000 8 23026.72896
22.0000 8 27955.03616
22.1000 8 23100.12928
22.2000 8 25344.08192
22.3000 8 25406.99648
22.4000 8 24159.19104
22.5000 8 21736.98048
22.6000 8 26361.20064
22.7000 8 22187.86816
22.8000 8 21621.63712
22.9000 8 24138.21952
23.0000 8 23792.18944
23.1000 8 25543.31136
23.2000 8 26350.71488
23.3000 8 25469.91104
23.4000 8 23708.30336
23.5000 8 25501.36832
23.6000 8 25648.16896
23.7000 8 26256.34304
23.8000 8 29108.46976
23.9000 8 26948.4032
24.0000 8 25564.28288
24.1000 8 28605.15328
24.2000 8 29297.21344
24.3000 8 21485.32224
24.4000 8 29852.95872
24.5000 8 29569.8432
24.6000 8 21516.77952
24.7000 8 26015.17056
24.8000 8 25113.3952
24.9000 8 25438.45376
25.0000 8 23897.04704
25.1000 8 27755.80672
25.2000 8 27745.32096
25.3000 8 27095.20384
25.4000 8 24798.8224
25.5000 8 26654.80192
25.6000 8 22145.92512
25.7000 8 25648.16896
25.8000 8 28227.66592
25.9000 8 24515.70688
26.0000 8 31006.39232
26.1000 8 26025.65632
26.2000 8 22900.89984
26.3000 8 28951.18336
26.4000 8 22963.8144
26.5000 8 26990.34624
26.6000 8 27944.5504
26.7000 8 26172.45696
26.8000 8 29412.5568
26.9000 8 26329.74336
27.0000 8 28332.52352
27.1000 8 27881.63584
27.2000 8 25102.90944
27.3000 8 26476.544
27.4000 8 24222.1056
27.5000 8 26759.65952
27.6000 8 27619.49184
27.7000 8 27000.832
27.8000 8 26403.14368
27.9000 8 25333.59616
28.0000 8 26161.9712
28.1000 8 27126.66112
28.2000 8 25595.74016
28.3000 8 25606.22592
28.4000 8 27682.4064
28.5000 8 24295.50592
28.6000 8 27766.29248
28.7000 8 27462.20544
28.8000 8 23383.2448
28.9000 8 28217.18016
29.0000 8 23477.61664
29.1000 8 28647.09632
29.2000 8 28867.29728
29.3000 8 23225.9584
29.4000 8 27713.86368
29.5000 8 26088.57088
29.6000 8 19356.71296
29.7000 8 26329.74336
29.8000 8 26078.08512
29.9000 8 27095.20384
30.0000 8 26623.34464
30.1000 8 25543.31136
30.2000 8 27074.23232
30.3000 8 25249.71008
30.4000 8 20289.9456
30.5000 8 25459.42528
30.6000 8 25019.02336
30.7000 8 25700.59776
30.8000 8 25291.65312
30.9000 8 27221.03296
31.0000 8 27451.71968
31.1000 8 24536.6784
31.2000 8 26948.4032
31.3000 8 25711.08352
31.4000 8 26738.688
31.5000 8 25323.1104
31.6000 8 27850.17856
31.7000 8 26266.8288
31.8000 8 26822.57408
31.9000 8 26948.4032
32.0000 8 28447.86688
32.1000 8 21579.69408
32.2000 8 13505.65888
32.3000 8 2076.18048
