0.1000 8 0.0
0.2000 8 28584.18176
0.3000 8 32159.82592
0.4000 8 15456.01024
0.5000 8 26067.59936
0.6000 8 27546.09152
0.7000 8 21233.664
0.8000 8 21957.18144
0.9000 8 26843.5456
1.0000 8 28447.86688
1.1000 8 26654.80192
1.2000 8 27913.09312
1.3000 8 28552.72448
1.4000 8 25700.59776
1.5000 8 25543.31136
1.6000 8 19860.02944
1.7000 8 28290.58048
1.8000 8 25207.76704
1.9000 8 19797.11488
2.0000 8 27430.74816
2.1000 8 24326.9632
2.2000 8 25092.42368
2.3000 8 27095.20384
2.4000 8 27315.4048
2.5000 8 26854.03136
2.6000 8 27713.86368
2.7000 8 27158.1184
2.8000 8 28825.35424
2.9000 8 26812.08832
3.0000 8 27462.20544
3.1000 8 27042.77504
3.2000 8 27535.60576
3.3000 8 25973.22752
3.4000 8 27703.37792
3.5000 8 29538.38592
3.6000 8 27567.06304
3.7000 8 30744.24832
3.8000 8 26885.48864
3.9000 8 30240.93184
4.0000 8 23897.04704
4.1000 8 30198.9888
4.2000 8 23697.8176
4.3000 8 25302.13888
4.4000 8 26403.14368
4.5000 8 31279.02208
4.6000 8 26371.6864
4.7000 8 25375.5392
4.8000 8 30870.07744
4.9000 8 25794.9696
5.0000 8 26256.34304
5.1000 8 26329.74336
5.2000 8 26140.99968
5.3000 8 29632.75776
5.4000 8 29297.21344
5.5000 8 29968.30208
5.6000 8 28227.66592
5.7000 8 26749.17376
5.8000 8 28940.6976
5.9000 8 22062.03904
6.0000 8 29391.58528
6.1000 8 27231.51872
6.2000 8 24431.8208
6.3000 8 30335.30368
6.4000 8 20048.77312
6.5000 8 25732.05504
6.6000 8 25448.93952
6.7000 8 27063.74656
6.8000 8 25165.824
6.9000 8 27179.08992
7.0000 8 27871.15008
7.1000 8 24022.87616
7.2000 8 28972.15488
7.3000 8 33187.4304
7.4000 8 23697.8176
7.5000 8 29821.50144
7.6000 8 28395.43808
7.7000 8 25281.16736
7.8000 8 29517.4144
7.9000 8 23781.70368
8.0000 8 23079.15776
8.1000 8 25050.48064
8.2000 8 26277.31456
8.3000 8 25805.45536
8.4000 8 24756.87936
8.5000 8 26046.62784
8.6000 8 29517.4144
8.7000 8 20415.77472
8.8000 8 28028.43648
8.9000 8 29318.18496
9.0000 8 28280.09472
9.1000 8 29339.15648
9.2000 8 26392.65792
9.3000 8 24012.3904
9.4000 8 27126.66112
9.5000 8 25742.5408
9.6000 8 27850.17856
9.7000 8 28447.86688
9.8000 8 21904.75264
9.9000 8 28951.18336
10.0000 8 28426.89536
10.1000 8 22166.89664
10.2000 8 27116.17536
10.3000 8 27367.8336
10.4000 8 26015.17056
10.5000 8 30020.73088
10.6000 8 23204.98688
10.7000 8 26078.08512
10.8000 8 26833.05984
10.9000 8 26371.6864
11.0000 8 30492.59008
11.1000 8 23771.21792
11.2000 8 28647.09632
11.3000 8 26916.94592
11.4000 8 25952.256
11.5000 8 30146.56
11.6000 8 19440.59904
11.7000 8 28489.80992
11.8000 8 23876.07552
11.9000 8 24819.79392
12.0000 8 24683.47904
12.1000 8 23068.672
12.2000 8 25239.22432
12.3000 8 24526.19264
12.4000 8 24641.536
12.5000 8 25878.85568
12.6000 8 28017.95072
12.7000 8 27965.52192
12.8000 8 27137.14688
12.9000 8 25690.112
13.0000 8 29066.52672
13.1000 8 26990.34624
13.2000 8 28909.24032
13.3000 8 27839.6928
13.4000 8 30408.704
13.5000 8 29097.984
13.6000 8 23645.3888
13.7000 8 27996.9792
13.8000 8 22680.69888
13.9000 8 23991.41888
14.0000 8 27200.06144
14.1000 8 24201.13408
14.2000 8 26161.9712
14.3000 8 30094.1312
14.4000 8 23949.47584
14.5000 8 24683.47904
14.6000 8 24515.70688
14.7000 8 26455.57248
14.8000 8 29905.38752
14.9000 8 29653.72928
15.0000 8 25836.91264
15.1000 8 28804.38272
15.2000 8 25878.85568
15.3000 8 28206.6944
15.4000 8 24966.59456
15.5000 8 29632.75776
15.6000 8 26130.51392
15.7000 8 31048.33536
15.8000 8 24127.73376
15.9000 8 29905.38752
16.0000 8 25700.59776
16.1000 8 24148.70528
16.2000 8 29873.93024
16.3000 8 25197.28128
16.4000 8 29842.47296
16.5000 8 25606.22592
16.6000 8 23959.9616
16.7000 8 28741.46816
16.8000 8 24484.2496
16.9000 8 28447.86688
17.0000 8 25019.02336
17.1000 8 25648.16896
17.2000 8 29716.64384
17.3000 8 21684.55168
17.4000 8 28143.77984
17.5000 8 30314.33216
17.6000 8 16609.44384
17.7000 8 25836.91264
17.8000 8 27535.60576
17.9000 8 26057.1136
18.0000 8 25648.16896
18.1000 8 23257.41568
18.2000 8 23456.64512
18.3000 8 24840.76544
18.4000 8 24861.73696
18.5000 8 26927.43168
18.6000 8 27514.63424
18.7000 8 27462.20544
18.8000 8 27682.4064
18.9000 8 28416.4096
19.0000 8 27892.1216
19.1000 8 29685.18656
19.2000 8 26088.57088
19.3000 8 25973.22752
19.4000 8 28028.43648
19.5000 8 27598.52032
19.6000 8 28898.75456
19.7000 8 22995.27168
19.8000 8 26319.2576
19.9000 8 24431.8208
20.0000 8 20772.29056
20.1000 8 24830.27968
20.2000 8 29066.52672
20.3000 8 23509.07392
20.4000 8 27325.89056
20.5000 8 30136.07424
20.6000 8 22145.92512
20.7000 8 29506.92864
20.8000 8 25375.5392
20.9000 8 26088.57088
21.0000 8 24085.79072
21.1000 8 26644.31616
21.2000 8 25029.50912
21.3000 8 28227.66592
21.4000 8 27525.12
21.5000 8 24159.19104
21.6000 8 28605.15328
21.7000 8 27105.6896
21.8000 8 25763.51232
21.9000 8 25742.5408
22.0000 8 25606.22592
22.1000 8 27556.57728
22.2000 8 26518.48704
22.3000 8 26182.94272
22.4000 8 25207.76704
22.5000 8 23309.84448
22.6000 8 24547.16416
22.7000 8 27074.23232
22.8000 8 21212.69248
22.9000 8 22460.49792
23.0000 8 28196.20864
23.1000 8 21883.78112
23.2000 8 23729.27488
23.3000 8 27703.37792
23.4000 8 25365.05344
23.5000 8 24872.22272
23.6000 8 25291.65312
23.7000 8 27179.08992
23.8000 8 26036.14208
23.9000 8 27619.49184
24.0000 8 29014.09792
24.1000 8 22963.8144
24.2000 8 30817.64864
24.3000 8 26413.62944
24.4000 8 26078.08512
24.5000 8 26130.51392
24.6000 8 26602.37312
24.7000 8 25994.19904
24.8000 8 26937.91744
24.9000 8 27021.80352
25.0000 8 27703.37792
25.1000 8 24431.8208
25.2000 8 27451.71968
25.3000 8 26319.2576
25.4000 8 21275.60704
25.5000 8 26109.5424
25.6000 8 24515.70688
25.7000 8 26308.77184
25.8000 8 24631.05024
25.9000 8 22617.78432
26.0000 8 26916.94592
26.1000 8 25994.19904
26.2000 8 17731.42016
26.3000 8 22250.78272
26.4000 8 23918.01856
26.5000 8 21757.952
26.6000 8 25983.71328
26.7000 8 27147.63264
26.8000 8 23928.50432
26.9000 8 27797.74976
27.0000 8 25847.3984
27.1000 8 26329.74336
27.2000 8 26602.37312
27.3000 8 25511.85408
27.4000 8 27525.12
27.5000 8 25008.5376
27.6000 8 30157.04576
27.7000 8 25690.112
27.8000 8 27053.2608
27.9000 8 26287.80032
28.0000 8 24043.84768
28.1000 8 26958.88896
28.2000 8 25931.28448
28.3000 8 27703.37792
28.4000 8 25155.33824
28.5000 8 30691.81952
28.6000 8 18863.88224
28.7000 8 28489.80992
28.8000 8 25176.30976
28.9000 8 27567.06304
29.0000 8 32317.11232
29.1000 8 24756.87936
29.2000 8 28038.92224
29.3000 8 23456.64512
29.4000 8 22334.6688
29.5000 8 26948.4032
29.6000 8 26906.46016
29.7000 8 26927.43168
29.8000 8 20143.14496
29.9000 8 25249.71008
30.0000 8 24484.2496
30.1000 8 24117.248
30.2000 8 21569.20832
30.3000 8 28164.75136
30.4000 8 22974.30016
30.5000 8 26780.63104
30.6000 8 21338.5216
30.7000 8 28007.46496
30.8000 8 28772.92544
30.9000 8 27462.20544
31.0000 8 25679.62624
31.1000 8 26445.08672
31.2000 8 22628.27008
31.3000 8 26004.6848
31.4000 8 24127.73376
31.5000 8 25878.85568
31.6000 8 25522.33984
31.7000 8 24368.90624
31.8000 8 28269.60896
31.9000 8 27829.20704
32.0000 8 13778.28864
32.1000 8 5515.50976
