0.1000 8 0.0
0.2000 8 25637.6832
0.3000 8 31331.45088
0.4000 8 16965.95968
0.5000 8 28238.15168
0.6000 8 27042.77504
0.7000 8 25868.36992
0.8000 8 26833.05984
0.9000 8 27262.976
1.0000 8 26749.17376
1.1000 8 31279.02208
1.2000 8 21233.664
1.3000 8 27409.77664
1.4000 8 27304.91904
1.5000 8 21810.3808
1.6000 8 26591.88736
1.7000 8 24043.84768
1.8000 8 28353.49504
1.9000 8 28814.86848
2.0000 8 19126.02624
2.1000 8 31079.79264
2.2000 8 27346.86208
2.3000 8 24022.87616
2.4000 8 29129.44128
2.5000 8 26895.9744
2.6000 8 21244.14976
2.7000 8 30282.87488
2.8000 8 28405.92384
2.9000 8 26864.51712
3.0000 8 26969.37472
3.1000 8 23603.44576
3.2000 8 22638.75584
3.3000 8 26895.9744
3.4000 8 29003.61216
3.5000 8 24305.99168
3.6000 8 20415.77472
3.7000 8 28846.32576
3.8000 8 27210.5472
3.9000 8 24274.5344
4.0000 8 26770.14528
4.1000 8 24683.47904
4.2000 8 28668.06784
4.3000 8 25365.05344
4.4000 8 27315.4048
4.5000 8 27137.14688
4.6000 8 29234.29888
4.7000 8 24557.64992
4.8000 8 29863.44448
4.9000 8 28510.78144
5.0000 8 23225.9584
5.1000 8 28584.18176
5.2000 8 26308.77184
5.3000 8 29265.75616
5.4000 8 23488.1024
5.5000 8 25480.3968
5.6000 8 23267.90144
5.7000 8 24190.64832
5.8000 8 25857.88416
5.9000 8 24568.13568
6.0000 8 27577.5488
6.1000 8 24211.61984
6.2000 8 27283.94752
6.3000 8 26549.94432
6.4000 8 16630.41536
6.5000 8 19734.20032
6.6000 8 30219.96032
6.7000 8 22187.86816
6.8000 8 28951.18336
6.9000 8 29139.92704
7.0000 8 23844.61824
7.1000 8 24882.70848
7.2000 8 33218.88768
7.3000 8 15655.23968
7.4000 8 24631.05024
7.5000 8 29360.128
7.6000 8 23456.64512
7.7000 8 30660.36224
7.8000 8 21873.29536
7.9000 8 25365.05344
8.0000 8 23309.84448
8.1000 8 24253.56288
8.2000 8 28710.01088
8.3000 8 22900.89984
8.4000 8 28259.1232
8.5000 8 29202.8416
8.6000 8 26256.34304
8.7000 8 25102.90944
8.8000 8 26424.1152
8.9000 8 24211.61984
9.0000 8 27766.29248
9.1000 8 25039.99488
9.2000 8 26717.71648
9.3000 8 25994.19904
9.4000 8 28636.61056
9.5000 8 27713.86368
9.6000 8 24368.90624
9.7000 8 27881.63584
9.8000 8 27126.66112
9.9000 8 21254.63552
10.0000 8 26958.88896
10.1000 8 25669.14048
10.2000 8 21118.32064
10.3000 8 23844.61824
10.4000 8 22722.64192
10.5000 8 25564.28288
10.6000 8 29077.01248
10.7000 8 24295.50592
10.8000 8 26004.6848
10.9000 8 28510.78144
11.0000 8 25794.9696
11.1000 8 26623.34464
11.2000 8 26749.17376
11.3000 8 26067.59936
11.4000 8 21590.17984
11.5000 8 29412.5568
11.6000 8 24903.68
11.7000 8 24987.56608
11.8000 8 29286.72768
11.9000 8 26476.544
12.0000 8 23498.58816
12.1000 8 29622.272
12.2000 8 23949.47584
12.3000 8 27787.264
12.4000 8 27221.03296
12.5000 8 28007.46496
12.6000 8 22103.98208
12.7000 8 28175.23712
12.8000 8 26791.1168
12.9000 8 21013.46304
13.0000 8 29863.44448
13.1000 8 27609.00608
13.2000 8 21600.6656
13.3000 8 29181.87008
13.4000 8 26791.1168
13.5000 8 25920.79872
13.6000 8 30681.33376
13.7000 8 25438.45376
13.8000 8 21957.18144
13.9000 8 27556.57728
14.0000 8 27137.14688
14.1000 8 23477.61664
14.2000 8 29894.90176
14.3000 8 29276.24192
14.4000 8 19440.59904
14.5000 8 28164.75136
14.6000 8 27965.52192
14.7000 8 26864.51712
14.8000 8 26340.22912
14.9000 8 29150.4128
15.0000 8 22324.18304
15.1000 8 26990.34624
15.2000 8 25627.19744
15.3000 8 26780.63104
15.4000 8 26434.60096
15.5000 8 28846.32576
15.6000 8 26382.17216
15.7000 8 27567.06304
15.8000 8 27923.57888
15.9000 8 25994.19904
16.0000 8 27567.06304
16.1000 8 26403.14368
16.2000 8 21852.32384
16.3000 8 28426.89536
16.4000 8 24631.05024
16.5000 8 17584.61952
16.6000 8 27409.77664
16.7000 8 21925.72416
16.8000 8 13568.57344
16.9000 8 21736.98048
17.0000 8 25690.112
17.1000 8 21076.3776
17.2000 8 16934.5024
17.3000 8 26508.00128
17.4000 8 25711.08352
17.5000 8 23456.64512
17.6000 8 28615.63904
17.7000 8 25920.79872
17.8000 8 21873.29536
17.9000 8 28730.9824
18.0000 8 20541.60384
18.1000 8 21422.40768
18.2000 8 26738.688
18.3000 8 27745.32096
18.4000 8 26392.65792
18.5000 8 28332.52352
18.6000 8 26822.57408
18.7000 8 29097.984
18.8000 8 27210.5472
18.9000 8 24735.90784
19.0000 8 27000.832
19.1000 8 28196.20864
19.2000 8 26875.00288
19.3000 8 26319.2576
19.4000 8 25826.42688
19.5000 8 22261.26848
19.6000 8 25868.36992
19.7000 8 20373.83168
19.8000 8 27095.20384
19.9000 8 23079.15776
20.0000 8 25574.76864
20.1000 8 26528.9728
20.2000 8 16840.13056
20.3000 8 26130.51392
20.4000 8 25490.88256
20.5000 8 18538.82368
20.6000 8 23110.61504
20.7000 8 24809.30816
20.8000 8 22722.64192
20.9000 8 28605.15328
21.0000 8 26749.17376
21.1000 8 20604.5184
21.2000 8 26549.94432
21.3000 8 26717.71648
21.4000 8 20929.57696
21.5000 8 25847.3984
21.6000 8 25522.33984
21.7000 8 24683.47904
21.8000 8 21065.89184
21.9000 8 24526.19264
22.0000 8 23551.01696
22.1000 8 24232.59136
22.2000 8 21957.18144
22.3000 8 25952.256
22.4000 8 22345.15456
22.5000 8 21516.77952
22.6000 8 26602.37312
22.7000 8 27493.66272
22.8000 8 23309.84448
22.9000 8 24536.6784
23.0000 8 23645.3888
23.1000 8 24085.79072
23.2000 8 25815.94112
23.3000 8 27588.03456
23.4000 8 26151.48544
23.5000 8 26308.77184
23.6000 8 25826.42688
23.7000 8 24526.19264
23.8000 8 26875.00288
23.9000 8 25039.99488
24.0000 8 26109.5424
24.1000 8 26833.05984
24.2000 8 27011.31776
24.3000 8 23634.90304
24.4000 8 28164.75136
24.5000 8 22187.86816
24.6000 8 23404.21632
24.7000 8 27242.00448
24.8000 8 24977.08032
24.9000 8 24672.99328
25.0000 8 24557.64992
25.1000 8 24410.84928
25.2000 8 23005.75744
25.3000 8 27913.09312
25.4000 8 24442.30656
25.5000 8 26329.74336
25.6000 8 23184.01536
25.7000 8 28489.80992
25.8000 8 22450.01216
25.9000 8 28280.09472
26.0000 8 28154.2656
26.1000 8 20845.69088
26.2000 8 26025.65632
26.3000 8 25448.93952
26.4000 8 22187.86816
26.5000 8 27493.66272
26.6000 8 26329.74336
26.7000 8 26424.1152
26.8000 8 27546.09152
26.9000 8 23320.33024
27.0000 8 25375.5392
27.1000 8 27965.52192
27.2000 8 20971.52
27.3000 8 28689.03936
27.4000 8 29003.61216
27.5000 8 23855.104
27.6000 8 26078.08512
27.7000 8 23918.01856
27.8000 8 23949.47584
27.9000 8 24914.16576
28.0000 8 24714.93632
28.1000 8 23288.87296
28.2000 8 25501.36832
28.3000 8 25029.50912
28.4000 8 26350.71488
28.5000 8 23519.55968
28.6000 8 23928.50432
28.7000 8 23938.99008
28.8000 8 23624.41728
28.9000 8 23676.84608
29.0000 8 25973.22752
29.1000 8 27776.77824
29.2000 8 19860.02944
29.3000 8 27692.89216
29.4000 8 25627.19744
29.5000 8 24893.19424
29.6000 8 27829.20704
29.7000 8 23918.01856
29.8000 8 27430.74816
29.9000 8 26665.28768
30.0000 8 24788.33664
30.1000 8 27661.43488
30.2000 8 25910.31296
30.3000 8 24704.45056
30.4000 8 27095.20384
30.5000 8 25941.77024
30.6000 8 27619.49184
30.7000 8 28668.06784
30.8000 8 18402.5088
30.9000 8 26770.14528
31.0000 8 25899.8272
31.1000 8 25029.50912
31.2000 8 23456.64512
31.3000 8 25994.19904
31.4000 8 25711.08352
31.5000 8 20017.31584
31.6000 8 26476.544
31.7000 8 25249.71008
31.8000 8 21286.0928
31.9000 8 27294.43328
32.0000 8 25721.56928
32.1000 8 21768.43776
32.2000 8 26340.22912
32.3000 8 23823.64672
32.4000 8 24400.36352
32.5000 8 23771.21792
32.6000 8 24505.22112
32.7000 8 24798.8224
32.8000 8 24410.84928
32.9000 8 23110.61504
33.0000 8 11765.02272
