0.1000 8 0.0
0.2000 8 28982.64064
0.3000 8 30104.61696
0.4000 8 14784.9216
0.5000 8 25323.1104
0.6000 8 28332.52352
0.7000 8 24767.36512
0.8000 8 25511.85408
0.9000 8 30796.67712
1.0000 8 24106.76224
1.1000 8 28059.89376
1.2000 8 28091.35104
1.3000 8 27525.12
1.4000 8 26560.43008
1.5000 8 28458.35264
1.6000 8 29873.93024
1.7000 8 25857.88416
1.8000 8 28164.75136
1.9000 8 24977.08032
2.0000 8 28751.95392
2.1000 8 24022.87616
2.2000 8 23760.73216
2.3000 8 24966.59456
2.4000 8 28730.9824
2.5000 8 26382.17216
2.6000 8 26675.77344
2.7000 8 25637.6832
2.8000 8 24012.3904
2.9000 8 25574.76864
3.0000 8 25092.42368
3.1000 8 32128.36864
3.2000 8 18454.9376
3.3000 8 24316.47744
3.4000 8 23729.27488
3.5000 8 24882.70848
3.6000 8 21464.35072
3.7000 8 27409.77664
3.8000 8 24368.90624
3.9000 8 24966.59456
4.0000 8 26445.08672
4.1000 8 25134.36672
4.2000 8 24882.70848
4.3000 8 30513.5616
4.4000 8 20635.97568
4.5000 8 19587.39968
4.6000 8 25427.968
4.7000 8 24872.22272
4.8000 8 16326.32832
4.9000 8 29653.72928
5.0000 8 26854.03136
5.1000 8 17752.39168
5.2000 8 29475.47136
5.3000 8 27661.43488
5.4000 8 26214.4
5.5000 8 25794.9696
5.6000 8 26528.9728
5.7000 8 30503.07584
5.8000 8 23246.92992
5.9000 8 27776.77824
6.0000 8 25176.30976
6.1000 8 27797.74976
6.2000 8 25595.74016
6.3000 8 26120.02816
6.4000 8 24914.16576
6.5000 8 25868.36992
6.6000 8 27902.60736
6.7000 8 27514.63424
6.8000 8 28730.9824
6.9000 8 25071.45216
7.0000 8 30115.10272
7.1000 8 24610.07872
7.2000 8 27483.17696
7.3000 8 28133.29408
7.4000 8 21747.46624
7.5000 8 28972.15488
7.6000 8 23844.61824
7.7000 8 27902.60736
7.8000 8 28175.23712
7.9000 8 24861.73696
8.0000 8 27325.89056
8.1000 8 27189.57568
8.2000 8 26099.05664
8.3000 8 28584.18176
8.4000 8 26287.80032
8.5000 8 27640.46336
8.6000 8 25805.45536
8.7000 8 27242.00448
8.8000 8 25144.85248
8.9000 8 24452.79232
9.0000 8 26969.37472
9.1000 8 26602.37312
9.2000 8 24620.56448
9.3000 8 27032.28928
9.4000 8 27032.28928
9.5000 8 28804.38272
9.6000 8 27315.4048
9.7000 8 24347.93472
9.8000 8 25679.62624
9.9000 8 26686.2592
10.0000 8 25406.99648
10.1000 8 27126.66112
10.2000 8 25165.824
10.3000 8 24672.99328
10.4000 8 27588.03456
10.5000 8 27944.5504
10.6000 8 27860.66432
10.7000 8 26455.57248
10.8000 8 28793.89696
10.9000 8 27367.8336
11.0000 8 21034.43456
11.1000 8 28489.80992
11.2000 8 28059.89376
11.3000 8 25165.824
11.4000 8 27189.57568
11.5000 8 28877.78304
11.6000 8 23844.61824
11.7000 8 23781.70368
11.8000 8 26539.45856
11.9000 8 26560.43008
12.0000 8 26424.1152
12.1000 8 26004.6848
12.2000 8 25815.94112
12.3000 8 23582.47424
12.4000 8 25721.56928
12.5000 8 28772.92544
12.6000 8 18108.90752
12.7000 8 27776.77824
12.8000 8 26759.65952
12.9000 8 28196.20864
13.0000 8 25637.6832
13.1000 8 25144.85248
13.2000 8 25480.3968
13.3000 8 24473.76384
13.4000 8 24295.50592
13.5000 8 29548.87168
13.6000 8 20017.31584
13.7000 8 26602.37312
13.8000 8 28290.58048
13.9000 8 23771.21792
14.0000 8 28206.6944
14.1000 8 23498.58816
14.2000 8 28280.09472
14.3000 8 22890.41408
14.4000 8 21988.63872
14.5000 8 28699.52512
14.6000 8 25490.88256
14.7000 8 29475.47136
14.8000 8 25543.31136
14.9000 8 29202.8416
15.0000 8 28489.80992
15.1000 8 29381.09952
15.2000 8 25931.28448
15.3000 8 24935.13728
15.4000 8 26329.74336
15.5000 8 28772.92544
15.6000 8 26665.28768
15.7000 8 27011.31776
15.8000 8 30440.16128
15.9000 8 26801.60256
16.0000 8 28374.46656
16.1000 8 29800.52992
16.2000 8 25333.59616
16.3000 8 28238.15168
16.4000 8 25962.74176
16.5000 8 24452.79232
16.6000 8 28332.52352
16.7000 8 26424.1152
16.8000 8 19786.62912
16.9000 8 30282.87488
17.0000 8 26570.91584
17.1000 8 26675.77344
17.2000 8 24798.8224
17.3000 8 29968.30208
17.4000 8 28290.58048
17.5000 8 27032.28928
17.6000 8 25249.71008
17.7000 8 23991.41888
17.8000 8 25270.6816
17.9000 8 28751.95392
18.0000 8 22481.46944
18.1000 8 28259.1232
18.2000 8 28363.9808
18.3000 8 26602.37312
18.4000 8 26906.46016
18.5000 8 25532.8256
18.6000 8 21118.32064
18.7000 8 25899.8272
18.8000 8 24851.2512
18.9000 8 23446.15936
19.0000 8 23645.3888
19.1000 8 29349.64224
19.2000 8 24641.536
19.3000 8 25920.79872
19.4000 8 26969.37472
19.5000 8 23613.93152
19.6000 8 29139.92704
19.7000 8 28699.52512
19.8000 8 25228.73856
19.9000 8 30828.1344
20.0000 8 25092.42368
20.1000 8 24515.70688
20.2000 8 28259.1232
20.3000 8 25008.5376
20.4000 8 27965.52192
20.5000 8 29485.95712
20.6000 8 21831.35232
20.7000 8 28940.6976
20.8000 8 28951.18336
20.9000 8 23068.672
21.0000 8 25480.3968
21.1000 8 24746.3936
21.2000 8 21810.3808
21.3000 8 26654.80192
21.4000 8 25050.48064
21.5000 8 20080.2304
21.6000 8 26015.17056
21.7000 8 21946.69568
21.8000 8 23026.72896
21.9000 8 24987.56608
22.0000 8 21191.72096
22.1000 8 25732.05504
22.2000 8 24966.59456
22.3000 8 25344.08192
22.4000 8 27053.2608
22.5000 8 25323.1104
22.6000 8 22271.75424
22.7000 8 25050.48064
22.8000 8 20573.06112
22.9000 8 24683.47904
23.0000 8 26759.65952
23.1000 8 24893.19424
23.2000 8 17637.04832
23.3000 8 27221.03296
23.4000 8 27965.52192
23.5000 8 24232.59136
23.6000 8 28217.18016
23.7000 8 28091.35104
23.8000 8 21862.8096
23.9000 8 30534.53312
24.0000 8 27294.43328
24.1000 8 28531.75296
24.2000 8 30503.07584
24.3000 8 26224.88576
24.4000 8 28888.2688
24.5000 8 27661.43488
24.6000 8 28867.29728
24.7000 8 27200.06144
24.8000 8 28122.80832
24.9000 8 25417.48224
25.0000 8 24421.33504
25.1000 8 24861.73696
25.2000 8 28217.18016
25.3000 8 26445.08672
25.4000 8 26948.4032
25.5000 8 29056.04096
25.6000 8 26822.57408
25.7000 8 26948.4032
25.8000 8 25060.9664
25.9000 8 25994.19904
26.0000 8 29643.24352
26.1000 8 22796.04224
26.2000 8 29014.09792
26.3000 8 26780.63104
26.4000 8 27084.71808
26.5000 8 27976.00768
26.6000 8 23959.9616
26.7000 8 26906.46016
26.8000 8 28730.9824
26.9000 8 19566.42816
27.0000 8 29297.21344
27.1000 8 25113.3952
27.2000 8 18266.19392
27.3000 8 26696.74496
27.4000 8 22837.98528
27.5000 8 21820.86656
27.6000 8 25585.2544
27.7000 8 21894.26688
27.8000 8 24893.19424
27.9000 8 26413.62944
28.0000 8 23645.3888
28.1000 8 24777.85088
28.2000 8 23865.58976
28.3000 8 25134.36672
28.4000 8 24452.79232
28.5000 8 23477.61664
28.6000 8 23519.55968
28.7000 8 25438.45376
28.8000 8 23121.1008
28.9000 8 23309.84448
29.0000 8 26203.91424
29.1000 8 23467.13088
29.2000 8 25218.2528
29.3000 8 25071.45216
29.4000 8 22995.27168
29.5000 8 27913.09312
29.6000 8 23110.61504
29.7000 8 26508.00128
29.8000 8 19744.68608
29.9000 8 25365.05344
30.0000 8 27535.60576
30.1000 8 23645.3888
30.2000 8 27629.9776
30.3000 8 29548.87168
30.4000 8 19985.85856
30.5000 8 30293.36064
30.6000 8 27053.2608
30.7000 8 27483.17696
30.8000 8 28825.35424
30.9000 8 24819.79392
31.0000 8 26581.4016
31.1000 8 28091.35104
31.2000 8 28741.46816
31.3000 8 25648.16896
31.4000 8 23603.44576
31.5000 8 27315.4048
31.6000 8 25889.34144
31.7000 8 27084.71808
31.8000 8 25920.79872
31.9000 8 28091.35104
32.0000 8 26434.60096
32.1000 8 24693.9648
32.2000 8 26130.51392
32.3000 8 20373.83168
32.4000 8 5546.96704
