0.1000 8 0.0
0.2000 8 28437.38112
0.3000 8 30282.87488
0.4000 8 16074.67008
0.5000 8 19094.56896
0.6000 8 20394.8032
0.7000 8 20751.31904
0.8000 8 20342.3744
0.9000 8 23047.70048
1.0000 8 28982.64064
1.1000 8 24620.56448
1.2000 8 26843.5456
1.3000 8 27829.20704
1.4000 8 24410.84928
1.5000 8 26487.02976
1.6000 8 29360.128
1.7000 8 27221.03296
1.8000 8 27346.86208
1.9000 8 27283.94752
2.0000 8 24746.3936
2.1000 8 25983.71328
2.2000 8 28311.552
2.3000 8 29485.95712
2.4000 8 27976.00768
2.5000 8 25480.3968
2.6000 8 28196.20864
2.7000 8 27367.8336
2.8000 8 30639.39072
2.9000 8 24033.36192
3.0000 8 29527.90016
3.1000 8 25081.93792
3.2000 8 24557.64992
3.3000 8 31048.33536
3.4000 8 21055.40608
3.5000 8 21233.664
3.6000 8 27839.6928
3.7000 8 28814.86848
3.8000 8 24054.33344
3.9000 8 30083.64544
4.0000 8 26099.05664
4.1000 8 25805.45536
4.2000 8 25973.22752
4.3000 8 25344.08192
4.4000 8 23005.75744
4.5000 8 26298.28608
4.6000 8 23750.2464
4.7000 8 27965.52192
4.8000 8 27430.74816
4.9000 8 21128.8064
5.0000 8 27252.49024
5.1000 8 18454.9376
5.2000 8 25396.51072
5.3000 8 25438.45376
5.4000 8 25627.19744
5.5000 8 26161.9712
5.6000 8 29611.78624
5.7000 8 23697.8176
5.8000 8 20279.45984
5.9000 8 24022.87616
6.0000 8 22659.72736
6.1000 8 22072.5248
6.2000 8 27294.43328
6.3000 8 26392.65792
6.4000 8 25480.3968
6.5000 8 30282.87488
6.6000 8 20541.60384
6.7000 8 27262.976
6.8000 8 28479.32416
6.9000 8 16074.67008
7.0000 8 26497.51552
7.1000 8 27451.71968
7.2000 8 20898.11968
7.3000 8 28835.84
7.4000 8 27902.60736
7.5000 8 23949.47584
7.6000 8 29905.38752
7.7000 8 24148.70528
7.8000 8 25742.5408
7.9000 8 27430.74816
8.0000 8 25857.88416
8.1000 8 19493.02784
8.2000 8 22712.15616
8.3000 8 28017.95072
8.4000 8 22586.32704
8.5000 8 28175.23712
8.6000 8 25910.31296
8.7000 8 27399.29088
8.8000 8 30041.7024
8.9000 8 20887.63392
9.0000 8 22565.35552
9.1000 8 31079.79264
9.2000 8 22995.27168
9.3000 8 25994.19904
9.4000 8 26487.02976
9.5000 8 23949.47584
9.6000 8 26487.02976
9.7000 8 24127.73376
9.8000 8 26906.46016
9.9000 8 24830.27968
10.0000 8 26256.34304
10.1000 8 26256.34304
10.2000 8 22596.8128
10.3000 8 27850.17856
10.4000 8 26990.34624
10.5000 8 23739.76064
10.6000 8 25249.71008
10.7000 8 28164.75136
10.8000 8 26266.8288
10.9000 8 29800.52992
11.0000 8 29727.1296
11.1000 8 26350.71488
11.2000 8 29685.18656
11.3000 8 28689.03936
11.4000 8 23204.98688
11.5000 8 26528.9728
11.6000 8 27996.9792
11.7000 8 25312.62464
11.8000 8 28227.66592
11.9000 8 27084.71808
12.0000 8 27546.09152
12.1000 8 23383.2448
12.2000 8 29150.4128
12.3000 8 28259.1232
12.4000 8 25773.99808
12.5000 8 28395.43808
12.6000 8 25448.93952
12.7000 8 23257.41568
12.8000 8 26487.02976
12.9000 8 27399.29088
13.0000 8 22240.29696
13.1000 8 26948.4032
13.2000 8 28217.18016
13.3000 8 25365.05344
13.4000 8 24358.42048
13.5000 8 27304.91904
13.6000 8 28804.38272
13.7000 8 24463.27808
13.8000 8 26413.62944
13.9000 8 28017.95072
14.0000 8 21254.63552
14.1000 8 27011.31776
14.2000 8 29024.58368
14.3000 8 24851.2512
14.4000 8 29014.09792
14.5000 8 27619.49184
14.6000 8 25459.42528
14.7000 8 29811.01568
14.8000 8 26749.17376
14.9000 8 28280.09472
15.0000 8 28510.78144
15.1000 8 26738.688
15.2000 8 19063.11168
15.3000 8 29118.95552
15.4000 8 25417.48224
15.5000 8 13096.71424
15.6000 8 27703.37792
15.7000 8 25218.2528
15.8000 8 23016.2432
15.9000 8 22261.26848
16.0000 8 26361.20064
16.1000 8 24347.93472
16.2000 8 22879.92832
16.3000 8 25134.36672
16.4000 8 27357.34784
16.5000 8 27934.06464
16.6000 8 25700.59776
16.7000 8 25427.968
16.8000 8 28647.09632
16.9000 8 24914.16576
17.0000 8 28489.80992
17.1000 8 26539.45856
17.2000 8 27766.29248
17.3000 8 25323.1104
17.4000 8 26927.43168
17.5000 8 25039.99488
17.6000 8 20394.8032
17.7000 8 24505.22112
17.8000 8 26749.17376
17.9000 8 21527.26528
18.0000 8 26214.4
18.1000 8 23435.6736
18.2000 8 19849.54368
18.3000 8 28793.89696
18.4000 8 22607.29856
18.5000 8 24211.61984
18.6000 8 29622.272
18.7000 8 24893.19424
18.8000 8 28615.63904
18.9000 8 27818.72128
19.0000 8 29559.35744
19.1000 8 22313.69728
19.2000 8 24463.27808
19.3000 8 26161.9712
19.4000 8 26979.86048
19.5000 8 25511.85408
19.6000 8 26466.05824
19.7000 8 25847.3984
19.8000 8 25920.79872
19.9000 8 23865.58976
20.0000 8 26937.91744
20.1000 8 22020.096
20.2000 8 24389.87776
20.3000 8 26612.85888
20.4000 8 25522.33984
20.5000 8 19901.97248
20.6000 8 27126.66112
20.7000 8 25669.14048
20.8000 8 25994.19904
20.9000 8 27042.77504
21.0000 8 23571.98848
21.1000 8 28416.4096
21.2000 8 25239.22432
21.3000 8 21537.75104
21.4000 8 28835.84
21.5000 8 21485.32224
21.6000 8 24358.42048
21.7000 8 26749.17376
21.8000 8 25260.19584
21.9000 8 26224.88576
22.0000 8 24882.70848
22.1000 8 24159.19104
22.2000 8 28353.49504
22.3000 8 25375.5392
22.4000 8 23016.2432
22.5000 8 27902.60736
22.6000 8 24054.33344
22.7000 8 24033.36192
22.8000 8 29800.52992
22.9000 8 24148.70528
23.0000 8 26298.28608
23.1000 8 29402.07104
23.2000 8 26445.08672
23.3000 8 26948.4032
23.4000 8 28038.92224
23.5000 8 24840.76544
23.6000 8 28363.9808
23.7000 8 26749.17376
23.8000 8 23477.61664
23.9000 8 25553.79712
24.0000 8 29779.5584
24.1000 8 27210.5472
24.2000 8 22083.01056
24.3000 8 29800.52992
24.4000 8 23509.07392
24.5000 8 27252.49024
24.6000 8 27147.63264
24.7000 8 25134.36672
24.8000 8 23708.30336
24.9000 8 25805.45536
25.0000 8 24421.33504
25.1000 8 24368.90624
25.2000 8 26224.88576
25.3000 8 24641.536
25.4000 8 26476.544
25.5000 8 26140.99968
25.6000 8 24893.19424
25.7000 8 30104.61696
25.8000 8 28982.64064
25.9000 8 24861.73696
26.0000 8 27242.00448
26.1000 8 27923.57888
26.2000 8 27399.29088
26.3000 8 27567.06304
26.4000 8 29318.18496
26.5000 8 29014.09792
26.6000 8 27116.17536
26.7000 8 28405.92384
26.8000 8 28038.92224
26.9000 8 26518.48704
27.0000 8 29475.47136
27.1000 8 24442.30656
27.2000 8 29496.44288
27.3000 8 24935.13728
27.4000 8 26140.99968
27.5000 8 26287.80032
27.6000 8 22796.04224
27.7000 8 27084.71808
27.8000 8 27818.72128
27.9000 8 25889.34144
28.0000 8 23131.58656
28.1000 8 16913.53088
28.2000 8 14837.3504
28.3000 8 26308.77184
28.4000 8 23687.33184
28.5000 8 24652.02176
28.6000 8 25585.2544
28.7000 8 27713.86368
28.8000 8 25427.968
28.9000 8 24389.87776
29.0000 8 28594.66752
29.1000 8 26424.1152
29.2000 8 28594.66752
29.3000 8 27378.31936
29.4000 8 27629.9776
29.5000 8 24809.30816
29.6000 8 30450.64704
29.7000 8 25616.71168
29.8000 8 25144.85248
29.9000 8 27829.20704
30.0000 8 26036.14208
30.1000 8 24945.62304
30.2000 8 30094.1312
30.3000 8 28657.58208
30.4000 8 24012.3904
30.5000 8 27126.66112
30.6000 8 26948.4032
30.7000 8 25039.99488
30.8000 8 26172.45696
30.9000 8 25794.9696
31.0000 8 26539.45856
31.1000 8 27797.74976
31.2000 8 24473.76384
31.3000 8 17783.84896
31.4000 8 26895.9744
31.5000 8 25627.19744
31.6000 8 26665.28768
31.7000 8 28332.52352
31.8000 8 26696.74496
31.9000 8 26413.62944
32.0000 8 27986.49344
32.1000 8 20520.63232
32.2000 8 30492.59008
32.3000 8 22292.72576
32.4000 8 13904.11776
32.5000 8 22062.03904
32.6000 8 10076.81536
