0.1000 8 0.0
0.2000 8 25669.14048
0.3000 8 28888.2688
0.4000 8 13337.88672
0.5000 8 19167.96928
0.6000 8 28049.408
0.7000 8 25228.73856
0.8000 8 24001.90464
0.9000 8 23225.9584
1.0000 8 23980.93312
1.1000 8 23603.44576
1.2000 8 23267.90144
1.3000 8 27546.09152
1.4000 8 27158.1184
1.5000 8 24861.73696
1.6000 8 27850.17856
1.7000 8 26424.1152
1.8000 8 22282.24
1.9000 8 26759.65952
2.0000 8 24704.45056
2.1000 8 24285.02016
2.2000 8 27262.976
2.3000 8 27787.264
2.4000 8 25060.9664
2.5000 8 29758.58688
2.6000 8 24872.22272
2.7000 8 28363.9808
2.8000 8 26539.45856
2.9000 8 21317.55008
3.0000 8 27839.6928
3.1000 8 28961.66912
3.2000 8 23551.01696
3.3000 8 25773.99808
3.4000 8 27074.23232
3.5000 8 20153.63072
3.6000 8 28028.43648
3.7000 8 23991.41888
3.8000 8 26979.86048
3.9000 8 21160.26368
4.0000 8 28615.63904
4.1000 8 27451.71968
4.2000 8 29538.38592
4.3000 8 27556.57728
4.4000 8 27409.77664
4.5000 8 27021.80352
4.6000 8 24222.1056
4.7000 8 23959.9616
4.8000 8 25868.36992
4.9000 8 24599.59296
5.0000 8 31142.7072
5.1000 8 26759.65952
5.2000 8 30335.30368
5.3000 8 27955.03616
5.4000 8 27032.28928
5.5000 8 27724.34944
5.6000 8 26528.9728
5.7000 8 27850.17856
5.8000 8 22890.41408
5.9000 8 28227.66592
6.0000 8 23655.87456
6.1000 8 26361.20064
6.2000 8 30178.01728
6.3000 8 23079.15776
6.4000 8 19209.91232
6.5000 8 27210.5472
6.6000 8 19031.6544
6.7000 8 21202.20672
6.8000 8 27556.57728
6.9000 8 21160.26368
7.0000 8 25207.76704
7.1000 8 28437.38112
7.2000 8 28007.46496
7.3000 8 26203.91424
7.4000 8 31237.07904
7.5000 8 29381.09952
7.6000 8 22775.07072
7.7000 8 29811.01568
7.8000 8 24473.76384
7.9000 8 19084.0832
8.0000 8 31520.19456
8.1000 8 26025.65632
8.2000 8 26958.88896
8.3000 8 29548.87168
8.4000 8 26099.05664
8.5000 8 21380.46464
8.6000 8 21820.86656
8.7000 8 26560.43008
8.8000 8 25333.59616
8.9000 8 25134.36672
9.0000 8 28510.78144
9.1000 8 26508.00128
9.2000 8 25270.6816
9.3000 8 31436.30848
9.4000 8 25711.08352
9.5000 8 29695.67232
9.6000 8 24819.79392
9.7000 8 20415.77472
9.8000 8 27724.34944
9.9000 8 25753.02656
10.0000 8 25658.65472
10.1000 8 30849.10592
10.2000 8 26644.31616
10.3000 8 28730.9824
10.4000 8 25700.59776
10.5000 8 25365.05344
10.6000 8 27556.57728
10.7000 8 23561.50272
10.8000 8 14124.31872
10.9000 8 27881.63584
11.0000 8 28080.86528
11.1000 8 26979.86048
11.2000 8 29412.5568
11.3000 8 27158.1184
11.4000 8 30209.47456
11.5000 8 29527.90016
11.6000 8 29391.58528
11.7000 8 26508.00128
11.8000 8 27063.74656
11.9000 8 28825.35424
12.0000 8 23267.90144
12.1000 8 28133.29408
12.2000 8 30377.24672
12.3000 8 11639.1936
12.4000 8 26161.9712
12.5000 8 22009.61024
12.6000 8 24672.99328
12.7000 8 24211.61984
12.8000 8 29045.5552
12.9000 8 27367.8336
13.0000 8 25029.50912
13.1000 8 27976.00768
13.2000 8 25239.22432
13.3000 8 29024.58368
13.4000 8 28741.46816
13.5000 8 21590.17984
13.6000 8 26633.8304
13.7000 8 27200.06144
13.8000 8 20436.74624
13.9000 8 18622.70976
14.0000 8 26948.4032
14.1000 8 27577.5488
14.2000 8 24987.56608
14.3000 8 25060.9664
14.4000 8 24756.87936
14.5000 8 28458.35264
14.6000 8 26549.94432
14.7000 8 26518.48704
14.8000 8 29234.29888
14.9000 8 27074.23232
15.0000 8 29873.93024
15.1000 8 28804.38272
15.2000 8 25333.59616
15.3000 8 27357.34784
15.4000 8 29318.18496
15.5000 8 26623.34464
15.6000 8 27147.63264
15.7000 8 20615.00416
15.8000 8 27787.264
15.9000 8 26256.34304
16.0000 8 24924.65152
16.1000 8 27955.03616
16.2000 8 24840.76544
16.3000 8 29716.64384
16.4000 8 26350.71488
16.5000 8 19660.8
16.6000 8 29234.29888
16.7000 8 27787.264
16.8000 8 26403.14368
16.9000 8 27200.06144
17.0000 8 26497.51552
17.1000 8 27116.17536
17.2000 8 27692.89216
17.3000 8 28678.5536
17.4000 8 23907.5328
17.5000 8 28993.1264
17.6000 8 27535.60576
17.7000 8 24662.50752
17.8000 8 27986.49344
17.9000 8 24201.13408
18.0000 8 26822.57408
18.1000 8 26958.88896
18.2000 8 21674.06592
18.3000 8 23163.04384
18.4000 8 28154.2656
18.5000 8 24693.9648
18.6000 8 24788.33664
18.7000 8 28238.15168
18.8000 8 24798.8224
18.9000 8 28584.18176
19.0000 8 28510.78144
19.1000 8 25427.968
19.2000 8 30482.10432
19.3000 8 25386.02496
19.4000 8 26487.02976
19.5000 8 31289.50784
19.6000 8 24358.42048
19.7000 8 31698.45248
19.8000 8 25857.88416
19.9000 8 26392.65792
20.0000 8 26602.37312
20.1000 8 24977.08032
20.2000 8 25952.256
20.3000 8 26487.02976
20.4000 8 26413.62944
20.5000 8 23897.04704
20.6000 8 27273.46176
20.7000 8 28017.95072
20.8000 8 18727.56736
20.9000 8 26015.17056
21.0000 8 23938.99008
21.1000 8 24924.65152
21.2000 8 26445.08672
21.3000 8 23729.27488
21.4000 8 25857.88416
21.5000 8 22628.27008
21.6000 8 23341.30176
21.7000 8 25732.05504
21.8000 8 27084.71808
21.9000 8 20447.232
22.0000 8 24148.70528
22.1000 8 26424.1152
22.2000 8 25648.16896
22.3000 8 28500.29568
22.4000 8 25333.59616
22.5000 8 28647.09632
22.6000 8 27860.66432
22.7000 8 28363.9808
22.8000 8 28405.92384
22.9000 8 28972.15488
23.0000 8 24704.45056
23.1000 8 26287.80032
23.2000 8 26612.85888
23.3000 8 24819.79392
23.4000 8 28080.86528
23.5000 8 27860.66432
23.6000 8 27430.74816
23.7000 8 26895.9744
23.8000 8 29779.5584
23.9000 8 24243.07712
24.0000 8 29790.04416
24.1000 8 28007.46496
24.2000 8 25794.9696
24.3000 8 29559.35744
24.4000 8 29024.58368
24.5000 8 24882.70848
24.6000 8 30670.848
24.7000 8 27923.57888
24.8000 8 29569.8432
24.9000 8 26193.42848
25.0000 8 30964.44928
25.1000 8 30303.8464
25.2000 8 29842.47296
25.3000 8 28154.2656
25.4000 8 26979.86048
25.5000 8 27032.28928
25.6000 8 23991.41888
25.7000 8 27032.28928
25.8000 8 23068.672
25.9000 8 27000.832
26.0000 8 24620.56448
26.1000 8 29255.2704
26.2000 8 30744.24832
26.3000 8 24347.93472
26.4000 8 28101.8368
26.5000 8 28196.20864
26.6000 8 26287.80032
26.7000 8 26224.88576
26.8000 8 28835.84
26.9000 8 28332.52352
27.0000 8 23739.76064
27.1000 8 27430.74816
27.2000 8 30261.90336
27.3000 8 23571.98848
27.4000 8 28217.18016
27.5000 8 25574.76864
27.6000 8 28479.32416
27.7000 8 26895.9744
27.8000 8 22533.89824
27.9000 8 28269.60896
28.0000 8 23100.12928
28.1000 8 26801.60256
28.2000 8 23131.58656
28.3000 8 28217.18016
28.4000 8 27168.60416
28.5000 8 27200.06144
28.6000 8 24022.87616
28.7000 8 26224.88576
28.8000 8 26256.34304
28.9000 8 21716.00896
29.0000 8 26864.51712
29.1000 8 26392.65792
29.2000 8 23435.6736
29.3000 8 25438.45376
29.4000 8 27116.17536
29.5000 8 26560.43008
29.6000 8 24379.392
29.7000 8 27221.03296
29.8000 8 27168.60416
29.9000 8 24159.19104
30.0000 8 25448.93952
30.1000 8 23886.56128
30.2000 8 28217.18016
30.3000 8 21757.952
30.4000 8 26340.22912
30.5000 8 26812.08832
30.6000 8 24830.27968
30.7000 8 25333.59616
30.8000 8 26361.20064
30.9000 8 24662.50752
31.0000 8 24746.3936
31.1000 8 25406.99648
31.2000 8 24347.93472
31.3000 8 25553.79712
31.4000 8 25186.79552
31.5000 8 26812.08832
31.6000 8 27640.46336
31.7000 8 18182.30784
31.8000 8 22743.61344
31.9000 8 27430.74816
32.0000 8 20206.05952
32.1000 8 18308.13696
32.2000 8 9353.29792
