0.1000 8 0.0
0.2000 8 26329.74336
0.3000 8 30597.44768
0.4000 8 12425.6256
0.5000 8 17846.76352
0.6000 8 25417.48224
0.7000 8 22796.04224
0.8000 8 18182.30784
0.9000 8 20709.376
1.0000 8 24641.536
1.1000 8 26801.60256
1.2000 8 22072.5248
1.3000 8 25144.85248
1.4000 8 29947.33056
1.5000 8 22229.8112
1.6000 8 29150.4128
1.7000 8 26057.1136
1.8000 8 25365.05344
1.9000 8 26057.1136
2.0000 8 28091.35104
2.1000 8 27126.66112
2.2000 8 27860.66432
2.3000 8 23991.41888
2.4000 8 25260.19584
2.5000 8 30912.02048
2.6000 8 28007.46496
2.7000 8 28164.75136
2.8000 8 25186.79552
2.9000 8 26895.9744
3.0000 8 25490.88256
3.1000 8 29444.01408
3.2000 8 23949.47584
3.3000 8 25616.71168
3.4000 8 27766.29248
3.5000 8 24085.79072
3.6000 8 30073.15968
3.7000 8 25742.5408
3.8000 8 28668.06784
3.9000 8 29024.58368
4.0000 8 24127.73376
4.1000 8 28521.2672
4.2000 8 30209.47456
4.3000 8 21086.86336
4.4000 8 29727.1296
4.5000 8 29223.81312
4.6000 8 27598.52032
4.7000 8 22754.0992
4.8000 8 26476.544
4.9000 8 24872.22272
5.0000 8 22083.01056
5.1000 8 24547.16416
5.2000 8 28269.60896
5.3000 8 21883.78112
5.4000 8 27629.9776
5.5000 8 26067.59936
5.6000 8 23949.47584
5.7000 8 25406.99648
5.8000 8 26675.77344
5.9000 8 27357.34784
6.0000 8 26277.31456
6.1000 8 27000.832
6.2000 8 28898.75456
6.3000 8 21380.46464
6.4000 8 25732.05504
6.5000 8 29213.32736
6.6000 8 23655.87456
6.7000 8 29538.38592
6.8000 8 27168.60416
6.9000 8 24798.8224
7.0000 8 27273.46176
7.1000 8 28563.21024
7.2000 8 28636.61056
7.3000 8 22638.75584
7.4000 8 29569.8432
7.5000 8 26287.80032
7.6000 8 29433.52832
7.7000 8 25344.08192
7.8000 8 26728.20224
7.9000 8 29097.984
8.0000 8 27713.86368
8.1000 8 27147.63264
8.2000 8 28563.21024
8.3000 8 27829.20704
8.4000 8 25962.74176
8.5000 8 28563.21024
8.6000 8 31142.7072
8.7000 8 19178.45504
8.8000 8 30356.2752
8.9000 8 27409.77664
9.0000 8 23016.2432
9.1000 8 25574.76864
9.2000 8 26078.08512
9.3000 8 24106.76224
9.4000 8 25878.85568
9.5000 8 27063.74656
9.6000 8 26466.05824
9.7000 8 28185.72288
9.8000 8 25721.56928
9.9000 8 27095.20384
10.0000 8 23204.98688
10.1000 8 29800.52992
10.2000 8 23708.30336
10.3000 8 29779.5584
10.4000 8 28636.61056
10.5000 8 25134.36672
10.6000 8 29328.67072
10.7000 8 27640.46336
10.8000 8 27126.66112
10.9000 8 25197.28128
11.0000 8 23110.61504
11.1000 8 26581.4016
11.2000 8 28322.03776
11.3000 8 24998.05184
11.4000 8 28164.75136
11.5000 8 28395.43808
11.6000 8 24494.73536
11.7000 8 27032.28928
11.8000 8 29077.01248
11.9000 8 21149.77792
12.0000 8 28898.75456
12.1000 8 26916.94592
12.2000 8 26120.02816
12.3000 8 23718.78912
12.4000 8 29244.78464
12.5000 8 27556.57728
12.6000 8 18339.59424
12.7000 8 28384.95232
12.8000 8 24421.33504
12.9000 8 21600.6656
13.0000 8 29003.61216
13.1000 8 27755.80672
13.2000 8 24788.33664
13.3000 8 29947.33056
13.4000 8 27860.66432
13.5000 8 29947.33056
13.6000 8 27126.66112
13.7000 8 24379.392
13.8000 8 29412.5568
13.9000 8 22156.41088
14.0000 8 30010.24512
14.1000 8 25071.45216
14.2000 8 27032.28928
14.3000 8 28594.66752
14.4000 8 24924.65152
14.5000 8 25176.30976
14.6000 8 27262.976
14.7000 8 25973.22752
14.8000 8 25365.05344
14.9000 8 27168.60416
15.0000 8 26654.80192
15.1000 8 23530.04544
15.2000 8 29884.416
15.3000 8 22764.58496
15.4000 8 23267.90144
15.5000 8 26424.1152
15.6000 8 26319.2576
15.7000 8 28552.72448
15.8000 8 24473.76384
15.9000 8 30450.64704
16.0000 8 22512.92672
16.1000 8 29234.29888
16.2000 8 28489.80992
16.3000 8 27063.74656
16.4000 8 26864.51712
16.5000 8 25868.36992
16.6000 8 29108.46976
16.7000 8 29884.416
16.8000 8 28290.58048
16.9000 8 26623.34464
17.0000 8 30261.90336
17.1000 8 25406.99648
17.2000 8 28290.58048
17.3000 8 31331.45088
17.4000 8 21957.18144
17.5000 8 28699.52512
17.6000 8 31237.07904
17.7000 8 24421.33504
17.8000 8 30796.67712
17.9000 8 25910.31296
18.0000 8 30115.10272
18.1000 8 28909.24032
18.2000 8 30345.78944
18.3000 8 24180.16256
18.4000 8 32054.96832
18.5000 8 26707.23072
18.6000 8 28343.00928
18.7000 8 26266.8288
18.8000 8 27430.74816
18.9000 8 24746.3936
19.0000 8 27032.28928
19.1000 8 27420.2624
19.2000 8 28647.09632
19.3000 8 17070.81728
19.4000 8 24725.42208
19.5000 8 24924.65152
19.6000 8 24274.5344
19.7000 8 27262.976
19.8000 8 26245.85728
19.9000 8 26885.48864
20.0000 8 27304.91904
20.1000 8 26644.31616
20.2000 8 26969.37472
20.3000 8 23844.61824
20.4000 8 25606.22592
20.5000 8 23446.15936
20.6000 8 27661.43488
20.7000 8 26591.88736
20.8000 8 21401.43616
20.9000 8 30314.33216
21.0000 8 28353.49504
21.1000 8 19178.45504
21.2000 8 26728.20224
21.3000 8 26528.9728
21.4000 8 25857.88416
21.5000 8 24641.536
21.6000 8 22785.55648
21.7000 8 28437.38112
21.8000 8 22596.8128
21.9000 8 25134.36672
22.0000 8 26623.34464
22.1000 8 27850.17856
22.2000 8 24159.19104
22.3000 8 26958.88896
22.4000 8 28017.95072
22.5000 8 26591.88736
22.6000 8 28951.18336
22.7000 8 29087.49824
22.8000 8 26927.43168
22.9000 8 31446.79424
23.0000 8 28542.23872
23.1000 8 27315.4048
23.2000 8 29800.52992
23.3000 8 27441.23392
23.4000 8 27787.264
23.5000 8 26948.4032
23.6000 8 25564.28288
23.7000 8 29339.15648
23.8000 8 27797.74976
23.9000 8 26979.86048
24.0000 8 26266.8288
24.1000 8 29800.52992
24.2000 8 27420.2624
24.3000 8 30209.47456
24.4000 8 22313.69728
24.5000 8 24138.21952
24.6000 8 28668.06784
24.7000 8 20017.31584
24.8000 8 26948.4032
24.9000 8 29779.5584
25.0000 8 26151.48544
25.1000 8 28772.92544
25.2000 8 28437.38112
25.3000 8 28059.89376
25.4000 8 26025.65632
25.5000 8 27787.264
25.6000 8 28343.00928
25.7000 8 30471.61856
25.8000 8 29496.44288
25.9000 8 29160.89856
26.0000 8 25732.05504
26.1000 8 27640.46336
26.2000 8 27598.52032
26.3000 8 26172.45696
26.4000 8 26109.5424
26.5000 8 27629.9776
26.6000 8 27262.976
26.7000 8 24589.1072
26.8000 8 28049.408
26.9000 8 25511.85408
27.0000 8 26067.59936
27.1000 8 25239.22432
27.2000 8 25092.42368
27.3000 8 27472.6912
27.4000 8 25616.71168
27.5000 8 29014.09792
27.6000 8 24180.16256
27.7000 8 25721.56928
27.8000 8 28751.95392
27.9000 8 27200.06144
28.0000 8 29852.95872
28.1000 8 29108.46976
28.2000 8 28762.43968
28.3000 8 28751.95392
28.4000 8 25228.73856
28.5000 8 27011.31776
28.6000 8 26371.6864
28.7000 8 28678.5536
28.8000 8 26780.63104
28.9000 8 29035.06944
29.0000 8 29139.92704
29.1000 8 26151.48544
29.2000 8 29444.01408
29.3000 8 29150.4128
29.4000 8 27430.74816
29.5000 8 29632.75776
29.6000 8 26193.42848
29.7000 8 29831.9872
29.8000 8 27797.74976
29.9000 8 27514.63424
30.0000 8 28363.9808
30.1000 8 27671.92064
30.2000 8 28384.95232
30.3000 8 29077.01248
30.4000 8 24505.22112
30.5000 8 30062.67392
30.6000 8 25637.6832
30.7000 8 28909.24032
30.8000 8 29066.52672
30.9000 8 28112.32256
31.0000 8 28206.6944
31.1000 8 23173.5296
31.2000 8 30041.7024
31.3000 8 20772.29056
31.4000 8 21936.20992
31.5000 8 16284.38528
31.6000 8 83.88608
