0.1000 8 0.0
0.2000 8 27346.86208
0.3000 8 29894.90176
0.4000 8 19126.02624
0.5000 8 26822.57408
0.6000 8 26875.00288
0.7000 8 25763.51232
0.8000 8 24882.70848
0.9000 8 28217.18016
1.0000 8 24819.79392
1.1000 8 25134.36672
1.2000 8 22900.89984
1.3000 8 24389.87776
1.4000 8 23666.36032
1.5000 8 29926.35904
1.6000 8 23959.9616
1.7000 8 28269.60896
1.8000 8 26958.88896
1.9000 8 29328.67072
2.0000 8 28751.95392
2.1000 8 28594.66752
2.2000 8 28458.35264
2.3000 8 23980.93312
2.4000 8 28217.18016
2.5000 8 20940.06272
2.6000 8 22355.64032
2.7000 8 27839.6928
2.8000 8 24631.05024
2.9000 8 24672.99328
3.0000 8 24798.8224
3.1000 8 27755.80672
3.2000 8 29160.89856
3.3000 8 24830.27968
3.4000 8 28888.2688
3.5000 8 22596.8128
3.6000 8 27168.60416
3.7000 8 22879.92832
3.8000 8 24515.70688
3.9000 8 29045.5552
4.0000 8 24631.05024
4.1000 8 22848.47104
4.2000 8 27095.20384
4.3000 8 23435.6736
4.4000 8 26497.51552
4.5000 8 25973.22752
4.6000 8 28678.5536
4.7000 8 27860.66432
4.8000 8 21233.664
4.9000 8 28689.03936
5.0000 8 25092.42368
5.1000 8 27116.17536
5.2000 8 26560.43008
5.3000 8 28154.2656
5.4000 8 27619.49184
5.5000 8 26854.03136
5.6000 8 27336.37632
5.7000 8 27179.08992
5.8000 8 29286.72768
5.9000 8 25270.6816
6.0000 8 25344.08192
6.1000 8 25417.48224
6.2000 8 25574.76864
6.3000 8 23005.75744
6.4000 8 25092.42368
6.5000 8 28447.86688
6.6000 8 23949.47584
6.7000 8 23592.96
6.8000 8 27315.4048
6.9000 8 24211.61984
7.0000 8 28668.06784
7.1000 8 22932.35712
7.2000 8 29884.416
7.3000 8 25323.1104
7.4000 8 24840.76544
7.5000 8 28489.80992
7.6000 8 25753.02656
7.7000 8 24442.30656
7.8000 8 26067.59936
7.9000 8 27011.31776
8.0000 8 25354.56768
8.1000 8 26214.4
8.2000 8 23897.04704
8.3000 8 27745.32096
8.4000 8 21265.12128
8.5000 8 28626.1248
8.6000 8 24987.56608
8.7000 8 27294.43328
8.8000 8 29968.30208
8.9000 8 28552.72448
9.0000 8 22743.61344
9.1000 8 28605.15328
9.2000 8 25270.6816
9.3000 8 24285.02016
9.4000 8 23341.30176
9.5000 8 26560.43008
9.6000 8 26696.74496
9.7000 8 25711.08352
9.8000 8 24830.27968
9.9000 8 28720.49664
10.0000 8 27126.66112
10.1000 8 23058.18624
10.2000 8 27787.264
10.3000 8 25207.76704
10.4000 8 25543.31136
10.5000 8 25102.90944
10.6000 8 25585.2544
10.7000 8 24442.30656
10.8000 8 27818.72128
10.9000 8 23928.50432
11.0000 8 28343.00928
11.1000 8 26623.34464
11.2000 8 27200.06144
11.3000 8 26560.43008
11.4000 8 27734.8352
11.5000 8 27032.28928
11.6000 8 29548.87168
11.7000 8 25637.6832
11.8000 8 27986.49344
11.9000 8 28730.9824
12.0000 8 21988.63872
12.1000 8 26182.94272
12.2000 8 28133.29408
12.3000 8 24851.2512
12.4000 8 24347.93472
12.5000 8 29066.52672
12.6000 8 22827.49952
12.7000 8 26413.62944
12.8000 8 25165.824
12.9000 8 27703.37792
13.0000 8 29423.04256
13.1000 8 19797.11488
13.2000 8 28668.06784
13.3000 8 26717.71648
13.4000 8 21684.55168
13.5000 8 31845.25312
13.6000 8 22911.3856
13.7000 8 27462.20544
13.8000 8 23907.5328
13.9000 8 25291.65312
14.0000 8 27346.86208
14.1000 8 25396.51072
14.2000 8 26445.08672
14.3000 8 26057.1136
14.4000 8 25941.77024
14.5000 8 26528.9728
14.6000 8 29024.58368
14.7000 8 19839.05792
14.8000 8 27619.49184
14.9000 8 27650.94912
15.0000 8 23467.13088
15.1000 8 28783.4112
15.2000 8 27042.77504
15.3000 8 27126.66112
15.4000 8 22817.01376
15.5000 8 26728.20224
15.6000 8 25574.76864
15.7000 8 26843.5456
15.8000 8 28594.66752
15.9000 8 25123.88096
16.0000 8 23173.5296
16.1000 8 24767.36512
16.2000 8 23509.07392
16.3000 8 20625.48992
16.4000 8 26675.77344
16.5000 8 23393.73056
16.6000 8 26140.99968
16.7000 8 28028.43648
16.8000 8 26277.31456
16.9000 8 28290.58048
17.0000 8 22240.29696
17.1000 8 21915.2384
17.2000 8 24924.65152
17.3000 8 22900.89984
17.4000 8 26466.05824
17.5000 8 28154.2656
17.6000 8 27367.8336
17.7000 8 26916.94592
17.8000 8 26801.60256
17.9000 8 25952.256
18.0000 8 25396.51072
18.1000 8 25994.19904
18.2000 8 24809.30816
18.3000 8 25606.22592
18.4000 8 28290.58048
18.5000 8 26235.37152
18.6000 8 24652.02176
18.7000 8 25690.112
18.8000 8 23372.75904
18.9000 8 26130.51392
19.0000 8 25564.28288
19.1000 8 25574.76864
19.2000 8 24578.62144
19.3000 8 24840.76544
19.4000 8 27252.49024
19.5000 8 25071.45216
19.6000 8 25396.51072
19.7000 8 27179.08992
19.8000 8 25711.08352
19.9000 8 24840.76544
20.0000 8 21999.12448
20.1000 8 27158.1184
20.2000 8 26570.91584
20.3000 8 26277.31456
20.4000 8 28710.01088
20.5000 8 24442.30656
20.6000 8 21988.63872
20.7000 8 25406.99648
20.8000 8 26906.46016
20.9000 8 27976.00768
21.0000 8 24222.1056
21.1000 8 28185.72288
21.2000 8 27766.29248
21.3000 8 27126.66112
21.4000 8 29077.01248
21.5000 8 29192.35584
21.6000 8 25501.36832
21.7000 8 24746.3936
21.8000 8 29905.38752
21.9000 8 25815.94112
22.0000 8 27273.46176
22.1000 8 28311.552
22.2000 8 26277.31456
22.3000 8 27273.46176
22.4000 8 28437.38112
22.5000 8 26654.80192
22.6000 8 27514.63424
22.7000 8 27577.5488
22.8000 8 27032.28928
22.9000 8 24599.59296
23.0000 8 25868.36992
23.1000 8 24725.42208
23.2000 8 24190.64832
23.3000 8 26057.1136
23.4000 8 22303.21152
23.5000 8 23068.672
23.6000 8 27483.17696
23.7000 8 21621.63712
23.8000 8 24410.84928
23.9000 8 28322.03776
24.0000 8 19933.42976
24.1000 8 26403.14368
24.2000 8 26466.05824
24.3000 8 21915.2384
24.4000 8 27724.34944
24.5000 8 25165.824
24.6000 8 22135.43936
24.7000 8 27042.77504
24.8000 8 25344.08192
24.9000 8 24243.07712
25.0000 8 27619.49184
25.1000 8 24547.16416
25.2000 8 24914.16576
25.3000 8 26539.45856
25.4000 8 23592.96
25.5000 8 25994.19904
25.6000 8 26340.22912
25.7000 8 22617.78432
25.8000 8 27074.23232
25.9000 8 25721.56928
26.0000 8 18664.6528
26.1000 8 26906.46016
26.2000 8 24641.536
26.3000 8 23446.15936
26.4000 8 26046.62784
26.5000 8 25365.05344
26.6000 8 20751.31904
26.7000 8 25134.36672
26.8000 8 25207.76704
26.9000 8 24987.56608
27.0000 8 26256.34304
27.1000 8 25365.05344
27.2000 8 25501.36832
27.3000 8 22366.12608
27.4000 8 24211.61984
27.5000 8 26791.1168
27.6000 8 23257.41568
27.7000 8 23697.8176
27.8000 8 26854.03136
27.9000 8 23225.9584
28.0000 8 27546.09152
28.1000 8 26392.65792
28.2000 8 25794.9696
28.3000 8 25711.08352
28.4000 8 22691.18464
28.5000 8 26801.60256
28.6000 8 25123.88096
28.7000 8 22628.27008
28.8000 8 26403.14368
28.9000 8 25553.79712
29.0000 8 18874.368
29.1000 8 26937.91744
29.2000 8 26780.63104
29.3000 8 24085.79072
29.4000 8 26151.48544
29.5000 8 25081.93792
29.6000 8 28028.43648
29.7000 8 26214.4
29.8000 8 26308.77184
29.9000 8 23624.41728
30.0000 8 28164.75136
30.1000 8 29674.7008
30.2000 8 24484.2496
30.3000 8 27399.29088
30.4000 8 26728.20224
30.5000 8 24264.04864
30.6000 8 27021.80352
30.7000 8 24054.33344
30.8000 8 23938.99008
30.9000 8 21778.92352
31.0000 8 23655.87456
31.1000 8 23729.27488
31.2000 8 28353.49504
31.3000 8 26088.57088
31.4000 8 28668.06784
31.5000 8 25931.28448
31.6000 8 26780.63104
31.7000 8 24368.90624
31.8000 8 22984.78592
31.9000 8 23697.8176
32.0000 8 25281.16736
32.1000 8 21600.6656
32.2000 8 28280.09472
32.3000 8 27934.06464
32.4000 8 24222.1056
32.5000 8 20719.86176
32.6000 8 16536.04352
32.7000 8 2243.95264
