0.1000 8 0.0
0.2000 8 26245.85728
0.3000 8 29234.29888
0.4000 8 13128.17152
0.5000 8 20719.86176
0.6000 8 23267.90144
0.7000 8 24893.19424
0.8000 8 19493.02784
0.9000 8 21254.63552
1.0000 8 23865.58976
1.1000 8 20489.17504
1.2000 8 21223.17824
1.3000 8 23278.3872
1.4000 8 22512.92672
1.5000 8 21820.86656
1.6000 8 26193.42848
1.7000 8 24484.2496
1.8000 8 26665.28768
1.9000 8 24998.05184
2.0000 8 29045.5552
2.1000 8 23393.73056
2.2000 8 26319.2576
2.3000 8 26602.37312
2.4000 8 29202.8416
2.5000 8 25889.34144
2.6000 8 25522.33984
2.7000 8 25249.71008
2.8000 8 27818.72128
2.9000 8 23068.672
3.0000 8 25029.50912
3.1000 8 31216.10752
3.2000 8 26015.17056
3.3000 8 31268.53632
3.4000 8 29024.58368
3.5000 8 28961.66912
3.6000 8 24725.42208
3.7000 8 28898.75456
3.8000 8 29485.95712
3.9000 8 31258.05056
4.0000 8 25669.14048
4.1000 8 26969.37472
4.2000 8 28657.58208
4.3000 8 24924.65152
4.4000 8 27116.17536
4.5000 8 26256.34304
4.6000 8 27283.94752
4.7000 8 26224.88576
4.8000 8 23897.04704
4.9000 8 29831.9872
5.0000 8 22596.8128
5.1000 8 26466.05824
5.2000 8 24788.33664
5.3000 8 23760.73216
5.4000 8 26392.65792
5.5000 8 29716.64384
5.6000 8 23813.16096
5.7000 8 26665.28768
5.8000 8 25658.65472
5.9000 8 25773.99808
6.0000 8 25994.19904
6.1000 8 25973.22752
6.2000 8 28458.35264
6.3000 8 31184.65024
6.4000 8 20531.11808
6.5000 8 30807.16288
6.6000 8 27787.264
6.7000 8 26266.8288
6.8000 8 27535.60576
6.9000 8 23876.07552
7.0000 8 22429.04064
7.1000 8 30041.7024
7.2000 8 24337.44896
7.3000 8 28059.89376
7.4000 8 27483.17696
7.5000 8 24746.3936
7.6000 8 26067.59936
7.7000 8 27084.71808
7.8000 8 30062.67392
7.9000 8 28867.29728
8.0000 8 29926.35904
8.1000 8 31782.33856
8.2000 8 25396.51072
8.3000 8 26308.77184
8.4000 8 27074.23232
8.5000 8 21359.49312
8.6000 8 26958.88896
8.7000 8 26833.05984
8.8000 8 25008.5376
8.9000 8 26329.74336
9.0000 8 28426.89536
9.1000 8 26937.91744
9.2000 8 19094.56896
9.3000 8 26916.94592
9.4000 8 28238.15168
9.5000 8 25060.9664
9.6000 8 29097.984
9.7000 8 26455.57248
9.8000 8 25669.14048
9.9000 8 26602.37312
10.0000 8 29464.9856
10.1000 8 24788.33664
10.2000 8 26979.86048
10.3000 8 28720.49664
10.4000 8 21086.86336
10.5000 8 27294.43328
10.6000 8 28930.21184
10.7000 8 22764.58496
10.8000 8 29475.47136
10.9000 8 28206.6944
11.0000 8 28573.696
11.1000 8 27399.29088
11.2000 8 23980.93312
11.3000 8 25616.71168
11.4000 8 28416.4096
11.5000 8 28259.1232
11.6000 8 26340.22912
11.7000 8 25344.08192
11.8000 8 24767.36512
11.9000 8 26560.43008
12.0000 8 28185.72288
12.1000 8 25543.31136
12.2000 8 28091.35104
12.3000 8 28626.1248
12.4000 8 22963.8144
12.5000 8 25427.968
12.6000 8 25627.19744
12.7000 8 29181.87008
12.8000 8 29831.9872
12.9000 8 23540.5312
13.0000 8 31656.50944
13.1000 8 26738.688
13.2000 8 26644.31616
13.3000 8 30953.96352
13.4000 8 23456.64512
13.5000 8 27483.17696
13.6000 8 28626.1248
13.7000 8 27315.4048
13.8000 8 25228.73856
13.9000 8 29349.64224
14.0000 8 22607.29856
14.1000 8 25910.31296
14.2000 8 29569.8432
14.3000 8 29297.21344
14.4000 8 27619.49184
14.5000 8 31541.16608
14.6000 8 22292.72576
14.7000 8 29643.24352
14.8000 8 24054.33344
14.9000 8 29622.272
15.0000 8 27336.37632
15.1000 8 22397.58336
15.2000 8 29643.24352
15.3000 8 25920.79872
15.4000 8 27262.976
15.5000 8 26528.9728
15.6000 8 26350.71488
15.7000 8 27399.29088
15.8000 8 24956.1088
15.9000 8 26497.51552
16.0000 8 25448.93952
16.1000 8 25637.6832
16.2000 8 26948.4032
16.3000 8 27609.00608
16.4000 8 27703.37792
16.5000 8 27200.06144
16.6000 8 24431.8208
16.7000 8 26958.88896
16.8000 8 27923.57888
16.9000 8 22942.84288
17.0000 8 26822.57408
17.1000 8 29349.64224
17.2000 8 29664.21504
17.3000 8 24117.248
17.4000 8 27776.77824
17.5000 8 27567.06304
17.6000 8 24043.84768
17.7000 8 26476.544
17.8000 8 26497.51552
17.9000 8 27032.28928
18.0000 8 22565.35552
18.1000 8 28196.20864
18.2000 8 25637.6832
18.3000 8 25669.14048
18.4000 8 21653.0944
18.5000 8 25123.88096
18.6000 8 23949.47584
18.7000 8 25354.56768
18.8000 8 27650.94912
18.9000 8 23194.50112
19.0000 8 28689.03936
19.1000 8 25333.59616
19.2000 8 26927.43168
19.3000 8 25480.3968
19.4000 8 26497.51552
19.5000 8 27493.66272
19.6000 8 22921.87136
19.7000 8 21212.69248
19.8000 8 28363.9808
19.9000 8 24914.16576
20.0000 8 31268.53632
20.1000 8 27242.00448
20.2000 8 25165.824
20.3000 8 26696.74496
20.4000 8 31216.10752
20.5000 8 23414.70208
20.6000 8 23068.672
20.7000 8 26623.34464
20.8000 8 24421.33504
20.9000 8 26434.60096
21.0000 8 24977.08032
21.1000 8 23813.16096
21.2000 8 23918.01856
21.3000 8 23068.672
21.4000 8 25931.28448
21.5000 8 27745.32096
21.6000 8 23886.56128
21.7000 8 26308.77184
21.8000 8 28689.03936
21.9000 8 28363.9808
22.0000 8 25574.76864
22.1000 8 29349.64224
22.2000 8 25753.02656
22.3000 8 29758.58688
22.4000 8 28269.60896
22.5000 8 26172.45696
22.6000 8 27399.29088
22.7000 8 27829.20704
22.8000 8 27976.00768
22.9000 8 27598.52032
23.0000 8 30985.4208
23.1000 8 23079.15776
23.2000 8 31100.76416
23.3000 8 26120.02816
23.4000 8 27955.03616
23.5000 8 29160.89856
23.6000 8 30471.61856
23.7000 8 25312.62464
23.8000 8 28961.66912
23.9000 8 24861.73696
24.0000 8 27818.72128
24.1000 8 27126.66112
24.2000 8 22722.64192
24.3000 8 27629.9776
24.4000 8 28269.60896
24.5000 8 24452.79232
24.6000 8 23246.92992
24.7000 8 27231.51872
24.8000 8 27189.57568
24.9000 8 24672.99328
25.0000 8 26245.85728
25.1000 8 24840.76544
25.2000 8 24872.22272
25.3000 8 28552.72448
25.4000 8 22890.41408
25.5000 8 26539.45856
25.6000 8 26958.88896
25.7000 8 25176.30976
25.8000 8 29077.01248
25.9000 8 24914.16576
26.0000 8 27766.29248
26.1000 8 26780.63104
26.2000 8 27609.00608
26.3000 8 29622.272
26.4000 8 25721.56928
26.5000 8 29674.7008
26.6000 8 28238.15168
26.7000 8 26172.45696
26.8000 8 25574.76864
26.9000 8 29496.44288
27.0000 8 25260.19584
27.1000 8 28856.81152
27.2000 8 28458.35264
27.3000 8 25994.19904
27.4000 8 28112.32256
27.5000 8 27525.12
27.6000 8 28479.32416
27.7000 8 25690.112
27.8000 8 28835.84
27.9000 8 25920.79872
28.0000 8 26916.94592
28.1000 8 22250.78272
28.2000 8 29171.38432
28.3000 8 23184.01536
28.4000 8 25081.93792
28.5000 8 25889.34144
28.6000 8 20688.40448
28.7000 8 29737.61536
28.8000 8 28856.81152
28.9000 8 18203.27936
29.0000 8 29674.7008
29.1000 8 27063.74656
29.2000 8 21653.0944
29.3000 8 29171.38432
29.4000 8 26340.22912
29.5000 8 27116.17536
29.6000 8 29590.81472
29.7000 8 26654.80192
29.8000 8 26497.51552
29.9000 8 29045.5552
30.0000 8 25081.93792
30.1000 8 29139.92704
30.2000 8 24893.19424
30.3000 8 27053.2608
30.4000 8 27273.46176
30.5000 8 26812.08832
30.6000 8 26602.37312
30.7000 8 28751.95392
30.8000 8 22051.55328
30.9000 8 25931.28448
31.0000 8 26916.94592
31.1000 8 22271.75424
31.2000 8 27357.34784
31.3000 8 26298.28608
31.4000 8 21663.58016
31.5000 8 28804.38272
31.6000 8 27273.46176
31.7000 8 22607.29856
31.8000 8 17500.73344
31.9000 8 2831.1552
