0.1000 8 0.0
0.2000 8 27546.09152
0.3000 8 28689.03936
0.4000 8 19671.28576
0.5000 8 30953.96352
0.6000 8 26099.05664
0.7000 8 25186.79552
0.8000 8 29569.8432
0.9000 8 25899.8272
1.0000 8 24693.9648
1.1000 8 30461.1328
1.2000 8 25679.62624
1.3000 8 27640.46336
1.4000 8 28626.1248
1.5000 8 28699.52512
1.6000 8 26539.45856
1.7000 8 24998.05184
1.8000 8 27367.8336
1.9000 8 26508.00128
2.0000 8 27640.46336
2.1000 8 28479.32416
2.2000 8 20940.06272
2.3000 8 31226.59328
2.4000 8 26581.4016
2.5000 8 21653.0944
2.6000 8 30995.90656
2.7000 8 19975.3728
2.8000 8 25878.85568
2.9000 8 29349.64224
3.0000 8 21034.43456
3.1000 8 28594.66752
3.2000 8 27221.03296
3.3000 8 25732.05504
3.4000 8 27273.46176
3.5000 8 25302.13888
3.6000 8 26413.62944
3.7000 8 29580.32896
3.8000 8 25564.28288
3.9000 8 28668.06784
4.0000 8 29318.18496
4.1000 8 26476.544
4.2000 8 28657.58208
4.3000 8 27378.31936
4.4000 8 26245.85728
4.5000 8 27315.4048
4.6000 8 27629.9776
4.7000 8 27629.9776
4.8000 8 25983.71328
4.9000 8 22041.06752
5.0000 8 28363.9808
5.1000 8 24379.392
5.2000 8 28091.35104
5.3000 8 26371.6864
5.4000 8 26466.05824
5.5000 8 27588.03456
5.6000 8 27567.06304
5.7000 8 26822.57408
5.8000 8 26738.688
5.9000 8 26004.6848
6.0000 8 28405.92384
6.1000 8 30146.56
6.2000 8 26057.1136
6.3000 8 28888.2688
6.4000 8 25690.112
6.5000 8 20635.97568
6.6000 8 29014.09792
6.7000 8 26235.37152
6.8000 8 12614.36928
6.9000 8 30324.81792
7.0000 8 27839.6928
7.1000 8 16588.47232
7.2000 8 29045.5552
7.3000 8 25218.2528
7.4000 8 27000.832
7.5000 8 27095.20384
7.6000 8 28919.72608
7.7000 8 27378.31936
7.8000 8 21443.3792
7.9000 8 27074.23232
8.0000 8 24788.33664
8.1000 8 20258.48832
8.2000 8 31446.79424
8.3000 8 24274.5344
8.4000 8 25690.112
8.5000 8 26728.20224
8.6000 8 26738.688
8.7000 8 25889.34144
8.8000 8 26822.57408
8.9000 8 23771.21792
9.0000 8 26843.5456
9.1000 8 27158.1184
9.2000 8 28898.75456
9.3000 8 24620.56448
9.4000 8 27829.20704
9.5000 8 25459.42528
9.6000 8 26675.77344
9.7000 8 23918.01856
9.8000 8 26560.43008
9.9000 8 24956.1088
10.0000 8 28154.2656
10.1000 8 26560.43008
10.2000 8 25564.28288
10.3000 8 28395.43808
10.4000 8 29999.75936
10.5000 8 23582.47424
10.6000 8 29779.5584
10.7000 8 23278.3872
10.8000 8 29276.24192
10.9000 8 28091.35104
11.0000 8 25029.50912
11.1000 8 27850.17856
11.2000 8 28521.2672
11.3000 8 28762.43968
11.4000 8 26539.45856
11.5000 8 25931.28448
11.6000 8 27242.00448
11.7000 8 26004.6848
11.8000 8 25553.79712
11.9000 8 25564.28288
12.0000 8 27483.17696
12.1000 8 24106.76224
12.2000 8 29360.128
12.3000 8 24683.47904
12.4000 8 26172.45696
12.5000 8 27200.06144
12.6000 8 24924.65152
12.7000 8 26539.45856
12.8000 8 29978.78784
12.9000 8 24431.8208
13.0000 8 28290.58048
13.1000 8 21831.35232
13.2000 8 22334.6688
13.3000 8 27388.80512
13.4000 8 26424.1152
13.5000 8 23320.33024
13.6000 8 23697.8176
13.7000 8 27640.46336
13.8000 8 25490.88256
13.9000 8 27923.57888
14.0000 8 21695.03744
14.1000 8 24505.22112
14.2000 8 25868.36992
14.3000 8 26675.77344
14.4000 8 25123.88096
14.5000 8 23257.41568
14.6000 8 27472.6912
14.7000 8 28322.03776
14.8000 8 22963.8144
14.9000 8 27252.49024
15.0000 8 28217.18016
15.1000 8 23005.75744
15.2000 8 26140.99968
15.3000 8 28447.86688
15.4000 8 27493.66272
15.5000 8 29475.47136
15.6000 8 28563.21024
15.7000 8 28647.09632
15.8000 8 22659.72736
15.9000 8 30209.47456
16.0000 8 28101.8368
16.1000 8 23383.2448
16.2000 8 27934.06464
16.3000 8 24809.30816
16.4000 8 22408.06912
16.5000 8 20950.54848
16.6000 8 29139.92704
16.7000 8 22292.72576
16.8000 8 29234.29888
16.9000 8 27640.46336
17.0000 8 25711.08352
17.1000 8 29569.8432
17.2000 8 25543.31136
17.3000 8 24075.30496
17.4000 8 28468.8384
17.5000 8 26916.94592
17.6000 8 26004.6848
17.7000 8 20227.03104
17.8000 8 22921.87136
17.9000 8 24704.45056
18.0000 8 26382.17216
18.1000 8 22041.06752
18.2000 8 20604.5184
18.3000 8 27923.57888
18.4000 8 26099.05664
18.5000 8 24389.87776
18.6000 8 25910.31296
18.7000 8 27472.6912
18.8000 8 23467.13088
18.9000 8 23813.16096
19.0000 8 25595.74016
19.1000 8 24274.5344
19.2000 8 23142.07232
19.3000 8 25029.50912
19.4000 8 24914.16576
19.5000 8 26675.77344
19.6000 8 26675.77344
19.7000 8 27378.31936
19.8000 8 25994.19904
19.9000 8 27787.264
20.0000 8 25344.08192
20.1000 8 28217.18016
20.2000 8 25815.94112
20.3000 8 26025.65632
20.4000 8 24903.68
20.5000 8 26245.85728
20.6000 8 25658.65472
20.7000 8 28206.6944
20.8000 8 29097.984
20.9000 8 25553.79712
21.0000 8 26057.1136
21.1000 8 28783.4112
21.2000 8 23194.50112
21.3000 8 27346.86208
21.4000 8 25679.62624
21.5000 8 28059.89376
21.6000 8 26864.51712
21.7000 8 27158.1184
21.8000 8 29811.01568
21.9000 8 27609.00608
22.0000 8 27671.92064
22.1000 8 28762.43968
22.2000 8 29989.2736
22.3000 8 20143.14496
22.4000 8 31509.7088
22.5000 8 25773.99808
22.6000 8 26654.80192
22.7000 8 26434.60096
22.8000 8 25910.31296
22.9000 8 24358.42048
23.0000 8 27588.03456
23.1000 8 28206.6944
23.2000 8 28164.75136
23.3000 8 29150.4128
23.4000 8 27504.14848
23.5000 8 26822.57408
23.6000 8 24631.05024
23.7000 8 25889.34144
23.8000 8 26413.62944
23.9000 8 22187.86816
24.0000 8 25448.93952
24.1000 8 24998.05184
24.2000 8 26015.17056
24.3000 8 28605.15328
24.4000 8 24054.33344
24.5000 8 27420.2624
24.6000 8 28343.00928
24.7000 8 28049.408
24.8000 8 26843.5456
24.9000 8 28552.72448
25.0000 8 29276.24192
25.1000 8 25333.59616
25.2000 8 28521.2672
25.3000 8 29968.30208
25.4000 8 25291.65312
25.5000 8 29370.61376
25.6000 8 30377.24672
25.7000 8 30272.38912
25.8000 8 30492.59008
25.9000 8 28447.86688
26.0000 8 27577.5488
26.1000 8 28615.63904
26.2000 8 27493.66272
26.3000 8 26130.51392
26.4000 8 28332.52352
26.5000 8 25207.76704
26.6000 8 26340.22912
26.7000 8 27063.74656
26.8000 8 22512.92672
26.9000 8 19922.944
27.0000 8 26120.02816
27.1000 8 23834.13248
27.2000 8 25197.28128
27.3000 8 27084.71808
27.4000 8 23959.9616
27.5000 8 25060.9664
27.6000 8 26508.00128
27.7000 8 22974.30016
27.8000 8 28898.75456
27.9000 8 25176.30976
28.0000 8 26948.4032
28.1000 8 27766.29248
28.2000 8 26895.9744
28.3000 8 27556.57728
28.4000 8 27105.6896
28.5000 8 25962.74176
28.6000 8 29192.35584
28.7000 8 25386.02496
28.8000 8 26350.71488
28.9000 8 23907.5328
29.0000 8 26319.2576
29.1000 8 23634.90304
29.2000 8 24956.1088
29.3000 8 23855.104
29.4000 8 27451.71968
29.5000 8 28804.38272
29.6000 8 18727.56736
29.7000 8 27231.51872
29.8000 8 25386.02496
29.9000 8 23110.61504
30.0000 8 24809.30816
30.1000 8 24893.19424
30.2000 8 23330.816
30.3000 8 26990.34624
30.4000 8 28521.2672
30.5000 8 16462.6432
30.6000 8 25396.51072
30.7000 8 25606.22592
30.8000 8 17836.27776
30.9000 8 25176.30976
31.0000 8 24788.33664
31.1000 8 23016.2432
31.2000 8 25113.3952
31.3000 8 25773.99808
31.4000 8 22879.92832
31.5000 8 25543.31136
31.6000 8 23834.13248
31.7000 8 22198.35392
31.8000 8 25092.42368
31.9000 8 22250.78272
32.0000 8 21736.98048
32.1000 8 16577.98656
32.2000 8 62.91456
