0.1000 8 0.0
0.2000 8 27567.06304
0.3000 8 29538.38592
0.4000 8 12383.68256
0.5000 8 20940.06272
0.6000 8 22533.89824
0.7000 8 23739.76064
0.8000 8 18989.71136
0.9000 8 29213.32736
1.0000 8 25260.19584
1.1000 8 26434.60096
1.2000 8 29265.75616
1.3000 8 27283.94752
1.4000 8 24672.99328
1.5000 8 25302.13888
1.6000 8 28280.09472
1.7000 8 27095.20384
1.8000 8 27430.74816
1.9000 8 28028.43648
2.0000 8 26413.62944
2.1000 8 28584.18176
2.2000 8 26487.02976
2.3000 8 24683.47904
2.4000 8 25186.79552
2.5000 8 23571.98848
2.6000 8 27871.15008
2.7000 8 24861.73696
2.8000 8 28416.4096
2.9000 8 29926.35904
3.0000 8 25155.33824
3.1000 8 26004.6848
3.2000 8 26895.9744
3.3000 8 25983.71328
3.4000 8 32222.74048
3.5000 8 27944.5504
3.6000 8 28626.1248
3.7000 8 27472.6912
3.8000 8 28909.24032
3.9000 8 26424.1152
4.0000 8 27797.74976
4.1000 8 23949.47584
4.2000 8 26696.74496
4.3000 8 31069.30688
4.4000 8 19126.02624
4.5000 8 27703.37792
4.6000 8 26633.8304
4.7000 8 26812.08832
4.8000 8 26895.9744
4.9000 8 28573.696
5.0000 8 17637.04832
5.1000 8 26382.17216
5.2000 8 25480.3968
5.3000 8 22376.61184
5.4000 8 27420.2624
5.5000 8 27084.71808
5.6000 8 28374.46656
5.7000 8 28657.58208
5.8000 8 26591.88736
5.9000 8 25637.6832
6.0000 8 28542.23872
6.1000 8 26560.43008
6.2000 8 23687.33184
6.3000 8 25679.62624
6.4000 8 24851.2512
6.5000 8 26161.9712
6.6000 8 24148.70528
6.7000 8 29077.01248
6.8000 8 24683.47904
6.9000 8 23446.15936
7.0000 8 26801.60256
7.1000 8 26581.4016
7.2000 8 24463.27808
7.3000 8 26612.85888
7.4000 8 25606.22592
7.5000 8 25417.48224
7.6000 8 29297.21344
7.7000 8 26895.9744
7.8000 8 27692.89216
7.9000 8 26371.6864
8.0000 8 24526.19264
8.1000 8 27661.43488
8.2000 8 23655.87456
8.3000 8 27158.1184
8.4000 8 28751.95392
8.5000 8 22177.3824
8.6000 8 27021.80352
8.7000 8 28584.18176
8.8000 8 24022.87616
8.9000 8 29077.01248
9.0000 8 28730.9824
9.1000 8 24641.536
9.2000 8 23058.18624
9.3000 8 22680.69888
9.4000 8 26466.05824
9.5000 8 26497.51552
9.6000 8 23571.98848
9.7000 8 28584.18176
9.8000 8 20195.57376
9.9000 8 30807.16288
10.0000 8 28835.84
10.1000 8 22166.89664
10.2000 8 29328.67072
10.3000 8 24683.47904
10.4000 8 23037.21472
10.5000 8 25910.31296
10.6000 8 27546.09152
10.7000 8 23131.58656
10.8000 8 29464.9856
10.9000 8 22890.41408
11.0000 8 27063.74656
11.1000 8 24379.392
11.2000 8 27409.77664
11.3000 8 20594.03264
11.4000 8 23750.2464
11.5000 8 25878.85568
11.6000 8 22124.9536
11.7000 8 22135.43936
11.8000 8 29192.35584
11.9000 8 24463.27808
12.0000 8 26570.91584
12.1000 8 27084.71808
12.2000 8 23330.816
12.3000 8 28668.06784
12.4000 8 24526.19264
12.5000 8 28835.84
12.6000 8 25260.19584
12.7000 8 24347.93472
12.8000 8 28615.63904
12.9000 8 22135.43936
13.0000 8 30083.64544
13.1000 8 27745.32096
13.2000 8 22586.32704
13.3000 8 27021.80352
13.4000 8 27074.23232
13.5000 8 28510.78144
13.6000 8 26895.9744
13.7000 8 25176.30976
13.8000 8 28301.06624
13.9000 8 27189.57568
14.0000 8 30282.87488
14.1000 8 25543.31136
14.2000 8 27682.4064
14.3000 8 26057.1136
14.4000 8 27913.09312
14.5000 8 23330.816
14.6000 8 24840.76544
14.7000 8 23037.21472
14.8000 8 24054.33344
14.9000 8 26497.51552
15.0000 8 23100.12928
15.1000 8 24610.07872
15.2000 8 25931.28448
15.3000 8 26266.8288
15.4000 8 25270.6816
15.5000 8 26455.57248
15.6000 8 27105.6896
15.7000 8 28311.552
15.8000 8 22502.44096
15.9000 8 28416.4096
16.0000 8 26644.31616
16.1000 8 28500.29568
16.2000 8 26508.00128
16.3000 8 30419.18976
16.4000 8 27042.77504
16.5000 8 30660.36224
16.6000 8 22313.69728
16.7000 8 30240.93184
16.8000 8 25836.91264
16.9000 8 22911.3856
17.0000 8 29454.49984
17.1000 8 26686.2592
17.2000 8 21548.2368
17.3000 8 30240.93184
17.4000 8 19943.91552
17.5000 8 26759.65952
17.6000 8 30576.47616
17.7000 8 22879.92832
17.8000 8 21663.58016
17.9000 8 27242.00448
18.0000 8 27116.17536
18.1000 8 26371.6864
18.2000 8 27493.66272
18.3000 8 24452.79232
18.4000 8 29213.32736
18.5000 8 21097.34912
18.6000 8 25469.91104
18.7000 8 28510.78144
18.8000 8 28951.18336
18.9000 8 20594.03264
19.0000 8 26906.46016
19.1000 8 23571.98848
19.2000 8 23813.16096
19.3000 8 25260.19584
19.4000 8 27336.37632
19.5000 8 25669.14048
19.6000 8 29171.38432
19.7000 8 26424.1152
19.8000 8 29852.95872
19.9000 8 25291.65312
20.0000 8 29580.32896
20.1000 8 22649.2416
20.2000 8 23089.64352
20.3000 8 29517.4144
20.4000 8 22586.32704
20.5000 8 26843.5456
20.6000 8 28248.63744
20.7000 8 24012.3904
20.8000 8 28699.52512
20.9000 8 25711.08352
21.0000 8 27871.15008
21.1000 8 29569.8432
21.2000 8 29779.5584
21.3000 8 27315.4048
21.4000 8 31457.28
21.5000 8 26403.14368
21.6000 8 25606.22592
21.7000 8 25606.22592
21.8000 8 24798.8224
21.9000 8 28248.63744
22.0000 8 21988.63872
22.1000 8 26120.02816
22.2000 8 26319.2576
22.3000 8 21632.12288
22.4000 8 27535.60576
22.5000 8 25302.13888
22.6000 8 25794.9696
22.7000 8 24756.87936
22.8000 8 24935.13728
22.9000 8 26036.14208
23.0000 8 27105.6896
23.1000 8 21653.0944
23.2000 8 27567.06304
23.3000 8 25186.79552
23.4000 8 24159.19104
23.5000 8 25763.51232
23.6000 8 24914.16576
23.7000 8 23383.2448
23.8000 8 27766.29248
23.9000 8 26549.94432
24.0000 8 24935.13728
24.1000 8 25050.48064
24.2000 8 26015.17056
24.3000 8 24473.76384
24.4000 8 25658.65472
24.5000 8 24641.536
24.6000 8 24903.68
24.7000 8 25952.256
24.8000 8 21537.75104
24.9000 8 23425.18784
25.0000 8 25742.5408
25.1000 8 28080.86528
25.2000 8 22334.6688
25.3000 8 25973.22752
25.4000 8 26937.91744
25.5000 8 27650.94912
25.6000 8 23865.58976
25.7000 8 29139.92704
25.8000 8 23121.1008
25.9000 8 24505.22112
26.0000 8 25386.02496
26.1000 8 23739.76064
26.2000 8 27315.4048
26.3000 8 23257.41568
26.4000 8 22554.86976
26.5000 8 27766.29248
26.6000 8 21359.49312
26.7000 8 25973.22752
26.8000 8 29077.01248
26.9000 8 26340.22912
27.0000 8 27755.80672
27.1000 8 27703.37792
27.2000 8 26193.42848
27.3000 8 29779.5584
27.4000 8 29108.46976
27.5000 8 28678.5536
27.6000 8 26885.48864
27.7000 8 28930.21184
27.8000 8 24704.45056
27.9000 8 26864.51712
28.0000 8 26182.94272
28.1000 8 25994.19904
28.2000 8 27283.94752
28.3000 8 28405.92384
28.4000 8 24956.1088
28.5000 8 27986.49344
28.6000 8 25815.94112
28.7000 8 26549.94432
28.8000 8 24620.56448
28.9000 8 29360.128
29.0000 8 22607.29856
29.1000 8 22942.84288
29.2000 8 25711.08352
29.3000 8 22062.03904
29.4000 8 25941.77024
29.5000 8 25847.3984
29.6000 8 24211.61984
29.7000 8 23121.1008
29.8000 8 24966.59456
29.9000 8 24893.19424
30.0000 8 25228.73856
30.1000 8 23173.5296
30.2000 8 24893.19424
30.3000 8 28636.61056
30.4000 8 20908.60544
30.5000 8 29139.92704
30.6000 8 25427.968
30.7000 8 26770.14528
30.8000 8 30261.90336
30.9000 8 24903.68
31.0000 8 27598.52032
31.1000 8 27053.2608
31.2000 8 27504.14848
31.3000 8 26350.71488
31.4000 8 26036.14208
31.5000 8 29129.44128
31.6000 8 23603.44576
31.7000 8 28489.80992
31.8000 8 31887.19616
31.9000 8 14124.31872
32.0000 8 26508.00128
32.1000 8 27504.14848
32.2000 8 25763.51232
32.3000 8 12561.94048
32.4000 8 2506.09664
