0.1000 8 0.0
0.2000 8 25721.56928
0.3000 8 32096.91136
0.4000 8 15298.72384
0.5000 8 20122.17344
0.6000 8 22187.86816
0.7000 8 26361.20064
0.8000 8 22124.9536
0.9000 8 27892.1216
1.0000 8 26854.03136
1.1000 8 19828.57216
1.2000 8 27325.89056
1.3000 8 24767.36512
1.4000 8 26004.6848
1.5000 8 26413.62944
1.6000 8 25249.71008
1.7000 8 24557.64992
1.8000 8 28227.66592
1.9000 8 27766.29248
2.0000 8 23655.87456
2.1000 8 26979.86048
2.2000 8 17563.648
2.3000 8 16871.58784
2.4000 8 23823.64672
2.5000 8 18381.53728
2.6000 8 29444.01408
2.7000 8 27000.832
2.8000 8 27409.77664
2.9000 8 24578.62144
3.0000 8 22869.44256
3.1000 8 25878.85568
3.2000 8 24400.36352
3.3000 8 26445.08672
3.4000 8 26937.91744
3.5000 8 29475.47136
3.6000 8 28605.15328
3.7000 8 27116.17536
3.8000 8 28594.66752
3.9000 8 22429.04064
4.0000 8 29160.89856
4.1000 8 24830.27968
4.2000 8 21883.78112
4.3000 8 28730.9824
4.4000 8 27200.06144
4.5000 8 26025.65632
4.6000 8 27011.31776
4.7000 8 27063.74656
4.8000 8 27346.86208
4.9000 8 29485.95712
5.0000 8 25113.3952
5.1000 8 28710.01088
5.2000 8 25794.9696
5.3000 8 30482.10432
5.4000 8 25302.13888
5.5000 8 26036.14208
5.6000 8 28626.1248
5.7000 8 22995.27168
5.8000 8 28280.09472
5.9000 8 28825.35424
6.0000 8 24305.99168
6.1000 8 29370.61376
6.2000 8 23288.87296
6.3000 8 25396.51072
6.4000 8 27021.80352
6.5000 8 25742.5408
6.6000 8 26329.74336
6.7000 8 27242.00448
6.8000 8 26120.02816
6.9000 8 26791.1168
7.0000 8 26665.28768
7.1000 8 26277.31456
7.2000 8 25773.99808
7.3000 8 26602.37312
7.4000 8 28447.86688
7.5000 8 23970.44736
7.6000 8 26099.05664
7.7000 8 26287.80032
7.8000 8 25973.22752
7.9000 8 26958.88896
8.0000 8 29894.90176
8.1000 8 24211.61984
8.2000 8 28531.75296
8.3000 8 27976.00768
8.4000 8 22984.78592
8.5000 8 27158.1184
8.6000 8 30115.10272
8.7000 8 26895.9744
8.8000 8 26319.2576
8.9000 8 28741.46816
9.0000 8 26025.65632
9.1000 8 27493.66272
9.2000 8 27640.46336
9.3000 8 29139.92704
9.4000 8 29087.49824
9.5000 8 21495.808
9.6000 8 28091.35104
9.7000 8 28888.2688
9.8000 8 27525.12
9.9000 8 28070.37952
10.0000 8 28038.92224
10.1000 8 21862.8096
10.2000 8 28563.21024
10.3000 8 26770.14528
10.4000 8 25144.85248
10.5000 8 30198.9888
10.6000 8 29192.35584
10.7000 8 20646.46144
10.8000 8 29423.04256
10.9000 8 29716.64384
11.0000 8 18517.85216
11.1000 8 27839.6928
11.2000 8 24756.87936
11.3000 8 26770.14528
11.4000 8 26654.80192
11.5000 8 26266.8288
11.6000 8 29496.44288
11.7000 8 25522.33984
11.8000 8 29727.1296
11.9000 8 25553.79712
12.0000 8 27944.5504
12.1000 8 21904.75264
12.2000 8 15456.01024
12.3000 8 13956.54656
12.4000 8 25920.79872
12.5000 8 27976.00768
12.6000 8 26654.80192
12.7000 8 29915.87328
12.8000 8 25878.85568
12.9000 8 24484.2496
13.0000 8 27441.23392
13.1000 8 24326.9632
13.2000 8 28982.64064
13.3000 8 26466.05824
13.4000 8 29318.18496
13.5000 8 27021.80352
13.6000 8 27231.51872
13.7000 8 28710.01088
13.8000 8 25973.22752
13.9000 8 28426.89536
14.0000 8 27294.43328
14.1000 8 26843.5456
14.2000 8 24012.3904
14.3000 8 23666.36032
14.4000 8 26277.31456
14.5000 8 25071.45216
14.6000 8 27158.1184
14.7000 8 25344.08192
14.8000 8 27504.14848
14.9000 8 28468.8384
15.0000 8 19650.31424
15.1000 8 29433.52832
15.2000 8 23404.21632
15.3000 8 24106.76224
15.4000 8 28563.21024
15.5000 8 26801.60256
15.6000 8 30104.61696
15.7000 8 26833.05984
15.8000 8 28196.20864
15.9000 8 30534.53312
16.0000 8 24735.90784
16.1000 8 28678.5536
16.2000 8 26560.43008
16.3000 8 28122.80832
16.4000 8 28070.37952
16.5000 8 27955.03616
16.6000 8 30219.96032
16.7000 8 29444.01408
16.8000 8 26749.17376
16.9000 8 29444.01408
17.0000 8 27262.976
17.1000 8 30513.5616
17.2000 8 26350.71488
17.3000 8 26266.8288
17.4000 8 29412.5568
17.5000 8 24924.65152
17.6000 8 22670.21312
17.7000 8 30104.61696
17.8000 8 18392.02304
17.9000 8 27168.60416
18.0000 8 26633.8304
18.1000 8 23257.41568
18.2000 8 23970.44736
18.3000 8 27179.08992
18.4000 8 21275.60704
18.5000 8 26057.1136
18.6000 8 24012.3904
18.7000 8 26728.20224
18.8000 8 24274.5344
18.9000 8 23383.2448
19.0000 8 26738.688
19.1000 8 27787.264
19.2000 8 29118.95552
19.3000 8 21495.808
19.4000 8 26633.8304
19.5000 8 18475.90912
19.6000 8 25490.88256
19.7000 8 24893.19424
19.8000 8 25144.85248
19.9000 8 28500.29568
20.0000 8 22271.75424
20.1000 8 24494.73536
20.2000 8 27839.6928
20.3000 8 22932.35712
20.4000 8 24641.536
20.5000 8 28112.32256
20.6000 8 24851.2512
20.7000 8 25019.02336
20.8000 8 26948.4032
20.9000 8 24096.27648
21.0000 8 22366.12608
21.1000 8 28982.64064
21.2000 8 22072.5248
21.3000 8 26266.8288
21.4000 8 26633.8304
21.5000 8 22649.2416
21.6000 8 28185.72288
21.7000 8 26623.34464
21.8000 8 26067.59936
21.9000 8 30503.07584
22.0000 8 27692.89216
22.1000 8 24536.6784
22.2000 8 27996.9792
22.3000 8 29066.52672
22.4000 8 24652.02176
22.5000 8 28930.21184
22.6000 8 26612.85888
22.7000 8 25239.22432
22.8000 8 27976.00768
22.9000 8 25291.65312
23.0000 8 26864.51712
23.1000 8 26623.34464
23.2000 8 28405.92384
23.3000 8 25753.02656
23.4000 8 29412.5568
23.5000 8 25469.91104
23.6000 8 25092.42368
23.7000 8 26770.14528
23.8000 8 27105.6896
23.9000 8 21516.77952
24.0000 8 25784.48384
24.1000 8 24977.08032
24.2000 8 24190.64832
24.3000 8 24851.2512
24.4000 8 27200.06144
24.5000 8 24914.16576
24.6000 8 23561.50272
24.7000 8 28416.4096
24.8000 8 25197.28128
24.9000 8 24274.5344
25.0000 8 25029.50912
25.1000 8 26036.14208
25.2000 8 23624.41728
25.3000 8 25574.76864
25.4000 8 23341.30176
25.5000 8 26895.9744
25.6000 8 24379.392
25.7000 8 24295.50592
25.8000 8 26633.8304
25.9000 8 23477.61664
26.0000 8 23582.47424
26.1000 8 25931.28448
26.2000 8 24389.87776
26.3000 8 25773.99808
26.4000 8 27021.80352
26.5000 8 23571.98848
26.6000 8 27158.1184
26.7000 8 24914.16576
26.8000 8 26602.37312
26.9000 8 24756.87936
27.0000 8 24966.59456
27.1000 8 26948.4032
27.2000 8 23110.61504
27.3000 8 26266.8288
27.4000 8 25312.62464
27.5000 8 27556.57728
27.6000 8 28175.23712
27.7000 8 27294.43328
27.8000 8 28783.4112
27.9000 8 27367.8336
28.0000 8 28112.32256
28.1000 8 17532.19072
28.2000 8 27262.976
28.3000 8 27388.80512
28.4000 8 28154.2656
28.5000 8 20656.9472
28.6000 8 24389.87776
28.7000 8 24138.21952
28.8000 8 26067.59936
28.9000 8 24935.13728
29.0000 8 23393.73056
29.1000 8 25081.93792
29.2000 8 27629.9776
29.3000 8 24935.13728
29.4000 8 24159.19104
29.5000 8 22890.41408
29.6000 8 24180.16256
29.7000 8 26287.80032
29.8000 8 25417.48224
29.9000 8 23980.93312
30.0000 8 25302.13888
30.1000 8 22764.58496
30.2000 8 26497.51552
30.3000 8 27283.94752
30.4000 8 26875.00288
30.5000 8 24222.1056
30.6000 8 24788.33664
30.7000 8 25857.88416
30.8000 8 24819.79392
30.9000 8 27755.80672
31.0000 8 24547.16416
31.1000 8 26990.34624
31.2000 8 25365.05344
31.3000 8 26172.45696
31.4000 8 26948.4032
31.5000 8 20646.46144
31.6000 8 27661.43488
31.7000 8 24232.59136
31.8000 8 24704.45056
31.9000 8 26413.62944
32.0000 8 23225.9584
32.1000 8 25868.36992
32.2000 8 25270.6816
32.3000 8 22062.03904
32.4000 8 17270.04672
32.5000 8 408.94464
