0.1000 8 0.0
0.2000 8 29014.09792
0.3000 8 30691.81952
0.4000 8 11261.70624
0.5000 8 24043.84768
0.6000 8 27829.20704
0.7000 8 25941.77024
0.8000 8 26843.5456
0.9000 8 27262.976
1.0000 8 29947.33056
1.1000 8 23435.6736
1.2000 8 25616.71168
1.3000 8 26382.17216
1.4000 8 21160.26368
1.5000 8 24882.70848
1.6000 8 28856.81152
1.7000 8 22324.18304
1.8000 8 21065.89184
1.9000 8 30995.90656
2.0000 8 26140.99968
2.1000 8 23980.93312
2.2000 8 27724.34944
2.3000 8 26214.4
2.4000 8 27850.17856
2.5000 8 25207.76704
2.6000 8 29381.09952
2.7000 8 29706.15808
2.8000 8 23886.56128
2.9000 8 29360.128
3.0000 8 26371.6864
3.1000 8 24987.56608
3.2000 8 29181.87008
3.3000 8 23666.36032
3.4000 8 27095.20384
3.5000 8 27871.15008
3.6000 8 24096.27648
3.7000 8 26413.62944
3.8000 8 23802.6752
3.9000 8 25281.16736
4.0000 8 26623.34464
4.1000 8 30513.5616
4.2000 8 21946.69568
4.3000 8 26434.60096
4.4000 8 25899.8272
4.5000 8 27084.71808
4.6000 8 26822.57408
4.7000 8 28112.32256
4.8000 8 27336.37632
4.9000 8 28017.95072
5.0000 8 28374.46656
5.1000 8 26906.46016
5.2000 8 29139.92704
5.3000 8 25270.6816
5.4000 8 29548.87168
5.5000 8 27577.5488
5.6000 8 27462.20544
5.7000 8 30429.67552
5.8000 8 25239.22432
5.9000 8 27283.94752
6.0000 8 27829.20704
6.1000 8 26078.08512
6.2000 8 28269.60896
6.3000 8 28154.2656
6.4000 8 28856.81152
6.5000 8 21789.40928
6.6000 8 26088.57088
6.7000 8 25312.62464
6.8000 8 27042.77504
6.9000 8 26025.65632
7.0000 8 29454.49984
7.1000 8 30198.9888
7.2000 8 24526.19264
7.3000 8 24515.70688
7.4000 8 25973.22752
7.5000 8 26812.08832
7.6000 8 27650.94912
7.7000 8 25826.42688
7.8000 8 26078.08512
7.9000 8 28531.75296
8.0000 8 27483.17696
8.1000 8 27011.31776
8.2000 8 27871.15008
8.3000 8 26728.20224
8.4000 8 28605.15328
8.5000 8 28017.95072
8.6000 8 24148.70528
8.7000 8 29003.61216
8.8000 8 25354.56768
8.9000 8 26895.9744
9.0000 8 24211.61984
9.1000 8 29863.44448
9.2000 8 23005.75744
9.3000 8 31646.02368
9.4000 8 25134.36672
9.5000 8 16651.38688
9.6000 8 27221.03296
9.7000 8 21579.69408
9.8000 8 21946.69568
9.9000 8 29255.2704
10.0000 8 25081.93792
10.1000 8 24012.3904
10.2000 8 25501.36832
10.3000 8 26549.94432
10.4000 8 24662.50752
10.5000 8 26287.80032
10.6000 8 24767.36512
10.7000 8 27252.49024
10.8000 8 27210.5472
10.9000 8 25690.112
11.0000 8 29947.33056
11.1000 8 26707.23072
11.2000 8 26728.20224
11.3000 8 30073.15968
11.4000 8 22355.64032
11.5000 8 24232.59136
11.6000 8 27745.32096
11.7000 8 21474.83648
11.8000 8 29517.4144
11.9000 8 25826.42688
12.0000 8 26958.88896
12.1000 8 31677.48096
12.2000 8 23729.27488
12.3000 8 23404.21632
12.4000 8 27650.94912
12.5000 8 23246.92992
12.6000 8 29097.984
12.7000 8 24180.16256
12.8000 8 23970.44736
12.9000 8 26895.9744
13.0000 8 28993.1264
13.1000 8 26812.08832
13.2000 8 28405.92384
13.3000 8 25763.51232
13.4000 8 30450.64704
13.5000 8 28122.80832
13.6000 8 25050.48064
13.7000 8 28961.66912
13.8000 8 30586.96192
13.9000 8 26864.51712
14.0000 8 27860.66432
14.1000 8 24956.1088
14.2000 8 22177.3824
14.3000 8 27252.49024
14.4000 8 24494.73536
14.5000 8 26329.74336
14.6000 8 28563.21024
14.7000 8 26633.8304
14.8000 8 31687.96672
14.9000 8 24043.84768
15.0000 8 29265.75616
15.1000 8 23655.87456
15.2000 8 27304.91904
15.3000 8 28846.32576
15.4000 8 25753.02656
15.5000 8 30366.76096
15.6000 8 27661.43488
15.7000 8 29674.7008
15.8000 8 29454.49984
15.9000 8 26455.57248
16.0000 8 29475.47136
16.1000 8 27147.63264
16.2000 8 25836.91264
16.3000 8 30807.16288
16.4000 8 30733.76256
16.5000 8 28940.6976
16.6000 8 30586.96192
16.7000 8 25973.22752
16.8000 8 28573.696
16.9000 8 24337.44896
17.0000 8 25438.45376
17.1000 8 26822.57408
17.2000 8 26728.20224
17.3000 8 28363.9808
17.4000 8 21999.12448
17.5000 8 25773.99808
17.6000 8 28867.29728
17.7000 8 23624.41728
17.8000 8 29685.18656
17.9000 8 23708.30336
18.0000 8 24872.22272
18.1000 8 24714.93632
18.2000 8 18150.85056
18.3000 8 27724.34944
18.4000 8 23802.6752
18.5000 8 19461.57056
18.6000 8 22827.49952
18.7000 8 22617.78432
18.8000 8 25249.71008
18.9000 8 25616.71168
19.0000 8 25060.9664
19.1000 8 24473.76384
19.2000 8 23729.27488
19.3000 8 29255.2704
19.4000 8 28814.86848
19.5000 8 23110.61504
19.6000 8 27609.00608
19.7000 8 27420.2624
19.8000 8 25606.22592
19.9000 8 26308.77184
20.0000 8 28196.20864
20.1000 8 26780.63104
20.2000 8 28741.46816
20.3000 8 21579.69408
20.4000 8 29171.38432
20.5000 8 26749.17376
20.6000 8 27105.6896
20.7000 8 25354.56768
20.8000 8 26979.86048
20.9000 8 28101.8368
21.0000 8 21317.55008
21.1000 8 27514.63424
21.2000 8 24798.8224
21.3000 8 25847.3984
21.4000 8 25123.88096
21.5000 8 25543.31136
21.6000 8 27336.37632
21.7000 8 25983.71328
21.8000 8 22009.61024
21.9000 8 29045.5552
22.0000 8 26979.86048
22.1000 8 25868.36992
22.2000 8 28280.09472
22.3000 8 25155.33824
22.4000 8 27902.60736
22.5000 8 27640.46336
22.6000 8 25071.45216
22.7000 8 27944.5504
22.8000 8 26067.59936
22.9000 8 26015.17056
23.0000 8 22041.06752
23.1000 8 30754.73408
23.2000 8 21506.29376
23.3000 8 24683.47904
23.4000 8 29318.18496
23.5000 8 25239.22432
23.6000 8 25815.94112
23.7000 8 24725.42208
23.8000 8 27105.6896
23.9000 8 22806.528
24.0000 8 26916.94592
24.1000 8 27179.08992
24.2000 8 24956.1088
24.3000 8 28290.58048
24.4000 8 26518.48704
24.5000 8 27063.74656
24.6000 8 29234.29888
24.7000 8 23739.76064
24.8000 8 25574.76864
24.9000 8 25155.33824
25.0000 8 23519.55968
25.1000 8 24264.04864
25.2000 8 25186.79552
25.3000 8 24274.5344
25.4000 8 23613.93152
25.5000 8 22575.84128
25.6000 8 23330.816
25.7000 8 26979.86048
25.8000 8 22470.98368
25.9000 8 26004.6848
26.0000 8 27221.03296
26.1000 8 23634.90304
26.2000 8 26885.48864
26.3000 8 27934.06464
26.4000 8 22649.2416
26.5000 8 26266.8288
26.6000 8 26528.9728
26.7000 8 23288.87296
26.8000 8 23949.47584
26.9000 8 27273.46176
27.0000 8 23792.18944
27.1000 8 25312.62464
27.2000 8 23477.61664
27.3000 8 26602.37312
27.4000 8 26392.65792
27.5000 8 20352.86016
27.6000 8 23666.36032
27.7000 8 23813.16096
27.8000 8 26109.5424
27.9000 8 27032.28928
28.0000 8 25522.33984
28.1000 8 25291.65312
28.2000 8 27336.37632
28.3000 8 25564.28288
28.4000 8 24714.93632
28.5000 8 27021.80352
28.6000 8 26749.17376
28.7000 8 23876.07552
28.8000 8 27577.5488
28.9000 8 27179.08992
29.0000 8 25721.56928
29.1000 8 26266.8288
29.2000 8 27242.00448
29.3000 8 28898.75456
29.4000 8 22628.27008
29.5000 8 25039.99488
29.6000 8 28353.49504
29.7000 8 24295.50592
29.8000 8 26140.99968
29.9000 8 25260.19584
30.0000 8 26214.4
30.1000 8 25469.91104
30.2000 8 24264.04864
30.3000 8 25123.88096
30.4000 8 24064.8192
30.5000 8 26298.28608
30.6000 8 27126.66112
30.7000 8 27063.74656
30.8000 8 30618.4192
30.9000 8 27493.66272
31.0000 8 30052.18816
31.1000 8 29097.984
31.2000 8 26833.05984
31.3000 8 26413.62944
31.4000 8 26235.37152
31.5000 8 24882.70848
31.6000 8 27629.9776
31.7000 8 22837.98528
31.8000 8 28143.77984
31.9000 8 28259.1232
32.0000 8 18329.10848
32.1000 8 1436.54912
