0.1000 8 0.0
0.2000 8 26717.71648
0.3000 8 31729.90976
0.4000 8 9667.87072
0.5000 8 18465.42336
0.6000 8 30136.07424
0.7000 8 18087.936
0.8000 8 14292.09088
0.9000 8 33638.31808
1.0000 8 25763.51232
1.1000 8 26875.00288
1.2000 8 21621.63712
1.3000 8 23079.15776
1.4000 8 25396.51072
1.5000 8 28017.95072
1.6000 8 21946.69568
1.7000 8 28259.1232
1.8000 8 24389.87776
1.9000 8 28982.64064
2.0000 8 23519.55968
2.1000 8 25333.59616
2.2000 8 28898.75456
2.3000 8 24106.76224
2.4000 8 27944.5504
2.5000 8 20583.54688
2.6000 8 26560.43008
2.7000 8 29171.38432
2.8000 8 22921.87136
2.9000 8 27598.52032
3.0000 8 29045.5552
3.1000 8 24043.84768
3.2000 8 26801.60256
3.3000 8 28426.89536
3.4000 8 26675.77344
3.5000 8 28972.15488
3.6000 8 25585.2544
3.7000 8 28311.552
3.8000 8 24568.13568
3.9000 8 28238.15168
4.0000 8 27913.09312
4.1000 8 24956.1088
4.2000 8 28552.72448
4.3000 8 27755.80672
4.4000 8 30565.9904
4.5000 8 26466.05824
4.6000 8 28049.408
4.7000 8 26759.65952
4.8000 8 29538.38592
4.9000 8 27619.49184
5.0000 8 27315.4048
5.1000 8 25574.76864
5.2000 8 22754.0992
5.3000 8 28017.95072
5.4000 8 28437.38112
5.5000 8 20961.03424
5.6000 8 30219.96032
5.7000 8 24484.2496
5.8000 8 27671.92064
5.9000 8 30366.76096
6.0000 8 26979.86048
6.1000 8 25134.36672
6.2000 8 20310.91712
6.3000 8 23173.5296
6.4000 8 28374.46656
6.5000 8 28049.408
6.6000 8 27525.12
6.7000 8 27441.23392
6.8000 8 24777.85088
6.9000 8 25815.94112
7.0000 8 27315.4048
7.1000 8 24557.64992
7.2000 8 18538.82368
7.3000 8 28185.72288
7.4000 8 23477.61664
7.5000 8 27242.00448
7.6000 8 24589.1072
7.7000 8 27965.52192
7.8000 8 26025.65632
7.9000 8 27462.20544
8.0000 8 26403.14368
8.1000 8 28615.63904
8.2000 8 24001.90464
8.3000 8 23425.18784
8.4000 8 29800.52992
8.5000 8 22114.46784
8.6000 8 29790.04416
8.7000 8 26759.65952
8.8000 8 29035.06944
8.9000 8 24431.8208
9.0000 8 26623.34464
9.1000 8 29307.6992
9.2000 8 26581.4016
9.3000 8 25941.77024
9.4000 8 29622.272
9.5000 8 26979.86048
9.6000 8 25899.8272
9.7000 8 31279.02208
9.8000 8 23918.01856
9.9000 8 32023.51104
10.0000 8 29957.81632
10.1000 8 25039.99488
10.2000 8 27336.37632
10.3000 8 28248.63744
10.4000 8 23079.15776
10.5000 8 28762.43968
10.6000 8 31247.5648
10.7000 8 18884.85376
10.8000 8 23802.6752
10.9000 8 20803.74784
11.0000 8 21160.26368
11.1000 8 21705.5232
11.2000 8 23446.15936
11.3000 8 22114.46784
11.4000 8 26151.48544
11.5000 8 24159.19104
11.6000 8 23299.35872
11.7000 8 27063.74656
11.8000 8 25354.56768
11.9000 8 26665.28768
12.0000 8 23299.35872
12.1000 8 28059.89376
12.2000 8 22995.27168
12.3000 8 26906.46016
12.4000 8 26717.71648
12.5000 8 24274.5344
12.6000 8 23938.99008
12.7000 8 29265.75616
12.8000 8 24106.76224
12.9000 8 26277.31456
13.0000 8 25564.28288
13.1000 8 27367.8336
13.2000 8 24075.30496
13.3000 8 27221.03296
13.4000 8 25763.51232
13.5000 8 25732.05504
13.6000 8 26256.34304
13.7000 8 26067.59936
13.8000 8 29370.61376
13.9000 8 25060.9664
14.0000 8 28185.72288
14.1000 8 25857.88416
14.2000 8 27902.60736
14.3000 8 23194.50112
14.4000 8 27231.51872
14.5000 8 24253.56288
14.6000 8 29381.09952
14.7000 8 27661.43488
14.8000 8 28521.2672
14.9000 8 27598.52032
15.0000 8 28521.2672
15.1000 8 26099.05664
15.2000 8 25323.1104
15.3000 8 30649.87648
15.4000 8 25270.6816
15.5000 8 27860.66432
15.6000 8 29171.38432
15.7000 8 26109.5424
15.8000 8 30471.61856
15.9000 8 25239.22432
16.0000 8 30492.59008
16.1000 8 26046.62784
16.2000 8 24505.22112
16.3000 8 30020.73088
16.4000 8 26424.1152
16.5000 8 26161.9712
16.6000 8 26120.02816
16.7000 8 26099.05664
16.8000 8 23163.04384
16.9000 8 30503.07584
17.0000 8 22565.35552
17.1000 8 26916.94592
17.2000 8 25753.02656
17.3000 8 27619.49184
17.4000 8 27787.264
17.5000 8 29999.75936
17.6000 8 26277.31456
17.7000 8 30503.07584
17.8000 8 26025.65632
17.9000 8 25165.824
18.0000 8 27577.5488
18.1000 8 24054.33344
18.2000 8 26193.42848
18.3000 8 27315.4048
18.4000 8 23016.2432
18.5000 8 24568.13568
18.6000 8 31268.53632
18.7000 8 24840.76544
18.8000 8 23865.58976
18.9000 8 28217.18016
19.0000 8 23204.98688
19.1000 8 26927.43168
19.2000 8 24033.36192
19.3000 8 23089.64352
19.4000 8 27808.23552
19.5000 8 23886.56128
19.6000 8 25721.56928
19.7000 8 25019.02336
19.8000 8 26214.4
19.9000 8 28280.09472
20.0000 8 24264.04864
20.1000 8 23823.64672
20.2000 8 25197.28128
20.3000 8 25207.76704
20.4000 8 25847.3984
20.5000 8 22575.84128
20.6000 8 23645.3888
20.7000 8 26843.5456
20.8000 8 23991.41888
20.9000 8 26612.85888
21.0000 8 22638.75584
21.1000 8 23886.56128
21.2000 8 25427.968
21.3000 8 20059.25888
21.4000 8 22607.29856
21.5000 8 24861.73696
21.6000 8 24578.62144
21.7000 8 25144.85248
21.8000 8 22848.47104
21.9000 8 23100.12928
22.0000 8 23718.78912
22.1000 8 23613.93152
22.2000 8 23456.64512
22.3000 8 26078.08512
22.4000 8 21841.83808
22.5000 8 25700.59776
22.6000 8 26843.5456
22.7000 8 21799.89504
22.8000 8 24641.536
22.9000 8 29318.18496
23.0000 8 26885.48864
23.1000 8 28542.23872
23.2000 8 28175.23712
23.3000 8 26466.05824
23.4000 8 30356.2752
23.5000 8 25627.19744
23.6000 8 28668.06784
23.7000 8 30419.18976
23.8000 8 22649.2416
23.9000 8 29475.47136
24.0000 8 23802.6752
24.1000 8 27346.86208
24.2000 8 29968.30208
24.3000 8 23708.30336
24.4000 8 30440.16128
24.5000 8 21925.72416
24.6000 8 27252.49024
24.7000 8 26140.99968
24.8000 8 26780.63104
24.9000 8 27179.08992
25.0000 8 23446.15936
25.1000 8 27556.57728
25.2000 8 27294.43328
25.3000 8 27242.00448
25.4000 8 26298.28608
25.5000 8 29307.6992
25.6000 8 21328.03584
25.7000 8 29758.58688
25.8000 8 28919.72608
25.9000 8 27703.37792
26.0000 8 30565.9904
26.1000 8 25469.91104
26.2000 8 28741.46816
26.3000 8 29412.5568
26.4000 8 23393.73056
26.5000 8 23236.44416
26.6000 8 28080.86528
26.7000 8 20206.05952
26.8000 8 26633.8304
26.9000 8 26549.94432
27.0000 8 24714.93632
27.1000 8 24285.02016
27.2000 8 26644.31616
27.3000 8 26686.2592
27.4000 8 25532.8256
27.5000 8 27378.31936
27.6000 8 27325.89056
27.7000 8 27137.14688
27.8000 8 24851.2512
27.9000 8 26759.65952
28.0000 8 27567.06304
28.1000 8 25291.65312
28.2000 8 23771.21792
28.3000 8 28112.32256
28.4000 8 29035.06944
28.5000 8 26256.34304
28.6000 8 28227.66592
28.7000 8 27399.29088
28.8000 8 25983.71328
28.9000 8 24735.90784
29.0000 8 28940.6976
29.1000 8 25574.76864
29.2000 8 24935.13728
29.3000 8 29517.4144
29.4000 8 26046.62784
29.5000 8 26182.94272
29.6000 8 27703.37792
29.7000 8 24358.42048
29.8000 8 25511.85408
29.9000 8 26078.08512
30.0000 8 24788.33664
30.1000 8 26004.6848
30.2000 8 27158.1184
30.3000 8 20824.71936
30.4000 8 24463.27808
30.5000 8 26707.23072
30.6000 8 22481.46944
30.7000 8 23330.816
30.8000 8 26245.85728
30.9000 8 23467.13088
31.0000 8 23173.5296
31.1000 8 26696.74496
31.2000 8 24557.64992
31.3000 8 22586.32704
31.4000 8 22575.84128
31.5000 8 24274.5344
31.6000 8 26497.51552
31.7000 8 20908.60544
31.8000 8 23938.99008
31.9000 8 24033.36192
32.0000 8 26036.14208
32.1000 8 25008.5376
32.2000 8 22764.58496
32.3000 8 21537.75104
32.4000 8 6176.11264
