0.1000 4 0.0
0.2000 4 26067.59936
0.3000 4 10034.87232
0.4000 4 24169.6768
0.5000 4 15980.29824
0.6000 4 26371.6864
0.7000 4 18392.02304
0.8000 4 24295.50592
0.9000 4 21653.0944
1.0000 4 18213.76512
1.1000 4 9867.10016
1.2000 4 20153.63072
1.3000 4 25302.13888
1.4000 4 18192.7936
1.5000 4 20405.28896
1.6000 4 21705.5232
1.7000 4 20289.9456
1.8000 4 22166.89664
1.9000 4 19901.97248
2.0000 4 20940.06272
2.1000 4 16965.95968
2.2000 4 24935.13728
2.3000 4 12845.056
2.4000 4 23551.01696
2.5000 4 17888.70656
2.6000 4 20929.57696
2.7000 4 23068.672
2.8000 4 17437.81888
2.9000 4 20520.63232
3.0000 4 21149.77792
3.1000 4 18496.88064
3.2000 4 21537.75104
3.3000 4 16934.5024
3.4000 4 18769.5104
3.5000 4 21432.89344
3.6000 4 20782.77632
3.7000 4 18234.73664
3.8000 4 21411.92192
3.9000 4 17878.2208
4.0000 4 20887.63392
4.1000 4 20866.6624
4.2000 4 21978.15296
4.3000 4 17437.81888
4.4000 4 23079.15776
4.5000 4 19115.54048
4.6000 4 20153.63072
4.7000 4 20258.48832
4.8000 4 20940.06272
4.9000 4 20982.00576
5.0000 4 20646.46144
5.1000 4 19650.31424
5.2000 4 18779.99616
5.3000 4 19493.02784
5.4000 4 16745.75872
5.5000 4 20877.14816
5.6000 4 14701.03552
5.7000 4 22303.21152
5.8000 4 17395.87584
5.9000 4 22397.58336
6.0000 4 20394.8032
6.1000 4 21841.83808
6.2000 4 20940.06272
6.3000 4 21118.32064
6.4000 4 20594.03264
6.5000 4 19356.71296
6.6000 4 23414.70208
6.7000 4 16231.95648
6.8000 4 23918.01856
6.9000 4 19031.6544
7.0000 4 18507.3664
7.1000 4 23184.01536
7.2000 4 16840.13056
7.3000 4 21946.69568
7.4000 4 19954.40128
7.5000 4 17752.39168
7.6000 4 24463.27808
7.7000 4 14292.09088
7.8000 4 24589.1072
7.9000 4 15686.69696
8.0000 4 21107.83488
8.1000 4 22491.9552
8.2000 4 21128.8064
8.3000 4 18528.33792
8.4000 4 24295.50592
8.5000 4 16473.12896
8.6000 4 20793.26208
8.7000 4 19115.54048
8.8000 4 17123.24608
8.9000 4 20898.11968
9.0000 4 19608.3712
9.1000 4 19524.48512
9.2000 4 20573.06112
9.3000 4 18664.6528
9.4000 4 20457.71776
9.5000 4 18769.5104
9.6000 4 21674.06592
9.7000 4 15749.61152
9.8000 4 19922.944
9.9000 4 9982.44352
10.0000 4 22366.12608
10.1000 4 11723.07968
10.2000 4 21149.77792
10.3000 4 13610.51648
10.4000 4 19608.3712
10.5000 4 21852.32384
10.6000 4 24641.536
10.7000 4 18884.85376
10.8000 4 21223.17824
10.9000 4 20782.77632
11.0000 4 22051.55328
11.1000 4 20677.91872
11.2000 4 21663.58016
11.3000 4 21873.29536
11.4000 4 19849.54368
11.5000 4 22659.72736
11.6000 4 20405.28896
11.7000 4 20216.54528
11.8000 4 21369.97888
11.9000 4 21139.29216
12.0000 4 20111.68768
12.1000 4 23163.04384
12.2000 4 19723.71456
12.3000 4 20017.31584
12.4000 4 22827.49952
12.5000 4 16169.04192
12.6000 4 23488.1024
12.7000 4 20667.43296
12.8000 4 19964.88704
12.9000 4 24368.90624
13.0000 4 15435.03872
13.1000 4 22166.89664
13.2000 4 18423.48032
13.3000 4 19881.00096
13.4000 4 21464.35072
13.5000 4 17574.13376
13.6000 4 23225.9584
13.7000 4 18119.39328
13.8000 4 19241.3696
13.9000 4 21160.26368
14.0000 4 14187.23328
14.1000 4 23110.61504
14.2000 4 15791.55456
14.3000 4 23341.30176
14.4000 4 19084.0832
14.5000 4 20594.03264
14.6000 4 21695.03744
14.7000 4 19042.14016
14.8000 4 22733.12768
14.9000 4 19776.14336
15.0000 4 22292.72576
15.1000 4 20268.97408
15.2000 4 21841.83808
15.3000 4 20268.97408
15.4000 4 16661.87264
15.5000 4 22124.9536
15.6000 4 14124.31872
15.7000 4 22680.69888
15.8000 4 15225.32352
15.9000 4 22565.35552
16.0000 4 20740.83328
16.1000 4 22376.61184
16.2000 4 20824.71936
16.3000 4 21810.3808
16.4000 4 20080.2304
16.5000 4 17521.70496
16.6000 4 23980.93312
16.7000 4 20478.68928
16.8000 4 19660.8
16.9000 4 21013.46304
17.0000 4 20426.26048
17.1000 4 22292.72576
17.2000 4 19713.2288
17.3000 4 23362.27328
17.4000 4 17049.84576
17.5000 4 22775.07072
17.6000 4 18056.47872
17.7000 4 20342.3744
17.8000 4 21936.20992
17.9000 4 17668.5056
18.0000 4 19325.25568
18.1000 4 21684.55168
18.2000 4 19356.71296
18.3000 4 22974.30016
18.4000 4 17584.61952
18.5000 4 19545.45664
18.6000 4 21369.97888
18.7000 4 18528.33792
18.8000 4 20027.8016
18.9000 4 22282.24
19.0000 4 16965.95968
19.1000 4 22103.98208
19.2000 4 19167.96928
19.3000 4 20940.06272
19.4000 4 19713.2288
19.5000 4 19388.17024
19.6000 4 18392.02304
19.7000 4 21820.86656
19.8000 4 16074.67008
19.9000 4 20478.68928
20.0000 4 20415.77472
20.1000 4 20646.46144
20.2000 4 20656.9472
20.3000 4 16598.95808
20.4000 4 17815.30624
20.5000 4 4582.27712
20.6000 4 16745.75872
20.7000 4 22649.2416
20.8000 4 19482.54208
20.9000 4 21349.00736
21.0000 4 5452.5952
21.1000 4 356.51584
