0.1000 4 0.0
0.2000 4 23991.41888
0.3000 4 11848.9088
0.4000 4 25931.28448
0.5000 4 14176.74752
0.6000 4 22009.61024
0.7000 4 19765.6576
0.8000 4 20961.03424
0.9000 4 18884.85376
1.0000 4 25595.74016
1.1000 4 15665.72544
1.2000 4 21978.15296
1.3000 4 25302.13888
1.4000 4 15078.52288
1.5000 4 24620.56448
1.6000 4 13012.82816
1.7000 4 22450.01216
1.8000 4 21946.69568
1.9000 4 21065.89184
2.0000 4 22072.5248
2.1000 4 18465.42336
2.2000 4 23016.2432
2.3000 4 15162.40896
2.4000 4 24746.3936
2.5000 4 21202.20672
2.6000 4 21002.97728
2.7000 4 22491.9552
2.8000 4 19702.74304
2.9000 4 19126.02624
3.0000 4 23383.2448
3.1000 4 17532.19072
3.2000 4 22020.096
3.3000 4 23613.93152
3.4000 4 21338.5216
3.5000 4 23676.84608
3.6000 4 22502.44096
3.7000 4 24400.36352
3.8000 4 21097.34912
3.9000 4 21401.43616
4.0000 4 24893.19424
4.1000 4 18108.90752
4.2000 4 24924.65152
4.3000 4 21736.98048
4.4000 4 22303.21152
4.5000 4 21663.58016
4.6000 4 21810.3808
4.7000 4 23320.33024
4.8000 4 18570.28096
4.9000 4 21978.15296
5.0000 4 23163.04384
5.1000 4 19797.11488
5.2000 4 20898.11968
5.3000 4 22512.92672
5.4000 4 18643.68128
5.5000 4 21653.0944
5.6000 4 23687.33184
5.7000 4 21453.86496
5.8000 4 23498.58816
5.9000 4 23351.78752
6.0000 4 22575.84128
6.1000 4 22177.3824
6.2000 4 23037.21472
6.3000 4 19713.2288
6.4000 4 11628.70784
6.5000 4 19839.05792
6.6000 4 12048.13824
6.7000 4 21244.14976
6.8000 4 18779.99616
6.9000 4 21999.12448
7.0000 4 20552.0896
7.1000 4 15089.00864
7.2000 4 18423.48032
7.3000 4 13316.9152
7.4000 4 12341.73952
7.5000 4 12614.36928
7.6000 4 27483.17696
7.7000 4 22418.55488
7.8000 4 27420.2624
7.9000 4 13767.80288
8.0000 4 8755.6096
8.1000 4 30880.5632
8.2000 4 19629.34272
8.3000 4 20845.69088
8.4000 4 21034.43456
8.5000 4 10643.0464
8.6000 4 19084.0832
8.7000 4 19472.05632
8.8000 4 19063.11168
8.9000 4 17647.53408
9.0000 4 29632.75776
9.1000 4 21139.29216
9.2000 4 23184.01536
9.3000 4 7077.888
9.4000 4 20688.40448
9.5000 4 31499.22304
9.6000 4 10517.21728
9.7000 4 23152.55808
9.8000 4 26088.57088
9.9000 4 23142.07232
10.0000 4 24222.1056
10.1000 4 18213.76512
10.2000 4 19314.76992
10.3000 4 14984.15104
10.4000 4 12949.9136
10.5000 4 22575.84128
10.6000 4 13956.54656
10.7000 4 15581.83936
10.8000 4 27923.57888
10.9000 4 14124.31872
11.0000 4 25144.85248
11.1000 4 19262.34112
11.2000 4 21999.12448
11.3000 4 26109.5424
11.4000 4 33816.576
11.5000 4 13432.25856
11.6000 4 23068.672
11.7000 4 11345.59232
11.8000 4 27776.77824
11.9000 4 22271.75424
12.0000 4 23970.44736
12.1000 4 17490.24768
12.2000 4 22208.83968
12.3000 4 23225.9584
12.4000 4 19513.99936
12.5000 4 23760.73216
12.6000 4 22418.55488
12.7000 4 24536.6784
12.8000 4 20321.40288
12.9000 4 20279.45984
13.0000 4 19671.28576
13.1000 4 17175.67488
13.2000 4 24662.50752
13.3000 4 15571.3536
13.4000 4 24704.45056
13.5000 4 17857.24928
13.6000 4 23299.35872
13.7000 4 20436.74624
13.8000 4 20258.48832
13.9000 4 19136.512
14.0000 4 18308.13696
14.1000 4 19293.7984
14.2000 4 14176.74752
14.3000 4 23246.92992
14.4000 4 13977.51808
14.5000 4 24872.22272
14.6000 4 19912.45824
14.7000 4 22271.75424
14.8000 4 21076.3776
14.9000 4 18570.28096
15.0000 4 23907.5328
15.1000 4 23959.9616
15.2000 4 23488.1024
15.3000 4 21191.72096
15.4000 4 24924.65152
15.5000 4 22953.32864
15.6000 4 20709.376
15.7000 4 23446.15936
15.8000 4 22817.01376
15.9000 4 21013.46304
16.0000 4 22156.41088
16.1000 4 18664.6528
16.2000 4 19566.42816
16.3000 4 21380.46464
16.4000 4 23173.5296
16.5000 4 22083.01056
16.6000 4 19671.28576
16.7000 4 20740.83328
16.8000 4 11754.53696
16.9000 4 30660.36224
17.0000 4 14648.60672
17.1000 4 23131.58656
17.2000 4 22355.64032
17.3000 4 17878.2208
17.4000 4 23362.27328
17.5000 4 21841.83808
17.6000 4 22334.6688
17.7000 4 23362.27328
17.8000 4 19975.3728
17.9000 4 23551.01696
18.0000 4 23026.72896
18.1000 4 23131.58656
18.2000 4 16986.9312
18.3000 4 23540.5312
18.4000 4 20552.0896
18.5000 4 22041.06752
18.6000 4 23655.87456
18.7000 4 22796.04224
18.8000 4 18171.82208
18.9000 4 24012.3904
19.0000 4 21453.86496
19.1000 4 19346.2272
19.2000 4 24096.27648
19.3000 4 19178.45504
19.4000 4 24620.56448
19.5000 4 23897.04704
19.6000 4 21254.63552
19.7000 4 23278.3872
19.8000 4 23309.84448
19.9000 4 20510.14656
20.0000 4 21936.20992
20.1000 4 8829.00992
20.2000 4 1216.34816
