0.1000 4 0.0
0.2000 4 23184.01536
0.3000 4 12048.13824
0.4000 4 17951.62112
0.5000 4 18916.31104
0.6000 4 17888.70656
0.7000 4 21841.83808
0.8000 4 18297.6512
0.9000 4 19702.74304
1.0000 4 20761.8048
1.1000 4 19723.71456
1.2000 4 21904.75264
1.3000 4 21275.60704
1.4000 4 20908.60544
1.5000 4 21904.75264
1.6000 4 20730.34752
1.7000 4 18423.48032
1.8000 4 22837.98528
1.9000 4 18559.7952
2.0000 4 22062.03904
2.1000 4 19419.62752
2.2000 4 20635.97568
2.3000 4 22156.41088
2.4000 4 21223.17824
2.5000 4 21307.06432
2.6000 4 20185.088
2.7000 4 21495.808
2.8000 4 19713.2288
2.9000 4 21873.29536
3.0000 4 20206.05952
3.1000 4 20929.57696
3.2000 4 21653.0944
3.3000 4 20195.57376
3.4000 4 21548.2368
3.5000 4 21716.00896
3.6000 4 19398.656
3.7000 4 19881.00096
3.8000 4 21002.97728
3.9000 4 19587.39968
4.0000 4 21705.5232
4.1000 4 16462.6432
4.2000 4 22439.5264
4.3000 4 21076.3776
4.4000 4 20751.31904
4.5000 4 22292.72576
4.6000 4 20122.17344
4.7000 4 22219.32544
4.8000 4 19461.57056
4.9000 4 19975.3728
5.0000 4 22062.03904
5.1000 4 18517.85216
5.2000 4 22953.32864
5.3000 4 18811.45344
5.4000 4 22303.21152
5.5000 4 18014.53568
5.6000 4 23047.70048
5.7000 4 14701.03552
5.8000 4 21757.952
5.9000 4 18444.45184
6.0000 4 20310.91712
6.1000 4 22827.49952
6.2000 4 18989.71136
6.3000 4 21569.20832
6.4000 4 21778.92352
6.5000 4 19251.85536
6.6000 4 18402.5088
6.7000 4 21579.69408
6.8000 4 21286.0928
6.9000 4 17741.90592
7.0000 4 23865.58976
7.1000 4 13348.37248
7.2000 4 23666.36032
7.3000 4 17406.3616
7.4000 4 21527.26528
7.5000 4 20615.00416
7.6000 4 19860.02944
7.7000 4 23383.2448
7.8000 4 16787.70176
7.9000 4 24893.19424
8.0000 4 15424.55296
8.1000 4 20919.0912
8.2000 4 19681.77152
8.3000 4 16389.24288
8.4000 4 19188.9408
8.5000 4 20751.31904
8.6000 4 21390.9504
8.7000 4 21653.0944
8.8000 4 21883.78112
8.9000 4 19178.45504
9.0000 4 22649.2416
9.1000 4 18622.70976
9.2000 4 24809.30816
9.3000 4 15906.89792
9.4000 4 22670.21312
9.5000 4 18444.45184
9.6000 4 23372.75904
9.7000 4 10443.81696
9.8000 4 23855.104
9.9000 4 14092.86144
10.0000 4 23865.58976
10.1000 4 18025.02144
10.2000 4 22806.528
10.3000 4 14554.23488
10.4000 4 24652.02176
10.5000 4 14208.2048
10.6000 4 23813.16096
10.7000 4 13254.00064
10.8000 4 23456.64512
10.9000 4 14292.09088
11.0000 4 24305.99168
11.1000 4 16263.41376
11.2000 4 23404.21632
11.3000 4 18863.88224
11.4000 4 22103.98208
11.5000 4 20468.20352
11.6000 4 20090.71616
11.7000 4 23488.1024
11.8000 4 14763.95008
11.9000 4 24410.84928
12.0000 4 18045.99296
12.1000 4 21380.46464
12.2000 4 21002.97728
12.3000 4 22020.096
12.4000 4 19283.31264
12.5000 4 23509.07392
12.6000 4 14229.17632
12.7000 4 21810.3808
12.8000 4 15172.89472
12.9000 4 21286.0928
13.0000 4 19702.74304
13.1000 4 20510.14656
13.2000 4 18654.16704
13.3000 4 22607.29856
13.4000 4 19545.45664
13.5000 4 20510.14656
13.6000 4 22638.75584
13.7000 4 19734.20032
13.8000 4 20216.54528
13.9000 4 20248.00256
14.0000 4 21338.5216
14.1000 4 21516.77952
14.2000 4 19367.19872
14.3000 4 21558.72256
14.4000 4 20027.8016
14.5000 4 19881.00096
14.6000 4 21611.15136
14.7000 4 19933.42976
14.8000 4 22659.72736
14.9000 4 20803.74784
15.0000 4 21632.12288
15.1000 4 22879.92832
15.2000 4 17217.61792
15.3000 4 23750.2464
15.4000 4 19084.0832
15.5000 4 18696.11008
15.6000 4 21422.40768
15.7000 4 18287.16544
15.8000 4 15235.80928
15.9000 4 18360.56576
16.0000 4 21716.00896
16.1000 4 18171.82208
16.2000 4 4991.22176
16.3000 4 2411.7248
16.4000 4 26717.71648
16.5000 4 9321.84064
16.6000 4 22135.43936
16.7000 4 24368.90624
16.8000 4 18538.82368
16.9000 4 17112.76032
17.0000 4 7581.20448
17.1000 4 13998.4896
17.2000 4 21401.43616
17.3000 4 4854.90688
17.4000 4 639.63136
17.5000 4 28741.46816
17.6000 4 20740.83328
17.7000 4 21799.89504
17.8000 4 11020.53376
17.9000 4 7046.43072
18.0000 4 22292.72576
18.1000 4 24138.21952
18.2000 4 22324.18304
18.3000 4 17228.10368
18.4000 4 15938.3552
18.5000 4 21810.3808
18.6000 4 12194.93888
18.7000 4 0.0
18.8000 4 20090.71616
18.9000 4 5347.7376
19.0000 4 0.0
19.1000 4 22942.84288
19.2000 4 23047.70048
19.3000 4 18192.7936
19.4000 4 24589.1072
19.5000 4 19566.42816
19.6000 4 17469.27616
19.7000 4 18182.30784
19.8000 4 21317.55008
19.9000 4 25134.36672
20.0000 4 20961.03424
20.1000 4 21086.86336
20.2000 4 14197.71904
20.3000 4 16682.84416
20.4000 4 10034.87232
20.5000 4 23142.07232
20.6000 4 26382.17216
20.7000 4 21002.97728
20.8000 4 23383.2448
20.9000 4 18318.62272
21.0000 4 23928.50432
21.1000 4 19985.85856
21.2000 4 23907.5328
21.3000 4 19409.14176
21.4000 4 9143.58272
21.5000 4 7402.94656
21.6000 4 7077.888
