0.1000 4 0.0
0.2000 4 24452.79232
0.3000 4 11943.28064
0.4000 4 22303.21152
0.5000 4 17878.2208
0.6000 4 22512.92672
0.7000 4 18276.67968
0.8000 4 22554.86976
0.9000 4 20583.54688
1.0000 4 15382.60992
1.1000 4 23488.1024
1.2000 4 11901.3376
1.3000 4 24033.36192
1.4000 4 13054.7712
1.5000 4 23047.70048
1.6000 4 16598.95808
1.7000 4 21999.12448
1.8000 4 20122.17344
1.9000 4 19881.00096
2.0000 4 22030.58176
2.1000 4 18968.73984
2.2000 4 18654.16704
2.3000 4 20919.0912
2.4000 4 18863.88224
2.5000 4 19293.7984
2.6000 4 21726.49472
2.7000 4 20877.14816
2.8000 4 18329.10848
2.9000 4 18790.48192
3.0000 4 23225.9584
3.1000 4 17532.19072
3.2000 4 17972.59264
3.3000 4 21757.952
3.4000 4 20552.0896
3.5000 4 16724.7872
3.6000 4 21548.2368
3.7000 4 21768.43776
3.8000 4 18423.48032
3.9000 4 18685.62432
4.0000 4 23173.5296
4.1000 4 18685.62432
4.2000 4 20709.376
4.3000 4 21307.06432
4.4000 4 18528.33792
4.5000 4 17039.36
4.6000 4 20310.91712
4.7000 4 16819.15904
4.8000 4 20153.63072
4.9000 4 21254.63552
5.0000 4 17542.67648
5.1000 4 20531.11808
5.2000 4 18863.88224
5.3000 4 17951.62112
5.4000 4 19136.512
5.5000 4 21516.77952
5.6000 4 19828.57216
5.7000 4 21023.9488
5.8000 4 14973.66528
5.9000 4 21097.34912
6.0000 4 12519.99744
6.1000 4 21317.55008
6.2000 4 18339.59424
6.3000 4 19839.05792
6.4000 4 23330.816
6.5000 4 14334.03392
6.6000 4 23991.41888
6.7000 4 12404.65408
6.8000 4 23456.64512
6.9000 4 15791.55456
7.0000 4 23938.99008
7.1000 4 15864.95488
7.2000 4 20038.28736
7.3000 4 16326.32832
7.4000 4 19849.54368
7.5000 4 20436.74624
7.6000 4 21432.89344
7.7000 4 16536.04352
7.8000 4 20866.6624
7.9000 4 13579.0592
8.0000 4 20761.8048
8.1000 4 12278.82496
8.2000 4 21432.89344
8.3000 4 20227.03104
8.4000 4 18958.25408
8.5000 4 21611.15136
8.6000 4 22523.41248
8.7000 4 13820.23168
8.8000 4 24379.392
8.9000 4 20573.06112
9.0000 4 19587.39968
9.1000 4 21349.00736
9.2000 4 9772.72832
9.3000 4 10422.84544
9.4000 4 17186.16064
9.5000 4 21590.17984
9.6000 4 18958.25408
9.7000 4 24127.73376
9.8000 4 15843.98336
9.9000 4 23131.58656
10.0000 4 17343.44704
10.1000 4 18350.08
10.2000 4 18685.62432
10.3000 4 18842.91072
10.4000 4 21055.40608
10.5000 4 15162.40896
10.6000 4 18486.39488
10.7000 4 18297.6512
10.8000 4 19063.11168
10.9000 4 17689.47712
11.0000 4 20468.20352
11.1000 4 15833.4976
11.2000 4 20352.86016
11.3000 4 18087.936
11.4000 4 22617.78432
11.5000 4 13149.14304
11.6000 4 23163.04384
11.7000 4 17217.61792
11.8000 4 20824.71936
11.9000 4 19744.68608
12.0000 4 20279.45984
12.1000 4 17112.76032
12.2000 4 21401.43616
12.3000 4 17039.36
12.4000 4 19818.0864
12.5000 4 20824.71936
12.6000 4 19744.68608
12.7000 4 22093.49632
12.8000 4 22062.03904
12.9000 4 22722.64192
13.0000 4 19105.05472
13.1000 4 21055.40608
13.2000 4 20635.97568
13.3000 4 21653.0944
13.4000 4 15235.80928
13.5000 4 19881.00096
13.6000 4 20069.74464
13.7000 4 16148.0704
13.8000 4 21642.60864
13.9000 4 19042.14016
14.0000 4 20216.54528
14.1000 4 18339.59424
14.2000 4 20038.28736
14.3000 4 23246.92992
14.4000 4 16703.81568
14.5000 4 21474.83648
14.6000 4 21338.5216
14.7000 4 15697.18272
14.8000 4 24610.07872
14.9000 4 9216.98304
15.0000 4 22754.0992
15.1000 4 18339.59424
15.2000 4 18025.02144
15.3000 4 12740.1984
15.4000 4 16420.70016
15.5000 4 19094.56896
15.6000 4 11125.39136
15.7000 4 25522.33984
15.8000 4 20709.376
15.9000 4 22754.0992
16.0000 4 18182.30784
16.1000 4 21202.20672
16.2000 4 17123.24608
16.3000 4 8304.72192
16.4000 4 7151.28832
16.5000 4 19188.9408
16.6000 4 25197.28128
16.7000 4 17867.73504
16.8000 4 985.66144
16.9000 4 5463.08096
17.0000 4 5515.50976
17.1000 4 0.0
17.2000 4 21621.63712
17.3000 4 5473.56672
17.4000 4 18863.88224
17.5000 4 27304.91904
17.6000 4 17846.76352
17.7000 4 25983.71328
17.8000 4 9059.69664
17.9000 4 1667.23584
18.0000 4 21653.0944
18.1000 4 9332.3264
18.2000 4 17794.33472
18.3000 4 20153.63072
18.4000 4 8797.55264
18.5000 4 6553.6
18.6000 4 13463.71584
18.7000 4 3166.69952
18.8000 4 22575.84128
18.9000 4 25186.79552
19.0000 4 20688.40448
19.1000 4 9741.27104
19.2000 4 25029.50912
19.3000 4 6427.77088
19.4000 4 26948.4032
19.5000 4 20331.88864
19.6000 4 12331.25376
19.7000 4 11723.07968
19.8000 4 23760.73216
19.9000 4 22900.89984
20.0000 4 16955.47392
20.1000 4 15948.84096
20.2000 4 24924.65152
20.3000 4 17983.0784
20.4000 4 22638.75584
20.5000 4 16389.24288
20.6000 4 21883.78112
20.7000 4 16420.70016
20.8000 4 17878.2208
20.9000 4 14575.2064
21.0000 4 21705.5232
21.1000 4 15864.95488
21.2000 4 21296.57856
21.3000 4 18161.33632
21.4000 4 20531.11808
21.5000 4 18895.33952
21.6000 4 21401.43616
21.7000 4 15382.60992
21.8000 4 21579.69408
21.9000 4 19901.97248
22.0000 4 19786.62912
22.1000 4 17595.10528
22.2000 4 19985.85856
22.3000 4 17584.61952
22.4000 4 22953.32864
22.5000 4 18643.68128
22.6000 4 13967.03232
22.7000 4 1457.52064
