0.1000 4 0.0
0.2000 4 24180.16256
0.3000 4 14396.94848
0.4000 4 20646.46144
0.5000 4 19671.28576
0.6000 4 19576.91392
0.7000 4 18004.04992
0.8000 4 18926.7968
0.9000 4 23236.44416
1.0000 4 10569.64608
1.1000 4 23739.76064
1.2000 4 10338.95936
1.3000 4 25868.36992
1.4000 4 13033.79968
1.5000 4 23844.61824
1.6000 4 19346.2272
1.7000 4 21579.69408
1.8000 4 21936.20992
1.9000 4 22083.01056
2.0000 4 18475.90912
2.1000 4 19482.54208
2.2000 4 20761.8048
2.3000 4 21736.98048
2.4000 4 20373.83168
2.5000 4 22691.18464
2.6000 4 18675.13856
2.7000 4 24568.13568
2.8000 4 20143.14496
2.9000 4 19230.88384
3.0000 4 23855.104
3.1000 4 18528.33792
3.2000 4 22009.61024
3.3000 4 21799.89504
3.4000 4 25186.79552
3.5000 4 18748.53888
3.6000 4 21757.952
3.7000 4 22198.35392
3.8000 4 21055.40608
3.9000 4 18790.48192
4.0000 4 23708.30336
4.1000 4 20436.74624
4.2000 4 19440.59904
4.3000 4 23918.01856
4.4000 4 18612.224
4.5000 4 20667.43296
4.6000 4 21873.29536
4.7000 4 22963.8144
4.8000 4 22712.15616
4.9000 4 19618.85696
5.0000 4 24914.16576
5.1000 4 20090.71616
5.2000 4 23938.99008
5.3000 4 23184.01536
5.4000 4 23918.01856
5.5000 4 20331.88864
5.6000 4 20688.40448
5.7000 4 23016.2432
5.8000 4 20803.74784
5.9000 4 22093.49632
6.0000 4 19199.42656
6.1000 4 21181.2352
6.2000 4 23079.15776
6.3000 4 24536.6784
6.4000 4 25134.36672
6.5000 4 20772.29056
6.6000 4 22020.096
6.7000 4 23467.13088
6.8000 4 18664.6528
6.9000 4 23592.96
7.0000 4 22460.49792
7.1000 4 21212.69248
7.2000 4 23005.75744
7.3000 4 16431.18592
7.4000 4 25333.59616
7.5000 4 18465.42336
7.6000 4 22691.18464
7.7000 4 18045.99296
7.8000 4 23267.90144
7.9000 4 19524.48512
8.0000 4 18800.96768
8.1000 4 20489.17504
8.2000 4 16808.67328
8.3000 4 26560.43008
8.4000 4 19241.3696
8.5000 4 2264.92416
8.6000 4 513.80224
8.7000 4 2128.60928
8.8000 4 32579.25632
8.9000 4 25941.77024
9.0000 4 20394.8032
9.1000 4 21736.98048
9.2000 4 21307.06432
9.3000 4 23718.78912
9.4000 4 16777.216
9.5000 4 2789.21216
9.6000 4 6039.79776
9.7000 4 20615.00416
9.8000 4 26770.14528
9.9000 4 27913.09312
10.0000 4 22670.21312
10.1000 4 24201.13408
10.2000 4 22460.49792
10.3000 4 25448.93952
10.4000 4 21139.29216
10.5000 4 19576.91392
10.6000 4 37874.56512
10.7000 4 16808.67328
10.8000 4 23865.58976
10.9000 4 22313.69728
11.0000 4 22712.15616
11.1000 4 24620.56448
11.2000 4 16640.90112
11.3000 4 10234.10176
11.4000 4 12708.74112
11.5000 4 24054.33344
11.6000 4 25459.42528
11.7000 4 25165.824
11.8000 4 20027.8016
11.9000 4 23341.30176
12.0000 4 22911.3856
12.1000 4 15539.89632
12.2000 4 26109.5424
12.3000 4 7958.69184
12.4000 4 24893.19424
12.5000 4 13652.45952
12.6000 4 21443.3792
12.7000 4 346.03008
12.8000 4 22324.18304
12.9000 4 24693.9648
13.0000 4 9447.66976
13.1000 4 14921.23648
13.2000 4 21044.92032
13.3000 4 25448.93952
13.4000 4 21097.34912
13.5000 4 18161.33632
13.6000 4 14868.80768
13.7000 4 26392.65792
13.8000 4 19534.97088
13.9000 4 21537.75104
14.0000 4 19608.3712
14.1000 4 23026.72896
14.2000 4 7444.8896
14.3000 4 19860.02944
14.4000 4 20258.48832
14.5000 4 19713.2288
14.6000 4 20174.60224
14.7000 4 16221.47072
14.8000 4 20856.17664
14.9000 4 27619.49184
15.0000 4 13463.71584
15.1000 4 24347.93472
15.2000 4 13044.28544
15.3000 4 23488.1024
15.4000 4 13012.82816
15.5000 4 24872.22272
15.6000 4 14963.17952
15.7000 4 22911.3856
15.8000 4 19188.9408
15.9000 4 21307.06432
16.0000 4 20604.5184
16.1000 4 21338.5216
16.2000 4 14512.29184
16.3000 4 22166.89664
16.4000 4 14826.86464
16.5000 4 22586.32704
16.6000 4 21757.952
16.7000 4 18570.28096
16.8000 4 22083.01056
16.9000 4 22575.84128
17.0000 4 14942.208
17.1000 4 22124.9536
17.2000 4 18937.28256
17.3000 4 22429.04064
17.4000 4 17028.87424
17.5000 4 22953.32864
17.6000 4 21349.00736
17.7000 4 18465.42336
17.8000 4 22387.0976
17.9000 4 22072.5248
18.0000 4 18800.96768
18.1000 4 20510.14656
18.2000 4 20761.8048
18.3000 4 21013.46304
18.4000 4 18612.224
18.5000 4 23372.75904
18.6000 4 15497.95328
18.7000 4 17500.73344
18.8000 4 18140.3648
18.9000 4 19524.48512
19.0000 4 20761.8048
19.1000 4 21978.15296
19.2000 4 18580.76672
19.3000 4 22858.9568
19.4000 4 19975.3728
19.5000 4 20017.31584
19.6000 4 21841.83808
19.7000 4 19744.68608
19.8000 4 21076.3776
19.9000 4 15382.60992
20.0000 4 22460.49792
20.1000 4 14596.17792
20.2000 4 22733.12768
20.3000 4 20373.83168
20.4000 4 18339.59424
20.5000 4 22890.41408
20.6000 4 17154.70336
20.7000 4 10695.4752
20.8000 4 283.11552
