0.1000 4 0.0
0.2000 4 10338.95936
0.3000 4 16074.67008
0.4000 4 26686.2592
0.5000 4 6553.6
0.6000 4 15875.44064
0.7000 4 1017.11872
0.8000 4 0.0
0.9000 4 13348.37248
1.0000 4 27713.86368
1.1000 4 18706.59584
1.2000 4 25365.05344
1.3000 4 22764.58496
1.4000 4 20635.97568
1.5000 4 23907.5328
1.6000 4 5861.53984
1.7000 4 325.05856
1.8000 4 534.77376
1.9000 4 0.0
2.0000 4 19010.68288
2.1000 4 8210.35008
2.2000 4 14522.7776
2.3000 4 23938.99008
2.4000 4 29622.272
2.5000 4 22041.06752
2.6000 4 25711.08352
2.7000 4 18129.87904
2.8000 4 23299.35872
2.9000 4 22271.75424
3.0000 4 22796.04224
3.1000 4 22691.18464
3.2000 4 24494.73536
3.3000 4 20814.2336
3.4000 4 19052.62592
3.5000 4 26245.85728
3.6000 4 9248.44032
3.7000 4 22607.29856
3.8000 4 15707.66848
3.9000 4 17018.38848
4.0000 4 3051.35616
4.1000 4 28720.49664
4.2000 4 28793.89696
4.3000 4 16148.0704
4.4000 4 17605.59104
4.5000 4 14375.97696
4.6000 4 11188.30592
4.7000 4 31918.65344
4.8000 4 8482.97984
4.9000 4 26990.34624
5.0000 4 29905.38752
5.1000 4 19356.71296
5.2000 4 25595.74016
5.3000 4 11219.7632
5.4000 4 20300.43136
5.5000 4 30597.44768
5.6000 4 27137.14688
5.7000 4 20310.91712
5.8000 4 26822.57408
5.9000 4 16462.6432
6.0000 4 23592.96
6.1000 4 21328.03584
6.2000 4 21317.55008
6.3000 4 26455.57248
6.4000 4 19503.5136
6.5000 4 25553.79712
6.6000 4 18171.82208
6.7000 4 20415.77472
6.8000 4 21128.8064
6.9000 4 18087.936
7.0000 4 25312.62464
7.1000 4 21453.86496
7.2000 4 23540.5312
7.3000 4 23089.64352
7.4000 4 24620.56448
7.5000 4 23309.84448
7.6000 4 18056.47872
7.7000 4 26791.1168
7.8000 4 12740.1984
7.9000 4 24641.536
8.0000 4 15225.32352
8.1000 4 22869.44256
8.2000 4 22429.04064
8.3000 4 23708.30336
8.4000 4 25176.30976
8.5000 4 24620.56448
8.6000 4 22984.78592
8.7000 4 26487.02976
8.8000 4 18916.31104
8.9000 4 22439.5264
9.0000 4 22366.12608
9.1000 4 15613.29664
9.2000 4 26078.08512
9.3000 4 19503.5136
9.4000 4 23876.07552
9.5000 4 21915.2384
9.6000 4 19650.31424
9.7000 4 25239.22432
9.8000 4 17395.87584
9.9000 4 25186.79552
10.0000 4 22900.89984
10.1000 4 19084.0832
10.2000 4 26161.9712
10.3000 4 20782.77632
10.4000 4 19566.42816
10.5000 4 17888.70656
10.6000 4 25333.59616
10.7000 4 25868.36992
10.8000 4 21055.40608
10.9000 4 22953.32864
11.0000 4 24977.08032
11.1000 4 22303.21152
11.2000 4 22586.32704
11.3000 4 24001.90464
11.4000 4 24767.36512
11.5000 4 21128.8064
11.6000 4 20405.28896
11.7000 4 22974.30016
11.8000 4 20615.00416
11.9000 4 22051.55328
12.0000 4 24379.392
12.1000 4 15686.69696
12.2000 4 24872.22272
12.3000 4 23299.35872
12.4000 4 19094.56896
12.5000 4 24253.56288
12.6000 4 20279.45984
12.7000 4 18853.39648
12.8000 4 24809.30816
12.9000 4 21023.9488
13.0000 4 23834.13248
13.1000 4 23509.07392
13.2000 4 22995.27168
13.3000 4 25721.56928
13.4000 4 19681.77152
13.5000 4 24599.59296
13.6000 4 25019.02336
13.7000 4 19010.68288
13.8000 4 22334.6688
13.9000 4 18717.0816
14.0000 4 27179.08992
14.1000 4 20761.8048
14.2000 4 20248.00256
14.3000 4 20615.00416
14.4000 4 21663.58016
14.5000 4 25228.73856
14.6000 4 19964.88704
14.7000 4 22334.6688
14.8000 4 17983.0784
14.9000 4 26696.74496
15.0000 4 20835.20512
15.1000 4 23802.6752
15.2000 4 23435.6736
15.3000 4 21349.00736
15.4000 4 24096.27648
15.5000 4 18433.96608
15.6000 4 25291.65312
15.7000 4 19084.0832
15.8000 4 22754.0992
15.9000 4 22282.24
16.0000 4 18360.56576
16.1000 4 24714.93632
16.2000 4 22219.32544
16.3000 4 23519.55968
16.4000 4 23037.21472
16.5000 4 23330.816
16.6000 4 23760.73216
16.7000 4 16986.9312
16.8000 4 25616.71168
16.9000 4 17070.81728
17.0000 4 21988.63872
17.1000 4 21642.60864
17.2000 4 18664.6528
17.3000 4 25868.36992
17.4000 4 21296.57856
17.5000 4 20709.376
17.6000 4 25627.19744
17.7000 4 16441.67168
17.8000 4 25155.33824
17.9000 4 21464.35072
18.0000 4 18318.62272
18.1000 4 24735.90784
18.2000 4 21044.92032
18.3000 4 23152.55808
18.4000 4 23184.01536
18.5000 4 25354.56768
18.6000 4 24180.16256
18.7000 4 22974.30016
18.8000 4 24652.02176
18.9000 4 26319.2576
19.0000 4 23488.1024
19.1000 4 21139.29216
19.2000 4 25176.30976
19.3000 4 16315.84256
19.4000 4 21170.74944
19.5000 4 21768.43776
19.6000 4 16598.95808
19.7000 4 25658.65472
19.8000 4 13558.08768
19.9000 4 20992.49152
20.0000 4 5651.82464
20.1000 4 325.05856
