0.1000 4 0.0
0.2000 4 21453.86496
0.3000 4 15676.2112
0.4000 4 24987.56608
0.5000 4 15141.43744
0.6000 4 23655.87456
0.7000 4 16903.04512
0.8000 4 24138.21952
0.9000 4 19052.62592
1.0000 4 20048.77312
1.1000 4 19377.68448
1.2000 4 22345.15456
1.3000 4 19482.54208
1.4000 4 22041.06752
1.5000 4 20992.49152
1.6000 4 17951.62112
1.7000 4 17794.33472
1.8000 4 22680.69888
1.9000 4 17909.67808
2.0000 4 22198.35392
2.1000 4 17668.5056
2.2000 4 18916.31104
2.3000 4 17353.9328
2.4000 4 17490.24768
2.5000 4 19409.14176
2.6000 4 16882.0736
2.7000 4 20615.00416
2.8000 4 14669.57824
2.9000 4 20352.86016
3.0000 4 13421.7728
3.1000 4 21432.89344
3.2000 4 18507.3664
3.3000 4 21013.46304
3.4000 4 17658.01984
3.5000 4 21097.34912
3.6000 4 19482.54208
3.7000 4 19629.34272
3.8000 4 19451.0848
3.9000 4 17867.73504
4.0000 4 20122.17344
4.1000 4 19576.91392
4.2000 4 16861.10208
4.3000 4 19828.57216
4.4000 4 15802.04032
4.5000 4 23435.6736
4.6000 4 14187.23328
4.7000 4 22796.04224
4.8000 4 16064.18432
4.9000 4 21841.83808
5.0000 4 17028.87424
5.1000 4 21233.664
5.2000 4 18685.62432
5.3000 4 19839.05792
5.4000 4 18675.13856
5.5000 4 22355.64032
5.6000 4 13264.4864
5.7000 4 20719.86176
5.8000 4 18402.5088
5.9000 4 20405.28896
6.0000 4 20342.3744
6.1000 4 19985.85856
6.2000 4 19734.20032
6.3000 4 19241.3696
6.4000 4 11964.25216
6.5000 4 23708.30336
6.6000 4 18853.39648
6.7000 4 13904.11776
6.8000 4 19000.19712
6.9000 4 16305.3568
7.0000 4 23540.5312
7.1000 4 19996.34432
7.2000 4 19314.76992
7.3000 4 16085.15584
7.4000 4 22366.12608
7.5000 4 18790.48192
7.6000 4 19503.5136
7.7000 4 18895.33952
7.8000 4 33386.65984
7.9000 4 16850.61632
8.0000 4 23026.72896
8.1000 4 12519.99744
8.2000 4 22187.86816
8.3000 4 20656.9472
8.4000 4 20195.57376
8.5000 4 18098.42176
8.6000 4 20258.48832
8.7000 4 19272.82688
8.8000 4 21936.20992
8.9000 4 19671.28576
9.0000 4 19262.34112
9.1000 4 14386.46272
9.2000 4 16179.52768
9.3000 4 14805.89312
9.4000 4 13589.54496
9.5000 4 20751.31904
9.6000 4 18203.27936
9.7000 4 19472.05632
9.8000 4 23215.47264
9.9000 4 16294.87104
10.0000 4 21170.74944
10.1000 4 17616.0768
10.2000 4 11408.50688
10.3000 4 22995.27168
10.4000 4 8713.66656
10.5000 4 27242.00448
10.6000 4 24767.36512
10.7000 4 16504.58624
10.8000 4 19440.59904
10.9000 4 19576.91392
11.0000 4 18811.45344
11.1000 4 16882.0736
11.2000 4 23624.41728
11.3000 4 19367.19872
11.4000 4 21181.2352
11.5000 4 17060.33152
11.6000 4 18004.04992
11.7000 4 12058.624
11.8000 4 20856.17664
11.9000 4 27021.80352
12.0000 4 15518.9248
12.1000 4 25207.76704
12.2000 4 9143.58272
12.3000 4 23173.5296
12.4000 4 15812.52608
12.5000 4 23047.70048
12.6000 4 16116.61312
12.7000 4 22617.78432
12.8000 4 20814.2336
12.9000 4 18004.04992
13.0000 4 18570.28096
13.1000 4 12582.912
13.2000 4 18643.68128
13.3000 4 24620.56448
13.4000 4 20709.376
13.5000 4 18066.96448
13.6000 4 22093.49632
13.7000 4 20216.54528
13.8000 4 20331.88864
13.9000 4 19367.19872
14.0000 4 18402.5088
14.1000 4 20982.00576
14.2000 4 19870.5152
14.3000 4 21464.35072
14.4000 4 21065.89184
14.5000 4 19283.31264
14.6000 4 16357.7856
14.7000 4 15078.52288
14.8000 4 19629.34272
14.9000 4 18507.3664
15.0000 4 21170.74944
15.1000 4 11565.79328
15.2000 4 23823.64672
15.3000 4 16693.32992
15.4000 4 20667.43296
15.5000 4 21065.89184
15.6000 4 17343.44704
15.7000 4 15214.83776
15.8000 4 19461.57056
15.9000 4 19534.97088
16.0000 4 19105.05472
16.1000 4 20751.31904
16.2000 4 12991.85664
16.3000 4 19063.11168
16.4000 4 20132.6592
16.5000 4 24777.85088
16.6000 4 17070.81728
16.7000 4 21286.0928
16.8000 4 17637.04832
16.9000 4 19451.0848
17.0000 4 18056.47872
17.1000 4 20352.86016
17.2000 4 19629.34272
17.3000 4 17144.2176
17.4000 4 19451.0848
17.5000 4 19975.3728
17.6000 4 15151.9232
17.7000 4 21202.20672
17.8000 4 18528.33792
17.9000 4 20468.20352
18.0000 4 18161.33632
18.1000 4 20457.71776
18.2000 4 10496.24576
18.3000 4 21244.14976
18.4000 4 15571.3536
18.5000 4 21118.32064
18.6000 4 18297.6512
18.7000 4 23320.33024
18.8000 4 15246.29504
18.9000 4 20730.34752
19.0000 4 15256.7808
19.1000 4 20038.28736
19.2000 4 15518.9248
19.3000 4 21223.17824
19.4000 4 18591.25248
19.5000 4 18675.13856
19.6000 4 18654.16704
19.7000 4 20625.48992
19.8000 4 20793.26208
19.9000 4 18727.56736
20.0000 4 19283.31264
20.1000 4 21286.0928
20.2000 4 19461.57056
20.3000 4 20552.0896
20.4000 4 20510.14656
20.5000 4 20143.14496
20.6000 4 15896.41216
20.7000 4 22512.92672
20.8000 4 18392.02304
20.9000 4 17154.70336
21.0000 4 21516.77952
21.1000 4 16179.52768
21.2000 4 17972.59264
21.3000 4 16169.04192
21.4000 4 19409.14176
21.5000 4 18224.25088
21.6000 4 16263.41376
21.7000 4 22083.01056
21.8000 4 14113.83296
21.9000 4 5840.56832
22.0000 4 912.26112
