0.1000 4 0.0
0.2000 4 22156.41088
0.3000 4 14155.776
0.4000 4 23204.98688
0.5000 4 19209.91232
0.6000 4 23016.2432
0.7000 4 23991.41888
0.8000 4 23498.58816
0.9000 4 20845.69088
1.0000 4 22817.01376
1.1000 4 17972.59264
1.2000 4 19954.40128
1.3000 4 19933.42976
1.4000 4 20919.0912
1.5000 4 20122.17344
1.6000 4 19398.656
1.7000 4 18916.31104
1.8000 4 16357.7856
1.9000 4 21065.89184
2.0000 4 17479.76192
2.1000 4 24180.16256
2.2000 4 17091.7888
2.3000 4 20866.6624
2.4000 4 21044.92032
2.5000 4 20090.71616
2.6000 4 23341.30176
2.7000 4 18654.16704
2.8000 4 21537.75104
2.9000 4 21212.69248
3.0000 4 22376.61184
3.1000 4 20677.91872
3.2000 4 19167.96928
3.3000 4 21233.664
3.4000 4 22324.18304
3.5000 4 20195.57376
3.6000 4 21443.3792
3.7000 4 21799.89504
3.8000 4 19734.20032
3.9000 4 21810.3808
4.0000 4 23005.75744
4.1000 4 20856.17664
4.2000 4 23131.58656
4.3000 4 17815.30624
4.4000 4 21957.18144
4.5000 4 20237.5168
4.6000 4 23173.5296
4.7000 4 20594.03264
4.8000 4 21716.00896
4.9000 4 22712.15616
5.0000 4 20845.69088
5.1000 4 20258.48832
5.2000 4 20583.54688
5.3000 4 18842.91072
5.4000 4 22450.01216
5.5000 4 22187.86816
5.6000 4 21548.2368
5.7000 4 22764.58496
5.8000 4 17144.2176
5.9000 4 20635.97568
6.0000 4 19786.62912
6.1000 4 22229.8112
6.2000 4 19356.71296
6.3000 4 22974.30016
6.4000 4 19146.99776
6.5000 4 21411.92192
6.6000 4 22523.41248
6.7000 4 21915.2384
6.8000 4 19849.54368
6.9000 4 22743.61344
7.0000 4 19430.11328
7.1000 4 18863.88224
7.2000 4 23634.90304
7.3000 4 20216.54528
7.4000 4 20489.17504
7.5000 4 22607.29856
7.6000 4 18696.11008
7.7000 4 22754.0992
7.8000 4 21432.89344
7.9000 4 20940.06272
8.0000 4 21716.00896
8.1000 4 19157.48352
8.2000 4 19388.17024
8.3000 4 22554.86976
8.4000 4 20656.9472
8.5000 4 20111.68768
8.6000 4 19430.11328
8.7000 4 21621.63712
8.8000 4 22963.8144
8.9000 4 19996.34432
9.0000 4 23918.01856
9.1000 4 19157.48352
9.2000 4 19419.62752
9.3000 4 22187.86816
9.4000 4 22817.01376
9.5000 4 19188.9408
9.6000 4 22523.41248
9.7000 4 19922.944
9.8000 4 24463.27808
9.9000 4 18853.39648
10.0000 4 23204.98688
10.1000 4 21506.29376
10.2000 4 16976.44544
10.3000 4 20814.2336
10.4000 4 17815.30624
10.5000 4 23582.47424
10.6000 4 13285.45792
10.7000 4 21684.55168
10.8000 4 15089.00864
10.9000 4 25805.45536
11.0000 4 13715.37408
11.1000 4 23477.61664
11.2000 4 19136.512
11.3000 4 22565.35552
11.4000 4 21023.9488
11.5000 4 18853.39648
11.6000 4 24138.21952
11.7000 4 15109.98016
11.8000 4 24977.08032
11.9000 4 13369.344
12.0000 4 23194.50112
12.1000 4 16137.58464
12.2000 4 21275.60704
12.3000 4 19230.88384
12.4000 4 18392.02304
12.5000 4 22512.92672
12.6000 4 17867.73504
12.7000 4 23530.04544
12.8000 4 20499.6608
12.9000 4 21988.63872
13.0000 4 21537.75104
13.1000 4 16829.6448
13.2000 4 23425.18784
13.3000 4 19985.85856
13.4000 4 22145.92512
13.5000 4 21265.12128
13.6000 4 21967.6672
13.7000 4 22848.47104
13.8000 4 15938.3552
13.9000 4 23320.33024
14.0000 4 22271.75424
14.1000 4 19304.28416
14.2000 4 22481.46944
14.3000 4 19409.14176
14.4000 4 22775.07072
14.5000 4 18696.11008
14.6000 4 21055.40608
14.7000 4 1174.40512
14.8000 4 4582.27712
14.9000 4 660.60288
15.0000 4 14501.80608
15.1000 4 8346.66496
15.2000 4 8954.83904
15.3000 4 29842.47296
15.4000 4 27996.9792
15.5000 4 24714.93632
15.6000 4 22208.83968
15.7000 4 21275.60704
15.8000 4 22743.61344
15.9000 4 8493.4656
16.0000 4 17532.19072
16.1000 4 12750.68416
16.2000 4 8996.78208
16.3000 4 24966.59456
16.4000 4 31048.33536
16.5000 4 22376.61184
16.6000 4 20877.14816
16.7000 4 22093.49632
16.8000 4 17060.33152
16.9000 4 13474.2016
17.0000 4 18884.85376
17.1000 4 28007.46496
17.2000 4 22083.01056
17.3000 4 12824.08448
17.4000 4 19451.0848
17.5000 4 24589.1072
17.6000 4 21118.32064
17.7000 4 21349.00736
17.8000 4 21055.40608
17.9000 4 20321.40288
18.0000 4 21789.40928
18.1000 4 16504.58624
18.2000 4 23708.30336
18.3000 4 5976.8832
18.4000 4 19891.48672
18.5000 4 18643.68128
18.6000 4 19713.2288
18.7000 4 20793.26208
18.8000 4 17301.504
18.9000 4 21275.60704
19.0000 4 22219.32544
19.1000 4 21768.43776
19.2000 4 9080.66816
19.3000 4 11041.50528
19.4000 4 115.34336
19.5000 4 11712.59392
19.6000 4 11523.85024
19.7000 4 10737.41824
19.8000 4 23886.56128
19.9000 4 22942.84288
20.0000 4 25669.14048
20.1000 4 21873.29536
20.2000 4 23498.58816
20.3000 4 15424.55296
20.4000 4 21317.55008
20.5000 4 20877.14816
20.6000 4 16871.58784
20.7000 4 8587.83744
20.8000 4 13673.43104
20.9000 4 23897.04704
21.0000 4 13180.60032
21.1000 4 11251.22048
