0.1000 4 0.0
0.2000 4 22554.86976
0.3000 4 15634.26816
0.4000 4 16137.58464
0.5000 4 20541.60384
0.6000 4 18444.45184
0.7000 4 17364.41856
0.8000 4 20625.48992
0.9000 4 17311.98976
1.0000 4 19881.00096
1.1000 4 20101.20192
1.2000 4 18821.9392
1.3000 4 16420.70016
1.4000 4 20373.83168
1.5000 4 12173.96736
1.6000 4 21349.00736
1.7000 4 18297.6512
1.8000 4 18171.82208
1.9000 4 17280.53248
2.0000 4 17249.0752
2.1000 4 16588.47232
2.2000 4 15728.64
2.3000 4 18192.7936
2.4000 4 13149.14304
2.5000 4 17804.82048
2.6000 4 15676.2112
2.7000 4 17175.67488
2.8000 4 16934.5024
2.9000 4 16200.4992
3.0000 4 19063.11168
3.1000 4 16955.47392
3.2000 4 21254.63552
3.3000 4 21013.46304
3.4000 4 22083.01056
3.5000 4 16630.41536
3.6000 4 21936.20992
3.7000 4 22303.21152
3.8000 4 18308.13696
3.9000 4 16850.61632
4.0000 4 22041.06752
4.1000 4 12897.4848
4.2000 4 22491.9552
4.3000 4 20216.54528
4.4000 4 19545.45664
4.5000 4 20510.14656
4.6000 4 18916.31104
4.7000 4 20373.83168
4.8000 4 16326.32832
4.9000 4 22387.0976
5.0000 4 16399.72864
5.1000 4 17920.16384
5.2000 4 20656.9472
5.3000 4 17154.70336
5.4000 4 19325.25568
5.5000 4 19786.62912
5.6000 4 17804.82048
5.7000 4 18811.45344
5.8000 4 19943.91552
5.9000 4 19912.45824
6.0000 4 12719.22688
6.1000 4 21422.40768
6.2000 4 19398.656
6.3000 4 16095.6416
6.4000 4 20982.00576
6.5000 4 15382.60992
6.6000 4 19734.20032
6.7000 4 19031.6544
6.8000 4 20143.14496
6.9000 4 18045.99296
7.0000 4 16777.216
7.1000 4 21317.55008
7.2000 4 10821.30432
7.3000 4 21275.60704
7.4000 4 17238.58944
7.5000 4 19021.16864
7.6000 4 18633.19552
7.7000 4 16326.32832
7.8000 4 17710.44864
7.9000 4 20216.54528
8.0000 4 15508.43904
8.1000 4 19430.11328
8.2000 4 18098.42176
8.3000 4 19220.39808
8.4000 4 18287.16544
8.5000 4 19608.3712
8.6000 4 15414.0672
8.7000 4 16326.32832
8.8000 4 18433.96608
8.9000 4 3198.1568
9.0000 4 272.62976
9.1000 4 23089.64352
9.2000 4 22712.15616
9.3000 4 20069.74464
9.4000 4 17112.76032
9.5000 4 16598.95808
9.6000 4 20940.06272
9.7000 4 16273.89952
9.8000 4 8409.57952
9.9000 4 9688.84224
10.0000 4 16965.95968
10.1000 4 22366.12608
10.2000 4 19996.34432
10.3000 4 0.0
10.4000 4 796.91776
10.5000 4 5421.13792
10.6000 4 14281.60512
10.7000 4 19000.19712
10.8000 4 29014.09792
10.9000 4 19545.45664
11.0000 4 17322.47552
11.1000 4 17983.0784
11.2000 4 16903.04512
11.3000 4 20887.63392
11.4000 4 19597.88544
11.5000 4 13956.54656
11.6000 4 16986.9312
11.7000 4 19010.68288
11.8000 4 19293.7984
11.9000 4 20824.71936
12.0000 4 16557.01504
12.1000 4 16473.12896
12.2000 4 15057.55136
12.3000 4 14889.7792
12.4000 4 16273.89952
12.5000 4 18045.99296
12.6000 4 7717.51936
12.7000 4 10223.616
12.8000 4 17972.59264
12.9000 4 24106.76224
13.0000 4 11093.93408
13.1000 4 23624.41728
13.2000 4 25165.824
13.3000 4 24159.19104
13.4000 4 21139.29216
13.5000 4 22219.32544
13.6000 4 17280.53248
13.7000 4 19555.9424
13.8000 4 15277.75232
13.9000 4 18350.08
14.0000 4 15351.15264
14.1000 4 18842.91072
14.2000 4 16431.18592
14.3000 4 17039.36
14.4000 4 19136.512
14.5000 4 15990.784
14.6000 4 22345.15456
14.7000 4 15539.89632
14.8000 4 20510.14656
14.9000 4 15812.52608
15.0000 4 19828.57216
15.1000 4 16986.9312
15.2000 4 20394.8032
15.3000 4 20237.5168
15.4000 4 15351.15264
15.5000 4 22932.35712
15.6000 4 13295.94368
15.7000 4 19534.97088
15.8000 4 20615.00416
15.9000 4 17249.0752
16.0000 4 20342.3744
16.1000 4 16546.52928
16.2000 4 20363.34592
16.3000 4 17678.99136
16.4000 4 21244.14976
16.5000 4 19230.88384
16.6000 4 17112.76032
16.7000 4 20331.88864
16.8000 4 17521.70496
16.9000 4 20069.74464
17.0000 4 19461.57056
17.1000 4 17899.19232
17.2000 4 18528.33792
17.3000 4 20080.2304
17.4000 4 18444.45184
17.5000 4 17553.16224
17.6000 4 21023.9488
17.7000 4 16053.69856
17.8000 4 19566.42816
17.9000 4 19954.40128
18.0000 4 19000.19712
18.1000 4 18842.91072
18.2000 4 19807.60064
18.3000 4 15927.86944
18.4000 4 18129.87904
18.5000 4 21716.00896
18.6000 4 11377.0496
18.7000 4 17731.42016
18.8000 4 19860.02944
18.9000 4 20835.20512
19.0000 4 20352.86016
19.1000 4 20573.06112
19.2000 4 18297.6512
19.3000 4 17217.61792
19.4000 4 21967.6672
19.5000 4 16955.47392
19.6000 4 19943.91552
19.7000 4 20615.00416
19.8000 4 16273.89952
19.9000 4 16798.18752
20.0000 4 12163.4816
20.1000 4 24001.90464
20.2000 4 18224.25088
20.3000 4 17479.76192
20.4000 4 20845.69088
20.5000 4 17280.53248
20.6000 4 20877.14816
20.7000 4 14963.17952
20.8000 4 20478.68928
20.9000 4 16588.47232
21.0000 4 18748.53888
21.1000 4 18643.68128
21.2000 4 19293.7984
21.3000 4 16829.6448
21.4000 4 21002.97728
21.5000 4 15361.6384
21.6000 4 16242.44224
21.7000 4 17018.38848
21.8000 4 14292.09088
21.9000 4 23823.64672
22.0000 4 18402.5088
22.1000 4 21506.29376
22.2000 4 19063.11168
22.3000 4 18842.91072
22.4000 4 18517.85216
22.5000 4 19105.05472
22.6000 4 15204.352
22.7000 4 20384.31744
22.8000 4 23351.78752
22.9000 4 19493.02784
23.0000 4 20646.46144
23.1000 4 14753.46432
23.2000 4 5148.50816
