0.1000 4 0.0
0.2000 4 23865.58976
0.3000 4 12436.11136
0.4000 4 19493.02784
0.5000 4 16378.75712
0.6000 4 20940.06272
0.7000 4 16158.55616
0.8000 4 22806.528
0.9000 4 14931.72224
1.0000 4 26182.94272
1.1000 4 15319.69536
1.2000 4 24704.45056
1.3000 4 22984.78592
1.4000 4 22806.528
1.5000 4 23267.90144
1.6000 4 19356.71296
1.7000 4 21757.952
1.8000 4 23362.27328
1.9000 4 19839.05792
2.0000 4 20237.5168
2.1000 4 21506.29376
2.2000 4 21034.43456
2.3000 4 19996.34432
2.4000 4 21390.9504
2.5000 4 21212.69248
2.6000 4 18475.90912
2.7000 4 19209.91232
2.8000 4 16378.75712
2.9000 4 17049.84576
3.0000 4 10506.73152
3.1000 4 22974.30016
3.2000 4 7895.77728
3.3000 4 23949.47584
3.4000 4 13641.97376
3.5000 4 22156.41088
3.6000 4 20457.71776
3.7000 4 20090.71616
3.8000 4 17007.90272
3.9000 4 23121.1008
4.0000 4 18224.25088
4.1000 4 19597.88544
4.2000 4 21401.43616
4.3000 4 17228.10368
4.4000 4 22072.5248
4.5000 4 19377.68448
4.6000 4 20604.5184
4.7000 4 20468.20352
4.8000 4 20027.8016
4.9000 4 23152.55808
5.0000 4 16462.6432
5.1000 4 22879.92832
5.2000 4 16735.27296
5.3000 4 19660.8
5.4000 4 19356.71296
5.5000 4 19755.17184
5.6000 4 17353.9328
5.7000 4 22418.55488
5.8000 4 19398.656
5.9000 4 19870.5152
6.0000 4 19797.11488
6.1000 4 16934.5024
6.2000 4 18853.39648
6.3000 4 19398.656
6.4000 4 21621.63712
6.5000 4 17060.33152
6.6000 4 21726.49472
6.7000 4 17175.67488
6.8000 4 21999.12448
6.9000 4 16787.70176
7.0000 4 19650.31424
7.1000 4 21254.63552
7.2000 4 18350.08
7.3000 4 21286.0928
7.4000 4 20426.26048
7.5000 4 17353.9328
7.6000 4 20038.28736
7.7000 4 18245.2224
7.8000 4 19975.3728
7.9000 4 20520.63232
8.0000 4 19828.57216
8.1000 4 19220.39808
8.2000 4 19052.62592
8.3000 4 18591.25248
8.4000 4 16001.26976
8.5000 4 18077.45024
8.6000 4 17532.19072
8.7000 4 18811.45344
8.8000 4 19797.11488
8.9000 4 20646.46144
9.0000 4 17070.81728
9.1000 4 22837.98528
9.2000 4 16001.26976
9.3000 4 23393.73056
9.4000 4 20772.29056
9.5000 4 22324.18304
9.6000 4 19786.62912
9.7000 4 21831.35232
9.8000 4 22953.32864
9.9000 4 18339.59424
10.0000 4 22754.0992
10.1000 4 15445.52448
10.2000 4 19503.5136
10.3000 4 21967.6672
10.4000 4 20615.00416
10.5000 4 22565.35552
10.6000 4 19461.57056
10.7000 4 19629.34272
10.8000 4 20604.5184
10.9000 4 19576.91392
11.0000 4 20814.2336
11.1000 4 18056.47872
11.2000 4 22565.35552
11.3000 4 17553.16224
11.4000 4 22712.15616
11.5000 4 14774.43584
11.6000 4 23949.47584
11.7000 4 12928.94208
11.8000 4 22911.3856
11.9000 4 17752.39168
12.0000 4 19325.25568
12.1000 4 20321.40288
12.2000 4 22062.03904
12.3000 4 18192.7936
12.4000 4 20950.54848
12.5000 4 19398.656
12.6000 4 20048.77312
12.7000 4 19597.88544
12.8000 4 19576.91392
12.9000 4 22502.44096
13.0000 4 11335.10656
13.1000 4 24410.84928
13.2000 4 13379.82976
13.3000 4 23215.47264
13.4000 4 18601.73824
13.5000 4 22219.32544
13.6000 4 18140.3648
13.7000 4 20206.05952
13.8000 4 12803.11296
13.9000 4 18633.19552
14.0000 4 17144.2176
14.1000 4 21002.97728
14.2000 4 21118.32064
14.3000 4 21128.8064
14.4000 4 24264.04864
14.5000 4 21076.3776
14.6000 4 23582.47424
14.7000 4 16494.10048
14.8000 4 19335.74144
14.9000 4 11660.16512
15.0000 4 21642.60864
15.1000 4 18392.02304
15.2000 4 18381.53728
15.3000 4 23750.2464
15.4000 4 18916.31104
15.5000 4 26518.48704
15.6000 4 18958.25408
15.7000 4 23456.64512
15.8000 4 13170.11456
15.9000 4 11702.10816
16.0000 4 31834.76736
16.1000 4 20772.29056
16.2000 4 24253.56288
16.3000 4 20950.54848
16.4000 4 20908.60544
16.5000 4 22261.26848
16.6000 4 15539.89632
16.7000 4 24075.30496
16.8000 4 22932.35712
16.9000 4 16315.84256
17.0000 4 26623.34464
17.1000 4 11335.10656
17.2000 4 18821.9392
17.3000 4 21265.12128
17.4000 4 23341.30176
17.5000 4 21684.55168
17.6000 4 17532.19072
17.7000 4 3911.18848
17.8000 4 20384.31744
17.9000 4 22942.84288
18.0000 4 24368.90624
18.1000 4 0.0
18.2000 4 20457.71776
18.3000 4 23383.2448
18.4000 4 25396.51072
18.5000 4 23435.6736
18.6000 4 8829.00992
18.7000 4 18035.5072
18.8000 4 21233.664
18.9000 4 14050.9184
19.0000 4 19346.2272
19.1000 4 21107.83488
19.2000 4 22942.84288
19.3000 4 9583.98464
19.4000 4 30849.10592
19.5000 4 15141.43744
19.6000 4 24096.27648
19.7000 4 21569.20832
19.8000 4 21013.46304
19.9000 4 19807.60064
20.0000 4 23771.21792
20.1000 4 14092.86144
20.2000 4 22879.92832
20.3000 4 13474.2016
20.4000 4 18297.6512
20.5000 4 22020.096
20.6000 4 23184.01536
20.7000 4 22911.3856
20.8000 4 21223.17824
20.9000 4 22858.9568
21.0000 4 20615.00416
21.1000 4 20583.54688
21.2000 4 16798.18752
21.3000 4 4383.04768
