0.1000 4 0.0
0.2000 4 22397.58336
0.3000 4 13683.9168
0.4000 4 23278.3872
0.5000 4 17175.67488
0.6000 4 20761.8048
0.7000 4 19660.8
0.8000 4 17039.36
0.9000 4 18643.68128
1.0000 4 17741.90592
1.1000 4 13348.37248
1.2000 4 19503.5136
1.3000 4 11723.07968
1.4000 4 20940.06272
1.5000 4 13715.37408
1.6000 4 20625.48992
1.7000 4 16619.9296
1.8000 4 20541.60384
1.9000 4 10947.13344
2.0000 4 21212.69248
2.1000 4 15487.46752
2.2000 4 19335.74144
2.3000 4 16431.18592
2.4000 4 19597.88544
2.5000 4 8409.57952
2.6000 4 4791.99232
2.7000 4 24599.59296
2.8000 4 16955.47392
2.9000 4 19807.60064
3.0000 4 17238.58944
3.1000 4 14155.776
3.2000 4 19377.68448
3.3000 4 21548.2368
3.4000 4 14365.4912
3.5000 4 21925.72416
3.6000 4 18675.13856
3.7000 4 19964.88704
3.8000 4 20562.57536
3.9000 4 19031.6544
4.0000 4 20730.34752
4.1000 4 6427.77088
4.2000 4 16515.072
4.3000 4 15885.9264
4.4000 4 23142.07232
4.5000 4 20772.29056
4.6000 4 20919.0912
4.7000 4 11670.65088
4.8000 4 16043.2128
4.9000 4 5809.11104
5.0000 4 10978.59072
5.1000 4 9227.4688
5.2000 4 12897.4848
5.3000 4 11723.07968
5.4000 4 20300.43136
5.5000 4 19283.31264
5.6000 4 21789.40928
5.7000 4 14805.89312
5.8000 4 12886.99904
5.9000 4 25144.85248
6.0000 4 24641.536
6.1000 4 20688.40448
6.2000 4 17291.01824
6.3000 4 19933.42976
6.4000 4 18182.30784
6.5000 4 20090.71616
6.6000 4 17133.73184
6.7000 4 15340.66688
6.8000 4 20531.11808
6.9000 4 17794.33472
7.0000 4 23676.84608
7.1000 4 30607.93344
7.2000 4 17207.13216
7.3000 4 20992.49152
7.4000 4 16410.2144
7.5000 4 18423.48032
7.6000 4 17427.33312
7.7000 4 13778.28864
7.8000 4 18580.76672
7.9000 4 16955.47392
8.0000 4 18402.5088
8.1000 4 18685.62432
8.2000 4 18947.76832
8.3000 4 17930.6496
8.4000 4 14879.29344
8.5000 4 19126.02624
8.6000 4 19031.6544
8.7000 4 18759.02464
8.8000 4 19167.96928
8.9000 4 17437.81888
9.0000 4 20635.97568
9.1000 4 17458.7904
9.2000 4 17783.84896
9.3000 4 19660.8
9.4000 4 19587.39968
9.5000 4 16441.67168
9.6000 4 20122.17344
9.7000 4 16315.84256
9.8000 4 20248.00256
9.9000 4 19776.14336
10.0000 4 17511.2192
10.1000 4 11010.048
10.2000 4 22470.98368
10.3000 4 9793.69984
10.4000 4 22932.35712
10.5000 4 21873.29536
10.6000 4 17647.53408
10.7000 4 18119.39328
10.8000 4 20908.60544
10.9000 4 22083.01056
11.0000 4 22628.27008
11.1000 4 16693.32992
11.2000 4 23225.9584
11.3000 4 18842.91072
11.4000 4 19608.3712
11.5000 4 14931.72224
11.6000 4 22261.26848
11.7000 4 22324.18304
11.8000 4 18905.82528
11.9000 4 24578.62144
12.0000 4 7570.71872
12.1000 4 23446.15936
12.2000 4 17710.44864
12.3000 4 19618.85696
12.4000 4 18329.10848
12.5000 4 20824.71936
12.6000 4 18224.25088
12.7000 4 16903.04512
12.8000 4 22240.29696
12.9000 4 14229.17632
13.0000 4 20698.89024
13.1000 4 16745.75872
13.2000 4 20426.26048
13.3000 4 14103.3472
13.4000 4 21537.75104
13.5000 4 16944.98816
13.6000 4 19954.40128
13.7000 4 21359.49312
13.8000 4 18853.39648
13.9000 4 19367.19872
14.0000 4 21411.92192
14.1000 4 17007.90272
14.2000 4 18622.70976
14.3000 4 19272.82688
14.4000 4 16452.15744
14.5000 4 16903.04512
14.6000 4 19713.2288
14.7000 4 16630.41536
14.8000 4 20656.9472
14.9000 4 19744.68608
15.0000 4 20740.83328
15.1000 4 16064.18432
15.2000 4 20656.9472
15.3000 4 17720.9344
15.4000 4 20656.9472
15.5000 4 16074.67008
15.6000 4 20048.77312
15.7000 4 20510.14656
15.8000 4 19985.85856
15.9000 4 19356.71296
16.0000 4 18517.85216
16.1000 4 18591.25248
16.2000 4 17867.73504
16.3000 4 21516.77952
16.4000 4 15885.9264
16.5000 4 18643.68128
16.6000 4 20719.86176
16.7000 4 14543.74912
16.8000 4 21170.74944
16.9000 4 18360.56576
17.0000 4 20950.54848
17.1000 4 12236.88192
17.2000 4 21684.55168
17.3000 4 12058.624
17.4000 4 18706.59584
17.5000 4 18958.25408
17.6000 4 16903.04512
17.7000 4 20887.63392
17.8000 4 15686.69696
17.9000 4 19975.3728
18.0000 4 20101.20192
18.1000 4 19272.82688
18.2000 4 17479.76192
18.3000 4 17207.13216
18.4000 4 21055.40608
18.5000 4 15854.46912
18.6000 4 16231.95648
18.7000 4 19000.19712
18.8000 4 18433.96608
18.9000 4 19136.512
19.0000 4 16326.32832
19.1000 4 22261.26848
19.2000 4 15781.0688
19.3000 4 18098.42176
19.4000 4 18706.59584
19.5000 4 19094.56896
19.6000 4 19167.96928
19.7000 4 19545.45664
19.8000 4 18203.27936
19.9000 4 16808.67328
20.0000 4 19524.48512
20.1000 4 19346.2272
20.2000 4 12666.79808
20.3000 4 20268.97408
20.4000 4 3250.5856
20.5000 4 23121.1008
20.6000 4 14313.0624
20.7000 4 19534.97088
20.8000 4 20562.57536
20.9000 4 10391.38816
21.0000 4 21453.86496
21.1000 4 14092.86144
21.2000 4 19451.0848
21.3000 4 19188.9408
21.4000 4 18454.9376
21.5000 4 16536.04352
21.6000 4 13830.71744
21.7000 4 17930.6496
21.8000 4 20646.46144
21.9000 4 22481.46944
22.0000 4 20331.88864
22.1000 4 18266.19392
22.2000 4 16965.95968
22.3000 4 18025.02144
22.4000 4 19755.17184
22.5000 4 18224.25088
22.6000 4 18832.42496
22.7000 4 17448.30464
22.8000 4 16745.75872
22.9000 4 17626.56256
23.0000 4 7308.57472
23.1000 4 1803.55072
