0.1000 4 0.0
0.2000 4 24001.90464
0.3000 4 16231.95648
0.4000 4 19136.512
0.5000 4 20048.77312
0.6000 4 18895.33952
0.7000 4 16798.18752
0.8000 4 18706.59584
0.9000 4 19922.944
1.0000 4 15351.15264
1.1000 4 20866.6624
1.2000 4 17123.24608
1.3000 4 18538.82368
1.4000 4 21181.2352
1.5000 4 16347.29984
1.6000 4 20227.03104
1.7000 4 18905.82528
1.8000 4 20279.45984
1.9000 4 18591.25248
2.0000 4 20908.60544
2.1000 4 17479.76192
2.2000 4 18297.6512
2.3000 4 18287.16544
2.4000 4 18350.08
2.5000 4 21894.26688
2.6000 4 17270.04672
2.7000 4 20594.03264
2.8000 4 19314.76992
2.9000 4 21485.32224
3.0000 4 16787.70176
3.1000 4 20426.26048
3.2000 4 15823.01184
3.3000 4 18591.25248
3.4000 4 20227.03104
3.5000 4 17291.01824
3.6000 4 20300.43136
3.7000 4 18297.6512
3.8000 4 17773.3632
3.9000 4 19524.48512
4.0000 4 18769.5104
4.1000 4 19723.71456
4.2000 4 16724.7872
4.3000 4 17395.87584
4.4000 4 18800.96768
4.5000 4 18486.39488
4.6000 4 20258.48832
4.7000 4 15938.3552
4.8000 4 20342.3744
4.9000 4 17364.41856
5.0000 4 18706.59584
5.1000 4 21548.2368
5.2000 4 18717.0816
5.3000 4 20646.46144
5.4000 4 20447.232
5.5000 4 17993.56416
5.6000 4 18255.70816
5.7000 4 20510.14656
5.8000 4 16882.0736
5.9000 4 17626.56256
6.0000 4 15707.66848
6.1000 4 17049.84576
6.2000 4 18350.08
6.3000 4 15864.95488
6.4000 4 19912.45824
6.5000 4 14669.57824
6.6000 4 20268.97408
6.7000 4 11565.79328
6.8000 4 20237.5168
6.9000 4 15665.72544
7.0000 4 20908.60544
7.1000 4 19021.16864
7.2000 4 20111.68768
7.3000 4 19440.59904
7.4000 4 19199.42656
7.5000 4 20803.74784
7.6000 4 18035.5072
7.7000 4 19566.42816
7.8000 4 20478.68928
7.9000 4 19922.944
8.0000 4 19430.11328
8.1000 4 21369.97888
8.2000 4 18318.62272
8.3000 4 18601.73824
8.4000 4 21464.35072
8.5000 4 18161.33632
8.6000 4 19828.57216
8.7000 4 19010.68288
8.8000 4 18633.19552
8.9000 4 22240.29696
9.0000 4 17081.30304
9.1000 4 21055.40608
9.2000 4 19639.82848
9.3000 4 20111.68768
9.4000 4 18203.27936
9.5000 4 21506.29376
9.6000 4 17616.0768
9.7000 4 18266.19392
9.8000 4 21086.86336
9.9000 4 15120.46592
10.0000 4 20552.0896
10.1000 4 17563.648
10.2000 4 14847.83616
10.3000 4 23330.816
10.4000 4 14176.74752
10.5000 4 21558.72256
10.6000 4 15676.2112
10.7000 4 16903.04512
10.8000 4 16190.01344
10.9000 4 18496.88064
11.0000 4 17406.3616
11.1000 4 18580.76672
11.2000 4 15938.3552
11.3000 4 19262.34112
11.4000 4 15277.75232
11.5000 4 18171.82208
11.6000 4 19241.3696
11.7000 4 16682.84416
11.8000 4 20059.25888
11.9000 4 18245.2224
12.0000 4 20069.74464
12.1000 4 19576.91392
12.2000 4 19650.31424
12.3000 4 19870.5152
12.4000 4 20153.63072
12.5000 4 19084.0832
12.6000 4 17448.30464
12.7000 4 22345.15456
12.8000 4 16190.01344
12.9000 4 1698.69312
13.0000 4 1855.97952
13.1000 4 6553.6
13.2000 4 15518.9248
13.3000 4 22481.46944
13.4000 4 18287.16544
13.5000 4 13327.40096
13.6000 4 22544.384
13.7000 4 7769.94816
13.8000 4 17007.90272
13.9000 4 22858.9568
14.0000 4 22743.61344
14.1000 4 19105.05472
14.2000 4 20478.68928
14.3000 4 18381.53728
14.4000 4 17605.59104
14.5000 4 16997.41696
14.6000 4 22229.8112
14.7000 4 20457.71776
14.8000 4 17228.10368
14.9000 4 21349.00736
15.0000 4 14554.23488
15.1000 4 22166.89664
15.2000 4 6333.39904
15.3000 4 15214.83776
15.4000 4 16347.29984
15.5000 4 18433.96608
15.6000 4 22691.18464
15.7000 4 0.0
15.8000 4 14900.26496
15.9000 4 13893.632
16.0000 4 1845.49376
16.1000 4 22051.55328
16.2000 4 24610.07872
16.3000 4 20730.34752
16.4000 4 20510.14656
16.5000 4 23163.04384
16.6000 4 17574.13376
16.7000 4 21684.55168
16.8000 4 15676.2112
16.9000 4 20300.43136
17.0000 4 14617.14944
17.1000 4 22397.58336
17.2000 4 14438.89152
17.3000 4 22512.92672
17.4000 4 16819.15904
17.5000 4 18633.19552
17.6000 4 18308.13696
17.7000 4 19849.54368
17.8000 4 18454.9376
17.9000 4 20929.57696
18.0000 4 18266.19392
18.1000 4 16735.27296
18.2000 4 19073.59744
18.3000 4 19157.48352
18.4000 4 18035.5072
18.5000 4 16714.30144
18.6000 4 10317.98784
18.7000 4 20069.74464
18.8000 4 22491.9552
18.9000 4 19755.17184
19.0000 4 18601.73824
19.1000 4 21223.17824
19.2000 4 16577.98656
19.3000 4 20122.17344
19.4000 4 19755.17184
19.5000 4 17941.13536
19.6000 4 18507.3664
19.7000 4 14879.29344
19.8000 4 20195.57376
19.9000 4 18161.33632
20.0000 4 20185.088
20.1000 4 18423.48032
20.2000 4 18371.05152
20.3000 4 18392.02304
20.4000 4 14250.14784
20.5000 4 19555.9424
20.6000 4 17374.90432
20.7000 4 21390.9504
20.8000 4 21695.03744
20.9000 4 20373.83168
21.0000 4 17563.648
21.1000 4 18738.05312
21.2000 4 21957.18144
21.3000 4 15246.29504
21.4000 4 20594.03264
21.5000 4 17249.0752
21.6000 4 19157.48352
21.7000 4 20017.31584
21.8000 4 19723.71456
21.9000 4 20961.03424
22.0000 4 18549.30944
22.1000 4 20394.8032
22.2000 4 21527.26528
22.3000 4 17374.90432
22.4000 4 20248.00256
22.5000 4 17951.62112
22.6000 4 18759.02464
22.7000 4 18129.87904
22.8000 4 6689.91488
