0.1000 4 0.0
0.2000 4 23708.30336
0.3000 4 11471.42144
0.4000 4 24064.8192
0.5000 4 16210.98496
0.6000 4 22796.04224
0.7000 4 22198.35392
0.8000 4 22345.15456
0.9000 4 20677.91872
1.0000 4 22124.9536
1.1000 4 18465.42336
1.2000 4 21149.77792
1.3000 4 23624.41728
1.4000 4 21873.29536
1.5000 4 20887.63392
1.6000 4 20835.20512
1.7000 4 24305.99168
1.8000 4 15225.32352
1.9000 4 23393.73056
2.0000 4 17941.13536
2.1000 4 18412.99456
2.2000 4 21904.75264
2.3000 4 15697.18272
2.4000 4 23624.41728
2.5000 4 21904.75264
2.6000 4 17228.10368
2.7000 4 25281.16736
2.8000 4 13547.60192
2.9000 4 24368.90624
3.0000 4 19524.48512
3.1000 4 21359.49312
3.2000 4 21474.83648
3.3000 4 22733.12768
3.4000 4 22533.89824
3.5000 4 18874.368
3.6000 4 23750.2464
3.7000 4 19776.14336
3.8000 4 19377.68448
3.9000 4 23121.1008
4.0000 4 18979.2256
4.1000 4 21474.83648
4.2000 4 22512.92672
4.3000 4 15298.72384
4.4000 4 25123.88096
4.5000 4 17930.6496
4.6000 4 20761.8048
4.7000 4 21118.32064
4.8000 4 16137.58464
4.9000 4 18769.5104
5.0000 4 18800.96768
5.1000 4 19493.02784
5.2000 4 23121.1008
5.3000 4 21076.3776
5.4000 4 23645.3888
5.5000 4 18475.90912
5.6000 4 23383.2448
5.7000 4 20835.20512
5.8000 4 19765.6576
5.9000 4 21128.8064
6.0000 4 19870.5152
6.1000 4 21632.12288
6.2000 4 23309.84448
6.3000 4 20195.57376
6.4000 4 23886.56128
6.5000 4 16525.55776
6.6000 4 23225.9584
6.7000 4 22145.92512
6.8000 4 19262.34112
6.9000 4 22806.528
7.0000 4 20048.77312
7.1000 4 21349.00736
7.2000 4 17353.9328
7.3000 4 22827.49952
7.4000 4 20195.57376
7.5000 4 22858.9568
7.6000 4 22733.12768
7.7000 4 20919.0912
7.8000 4 21118.32064
7.9000 4 22198.35392
8.0000 4 17007.90272
8.1000 4 23613.93152
8.2000 4 18612.224
8.3000 4 20919.0912
8.4000 4 19660.8
8.5000 4 21055.40608
8.6000 4 23309.84448
8.7000 4 20300.43136
8.8000 4 22481.46944
8.9000 4 19912.45824
9.0000 4 17584.61952
9.1000 4 24295.50592
9.2000 4 18916.31104
9.3000 4 22869.44256
9.4000 4 22659.72736
9.5000 4 21831.35232
9.6000 4 21097.34912
9.7000 4 23079.15776
9.8000 4 22691.18464
9.9000 4 19472.05632
10.0000 4 23729.27488
10.1000 4 19115.54048
10.2000 4 21957.18144
10.3000 4 18077.45024
10.4000 4 24421.33504
10.5000 4 21107.83488
10.6000 4 21915.2384
10.7000 4 20111.68768
10.8000 4 22680.69888
10.9000 4 21579.69408
11.0000 4 21265.12128
11.1000 4 19818.0864
11.2000 4 18161.33632
11.3000 4 23792.18944
11.4000 4 17857.24928
11.5000 4 20457.71776
11.6000 4 21076.3776
11.7000 4 19776.14336
11.8000 4 19555.9424
11.9000 4 21349.00736
12.0000 4 18549.30944
12.1000 4 21380.46464
12.2000 4 9825.15712
12.3000 4 15403.58144
12.4000 4 25637.6832
12.5000 4 14921.23648
12.6000 4 22030.58176
12.7000 4 20793.26208
12.8000 4 19996.34432
12.9000 4 20258.48832
13.0000 4 14889.7792
13.1000 4 19964.88704
13.2000 4 20122.17344
13.3000 4 20373.83168
13.4000 4 18129.87904
13.5000 4 22554.86976
13.6000 4 19209.91232
13.7000 4 21244.14976
13.8000 4 19493.02784
13.9000 4 19513.99936
14.0000 4 20300.43136
14.1000 4 16305.3568
14.2000 4 21862.8096
14.3000 4 21390.9504
14.4000 4 22429.04064
14.5000 4 20856.17664
14.6000 4 21810.3808
14.7000 4 19524.48512
14.8000 4 16389.24288
14.9000 4 15435.03872
15.0000 4 12991.85664
15.1000 4 14575.2064
15.2000 4 23970.44736
15.3000 4 11031.01952
15.4000 4 1237.31968
15.5000 4 3166.69952
15.6000 4 9458.15552
15.7000 4 1709.17888
15.8000 4 19283.31264
15.9000 4 12383.68256
16.0000 4 14428.40576
16.1000 4 15518.9248
16.2000 4 22628.27008
16.3000 4 11785.99424
16.4000 4 22575.84128
16.5000 4 18643.68128
16.6000 4 8724.15232
16.7000 4 19398.656
16.8000 4 27231.51872
16.9000 4 17836.27776
17.0000 4 22575.84128
17.1000 4 22491.9552
17.2000 4 17962.10688
17.3000 4 21820.86656
17.4000 4 19409.14176
17.5000 4 18717.0816
17.6000 4 21810.3808
17.7000 4 19671.28576
17.8000 4 22450.01216
17.9000 4 20237.5168
18.0000 4 18287.16544
18.1000 4 24526.19264
18.2000 4 16441.67168
18.3000 4 24001.90464
18.4000 4 17972.59264
18.5000 4 22250.78272
18.6000 4 18538.82368
18.7000 4 21328.03584
18.8000 4 21118.32064
18.9000 4 20258.48832
19.0000 4 21831.35232
19.1000 4 23215.47264
19.2000 4 20415.77472
19.3000 4 20520.63232
19.4000 4 21044.92032
19.5000 4 14103.3472
19.6000 4 21422.40768
19.7000 4 17846.76352
19.8000 4 17165.18912
19.9000 4 21023.9488
20.0000 4 18528.33792
20.1000 4 22523.41248
20.2000 4 17563.648
20.3000 4 18297.6512
20.4000 4 17353.9328
20.5000 4 24106.76224
20.6000 4 20080.2304
20.7000 4 24882.70848
20.8000 4 19451.0848
20.9000 4 19786.62912
21.0000 4 9017.7536
