0.1000 4 0.0
0.2000 4 24400.36352
0.3000 4 10422.84544
0.4000 4 25417.48224
0.5000 4 19115.54048
0.6000 4 21716.00896
0.7000 4 15550.38208
0.8000 4 26560.43008
0.9000 4 2086.66624
1.0000 4 18129.87904
1.1000 4 10936.64768
1.2000 4 37947.96544
1.3000 4 7486.83264
1.4000 4 17186.16064
1.5000 4 23571.98848
1.6000 4 25239.22432
1.7000 4 29276.24192
1.8000 4 26990.34624
1.9000 4 21988.63872
2.0000 4 20027.8016
2.1000 4 26067.59936
2.2000 4 11083.44832
2.3000 4 32296.1408
2.4000 4 26434.60096
2.5000 4 23058.18624
2.6000 4 22858.9568
2.7000 4 22785.55648
2.8000 4 22261.26848
2.9000 4 21674.06592
3.0000 4 19681.77152
3.1000 4 23561.50272
3.2000 4 17154.70336
3.3000 4 24222.1056
3.4000 4 23100.12928
3.5000 4 24285.02016
3.6000 4 19881.00096
3.7000 4 23393.73056
3.8000 4 22921.87136
3.9000 4 23079.15776
4.0000 4 23152.55808
4.1000 4 22303.21152
4.2000 4 21841.83808
4.3000 4 22450.01216
4.4000 4 22219.32544
4.5000 4 21831.35232
4.6000 4 23121.1008
4.7000 4 22659.72736
4.8000 4 22240.29696
4.9000 4 22408.06912
5.0000 4 17374.90432
5.1000 4 19010.68288
5.2000 4 19933.42976
5.3000 4 19241.3696
5.4000 4 17291.01824
5.5000 4 20719.86176
5.6000 4 14984.15104
5.7000 4 19167.96928
5.8000 4 20394.8032
5.9000 4 13935.57504
6.0000 4 19398.656
6.1000 4 20782.77632
6.2000 4 19996.34432
6.3000 4 22712.15616
6.4000 4 20478.68928
6.5000 4 21411.92192
6.6000 4 19576.91392
6.7000 4 23215.47264
6.8000 4 19430.11328
6.9000 4 20069.74464
7.0000 4 22806.528
7.1000 4 18842.91072
7.2000 4 23121.1008
7.3000 4 20122.17344
7.4000 4 23309.84448
7.5000 4 15770.58304
7.6000 4 22974.30016
7.7000 4 20594.03264
7.8000 4 19671.28576
7.9000 4 20195.57376
8.0000 4 21653.0944
8.1000 4 22533.89824
8.2000 4 18276.67968
8.3000 4 19388.17024
8.4000 4 20877.14816
8.5000 4 15728.64
8.6000 4 21747.46624
8.7000 4 20457.71776
8.8000 4 28500.29568
8.9000 4 21139.29216
9.0000 4 18056.47872
9.1000 4 25323.1104
9.2000 4 13694.40256
9.3000 4 24148.70528
9.4000 4 23425.18784
9.5000 4 18538.82368
9.6000 4 23372.75904
9.7000 4 25019.02336
9.8000 4 20625.48992
9.9000 4 26067.59936
10.0000 4 23089.64352
10.1000 4 22995.27168
10.2000 4 20048.77312
10.3000 4 15896.41216
10.4000 4 15980.29824
10.5000 4 25637.6832
10.6000 4 22229.8112
10.7000 4 24610.07872
10.8000 4 21747.46624
10.9000 4 24064.8192
11.0000 4 16546.52928
11.1000 4 16357.7856
11.2000 4 20122.17344
11.3000 4 26161.9712
11.4000 4 21097.34912
11.5000 4 24903.68
11.6000 4 22837.98528
11.7000 4 23110.61504
11.8000 4 24400.36352
11.9000 4 21695.03744
12.0000 4 24851.2512
12.1000 4 19105.05472
12.2000 4 24977.08032
12.3000 4 24735.90784
12.4000 4 22041.06752
12.5000 4 20206.05952
12.6000 4 21349.00736
12.7000 4 21443.3792
12.8000 4 17658.01984
12.9000 4 20961.03424
13.0000 4 19891.48672
13.1000 4 22858.9568
13.2000 4 22659.72736
13.3000 4 17007.90272
13.4000 4 23897.04704
13.5000 4 21988.63872
13.6000 4 25522.33984
13.7000 4 14742.97856
13.8000 4 22439.5264
13.9000 4 23446.15936
14.0000 4 21055.40608
14.1000 4 20814.2336
14.2000 4 20258.48832
14.3000 4 19765.6576
14.4000 4 20258.48832
14.5000 4 22586.32704
14.6000 4 21957.18144
14.7000 4 21223.17824
14.8000 4 23666.36032
14.9000 4 22544.384
15.0000 4 23897.04704
15.1000 4 22649.2416
15.2000 4 20898.11968
15.3000 4 23509.07392
15.4000 4 22166.89664
15.5000 4 22166.89664
15.6000 4 23267.90144
15.7000 4 22785.55648
15.8000 4 22397.58336
15.9000 4 20258.48832
16.0000 4 23194.50112
16.1000 4 21359.49312
16.2000 4 22984.78592
16.3000 4 22733.12768
16.4000 4 21684.55168
16.5000 4 23058.18624
16.6000 4 18276.67968
16.7000 4 19881.00096
16.8000 4 22030.58176
16.9000 4 16787.70176
17.0000 4 23655.87456
17.1000 4 18266.19392
17.2000 4 23718.78912
17.3000 4 20552.0896
17.4000 4 24096.27648
17.5000 4 22806.528
17.6000 4 22481.46944
17.7000 4 23320.33024
17.8000 4 22754.0992
17.9000 4 22670.21312
18.0000 4 21275.60704
18.1000 4 18517.85216
18.2000 4 23582.47424
18.3000 4 16598.95808
18.4000 4 24830.27968
18.5000 4 19964.88704
18.6000 4 23676.84608
18.7000 4 16536.04352
18.8000 4 23267.90144
18.9000 4 16892.55936
19.0000 4 24201.13408
19.1000 4 18045.99296
19.2000 4 24033.36192
19.3000 4 20069.74464
19.4000 4 21684.55168
19.5000 4 21862.8096
19.6000 4 7612.66176
