0.1000 4 0.0
0.2000 4 24882.70848
0.3000 4 12782.14144
0.4000 4 21076.3776
0.5000 4 18549.30944
0.6000 4 22366.12608
0.7000 4 18444.45184
0.8000 4 23194.50112
0.9000 4 21443.3792
1.0000 4 22166.89664
1.1000 4 23393.73056
1.2000 4 21023.9488
1.3000 4 21296.57856
1.4000 4 24547.16416
1.5000 4 20489.17504
1.6000 4 21202.20672
1.7000 4 23991.41888
1.8000 4 20478.68928
1.9000 4 24494.73536
2.0000 4 21915.2384
2.1000 4 22963.8144
2.2000 4 19052.62592
2.3000 4 22429.04064
2.4000 4 21286.0928
2.5000 4 19031.6544
2.6000 4 24305.99168
2.7000 4 18454.9376
2.8000 4 22041.06752
2.9000 4 24756.87936
3.0000 4 20017.31584
3.1000 4 18360.56576
3.2000 4 20300.43136
3.3000 4 22837.98528
3.4000 4 23414.70208
3.5000 4 22596.8128
3.6000 4 19860.02944
3.7000 4 22680.69888
3.8000 4 20583.54688
3.9000 4 11890.85184
4.0000 4 22502.44096
4.1000 4 14208.2048
4.2000 4 23551.01696
4.3000 4 6490.68544
4.4000 4 16840.13056
4.5000 4 16431.18592
4.6000 4 28699.52512
4.7000 4 25365.05344
4.8000 4 28594.66752
4.9000 4 19377.68448
5.0000 4 24085.79072
5.1000 4 20227.03104
5.2000 4 24704.45056
5.3000 4 33009.17248
5.4000 4 17332.96128
5.5000 4 450.88768
5.6000 4 19262.34112
5.7000 4 8933.86752
5.8000 4 859.83232
5.9000 4 16252.928
6.0000 4 23739.76064
6.1000 4 16441.67168
6.2000 4 24777.85088
6.3000 4 10926.16192
6.4000 4 23047.70048
6.5000 4 16955.47392
6.6000 4 22334.6688
6.7000 4 18580.76672
6.8000 4 23089.64352
6.9000 4 18276.67968
7.0000 4 19398.656
7.1000 4 19482.54208
7.2000 4 18381.53728
7.3000 4 19797.11488
7.4000 4 21170.74944
7.5000 4 17574.13376
7.6000 4 21296.57856
7.7000 4 16609.44384
7.8000 4 21212.69248
7.9000 4 19545.45664
8.0000 4 20510.14656
8.1000 4 22072.5248
8.2000 4 15676.2112
8.3000 4 21820.86656
8.4000 4 15330.18112
8.5000 4 25794.9696
8.6000 4 13285.45792
8.7000 4 22775.07072
8.8000 4 11093.93408
8.9000 4 0.0
9.0000 4 4561.3056
9.1000 4 0.0
9.2000 4 3869.24544
9.3000 4 23456.64512
9.4000 4 8178.8928
9.5000 4 21527.26528
9.6000 4 25511.85408
9.7000 4 11282.67776
9.8000 4 21422.40768
9.9000 4 4351.5904
10.0000 4 14942.208
10.1000 4 20677.91872
10.2000 4 20898.11968
10.3000 4 18381.53728
10.4000 4 22638.75584
10.5000 4 22848.47104
10.6000 4 26088.57088
10.7000 4 24180.16256
10.8000 4 23047.70048
10.9000 4 23267.90144
11.0000 4 22921.87136
11.1000 4 22408.06912
11.2000 4 17668.5056
11.3000 4 20698.89024
11.4000 4 18538.82368
11.5000 4 26979.86048
11.6000 4 21296.57856
11.7000 4 20950.54848
11.8000 4 22512.92672
11.9000 4 20583.54688
12.0000 4 25113.3952
12.1000 4 17521.70496
12.2000 4 24819.79392
12.3000 4 16913.53088
12.4000 4 23383.2448
12.5000 4 20803.74784
12.6000 4 20635.97568
12.7000 4 23383.2448
12.8000 4 21894.26688
12.9000 4 20856.17664
13.0000 4 21286.0928
13.1000 4 20688.40448
13.2000 4 21621.63712
13.3000 4 26382.17216
13.4000 4 15791.55456
13.5000 4 25753.02656
13.6000 4 15781.0688
13.7000 4 23047.70048
13.8000 4 16871.58784
13.9000 4 19283.31264
14.0000 4 16640.90112
14.1000 4 17007.90272
14.2000 4 23425.18784
14.3000 4 19440.59904
14.4000 4 24169.6768
14.5000 4 22722.64192
14.6000 4 25732.05504
14.7000 4 20384.31744
14.8000 4 23435.6736
14.9000 4 24096.27648
15.0000 4 21632.12288
15.1000 4 23760.73216
15.2000 4 20248.00256
15.3000 4 20625.48992
15.4000 4 21495.808
15.5000 4 16965.95968
15.6000 4 24243.07712
15.7000 4 23047.70048
15.8000 4 21013.46304
15.9000 4 21757.952
16.0000 4 17469.27616
16.1000 4 26067.59936
16.2000 4 23603.44576
16.3000 4 22051.55328
16.4000 4 21527.26528
16.5000 4 24998.05184
16.6000 4 22533.89824
16.7000 4 20835.20512
16.8000 4 23655.87456
16.9000 4 19157.48352
17.0000 4 26518.48704
17.1000 4 19220.39808
17.2000 4 22712.15616
17.3000 4 24421.33504
17.4000 4 22596.8128
17.5000 4 23802.6752
17.6000 4 25081.93792
17.7000 4 23341.30176
17.8000 4 23938.99008
17.9000 4 22450.01216
18.0000 4 21254.63552
18.1000 4 24201.13408
18.2000 4 19472.05632
18.3000 4 22460.49792
18.4000 4 22544.384
18.5000 4 22733.12768
18.6000 4 19388.17024
18.7000 4 25438.45376
18.8000 4 18465.42336
18.9000 4 22628.27008
19.0000 4 21265.12128
19.1000 4 17259.56096
19.2000 4 21768.43776
19.3000 4 16567.5008
19.4000 4 22680.69888
19.5000 4 18643.68128
19.6000 4 25616.71168
19.7000 4 18203.27936
19.8000 4 24180.16256
19.9000 4 23718.78912
20.0000 4 23446.15936
20.1000 4 21233.664
20.2000 4 16326.32832
20.3000 4 25281.16736
20.4000 4 19451.0848
20.5000 4 15833.4976
20.6000 4 8493.4656
