0.1000 4 0.0
0.2000 4 19021.16864
0.3000 4 16127.09888
0.4000 4 10978.59072
0.5000 4 19105.05472
0.6000 4 16756.24448
0.7000 4 18654.16704
0.8000 4 16640.90112
0.9000 4 18874.368
1.0000 4 16546.52928
1.1000 4 19010.68288
1.2000 4 17626.56256
1.3000 4 17595.10528
1.4000 4 17458.7904
1.5000 4 16850.61632
1.6000 4 18622.70976
1.7000 4 14355.00544
1.8000 4 20038.28736
1.9000 4 12866.02752
2.0000 4 20321.40288
2.1000 4 14858.32192
2.2000 4 20667.43296
2.3000 4 13191.08608
2.4000 4 19251.85536
2.5000 4 14627.6352
2.6000 4 18570.28096
2.7000 4 16651.38688
2.8000 4 17217.61792
2.9000 4 18580.76672
3.0000 4 13725.85984
3.1000 4 18696.11008
3.2000 4 16252.928
3.3000 4 16043.2128
3.4000 4 18800.96768
3.5000 4 18150.85056
3.6000 4 19828.57216
3.7000 4 17070.81728
3.8000 4 21401.43616
3.9000 4 13956.54656
4.0000 4 20688.40448
4.1000 4 20153.63072
4.2000 4 18318.62272
4.3000 4 18014.53568
4.4000 4 19188.9408
4.5000 4 17228.10368
4.6000 4 21139.29216
4.7000 4 14124.31872
4.8000 4 20814.2336
4.9000 4 19293.7984
5.0000 4 16766.73024
5.1000 4 21527.26528
5.2000 4 13988.00384
5.3000 4 19220.39808
5.4000 4 15298.72384
5.5000 4 20048.77312
5.6000 4 19597.88544
5.7000 4 19052.62592
5.8000 4 17070.81728
5.9000 4 20122.17344
6.0000 4 17741.90592
6.1000 4 17752.39168
6.2000 4 21726.49472
6.3000 4 17563.648
6.4000 4 20877.14816
6.5000 4 21013.46304
6.6000 4 15990.784
6.7000 4 23152.55808
6.8000 4 13673.43104
6.9000 4 22282.24
7.0000 4 14900.26496
7.1000 4 19765.6576
7.2000 4 16703.81568
7.3000 4 18287.16544
7.4000 4 18779.99616
7.5000 4 15382.60992
7.6000 4 21873.29536
7.7000 4 12488.54016
7.8000 4 20656.9472
7.9000 4 13547.60192
8.0000 4 17878.2208
8.1000 4 17301.504
8.2000 4 18759.02464
8.3000 4 17584.61952
8.4000 4 17993.56416
8.5000 4 18329.10848
8.6000 4 15256.7808
8.7000 4 20499.6608
8.8000 4 16546.52928
8.9000 4 20646.46144
9.0000 4 16745.75872
9.1000 4 19440.59904
9.2000 4 16944.98816
9.3000 4 20740.83328
9.4000 4 14942.208
9.5000 4 21632.12288
9.6000 4 13568.57344
9.7000 4 20300.43136
9.8000 4 17626.56256
9.9000 4 19985.85856
10.0000 4 18800.96768
10.1000 4 17521.70496
10.2000 4 19912.45824
10.3000 4 17773.3632
10.4000 4 20153.63072
10.5000 4 15697.18272
10.6000 4 16965.95968
10.7000 4 17616.0768
10.8000 4 16724.7872
10.9000 4 19346.2272
11.0000 4 17500.73344
11.1000 4 18696.11008
11.2000 4 14260.6336
11.3000 4 20373.83168
11.4000 4 14659.09248
11.5000 4 17437.81888
11.6000 4 18958.25408
11.7000 4 15235.80928
11.8000 4 18339.59424
11.9000 4 17049.84576
12.0000 4 18350.08
12.1000 4 17364.41856
12.2000 4 19922.944
12.3000 4 17658.01984
12.4000 4 17353.9328
12.5000 4 18392.02304
12.6000 4 18800.96768
12.7000 4 17972.59264
12.8000 4 16378.75712
12.9000 4 12352.22528
13.0000 4 20342.3744
13.1000 4 17186.16064
13.2000 4 19975.3728
13.3000 4 18748.53888
13.4000 4 17395.87584
13.5000 4 22523.41248
13.6000 4 12111.0528
13.7000 4 18412.99456
13.8000 4 17867.73504
13.9000 4 17542.67648
14.0000 4 19409.14176
14.1000 4 19933.42976
14.2000 4 20415.77472
14.3000 4 16452.15744
14.4000 4 20730.34752
14.5000 4 18821.9392
14.6000 4 14145.29024
14.7000 4 18559.7952
14.8000 4 14994.6368
14.9000 4 17773.3632
15.0000 4 16955.47392
15.1000 4 10789.84704
15.2000 4 419.4304
15.3000 4 5473.56672
15.4000 4 14396.94848
15.5000 4 8996.78208
15.6000 4 513.80224
15.7000 4 817.88928
15.8000 4 8420.06528
15.9000 4 7182.7456
16.0000 4 26770.14528
16.1000 4 20289.9456
16.2000 4 19031.6544
16.3000 4 9856.6144
16.4000 4 6973.0304
16.5000 4 19126.02624
16.6000 4 25144.85248
16.7000 4 16378.75712
16.8000 4 17374.90432
16.9000 4 18612.224
17.0000 4 19199.42656
17.1000 4 18664.6528
17.2000 4 17479.76192
17.3000 4 17532.19072
17.4000 4 16997.41696
17.5000 4 14428.40576
17.6000 4 19870.5152
17.7000 4 18779.99616
17.8000 4 8577.35168
17.9000 4 23897.04704
18.0000 4 14984.15104
18.1000 4 15613.29664
18.2000 4 20562.57536
18.3000 4 20667.43296
18.4000 4 18255.70816
18.5000 4 15057.55136
18.6000 4 12048.13824
18.7000 4 14512.29184
18.8000 4 23142.07232
18.9000 4 9888.07168
19.0000 4 21023.9488
19.1000 4 12436.11136
19.2000 4 20153.63072
19.3000 4 14155.776
19.4000 4 5463.08096
19.5000 4 13400.80128
19.6000 4 12939.42784
19.7000 4 26749.17376
19.8000 4 13054.7712
19.9000 4 20027.8016
20.0000 4 16294.87104
20.1000 4 15843.98336
20.2000 4 20405.28896
20.3000 4 10831.79008
20.4000 4 26350.71488
20.5000 4 16494.10048
20.6000 4 13652.45952
20.7000 4 13505.65888
20.8000 4 20866.6624
20.9000 4 12918.45632
21.0000 4 17353.9328
21.1000 4 22020.096
21.2000 4 16557.01504
21.3000 4 21223.17824
21.4000 4 18150.85056
21.5000 4 20321.40288
21.6000 4 17081.30304
21.7000 4 20877.14816
21.8000 4 18213.76512
21.9000 4 17196.6464
22.0000 4 20405.28896
22.1000 4 18853.39648
22.2000 4 16976.44544
22.3000 4 18308.13696
22.4000 4 18381.53728
22.5000 4 16462.6432
22.6000 4 17291.01824
22.7000 4 15403.58144
22.8000 4 23089.64352
22.9000 4 14313.0624
23.0000 4 19870.5152
23.1000 4 18769.5104
23.2000 4 18129.87904
23.3000 4 19398.656
23.4000 4 19503.5136
23.5000 4 18685.62432
23.6000 4 17091.7888
23.7000 4 20562.57536
23.8000 4 13421.7728
23.9000 4 20531.11808
24.0000 4 18926.7968
24.1000 4 12247.36768
24.2000 4 5997.85472
