0.1000 4 0.0
0.2000 4 16148.0704
0.3000 4 18423.48032
0.4000 4 22491.9552
0.5000 4 18937.28256
0.6000 4 22554.86976
0.7000 4 22387.0976
0.8000 4 18675.13856
0.9000 4 23246.92992
1.0000 4 18538.82368
1.1000 4 22544.384
1.2000 4 21883.78112
1.3000 4 20940.06272
1.4000 4 22187.86816
1.5000 4 19755.17184
1.6000 4 24337.44896
1.7000 4 14302.57664
1.8000 4 25323.1104
1.9000 4 9500.09856
2.0000 4 23613.93152
2.1000 4 20342.3744
2.2000 4 22754.0992
2.3000 4 19409.14176
2.4000 4 30974.93504
2.5000 4 17186.16064
2.6000 4 18433.96608
2.7000 4 15309.2096
2.8000 4 21569.20832
2.9000 4 13358.85824
3.0000 4 26057.1136
3.1000 4 13757.31712
3.2000 4 10454.30272
3.3000 4 14313.0624
3.4000 4 13002.3424
3.5000 4 25448.93952
3.6000 4 19241.3696
3.7000 4 23372.75904
3.8000 4 24075.30496
3.9000 4 18748.53888
4.0000 4 20604.5184
4.1000 4 21558.72256
4.2000 4 20017.31584
4.3000 4 18654.16704
4.4000 4 20709.376
4.5000 4 13421.7728
4.6000 4 24295.50592
4.7000 4 19126.02624
4.8000 4 14638.12096
4.9000 4 18685.62432
5.0000 4 20216.54528
5.1000 4 22796.04224
5.2000 4 30209.47456
5.3000 4 25931.28448
5.4000 4 20982.00576
5.5000 4 17720.9344
5.6000 4 21747.46624
5.7000 4 19283.31264
5.8000 4 18171.82208
5.9000 4 22470.98368
6.0000 4 15235.80928
6.1000 4 22963.8144
6.2000 4 16871.58784
6.3000 4 23823.64672
6.4000 4 16965.95968
6.5000 4 21936.20992
6.6000 4 21076.3776
6.7000 4 18245.2224
6.8000 4 21768.43776
6.9000 4 20342.3744
7.0000 4 19608.3712
7.1000 4 17406.3616
7.2000 4 21537.75104
7.3000 4 17867.73504
7.4000 4 21988.63872
7.5000 4 21139.29216
7.6000 4 18926.7968
7.7000 4 16955.47392
7.8000 4 21527.26528
7.9000 4 18392.02304
8.0000 4 21390.9504
8.1000 4 21495.808
8.2000 4 16682.84416
8.3000 4 20772.29056
8.4000 4 20772.29056
8.5000 4 20080.2304
8.6000 4 19839.05792
8.7000 4 20415.77472
8.8000 4 21569.20832
8.9000 4 13631.488
9.0000 4 23519.55968
9.1000 4 12761.16992
9.2000 4 21611.15136
9.3000 4 19010.68288
9.4000 4 19901.97248
9.5000 4 20122.17344
9.6000 4 19954.40128
9.7000 4 22114.46784
9.8000 4 13641.97376
9.9000 4 22848.47104
10.0000 4 17458.7904
10.1000 4 21013.46304
10.2000 4 19660.8
10.3000 4 21286.0928
10.4000 4 13809.74592
10.5000 4 21674.06592
10.6000 4 17553.16224
10.7000 4 21296.57856
10.8000 4 21296.57856
10.9000 4 19377.68448
11.0000 4 17175.67488
11.1000 4 15319.69536
11.2000 4 19922.944
11.3000 4 19744.68608
11.4000 4 19954.40128
11.5000 4 20080.2304
11.6000 4 20698.89024
11.7000 4 20845.69088
11.8000 4 19618.85696
11.9000 4 18360.56576
12.0000 4 20478.68928
12.1000 4 17542.67648
12.2000 4 21925.72416
12.3000 4 14690.54976
12.4000 4 15372.12416
12.5000 4 22817.01376
12.6000 4 19199.42656
12.7000 4 23488.1024
12.8000 4 18580.76672
12.9000 4 22282.24
13.0000 4 22743.61344
13.1000 4 17112.76032
13.2000 4 18821.9392
13.3000 4 16001.26976
13.4000 4 18779.99616
13.5000 4 20195.57376
13.6000 4 22250.78272
13.7000 4 16305.3568
13.8000 4 20090.71616
13.9000 4 21883.78112
14.0000 4 17930.6496
14.1000 4 17301.504
14.2000 4 15309.2096
14.3000 4 23592.96
14.4000 4 15298.72384
14.5000 4 22628.27008
14.6000 4 15130.95168
14.7000 4 19419.62752
14.8000 4 19713.2288
14.9000 4 14438.89152
15.0000 4 20615.00416
15.1000 4 17133.73184
15.2000 4 20866.6624
15.3000 4 20363.34592
15.4000 4 20248.00256
15.5000 4 18675.13856
15.6000 4 21862.8096
15.7000 4 19000.19712
15.8000 4 18077.45024
15.9000 4 19723.71456
16.0000 4 20520.63232
16.1000 4 19199.42656
16.2000 4 22995.27168
16.3000 4 18779.99616
16.4000 4 20709.376
16.5000 4 19063.11168
16.6000 4 20279.45984
16.7000 4 20164.11648
16.8000 4 17584.61952
16.9000 4 20080.2304
17.0000 4 19272.82688
17.1000 4 21558.72256
17.2000 4 18433.96608
17.3000 4 23068.672
17.4000 4 12855.54176
17.5000 4 24085.79072
17.6000 4 12866.02752
17.7000 4 22491.9552
17.8000 4 18486.39488
17.9000 4 20573.06112
18.0000 4 20090.71616
18.1000 4 20331.88864
18.2000 4 18884.85376
18.3000 4 19430.11328
18.4000 4 21097.34912
18.5000 4 15393.09568
18.6000 4 24274.5344
18.7000 4 16064.18432
18.8000 4 21747.46624
18.9000 4 14910.75072
19.0000 4 20352.86016
19.1000 4 18790.48192
19.2000 4 18224.25088
19.3000 4 19157.48352
19.4000 4 17689.47712
19.5000 4 18276.67968
19.6000 4 16452.15744
19.7000 4 18213.76512
19.8000 4 20279.45984
19.9000 4 17972.59264
20.0000 4 18433.96608
20.1000 4 19241.3696
20.2000 4 15539.89632
20.3000 4 19786.62912
20.4000 4 18213.76512
20.5000 4 20352.86016
20.6000 4 17133.73184
20.7000 4 19346.2272
20.8000 4 18507.3664
20.9000 4 20363.34592
21.0000 4 16588.47232
21.1000 4 20059.25888
21.2000 4 17972.59264
21.3000 4 19566.42816
21.4000 4 10213.13024
21.5000 4 1740.63616
