0.1000 4 0.0
0.2000 4 21820.86656
0.3000 4 16630.41536
0.4000 4 23897.04704
0.5000 4 17930.6496
0.6000 4 20730.34752
0.7000 4 22911.3856
0.8000 4 17532.19072
0.9000 4 22837.98528
1.0000 4 17951.62112
1.1000 4 19608.3712
1.2000 4 17238.58944
1.3000 4 16944.98816
1.4000 4 22984.78592
1.5000 4 15225.32352
1.6000 4 23771.21792
1.7000 4 21516.77952
1.8000 4 22617.78432
1.9000 4 24347.93472
2.0000 4 20499.6608
2.1000 4 23865.58976
2.2000 4 23068.672
2.3000 4 17962.10688
2.4000 4 24400.36352
2.5000 4 18989.71136
2.6000 4 21831.35232
2.7000 4 20594.03264
2.8000 4 20468.20352
2.9000 4 19922.944
3.0000 4 21883.78112
3.1000 4 17804.82048
3.2000 4 21191.72096
3.3000 4 17133.73184
3.4000 4 23645.3888
3.5000 4 17972.59264
3.6000 4 23970.44736
3.7000 4 21191.72096
3.8000 4 16137.58464
3.9000 4 20782.77632
4.0000 4 25406.99648
4.1000 4 21726.49472
4.2000 4 18066.96448
4.3000 4 23792.18944
4.4000 4 19555.9424
4.5000 4 24054.33344
4.6000 4 19545.45664
4.7000 4 21778.92352
4.8000 4 23016.2432
4.9000 4 17857.24928
5.0000 4 21254.63552
5.1000 4 18056.47872
5.2000 4 16829.6448
5.3000 4 21579.69408
5.4000 4 18129.87904
5.5000 4 24819.79392
5.6000 4 22659.72736
5.7000 4 16137.58464
5.8000 4 26298.28608
5.9000 4 18486.39488
6.0000 4 23121.1008
6.1000 4 22995.27168
6.2000 4 17909.67808
6.3000 4 22817.01376
6.4000 4 16169.04192
6.5000 4 17762.87744
6.6000 4 20552.0896
6.7000 4 16263.41376
6.8000 4 18150.85056
6.9000 4 18895.33952
7.0000 4 18454.9376
7.1000 4 16326.32832
7.2000 4 18654.16704
7.3000 4 14040.43264
7.4000 4 18528.33792
7.5000 4 17888.70656
7.6000 4 14533.26336
7.7000 4 20877.14816
7.8000 4 18161.33632
7.9000 4 19325.25568
8.0000 4 15613.29664
8.1000 4 21244.14976
8.2000 4 16871.58784
8.3000 4 20447.232
8.4000 4 15435.03872
8.5000 4 21894.26688
8.6000 4 16106.12736
8.7000 4 23855.104
8.8000 4 17532.19072
8.9000 4 23131.58656
9.0000 4 20782.77632
9.1000 4 21590.17984
9.2000 4 21558.72256
9.3000 4 21558.72256
9.4000 4 23666.36032
9.5000 4 18035.5072
9.6000 4 20845.69088
9.7000 4 21485.32224
9.8000 4 18203.27936
9.9000 4 21768.43776
10.0000 4 18853.39648
10.1000 4 15854.46912
10.2000 4 21044.92032
10.3000 4 15948.84096
10.4000 4 22313.69728
10.5000 4 16116.61312
10.6000 4 20866.6624
10.7000 4 19461.57056
10.8000 4 20289.9456
10.9000 4 20499.6608
11.0000 4 21013.46304
11.1000 4 15843.98336
11.2000 4 20510.14656
11.3000 4 17301.504
11.4000 4 23005.75744
11.5000 4 19566.42816
11.6000 4 20510.14656
11.7000 4 23068.672
11.8000 4 15665.72544
11.9000 4 21999.12448
12.0000 4 17427.33312
12.1000 4 20992.49152
12.2000 4 21516.77952
12.3000 4 18790.48192
12.4000 4 18612.224
12.5000 4 20751.31904
12.6000 4 17595.10528
12.7000 4 21474.83648
12.8000 4 21076.3776
12.9000 4 18234.73664
13.0000 4 20688.40448
13.1000 4 11439.96416
13.2000 4 21684.55168
13.3000 4 11051.99104
13.4000 4 22103.98208
13.5000 4 20583.54688
13.6000 4 20132.6592
13.7000 4 20646.46144
13.8000 4 20719.86176
13.9000 4 22911.3856
14.0000 4 14879.29344
14.1000 4 20929.57696
14.2000 4 21590.17984
14.3000 4 20520.63232
14.4000 4 22858.9568
14.5000 4 17741.90592
14.6000 4 23204.98688
14.7000 4 6752.82944
14.8000 4 3837.78816
14.9000 4 15445.52448
15.0000 4 16861.10208
15.1000 4 4162.84672
15.2000 4 1121.97632
15.3000 4 1761.60768
15.4000 4 3596.61568
15.5000 4 23959.9616
15.6000 4 25522.33984
15.7000 4 45214.59712
15.8000 4 22900.89984
15.9000 4 13316.9152
16.0000 4 24358.42048
16.1000 4 18947.76832
16.2000 4 19639.82848
16.3000 4 29653.72928
16.4000 4 15256.7808
16.5000 4 24840.76544
16.6000 4 8598.3232
16.7000 4 17584.61952
16.8000 4 12572.42624
16.9000 4 26990.34624
17.0000 4 12173.96736
17.1000 4 9720.29952
17.2000 4 21873.29536
17.3000 4 28343.00928
17.4000 4 15172.89472
17.5000 4 8325.69344
17.6000 4 8766.09536
17.7000 4 0.0
17.8000 4 15791.55456
17.9000 4 21590.17984
18.0000 4 23005.75744
18.1000 4 20321.40288
18.2000 4 23288.87296
18.3000 4 15812.52608
18.4000 4 18779.99616
18.5000 4 23089.64352
18.6000 4 17448.30464
18.7000 4 24515.70688
18.8000 4 22229.8112
18.9000 4 17112.76032
19.0000 4 23142.07232
19.1000 4 10087.30112
19.2000 4 24358.42048
19.3000 4 17951.62112
19.4000 4 17511.2192
19.5000 4 11681.13664
19.6000 4 15938.3552
19.7000 4 18381.53728
19.8000 4 15833.4976
19.9000 4 21296.57856
20.0000 4 23215.47264
20.1000 4 19734.20032
20.2000 4 17249.0752
20.3000 4 14103.3472
20.4000 4 19220.39808
20.5000 4 19094.56896
20.6000 4 19776.14336
20.7000 4 14564.72064
20.8000 4 20688.40448
20.9000 4 17773.3632
21.0000 4 20635.97568
21.1000 4 22229.8112
21.2000 4 19881.00096
21.3000 4 18612.224
21.4000 4 18549.30944
21.5000 4 18937.28256
21.6000 4 20835.20512
21.7000 4 19199.42656
21.8000 4 10422.84544
21.9000 4 3607.10144
