0.1000 4 0.0
0.2000 4 21474.83648
0.3000 4 14050.9184
0.4000 4 21233.664
0.5000 4 15927.86944
0.6000 4 19797.11488
0.7000 4 20289.9456
0.8000 4 20489.17504
0.9000 4 19472.05632
1.0000 4 21873.29536
1.1000 4 21265.12128
1.2000 4 20363.34592
1.3000 4 20499.6608
1.4000 4 19849.54368
1.5000 4 21862.8096
1.6000 4 21527.26528
1.7000 4 20289.9456
1.8000 4 16944.98816
1.9000 4 21967.6672
2.0000 4 16473.12896
2.1000 4 22282.24
2.2000 4 16336.81408
2.3000 4 20919.0912
2.4000 4 20709.376
2.5000 4 19744.68608
2.6000 4 22303.21152
2.7000 4 19922.944
2.8000 4 22041.06752
2.9000 4 18591.25248
3.0000 4 22124.9536
3.1000 4 20971.52
3.2000 4 19912.45824
3.3000 4 20059.25888
3.4000 4 20048.77312
3.5000 4 20279.45984
3.6000 4 18245.2224
3.7000 4 22282.24
3.8000 4 14470.3488
3.9000 4 22879.92832
4.0000 4 16787.70176
4.1000 4 21978.15296
4.2000 4 20048.77312
4.3000 4 18161.33632
4.4000 4 22093.49632
4.5000 4 18706.59584
4.6000 4 20866.6624
4.7000 4 19545.45664
4.8000 4 20300.43136
4.9000 4 17825.792
5.0000 4 23540.5312
5.1000 4 16074.67008
5.2000 4 23058.18624
5.3000 4 17637.04832
5.4000 4 23121.1008
5.5000 4 13033.79968
5.6000 4 23362.27328
5.7000 4 13600.03072
5.8000 4 19461.57056
5.9000 4 17479.76192
6.0000 4 16263.41376
6.1000 4 262.144
6.2000 4 786.432
6.3000 4 272.62976
6.4000 4 19042.14016
6.5000 4 18287.16544
6.6000 4 23938.99008
6.7000 4 16850.61632
6.8000 4 19985.85856
6.9000 4 20531.11808
7.0000 4 23121.1008
7.1000 4 17406.3616
7.2000 4 0.0
7.3000 4 14921.23648
7.4000 4 5127.53664
7.5000 4 0.0
7.6000 4 20992.49152
7.7000 4 8514.43712
7.8000 4 23330.816
7.9000 4 17783.84896
8.0000 4 29674.7008
8.1000 4 19398.656
8.2000 4 9279.8976
8.3000 4 8220.83584
8.4000 4 21653.0944
8.5000 4 27797.74976
8.6000 4 20719.86176
8.7000 4 22198.35392
8.8000 4 16137.58464
8.9000 4 26895.9744
9.0000 4 14271.11936
9.1000 4 25354.56768
9.2000 4 15214.83776
9.3000 4 23970.44736
9.4000 4 19576.91392
9.5000 4 20646.46144
9.6000 4 22921.87136
9.7000 4 22554.86976
9.8000 4 17270.04672
9.9000 4 9185.52576
10.0000 4 8126.464
10.1000 4 26770.14528
10.2000 4 15529.41056
10.3000 4 18129.87904
10.4000 4 21328.03584
10.5000 4 28437.38112
10.6000 4 25889.34144
10.7000 4 18318.62272
10.8000 4 19031.6544
10.9000 4 19734.20032
11.0000 4 23907.5328
11.1000 4 18077.45024
11.2000 4 22408.06912
11.3000 4 19314.76992
11.4000 4 23823.64672
11.5000 4 16850.61632
11.6000 4 21233.664
11.7000 4 19964.88704
11.8000 4 21925.72416
11.9000 4 20499.6608
12.0000 4 20782.77632
12.1000 4 21820.86656
12.2000 4 20268.97408
12.3000 4 23488.1024
12.4000 4 20604.5184
12.5000 4 23435.6736
12.6000 4 22324.18304
12.7000 4 20929.57696
12.8000 4 24956.1088
12.9000 4 18454.9376
13.0000 4 21474.83648
13.1000 4 18790.48192
13.2000 4 21160.26368
13.3000 4 14763.95008
13.4000 4 24096.27648
13.5000 4 5578.42432
13.6000 4 25889.34144
13.7000 4 14669.57824
13.8000 4 22722.64192
13.9000 4 18916.31104
14.0000 4 21600.6656
14.1000 4 20478.68928
14.2000 4 22009.61024
14.3000 4 20583.54688
14.4000 4 19713.2288
14.5000 4 20289.9456
14.6000 4 19534.97088
14.7000 4 17175.67488
14.8000 4 21915.2384
14.9000 4 19828.57216
15.0000 4 19881.00096
15.1000 4 20143.14496
15.2000 4 18496.88064
15.3000 4 16305.3568
15.4000 4 18381.53728
15.5000 4 19230.88384
15.6000 4 19734.20032
15.7000 4 19419.62752
15.8000 4 17207.13216
15.9000 4 20227.03104
16.0000 4 19954.40128
16.1000 4 18035.5072
16.2000 4 17553.16224
16.3000 4 21558.72256
16.4000 4 18297.6512
16.5000 4 22334.6688
16.6000 4 19608.3712
16.7000 4 21579.69408
16.8000 4 19755.17184
16.9000 4 22827.49952
17.0000 4 17301.504
17.1000 4 21852.32384
17.2000 4 21485.32224
17.3000 4 21789.40928
17.4000 4 19975.3728
17.5000 4 23058.18624
17.6000 4 20478.68928
17.7000 4 21936.20992
17.8000 4 17720.9344
17.9000 4 21495.808
18.0000 4 22208.83968
18.1000 4 18706.59584
18.2000 4 22334.6688
18.3000 4 18570.28096
18.4000 4 20772.29056
18.5000 4 17983.0784
18.6000 4 21432.89344
18.7000 4 17668.5056
18.8000 4 24253.56288
18.9000 4 14239.66208
19.0000 4 24379.392
19.1000 4 10286.53056
19.2000 4 25847.3984
19.3000 4 10087.30112
19.4000 4 25669.14048
19.5000 4 17962.10688
19.6000 4 23551.01696
19.7000 4 22334.6688
19.8000 4 20730.34752
19.9000 4 23068.672
20.0000 4 16462.6432
20.1000 4 23267.90144
20.2000 4 19146.99776
20.3000 4 23309.84448
20.4000 4 14837.3504
20.5000 4 15791.55456
20.6000 4 23498.58816
20.7000 4 22093.49632
20.8000 4 27892.1216
20.9000 4 19346.2272
21.0000 4 21485.32224
21.1000 4 19178.45504
21.2000 4 18108.90752
21.3000 4 23718.78912
21.4000 4 19430.11328
21.5000 4 18790.48192
21.6000 4 5421.13792
