0.1000 4 0.0
0.2000 4 23823.64672
0.3000 4 13316.9152
0.4000 4 17249.0752
0.5000 4 20814.2336
0.6000 4 20436.74624
0.7000 4 19912.45824
0.8000 4 21076.3776
0.9000 4 21537.75104
1.0000 4 21275.60704
1.1000 4 24337.44896
1.2000 4 24096.27648
1.3000 4 22701.6704
1.4000 4 21212.69248
1.5000 4 22030.58176
1.6000 4 20594.03264
1.7000 4 20080.2304
1.8000 4 23184.01536
1.9000 4 21359.49312
2.0000 4 21485.32224
2.1000 4 21275.60704
2.2000 4 20468.20352
2.3000 4 21579.69408
2.4000 4 22324.18304
2.5000 4 20331.88864
2.6000 4 21894.26688
2.7000 4 22303.21152
2.8000 4 21485.32224
2.9000 4 21097.34912
3.0000 4 21202.20672
3.1000 4 19251.85536
3.2000 4 22020.096
3.3000 4 21621.63712
3.4000 4 21925.72416
3.5000 4 21579.69408
3.6000 4 21202.20672
3.7000 4 20510.14656
3.8000 4 20531.11808
3.9000 4 20080.2304
4.0000 4 22177.3824
4.1000 4 21485.32224
4.2000 4 20751.31904
4.3000 4 21380.46464
4.4000 4 21369.97888
4.5000 4 19734.20032
4.6000 4 20384.31744
4.7000 4 21286.0928
4.8000 4 21160.26368
4.9000 4 21915.2384
5.0000 4 20667.43296
5.1000 4 21191.72096
5.2000 4 21328.03584
5.3000 4 19146.99776
5.4000 4 20583.54688
5.5000 4 22030.58176
5.6000 4 20982.00576
5.7000 4 17762.87744
5.8000 4 18979.2256
5.9000 4 18832.42496
6.0000 4 17542.67648
6.1000 4 19860.02944
6.2000 4 17427.33312
6.3000 4 19828.57216
6.4000 4 20635.97568
6.5000 4 16567.5008
6.6000 4 23467.13088
6.7000 4 19325.25568
6.8000 4 19964.88704
6.9000 4 20562.57536
7.0000 4 20877.14816
7.1000 4 19325.25568
7.2000 4 19545.45664
7.3000 4 20877.14816
7.4000 4 18664.6528
7.5000 4 21128.8064
7.6000 4 22974.30016
7.7000 4 17574.13376
7.8000 4 21443.3792
7.9000 4 18213.76512
8.0000 4 19723.71456
8.1000 4 20751.31904
8.2000 4 19828.57216
8.3000 4 19828.57216
8.4000 4 21894.26688
8.5000 4 20510.14656
8.6000 4 21044.92032
8.7000 4 20604.5184
8.8000 4 19660.8
8.9000 4 21611.15136
9.0000 4 18182.30784
9.1000 4 21254.63552
9.2000 4 22041.06752
9.3000 4 17249.0752
9.4000 4 19084.0832
9.5000 4 22408.06912
9.6000 4 22020.096
9.7000 4 19681.77152
9.8000 4 24714.93632
9.9000 4 20048.77312
10.0000 4 22156.41088
10.1000 4 20824.71936
10.2000 4 19063.11168
10.3000 4 21244.14976
10.4000 4 18633.19552
10.5000 4 22712.15616
10.6000 4 19713.2288
10.7000 4 22124.9536
10.8000 4 21999.12448
10.9000 4 23236.44416
11.0000 4 21747.46624
11.1000 4 21443.3792
11.2000 4 19220.39808
11.3000 4 21778.92352
11.4000 4 22565.35552
11.5000 4 21590.17984
11.6000 4 20772.29056
11.7000 4 22890.41408
11.8000 4 20248.00256
11.9000 4 21873.29536
12.0000 4 21023.9488
12.1000 4 19891.48672
12.2000 4 21705.5232
12.3000 4 19975.3728
12.4000 4 20457.71776
12.5000 4 22502.44096
12.6000 4 20562.57536
12.7000 4 18234.73664
12.8000 4 17186.16064
12.9000 4 14197.71904
13.0000 4 21369.97888
13.1000 4 19314.76992
13.2000 4 20153.63072
13.3000 4 19272.82688
13.4000 4 21390.9504
13.5000 4 20384.31744
13.6000 4 16200.4992
13.7000 4 22041.06752
13.8000 4 18475.90912
13.9000 4 20552.0896
14.0000 4 14973.66528
14.1000 4 22009.61024
14.2000 4 14260.6336
14.3000 4 19660.8
14.4000 4 21328.03584
14.5000 4 17867.73504
14.6000 4 19251.85536
14.7000 4 21558.72256
14.8000 4 18832.42496
14.9000 4 21055.40608
15.0000 4 18884.85376
15.1000 4 23393.73056
15.2000 4 14082.37568
15.3000 4 21485.32224
15.4000 4 18559.7952
15.5000 4 17888.70656
15.6000 4 23184.01536
15.7000 4 20908.60544
15.8000 4 18905.82528
15.9000 4 22900.89984
16.0000 4 17878.2208
16.1000 4 19576.91392
16.2000 4 18612.224
16.3000 4 18790.48192
16.4000 4 16714.30144
16.5000 4 17532.19072
16.6000 4 19555.9424
16.7000 4 20677.91872
16.8000 4 22355.64032
16.9000 4 24526.19264
17.0000 4 22103.98208
17.1000 4 22502.44096
17.2000 4 21275.60704
17.3000 4 20751.31904
17.4000 4 21716.00896
17.5000 4 20793.26208
17.6000 4 21810.3808
17.7000 4 21464.35072
17.8000 4 21653.0944
17.9000 4 21768.43776
18.0000 4 21453.86496
18.1000 4 20719.86176
18.2000 4 21244.14976
18.3000 4 19702.74304
18.4000 4 22166.89664
18.5000 4 20929.57696
18.6000 4 21705.5232
18.7000 4 20961.03424
18.8000 4 22083.01056
18.9000 4 20803.74784
19.0000 4 17374.90432
19.1000 4 23823.64672
19.2000 4 19765.6576
19.3000 4 20457.71776
19.4000 4 20803.74784
19.5000 4 22376.61184
19.6000 4 12782.14144
19.7000 4 11282.67776
19.8000 4 1971.32288
19.9000 4 0.0
20.0000 4 25081.93792
20.1000 4 23425.18784
20.2000 4 10108.27264
20.3000 4 39510.34368
20.4000 4 22093.49632
20.5000 4 11293.16352
20.6000 4 4141.8752
