0.1000 4 0.0
0.2000 4 21810.3808
0.3000 4 16903.04512
0.4000 4 20615.00416
0.5000 4 6144.65536
0.6000 4 21443.3792
0.7000 4 11156.84864
0.8000 4 22229.8112
0.9000 4 21915.2384
1.0000 4 19220.39808
1.1000 4 20594.03264
1.2000 4 19797.11488
1.3000 4 19440.59904
1.4000 4 11565.79328
1.5000 4 14365.4912
1.6000 4 12572.42624
1.7000 4 12352.22528
1.8000 4 2453.66784
1.9000 4 4917.82144
2.0000 4 25962.74176
2.1000 4 20457.71776
2.2000 4 18475.90912
2.3000 4 17930.6496
2.4000 4 20457.71776
2.5000 4 17762.87744
2.6000 4 21202.20672
2.7000 4 14606.66368
2.8000 4 18412.99456
2.9000 4 20405.28896
3.0000 4 18507.3664
3.1000 4 21307.06432
3.2000 4 12436.11136
3.3000 4 17794.33472
3.4000 4 20080.2304
3.5000 4 20185.088
3.6000 4 16714.30144
3.7000 4 20279.45984
3.8000 4 14648.60672
3.9000 4 12446.59712
4.0000 4 28552.72448
4.1000 4 15550.38208
4.2000 4 20048.77312
4.3000 4 17930.6496
4.4000 4 20573.06112
4.5000 4 17364.41856
4.6000 4 21537.75104
4.7000 4 17249.0752
4.8000 4 20048.77312
4.9000 4 13799.26016
5.0000 4 20961.03424
5.1000 4 17154.70336
5.2000 4 18937.28256
5.3000 4 17280.53248
5.4000 4 18350.08
5.5000 4 15644.75392
5.6000 4 16053.69856
5.7000 4 17416.84736
5.8000 4 12352.22528
5.9000 4 22292.72576
6.0000 4 16829.6448
6.1000 4 22733.12768
6.2000 4 21464.35072
6.3000 4 20394.8032
6.4000 4 17899.19232
6.5000 4 18066.96448
6.6000 4 18266.19392
6.7000 4 21265.12128
6.8000 4 19891.48672
6.9000 4 15246.29504
7.0000 4 22429.04064
7.1000 4 15718.15424
7.2000 4 19860.02944
7.3000 4 18308.13696
7.4000 4 20342.3744
7.5000 4 15592.32512
7.6000 4 24054.33344
7.7000 4 16127.09888
7.8000 4 18842.91072
7.9000 4 19524.48512
8.0000 4 20101.20192
8.1000 4 16190.01344
8.2000 4 21904.75264
8.3000 4 16840.13056
8.4000 4 21632.12288
8.5000 4 17228.10368
8.6000 4 21516.77952
8.7000 4 15550.38208
8.8000 4 22240.29696
8.9000 4 17406.3616
9.0000 4 22533.89824
9.1000 4 20300.43136
9.2000 4 17102.27456
9.3000 4 20814.2336
9.4000 4 15791.55456
9.5000 4 19618.85696
9.6000 4 16714.30144
9.7000 4 21275.60704
9.8000 4 20688.40448
9.9000 4 18884.85376
10.0000 4 19388.17024
10.1000 4 19786.62912
10.2000 4 12540.96896
10.3000 4 19870.5152
10.4000 4 17196.6464
10.5000 4 20310.91712
10.6000 4 24295.50592
10.7000 4 13453.23008
10.8000 4 22848.47104
10.9000 4 17437.81888
11.0000 4 21328.03584
11.1000 4 16693.32992
11.2000 4 21988.63872
11.3000 4 18507.3664
11.4000 4 14533.26336
11.5000 4 20887.63392
11.6000 4 12173.96736
11.7000 4 19398.656
11.8000 4 18664.6528
11.9000 4 22827.49952
12.0000 4 18045.99296
12.1000 4 22041.06752
12.2000 4 14585.69216
12.3000 4 21695.03744
12.4000 4 18968.73984
12.5000 4 21558.72256
12.6000 4 18077.45024
12.7000 4 21653.0944
12.8000 4 13757.31712
12.9000 4 22806.528
13.0000 4 19451.0848
13.1000 4 21097.34912
13.2000 4 17741.90592
13.3000 4 18622.70976
13.4000 4 19639.82848
13.5000 4 20719.86176
13.6000 4 15539.89632
13.7000 4 21181.2352
13.8000 4 19786.62912
13.9000 4 18475.90912
14.0000 4 21013.46304
14.1000 4 18591.25248
14.2000 4 18832.42496
14.3000 4 21516.77952
14.4000 4 13841.2032
14.5000 4 18066.96448
14.6000 4 20908.60544
14.7000 4 18276.67968
14.8000 4 19839.05792
14.9000 4 19440.59904
15.0000 4 15885.9264
15.1000 4 20101.20192
15.2000 4 18979.2256
15.3000 4 21663.58016
15.4000 4 15592.32512
15.5000 4 20111.68768
15.6000 4 12824.08448
15.7000 4 20436.74624
15.8000 4 17783.84896
15.9000 4 20562.57536
16.0000 4 18087.936
16.1000 4 20520.63232
16.2000 4 18454.9376
16.3000 4 21925.72416
16.4000 4 16231.95648
16.5000 4 22219.32544
16.6000 4 19230.88384
16.7000 4 20845.69088
16.8000 4 17249.0752
16.9000 4 20216.54528
17.0000 4 19272.82688
17.1000 4 20017.31584
17.2000 4 20573.06112
17.3000 4 17983.0784
17.4000 4 21380.46464
17.5000 4 17678.99136
17.6000 4 22911.3856
17.7000 4 14732.4928
17.8000 4 23655.87456
17.9000 4 15686.69696
18.0000 4 21065.89184
18.1000 4 14879.29344
18.2000 4 19440.59904
18.3000 4 15990.784
18.4000 4 18968.73984
18.5000 4 19272.82688
18.6000 4 15361.6384
18.7000 4 21642.60864
18.8000 4 13736.3456
18.9000 4 22544.384
19.0000 4 13893.632
19.1000 4 20625.48992
19.2000 4 17112.76032
19.3000 4 18570.28096
19.4000 4 17899.19232
19.5000 4 20248.00256
19.6000 4 19461.57056
19.7000 4 20635.97568
19.8000 4 21139.29216
19.9000 4 17941.13536
20.0000 4 22491.9552
20.1000 4 19451.0848
20.2000 4 22565.35552
20.3000 4 16494.10048
20.4000 4 17374.90432
20.5000 4 17259.56096
20.6000 4 23645.3888
20.7000 4 22775.07072
20.8000 4 16557.01504
20.9000 4 20562.57536
21.0000 4 17427.33312
21.1000 4 20331.88864
21.2000 4 17846.76352
21.3000 4 18989.71136
21.4000 4 17920.16384
21.5000 4 18329.10848
21.6000 4 12970.88512
21.7000 4 24368.90624
21.8000 4 13558.08768
21.9000 4 23142.07232
22.0000 4 19409.14176
22.1000 4 23037.21472
22.2000 4 21464.35072
22.3000 4 16305.3568
22.4000 4 11670.65088
