0.1000 4 0.0
0.2000 4 24410.84928
0.3000 4 12289.31072
0.4000 4 21485.32224
0.5000 4 18192.7936
0.6000 4 22890.41408
0.7000 4 20101.20192
0.8000 4 21747.46624
0.9000 4 17374.90432
1.0000 4 21957.18144
1.1000 4 18622.70976
1.2000 4 23110.61504
1.3000 4 12593.39776
1.4000 4 22072.5248
1.5000 4 16798.18752
1.6000 4 18360.56576
1.7000 4 20017.31584
1.8000 4 20038.28736
1.9000 4 17112.76032
2.0000 4 20971.52
2.1000 4 17521.70496
2.2000 4 20090.71616
2.3000 4 17773.3632
2.4000 4 19524.48512
2.5000 4 23603.44576
2.6000 4 20824.71936
2.7000 4 20740.83328
2.8000 4 24347.93472
2.9000 4 15130.95168
3.0000 4 22103.98208
3.1000 4 18706.59584
3.2000 4 19010.68288
3.3000 4 18171.82208
3.4000 4 13736.3456
3.5000 4 12121.53856
3.6000 4 16892.55936
3.7000 4 19545.45664
3.8000 4 24211.61984
3.9000 4 20740.83328
4.0000 4 15791.55456
4.1000 4 20363.34592
4.2000 4 16567.5008
4.3000 4 20457.71776
4.4000 4 16944.98816
4.5000 4 21013.46304
4.6000 4 11135.87712
4.7000 4 20468.20352
4.8000 4 13977.51808
4.9000 4 20489.17504
5.0000 4 12918.45632
5.1000 4 12886.99904
5.2000 4 21736.98048
5.3000 4 7654.6048
5.4000 4 24704.45056
5.5000 4 32128.36864
5.6000 4 18696.11008
5.7000 4 19545.45664
5.8000 4 17857.24928
5.9000 4 19943.91552
6.0000 4 19241.3696
6.1000 4 15917.38368
6.2000 4 18759.02464
6.3000 4 16043.2128
6.4000 4 20059.25888
6.5000 4 31226.59328
6.6000 4 18528.33792
6.7000 4 21411.92192
6.8000 4 19136.512
6.9000 4 18790.48192
7.0000 4 19188.9408
7.1000 4 20929.57696
7.2000 4 13694.40256
7.3000 4 27409.77664
7.4000 4 20174.60224
7.5000 4 21600.6656
7.6000 4 13589.54496
7.7000 4 20887.63392
7.8000 4 17301.504
7.9000 4 17406.3616
8.0000 4 21160.26368
8.1000 4 12016.68096
8.2000 4 21663.58016
8.3000 4 11523.85024
8.4000 4 20489.17504
8.5000 4 17637.04832
8.6000 4 19996.34432
8.7000 4 15875.44064
8.8000 4 18045.99296
8.9000 4 15277.75232
9.0000 4 19272.82688
9.1000 4 13138.65728
9.2000 4 19472.05632
9.3000 4 18517.85216
9.4000 4 18454.9376
9.5000 4 19335.74144
9.6000 4 21013.46304
9.7000 4 17825.792
9.8000 4 16190.01344
9.9000 4 18150.85056
10.0000 4 12226.39616
10.1000 4 20793.26208
10.2000 4 13096.71424
10.3000 4 22659.72736
10.4000 4 8891.92448
10.5000 4 19409.14176
10.6000 4 14659.09248
10.7000 4 14900.26496
10.8000 4 18192.7936
10.9000 4 13652.45952
11.0000 4 19681.77152
11.1000 4 20415.77472
11.2000 4 18025.02144
11.3000 4 21013.46304
11.4000 4 23488.1024
11.5000 4 22754.0992
11.6000 4 20615.00416
11.7000 4 15634.26816
11.8000 4 21632.12288
11.9000 4 14659.09248
12.0000 4 20227.03104
12.1000 4 20300.43136
12.2000 4 18916.31104
12.3000 4 19503.5136
12.4000 4 20688.40448
12.5000 4 18045.99296
12.6000 4 15089.00864
12.7000 4 20751.31904
12.8000 4 17448.30464
12.9000 4 21621.63712
13.0000 4 17416.84736
13.1000 4 20373.83168
13.2000 4 15969.81248
13.3000 4 20478.68928
13.4000 4 16693.32992
13.5000 4 19692.25728
13.6000 4 17196.6464
13.7000 4 19922.944
13.8000 4 17311.98976
13.9000 4 19608.3712
14.0000 4 17123.24608
14.1000 4 19230.88384
14.2000 4 14921.23648
14.3000 4 19084.0832
14.4000 4 16955.47392
14.5000 4 17825.792
14.6000 4 19283.31264
14.7000 4 15833.4976
14.8000 4 19451.0848
14.9000 4 16892.55936
15.0000 4 17867.73504
15.1000 4 16735.27296
15.2000 4 16850.61632
15.3000 4 15938.3552
15.4000 4 17605.59104
15.5000 4 16525.55776
15.6000 4 19713.2288
15.7000 4 14292.09088
15.8000 4 21967.6672
15.9000 4 12645.82656
16.0000 4 19377.68448
16.1000 4 17500.73344
16.2000 4 16148.0704
16.3000 4 16494.10048
16.4000 4 18475.90912
16.5000 4 17783.84896
16.6000 4 18570.28096
16.7000 4 20615.00416
16.8000 4 12886.99904
16.9000 4 20803.74784
17.0000 4 16944.98816
17.1000 4 19975.3728
17.2000 4 17584.61952
17.3000 4 16924.01664
17.4000 4 20510.14656
17.5000 4 15676.2112
17.6000 4 21726.49472
17.7000 4 15990.784
17.8000 4 21726.49472
17.9000 4 14680.064
18.0000 4 20227.03104
18.1000 4 19367.19872
18.2000 4 19440.59904
18.3000 4 19409.14176
18.4000 4 18392.02304
18.5000 4 23309.84448
18.6000 4 9510.58432
18.7000 4 21957.18144
18.8000 4 15057.55136
18.9000 4 21212.69248
19.0000 4 14575.2064
19.1000 4 18979.2256
19.2000 4 18779.99616
19.3000 4 18129.87904
19.4000 4 21548.2368
19.5000 4 15634.26816
19.6000 4 20289.9456
19.7000 4 21212.69248
19.8000 4 18371.05152
19.9000 4 20552.0896
20.0000 4 19566.42816
20.1000 4 21946.69568
20.2000 4 11974.73792
20.3000 4 22324.18304
20.4000 4 9688.84224
20.5000 4 20782.77632
20.6000 4 11744.0512
20.7000 4 19849.54368
20.8000 4 14271.11936
20.9000 4 17249.0752
21.0000 4 16903.04512
21.1000 4 17448.30464
21.2000 4 19503.5136
21.3000 4 17385.39008
21.4000 4 17500.73344
21.5000 4 18203.27936
21.6000 4 14480.83456
21.7000 4 25920.79872
21.8000 4 16840.13056
21.9000 4 23771.21792
22.0000 4 16525.55776
22.1000 4 21695.03744
22.2000 4 19042.14016
22.3000 4 20730.34752
22.4000 4 18318.62272
22.5000 4 24232.59136
22.6000 4 9730.78528
22.7000 4 692.06016
