0.1000 1 0.0
0.2000 1 5525.99552
0.3000 1 5274.33728
0.4000 1 6092.22656
0.5000 1 6165.62688
0.6000 1 5934.94016
0.7000 1 4959.76448
0.8000 1 6364.85632
0.9000 1 5284.82304
1.0000 1 5148.50816
1.1000 1 7486.83264
1.2000 1 6123.68384
1.3000 1 6092.22656
1.4000 1 5190.4512
1.5000 1 7329.54624
1.6000 1 5442.10944
1.7000 1 4246.7328
1.8000 1 6113.19808
1.9000 1 5022.67904
2.0000 1 5358.22336
2.1000 1 6354.37056
2.2000 1 5756.68224
2.3000 1 5609.8816
2.4000 1 6994.00192
2.5000 1 5096.07936
2.6000 1 5872.0256
2.7000 1 6039.79776
2.8000 1 4812.96384
2.9000 1 4204.78976
3.0000 1 5809.11104
3.1000 1 4697.62048
3.2000 1 5599.39584
3.3000 1 6794.77248
3.4000 1 5001.70752
3.5000 1 4980.736
3.6000 1 6280.97024
3.7000 1 4896.84992
3.8000 1 5588.91008
3.9000 1 5442.10944
4.0000 1 4278.19008
4.1000 1 5997.85472
4.2000 1 4037.0176
4.3000 1 5316.28032
4.4000 1 6249.51296
4.5000 1 5064.62208
4.6000 1 6029.312
4.7000 1 6637.48608
4.8000 1 5033.1648
4.9000 1 5263.85152
5.0000 1 7444.8896
5.1000 1 5221.90848
5.2000 1 4435.47648
5.3000 1 6511.65696
5.4000 1 4771.0208
5.5000 1 4278.19008
5.6000 1 5924.4544
5.7000 1 4928.3072
5.8000 1 5840.56832
5.9000 1 6606.0288
6.0000 1 5620.36736
6.1000 1 5851.05408
6.2000 1 7088.37376
6.3000 1 6218.05568
6.4000 1 5096.07936
6.5000 1 5945.42592
6.6000 1 6060.76928
6.7000 1 5473.56672
6.8000 1 6165.62688
6.9000 1 6920.6016
7.0000 1 5295.3088
7.1000 1 6071.25504
7.2000 1 5400.1664
7.3000 1 6763.3152
7.4000 1 6228.54144
7.5000 1 5033.1648
7.6000 1 7067.40224
7.7000 1 6186.5984
7.8000 1 5179.96544
7.9000 1 6134.1696
8.0000 1 6815.744
8.1000 1 6176.11264
8.2000 1 6123.68384
8.3000 1 5221.90848
8.4000 1 7361.00352
8.5000 1 5284.82304
8.6000 1 5819.5968
8.7000 1 5987.36896
8.8000 1 4624.22016
8.9000 1 5022.67904
9.0000 1 7266.63168
9.1000 1 5693.76768
9.2000 1 6008.34048
9.3000 1 5987.36896
9.4000 1 7581.20448
9.5000 1 5494.53824
9.6000 1 5641.33888
9.7000 1 5924.4544
9.8000 1 6731.85792
9.9000 1 6280.97024
10.0000 1 4309.64736
10.1000 1 6354.37056
10.2000 1 4865.39264
10.3000 1 4917.82144
10.4000 1 7277.11744
10.5000 1 5221.90848
10.6000 1 5945.42592
10.7000 1 6197.08416
10.8000 1 4016.04608
10.9000 1 4750.04928
11.0000 1 6102.71232
11.1000 1 4970.25024
11.2000 1 5746.19648
11.3000 1 6438.25664
11.4000 1 5096.07936
11.5000 1 5253.36576
11.6000 1 5557.4528
11.7000 1 4288.67584
11.8000 1 6239.0272
11.9000 1 4487.90528
12.0000 1 4812.96384
12.1000 1 6039.79776
12.2000 1 4645.19168
12.3000 1 5788.13952
12.4000 1 6123.68384
12.5000 1 5012.19328
12.6000 1 5546.96704
12.7000 1 6773.80096
12.8000 1 4833.93536
12.9000 1 5127.53664
13.0000 1 7298.08896
13.1000 1 5473.56672
13.2000 1 5043.65056
13.3000 1 7088.37376
13.4000 1 4739.56352
13.5000 1 4120.90368
13.6000 1 6878.65856
13.7000 1 4854.90688
13.8000 1 4582.27712
13.9000 1 5400.1664
14.0000 1 4068.47488
14.1000 1 5872.0256
14.2000 1 4194.304
14.3000 1 5578.42432
14.4000 1 5651.82464
14.5000 1 5200.93696
14.6000 1 5976.8832
14.7000 1 6165.62688
14.8000 1 4634.70592
14.9000 1 6092.22656
15.0000 1 7161.77408
15.1000 1 5966.39744
15.2000 1 6218.05568
15.3000 1 5505.024
15.4000 1 6805.25824
15.5000 1 5148.50816
15.6000 1 5588.91008
15.7000 1 7361.00352
15.8000 1 5211.42272
15.9000 1 6050.28352
16.0000 1 5746.19648
16.1000 1 6532.62848
16.2000 1 5830.08256
16.3000 1 5326.76608
16.4000 1 7361.00352
16.5000 1 5221.90848
16.6000 1 5735.71072
16.7000 1 5872.0256
16.8000 1 7245.66016
16.9000 1 5809.11104
17.0000 1 6176.11264
17.1000 1 5892.99712
17.2000 1 6564.08576
17.3000 1 5756.68224
17.4000 1 4414.50496
17.5000 1 6553.6
17.6000 1 4687.13472
17.7000 1 5431.62368
17.8000 1 5546.96704
17.9000 1 4225.76128
18.0000 1 6008.34048
18.1000 1 4089.4464
18.2000 1 5316.28032
18.3000 1 4760.53504
18.4000 1 4865.39264
18.5000 1 6910.11584
18.6000 1 5861.53984
18.7000 1 5190.4512
18.8000 1 6039.79776
18.9000 1 6060.76928
19.0000 1 5641.33888
19.1000 1 5997.85472
19.2000 1 7067.40224
19.3000 1 5830.08256
19.4000 1 3879.7312
19.5000 1 6532.62848
19.6000 1 4886.36416
19.7000 1 4708.10624
19.8000 1 6815.744
19.9000 1 5641.33888
20.0000 1 5630.85312
20.1000 1 6029.312
20.2000 1 5148.50816
20.3000 1 5400.1664
20.4000 1 6060.76928
20.5000 1 4194.304
20.6000 1 5714.7392
20.7000 1 6218.05568
20.8000 1 4424.99072
20.9000 1 5379.19488
21.0000 1 6050.28352
21.1000 1 4676.64896
21.2000 1 6039.79776
21.3000 1 4424.99072
21.4000 1 4309.64736
21.5000 1 6637.48608
21.6000 1 4676.64896
21.7000 1 5326.76608
21.8000 1 6270.48448
21.9000 1 4561.3056
22.0000 1 5546.96704
22.1000 1 5987.36896
22.2000 1 4456.448
22.3000 1 6259.99872
22.4000 1 5347.7376
22.5000 1 5127.53664
22.6000 1 6396.3136
22.7000 1 5578.42432
22.8000 1 4183.81824
22.9000 1 6050.28352
23.0000 1 3481.27232
23.1000 1 5546.96704
23.2000 1 3428.84352
23.3000 1 5232.39424
23.4000 1 4299.1616
23.5000 1 5138.0224
23.6000 1 6952.05888
23.7000 1 5903.48288
23.8000 1 5641.33888
23.9000 1 5567.93856
24.0000 1 6322.91328
24.1000 1 4697.62048
24.2000 1 5630.85312
24.3000 1 6018.82624
24.4000 1 4750.04928
24.5000 1 6060.76928
24.6000 1 6218.05568
24.7000 1 5368.70912
24.8000 1 5148.50816
24.9000 1 6270.48448
25.0000 1 5473.56672
25.1000 1 5012.19328
25.2000 1 5641.33888
25.3000 1 4613.7344
25.4000 1 6322.91328
25.5000 1 5819.5968
25.6000 1 4760.53504
25.7000 1 6343.8848
25.8000 1 5892.99712
25.9000 1 4603.24864
26.0000 1 6228.54144
26.1000 1 6354.37056
26.2000 1 4162.84672
26.3000 1 6134.1696
26.4000 1 5221.90848
26.5000 1 5662.3104
26.6000 1 5966.39744
26.7000 1 6511.65696
26.8000 1 4875.8784
26.9000 1 5389.68064
27.0000 1 5704.25344
27.1000 1 5138.0224
27.2000 1 5945.42592
27.3000 1 5924.4544
27.4000 1 4833.93536
27.5000 1 5892.99712
27.6000 1 5872.0256
27.7000 1 4676.64896
27.8000 1 6270.48448
27.9000 1 5798.62528
28.0000 1 5704.25344
28.1000 1 5295.3088
28.2000 1 6595.54304
28.3000 1 5263.85152
28.4000 1 4865.39264
28.5000 1 6280.97024
28.6000 1 5410.65216
28.7000 1 5043.65056
28.8000 1 6826.22976
28.9000 1 4697.62048
29.0000 1 5158.99392
29.1000 1 5903.48288
29.2000 1 4613.7344
29.3000 1 6396.3136
29.4000 1 4886.36416
29.5000 1 5211.42272
29.6000 1 6627.00032
29.7000 1 5672.79616
29.8000 1 5767.168
29.9000 1 5347.7376
30.0000 1 6280.97024
30.1000 1 4561.3056
30.2000 1 5955.91168
30.3000 1 5410.65216
30.4000 1 5693.76768
30.5000 1 5609.8816
30.6000 1 6259.99872
30.7000 1 5158.99392
30.8000 1 5410.65216
30.9000 1 6312.42752
31.0000 1 4529.84832
31.1000 1 5892.99712
31.2000 1 5630.85312
31.3000 1 5473.56672
31.4000 1 5672.79616
31.5000 1 5924.4544
31.6000 1 4540.33408
31.7000 1 6301.94176
31.8000 1 5777.65376
31.9000 1 4550.81984
32.0000 1 6165.62688
32.1000 1 4697.62048
32.2000 1 4424.99072
32.3000 1 6501.1712
32.4000 1 5263.85152
32.5000 1 5819.5968
32.6000 1 6941.57312
32.7000 1 4582.27712
32.8000 1 5400.1664
32.9000 1 6920.6016
33.0000 1 5211.42272
33.1000 1 5746.19648
33.2000 1 5840.56832
33.3000 1 5767.168
33.4000 1 4771.0208
33.5000 1 6197.08416
33.6000 1 4750.04928
33.7000 1 5190.4512
33.8000 1 6532.62848
33.9000 1 4645.19168
34.0000 1 5756.68224
34.1000 1 6280.97024
34.2000 1 4844.42112
34.3000 1 5347.7376
34.4000 1 6941.57312
34.5000 1 5809.11104
34.6000 1 4802.47808
34.7000 1 6113.19808
34.8000 1 6081.7408
34.9000 1 5735.71072
35.0000 1 5221.90848
35.1000 1 6910.11584
35.2000 1 4802.47808
35.3000 1 5714.7392
35.4000 1 6438.25664
35.5000 1 4299.1616
35.6000 1 5022.67904
35.7000 1 6490.68544
35.8000 1 5567.93856
35.9000 1 5200.93696
36.0000 1 7004.48768
36.1000 1 5609.8816
36.2000 1 5672.79616
36.3000 1 6459.22816
36.4000 1 6113.19808
36.5000 1 4676.64896
36.6000 1 5830.08256
36.7000 1 5505.024
36.8000 1 5054.13632
36.9000 1 6343.8848
37.0000 1 5672.79616
37.1000 1 5819.5968
37.2000 1 5484.05248
37.3000 1 6710.8864
37.4000 1 5609.8816
37.5000 1 5567.93856
37.6000 1 6920.6016
37.7000 1 5809.11104
37.8000 1 4687.13472
37.9000 1 6301.94176
38.0000 1 6081.7408
38.1000 1 5075.10784
38.2000 1 5536.48128
38.3000 1 7109.34528
38.4000 1 4865.39264
38.5000 1 4886.36416
38.6000 1 6438.25664
38.7000 1 5263.85152
38.8000 1 5054.13632
38.9000 1 6773.80096
39.0000 1 5221.90848
39.1000 1 4729.07776
39.2000 1 7077.888
39.3000 1 5337.25184
39.4000 1 5138.0224
39.5000 1 6952.05888
39.6000 1 5714.7392
39.7000 1 4771.0208
39.8000 1 6658.4576
39.9000 1 5284.82304
40.0000 1 5714.7392
40.1000 1 5903.48288
40.2000 1 5400.1664
40.3000 1 4194.304
40.4000 1 6270.48448
40.5000 1 5158.99392
40.6000 1 4844.42112
40.7000 1 7025.4592
40.8000 1 4865.39264
40.9000 1 4372.56192
41.0000 1 6627.00032
41.1000 1 5117.05088
41.2000 1 5672.79616
41.3000 1 7056.91648
41.4000 1 5620.36736
41.5000 1 4802.47808
41.6000 1 6836.71552
41.7000 1 4267.70432
41.8000 1 5127.53664
41.9000 1 6679.42912
42.0000 1 4907.33568
42.1000 1 4812.96384
42.2000 1 6836.71552
42.3000 1 5106.56512
42.4000 1 5525.99552
42.5000 1 6941.57312
42.6000 1 5662.3104
42.7000 1 5284.82304
42.8000 1 5913.96864
42.9000 1 6427.77088
43.0000 1 5641.33888
43.1000 1 4750.04928
43.2000 1 6438.25664
43.3000 1 5190.4512
43.4000 1 5127.53664
43.5000 1 6396.3136
43.6000 1 5085.5936
43.7000 1 5253.36576
43.8000 1 6144.65536
43.9000 1 5505.024
44.0000 1 5158.99392
44.1000 1 6752.82944
44.2000 1 5704.25344
44.3000 1 4791.99232
44.4000 1 6920.6016
44.5000 1 5305.79456
44.6000 1 4309.64736
44.7000 1 6448.7424
44.8000 1 4771.0208
44.9000 1 5316.28032
45.0000 1 6721.37216
45.1000 1 5819.5968
45.2000 1 5599.39584
45.3000 1 6931.08736
45.4000 1 5651.82464
45.5000 1 4812.96384
45.6000 1 5987.36896
45.7000 1 5274.33728
45.8000 1 4896.84992
45.9000 1 7004.48768
46.0000 1 5316.28032
46.1000 1 4561.3056
46.2000 1 6763.3152
46.3000 1 5127.53664
46.4000 1 5096.07936
46.5000 1 6637.48608
46.6000 1 5232.39424
46.7000 1 4550.81984
46.8000 1 6207.56992
46.9000 1 4498.39104
47.0000 1 5127.53664
47.1000 1 6763.3152
47.2000 1 4676.64896
47.3000 1 5421.13792
47.4000 1 6343.8848
47.5000 1 4634.70592
47.6000 1 5106.56512
47.7000 1 6731.85792
47.8000 1 4697.62048
47.9000 1 5295.3088
48.0000 1 6259.99872
48.1000 1 4655.67744
48.2000 1 5882.51136
48.3000 1 5316.28032
48.4000 1 5075.10784
48.5000 1 6197.08416
48.6000 1 6165.62688
48.7000 1 4729.07776
48.8000 1 6039.79776
48.9000 1 6438.25664
49.0000 1 4802.47808
49.1000 1 5494.53824
49.2000 1 5872.0256
49.3000 1 5127.53664
49.4000 1 5798.62528
49.5000 1 6490.68544
49.6000 1 5641.33888
49.7000 1 5641.33888
49.8000 1 7014.97344
49.9000 1 4854.90688
50.0000 1 5221.90848
50.1000 1 6501.1712
50.2000 1 4865.39264
50.3000 1 4875.8784
50.4000 1 7140.80256
50.5000 1 4886.36416
50.6000 1 4456.448
50.7000 1 6658.4576
50.8000 1 3911.18848
50.9000 1 5630.85312
51.0000 1 5463.08096
51.1000 1 3785.35936
51.2000 1 5127.53664
51.3000 1 4540.33408
51.4000 1 6228.54144
51.5000 1 6920.6016
51.6000 1 5190.4512
51.7000 1 5368.70912
51.8000 1 6920.6016
51.9000 1 4781.50656
52.0000 1 5001.70752
52.1000 1 7591.69024
52.2000 1 5169.47968
52.3000 1 5368.70912
52.4000 1 6197.08416
52.5000 1 6773.80096
52.6000 1 6113.19808
52.7000 1 5913.96864
52.8000 1 6532.62848
52.9000 1 6826.22976
53.0000 1 4970.25024
53.1000 1 6165.62688
53.2000 1 6197.08416
53.3000 1 4739.56352
53.4000 1 5033.1648
53.5000 1 7455.37536
53.6000 1 4833.93536
53.7000 1 5368.70912
53.8000 1 7067.40224
53.9000 1 5861.53984
54.0000 1 5609.8816
54.1000 1 5284.82304
54.2000 1 6543.11424
54.3000 1 4760.53504
54.4000 1 5463.08096
54.5000 1 5085.5936
54.6000 1 4865.39264
54.7000 1 6805.25824
54.8000 1 6123.68384
54.9000 1 6039.79776
55.0000 1 5955.91168
55.1000 1 7067.40224
55.2000 1 5295.3088
55.3000 1 6197.08416
55.4000 1 5263.85152
55.5000 1 7109.34528
55.6000 1 6280.97024
55.7000 1 4781.50656
55.8000 1 6962.54464
55.9000 1 5410.65216
56.0000 1 4645.19168
56.1000 1 5588.91008
56.2000 1 5337.25184
56.3000 1 5127.53664
56.4000 1 7266.63168
56.5000 1 4917.82144
56.6000 1 5022.67904
56.7000 1 6931.08736
56.8000 1 4477.41952
56.9000 1 3900.70272
57.0000 1 5421.13792
57.1000 1 4603.24864
57.2000 1 6689.91488
57.3000 1 5117.05088
57.4000 1 5924.4544
57.5000 1 5746.19648
57.6000 1 5725.22496
57.7000 1 5211.42272
57.8000 1 5840.56832
57.9000 1 5358.22336
58.0000 1 4729.07776
58.1000 1 5840.56832
58.2000 1 4844.42112
58.3000 1 5976.8832
58.4000 1 6815.744
58.5000 1 6668.94336
58.6000 1 6144.65536
58.7000 1 6134.1696
58.8000 1 6207.56992
58.9000 1 7203.71712
59.0000 1 6102.71232
59.1000 1 4802.47808
59.2000 1 7025.4592
59.3000 1 6511.65696
59.4000 1 4456.448
59.5000 1 5651.82464
59.6000 1 6050.28352
59.7000 1 6018.82624
59.8000 1 5672.79616
59.9000 1 7402.94656
60.0000 1 5190.4512
60.1000 1 5578.42432
60.2000 1 5924.4544
60.3000 1 5997.85472
60.4000 1 5284.82304
60.5000 1 5557.4528
60.6000 1 6805.25824
60.7000 1 5295.3088
60.8000 1 5987.36896
60.9000 1 7046.43072
61.0000 1 6396.3136
61.1000 1 5830.08256
61.2000 1 5431.62368
61.3000 1 7046.43072
61.4000 1 6029.312
61.5000 1 5588.91008
61.6000 1 5746.19648
61.7000 1 6742.34368
61.8000 1 4760.53504
61.9000 1 5966.39744
62.0000 1 7361.00352
62.1000 1 4592.76288
62.2000 1 4089.4464
62.3000 1 6847.20128
62.4000 1 5987.36896
62.5000 1 3879.7312
62.6000 1 6155.14112
62.7000 1 4624.22016
62.8000 1 6060.76928
62.9000 1 7109.34528
63.0000 1 5536.48128
63.1000 1 6249.51296
63.2000 1 6270.48448
63.3000 1 5725.22496
63.4000 1 5389.68064
63.5000 1 5588.91008
63.6000 1 6144.65536
63.7000 1 4529.84832
63.8000 1 5987.36896
63.9000 1 4928.3072
64.0000 1 4655.67744
64.1000 1 7256.14592
64.2000 1 5588.91008
64.3000 1 6176.11264
64.4000 1 5096.07936
64.5000 1 7811.8912
64.6000 1 4980.736
64.7000 1 5096.07936
64.8000 1 7256.14592
64.9000 1 5767.168
65.0000 1 6197.08416
65.1000 1 5536.48128
65.2000 1 6983.51616
65.3000 1 5861.53984
65.4000 1 5190.4512
65.5000 1 6364.85632
65.6000 1 6889.14432
65.7000 1 5253.36576
65.8000 1 4687.13472
65.9000 1 7811.8912
66.0000 1 6081.7408
66.1000 1 5117.05088
66.2000 1 5997.85472
66.3000 1 4865.39264
66.4000 1 5746.19648
66.5000 1 6207.56992
66.6000 1 6228.54144
66.7000 1 5966.39744
66.8000 1 5861.53984
66.9000 1 6994.00192
67.0000 1 5588.91008
67.1000 1 5934.94016
67.2000 1 6553.6
67.3000 1 6301.94176
67.4000 1 5242.88
67.5000 1 5851.05408
67.6000 1 6322.91328
67.7000 1 7780.43392
67.8000 1 5221.90848
67.9000 1 4309.64736
68.0000 1 6752.82944
68.1000 1 5022.67904
68.2000 1 5358.22336
68.3000 1 7381.97504
68.4000 1 6784.28672
68.5000 1 6301.94176
68.6000 1 5536.48128
68.7000 1 6658.4576
68.8000 1 6606.0288
68.9000 1 5358.22336
69.0000 1 6364.85632
69.1000 1 6826.22976
69.2000 1 5924.4544
69.3000 1 5012.19328
69.4000 1 5830.08256
69.5000 1 6679.42912
69.6000 1 5693.76768
69.7000 1 5683.28192
69.8000 1 6962.54464
69.9000 1 5347.7376
70.0000 1 4865.39264
70.1000 1 6186.5984
70.2000 1 6417.28512
70.3000 1 5683.28192
70.4000 1 5756.68224
70.5000 1 6784.28672
70.6000 1 5683.28192
70.7000 1 5546.96704
70.8000 1 6532.62848
70.9000 1 6742.34368
71.0000 1 5326.76608
71.1000 1 6438.25664
71.2000 1 6647.97184
71.3000 1 6668.94336
71.4000 1 5515.50976
71.5000 1 5966.39744
71.6000 1 6364.85632
71.7000 1 5368.70912
71.8000 1 6333.39904
71.9000 1 5662.3104
72.0000 1 7476.34688
72.1000 1 5127.53664
72.2000 1 4833.93536
72.3000 1 7476.34688
72.4000 1 5263.85152
72.5000 1 5064.62208
72.6000 1 6647.97184
72.7000 1 7612.66176
72.8000 1 5830.08256
72.9000 1 5316.28032
73.0000 1 6092.22656
73.1000 1 6312.42752
73.2000 1 6113.19808
73.3000 1 5368.70912
73.4000 1 6469.71392
73.5000 1 5347.7376
73.6000 1 6291.456
73.7000 1 6312.42752
73.8000 1 6480.19968
73.9000 1 5588.91008
74.0000 1 4697.62048
74.1000 1 7486.83264
74.2000 1 5641.33888
74.3000 1 6364.85632
74.4000 1 5651.82464
74.5000 1 6176.11264
74.6000 1 6585.05728
74.7000 1 5830.08256
74.8000 1 6532.62848
74.9000 1 5987.36896
75.0000 1 5494.53824
75.1000 1 6008.34048
75.2000 1 7665.09056
75.3000 1 5630.85312
75.4000 1 5756.68224
75.5000 1 5588.91008
75.6000 1 7560.23296
75.7000 1 5546.96704
75.8000 1 5872.0256
75.9000 1 6364.85632
76.0000 1 6259.99872
76.1000 1 5054.13632
76.2000 1 5001.70752
76.3000 1 7287.6032
76.4000 1 5274.33728
76.5000 1 6427.77088
76.6000 1 6176.11264
76.7000 1 6973.0304
76.8000 1 5484.05248
76.9000 1 4246.7328
77.0000 1 7308.57472
77.1000 1 5788.13952
77.2000 1 6427.77088
77.3000 1 5683.28192
77.4000 1 6983.51616
77.5000 1 5117.05088
77.6000 1 5410.65216
77.7000 1 7654.6048
77.8000 1 6207.56992
77.9000 1 5284.82304
78.0000 1 5536.48128
78.1000 1 7769.94816
78.2000 1 5505.024
78.3000 1 5316.28032
78.4000 1 6280.97024
78.5000 1 7507.80416
78.6000 1 6574.57152
78.7000 1 5599.39584
78.8000 1 5840.56832
78.9000 1 6910.11584
79.0000 1 4697.62048
79.1000 1 5861.53984
79.2000 1 7245.66016
79.3000 1 5505.024
79.4000 1 5117.05088
79.5000 1 6375.34208
79.6000 1 6637.48608
79.7000 1 6585.05728
79.8000 1 5127.53664
79.9000 1 6647.97184
80.0000 1 7067.40224
80.1000 1 5064.62208
80.2000 1 5578.42432
80.3000 1 6994.00192
80.4000 1 6113.19808
80.5000 1 6406.79936
80.6000 1 5389.68064
80.7000 1 7455.37536
80.8000 1 5966.39744
80.9000 1 5578.42432
81.0000 1 5641.33888
81.1000 1 7340.032
81.2000 1 5599.39584
81.3000 1 6218.05568
81.4000 1 5976.8832
81.5000 1 6920.6016
81.6000 1 6354.37056
81.7000 1 6417.28512
81.8000 1 5410.65216
81.9000 1 6165.62688
82.0000 1 5798.62528
82.1000 1 4865.39264
82.2000 1 8126.464
82.3000 1 6427.77088
82.4000 1 5630.85312
82.5000 1 5515.50976
82.6000 1 7811.8912
82.7000 1 5389.68064
82.8000 1 5861.53984
82.9000 1 5505.024
83.0000 1 7361.00352
83.1000 1 5253.36576
83.2000 1 5347.7376
83.3000 1 7214.20288
83.4000 1 6029.312
83.5000 1 6427.77088
83.6000 1 5463.08096
83.7000 1 7182.7456
83.8000 1 6469.71392
83.9000 1 5138.0224
84.0000 1 6144.65536
84.1000 1 7025.4592
84.2000 1 5735.71072
84.3000 1 6144.65536
84.4000 1 5284.82304
84.5000 1 7654.6048
84.6000 1 5934.94016
84.7000 1 6060.76928
84.8000 1 5505.024
84.9000 1 7423.91808
85.0000 1 5809.11104
85.1000 1 5525.99552
85.2000 1 6396.3136
85.3000 1 6144.65536
85.4000 1 6606.0288
85.5000 1 4907.33568
85.6000 1 7476.34688
85.7000 1 5588.91008
85.8000 1 6176.11264
85.9000 1 6165.62688
86.0000 1 6994.00192
86.1000 1 6522.14272
86.2000 1 5295.3088
86.3000 1 6448.7424
86.4000 1 6469.71392
86.5000 1 4959.76448
86.6000 1 5714.7392
86.7000 1 6543.11424
86.8000 1 5515.50976
86.9000 1 5148.50816
87.0000 1 6259.99872
87.1000 1 6899.63008
87.2000 1 5054.13632
87.3000 1 5976.8832
87.4000 1 7245.66016
87.5000 1 5410.65216
87.6000 1 6123.68384
87.7000 1 5840.56832
87.8000 1 6815.744
87.9000 1 6406.79936
88.0000 1 5567.93856
88.1000 1 5746.19648
88.2000 1 7413.43232
88.3000 1 6501.1712
88.4000 1 5515.50976
88.5000 1 5976.8832
88.6000 1 6878.65856
88.7000 1 4991.22176
88.8000 1 5358.22336
88.9000 1 6228.54144
89.0000 1 5473.56672
89.1000 1 4980.736
89.2000 1 7539.26144
89.3000 1 5651.82464
89.4000 1 5295.3088
89.5000 1 6018.82624
89.6000 1 5966.39744
89.7000 1 6406.79936
89.8000 1 6490.68544
89.9000 1 6270.48448
90.0000 1 6406.79936
90.1000 1 5651.82464
90.2000 1 6039.79776
90.3000 1 7067.40224
90.4000 1 5389.68064
90.5000 1 5001.70752
90.6000 1 6396.3136
90.7000 1 6239.0272
90.8000 1 5683.28192
90.9000 1 6312.42752
91.0000 1 6543.11424
91.1000 1 6585.05728
91.2000 1 5221.90848
91.3000 1 5882.51136
91.4000 1 6910.11584
91.5000 1 5924.4544
91.6000 1 5117.05088
91.7000 1 6627.00032
91.8000 1 7423.91808
91.9000 1 5851.05408
92.0000 1 5704.25344
92.1000 1 6354.37056
92.2000 1 7969.1776
92.3000 1 4928.3072
92.4000 1 6291.456
92.5000 1 5756.68224
92.6000 1 6459.22816
92.7000 1 6155.14112
92.8000 1 5190.4512
92.9000 1 6794.77248
93.0000 1 6228.54144
93.1000 1 5253.36576
93.2000 1 6029.312
93.3000 1 7214.20288
93.4000 1 5651.82464
93.5000 1 6385.82784
93.6000 1 5704.25344
93.7000 1 6637.48608
93.8000 1 6102.71232
93.9000 1 5232.39424
94.0000 1 6354.37056
94.1000 1 6354.37056
94.2000 1 5725.22496
94.3000 1 5683.28192
94.4000 1 7392.4608
94.5000 1 5966.39744
94.6000 1 5609.8816
94.7000 1 6564.08576
94.8000 1 7790.91968
94.9000 1 5242.88
95.0000 1 6060.76928
95.1000 1 6490.68544
95.2000 1 7402.94656
95.3000 1 5903.48288
95.4000 1 6532.62848
95.5000 1 5400.1664
95.6000 1 7319.06048
95.7000 1 5536.48128
95.8000 1 6553.6
95.9000 1 4907.33568
96.0000 1 7413.43232
96.1000 1 5913.96864
96.2000 1 6532.62848
96.3000 1 5022.67904
96.4000 1 6385.82784
96.5000 1 4823.4496
96.6000 1 5505.024
96.7000 1 5945.42592
96.8000 1 6354.37056
96.9000 1 6501.1712
97.0000 1 6239.0272
97.1000 1 6343.8848
97.2000 1 4928.3072
97.3000 1 6375.34208
97.4000 1 6564.08576
97.5000 1 6333.39904
97.6000 1 5955.91168
97.7000 1 5525.99552
97.8000 1 7329.54624
97.9000 1 5242.88
98.0000 1 6689.91488
98.1000 1 5892.99712
98.2000 1 6878.65856
98.3000 1 5305.79456
98.4000 1 6123.68384
98.5000 1 6679.42912
98.6000 1 7277.11744
98.7000 1 5525.99552
98.8000 1 6585.05728
98.9000 1 5934.94016
99.0000 1 6847.20128
99.1000 1 5295.3088
99.2000 1 4445.96224
99.3000 1 7696.54784
99.4000 1 5368.70912
99.5000 1 5242.88
99.6000 1 7014.97344
99.7000 1 5903.48288
99.8000 1 5284.82304
99.9000 1 5368.70912
100.0000 1 7686.06208
100.1000 1 5536.48128
100.2000 1 6343.8848
100.3000 1 5788.13952
100.4000 1 7161.77408
100.5000 1 6448.7424
100.6000 1 5704.25344
100.7000 1 5819.5968
100.8000 1 5756.68224
100.9000 1 5253.36576
101.0000 1 6637.48608
101.1000 1 7161.77408
101.2000 1 5966.39744
101.3000 1 5295.3088
101.4000 1 5693.76768
101.5000 1 5851.05408
101.6000 1 5096.07936
101.7000 1 6564.08576
101.8000 1 6385.82784
101.9000 1 6490.68544
102.0000 1 6511.65696
102.1000 1 6039.79776
102.2000 1 6700.40064
102.3000 1 6501.1712
102.4000 1 6396.3136
102.5000 1 5599.39584
102.6000 1 7256.14592
102.7000 1 5913.96864
102.8000 1 5798.62528
102.9000 1 5756.68224
103.0000 1 7381.97504
103.1000 1 5158.99392
103.2000 1 5096.07936
103.3000 1 6973.0304
103.4000 1 5945.42592
103.5000 1 5976.8832
103.6000 1 5819.5968
103.7000 1 7172.25984
103.8000 1 5253.36576
103.9000 1 6406.79936
104.0000 1 5179.96544
104.1000 1 7266.63168
104.2000 1 5494.53824
104.3000 1 6291.456
104.4000 1 6249.51296
104.5000 1 7570.71872
104.6000 1 6039.79776
104.7000 1 6396.3136
104.8000 1 6501.1712
104.9000 1 6595.54304
105.0000 1 6794.77248
105.1000 1 5389.68064
105.2000 1 5819.5968
105.3000 1 5924.4544
105.4000 1 5012.19328
105.5000 1 6301.94176
105.6000 1 6794.77248
105.7000 1 5861.53984
105.8000 1 6375.34208
105.9000 1 5064.62208
106.0000 1 8084.52096
106.1000 1 6469.71392
106.2000 1 5473.56672
106.3000 1 6050.28352
106.4000 1 7056.91648
106.5000 1 5777.65376
106.6000 1 6396.3136
106.7000 1 4970.25024
106.8000 1 7801.40544
106.9000 1 5127.53664
107.0000 1 6322.91328
107.1000 1 5997.85472
107.2000 1 6994.00192
107.3000 1 6364.85632
107.4000 1 6564.08576
107.5000 1 5274.33728
107.6000 1 8021.6064
107.7000 1 5054.13632
107.8000 1 6207.56992
107.9000 1 5725.22496
108.0000 1 6910.11584
108.1000 1 6375.34208
108.2000 1 6396.3136
108.3000 1 5221.90848
108.4000 1 7014.97344
108.5000 1 4708.10624
108.6000 1 5316.28032
108.7000 1 6218.05568
108.8000 1 5033.1648
108.9000 1 6553.6
109.0000 1 6207.56992
109.1000 1 5683.28192
109.2000 1 5316.28032
109.3000 1 6553.6
109.4000 1 5798.62528
109.5000 1 6396.3136
109.6000 1 5295.3088
109.7000 1 6564.08576
109.8000 1 6186.5984
109.9000 1 6144.65536
110.0000 1 6805.25824
110.1000 1 6333.39904
110.2000 1 6606.0288
110.3000 1 5400.1664
110.4000 1 6417.28512
110.5000 1 6469.71392
110.6000 1 5882.51136
110.7000 1 6427.77088
110.8000 1 6616.51456
110.9000 1 6616.51456
111.0000 1 6375.34208
111.1000 1 5368.70912
111.2000 1 5704.25344
111.3000 1 6543.11424
111.4000 1 6606.0288
111.5000 1 5148.50816
111.6000 1 6836.71552
111.7000 1 6312.42752
111.8000 1 5148.50816
111.9000 1 5242.88
112.0000 1 6773.80096
112.1000 1 6207.56992
112.2000 1 5022.67904
112.3000 1 7193.23136
112.4000 1 5851.05408
112.5000 1 5756.68224
112.6000 1 6165.62688
112.7000 1 6889.14432
112.8000 1 6134.1696
112.9000 1 5913.96864
113.0000 1 5200.93696
113.1000 1 6710.8864
113.2000 1 6123.68384
113.3000 1 5064.62208
113.4000 1 7256.14592
113.5000 1 7361.00352
113.6000 1 5809.11104
113.7000 1 5725.22496
113.8000 1 5997.85472
113.9000 1 5305.79456
114.0000 1 6543.11424
114.1000 1 5872.0256
114.2000 1 6207.56992
114.3000 1 6018.82624
114.4000 1 6501.1712
114.5000 1 5735.71072
114.6000 1 7423.91808
114.7000 1 5620.36736
114.8000 1 6270.48448
114.9000 1 5851.05408
115.0000 1 7371.48928
115.1000 1 5358.22336
115.2000 1 5767.168
115.3000 1 6333.39904
115.4000 1 6647.97184
115.5000 1 6375.34208
115.6000 1 6060.76928
115.7000 1 6364.85632
115.8000 1 5630.85312
115.9000 1 6259.99872
116.0000 1 5693.76768
116.1000 1 7560.23296
116.2000 1 6805.25824
116.3000 1 4949.27872
116.4000 1 6490.68544
116.5000 1 6689.91488
116.6000 1 5987.36896
116.7000 1 5295.3088
116.8000 1 6679.42912
116.9000 1 7361.00352
117.0000 1 5798.62528
117.1000 1 5242.88
117.2000 1 6490.68544
117.3000 1 7623.14752
117.4000 1 5085.5936
117.5000 1 5515.50976
117.6000 1 6259.99872
117.7000 1 7340.032
117.8000 1 5337.25184
117.9000 1 6511.65696
118.0000 1 5872.0256
118.1000 1 6973.0304
118.2000 1 6270.48448
118.3000 1 6060.76928
118.4000 1 5651.82464
118.5000 1 6050.28352
118.6000 1 6511.65696
118.7000 1 5588.91008
118.8000 1 7130.3168
118.9000 1 4844.42112
119.0000 1 5106.56512
119.1000 1 6857.68704
119.2000 1 5945.42592
119.3000 1 6322.91328
119.4000 1 5777.65376
119.5000 1 7035.94496
119.6000 1 6071.25504
119.7000 1 5358.22336
119.8000 1 6406.79936
119.9000 1 6574.57152
120.0000 1 6511.65696
120.1000 1 4970.25024
120.2000 1 6301.94176
120.3000 1 7056.91648
120.4000 1 5337.25184
120.5000 1 4592.76288
120.6000 1 6259.99872
120.7000 1 4739.56352
120.8000 1 5347.7376
120.9000 1 6700.40064
121.0000 1 6081.7408
121.1000 1 5442.10944
121.2000 1 6920.6016
121.3000 1 5819.5968
121.4000 1 4771.0208
121.5000 1 6186.5984
121.6000 1 5158.99392
121.7000 1 6606.0288
121.8000 1 5033.1648
121.9000 1 7465.86112
122.0000 1 6343.8848
122.1000 1 5158.99392
122.2000 1 5945.42592
122.3000 1 7507.80416
122.4000 1 5033.1648
122.5000 1 6637.48608
122.6000 1 6186.5984
122.7000 1 6186.5984
122.8000 1 5064.62208
122.9000 1 5515.50976
123.0000 1 6039.79776
123.1000 1 6532.62848
123.2000 1 5064.62208
123.3000 1 7486.83264
123.4000 1 5263.85152
123.5000 1 5200.93696
123.6000 1 6165.62688
123.7000 1 6511.65696
123.8000 1 5379.19488
123.9000 1 5735.71072
124.0000 1 6899.63008
124.1000 1 5463.08096
124.2000 1 5179.96544
124.3000 1 6941.57312
124.4000 1 6176.11264
124.5000 1 5253.36576
124.6000 1 5347.7376
124.7000 1 6228.54144
124.8000 1 6511.65696
124.9000 1 5064.62208
125.0000 1 7350.51776
125.1000 1 6910.11584
125.2000 1 5127.53664
125.3000 1 5588.91008
125.4000 1 7308.57472
125.5000 1 5892.99712
125.6000 1 5620.36736
125.7000 1 6312.42752
125.8000 1 6438.25664
125.9000 1 6543.11424
126.0000 1 6396.3136
126.1000 1 5096.07936
126.2000 1 6668.94336
126.3000 1 6585.05728
126.4000 1 5064.62208
126.5000 1 6312.42752
126.6000 1 5096.07936
126.7000 1 6354.37056
126.8000 1 5830.08256
126.9000 1 7004.48768
127.0000 1 6228.54144
127.1000 1 5913.96864
127.2000 1 6333.39904
127.3000 1 6322.91328
127.4000 1 5851.05408
127.5000 1 6228.54144
127.6000 1 6176.11264
127.7000 1 6459.22816
127.8000 1 5788.13952
127.9000 1 5578.42432
128.0000 1 7361.00352
128.1000 1 5683.28192
128.2000 1 5861.53984
128.3000 1 5798.62528
128.4000 1 6176.11264
128.5000 1 6564.08576
128.6000 1 6375.34208
128.7000 1 5987.36896
128.8000 1 6364.85632
128.9000 1 5882.51136
129.0000 1 6343.8848
129.1000 1 6039.79776
129.2000 1 7717.51936
129.3000 1 5337.25184
129.4000 1 6270.48448
129.5000 1 5892.99712
129.6000 1 7822.37696
129.7000 1 5672.79616
129.8000 1 6396.3136
129.9000 1 6480.19968
130.0000 1 6543.11424
130.1000 1 6396.3136
130.2000 1 6637.48608
130.3000 1 6134.1696
130.4000 1 6522.14272
130.5000 1 6731.85792
130.6000 1 5400.1664
130.7000 1 6522.14272
130.8000 1 6511.65696
130.9000 1 6962.54464
131.0000 1 5158.99392
131.1000 1 4991.22176
131.2000 1 8011.12064
131.3000 1 5242.88
131.4000 1 5326.76608
131.5000 1 6218.05568
131.6000 1 7381.97504
131.7000 1 5190.4512
131.8000 1 5001.70752
131.9000 1 7581.20448
132.0000 1 5463.08096
132.1000 1 6071.25504
132.2000 1 5158.99392
132.3000 1 7056.91648
132.4000 1 4645.19168
132.5000 1 5892.99712
132.6000 1 7612.66176
132.7000 1 6564.08576
132.8000 1 5179.96544
132.9000 1 6564.08576
133.0000 1 6585.05728
133.1000 1 6239.0272
133.2000 1 6553.6
133.3000 1 6448.7424
133.4000 1 5955.91168
133.5000 1 7329.54624
133.6000 1 5190.4512
133.7000 1 6469.71392
133.8000 1 6375.34208
133.9000 1 6459.22816
134.0000 1 5557.4528
134.1000 1 5609.8816
134.2000 1 7172.25984
134.3000 1 5536.48128
134.4000 1 6406.79936
134.5000 1 5158.99392
134.6000 1 7769.94816
134.7000 1 5242.88
134.8000 1 4949.27872
134.9000 1 6406.79936
135.0000 1 6008.34048
135.1000 1 5903.48288
135.2000 1 5683.28192
135.3000 1 6354.37056
135.4000 1 5788.13952
135.5000 1 5179.96544
135.6000 1 6406.79936
135.7000 1 6501.1712
135.8000 1 6218.05568
135.9000 1 5934.94016
136.0000 1 6375.34208
136.1000 1 5819.5968
136.2000 1 6050.28352
136.3000 1 6438.25664
136.4000 1 6647.97184
136.5000 1 5295.3088
136.6000 1 6480.19968
136.7000 1 6354.37056
136.8000 1 5903.48288
136.9000 1 4991.22176
137.0000 1 6239.0272
137.1000 1 6396.3136
137.2000 1 6543.11424
137.3000 1 6375.34208
137.4000 1 5767.168
137.5000 1 7224.68864
137.6000 1 5777.65376
137.7000 1 5484.05248
137.8000 1 6742.34368
137.9000 1 6574.57152
138.0000 1 5358.22336
138.1000 1 6480.19968
138.2000 1 6522.14272
138.3000 1 6375.34208
138.4000 1 5200.93696
138.5000 1 6134.1696
138.6000 1 7665.09056
138.7000 1 6522.14272
138.8000 1 5253.36576
138.9000 1 6312.42752
139.0000 1 7056.91648
139.1000 1 6564.08576
139.2000 1 5704.25344
139.3000 1 6396.3136
139.4000 1 6480.19968
139.5000 1 6364.85632
139.6000 1 4980.736
139.7000 1 6291.456
139.8000 1 7319.06048
139.9000 1 6102.71232
140.0000 1 5012.19328
140.1000 1 5683.28192
140.2000 1 7413.43232
140.3000 1 5043.65056
140.4000 1 5200.93696
140.5000 1 7686.06208
140.6000 1 5892.99712
140.7000 1 6637.48608
140.8000 1 4854.90688
140.9000 1 7780.43392
141.0000 1 6354.37056
141.1000 1 6113.19808
141.2000 1 5484.05248
141.3000 1 7193.23136
141.4000 1 6301.94176
141.5000 1 5169.47968
141.6000 1 5138.0224
141.7000 1 7801.40544
141.8000 1 5033.1648
141.9000 1 6333.39904
142.0000 1 5179.96544
