0.1000 1 0.0
0.2000 1 4970.25024
0.3000 1 4078.96064
0.4000 1 7371.48928
0.5000 1 5525.99552
0.6000 1 5284.82304
0.7000 1 6364.85632
0.8000 1 6081.7408
0.9000 1 4823.4496
1.0000 1 5410.65216
1.1000 1 7361.00352
1.2000 1 5704.25344
1.3000 1 5525.99552
1.4000 1 6186.5984
1.5000 1 4697.62048
1.6000 1 4676.64896
1.7000 1 5903.48288
1.8000 1 4991.22176
1.9000 1 5169.47968
2.0000 1 6543.11424
2.1000 1 5452.5952
2.2000 1 6249.51296
2.3000 1 5830.08256
2.4000 1 5064.62208
2.5000 1 4676.64896
2.6000 1 5756.68224
2.7000 1 5798.62528
2.8000 1 6385.82784
2.9000 1 6710.8864
3.0000 1 5096.07936
3.1000 1 4057.98912
3.2000 1 6710.8864
3.3000 1 3858.75968
3.4000 1 5379.19488
3.5000 1 4970.25024
3.6000 1 4309.64736
3.7000 1 7444.8896
3.8000 1 5117.05088
3.9000 1 3848.27392
4.0000 1 5714.7392
4.1000 1 4655.67744
4.2000 1 5777.65376
4.3000 1 7465.86112
4.4000 1 5389.68064
4.5000 1 5221.90848
4.6000 1 6176.11264
4.7000 1 5242.88
4.8000 1 5400.1664
4.9000 1 6805.25824
5.0000 1 4812.96384
5.1000 1 4162.84672
5.2000 1 7371.48928
5.3000 1 4708.10624
5.4000 1 4078.96064
5.5000 1 7549.7472
5.6000 1 5117.05088
5.7000 1 5179.96544
5.8000 1 6522.14272
5.9000 1 5096.07936
6.0000 1 4204.78976
6.1000 1 7801.40544
6.2000 1 4865.39264
6.3000 1 5022.67904
6.4000 1 7025.4592
6.5000 1 5872.0256
6.6000 1 6312.42752
6.7000 1 4655.67744
6.8000 1 6081.7408
6.9000 1 4236.24704
7.0000 1 6071.25504
7.1000 1 5043.65056
7.2000 1 5242.88
7.3000 1 6543.11424
7.4000 1 6826.22976
7.5000 1 5463.08096
7.6000 1 6207.56992
7.7000 1 5903.48288
7.8000 1 4288.67584
7.9000 1 4823.4496
8.0000 1 7381.97504
8.1000 1 5295.3088
8.2000 1 4854.90688
8.3000 1 7570.71872
8.4000 1 4907.33568
8.5000 1 4246.7328
8.6000 1 6689.91488
8.7000 1 5043.65056
8.8000 1 6459.22816
8.9000 1 6228.54144
9.0000 1 6543.11424
9.1000 1 5400.1664
9.2000 1 4812.96384
9.3000 1 7088.37376
9.4000 1 5410.65216
9.5000 1 4215.27552
9.6000 1 5798.62528
9.7000 1 4519.36256
9.8000 1 6511.65696
9.9000 1 5295.3088
10.0000 1 5494.53824
10.1000 1 5955.91168
10.2000 1 7486.83264
10.3000 1 5567.93856
10.4000 1 4865.39264
10.5000 1 7182.7456
10.6000 1 5798.62528
10.7000 1 4959.76448
10.8000 1 5872.0256
10.9000 1 4676.64896
11.0000 1 4592.76288
11.1000 1 7633.63328
11.2000 1 6469.71392
11.3000 1 5316.28032
11.4000 1 5410.65216
11.5000 1 5892.99712
11.6000 1 6186.5984
11.7000 1 4383.04768
11.8000 1 5190.4512
11.9000 1 3732.93056
12.0000 1 6291.456
12.1000 1 4708.10624
12.2000 1 4991.22176
12.3000 1 5536.48128
12.4000 1 4362.07616
12.5000 1 5882.51136
12.6000 1 4896.84992
12.7000 1 4414.50496
12.8000 1 6406.79936
12.9000 1 6071.25504
13.0000 1 4288.67584
13.1000 1 7780.43392
13.2000 1 5484.05248
13.3000 1 6280.97024
13.4000 1 5494.53824
13.5000 1 7570.71872
13.6000 1 4687.13472
13.7000 1 4739.56352
13.8000 1 7633.63328
13.9000 1 4938.79296
14.0000 1 3858.75968
14.1000 1 5746.19648
14.2000 1 4561.3056
14.3000 1 6354.37056
14.4000 1 5431.62368
14.5000 1 5221.90848
14.6000 1 6113.19808
14.7000 1 4498.39104
14.8000 1 4089.4464
14.9000 1 6941.57312
15.0000 1 4812.96384
15.1000 1 6396.3136
15.2000 1 6448.7424
15.3000 1 5431.62368
15.4000 1 5903.48288
15.5000 1 5588.91008
15.6000 1 7832.86272
15.7000 1 5033.1648
15.8000 1 5179.96544
15.9000 1 7056.91648
16.0000 1 5651.82464
16.1000 1 5410.65216
16.2000 1 5704.25344
16.3000 1 7769.94816
16.4000 1 5106.56512
16.5000 1 4131.38944
16.6000 1 7413.43232
16.7000 1 5274.33728
16.8000 1 5630.85312
16.9000 1 6176.11264
17.0000 1 6259.99872
17.1000 1 5389.68064
17.2000 1 6197.08416
17.3000 1 6868.1728
17.4000 1 5463.08096
17.5000 1 5179.96544
17.6000 1 5840.56832
17.7000 1 4026.53184
17.8000 1 5263.85152
17.9000 1 6480.19968
18.0000 1 6364.85632
18.1000 1 4320.13312
18.2000 1 7843.34848
18.3000 1 5368.70912
18.4000 1 5075.10784
18.5000 1 5819.5968
18.6000 1 4896.84992
18.7000 1 5242.88
18.8000 1 6322.91328
18.9000 1 4047.50336
19.0000 1 5169.47968
19.1000 1 7853.83424
19.2000 1 4729.07776
19.3000 1 5337.25184
19.4000 1 6291.456
19.5000 1 5484.05248
19.6000 1 5337.25184
19.7000 1 6826.22976
19.8000 1 6480.19968
19.9000 1 4676.64896
20.0000 1 5588.91008
20.1000 1 5463.08096
20.2000 1 5578.42432
20.3000 1 5693.76768
20.4000 1 6637.48608
20.5000 1 5211.42272
20.6000 1 4991.22176
20.7000 1 7046.43072
20.8000 1 4791.99232
20.9000 1 4823.4496
21.0000 1 6606.0288
21.1000 1 5033.1648
21.2000 1 5075.10784
21.3000 1 6742.34368
21.4000 1 5085.5936
21.5000 1 4928.3072
21.6000 1 6647.97184
21.7000 1 5022.67904
21.8000 1 5096.07936
21.9000 1 6983.51616
22.0000 1 4645.19168
22.1000 1 5138.0224
22.2000 1 5819.5968
22.3000 1 4267.70432
22.4000 1 6259.99872
22.5000 1 4687.13472
22.6000 1 4718.592
22.7000 1 6438.25664
22.8000 1 4802.47808
22.9000 1 4771.0208
23.0000 1 6616.51456
23.1000 1 4697.62048
23.2000 1 5421.13792
23.3000 1 5840.56832
23.4000 1 5106.56512
23.5000 1 5767.168
23.6000 1 6606.0288
23.7000 1 5630.85312
23.8000 1 5798.62528
23.9000 1 6689.91488
24.0000 1 5033.1648
24.1000 1 4991.22176
24.2000 1 6459.22816
24.3000 1 4865.39264
24.4000 1 4865.39264
24.5000 1 7109.34528
24.6000 1 5400.1664
24.7000 1 5096.07936
24.8000 1 6794.77248
24.9000 1 5546.96704
25.0000 1 5557.4528
25.1000 1 5599.39584
25.2000 1 5924.4544
25.3000 1 4949.27872
25.4000 1 5882.51136
25.5000 1 5976.8832
25.6000 1 4781.50656
25.7000 1 5934.94016
25.8000 1 5463.08096
25.9000 1 5117.05088
26.0000 1 6186.5984
26.1000 1 6239.0272
26.2000 1 5442.10944
26.3000 1 5075.10784
26.4000 1 6962.54464
26.5000 1 5148.50816
26.6000 1 4645.19168
26.7000 1 5798.62528
26.8000 1 4173.33248
26.9000 1 6249.51296
27.0000 1 4278.19008
27.1000 1 4645.19168
27.2000 1 6249.51296
27.3000 1 4833.93536
27.4000 1 5599.39584
27.5000 1 6438.25664
27.6000 1 4907.33568
27.7000 1 5284.82304
27.8000 1 6375.34208
27.9000 1 5735.71072
28.0000 1 5578.42432
28.1000 1 6784.28672
28.2000 1 5557.4528
28.3000 1 4519.36256
28.4000 1 7098.85952
28.5000 1 4708.10624
28.6000 1 4330.61888
28.7000 1 6815.744
28.8000 1 4372.56192
28.9000 1 5179.96544
29.0000 1 6742.34368
29.1000 1 5284.82304
29.2000 1 5305.79456
29.3000 1 6511.65696
29.4000 1 5830.08256
29.5000 1 5431.62368
29.6000 1 6658.4576
29.7000 1 4330.61888
29.8000 1 4592.76288
29.9000 1 6312.42752
30.0000 1 4886.36416
30.1000 1 5305.79456
30.2000 1 6878.65856
30.3000 1 4833.93536
30.4000 1 5536.48128
30.5000 1 6123.68384
30.6000 1 5305.79456
30.7000 1 5798.62528
30.8000 1 7056.91648
30.9000 1 5473.56672
31.0000 1 4708.10624
31.1000 1 6606.0288
31.2000 1 4687.13472
31.3000 1 4320.13312
31.4000 1 7161.77408
31.5000 1 5001.70752
31.6000 1 4844.42112
31.7000 1 6899.63008
31.8000 1 4508.8768
31.9000 1 5117.05088
32.0000 1 6511.65696
32.1000 1 5127.53664
32.2000 1 5117.05088
32.3000 1 6752.82944
32.4000 1 5756.68224
32.5000 1 5515.50976
32.6000 1 6270.48448
32.7000 1 6438.25664
32.8000 1 4938.79296
32.9000 1 5431.62368
33.0000 1 6270.48448
33.1000 1 4886.36416
33.2000 1 5567.93856
33.3000 1 5704.25344
33.4000 1 5033.1648
33.5000 1 5987.36896
33.6000 1 5557.4528
33.7000 1 4414.50496
33.8000 1 6144.65536
33.9000 1 4886.36416
34.0000 1 5158.99392
34.1000 1 6805.25824
34.2000 1 5064.62208
34.3000 1 4865.39264
34.4000 1 6668.94336
34.5000 1 5054.13632
34.6000 1 4362.07616
34.7000 1 6710.8864
34.8000 1 5442.10944
34.9000 1 5242.88
35.0000 1 6742.34368
35.1000 1 5274.33728
35.2000 1 5263.85152
35.3000 1 6396.3136
35.4000 1 5106.56512
35.5000 1 4508.8768
35.6000 1 7098.85952
35.7000 1 4739.56352
35.8000 1 4236.24704
35.9000 1 7014.97344
36.0000 1 5064.62208
36.1000 1 5672.79616
36.2000 1 6889.14432
36.3000 1 4970.25024
36.4000 1 5138.0224
36.5000 1 6658.4576
36.6000 1 5075.10784
36.7000 1 4372.56192
36.8000 1 6522.14272
36.9000 1 5148.50816
37.0000 1 4508.8768
37.1000 1 7088.37376
37.2000 1 5085.5936
37.3000 1 5505.024
37.4000 1 6826.22976
37.5000 1 5934.94016
37.6000 1 4833.93536
37.7000 1 5955.91168
37.8000 1 5861.53984
37.9000 1 5022.67904
38.0000 1 5819.5968
38.1000 1 6218.05568
38.2000 1 4802.47808
38.3000 1 5714.7392
38.4000 1 5777.65376
38.5000 1 5767.168
38.6000 1 5169.47968
38.7000 1 6280.97024
38.8000 1 5232.39424
38.9000 1 5221.90848
39.0000 1 6564.08576
39.1000 1 5054.13632
39.2000 1 5148.50816
39.3000 1 6710.8864
39.4000 1 5735.71072
39.5000 1 5022.67904
39.6000 1 6218.05568
39.7000 1 5662.3104
39.8000 1 4875.8784
39.9000 1 6910.11584
40.0000 1 4844.42112
40.1000 1 4393.53344
40.2000 1 7728.00512
40.3000 1 5588.91008
40.4000 1 6385.82784
40.5000 1 5211.42272
40.6000 1 6647.97184
40.7000 1 5358.22336
40.8000 1 5200.93696
40.9000 1 5809.11104
41.0000 1 4760.53504
41.1000 1 6008.34048
41.2000 1 6962.54464
41.3000 1 3890.21696
41.4000 1 5557.4528
41.5000 1 5536.48128
41.6000 1 4729.07776
41.7000 1 6480.19968
41.8000 1 5326.76608
41.9000 1 6406.79936
42.0000 1 4991.22176
42.1000 1 5242.88
42.2000 1 4047.50336
42.3000 1 5725.22496
42.4000 1 5494.53824
42.5000 1 5934.94016
42.6000 1 7056.91648
42.7000 1 6029.312
42.8000 1 4445.96224
42.9000 1 6270.48448
43.0000 1 6689.91488
43.1000 1 4970.25024
43.2000 1 5138.0224
43.3000 1 7591.69024
43.4000 1 5987.36896
43.5000 1 5033.1648
43.6000 1 5872.0256
43.7000 1 4959.76448
43.8000 1 4886.36416
43.9000 1 6134.1696
44.0000 1 4225.76128
44.1000 1 5431.62368
44.2000 1 6417.28512
44.3000 1 5788.13952
44.4000 1 5253.36576
44.5000 1 7423.91808
44.6000 1 5368.70912
44.7000 1 5525.99552
44.8000 1 6102.71232
44.9000 1 5767.168
45.0000 1 5200.93696
45.1000 1 6668.94336
45.2000 1 6763.3152
45.3000 1 5190.4512
45.4000 1 5043.65056
45.5000 1 7214.20288
45.6000 1 5662.3104
45.7000 1 6333.39904
45.8000 1 5662.3104
45.9000 1 7025.4592
46.0000 1 6102.71232
46.1000 1 5274.33728
46.2000 1 5830.08256
46.3000 1 6176.11264
46.4000 1 4802.47808
46.5000 1 5767.168
46.6000 1 5913.96864
46.7000 1 4823.4496
46.8000 1 6008.34048
46.9000 1 6322.91328
47.0000 1 5148.50816
47.1000 1 5263.85152
47.2000 1 6176.11264
47.3000 1 5609.8816
47.4000 1 4991.22176
47.5000 1 6134.1696
47.6000 1 4477.41952
47.7000 1 6134.1696
47.8000 1 5819.5968
47.9000 1 4456.448
48.0000 1 6490.68544
48.1000 1 5368.70912
48.2000 1 4959.76448
48.3000 1 6417.28512
48.4000 1 5368.70912
48.5000 1 5567.93856
48.6000 1 5819.5968
48.7000 1 6207.56992
48.8000 1 4802.47808
48.9000 1 5714.7392
49.0000 1 5987.36896
49.1000 1 4823.4496
49.2000 1 5934.94016
49.3000 1 6364.85632
49.4000 1 5798.62528
49.5000 1 5588.91008
49.6000 1 7035.94496
49.7000 1 5326.76608
49.8000 1 5651.82464
49.9000 1 6102.71232
50.0000 1 5211.42272
50.1000 1 5190.4512
50.2000 1 6354.37056
50.3000 1 5641.33888
50.4000 1 5263.85152
50.5000 1 5882.51136
50.6000 1 5117.05088
50.7000 1 5043.65056
50.8000 1 6606.0288
50.9000 1 5274.33728
51.0000 1 4383.04768
51.1000 1 6291.456
51.2000 1 4666.1632
51.3000 1 5012.19328
51.4000 1 6301.94176
51.5000 1 4697.62048
51.6000 1 5452.5952
51.7000 1 6375.34208
51.8000 1 4687.13472
51.9000 1 5442.10944
52.0000 1 5819.5968
52.1000 1 4666.1632
52.2000 1 6176.11264
52.3000 1 5389.68064
52.4000 1 4865.39264
52.5000 1 6259.99872
52.6000 1 4812.96384
52.7000 1 4760.53504
52.8000 1 6931.08736
52.9000 1 4362.07616
53.0000 1 5075.10784
53.1000 1 6941.57312
53.2000 1 5588.91008
53.3000 1 5819.5968
53.4000 1 6312.42752
53.5000 1 5892.99712
53.6000 1 4886.36416
53.7000 1 5913.96864
53.8000 1 5463.08096
53.9000 1 5368.70912
54.0000 1 5997.85472
54.1000 1 5630.85312
54.2000 1 5043.65056
54.3000 1 6071.25504
54.4000 1 5966.39744
54.5000 1 4875.8784
54.6000 1 5913.96864
54.7000 1 4802.47808
54.8000 1 4362.07616
54.9000 1 6606.0288
55.0000 1 4970.25024
55.1000 1 5190.4512
55.2000 1 7025.4592
55.3000 1 5347.7376
55.4000 1 5200.93696
55.5000 1 6773.80096
55.6000 1 5138.0224
55.7000 1 5358.22336
55.8000 1 6165.62688
55.9000 1 4771.0208
56.0000 1 4959.76448
56.1000 1 6637.48608
56.2000 1 5609.8816
56.3000 1 5232.39424
56.4000 1 6343.8848
56.5000 1 6176.11264
56.6000 1 5274.33728
56.7000 1 5158.99392
56.8000 1 6553.6
56.9000 1 5798.62528
57.0000 1 5211.42272
57.1000 1 6731.85792
57.2000 1 5704.25344
57.3000 1 5379.19488
57.4000 1 6616.51456
57.5000 1 4812.96384
57.6000 1 4687.13472
57.7000 1 6291.456
57.8000 1 5033.1648
57.9000 1 5861.53984
58.0000 1 6480.19968
58.1000 1 5179.96544
58.2000 1 5505.024
58.3000 1 6354.37056
58.4000 1 6647.97184
58.5000 1 5305.79456
58.6000 1 4833.93536
58.7000 1 6805.25824
58.8000 1 4624.22016
58.9000 1 5295.3088
59.0000 1 6060.76928
59.1000 1 5347.7376
59.2000 1 5840.56832
59.3000 1 6501.1712
59.4000 1 5358.22336
59.5000 1 5421.13792
59.6000 1 6417.28512
59.7000 1 5693.76768
59.8000 1 5777.65376
59.9000 1 6249.51296
60.0000 1 4666.1632
60.1000 1 5106.56512
60.2000 1 6794.77248
60.3000 1 4383.04768
60.4000 1 5567.93856
60.5000 1 7004.48768
60.6000 1 5463.08096
60.7000 1 5861.53984
60.8000 1 5452.5952
60.9000 1 5819.5968
61.0000 1 5714.7392
61.1000 1 5473.56672
61.2000 1 6658.4576
61.3000 1 5232.39424
61.4000 1 5798.62528
61.5000 1 7151.28832
61.6000 1 6029.312
61.7000 1 5494.53824
61.8000 1 5641.33888
61.9000 1 7214.20288
62.0000 1 5054.13632
62.1000 1 5232.39424
62.2000 1 7245.66016
62.3000 1 5284.82304
62.4000 1 5043.65056
62.5000 1 6333.39904
62.6000 1 4750.04928
62.7000 1 4781.50656
62.8000 1 6322.91328
62.9000 1 4739.56352
63.0000 1 5075.10784
63.1000 1 7172.25984
63.2000 1 4970.25024
63.3000 1 4194.304
63.4000 1 6354.37056
63.5000 1 5452.5952
63.6000 1 4833.93536
63.7000 1 6186.5984
63.8000 1 4802.47808
63.9000 1 5913.96864
64.0000 1 4959.76448
64.1000 1 5054.13632
64.2000 1 6721.37216
64.3000 1 5830.08256
64.4000 1 4991.22176
64.5000 1 5955.91168
64.6000 1 6700.40064
64.7000 1 4781.50656
64.8000 1 5567.93856
64.9000 1 7193.23136
65.0000 1 6123.68384
65.1000 1 5337.25184
65.2000 1 6092.22656
65.3000 1 6249.51296
65.4000 1 5599.39584
65.5000 1 4938.79296
65.6000 1 7392.4608
65.7000 1 5263.85152
65.8000 1 4110.41792
65.9000 1 6920.6016
66.0000 1 4634.70592
66.1000 1 5138.0224
66.2000 1 7025.4592
66.3000 1 5955.91168
66.4000 1 4949.27872
66.5000 1 6742.34368
66.6000 1 4812.96384
66.7000 1 4005.56032
66.8000 1 6920.6016
66.9000 1 4854.90688
67.0000 1 5588.91008
67.1000 1 7224.68864
67.2000 1 6050.28352
67.3000 1 4949.27872
67.4000 1 6270.48448
67.5000 1 6459.22816
67.6000 1 5903.48288
67.7000 1 5872.0256
67.8000 1 6920.6016
67.9000 1 6113.19808
68.0000 1 5525.99552
68.1000 1 6060.76928
68.2000 1 6941.57312
68.3000 1 5966.39744
68.4000 1 5127.53664
68.5000 1 6123.68384
68.6000 1 6008.34048
68.7000 1 4477.41952
68.8000 1 6280.97024
68.9000 1 6385.82784
69.0000 1 4729.07776
69.1000 1 5620.36736
69.2000 1 7056.91648
69.3000 1 5473.56672
69.4000 1 5882.51136
69.5000 1 6752.82944
69.6000 1 6375.34208
69.7000 1 6050.28352
69.8000 1 4844.42112
69.9000 1 6595.54304
70.0000 1 4802.47808
70.1000 1 5609.8816
70.2000 1 7308.57472
70.3000 1 5861.53984
70.4000 1 5913.96864
70.5000 1 5567.93856
70.6000 1 7402.94656
70.7000 1 4970.25024
70.8000 1 4540.33408
70.9000 1 7119.83104
71.0000 1 6008.34048
71.1000 1 5945.42592
71.2000 1 5578.42432
71.3000 1 5756.68224
71.4000 1 4005.56032
71.5000 1 5746.19648
71.6000 1 5158.99392
71.7000 1 5798.62528
71.8000 1 6941.57312
71.9000 1 6396.3136
72.0000 1 5494.53824
72.1000 1 6050.28352
72.2000 1 6931.08736
72.3000 1 5830.08256
72.4000 1 5819.5968
72.5000 1 5494.53824
72.6000 1 5934.94016
72.7000 1 4928.3072
72.8000 1 6008.34048
72.9000 1 7402.94656
73.0000 1 5085.5936
73.1000 1 5966.39744
73.2000 1 6417.28512
73.3000 1 4508.8768
73.4000 1 5452.5952
73.5000 1 6647.97184
73.6000 1 5326.76608
73.7000 1 4812.96384
73.8000 1 6815.744
73.9000 1 5316.28032
74.0000 1 6008.34048
74.1000 1 5463.08096
74.2000 1 6784.28672
74.3000 1 5735.71072
74.4000 1 5588.91008
74.5000 1 6658.4576
74.6000 1 5158.99392
74.7000 1 5190.4512
74.8000 1 6060.76928
74.9000 1 5190.4512
75.0000 1 5274.33728
75.1000 1 6501.1712
75.2000 1 5400.1664
75.3000 1 5997.85472
75.4000 1 6018.82624
75.5000 1 7140.80256
75.6000 1 5945.42592
75.7000 1 5138.0224
75.8000 1 6658.4576
75.9000 1 5295.3088
76.0000 1 5284.82304
76.1000 1 6081.7408
76.2000 1 6868.1728
76.3000 1 5200.93696
76.4000 1 5798.62528
76.5000 1 7319.06048
76.6000 1 6123.68384
76.7000 1 5525.99552
76.8000 1 5452.5952
76.9000 1 7308.57472
77.0000 1 4833.93536
77.1000 1 5704.25344
77.2000 1 6815.744
77.3000 1 5452.5952
77.4000 1 5043.65056
77.5000 1 6354.37056
77.6000 1 5085.5936
77.7000 1 4802.47808
77.8000 1 6920.6016
77.9000 1 6008.34048
78.0000 1 5788.13952
78.1000 1 5861.53984
78.2000 1 7455.37536
78.3000 1 5651.82464
78.4000 1 5620.36736
78.5000 1 5630.85312
78.6000 1 7193.23136
78.7000 1 5693.76768
78.8000 1 5536.48128
78.9000 1 5662.3104
79.0000 1 5400.1664
79.1000 1 5337.25184
79.2000 1 6710.8864
79.3000 1 4445.96224
79.4000 1 4571.79136
79.5000 1 5683.28192
79.6000 1 4037.0176
79.7000 1 5913.96864
79.8000 1 5484.05248
79.9000 1 5211.42272
80.0000 1 6616.51456
80.1000 1 5410.65216
80.2000 1 5295.3088
80.3000 1 6207.56992
80.4000 1 5955.91168
80.5000 1 5127.53664
80.6000 1 5693.76768
80.7000 1 6301.94176
80.8000 1 5473.56672
80.9000 1 5525.99552
81.0000 1 6847.20128
81.1000 1 5557.4528
81.2000 1 5452.5952
81.3000 1 6134.1696
81.4000 1 5012.19328
81.5000 1 5557.4528
81.6000 1 6805.25824
81.7000 1 5211.42272
81.8000 1 5536.48128
81.9000 1 5987.36896
82.0000 1 6270.48448
82.1000 1 4802.47808
82.2000 1 5683.28192
82.3000 1 5693.76768
82.4000 1 5609.8816
82.5000 1 5515.50976
82.6000 1 6668.94336
82.7000 1 5463.08096
82.8000 1 5389.68064
82.9000 1 6763.3152
83.0000 1 5557.4528
83.1000 1 5179.96544
83.2000 1 6218.05568
83.3000 1 5347.7376
83.4000 1 5588.91008
83.5000 1 6280.97024
83.6000 1 4928.3072
83.7000 1 5683.28192
83.8000 1 6280.97024
83.9000 1 5798.62528
84.0000 1 5557.4528
84.1000 1 5421.13792
84.2000 1 6826.22976
84.3000 1 5494.53824
84.4000 1 4424.99072
84.5000 1 5872.0256
84.6000 1 4928.3072
84.7000 1 5955.91168
84.8000 1 5861.53984
84.9000 1 5546.96704
85.0000 1 5368.70912
85.1000 1 6018.82624
85.2000 1 5043.65056
85.3000 1 5672.79616
85.4000 1 5976.8832
85.5000 1 5022.67904
85.6000 1 5735.71072
85.7000 1 6301.94176
85.8000 1 5588.91008
85.9000 1 5693.76768
86.0000 1 6689.91488
86.1000 1 5463.08096
86.2000 1 5484.05248
86.3000 1 6658.4576
86.4000 1 5463.08096
86.5000 1 4949.27872
86.6000 1 6343.8848
86.7000 1 5819.5968
86.8000 1 5515.50976
86.9000 1 5421.13792
87.0000 1 6668.94336
87.1000 1 4215.27552
87.2000 1 5809.11104
87.3000 1 5599.39584
87.4000 1 4959.76448
87.5000 1 6186.5984
87.6000 1 4729.07776
87.7000 1 5012.19328
87.8000 1 6679.42912
87.9000 1 5379.19488
88.0000 1 4582.27712
88.1000 1 6700.40064
88.2000 1 5263.85152
88.3000 1 4718.592
88.4000 1 6752.82944
88.5000 1 5368.70912
88.6000 1 5421.13792
88.7000 1 6375.34208
88.8000 1 5987.36896
88.9000 1 5179.96544
89.0000 1 5578.42432
89.1000 1 5557.4528
89.2000 1 5064.62208
89.3000 1 5976.8832
89.4000 1 4802.47808
89.5000 1 5106.56512
89.6000 1 6532.62848
89.7000 1 5400.1664
89.8000 1 5651.82464
89.9000 1 6092.22656
90.0000 1 5809.11104
90.1000 1 5536.48128
90.2000 1 5421.13792
90.3000 1 5955.91168
90.4000 1 5431.62368
90.5000 1 5484.05248
90.6000 1 6637.48608
90.7000 1 5588.91008
90.8000 1 5588.91008
90.9000 1 6773.80096
91.0000 1 5662.3104
91.1000 1 5494.53824
91.2000 1 6018.82624
91.3000 1 5851.05408
91.4000 1 5085.5936
91.5000 1 5840.56832
91.6000 1 6406.79936
91.7000 1 5253.36576
91.8000 1 5347.7376
91.9000 1 6910.11584
92.0000 1 5536.48128
92.1000 1 5515.50976
92.2000 1 6490.68544
92.3000 1 5452.5952
92.4000 1 5232.39424
92.5000 1 6343.8848
92.6000 1 5358.22336
92.7000 1 5452.5952
92.8000 1 6113.19808
92.9000 1 6134.1696
93.0000 1 5704.25344
93.1000 1 5525.99552
93.2000 1 6595.54304
93.3000 1 5494.53824
93.4000 1 5484.05248
93.5000 1 6805.25824
93.6000 1 5588.91008
93.7000 1 5515.50976
93.8000 1 5809.11104
93.9000 1 6039.79776
94.0000 1 5641.33888
94.1000 1 5085.5936
94.2000 1 6207.56992
94.3000 1 5400.1664
94.4000 1 5641.33888
94.5000 1 6280.97024
94.6000 1 5421.13792
94.7000 1 5620.36736
94.8000 1 6647.97184
94.9000 1 5505.024
95.0000 1 5620.36736
95.1000 1 6176.11264
95.2000 1 5106.56512
95.3000 1 5651.82464
95.4000 1 6029.312
95.5000 1 5987.36896
95.6000 1 5672.79616
95.7000 1 5484.05248
95.8000 1 6616.51456
95.9000 1 5431.62368
96.0000 1 5431.62368
96.1000 1 6931.08736
96.2000 1 5484.05248
96.3000 1 5410.65216
96.4000 1 6259.99872
96.5000 1 5830.08256
96.6000 1 5651.82464
96.7000 1 5484.05248
96.8000 1 6249.51296
96.9000 1 5012.19328
97.0000 1 5599.39584
97.1000 1 6742.34368
97.2000 1 5001.70752
97.3000 1 4875.8784
97.4000 1 6763.3152
97.5000 1 5452.5952
97.6000 1 5232.39424
97.7000 1 6039.79776
97.8000 1 5557.4528
97.9000 1 5672.79616
98.0000 1 6637.48608
98.1000 1 5452.5952
98.2000 1 5379.19488
98.3000 1 6280.97024
98.4000 1 5798.62528
98.5000 1 5274.33728
98.6000 1 5588.91008
98.7000 1 6826.22976
98.8000 1 5001.70752
98.9000 1 5578.42432
99.0000 1 6784.28672
99.1000 1 5148.50816
99.2000 1 5473.56672
99.3000 1 6836.71552
99.4000 1 4529.84832
99.5000 1 5179.96544
99.6000 1 6742.34368
99.7000 1 5557.4528
99.8000 1 5316.28032
99.9000 1 6522.14272
100.0000 1 5903.48288
100.1000 1 5546.96704
100.2000 1 5379.19488
100.3000 1 6668.94336
100.4000 1 5452.5952
100.5000 1 5452.5952
100.6000 1 6763.3152
100.7000 1 5431.62368
100.8000 1 5452.5952
100.9000 1 6448.7424
101.0000 1 5651.82464
101.1000 1 5536.48128
101.2000 1 5630.85312
101.3000 1 5672.79616
101.4000 1 5295.3088
101.5000 1 5851.05408
101.6000 1 6301.94176
101.7000 1 5421.13792
101.8000 1 5546.96704
101.9000 1 6742.34368
102.0000 1 5211.42272
102.1000 1 5452.5952
102.2000 1 6773.80096
102.3000 1 5253.36576
102.4000 1 5421.13792
102.5000 1 6511.65696
102.6000 1 5431.62368
102.7000 1 5022.67904
102.8000 1 6312.42752
102.9000 1 5913.96864
103.0000 1 5347.7376
103.1000 1 5641.33888
103.2000 1 6721.37216
103.3000 1 5452.5952
103.4000 1 5525.99552
103.5000 1 6574.57152
103.6000 1 5630.85312
103.7000 1 5588.91008
103.8000 1 6280.97024
103.9000 1 6092.22656
104.0000 1 5148.50816
104.1000 1 5515.50976
104.2000 1 6700.40064
104.3000 1 5179.96544
104.4000 1 4907.33568
104.5000 1 6627.00032
104.6000 1 5578.42432
104.7000 1 5274.33728
104.8000 1 6270.48448
104.9000 1 5410.65216
105.0000 1 5567.93856
105.1000 1 6700.40064
105.2000 1 5546.96704
105.3000 1 5693.76768
105.4000 1 5955.91168
105.5000 1 6186.5984
105.6000 1 5473.56672
105.7000 1 5651.82464
105.8000 1 6700.40064
105.9000 1 5463.08096
106.0000 1 5546.96704
106.1000 1 6616.51456
106.2000 1 5473.56672
106.3000 1 5620.36736
106.4000 1 5798.62528
106.5000 1 5892.99712
106.6000 1 5253.36576
106.7000 1 5756.68224
106.8000 1 6354.37056
106.9000 1 5148.50816
107.0000 1 5253.36576
107.1000 1 6805.25824
107.2000 1 5578.42432
107.3000 1 5463.08096
107.4000 1 6731.85792
107.5000 1 5421.13792
107.6000 1 5578.42432
107.7000 1 6259.99872
107.8000 1 5819.5968
107.9000 1 5484.05248
108.0000 1 5484.05248
108.1000 1 6092.22656
108.2000 1 5452.5952
108.3000 1 5693.76768
108.4000 1 6385.82784
108.5000 1 5515.50976
108.6000 1 5672.79616
108.7000 1 6176.11264
108.8000 1 5012.19328
108.9000 1 5567.93856
109.0000 1 6742.34368
109.1000 1 5253.36576
109.2000 1 5494.53824
109.3000 1 6333.39904
109.4000 1 5798.62528
109.5000 1 5588.91008
109.6000 1 5389.68064
109.7000 1 6637.48608
109.8000 1 5358.22336
109.9000 1 5148.50816
110.0000 1 6228.54144
110.1000 1 5515.50976
110.2000 1 5410.65216
110.3000 1 6301.94176
110.4000 1 4970.25024
110.5000 1 5578.42432
110.6000 1 6763.3152
110.7000 1 5138.0224
110.8000 1 5326.76608
110.9000 1 6889.14432
111.0000 1 5442.10944
111.1000 1 5536.48128
111.2000 1 5945.42592
111.3000 1 6259.99872
111.4000 1 5389.68064
111.5000 1 5494.53824
111.6000 1 6752.82944
111.7000 1 5442.10944
111.8000 1 5609.8816
111.9000 1 6763.3152
112.0000 1 5211.42272
112.1000 1 4949.27872
112.2000 1 6647.97184
112.3000 1 5242.88
112.4000 1 5022.67904
112.5000 1 6511.65696
112.6000 1 5557.4528
112.7000 1 5525.99552
112.8000 1 5798.62528
112.9000 1 5609.8816
113.0000 1 5693.76768
113.1000 1 5578.42432
113.2000 1 6805.25824
113.3000 1 5599.39584
113.4000 1 5148.50816
113.5000 1 6322.91328
113.6000 1 5421.13792
113.7000 1 5442.10944
113.8000 1 6595.54304
113.9000 1 5641.33888
114.0000 1 5515.50976
114.1000 1 6071.25504
114.2000 1 5672.79616
114.3000 1 5515.50976
114.4000 1 5515.50976
114.5000 1 6427.77088
114.6000 1 4886.36416
114.7000 1 5525.99552
114.8000 1 6941.57312
114.9000 1 5221.90848
115.0000 1 4928.3072
115.1000 1 6689.91488
115.2000 1 5546.96704
115.3000 1 5295.3088
115.4000 1 6941.57312
115.5000 1 5630.85312
115.6000 1 5473.56672
115.7000 1 5924.4544
115.8000 1 6018.82624
115.9000 1 5075.10784
116.0000 1 5662.3104
116.1000 1 6134.1696
116.2000 1 5693.76768
116.3000 1 5536.48128
116.4000 1 6532.62848
116.5000 1 5662.3104
116.6000 1 5714.7392
116.7000 1 6144.65536
116.8000 1 5117.05088
116.9000 1 5546.96704
117.0000 1 6501.1712
117.1000 1 5148.50816
117.2000 1 5033.1648
117.3000 1 6668.94336
117.4000 1 5714.7392
117.5000 1 4991.22176
117.6000 1 5903.48288
117.7000 1 5934.94016
117.8000 1 5410.65216
117.9000 1 5567.93856
118.0000 1 6585.05728
118.1000 1 5484.05248
118.2000 1 5557.4528
118.3000 1 6910.11584
118.4000 1 4959.76448
118.5000 1 5033.1648
118.6000 1 6742.34368
118.7000 1 5693.76768
118.8000 1 5022.67904
118.9000 1 6280.97024
119.0000 1 5494.53824
119.1000 1 5599.39584
119.2000 1 6039.79776
119.3000 1 6092.22656
119.4000 1 5557.4528
119.5000 1 5536.48128
119.6000 1 6448.7424
119.7000 1 5630.85312
119.8000 1 5557.4528
119.9000 1 6123.68384
120.0000 1 5200.93696
120.1000 1 5410.65216
120.2000 1 6868.1728
120.3000 1 5033.1648
120.4000 1 4980.736
120.5000 1 6763.3152
120.6000 1 5546.96704
120.7000 1 5274.33728
120.8000 1 6050.28352
120.9000 1 5494.53824
121.0000 1 5641.33888
121.1000 1 5672.79616
121.2000 1 5641.33888
121.3000 1 5536.48128
121.4000 1 5662.3104
121.5000 1 6658.4576
121.6000 1 5473.56672
121.7000 1 5536.48128
121.8000 1 6480.19968
121.9000 1 5001.70752
122.0000 1 4246.7328
122.1000 1 6731.85792
122.2000 1 5211.42272
122.3000 1 5358.22336
122.4000 1 6616.51456
122.5000 1 5452.5952
122.6000 1 5305.79456
122.7000 1 6889.14432
122.8000 1 5442.10944
122.9000 1 4980.736
123.0000 1 6658.4576
123.1000 1 5788.13952
123.2000 1 5085.5936
123.3000 1 6039.79776
123.4000 1 5756.68224
123.5000 1 5410.65216
123.6000 1 5525.99552
123.7000 1 6836.71552
123.8000 1 5494.53824
123.9000 1 5442.10944
124.0000 1 6878.65856
124.1000 1 5263.85152
124.2000 1 5515.50976
124.3000 1 6574.57152
124.4000 1 5609.8816
124.5000 1 5546.96704
124.6000 1 5609.8816
124.7000 1 6301.94176
124.8000 1 5672.79616
124.9000 1 5494.53824
125.0000 1 6333.39904
125.1000 1 5200.93696
125.2000 1 5641.33888
125.3000 1 6564.08576
125.4000 1 5284.82304
125.5000 1 5557.4528
125.6000 1 6668.94336
125.7000 1 5484.05248
125.8000 1 5672.79616
125.9000 1 5494.53824
126.0000 1 6742.34368
126.1000 1 5693.76768
126.2000 1 5442.10944
126.3000 1 6941.57312
126.4000 1 5421.13792
126.5000 1 5662.3104
126.6000 1 5955.91168
126.7000 1 6134.1696
126.8000 1 5735.71072
126.9000 1 5452.5952
127.0000 1 6637.48608
127.1000 1 5379.19488
127.2000 1 5421.13792
127.3000 1 6291.456
127.4000 1 5525.99552
127.5000 1 5599.39584
127.6000 1 6501.1712
127.7000 1 5620.36736
127.8000 1 5263.85152
127.9000 1 5966.39744
128.0000 1 5536.48128
128.1000 1 5578.42432
128.2000 1 5651.82464
128.3000 1 6459.22816
128.4000 1 5609.8816
128.5000 1 4896.84992
128.6000 1 6249.51296
128.7000 1 5536.48128
128.8000 1 5641.33888
128.9000 1 6710.8864
129.0000 1 5515.50976
129.1000 1 5452.5952
129.2000 1 6385.82784
129.3000 1 5819.5968
129.4000 1 5242.88
129.5000 1 5840.56832
129.6000 1 5693.76768
129.7000 1 5588.91008
129.8000 1 5442.10944
129.9000 1 6333.39904
130.0000 1 5683.28192
130.1000 1 5473.56672
130.2000 1 6742.34368
130.3000 1 5599.39584
130.4000 1 5494.53824
130.5000 1 6532.62848
130.6000 1 5525.99552
130.7000 1 5557.4528
130.8000 1 5672.79616
130.9000 1 6155.14112
131.0000 1 4959.76448
131.1000 1 5777.65376
131.2000 1 6134.1696
131.3000 1 4959.76448
131.4000 1 5683.28192
131.5000 1 6207.56992
131.6000 1 5075.10784
131.7000 1 5473.56672
131.8000 1 6438.25664
131.9000 1 5484.05248
132.0000 1 5211.42272
132.1000 1 6889.14432
132.2000 1 5515.50976
132.3000 1 5651.82464
132.4000 1 6606.0288
132.5000 1 5463.08096
132.6000 1 5651.82464
132.7000 1 5599.39584
132.8000 1 5641.33888
132.9000 1 5651.82464
133.0000 1 5494.53824
133.1000 1 6197.08416
133.2000 1 5064.62208
133.3000 1 5609.8816
133.4000 1 6647.97184
133.5000 1 5179.96544
133.6000 1 5421.13792
133.7000 1 6721.37216
133.8000 1 5609.8816
133.9000 1 5735.71072
134.0000 1 6574.57152
134.1000 1 5525.99552
134.2000 1 5505.024
134.3000 1 5735.71072
134.4000 1 6543.11424
134.5000 1 5714.7392
134.6000 1 5725.22496
134.7000 1 6637.48608
134.8000 1 5609.8816
134.9000 1 5463.08096
135.0000 1 6176.11264
135.1000 1 5934.94016
135.2000 1 5505.024
135.3000 1 5421.13792
135.4000 1 6899.63008
135.5000 1 5368.70912
135.6000 1 5473.56672
135.7000 1 6658.4576
135.8000 1 5536.48128
135.9000 1 5525.99552
136.0000 1 6354.37056
136.1000 1 5809.11104
136.2000 1 5515.50976
136.3000 1 5536.48128
136.4000 1 6857.68704
136.5000 1 5505.024
136.6000 1 5284.82304
136.7000 1 6679.42912
136.8000 1 5536.48128
136.9000 1 4980.736
137.0000 1 6343.8848
137.1000 1 5567.93856
137.2000 1 5609.8816
137.3000 1 6113.19808
137.4000 1 6081.7408
137.5000 1 5242.88
137.6000 1 5557.4528
137.7000 1 6773.80096
137.8000 1 5117.05088
137.9000 1 4980.736
138.0000 1 6794.77248
138.1000 1 5630.85312
138.2000 1 5494.53824
138.3000 1 6689.91488
138.4000 1 5463.08096
138.5000 1 5421.13792
138.6000 1 6239.0272
138.7000 1 5955.91168
138.8000 1 5525.99552
138.9000 1 5410.65216
139.0000 1 6647.97184
139.1000 1 5641.33888
139.2000 1 5169.47968
139.3000 1 6658.4576
139.4000 1 5452.5952
139.5000 1 5452.5952
139.6000 1 6742.34368
139.7000 1 5683.28192
139.8000 1 5431.62368
139.9000 1 5651.82464
140.0000 1 6585.05728
140.1000 1 5421.13792
140.2000 1 5557.4528
140.3000 1 6689.91488
140.4000 1 4875.8784
140.5000 1 5253.36576
140.6000 1 6731.85792
140.7000 1 5494.53824
140.8000 1 5452.5952
140.9000 1 6627.00032
141.0000 1 5672.79616
141.1000 1 5536.48128
141.2000 1 5515.50976
141.3000 1 5945.42592
141.4000 1 5588.91008
141.5000 1 5662.3104
141.6000 1 6333.39904
141.7000 1 4991.22176
141.8000 1 5567.93856
141.9000 1 6742.34368
142.0000 1 5452.5952
142.1000 1 5505.024
142.2000 1 6668.94336
142.3000 1 5253.36576
142.4000 1 5578.42432
142.5000 1 6186.5984
142.6000 1 6081.7408
142.7000 1 5536.48128
142.8000 1 5337.25184
142.9000 1 6427.77088
143.0000 1 4865.39264
143.1000 1 5505.024
143.2000 1 6553.6
143.3000 1 5368.70912
143.4000 1 5106.56512
143.5000 1 6406.79936
143.6000 1 5746.19648
143.7000 1 5484.05248
143.8000 1 6836.71552
143.9000 1 5337.25184
144.0000 1 5620.36736
144.1000 1 5966.39744
144.2000 1 5788.13952
144.3000 1 5609.8816
144.4000 1 5347.7376
144.5000 1 5966.39744
144.6000 1 5484.05248
144.7000 1 5735.71072
144.8000 1 6490.68544
144.9000 1 5525.99552
145.0000 1 5525.99552
145.1000 1 6941.57312
145.2000 1 5358.22336
145.3000 1 5358.22336
145.4000 1 6280.97024
145.5000 1 5536.48128
145.6000 1 5200.93696
145.7000 1 5913.96864
145.8000 1 6259.99872
145.9000 1 5358.22336
146.0000 1 5630.85312
146.1000 1 6721.37216
146.2000 1 5421.13792
146.3000 1 5567.93856
146.4000 1 6595.54304
146.5000 1 5001.70752
146.6000 1 5106.56512
146.7000 1 6396.3136
