0.1000 1 0.0
0.2000 1 5945.42592
0.3000 1 4351.5904
0.4000 1 6165.62688
0.5000 1 4917.82144
0.6000 1 5400.1664
0.7000 1 6784.28672
0.8000 1 4781.50656
0.9000 1 4613.7344
1.0000 1 6301.94176
1.1000 1 4466.93376
1.2000 1 5242.88
1.3000 1 5976.8832
1.4000 1 5305.79456
1.5000 1 5452.5952
1.6000 1 6228.54144
1.7000 1 4970.25024
1.8000 1 5505.024
1.9000 1 6144.65536
2.0000 1 4613.7344
2.1000 1 6092.22656
2.2000 1 6354.37056
2.3000 1 4865.39264
2.4000 1 5494.53824
2.5000 1 5777.65376
2.6000 1 4970.25024
2.7000 1 5924.4544
2.8000 1 5263.85152
2.9000 1 4833.93536
3.0000 1 6469.71392
3.1000 1 5106.56512
3.2000 1 4362.07616
3.3000 1 6731.85792
3.4000 1 4865.39264
3.5000 1 4624.22016
3.6000 1 6501.1712
3.7000 1 4708.10624
3.8000 1 5368.70912
3.9000 1 6627.00032
4.0000 1 4781.50656
4.1000 1 5169.47968
4.2000 1 6585.05728
4.3000 1 4508.8768
4.4000 1 5588.91008
4.5000 1 5809.11104
4.6000 1 4917.82144
4.7000 1 6144.65536
4.8000 1 5746.19648
4.9000 1 4760.53504
5.0000 1 6197.08416
5.1000 1 5400.1664
5.2000 1 4991.22176
5.3000 1 6239.0272
5.4000 1 5746.19648
5.5000 1 4477.41952
5.6000 1 6417.28512
5.7000 1 5085.5936
5.8000 1 5714.7392
5.9000 1 6102.71232
6.0000 1 5117.05088
6.1000 1 4435.47648
6.2000 1 6417.28512
6.3000 1 4823.4496
6.4000 1 4771.0208
6.5000 1 6658.4576
6.6000 1 4120.90368
6.7000 1 5347.7376
6.8000 1 5976.8832
6.9000 1 5400.1664
7.0000 1 5389.68064
7.1000 1 4404.0192
7.2000 1 5484.05248
7.3000 1 6847.20128
7.4000 1 5421.13792
7.5000 1 5274.33728
7.6000 1 6092.22656
7.7000 1 5588.91008
7.8000 1 5274.33728
7.9000 1 6092.22656
8.0000 1 6973.0304
8.1000 1 5316.28032
8.2000 1 5337.25184
8.3000 1 6647.97184
8.4000 1 5169.47968
8.5000 1 4760.53504
8.6000 1 5945.42592
8.7000 1 3638.55872
8.8000 1 5274.33728
8.9000 1 3407.872
9.0000 1 5337.25184
9.1000 1 3470.78656
9.2000 1 5431.62368
9.3000 1 4655.67744
9.4000 1 4404.0192
9.5000 1 6134.1696
9.6000 1 5389.68064
9.7000 1 5662.3104
9.8000 1 6427.77088
9.9000 1 5295.3088
10.0000 1 4781.50656
10.1000 1 6962.54464
10.2000 1 5085.5936
10.3000 1 4288.67584
10.4000 1 6763.3152
10.5000 1 4823.4496
10.6000 1 4844.42112
10.7000 1 6889.14432
10.8000 1 4886.36416
10.9000 1 4718.592
11.0000 1 6239.0272
11.1000 1 4655.67744
11.2000 1 5777.65376
11.3000 1 4854.90688
11.4000 1 4833.93536
11.5000 1 6543.11424
11.6000 1 4844.42112
11.7000 1 5389.68064
11.8000 1 6207.56992
11.9000 1 4634.70592
12.0000 1 4781.50656
12.1000 1 6144.65536
12.2000 1 4561.3056
12.3000 1 5924.4544
12.4000 1 6752.82944
12.5000 1 4980.736
12.6000 1 5012.19328
12.7000 1 5767.168
12.8000 1 5022.67904
12.9000 1 5997.85472
13.0000 1 5777.65376
13.1000 1 5505.024
13.2000 1 5358.22336
13.3000 1 5672.79616
13.4000 1 4487.90528
13.5000 1 6438.25664
13.6000 1 4655.67744
13.7000 1 5054.13632
13.8000 1 6931.08736
13.9000 1 4833.93536
14.0000 1 5169.47968
14.1000 1 6207.56992
14.2000 1 4865.39264
14.3000 1 4687.13472
14.4000 1 6941.57312
14.5000 1 4980.736
14.6000 1 5746.19648
14.7000 1 6259.99872
14.8000 1 5200.93696
14.9000 1 4645.19168
15.0000 1 6889.14432
15.1000 1 5001.70752
15.2000 1 4162.84672
15.3000 1 6679.42912
15.4000 1 4582.27712
15.5000 1 5452.5952
15.6000 1 6385.82784
15.7000 1 4718.592
15.8000 1 5725.22496
15.9000 1 6595.54304
16.0000 1 4697.62048
16.1000 1 5358.22336
16.2000 1 5777.65376
16.3000 1 5242.88
16.4000 1 5672.79616
16.5000 1 6155.14112
16.6000 1 4791.99232
16.7000 1 5767.168
16.8000 1 5651.82464
16.9000 1 4519.36256
17.0000 1 6249.51296
17.1000 1 5075.10784
17.2000 1 5442.10944
17.3000 1 6668.94336
17.4000 1 5305.79456
17.5000 1 5494.53824
17.6000 1 5924.4544
17.7000 1 5232.39424
17.8000 1 4938.79296
17.9000 1 6532.62848
18.0000 1 5913.96864
18.1000 1 4445.96224
18.2000 1 6102.71232
18.3000 1 5022.67904
18.4000 1 4571.79136
18.5000 1 6899.63008
18.6000 1 4896.84992
18.7000 1 4781.50656
18.8000 1 6878.65856
18.9000 1 4833.93536
19.0000 1 4477.41952
19.1000 1 6668.94336
19.2000 1 4655.67744
19.3000 1 5316.28032
19.4000 1 5892.99712
19.5000 1 4508.8768
19.6000 1 6375.34208
19.7000 1 5117.05088
19.8000 1 4750.04928
19.9000 1 6385.82784
20.0000 1 5022.67904
20.1000 1 5064.62208
20.2000 1 6710.8864
20.3000 1 5158.99392
20.4000 1 4833.93536
20.5000 1 6857.68704
20.6000 1 4729.07776
20.7000 1 4267.70432
20.8000 1 6532.62848
20.9000 1 4645.19168
21.0000 1 5211.42272
21.1000 1 6689.91488
21.2000 1 4603.24864
21.3000 1 5473.56672
21.4000 1 5777.65376
21.5000 1 4592.76288
21.6000 1 6301.94176
21.7000 1 4655.67744
21.8000 1 4959.76448
21.9000 1 7014.97344
22.0000 1 4592.76288
22.1000 1 5022.67904
22.2000 1 6249.51296
22.3000 1 5274.33728
22.4000 1 5830.08256
22.5000 1 6239.0272
22.6000 1 4928.3072
22.7000 1 4750.04928
22.8000 1 6920.6016
22.9000 1 4938.79296
23.0000 1 4204.78976
23.1000 1 6029.312
23.2000 1 4613.7344
23.3000 1 6008.34048
23.4000 1 5851.05408
23.5000 1 4812.96384
23.6000 1 6060.76928
23.7000 1 5515.50976
23.8000 1 4508.8768
23.9000 1 6679.42912
24.0000 1 4624.22016
24.1000 1 4141.8752
24.2000 1 6081.7408
24.3000 1 4561.3056
24.4000 1 5830.08256
24.5000 1 6280.97024
24.6000 1 5578.42432
24.7000 1 5043.65056
24.8000 1 6228.54144
24.9000 1 5190.4512
25.0000 1 5106.56512
25.1000 1 6102.71232
25.2000 1 5536.48128
25.3000 1 5169.47968
25.4000 1 6081.7408
25.5000 1 5022.67904
25.6000 1 5620.36736
25.7000 1 6564.08576
25.8000 1 5284.82304
25.9000 1 4812.96384
26.0000 1 6910.11584
26.1000 1 4938.79296
26.2000 1 5001.70752
26.3000 1 6385.82784
26.4000 1 5242.88
26.5000 1 5085.5936
26.6000 1 5578.42432
26.7000 1 5232.39424
26.8000 1 5945.42592
26.9000 1 5714.7392
27.0000 1 4571.79136
27.1000 1 6501.1712
27.2000 1 5421.13792
27.3000 1 4949.27872
27.4000 1 6364.85632
27.5000 1 5389.68064
27.6000 1 4456.448
27.7000 1 6427.77088
27.8000 1 4949.27872
27.9000 1 5190.4512
28.0000 1 6931.08736
28.1000 1 5263.85152
28.2000 1 4970.25024
28.3000 1 6679.42912
28.4000 1 5117.05088
28.5000 1 4582.27712
28.6000 1 6385.82784
28.7000 1 4991.22176
28.8000 1 5117.05088
28.9000 1 6218.05568
29.0000 1 4676.64896
29.1000 1 4823.4496
29.2000 1 6113.19808
29.3000 1 4267.70432
29.4000 1 6144.65536
29.5000 1 5536.48128
29.6000 1 5001.70752
29.7000 1 5997.85472
29.8000 1 5567.93856
29.9000 1 6312.42752
30.0000 1 5735.71072
30.1000 1 6679.42912
30.2000 1 4708.10624
30.3000 1 4949.27872
30.4000 1 5012.19328
30.5000 1 4183.81824
30.6000 1 5683.28192
30.7000 1 3628.07296
30.8000 1 5463.08096
30.9000 1 3911.18848
31.0000 1 5641.33888
31.1000 1 5578.42432
31.2000 1 5777.65376
31.3000 1 5368.70912
31.4000 1 5064.62208
31.5000 1 4257.21856
31.6000 1 7455.37536
31.7000 1 5997.85472
31.8000 1 4372.56192
31.9000 1 5567.93856
32.0000 1 4645.19168
32.1000 1 4634.70592
32.2000 1 7696.54784
32.3000 1 5505.024
32.4000 1 3806.33088
32.5000 1 6763.3152
32.6000 1 4729.07776
32.7000 1 6155.14112
32.8000 1 6710.8864
32.9000 1 5316.28032
33.0000 1 6176.11264
33.1000 1 5809.11104
33.2000 1 5106.56512
33.3000 1 5578.42432
33.4000 1 5976.8832
33.5000 1 7182.7456
33.6000 1 5200.93696
33.7000 1 4372.56192
33.8000 1 5546.96704
33.9000 1 6385.82784
34.0000 1 5714.7392
34.1000 1 6815.744
34.2000 1 5190.4512
34.3000 1 4718.592
34.4000 1 5494.53824
34.5000 1 5190.4512
34.6000 1 5284.82304
34.7000 1 7675.57632
34.8000 1 4708.10624
34.9000 1 4383.04768
35.0000 1 7193.23136
35.1000 1 6186.5984
35.2000 1 4278.19008
35.3000 1 5515.50976
35.4000 1 4309.64736
35.5000 1 6060.76928
35.6000 1 7109.34528
35.7000 1 4634.70592
35.8000 1 4970.25024
35.9000 1 4739.56352
36.0000 1 5033.1648
36.1000 1 7056.91648
36.2000 1 5284.82304
36.3000 1 4047.50336
36.4000 1 7350.51776
36.5000 1 3932.16
36.6000 1 4550.81984
36.7000 1 6176.11264
36.8000 1 4791.99232
36.9000 1 5809.11104
37.0000 1 6668.94336
37.1000 1 5515.50976
37.2000 1 5630.85312
37.3000 1 7214.20288
37.4000 1 5463.08096
37.5000 1 5295.3088
37.6000 1 6081.7408
37.7000 1 6658.4576
37.8000 1 4078.96064
37.9000 1 5599.39584
38.0000 1 6134.1696
38.1000 1 5704.25344
38.2000 1 5326.76608
38.3000 1 5452.5952
38.4000 1 4362.07616
38.5000 1 7035.94496
38.6000 1 6092.22656
38.7000 1 5525.99552
38.8000 1 5725.22496
38.9000 1 5788.13952
39.0000 1 4498.39104
39.1000 1 6165.62688
39.2000 1 7790.91968
39.3000 1 5525.99552
39.4000 1 4445.96224
39.5000 1 6207.56992
39.6000 1 5505.024
39.7000 1 5588.91008
39.8000 1 6564.08576
39.9000 1 6857.68704
40.0000 1 5158.99392
40.1000 1 4729.07776
40.2000 1 5179.96544
40.3000 1 6039.79776
40.4000 1 5473.56672
40.5000 1 6197.08416
40.6000 1 4445.96224
40.7000 1 6176.11264
40.8000 1 6606.0288
40.9000 1 4708.10624
41.0000 1 5672.79616
41.1000 1 5903.48288
41.2000 1 4634.70592
41.3000 1 5872.0256
41.4000 1 5253.36576
41.5000 1 6186.5984
41.6000 1 5463.08096
41.7000 1 5295.3088
41.8000 1 4991.22176
41.9000 1 6448.7424
42.0000 1 5442.10944
42.1000 1 4666.1632
42.2000 1 6564.08576
42.3000 1 6448.7424
42.4000 1 5588.91008
42.5000 1 6448.7424
42.6000 1 6689.91488
42.7000 1 5127.53664
42.8000 1 3984.5888
42.9000 1 6815.744
43.0000 1 5075.10784
43.1000 1 5463.08096
43.2000 1 7067.40224
43.3000 1 4854.90688
43.4000 1 5127.53664
43.5000 1 6773.80096
43.6000 1 6165.62688
43.7000 1 6375.34208
43.8000 1 5484.05248
43.9000 1 6113.19808
44.0000 1 4424.99072
44.1000 1 5001.70752
44.2000 1 7319.06048
44.3000 1 4823.4496
44.4000 1 6207.56992
44.5000 1 6794.77248
44.6000 1 6197.08416
44.7000 1 6197.08416
44.8000 1 6018.82624
44.9000 1 5903.48288
45.0000 1 5001.70752
45.1000 1 5158.99392
45.2000 1 6228.54144
45.3000 1 5767.168
45.4000 1 4582.27712
45.5000 1 7602.176
45.6000 1 4487.90528
45.7000 1 5704.25344
45.8000 1 5630.85312
45.9000 1 4550.81984
46.0000 1 6354.37056
46.1000 1 6826.22976
46.2000 1 3795.84512
46.3000 1 4466.93376
46.4000 1 7098.85952
46.5000 1 4875.8784
46.6000 1 4886.36416
46.7000 1 4907.33568
46.8000 1 5117.05088
46.9000 1 6637.48608
47.0000 1 4571.79136
47.1000 1 4225.76128
47.2000 1 5316.28032
47.3000 1 4844.42112
47.4000 1 6270.48448
47.5000 1 6763.3152
47.6000 1 5924.4544
47.7000 1 5316.28032
47.8000 1 6763.3152
47.9000 1 4372.56192
48.0000 1 4445.96224
48.1000 1 6406.79936
48.2000 1 5127.53664
48.3000 1 5232.39424
48.4000 1 6364.85632
48.5000 1 4582.27712
48.6000 1 5767.168
48.7000 1 5536.48128
48.8000 1 4655.67744
48.9000 1 6511.65696
49.0000 1 5934.94016
49.1000 1 5379.19488
49.2000 1 6176.11264
49.3000 1 6480.19968
49.4000 1 6092.22656
49.5000 1 5033.1648
49.6000 1 5546.96704
49.7000 1 3953.13152
49.8000 1 5788.13952
49.9000 1 6249.51296
50.0000 1 4676.64896
50.1000 1 5788.13952
50.2000 1 4519.36256
50.3000 1 4781.50656
50.4000 1 7067.40224
50.5000 1 5263.85152
50.6000 1 5179.96544
50.7000 1 6773.80096
50.8000 1 5389.68064
50.9000 1 5054.13632
51.0000 1 6406.79936
51.1000 1 7581.20448
51.2000 1 5777.65376
51.3000 1 6081.7408
51.4000 1 5630.85312
51.5000 1 6836.71552
51.6000 1 4362.07616
51.7000 1 5578.42432
51.8000 1 5284.82304
51.9000 1 6144.65536
52.0000 1 5337.25184
52.1000 1 7497.3184
52.2000 1 4991.22176
52.3000 1 4236.24704
52.4000 1 6931.08736
52.5000 1 4697.62048
52.6000 1 5190.4512
52.7000 1 5085.5936
52.8000 1 6259.99872
52.9000 1 5421.13792
53.0000 1 6322.91328
53.1000 1 5442.10944
53.2000 1 5662.3104
53.3000 1 5704.25344
53.4000 1 3365.92896
53.5000 1 6763.3152
53.6000 1 4970.25024
53.7000 1 4592.76288
53.8000 1 5913.96864
53.9000 1 5379.19488
54.0000 1 5379.19488
54.1000 1 6218.05568
54.2000 1 4435.47648
54.3000 1 5253.36576
54.4000 1 7098.85952
54.5000 1 4875.8784
54.6000 1 4708.10624
54.7000 1 7266.63168
54.8000 1 6123.68384
54.9000 1 4687.13472
55.0000 1 6385.82784
55.1000 1 6228.54144
55.2000 1 6228.54144
55.3000 1 5033.1648
55.4000 1 7109.34528
55.5000 1 4718.592
55.6000 1 5735.71072
55.7000 1 6553.6
55.8000 1 4917.82144
55.9000 1 5777.65376
56.0000 1 7014.97344
56.1000 1 6354.37056
56.2000 1 5567.93856
56.3000 1 6050.28352
56.4000 1 5945.42592
56.5000 1 6155.14112
56.6000 1 5788.13952
56.7000 1 6008.34048
56.8000 1 6008.34048
56.9000 1 3921.67424
57.0000 1 5452.5952
57.1000 1 3932.16
57.2000 1 5473.56672
57.3000 1 5452.5952
57.4000 1 6123.68384
57.5000 1 5630.85312
57.6000 1 6438.25664
57.7000 1 5683.28192
57.8000 1 5075.10784
57.9000 1 7235.1744
58.0000 1 4351.5904
58.1000 1 4750.04928
58.2000 1 6668.94336
58.3000 1 6123.68384
58.4000 1 4750.04928
58.5000 1 6941.57312
58.6000 1 6417.28512
58.7000 1 5536.48128
58.8000 1 6522.14272
58.9000 1 7182.7456
59.0000 1 6448.7424
59.1000 1 5494.53824
59.2000 1 6102.71232
59.3000 1 6364.85632
59.4000 1 5693.76768
59.5000 1 6564.08576
59.6000 1 5421.13792
59.7000 1 7937.72032
59.8000 1 4320.13312
59.9000 1 4393.53344
60.0000 1 5505.024
60.1000 1 5452.5952
60.2000 1 6522.14272
60.3000 1 6794.77248
60.4000 1 5253.36576
60.5000 1 5389.68064
60.6000 1 6899.63008
60.7000 1 5400.1664
60.8000 1 5085.5936
60.9000 1 6385.82784
61.0000 1 5861.53984
61.1000 1 4771.0208
61.2000 1 6123.68384
61.3000 1 7308.57472
61.4000 1 6102.71232
61.5000 1 4802.47808
61.6000 1 6039.79776
61.7000 1 5190.4512
61.8000 1 5714.7392
61.9000 1 6679.42912
62.0000 1 6207.56992
62.1000 1 4687.13472
62.2000 1 6417.28512
62.3000 1 6805.25824
62.4000 1 4477.41952
62.5000 1 4991.22176
62.6000 1 5410.65216
62.7000 1 4508.8768
62.8000 1 6784.28672
62.9000 1 5463.08096
63.0000 1 5966.39744
63.1000 1 5704.25344
63.2000 1 5735.71072
63.3000 1 4089.4464
63.4000 1 5620.36736
63.5000 1 3963.61728
63.6000 1 5452.5952
63.7000 1 6354.37056
63.8000 1 6385.82784
63.9000 1 4613.7344
64.0000 1 7780.43392
64.1000 1 4791.99232
64.2000 1 4970.25024
64.3000 1 7004.48768
64.4000 1 4844.42112
64.5000 1 4624.22016
64.6000 1 5704.25344
64.7000 1 4760.53504
64.8000 1 5221.90848
64.9000 1 7119.83104
65.0000 1 3774.8736
65.1000 1 4309.64736
65.2000 1 4005.56032
65.3000 1 5913.96864
65.4000 1 4896.84992
65.5000 1 3512.7296
65.6000 1 3890.21696
65.7000 1 4498.39104
65.8000 1 6658.4576
65.9000 1 5148.50816
66.0000 1 5536.48128
66.1000 1 6941.57312
66.2000 1 5400.1664
66.3000 1 5473.56672
66.4000 1 6543.11424
66.5000 1 5630.85312
66.6000 1 4246.7328
66.7000 1 5976.8832
66.8000 1 4162.84672
66.9000 1 5326.76608
67.0000 1 5232.39424
67.1000 1 5012.19328
67.2000 1 6501.1712
67.3000 1 5913.96864
67.4000 1 4267.70432
67.5000 1 6207.56992
67.6000 1 4246.7328
67.7000 1 4529.84832
67.8000 1 5955.91168
67.9000 1 5033.1648
68.0000 1 5767.168
68.1000 1 6239.0272
68.2000 1 5358.22336
68.3000 1 5651.82464
68.4000 1 6050.28352
68.5000 1 3984.5888
68.6000 1 5714.7392
68.7000 1 4445.96224
68.8000 1 4907.33568
68.9000 1 5672.79616
69.0000 1 4141.8752
69.1000 1 6155.14112
69.2000 1 5221.90848
69.3000 1 4582.27712
69.4000 1 5714.7392
69.5000 1 5735.71072
69.6000 1 5410.65216
69.7000 1 5494.53824
69.8000 1 6197.08416
69.9000 1 5190.4512
70.0000 1 7088.37376
70.1000 1 4823.4496
70.2000 1 4477.41952
70.3000 1 6857.68704
70.4000 1 5798.62528
70.5000 1 5484.05248
70.6000 1 6018.82624
70.7000 1 5242.88
70.8000 1 4540.33408
70.9000 1 5725.22496
71.0000 1 6008.34048
71.1000 1 5242.88
71.2000 1 6134.1696
71.3000 1 3911.18848
71.4000 1 5211.42272
71.5000 1 6585.05728
71.6000 1 5211.42272
71.7000 1 5221.90848
71.8000 1 7790.91968
71.9000 1 6134.1696
72.0000 1 4718.592
72.1000 1 6144.65536
72.2000 1 6029.312
72.3000 1 4854.90688
72.4000 1 6322.91328
72.5000 1 5777.65376
72.6000 1 4896.84992
72.7000 1 5714.7392
72.8000 1 4424.99072
72.9000 1 4645.19168
73.0000 1 7476.34688
73.1000 1 5557.4528
73.2000 1 5064.62208
73.3000 1 6312.42752
73.4000 1 6113.19808
73.5000 1 4404.0192
73.6000 1 6249.51296
73.7000 1 6836.71552
73.8000 1 6375.34208
73.9000 1 5651.82464
74.0000 1 6291.456
74.1000 1 6218.05568
74.2000 1 5106.56512
74.3000 1 5452.5952
74.4000 1 7014.97344
74.5000 1 5263.85152
74.6000 1 5033.1648
74.7000 1 7832.86272
74.8000 1 5012.19328
74.9000 1 4404.0192
75.0000 1 7287.6032
75.1000 1 5001.70752
75.2000 1 4445.96224
75.3000 1 6836.71552
75.4000 1 5484.05248
75.5000 1 4141.8752
75.6000 1 5651.82464
75.7000 1 6113.19808
75.8000 1 5599.39584
75.9000 1 7077.888
76.0000 1 6207.56992
76.1000 1 4771.0208
76.2000 1 6249.51296
76.3000 1 6962.54464
76.4000 1 5253.36576
76.5000 1 5138.0224
76.6000 1 6857.68704
76.7000 1 5861.53984
76.8000 1 5358.22336
76.9000 1 5882.51136
77.0000 1 6050.28352
77.1000 1 4886.36416
77.2000 1 6280.97024
77.3000 1 6868.1728
77.4000 1 5138.0224
77.5000 1 5242.88
77.6000 1 5672.79616
77.7000 1 5651.82464
77.8000 1 4582.27712
77.9000 1 7476.34688
78.0000 1 4833.93536
78.1000 1 4372.56192
78.2000 1 5588.91008
78.3000 1 5410.65216
78.4000 1 5872.0256
78.5000 1 5463.08096
78.6000 1 5819.5968
78.7000 1 5473.56672
78.8000 1 5232.39424
78.9000 1 5578.42432
79.0000 1 6239.0272
79.1000 1 7214.20288
79.2000 1 5295.3088
79.3000 1 4739.56352
79.4000 1 6679.42912
79.5000 1 5945.42592
79.6000 1 5756.68224
79.7000 1 6008.34048
79.8000 1 5389.68064
79.9000 1 4687.13472
80.0000 1 5872.0256
80.1000 1 5347.7376
80.2000 1 5221.90848
80.3000 1 6994.00192
80.4000 1 5830.08256
80.5000 1 4362.07616
80.6000 1 6459.22816
80.7000 1 5861.53984
80.8000 1 6197.08416
80.9000 1 5620.36736
81.0000 1 5840.56832
81.1000 1 4414.50496
81.2000 1 5662.3104
81.3000 1 5033.1648
81.4000 1 5054.13632
81.5000 1 6710.8864
81.6000 1 5735.71072
81.7000 1 6071.25504
81.8000 1 6071.25504
81.9000 1 6910.11584
82.0000 1 4194.304
82.1000 1 5851.05408
82.2000 1 7109.34528
82.3000 1 6333.39904
82.4000 1 4865.39264
82.5000 1 5567.93856
82.6000 1 6081.7408
82.7000 1 4456.448
82.8000 1 6249.51296
82.9000 1 6889.14432
83.0000 1 4781.50656
83.1000 1 5085.5936
83.2000 1 7130.3168
83.3000 1 5777.65376
83.4000 1 5830.08256
83.5000 1 5735.71072
83.6000 1 5347.7376
83.7000 1 4362.07616
83.8000 1 5777.65376
83.9000 1 4257.21856
84.0000 1 6102.71232
84.1000 1 4907.33568
84.2000 1 4666.1632
84.3000 1 7172.25984
84.4000 1 5955.91168
84.5000 1 4886.36416
84.6000 1 5830.08256
84.7000 1 6092.22656
84.8000 1 5798.62528
84.9000 1 4907.33568
85.0000 1 6113.19808
85.1000 1 5484.05248
85.2000 1 5242.88
85.3000 1 6102.71232
85.4000 1 5599.39584
85.5000 1 5347.7376
85.6000 1 6647.97184
85.7000 1 5106.56512
85.8000 1 4865.39264
85.9000 1 6752.82944
86.0000 1 5630.85312
86.1000 1 5305.79456
86.2000 1 6606.0288
86.3000 1 5096.07936
86.4000 1 5578.42432
86.5000 1 6312.42752
86.6000 1 5525.99552
86.7000 1 5274.33728
86.8000 1 6406.79936
86.9000 1 5725.22496
87.0000 1 5442.10944
87.1000 1 5620.36736
87.2000 1 6039.79776
87.3000 1 5096.07936
87.4000 1 5641.33888
87.5000 1 6134.1696
87.6000 1 5064.62208
87.7000 1 5599.39584
87.8000 1 6595.54304
87.9000 1 5484.05248
88.0000 1 5620.36736
88.1000 1 6731.85792
88.2000 1 5064.62208
88.3000 1 5379.19488
88.4000 1 6427.77088
88.5000 1 5546.96704
88.6000 1 5337.25184
88.7000 1 6354.37056
88.8000 1 5588.91008
88.9000 1 4320.13312
89.0000 1 5725.22496
89.1000 1 4414.50496
89.2000 1 5190.4512
89.3000 1 5557.4528
89.4000 1 5054.13632
89.5000 1 6176.11264
89.6000 1 6826.22976
89.7000 1 4603.24864
89.8000 1 5326.76608
89.9000 1 6448.7424
90.0000 1 5138.0224
90.1000 1 5525.99552
90.2000 1 6868.1728
90.3000 1 5651.82464
90.4000 1 4624.22016
90.5000 1 5588.91008
90.6000 1 5253.36576
90.7000 1 5085.5936
90.8000 1 6606.0288
90.9000 1 5463.08096
91.0000 1 4833.93536
91.1000 1 6270.48448
91.2000 1 5536.48128
91.3000 1 5599.39584
91.4000 1 5861.53984
91.5000 1 4865.39264
91.6000 1 5337.25184
91.7000 1 7759.4624
91.8000 1 5777.65376
91.9000 1 4278.19008
92.0000 1 5494.53824
92.1000 1 4844.42112
92.2000 1 5609.8816
92.3000 1 7549.7472
92.4000 1 5662.3104
92.5000 1 5400.1664
92.6000 1 5714.7392
92.7000 1 6249.51296
92.8000 1 6322.91328
92.9000 1 5777.65376
93.0000 1 6239.0272
93.1000 1 5463.08096
93.2000 1 5693.76768
93.3000 1 6689.91488
93.4000 1 5106.56512
93.5000 1 6301.94176
93.6000 1 6259.99872
93.7000 1 7014.97344
93.8000 1 4519.36256
93.9000 1 4456.448
94.0000 1 6071.25504
94.1000 1 6291.456
94.2000 1 5075.10784
94.3000 1 7549.7472
94.4000 1 5714.7392
94.5000 1 6354.37056
94.6000 1 5851.05408
94.7000 1 6899.63008
94.8000 1 4771.0208
94.9000 1 5788.13952
95.0000 1 6585.05728
95.1000 1 6165.62688
95.2000 1 5127.53664
95.3000 1 5368.70912
95.4000 1 5567.93856
95.5000 1 6396.3136
95.6000 1 5379.19488
95.7000 1 7476.34688
95.8000 1 4414.50496
95.9000 1 4750.04928
96.0000 1 7371.48928
96.1000 1 5022.67904
96.2000 1 5976.8832
96.3000 1 6385.82784
96.4000 1 5788.13952
96.5000 1 5421.13792
96.6000 1 5777.65376
96.7000 1 7172.25984
96.8000 1 6322.91328
96.9000 1 5368.70912
97.0000 1 6081.7408
97.1000 1 6857.68704
97.2000 1 6438.25664
97.3000 1 4330.61888
97.4000 1 5400.1664
97.5000 1 4928.3072
97.6000 1 5567.93856
97.7000 1 5001.70752
97.8000 1 4729.07776
97.9000 1 7025.4592
98.0000 1 7046.43072
98.1000 1 5326.76608
98.2000 1 4687.13472
98.3000 1 6280.97024
98.4000 1 5809.11104
98.5000 1 5903.48288
98.6000 1 6721.37216
98.7000 1 6228.54144
98.8000 1 5358.22336
98.9000 1 6134.1696
99.0000 1 6826.22976
99.1000 1 5693.76768
99.2000 1 5662.3104
99.3000 1 5725.22496
99.4000 1 6218.05568
99.5000 1 6312.42752
99.6000 1 5200.93696
99.7000 1 7298.08896
99.8000 1 5588.91008
99.9000 1 4896.84992
100.0000 1 6784.28672
100.1000 1 5641.33888
100.2000 1 4708.10624
100.3000 1 6165.62688
100.4000 1 5588.91008
100.5000 1 6155.14112
100.6000 1 5630.85312
100.7000 1 7780.43392
100.8000 1 5043.65056
100.9000 1 5662.3104
101.0000 1 6301.94176
101.1000 1 5200.93696
101.2000 1 5567.93856
101.3000 1 6102.71232
101.4000 1 6186.5984
101.5000 1 5473.56672
101.6000 1 5001.70752
101.7000 1 7612.66176
101.8000 1 5085.5936
101.9000 1 5987.36896
102.0000 1 6469.71392
102.1000 1 5913.96864
102.2000 1 5599.39584
102.3000 1 6396.3136
102.4000 1 6259.99872
102.5000 1 4980.736
102.6000 1 6385.82784
102.7000 1 6354.37056
102.8000 1 6836.71552
102.9000 1 5641.33888
103.0000 1 6218.05568
103.1000 1 6459.22816
103.2000 1 6490.68544
103.3000 1 5599.39584
103.4000 1 4676.64896
103.5000 1 6627.00032
103.6000 1 6165.62688
103.7000 1 4802.47808
103.8000 1 5662.3104
103.9000 1 5358.22336
104.0000 1 6322.91328
104.1000 1 6291.456
104.2000 1 5452.5952
104.3000 1 6406.79936
104.4000 1 5494.53824
104.5000 1 5169.47968
104.6000 1 5536.48128
104.7000 1 5704.25344
104.8000 1 5882.51136
104.9000 1 5253.36576
105.0000 1 5945.42592
105.1000 1 6501.1712
105.2000 1 5494.53824
105.3000 1 6081.7408
105.4000 1 6627.00032
105.5000 1 5001.70752
105.6000 1 5379.19488
105.7000 1 6920.6016
105.8000 1 5955.91168
105.9000 1 5662.3104
106.0000 1 5326.76608
106.1000 1 6941.57312
106.2000 1 4949.27872
106.3000 1 4980.736
106.4000 1 6427.77088
106.5000 1 4320.13312
106.6000 1 5725.22496
106.7000 1 5190.4512
106.8000 1 4131.38944
106.9000 1 5588.91008
107.0000 1 3974.10304
107.1000 1 5033.1648
107.2000 1 4582.27712
107.3000 1 5022.67904
107.4000 1 4791.99232
107.5000 1 4634.70592
107.6000 1 6459.22816
107.7000 1 4760.53504
107.8000 1 5746.19648
107.9000 1 7119.83104
108.0000 1 6448.7424
108.1000 1 4750.04928
108.2000 1 6176.11264
108.3000 1 6826.22976
108.4000 1 6029.312
108.5000 1 4959.76448
108.6000 1 6721.37216
108.7000 1 5851.05408
108.8000 1 5012.19328
108.9000 1 5494.53824
109.0000 1 4057.98912
109.1000 1 4781.50656
109.2000 1 4739.56352
109.3000 1 4760.53504
109.4000 1 5976.8832
109.5000 1 4351.5904
109.6000 1 5127.53664
109.7000 1 4865.39264
109.8000 1 4928.3072
109.9000 1 4823.4496
110.0000 1 4645.19168
110.1000 1 5767.168
110.2000 1 3795.84512
110.3000 1 4812.96384
110.4000 1 5630.85312
110.5000 1 3732.93056
110.6000 1 5913.96864
110.7000 1 4445.96224
110.8000 1 4886.36416
110.9000 1 4938.79296
111.0000 1 4215.27552
111.1000 1 4393.53344
111.2000 1 3795.84512
111.3000 1 4676.64896
111.4000 1 3628.07296
111.5000 1 6721.37216
111.6000 1 5452.5952
111.7000 1 5410.65216
111.8000 1 6910.11584
111.9000 1 5295.3088
112.0000 1 5683.28192
112.1000 1 6469.71392
112.2000 1 6218.05568
112.3000 1 5337.25184
112.4000 1 5200.93696
112.5000 1 6920.6016
112.6000 1 5588.91008
112.7000 1 5221.90848
112.8000 1 6438.25664
112.9000 1 5651.82464
113.0000 1 5861.53984
113.1000 1 6259.99872
113.2000 1 5788.13952
113.3000 1 5693.76768
113.4000 1 5190.4512
113.5000 1 6920.6016
113.6000 1 5452.5952
113.7000 1 5389.68064
113.8000 1 7046.43072
113.9000 1 5368.70912
114.0000 1 5379.19488
114.1000 1 6291.456
114.2000 1 6165.62688
114.3000 1 5588.91008
114.4000 1 5662.3104
114.5000 1 6459.22816
114.6000 1 5557.4528
114.7000 1 5735.71072
114.8000 1 6396.3136
114.9000 1 5735.71072
115.0000 1 5798.62528
115.1000 1 5484.05248
115.2000 1 4519.36256
115.3000 1 4697.62048
115.4000 1 5305.79456
115.5000 1 4330.61888
115.6000 1 5620.36736
115.7000 1 4309.64736
115.8000 1 4886.36416
115.9000 1 6144.65536
116.0000 1 5777.65376
116.1000 1 4896.84992
116.2000 1 7665.09056
116.3000 1 6343.8848
116.4000 1 5913.96864
116.5000 1 5274.33728
116.6000 1 6595.54304
116.7000 1 5158.99392
116.8000 1 5284.82304
116.9000 1 6952.05888
117.0000 1 5725.22496
117.1000 1 5054.13632
117.2000 1 7109.34528
117.3000 1 6165.62688
117.4000 1 6469.71392
117.5000 1 4938.79296
117.6000 1 6710.8864
117.7000 1 4529.84832
117.8000 1 5421.13792
117.9000 1 7497.3184
118.0000 1 5022.67904
118.1000 1 6239.0272
118.2000 1 5609.8816
118.3000 1 7633.63328
118.4000 1 6322.91328
118.5000 1 5693.76768
118.6000 1 5599.39584
118.7000 1 7235.1744
118.8000 1 6448.7424
118.9000 1 4771.0208
119.0000 1 6113.19808
119.1000 1 4456.448
119.2000 1 4445.96224
119.3000 1 6574.57152
119.4000 1 4257.21856
119.5000 1 5242.88
119.6000 1 4886.36416
119.7000 1 4655.67744
119.8000 1 5525.99552
119.9000 1 5001.70752
120.0000 1 5861.53984
120.1000 1 4613.7344
120.2000 1 4173.33248
120.3000 1 5117.05088
120.4000 1 4582.27712
120.5000 1 5379.19488
120.6000 1 4980.736
120.7000 1 4655.67744
120.8000 1 5609.8816
120.9000 1 5054.13632
121.0000 1 6144.65536
121.1000 1 6794.77248
121.2000 1 5190.4512
121.3000 1 5620.36736
121.4000 1 7413.43232
121.5000 1 5064.62208
121.6000 1 5767.168
121.7000 1 5934.94016
121.8000 1 6081.7408
121.9000 1 5830.08256
122.0000 1 5735.71072
122.1000 1 7591.69024
122.2000 1 6490.68544
122.3000 1 5001.70752
122.4000 1 6417.28512
122.5000 1 7224.68864
122.6000 1 5138.0224
122.7000 1 5515.50976
122.8000 1 6134.1696
122.9000 1 6396.3136
123.0000 1 4802.47808
123.1000 1 6165.62688
123.2000 1 7570.71872
123.3000 1 6186.5984
123.4000 1 5809.11104
123.5000 1 6092.22656
123.6000 1 6312.42752
123.7000 1 6301.94176
123.8000 1 5997.85472
123.9000 1 5421.13792
124.0000 1 6836.71552
124.1000 1 6123.68384
124.2000 1 4949.27872
124.3000 1 7256.14592
124.4000 1 5337.25184
124.5000 1 6228.54144
124.6000 1 6417.28512
124.7000 1 6280.97024
124.8000 1 6322.91328
124.9000 1 5463.08096
125.0000 1 6354.37056
125.1000 1 6186.5984
125.2000 1 6322.91328
125.3000 1 6259.99872
125.4000 1 6354.37056
125.5000 1 6218.05568
125.6000 1 5777.65376
125.7000 1 4666.1632
125.8000 1 7843.34848
125.9000 1 5431.62368
126.0000 1 6469.71392
126.1000 1 4928.3072
126.2000 1 7717.51936
126.3000 1 5536.48128
126.4000 1 6385.82784
126.5000 1 5484.05248
126.6000 1 6144.65536
126.7000 1 4854.90688
126.8000 1 6469.71392
126.9000 1 7067.40224
127.0000 1 6301.94176
127.1000 1 5200.93696
127.2000 1 5903.48288
127.3000 1 5211.42272
127.4000 1 4991.22176
127.5000 1 5305.79456
127.6000 1 4854.90688
127.7000 1 6469.71392
127.8000 1 6637.48608
127.9000 1 5190.4512
128.0000 1 5221.90848
128.1000 1 6511.65696
128.2000 1 5536.48128
128.3000 1 4267.70432
128.4000 1 6616.51456
128.5000 1 4456.448
128.6000 1 5043.65056
128.7000 1 6018.82624
128.8000 1 5085.5936
128.9000 1 4907.33568
129.0000 1 6668.94336
129.1000 1 6427.77088
129.2000 1 6417.28512
129.3000 1 5546.96704
129.4000 1 7035.94496
129.5000 1 5169.47968
129.6000 1 5955.91168
129.7000 1 7056.91648
129.8000 1 6973.0304
129.9000 1 5242.88
130.0000 1 6333.39904
130.1000 1 6511.65696
130.2000 1 6144.65536
130.3000 1 6364.85632
130.4000 1 4624.22016
130.5000 1 6731.85792
130.6000 1 4320.13312
130.7000 1 5442.10944
130.8000 1 5305.79456
130.9000 1 5096.07936
131.0000 1 6364.85632
131.1000 1 3942.64576
131.2000 1 4886.36416
131.3000 1 6165.62688
131.4000 1 4152.36096
131.5000 1 5934.94016
131.6000 1 5693.76768
131.7000 1 5054.13632
131.8000 1 5515.50976
131.9000 1 4907.33568
132.0000 1 4582.27712
132.1000 1 6417.28512
132.2000 1 4676.64896
132.3000 1 5033.1648
132.4000 1 5651.82464
132.5000 1 4183.81824
132.6000 1 5746.19648
132.7000 1 5505.024
132.8000 1 6280.97024
132.9000 1 6102.71232
133.0000 1 6018.82624
133.1000 1 5400.1664
133.2000 1 5431.62368
133.3000 1 7444.8896
133.4000 1 6176.11264
133.5000 1 5913.96864
133.6000 1 6092.22656
133.7000 1 7728.00512
133.8000 1 5148.50816
133.9000 1 5588.91008
134.0000 1 6249.51296
134.1000 1 7172.25984
134.2000 1 5075.10784
134.3000 1 6417.28512
134.4000 1 6438.25664
134.5000 1 5840.56832
134.6000 1 5830.08256
134.7000 1 5966.39744
134.8000 1 7067.40224
134.9000 1 6259.99872
135.0000 1 6406.79936
135.1000 1 5200.93696
135.2000 1 6270.48448
135.3000 1 5148.50816
135.4000 1 5851.05408
135.5000 1 7256.14592
135.6000 1 6574.57152
135.7000 1 4980.736
135.8000 1 5190.4512
135.9000 1 7486.83264
136.0000 1 6354.37056
136.1000 1 5683.28192
136.2000 1 5557.4528
136.3000 1 5253.36576
136.4000 1 5043.65056
136.5000 1 6490.68544
136.6000 1 6207.56992
136.7000 1 6364.85632
136.8000 1 5148.50816
136.9000 1 7361.00352
137.0000 1 6123.68384
137.1000 1 6385.82784
137.2000 1 5127.53664
137.3000 1 7644.11904
137.4000 1 6343.8848
137.5000 1 5976.8832
137.6000 1 5505.024
137.7000 1 7350.51776
137.8000 1 5326.76608
137.9000 1 6375.34208
138.0000 1 6333.39904
138.1000 1 7109.34528
138.2000 1 5798.62528
138.3000 1 6134.1696
138.4000 1 5138.0224
138.5000 1 7707.0336
138.6000 1 6417.28512
138.7000 1 5536.48128
138.8000 1 5588.91008
138.9000 1 7413.43232
139.0000 1 5158.99392
139.1000 1 5767.168
139.2000 1 6417.28512
139.3000 1 6113.19808
139.4000 1 4886.36416
139.5000 1 5746.19648
139.6000 1 6931.08736
139.7000 1 6301.94176
139.8000 1 5672.79616
139.9000 1 6291.456
140.0000 1 7056.91648
140.1000 1 6459.22816
140.2000 1 5127.53664
140.3000 1 6385.82784
140.4000 1 6679.42912
140.5000 1 5431.62368
140.6000 1 5672.79616
140.7000 1 7434.40384
140.8000 1 5473.56672
140.9000 1 6186.5984
141.0000 1 5651.82464
141.1000 1 7098.85952
141.2000 1 5892.99712
141.3000 1 6239.0272
141.4000 1 6029.312
141.5000 1 6857.68704
141.6000 1 6197.08416
141.7000 1 6396.3136
141.8000 1 5452.5952
141.9000 1 6868.1728
142.0000 1 6427.77088
142.1000 1 5567.93856
142.2000 1 5851.05408
142.3000 1 7046.43072
142.4000 1 5588.91008
142.5000 1 6333.39904
142.6000 1 6207.56992
142.7000 1 5106.56512
142.8000 1 6375.34208
142.9000 1 5651.82464
143.0000 1 7570.71872
143.1000 1 5117.05088
143.2000 1 6354.37056
143.3000 1 5746.19648
143.4000 1 6564.08576
143.5000 1 5033.1648
143.6000 1 5169.47968
143.7000 1 7025.4592
143.8000 1 6354.37056
143.9000 1 6585.05728
144.0000 1 5253.36576
144.1000 1 7486.83264
144.2000 1 5546.96704
144.3000 1 6543.11424
144.4000 1 5567.93856
144.5000 1 4760.53504
144.6000 1 3565.1584
144.7000 1 5158.99392
144.8000 1 4812.96384
144.9000 1 5117.05088
145.0000 1 4529.84832
145.1000 1 5557.4528
145.2000 1 4592.76288
145.3000 1 4624.22016
145.4000 1 5830.08256
145.5000 1 4812.96384
145.6000 1 4949.27872
145.7000 1 4519.36256
145.8000 1 4225.76128
145.9000 1 5704.25344
146.0000 1 4875.8784
146.1000 1 5242.88
146.2000 1 4299.1616
146.3000 1 5054.13632
146.4000 1 4016.04608
146.5000 1 4320.13312
146.6000 1 4487.90528
146.7000 1 4078.96064
146.8000 1 5641.33888
146.9000 1 4844.42112
147.0000 1 5473.56672
147.1000 1 4571.79136
147.2000 1 4781.50656
147.3000 1 5819.5968
147.4000 1 3827.3024
147.5000 1 5903.48288
147.6000 1 4540.33408
147.7000 1 4760.53504
147.8000 1 4739.56352
147.9000 1 5662.3104
148.0000 1 6354.37056
148.1000 1 5851.05408
148.2000 1 5536.48128
148.3000 1 5347.7376
148.4000 1 6899.63008
148.5000 1 5536.48128
148.6000 1 5242.88
148.7000 1 6385.82784
148.8000 1 450.88768
