0.1000 1 0.0
0.2000 1 5127.53664
0.3000 1 4624.22016
0.4000 1 6501.1712
0.5000 1 5033.1648
0.6000 1 4802.47808
0.7000 1 6658.4576
0.8000 1 5033.1648
0.9000 1 4257.21856
1.0000 1 6532.62848
1.1000 1 4372.56192
1.2000 1 5704.25344
1.3000 1 4959.76448
1.4000 1 5127.53664
1.5000 1 6343.8848
1.6000 1 5064.62208
1.7000 1 4991.22176
1.8000 1 6941.57312
1.9000 1 5809.11104
2.0000 1 4886.36416
2.1000 1 6102.71232
2.2000 1 6364.85632
2.3000 1 4676.64896
2.4000 1 5714.7392
2.5000 1 5892.99712
2.6000 1 5525.99552
2.7000 1 5263.85152
2.8000 1 6459.22816
2.9000 1 4519.36256
3.0000 1 5798.62528
3.1000 1 5085.5936
3.2000 1 5022.67904
3.3000 1 6637.48608
3.4000 1 5358.22336
3.5000 1 5609.8816
3.6000 1 5777.65376
3.7000 1 6721.37216
3.8000 1 4445.96224
3.9000 1 5452.5952
4.0000 1 5651.82464
4.1000 1 4414.50496
4.2000 1 6522.14272
4.3000 1 4603.24864
4.4000 1 4645.19168
4.5000 1 6553.6
4.6000 1 5326.76608
4.7000 1 4456.448
4.8000 1 6710.8864
4.9000 1 5127.53664
5.0000 1 4582.27712
5.1000 1 6826.22976
5.2000 1 5064.62208
5.3000 1 5211.42272
5.4000 1 6354.37056
5.5000 1 4550.81984
5.6000 1 5588.91008
5.7000 1 6406.79936
5.8000 1 4571.79136
5.9000 1 5609.8816
6.0000 1 4938.79296
6.1000 1 4362.07616
6.2000 1 6836.71552
6.3000 1 5263.85152
6.4000 1 5599.39584
6.5000 1 6438.25664
6.6000 1 5022.67904
6.7000 1 4760.53504
6.8000 1 6878.65856
6.9000 1 4645.19168
7.0000 1 5190.4512
7.1000 1 6448.7424
7.2000 1 5305.79456
7.3000 1 5263.85152
7.4000 1 6501.1712
7.5000 1 4875.8784
7.6000 1 4393.53344
7.7000 1 6952.05888
7.8000 1 5200.93696
7.9000 1 5169.47968
8.0000 1 6658.4576
8.1000 1 4676.64896
8.2000 1 4823.4496
8.3000 1 6700.40064
8.4000 1 5117.05088
8.5000 1 5211.42272
8.6000 1 6847.20128
8.7000 1 4833.93536
8.8000 1 5242.88
8.9000 1 6585.05728
9.0000 1 4529.84832
9.1000 1 5232.39424
9.2000 1 6343.8848
9.3000 1 5064.62208
9.4000 1 5242.88
9.5000 1 6868.1728
9.6000 1 5431.62368
9.7000 1 4718.592
9.8000 1 6752.82944
9.9000 1 4823.4496
10.0000 1 5001.70752
10.1000 1 6490.68544
10.2000 1 4257.21856
10.3000 1 5075.10784
10.4000 1 5861.53984
10.5000 1 4435.47648
10.6000 1 6144.65536
10.7000 1 5117.05088
10.8000 1 4655.67744
10.9000 1 6721.37216
11.0000 1 4687.13472
11.1000 1 5138.0224
11.2000 1 6354.37056
11.3000 1 4456.448
11.4000 1 5463.08096
11.5000 1 6186.5984
11.6000 1 5557.4528
11.7000 1 4750.04928
11.8000 1 6606.0288
11.9000 1 5033.1648
12.0000 1 4907.33568
12.1000 1 6668.94336
12.2000 1 5138.0224
12.3000 1 4949.27872
12.4000 1 6585.05728
12.5000 1 5515.50976
12.6000 1 4645.19168
12.7000 1 5997.85472
12.8000 1 4624.22016
12.9000 1 6155.14112
13.0000 1 6092.22656
13.1000 1 5505.024
13.2000 1 5232.39424
13.3000 1 6983.51616
13.4000 1 5169.47968
13.5000 1 5337.25184
13.6000 1 6815.744
13.7000 1 5033.1648
13.8000 1 5179.96544
13.9000 1 6553.6
14.0000 1 5316.28032
14.1000 1 4676.64896
14.2000 1 6931.08736
14.3000 1 4833.93536
14.4000 1 5263.85152
14.5000 1 6899.63008
14.6000 1 5106.56512
14.7000 1 4456.448
14.8000 1 6857.68704
14.9000 1 4991.22176
15.0000 1 5473.56672
15.1000 1 6333.39904
15.2000 1 5588.91008
15.3000 1 4833.93536
15.4000 1 6637.48608
15.5000 1 5284.82304
15.6000 1 5578.42432
15.7000 1 5851.05408
15.8000 1 6186.5984
15.9000 1 5484.05248
16.0000 1 5400.1664
16.1000 1 6689.91488
16.2000 1 5085.5936
16.3000 1 4844.42112
16.4000 1 6973.0304
16.5000 1 5651.82464
16.6000 1 5169.47968
16.7000 1 6815.744
16.8000 1 5515.50976
16.9000 1 5337.25184
17.0000 1 6197.08416
17.1000 1 5043.65056
17.2000 1 4750.04928
17.3000 1 6910.11584
17.4000 1 4729.07776
17.5000 1 4299.1616
17.6000 1 6438.25664
17.7000 1 4131.38944
17.8000 1 5578.42432
17.9000 1 5620.36736
18.0000 1 4330.61888
18.1000 1 6239.0272
18.2000 1 5158.99392
18.3000 1 5379.19488
18.4000 1 6763.3152
18.5000 1 4729.07776
18.6000 1 5096.07936
18.7000 1 6490.68544
18.8000 1 4550.81984
18.9000 1 5054.13632
19.0000 1 6501.1712
19.1000 1 4162.84672
19.2000 1 5190.4512
19.3000 1 6417.28512
19.4000 1 4592.76288
19.5000 1 5746.19648
19.6000 1 6364.85632
19.7000 1 5505.024
19.8000 1 4875.8784
19.9000 1 6815.744
20.0000 1 4907.33568
20.1000 1 5033.1648
20.2000 1 6218.05568
20.3000 1 4697.62048
20.4000 1 5819.5968
20.5000 1 5001.70752
20.6000 1 4299.1616
20.7000 1 6595.54304
20.8000 1 5096.07936
20.9000 1 5043.65056
21.0000 1 6249.51296
21.1000 1 4718.592
21.2000 1 5148.50816
21.3000 1 6878.65856
21.4000 1 5620.36736
21.5000 1 5714.7392
21.6000 1 6501.1712
21.7000 1 5746.19648
21.8000 1 4603.24864
21.9000 1 6207.56992
22.0000 1 5085.5936
22.1000 1 4225.76128
22.2000 1 6207.56992
22.3000 1 5232.39424
22.4000 1 4687.13472
22.5000 1 6658.4576
22.6000 1 5148.50816
22.7000 1 4844.42112
22.8000 1 6259.99872
22.9000 1 4781.50656
23.0000 1 5714.7392
23.1000 1 6050.28352
23.2000 1 5085.5936
23.3000 1 5609.8816
23.4000 1 6742.34368
23.5000 1 5641.33888
23.6000 1 4414.50496
23.7000 1 6606.0288
23.8000 1 4299.1616
23.9000 1 5840.56832
24.0000 1 4771.0208
24.1000 1 4980.736
24.2000 1 6259.99872
24.3000 1 5284.82304
24.4000 1 5473.56672
24.5000 1 6689.91488
24.6000 1 5630.85312
24.7000 1 4582.27712
24.8000 1 6239.0272
24.9000 1 5085.5936
25.0000 1 4487.90528
25.1000 1 6941.57312
25.2000 1 4362.07616
25.3000 1 4886.36416
25.4000 1 6427.77088
25.5000 1 5337.25184
25.6000 1 5578.42432
25.7000 1 6857.68704
25.8000 1 5641.33888
25.9000 1 4634.70592
26.0000 1 6375.34208
26.1000 1 4571.79136
26.2000 1 4980.736
26.3000 1 6270.48448
26.4000 1 5379.19488
26.5000 1 5693.76768
26.6000 1 6595.54304
26.7000 1 4802.47808
26.8000 1 4729.07776
26.9000 1 6165.62688
27.0000 1 5012.19328
27.1000 1 5085.5936
27.2000 1 6197.08416
27.3000 1 4718.592
27.4000 1 5840.56832
27.5000 1 5316.28032
27.6000 1 4959.76448
27.7000 1 6417.28512
27.8000 1 5609.8816
27.9000 1 5505.024
28.0000 1 5693.76768
28.1000 1 5746.19648
28.2000 1 4687.13472
28.3000 1 6333.39904
28.4000 1 4435.47648
28.5000 1 4183.81824
28.6000 1 6469.71392
28.7000 1 5106.56512
28.8000 1 4938.79296
28.9000 1 5966.39744
29.0000 1 4466.93376
29.1000 1 6354.37056
29.2000 1 4299.1616
29.3000 1 4204.78976
29.4000 1 6249.51296
29.5000 1 4571.79136
29.6000 1 5830.08256
29.7000 1 6312.42752
29.8000 1 5599.39584
29.9000 1 5494.53824
30.0000 1 6679.42912
30.1000 1 4781.50656
30.2000 1 5609.8816
30.3000 1 6511.65696
30.4000 1 5630.85312
30.5000 1 5620.36736
30.6000 1 6354.37056
30.7000 1 5777.65376
30.8000 1 4582.27712
30.9000 1 6480.19968
31.0000 1 5148.50816
31.1000 1 4676.64896
31.2000 1 6721.37216
31.3000 1 4309.64736
31.4000 1 5043.65056
31.5000 1 6543.11424
31.6000 1 4781.50656
31.7000 1 5389.68064
31.8000 1 6406.79936
31.9000 1 5284.82304
32.0000 1 4729.07776
32.1000 1 6668.94336
32.2000 1 4697.62048
32.3000 1 5714.7392
32.4000 1 6176.11264
32.5000 1 4477.41952
32.6000 1 5305.79456
32.7000 1 5830.08256
32.8000 1 5525.99552
32.9000 1 5557.4528
33.0000 1 6847.20128
33.1000 1 4959.76448
33.2000 1 4781.50656
33.3000 1 6207.56992
33.4000 1 5138.0224
33.5000 1 5442.10944
33.6000 1 6637.48608
33.7000 1 5358.22336
33.8000 1 4823.4496
33.9000 1 7077.888
34.0000 1 5379.19488
34.1000 1 5578.42432
34.2000 1 6857.68704
34.3000 1 5400.1664
34.4000 1 5609.8816
34.5000 1 5903.48288
34.6000 1 6606.0288
34.7000 1 5578.42432
34.8000 1 4833.93536
34.9000 1 7014.97344
35.0000 1 4592.76288
35.1000 1 5106.56512
35.2000 1 6343.8848
35.3000 1 5117.05088
35.4000 1 5200.93696
35.5000 1 7088.37376
35.6000 1 5672.79616
35.7000 1 5735.71072
35.8000 1 6532.62848
35.9000 1 6270.48448
36.0000 1 5473.56672
36.1000 1 5442.10944
36.2000 1 6878.65856
36.3000 1 5484.05248
36.4000 1 5536.48128
36.5000 1 6742.34368
36.6000 1 4844.42112
36.7000 1 5305.79456
36.8000 1 6186.5984
36.9000 1 4299.1616
37.0000 1 4571.79136
37.1000 1 6427.77088
37.2000 1 5284.82304
37.3000 1 5641.33888
37.4000 1 6920.6016
37.5000 1 4666.1632
37.6000 1 4582.27712
37.7000 1 6322.91328
37.8000 1 4225.76128
37.9000 1 6218.05568
38.0000 1 5138.0224
38.1000 1 5662.3104
38.2000 1 5872.0256
38.3000 1 5494.53824
38.4000 1 4498.39104
38.5000 1 6752.82944
38.6000 1 5620.36736
38.7000 1 5567.93856
38.8000 1 5599.39584
38.9000 1 6532.62848
39.0000 1 4194.304
39.1000 1 6039.79776
39.2000 1 4802.47808
39.3000 1 4466.93376
39.4000 1 6595.54304
39.5000 1 4173.33248
39.6000 1 5096.07936
39.7000 1 6574.57152
39.8000 1 5609.8816
39.9000 1 4592.76288
40.0000 1 6312.42752
40.1000 1 5064.62208
40.2000 1 5379.19488
40.3000 1 5641.33888
40.4000 1 4435.47648
40.5000 1 6280.97024
40.6000 1 5389.68064
40.7000 1 4844.42112
40.8000 1 6742.34368
40.9000 1 5242.88
41.0000 1 5546.96704
41.1000 1 6155.14112
41.2000 1 6270.48448
41.3000 1 4718.592
41.4000 1 5788.13952
41.5000 1 5452.5952
41.6000 1 4781.50656
41.7000 1 6522.14272
41.8000 1 4854.90688
41.9000 1 4907.33568
42.0000 1 6490.68544
42.1000 1 5641.33888
42.2000 1 5463.08096
42.3000 1 6134.1696
42.4000 1 5788.13952
42.5000 1 4561.3056
42.6000 1 6385.82784
42.7000 1 5326.76608
42.8000 1 4550.81984
42.9000 1 6931.08736
43.0000 1 5452.5952
43.1000 1 5326.76608
43.2000 1 5976.8832
43.3000 1 6060.76928
43.4000 1 5117.05088
43.5000 1 5756.68224
43.6000 1 6763.3152
43.7000 1 5662.3104
43.8000 1 5138.0224
43.9000 1 6920.6016
44.0000 1 4718.592
44.1000 1 5347.7376
44.2000 1 6186.5984
44.3000 1 4991.22176
44.4000 1 5347.7376
44.5000 1 6763.3152
44.6000 1 5379.19488
44.7000 1 4288.67584
44.8000 1 6144.65536
44.9000 1 5442.10944
45.0000 1 4791.99232
45.1000 1 6952.05888
45.2000 1 4708.10624
45.3000 1 5127.53664
45.4000 1 6176.11264
45.5000 1 4624.22016
45.6000 1 5651.82464
45.7000 1 5693.76768
45.8000 1 4477.41952
45.9000 1 6564.08576
46.0000 1 5400.1664
46.1000 1 5505.024
46.2000 1 5830.08256
46.3000 1 6658.4576
46.4000 1 4257.21856
46.5000 1 5851.05408
46.6000 1 4970.25024
46.7000 1 5106.56512
46.8000 1 6700.40064
46.9000 1 5536.48128
47.0000 1 5609.8816
47.1000 1 5567.93856
47.2000 1 6113.19808
47.3000 1 5232.39424
47.4000 1 5410.65216
47.5000 1 6008.34048
47.6000 1 5746.19648
47.7000 1 5054.13632
47.8000 1 6218.05568
47.9000 1 4508.8768
48.0000 1 6018.82624
48.1000 1 5641.33888
48.2000 1 5746.19648
48.3000 1 5588.91008
48.4000 1 6931.08736
48.5000 1 4750.04928
48.6000 1 5546.96704
48.7000 1 6291.456
48.8000 1 5232.39424
48.9000 1 5368.70912
49.0000 1 6805.25824
49.1000 1 5421.13792
49.2000 1 5075.10784
49.3000 1 6973.0304
49.4000 1 4896.84992
49.5000 1 5484.05248
49.6000 1 6448.7424
49.7000 1 5924.4544
49.8000 1 5819.5968
49.9000 1 5672.79616
50.0000 1 7098.85952
50.1000 1 5400.1664
50.2000 1 4708.10624
50.3000 1 6941.57312
50.4000 1 4708.10624
50.5000 1 5148.50816
50.6000 1 6301.94176
50.7000 1 5179.96544
50.8000 1 4246.7328
50.9000 1 6343.8848
51.0000 1 4550.81984
51.1000 1 5735.71072
51.2000 1 4970.25024
51.3000 1 5158.99392
51.4000 1 6679.42912
51.5000 1 6165.62688
51.6000 1 5473.56672
51.7000 1 5127.53664
51.8000 1 6595.54304
51.9000 1 5200.93696
52.0000 1 5588.91008
52.1000 1 6815.744
52.2000 1 4791.99232
52.3000 1 5358.22336
52.4000 1 6343.8848
52.5000 1 5232.39424
52.6000 1 5169.47968
52.7000 1 6889.14432
52.8000 1 4708.10624
52.9000 1 4498.39104
53.0000 1 6396.3136
53.1000 1 5138.0224
53.2000 1 5452.5952
53.3000 1 6983.51616
53.4000 1 5609.8816
53.5000 1 4771.0208
53.6000 1 7035.94496
53.7000 1 5326.76608
53.8000 1 5064.62208
53.9000 1 6658.4576
54.0000 1 4854.90688
54.1000 1 4183.81824
54.2000 1 6134.1696
54.3000 1 4131.38944
54.4000 1 5840.56832
54.5000 1 5756.68224
54.6000 1 5609.8816
54.7000 1 5620.36736
54.8000 1 6710.8864
54.9000 1 4812.96384
55.0000 1 5232.39424
55.1000 1 6322.91328
55.2000 1 5588.91008
55.3000 1 5609.8816
55.4000 1 6270.48448
55.5000 1 5546.96704
55.6000 1 5379.19488
55.7000 1 6606.0288
55.8000 1 5473.56672
55.9000 1 4624.22016
56.0000 1 6742.34368
56.1000 1 5179.96544
56.2000 1 5064.62208
56.3000 1 6270.48448
56.4000 1 4582.27712
56.5000 1 5714.7392
56.6000 1 6280.97024
56.7000 1 4561.3056
56.8000 1 4435.47648
56.9000 1 6459.22816
57.0000 1 4645.19168
57.1000 1 5662.3104
57.2000 1 6427.77088
57.3000 1 5746.19648
57.4000 1 5609.8816
57.5000 1 6868.1728
57.6000 1 5473.56672
57.7000 1 5767.168
57.8000 1 6018.82624
57.9000 1 4655.67744
58.0000 1 5117.05088
58.1000 1 6773.80096
58.2000 1 5651.82464
58.3000 1 5221.90848
58.4000 1 6092.22656
58.5000 1 5106.56512
58.6000 1 5221.90848
58.7000 1 6490.68544
58.8000 1 5976.8832
58.9000 1 5630.85312
59.0000 1 5494.53824
59.1000 1 6375.34208
59.2000 1 5463.08096
59.3000 1 5746.19648
59.4000 1 6689.91488
59.5000 1 5400.1664
59.6000 1 5452.5952
59.7000 1 6438.25664
59.8000 1 5536.48128
59.9000 1 5106.56512
60.0000 1 6228.54144
60.1000 1 7486.83264
60.2000 1 5851.05408
60.3000 1 4341.10464
60.4000 1 6731.85792
60.5000 1 4886.36416
60.6000 1 5033.1648
60.7000 1 7161.77408
60.8000 1 4833.93536
60.9000 1 4498.39104
61.0000 1 7444.8896
61.1000 1 5788.13952
61.2000 1 5379.19488
61.3000 1 5924.4544
61.4000 1 7465.86112
61.5000 1 5179.96544
61.6000 1 5704.25344
61.7000 1 5892.99712
61.8000 1 5022.67904
61.9000 1 5872.0256
62.0000 1 5756.68224
62.1000 1 4561.3056
62.2000 1 4613.7344
62.3000 1 5263.85152
62.4000 1 4907.33568
62.5000 1 6637.48608
62.6000 1 5767.168
62.7000 1 5505.024
62.8000 1 5494.53824
62.9000 1 6721.37216
63.0000 1 5777.65376
63.1000 1 4204.78976
63.2000 1 6155.14112
63.3000 1 6417.28512
63.4000 1 4519.36256
63.5000 1 7623.14752
63.6000 1 5138.0224
63.7000 1 4393.53344
63.8000 1 7455.37536
63.9000 1 4812.96384
64.0000 1 5872.0256
64.1000 1 6354.37056
64.2000 1 6658.4576
64.3000 1 5274.33728
64.4000 1 6637.48608
64.5000 1 6364.85632
64.6000 1 4907.33568
64.7000 1 6385.82784
64.8000 1 6259.99872
64.9000 1 6417.28512
65.0000 1 5368.70912
65.1000 1 4330.61888
65.2000 1 7738.49088
65.3000 1 5945.42592
65.4000 1 5505.024
65.5000 1 6543.11424
65.6000 1 6438.25664
65.7000 1 6459.22816
65.8000 1 4802.47808
65.9000 1 6847.20128
66.0000 1 5987.36896
66.1000 1 6480.19968
66.2000 1 5431.62368
66.3000 1 7256.14592
66.4000 1 5075.10784
66.5000 1 5347.7376
66.6000 1 6343.8848
66.7000 1 7444.8896
66.8000 1 4949.27872
66.9000 1 6071.25504
67.0000 1 6637.48608
67.1000 1 6228.54144
67.2000 1 5515.50976
67.3000 1 5903.48288
67.4000 1 5788.13952
67.5000 1 5179.96544
67.6000 1 6784.28672
67.7000 1 6490.68544
67.8000 1 7151.28832
67.9000 1 5169.47968
68.0000 1 5190.4512
68.1000 1 7623.14752
68.2000 1 5515.50976
68.3000 1 6008.34048
68.4000 1 5263.85152
68.5000 1 7497.3184
68.6000 1 5777.65376
68.7000 1 4225.76128
68.8000 1 7046.43072
68.9000 1 6029.312
69.0000 1 5704.25344
69.1000 1 6763.3152
69.2000 1 6637.48608
69.3000 1 5431.62368
69.4000 1 5452.5952
69.5000 1 6427.77088
69.6000 1 6952.05888
69.7000 1 5693.76768
69.8000 1 6008.34048
69.9000 1 6511.65696
70.0000 1 5704.25344
70.1000 1 6354.37056
70.2000 1 5022.67904
70.3000 1 7088.37376
70.4000 1 5578.42432
70.5000 1 6459.22816
70.6000 1 5704.25344
70.7000 1 7277.11744
70.8000 1 6616.51456
70.9000 1 6092.22656
71.0000 1 5651.82464
71.1000 1 7853.83424
71.2000 1 5473.56672
71.3000 1 6522.14272
71.4000 1 5557.4528
71.5000 1 7581.20448
71.6000 1 6249.51296
71.7000 1 6564.08576
71.8000 1 4519.36256
71.9000 1 7822.37696
72.0000 1 6878.65856
72.1000 1 5138.0224
72.2000 1 5389.68064
72.3000 1 6627.00032
72.4000 1 5536.48128
72.5000 1 4718.592
72.6000 1 7581.20448
72.7000 1 5861.53984
72.8000 1 5588.91008
72.9000 1 6396.3136
73.0000 1 7214.20288
73.1000 1 5630.85312
73.2000 1 6364.85632
73.3000 1 4802.47808
73.4000 1 7874.80576
73.5000 1 6700.40064
73.6000 1 5295.3088
73.7000 1 5641.33888
73.8000 1 8011.12064
73.9000 1 5767.168
74.0000 1 6050.28352
74.1000 1 6658.4576
74.2000 1 6627.00032
74.3000 1 5138.0224
74.4000 1 6438.25664
74.5000 1 5305.79456
74.6000 1 7528.77568
74.7000 1 6637.48608
74.8000 1 4991.22176
74.9000 1 5892.99712
75.0000 1 5641.33888
75.1000 1 6627.00032
75.2000 1 5242.88
75.3000 1 7623.14752
75.4000 1 5903.48288
75.5000 1 6050.28352
75.6000 1 5651.82464
75.7000 1 7539.26144
75.8000 1 5672.79616
75.9000 1 6658.4576
76.0000 1 5232.39424
76.1000 1 6826.22976
76.2000 1 6595.54304
76.3000 1 5452.5952
76.4000 1 6176.11264
76.5000 1 7581.20448
76.6000 1 6721.37216
76.7000 1 5043.65056
76.8000 1 5672.79616
76.9000 1 7769.94816
77.0000 1 5840.56832
77.1000 1 5316.28032
77.2000 1 6595.54304
77.3000 1 7371.48928
77.4000 1 6553.6
77.5000 1 5431.62368
77.6000 1 5725.22496
77.7000 1 6543.11424
77.8000 1 5861.53984
77.9000 1 5085.5936
78.0000 1 6710.8864
78.1000 1 6197.08416
78.2000 1 5630.85312
78.3000 1 6375.34208
78.4000 1 6847.20128
78.5000 1 6522.14272
78.6000 1 5410.65216
78.7000 1 5704.25344
78.8000 1 6983.51616
78.9000 1 6752.82944
79.0000 1 5190.4512
79.1000 1 6312.42752
79.2000 1 7140.80256
79.3000 1 6564.08576
79.4000 1 6731.85792
79.5000 1 5253.36576
79.6000 1 6983.51616
79.7000 1 7581.20448
79.8000 1 5976.8832
79.9000 1 5567.93856
80.0000 1 6071.25504
80.1000 1 7214.20288
80.2000 1 6501.1712
80.3000 1 6805.25824
80.4000 1 6396.3136
80.5000 1 6574.57152
80.6000 1 6920.6016
80.7000 1 5347.7376
80.8000 1 5536.48128
80.9000 1 7350.51776
81.0000 1 7465.86112
81.1000 1 5463.08096
81.2000 1 6029.312
81.3000 1 6186.5984
81.4000 1 6742.34368
81.5000 1 6029.312
81.6000 1 5211.42272
81.7000 1 7088.37376
81.8000 1 7371.48928
81.9000 1 6197.08416
82.0000 1 5892.99712
82.1000 1 6689.91488
82.2000 1 7319.06048
82.3000 1 6155.14112
82.4000 1 6710.8864
82.5000 1 6239.0272
82.6000 1 6259.99872
82.7000 1 6501.1712
82.8000 1 5672.79616
82.9000 1 6375.34208
83.0000 1 6291.456
83.1000 1 6962.54464
83.2000 1 5284.82304
83.3000 1 5096.07936
83.4000 1 7738.49088
83.5000 1 5463.08096
83.6000 1 6301.94176
83.7000 1 5830.08256
83.8000 1 7151.28832
83.9000 1 6092.22656
84.0000 1 5767.168
84.1000 1 6553.6
84.2000 1 6574.57152
84.3000 1 6511.65696
84.4000 1 6291.456
84.5000 1 6113.19808
84.6000 1 6899.63008
84.7000 1 6721.37216
84.8000 1 5169.47968
84.9000 1 6616.51456
85.0000 1 6438.25664
85.1000 1 6721.37216
85.2000 1 5546.96704
85.3000 1 6060.76928
85.4000 1 6962.54464
85.5000 1 6113.19808
85.6000 1 6375.34208
85.7000 1 6637.48608
85.8000 1 6008.34048
85.9000 1 7570.71872
86.0000 1 5211.42272
86.1000 1 6448.7424
86.2000 1 6029.312
86.3000 1 6375.34208
86.4000 1 5997.85472
86.5000 1 6259.99872
86.6000 1 6343.8848
86.7000 1 6962.54464
86.8000 1 5683.28192
86.9000 1 6606.0288
87.0000 1 5892.99712
87.1000 1 6522.14272
87.2000 1 5274.33728
87.3000 1 6553.6
87.4000 1 6710.8864
87.5000 1 5326.76608
87.6000 1 5284.82304
87.7000 1 6375.34208
87.8000 1 7025.4592
87.9000 1 6207.56992
88.0000 1 6197.08416
88.1000 1 5798.62528
88.2000 1 7581.20448
88.3000 1 5599.39584
88.4000 1 6658.4576
88.5000 1 6501.1712
88.6000 1 6773.80096
88.7000 1 6144.65536
88.8000 1 5505.024
88.9000 1 6647.97184
89.0000 1 6941.57312
89.1000 1 6427.77088
89.2000 1 6165.62688
89.3000 1 5599.39584
89.4000 1 6931.08736
89.5000 1 6312.42752
89.6000 1 6679.42912
89.7000 1 5179.96544
89.8000 1 6973.0304
89.9000 1 6259.99872
90.0000 1 6333.39904
90.1000 1 6511.65696
90.2000 1 6532.62848
90.3000 1 6742.34368
90.4000 1 6595.54304
90.5000 1 6616.51456
90.6000 1 6113.19808
90.7000 1 6920.6016
90.8000 1 5819.5968
90.9000 1 6553.6
91.0000 1 5672.79616
91.1000 1 7077.888
91.2000 1 6270.48448
91.3000 1 5400.1664
91.4000 1 6165.62688
91.5000 1 7056.91648
91.6000 1 5903.48288
91.7000 1 6312.42752
91.8000 1 6784.28672
91.9000 1 6427.77088
92.0000 1 7140.80256
92.1000 1 6396.3136
92.2000 1 5211.42272
92.3000 1 6721.37216
92.4000 1 7969.1776
92.5000 1 5756.68224
92.6000 1 6218.05568
92.7000 1 6039.79776
92.8000 1 7161.77408
92.9000 1 4823.4496
93.0000 1 6280.97024
93.1000 1 5966.39744
93.2000 1 7119.83104
93.3000 1 6522.14272
93.4000 1 6616.51456
93.5000 1 6134.1696
93.6000 1 6826.22976
93.7000 1 6731.85792
93.8000 1 5242.88
93.9000 1 6574.57152
94.0000 1 6564.08576
94.1000 1 6920.6016
94.2000 1 5242.88
94.3000 1 6197.08416
94.4000 1 6710.8864
94.5000 1 6291.456
94.6000 1 5452.5952
94.7000 1 6763.3152
94.8000 1 6616.51456
94.9000 1 5274.33728
95.0000 1 6134.1696
95.1000 1 5872.0256
95.2000 1 6910.11584
95.3000 1 6417.28512
95.4000 1 5421.13792
95.5000 1 6543.11424
95.6000 1 6606.0288
95.7000 1 6396.3136
95.8000 1 5704.25344
95.9000 1 5756.68224
96.0000 1 7822.37696
96.1000 1 6658.4576
96.2000 1 5337.25184
96.3000 1 6679.42912
96.4000 1 6417.28512
96.5000 1 6060.76928
96.6000 1 5505.024
96.7000 1 5851.05408
96.8000 1 6396.3136
96.9000 1 5525.99552
97.0000 1 5746.19648
97.1000 1 7476.34688
97.2000 1 6448.7424
97.3000 1 6322.91328
97.4000 1 5305.79456
97.5000 1 7035.94496
97.6000 1 7780.43392
97.7000 1 5557.4528
97.8000 1 6291.456
97.9000 1 5955.91168
98.0000 1 7151.28832
98.1000 1 5997.85472
98.2000 1 5525.99552
98.3000 1 6532.62848
98.4000 1 7885.29152
98.5000 1 5557.4528
98.6000 1 4697.62048
98.7000 1 6511.65696
98.8000 1 6931.08736
98.9000 1 5756.68224
99.0000 1 6354.37056
99.1000 1 6039.79776
99.2000 1 7161.77408
99.3000 1 6448.7424
99.4000 1 6773.80096
99.5000 1 5085.5936
99.6000 1 8042.57792
99.7000 1 6710.8864
99.8000 1 5872.0256
99.9000 1 5777.65376
100.0000 1 6763.3152
100.1000 1 6364.85632
100.2000 1 6406.79936
100.3000 1 5200.93696
100.4000 1 7098.85952
100.5000 1 6627.00032
100.6000 1 5421.13792
100.7000 1 5966.39744
100.8000 1 7193.23136
100.9000 1 6008.34048
101.0000 1 6207.56992
101.1000 1 6113.19808
101.2000 1 6773.80096
101.3000 1 6585.05728
101.4000 1 5892.99712
101.5000 1 6375.34208
101.6000 1 6259.99872
101.7000 1 5987.36896
101.8000 1 5421.13792
101.9000 1 5368.70912
102.0000 1 7801.40544
102.1000 1 5148.50816
102.2000 1 5913.96864
102.3000 1 6270.48448
102.4000 1 6889.14432
102.5000 1 6301.94176
102.6000 1 5955.91168
102.7000 1 5966.39744
102.8000 1 6385.82784
102.9000 1 6637.48608
103.0000 1 5138.0224
103.1000 1 6973.0304
103.2000 1 7235.1744
103.3000 1 6249.51296
103.4000 1 5578.42432
103.5000 1 6532.62848
103.6000 1 7937.72032
103.7000 1 5442.10944
103.8000 1 6312.42752
103.9000 1 5882.51136
104.0000 1 7329.54624
104.1000 1 5976.8832
104.2000 1 6092.22656
104.3000 1 6060.76928
104.4000 1 7172.25984
104.5000 1 6060.76928
104.6000 1 5872.0256
104.7000 1 5599.39584
104.8000 1 6616.51456
104.9000 1 5819.5968
105.0000 1 5305.79456
105.1000 1 6585.05728
105.2000 1 6627.00032
105.3000 1 6375.34208
105.4000 1 5767.168
105.5000 1 6385.82784
105.6000 1 6784.28672
105.7000 1 5536.48128
105.8000 1 6511.65696
105.9000 1 6291.456
106.0000 1 6805.25824
106.1000 1 5096.07936
106.2000 1 6585.05728
106.3000 1 6637.48608
106.4000 1 6060.76928
106.5000 1 6543.11424
106.6000 1 5851.05408
106.7000 1 6312.42752
106.8000 1 5431.62368
106.9000 1 5106.56512
107.0000 1 6606.0288
107.1000 1 5746.19648
107.2000 1 5662.3104
107.3000 1 6532.62848
107.4000 1 6417.28512
107.5000 1 6679.42912
107.6000 1 4928.3072
107.7000 1 5861.53984
107.8000 1 6427.77088
107.9000 1 5358.22336
108.0000 1 5379.19488
108.1000 1 7948.20608
108.2000 1 6815.744
108.3000 1 5337.25184
108.4000 1 6710.8864
108.5000 1 6322.91328
108.6000 1 6543.11424
108.7000 1 5997.85472
108.8000 1 5609.8816
108.9000 1 6983.51616
109.0000 1 5976.8832
109.1000 1 5158.99392
109.2000 1 6616.51456
109.3000 1 6385.82784
109.4000 1 6658.4576
109.5000 1 5452.5952
109.6000 1 6459.22816
109.7000 1 6899.63008
109.8000 1 6081.7408
109.9000 1 6197.08416
110.0000 1 6564.08576
110.1000 1 7035.94496
110.2000 1 7014.97344
110.3000 1 5200.93696
110.4000 1 6511.65696
110.5000 1 6668.94336
110.6000 1 7738.49088
110.7000 1 5431.62368
110.8000 1 5316.28032
110.9000 1 6417.28512
111.0000 1 7801.40544
111.1000 1 6448.7424
111.2000 1 5274.33728
111.3000 1 5588.91008
111.4000 1 7591.69024
111.5000 1 5148.50816
111.6000 1 6585.05728
111.7000 1 5819.5968
111.8000 1 7224.68864
111.9000 1 6102.71232
112.0000 1 5546.96704
112.1000 1 6532.62848
112.2000 1 8021.6064
112.3000 1 5263.85152
112.4000 1 4718.592
112.5000 1 6889.14432
112.6000 1 6459.22816
112.7000 1 6427.77088
112.8000 1 5725.22496
112.9000 1 6532.62848
113.0000 1 6721.37216
113.1000 1 5337.25184
113.2000 1 5337.25184
113.3000 1 7738.49088
113.4000 1 5567.93856
113.5000 1 5525.99552
113.6000 1 6039.79776
113.7000 1 7507.80416
113.8000 1 6501.1712
113.9000 1 5211.42272
114.0000 1 5525.99552
114.1000 1 7549.7472
114.2000 1 5599.39584
114.3000 1 5882.51136
114.4000 1 6155.14112
114.5000 1 7266.63168
114.6000 1 5798.62528
114.7000 1 5064.62208
114.8000 1 7025.4592
114.9000 1 6354.37056
115.0000 1 6511.65696
115.1000 1 5840.56832
115.2000 1 6417.28512
115.3000 1 7413.43232
115.4000 1 5599.39584
115.5000 1 6364.85632
115.6000 1 6375.34208
115.7000 1 7748.97664
115.8000 1 5746.19648
115.9000 1 6522.14272
116.0000 1 6113.19808
116.1000 1 6710.8864
116.2000 1 6700.40064
116.3000 1 6396.3136
116.4000 1 5326.76608
116.5000 1 6627.00032
116.6000 1 6627.00032
116.7000 1 5295.3088
116.8000 1 6543.11424
116.9000 1 6752.82944
117.0000 1 6459.22816
117.1000 1 5798.62528
117.2000 1 5872.0256
117.3000 1 6532.62848
117.4000 1 6700.40064
117.5000 1 5043.65056
117.6000 1 6647.97184
117.7000 1 6721.37216
117.8000 1 6585.05728
117.9000 1 5788.13952
118.0000 1 5840.56832
118.1000 1 7465.86112
118.2000 1 7277.11744
118.3000 1 5400.1664
118.4000 1 6679.42912
118.5000 1 5725.22496
118.6000 1 6585.05728
118.7000 1 5788.13952
118.8000 1 6448.7424
118.9000 1 6343.8848
119.0000 1 6910.11584
119.1000 1 6637.48608
119.2000 1 5830.08256
119.3000 1 6134.1696
119.4000 1 7140.80256
119.5000 1 5326.76608
119.6000 1 5788.13952
119.7000 1 6511.65696
119.8000 1 6689.91488
119.9000 1 6606.0288
120.0000 1 6637.48608
120.1000 1 5725.22496
120.2000 1 6417.28512
120.3000 1 6186.5984
120.4000 1 6029.312
120.5000 1 6039.79776
120.6000 1 6259.99872
120.7000 1 6522.14272
120.8000 1 5253.36576
120.9000 1 7088.37376
121.0000 1 7235.1744
121.1000 1 6385.82784
121.2000 1 5452.5952
121.3000 1 6081.7408
121.4000 1 6627.00032
121.5000 1 5043.65056
121.6000 1 5232.39424
121.7000 1 7581.20448
121.8000 1 5599.39584
121.9000 1 6123.68384
122.0000 1 6165.62688
122.1000 1 7025.4592
122.2000 1 6585.05728
122.3000 1 5851.05408
122.4000 1 6060.76928
122.5000 1 7539.26144
122.6000 1 5714.7392
122.7000 1 6627.00032
122.8000 1 5117.05088
122.9000 1 7067.40224
123.0000 1 5987.36896
123.1000 1 5064.62208
123.2000 1 6606.0288
123.3000 1 7948.20608
123.4000 1 5913.96864
123.5000 1 5389.68064
123.6000 1 5861.53984
123.7000 1 7612.66176
123.8000 1 5735.71072
123.9000 1 5505.024
124.0000 1 6637.48608
124.1000 1 6952.05888
124.2000 1 6689.91488
124.3000 1 5179.96544
124.4000 1 6637.48608
124.5000 1 7361.00352
124.6000 1 5913.96864
124.7000 1 6647.97184
124.8000 1 6511.65696
124.9000 1 6134.1696
125.0000 1 7025.4592
125.1000 1 5830.08256
125.2000 1 6721.37216
125.3000 1 5599.39584
125.4000 1 7707.0336
125.5000 1 5221.90848
125.6000 1 5106.56512
125.7000 1 7130.3168
125.8000 1 6354.37056
125.9000 1 6312.42752
126.0000 1 5945.42592
126.1000 1 6501.1712
126.2000 1 6826.22976
126.3000 1 5578.42432
126.4000 1 6721.37216
126.5000 1 6343.8848
126.6000 1 7056.91648
126.7000 1 6553.6
126.8000 1 5861.53984
126.9000 1 5798.62528
127.0000 1 7455.37536
127.1000 1 5484.05248
127.2000 1 6501.1712
127.3000 1 5263.85152
127.4000 1 7014.97344
127.5000 1 6522.14272
127.6000 1 5578.42432
127.7000 1 6018.82624
127.8000 1 5463.08096
127.9000 1 5536.48128
128.0000 1 5777.65376
128.1000 1 7193.23136
128.2000 1 5567.93856
128.3000 1 6218.05568
128.4000 1 6165.62688
128.5000 1 5505.024
128.6000 1 5169.47968
128.7000 1 6092.22656
128.8000 1 5463.08096
128.9000 1 6522.14272
129.0000 1 6176.11264
129.1000 1 6857.68704
129.2000 1 5431.62368
129.3000 1 6595.54304
129.4000 1 5263.85152
129.5000 1 7046.43072
129.6000 1 6501.1712
129.7000 1 5337.25184
129.8000 1 6490.68544
129.9000 1 7707.0336
130.0000 1 6417.28512
130.1000 1 5945.42592
130.2000 1 6259.99872
130.3000 1 6501.1712
130.4000 1 5494.53824
130.5000 1 5221.90848
130.6000 1 6029.312
130.7000 1 6218.05568
130.8000 1 6123.68384
130.9000 1 5536.48128
131.0000 1 7319.06048
131.1000 1 7329.54624
131.2000 1 5274.33728
131.3000 1 6427.77088
131.4000 1 6448.7424
131.5000 1 7769.94816
131.6000 1 5274.33728
131.7000 1 5117.05088
131.8000 1 6532.62848
131.9000 1 5494.53824
132.0000 1 5851.05408
132.1000 1 6459.22816
132.2000 1 6689.91488
132.3000 1 5525.99552
132.4000 1 5389.68064
132.5000 1 6564.08576
132.6000 1 6564.08576
132.7000 1 5033.1648
132.8000 1 6459.22816
132.9000 1 6679.42912
133.0000 1 6186.5984
133.1000 1 6427.77088
133.2000 1 6773.80096
133.3000 1 5997.85472
133.4000 1 7203.71712
133.5000 1 6207.56992
133.6000 1 5242.88
133.7000 1 6375.34208
133.8000 1 6585.05728
133.9000 1 6144.65536
134.0000 1 5546.96704
134.1000 1 7077.888
134.2000 1 6731.85792
134.3000 1 6207.56992
134.4000 1 6081.7408
134.5000 1 5777.65376
134.6000 1 5274.33728
134.7000 1 5295.3088
134.8000 1 6553.6
134.9000 1 6941.57312
135.0000 1 5242.88
135.1000 1 6721.37216
135.2000 1 6228.54144
135.3000 1 6071.25504
135.4000 1 5882.51136
135.5000 1 6259.99872
135.6000 1 6752.82944
135.7000 1 6564.08576
135.8000 1 5305.79456
135.9000 1 6574.57152
136.0000 1 6784.28672
136.1000 1 6836.71552
136.2000 1 6144.65536
136.3000 1 6071.25504
136.4000 1 6165.62688
136.5000 1 6134.1696
136.6000 1 5064.62208
136.7000 1 6679.42912
136.8000 1 7056.91648
136.9000 1 5179.96544
137.0000 1 4991.22176
137.1000 1 6773.80096
137.2000 1 6459.22816
137.3000 1 6312.42752
137.4000 1 6092.22656
137.5000 1 6270.48448
137.6000 1 5934.94016
137.7000 1 5683.28192
137.8000 1 5756.68224
137.9000 1 7507.80416
138.0000 1 5295.3088
138.1000 1 5295.3088
138.2000 1 6616.51456
138.3000 1 6029.312
138.4000 1 5284.82304
138.5000 1 6616.51456
138.6000 1 6574.57152
138.7000 1 4854.90688
138.8000 1 5431.62368
138.9000 1 6836.71552
139.0000 1 6469.71392
139.1000 1 5253.36576
139.2000 1 6721.37216
139.3000 1 6438.25664
139.4000 1 6742.34368
139.5000 1 6480.19968
139.6000 1 6155.14112
139.7000 1 6060.76928
139.8000 1 7455.37536
139.9000 1 6658.4576
140.0000 1 5379.19488
140.1000 1 6522.14272
140.2000 1 7507.80416
140.3000 1 6595.54304
140.4000 1 5693.76768
140.5000 1 6480.19968
140.6000 1 6343.8848
140.7000 1 7077.888
140.8000 1 5452.5952
140.9000 1 5882.51136
141.0000 1 6773.80096
141.1000 1 6375.34208
141.2000 1 1541.40672
