0.1000 1 0.0
0.2000 1 5767.168
0.3000 1 4865.39264
0.4000 1 5966.39744
0.5000 1 6270.48448
0.6000 1 4435.47648
0.7000 1 5987.36896
0.8000 1 6197.08416
0.9000 1 5033.1648
1.0000 1 5284.82304
1.1000 1 7455.37536
1.2000 1 4739.56352
1.3000 1 4802.47808
1.4000 1 7298.08896
1.5000 1 6123.68384
1.6000 1 5368.70912
1.7000 1 6029.312
1.8000 1 5945.42592
1.9000 1 5221.90848
2.0000 1 5588.91008
2.1000 1 7025.4592
2.2000 1 4833.93536
2.3000 1 4865.39264
2.4000 1 5546.96704
2.5000 1 4037.0176
2.6000 1 6102.71232
2.7000 1 4529.84832
2.8000 1 4865.39264
2.9000 1 5714.7392
3.0000 1 4561.3056
3.1000 1 6354.37056
3.2000 1 5851.05408
3.3000 1 4655.67744
3.4000 1 6322.91328
3.5000 1 5242.88
3.6000 1 4383.04768
3.7000 1 7109.34528
3.8000 1 5840.56832
3.9000 1 4865.39264
4.0000 1 6071.25504
4.1000 1 7193.23136
4.2000 1 5232.39424
4.3000 1 4309.64736
4.4000 1 6742.34368
4.5000 1 4823.4496
4.6000 1 5106.56512
4.7000 1 6354.37056
4.8000 1 3921.67424
4.9000 1 6333.39904
5.0000 1 5662.3104
5.1000 1 4508.8768
5.2000 1 6543.11424
5.3000 1 7025.4592
5.4000 1 5861.53984
5.5000 1 5725.22496
5.6000 1 6595.54304
5.7000 1 7287.6032
5.8000 1 5400.1664
5.9000 1 5106.56512
6.0000 1 6868.1728
6.1000 1 4508.8768
6.2000 1 4236.24704
6.3000 1 6973.0304
6.4000 1 5117.05088
6.5000 1 5735.71072
6.6000 1 7392.4608
6.7000 1 6794.77248
6.8000 1 5567.93856
6.9000 1 4812.96384
7.0000 1 5924.4544
7.1000 1 4823.4496
7.2000 1 5567.93856
7.3000 1 7707.0336
7.4000 1 5662.3104
7.5000 1 4833.93536
7.6000 1 5924.4544
7.7000 1 4750.04928
7.8000 1 4571.79136
7.9000 1 7025.4592
8.0000 1 5138.0224
8.1000 1 5505.024
8.2000 1 7340.032
8.3000 1 5075.10784
8.4000 1 4739.56352
8.5000 1 5767.168
8.6000 1 6197.08416
8.7000 1 5662.3104
8.8000 1 6710.8864
8.9000 1 6490.68544
9.0000 1 6186.5984
9.1000 1 5358.22336
9.2000 1 6427.77088
9.3000 1 5588.91008
9.4000 1 5630.85312
9.5000 1 5473.56672
9.6000 1 7822.37696
9.7000 1 5127.53664
9.8000 1 5284.82304
9.9000 1 6973.0304
10.0000 1 4404.0192
10.1000 1 4120.90368
10.2000 1 8011.12064
10.3000 1 6018.82624
10.4000 1 5033.1648
10.5000 1 5735.71072
10.6000 1 5473.56672
10.7000 1 5830.08256
10.8000 1 5505.024
10.9000 1 6239.0272
11.0000 1 5609.8816
11.1000 1 5641.33888
11.2000 1 7738.49088
11.3000 1 5735.71072
11.4000 1 4404.0192
11.5000 1 5913.96864
11.6000 1 6039.79776
11.7000 1 5809.11104
11.8000 1 5578.42432
11.9000 1 6784.28672
12.0000 1 6763.3152
12.1000 1 5148.50816
12.2000 1 6396.3136
12.3000 1 5840.56832
12.4000 1 4708.10624
12.5000 1 6207.56992
12.6000 1 6270.48448
12.7000 1 5043.65056
12.8000 1 5431.62368
12.9000 1 7025.4592
13.0000 1 5158.99392
13.1000 1 5274.33728
13.2000 1 5830.08256
13.3000 1 4991.22176
13.4000 1 6616.51456
13.5000 1 6899.63008
13.6000 1 5945.42592
13.7000 1 4687.13472
13.8000 1 5788.13952
13.9000 1 5913.96864
14.0000 1 5075.10784
14.1000 1 6008.34048
14.2000 1 7014.97344
14.3000 1 4037.0176
14.4000 1 5557.4528
14.5000 1 4771.0208
14.6000 1 4351.5904
14.7000 1 7738.49088
14.8000 1 6805.25824
14.9000 1 5588.91008
15.0000 1 6039.79776
15.1000 1 6668.94336
15.2000 1 7591.69024
15.3000 1 4582.27712
15.4000 1 5651.82464
15.5000 1 7350.51776
15.6000 1 6186.5984
15.7000 1 5725.22496
15.8000 1 5211.42272
15.9000 1 5872.0256
16.0000 1 4729.07776
16.1000 1 6543.11424
16.2000 1 7686.06208
16.3000 1 6280.97024
16.4000 1 4687.13472
16.5000 1 5756.68224
16.6000 1 8021.6064
16.7000 1 5158.99392
16.8000 1 4351.5904
16.9000 1 6700.40064
17.0000 1 4718.592
17.1000 1 5620.36736
17.2000 1 6994.00192
17.3000 1 4687.13472
17.4000 1 4141.8752
17.5000 1 8042.57792
17.6000 1 5368.70912
17.7000 1 5232.39424
17.8000 1 6259.99872
17.9000 1 7497.3184
18.0000 1 5641.33888
18.1000 1 5872.0256
18.2000 1 6396.3136
18.3000 1 8063.54944
18.4000 1 5075.10784
18.5000 1 6532.62848
18.6000 1 5536.48128
18.7000 1 7644.11904
18.8000 1 5148.50816
18.9000 1 4309.64736
19.0000 1 7560.23296
19.1000 1 4844.42112
19.2000 1 4089.4464
19.3000 1 7224.68864
19.4000 1 3974.10304
19.5000 1 4959.76448
19.6000 1 5945.42592
19.7000 1 4445.96224
19.8000 1 6039.79776
19.9000 1 5263.85152
20.0000 1 6469.71392
20.1000 1 5421.13792
20.2000 1 6134.1696
20.3000 1 6459.22816
20.4000 1 5064.62208
20.5000 1 5746.19648
20.6000 1 4760.53504
20.7000 1 5735.71072
20.8000 1 6364.85632
20.9000 1 6480.19968
21.0000 1 5158.99392
21.1000 1 6731.85792
21.2000 1 6585.05728
21.3000 1 6343.8848
21.4000 1 5955.91168
21.5000 1 6081.7408
21.6000 1 4781.50656
21.7000 1 5127.53664
21.8000 1 6973.0304
21.9000 1 5588.91008
22.0000 1 4844.42112
22.1000 1 5966.39744
22.2000 1 6270.48448
22.3000 1 5337.25184
22.4000 1 5484.05248
22.5000 1 5725.22496
22.6000 1 4634.70592
22.7000 1 6375.34208
22.8000 1 6417.28512
22.9000 1 5326.76608
23.0000 1 5442.10944
23.1000 1 7581.20448
23.2000 1 4970.25024
23.3000 1 3974.10304
23.4000 1 7696.54784
23.5000 1 4886.36416
23.6000 1 5515.50976
23.7000 1 6868.1728
23.8000 1 5777.65376
23.9000 1 6710.8864
24.0000 1 4634.70592
24.1000 1 7570.71872
24.2000 1 4487.90528
24.3000 1 5693.76768
24.4000 1 6868.1728
24.5000 1 6490.68544
24.6000 1 5075.10784
24.7000 1 5421.13792
24.8000 1 7235.1744
24.9000 1 4938.79296
25.0000 1 6564.08576
25.1000 1 6322.91328
25.2000 1 7476.34688
25.3000 1 5368.70912
25.4000 1 5190.4512
25.5000 1 6375.34208
25.6000 1 6637.48608
25.7000 1 6102.71232
25.8000 1 5484.05248
25.9000 1 7518.28992
26.0000 1 5620.36736
26.1000 1 5536.48128
26.2000 1 5599.39584
26.3000 1 7570.71872
26.4000 1 5620.36736
26.5000 1 6427.77088
26.6000 1 5505.024
26.7000 1 6050.28352
26.8000 1 6459.22816
26.9000 1 4299.1616
27.0000 1 6983.51616
27.1000 1 5085.5936
27.2000 1 5620.36736
27.3000 1 6962.54464
27.4000 1 5400.1664
27.5000 1 5934.94016
27.6000 1 6585.05728
27.7000 1 6658.4576
27.8000 1 6574.57152
27.9000 1 5232.39424
28.0000 1 5892.99712
28.1000 1 6102.71232
28.2000 1 5253.36576
28.3000 1 5463.08096
28.4000 1 6134.1696
28.5000 1 4519.36256
28.6000 1 5945.42592
28.7000 1 5872.0256
28.8000 1 5630.85312
28.9000 1 5693.76768
29.0000 1 5966.39744
29.1000 1 4917.82144
29.2000 1 5620.36736
29.3000 1 7046.43072
29.4000 1 4592.76288
29.5000 1 4907.33568
29.6000 1 5546.96704
29.7000 1 5672.79616
29.8000 1 6658.4576
29.9000 1 7319.06048
30.0000 1 5714.7392
30.1000 1 5620.36736
30.2000 1 5714.7392
30.3000 1 7916.7488
30.4000 1 4508.8768
30.5000 1 4173.33248
30.6000 1 5851.05408
30.7000 1 4896.84992
30.8000 1 6511.65696
30.9000 1 6081.7408
31.0000 1 5064.62208
31.1000 1 4896.84992
31.2000 1 5599.39584
31.3000 1 4718.592
31.4000 1 6427.77088
31.5000 1 5704.25344
31.6000 1 5546.96704
31.7000 1 5620.36736
31.8000 1 5924.4544
31.9000 1 4718.592
32.0000 1 6060.76928
32.1000 1 5295.3088
32.2000 1 4959.76448
32.3000 1 6501.1712
32.4000 1 7161.77408
32.5000 1 6564.08576
32.6000 1 5043.65056
32.7000 1 6354.37056
32.8000 1 6931.08736
32.9000 1 4498.39104
33.0000 1 5389.68064
33.1000 1 7769.94816
33.2000 1 5158.99392
33.3000 1 5295.3088
33.4000 1 5756.68224
33.5000 1 5903.48288
33.6000 1 6406.79936
33.7000 1 6595.54304
33.8000 1 6815.744
33.9000 1 5620.36736
34.0000 1 6385.82784
34.1000 1 5221.90848
34.2000 1 6857.68704
34.3000 1 5557.4528
34.4000 1 4980.736
34.5000 1 6815.744
34.6000 1 6144.65536
34.7000 1 4466.93376
34.8000 1 6228.54144
34.9000 1 6616.51456
35.0000 1 6375.34208
35.1000 1 5536.48128
35.2000 1 5934.94016
35.3000 1 5148.50816
35.4000 1 4739.56352
35.5000 1 5892.99712
35.6000 1 4655.67744
35.7000 1 6197.08416
35.8000 1 5588.91008
35.9000 1 4487.90528
36.0000 1 6689.91488
36.1000 1 6375.34208
36.2000 1 4875.8784
36.3000 1 5704.25344
36.4000 1 6249.51296
36.5000 1 5179.96544
36.6000 1 5148.50816
36.7000 1 5872.0256
36.8000 1 4005.56032
36.9000 1 5725.22496
37.0000 1 4404.0192
37.1000 1 5337.25184
37.2000 1 7077.888
37.3000 1 6375.34208
37.4000 1 5148.50816
37.5000 1 6301.94176
37.6000 1 6060.76928
37.7000 1 4613.7344
37.8000 1 6092.22656
37.9000 1 4582.27712
38.0000 1 4498.39104
38.1000 1 6207.56992
38.2000 1 5284.82304
38.3000 1 6679.42912
38.4000 1 6186.5984
38.5000 1 4718.592
38.6000 1 5190.4512
38.7000 1 6385.82784
38.8000 1 5809.11104
38.9000 1 6490.68544
39.0000 1 5861.53984
39.1000 1 7444.8896
39.2000 1 5473.56672
39.3000 1 4414.50496
39.4000 1 6668.94336
39.5000 1 4047.50336
39.6000 1 4781.50656
39.7000 1 5945.42592
39.8000 1 5819.5968
39.9000 1 5840.56832
40.0000 1 7266.63168
40.1000 1 4141.8752
40.2000 1 4750.04928
40.3000 1 6836.71552
40.4000 1 5515.50976
40.5000 1 5599.39584
40.6000 1 6721.37216
40.7000 1 6742.34368
40.8000 1 6606.0288
40.9000 1 5410.65216
41.0000 1 6343.8848
41.1000 1 5358.22336
41.2000 1 4309.64736
41.3000 1 5798.62528
41.4000 1 4414.50496
41.5000 1 5326.76608
41.6000 1 7518.28992
41.7000 1 5630.85312
41.8000 1 5966.39744
41.9000 1 5955.91168
42.0000 1 7444.8896
42.1000 1 6710.8864
42.2000 1 4991.22176
42.3000 1 5987.36896
42.4000 1 5368.70912
42.5000 1 5148.50816
42.6000 1 6343.8848
42.7000 1 5221.90848
42.8000 1 5494.53824
42.9000 1 6050.28352
43.0000 1 4781.50656
43.1000 1 4833.93536
43.2000 1 6060.76928
43.3000 1 5903.48288
43.4000 1 5484.05248
43.5000 1 6039.79776
43.6000 1 5085.5936
43.7000 1 5861.53984
43.8000 1 6186.5984
43.9000 1 6176.11264
44.0000 1 5075.10784
44.1000 1 5567.93856
44.2000 1 5452.5952
44.3000 1 5473.56672
44.4000 1 5851.05408
44.5000 1 6018.82624
44.6000 1 4729.07776
44.7000 1 6322.91328
44.8000 1 5945.42592
44.9000 1 5169.47968
45.0000 1 6060.76928
45.1000 1 6606.0288
45.2000 1 4414.50496
45.3000 1 5316.28032
45.4000 1 7811.8912
45.5000 1 4750.04928
45.6000 1 4204.78976
45.7000 1 7245.66016
45.8000 1 4917.82144
45.9000 1 5536.48128
46.0000 1 7025.4592
46.1000 1 4865.39264
46.2000 1 5001.70752
46.3000 1 6994.00192
46.4000 1 7623.14752
46.5000 1 5012.19328
46.6000 1 4141.8752
46.7000 1 7497.3184
46.8000 1 4991.22176
46.9000 1 5316.28032
47.0000 1 6553.6
47.1000 1 5263.85152
47.2000 1 5557.4528
47.3000 1 6731.85792
47.4000 1 6941.57312
47.5000 1 5767.168
47.6000 1 5672.79616
47.7000 1 6742.34368
47.8000 1 5693.76768
47.9000 1 5022.67904
48.0000 1 6081.7408
48.1000 1 6249.51296
48.2000 1 4078.96064
48.3000 1 5976.8832
48.4000 1 5358.22336
48.5000 1 5588.91008
48.6000 1 6228.54144
48.7000 1 6973.0304
48.8000 1 5075.10784
48.9000 1 5840.56832
49.0000 1 7235.1744
49.1000 1 6050.28352
49.2000 1 5819.5968
49.3000 1 5945.42592
49.4000 1 5934.94016
49.5000 1 4970.25024
49.6000 1 5316.28032
49.7000 1 7874.80576
49.8000 1 5379.19488
49.9000 1 6186.5984
50.0000 1 6459.22816
50.1000 1 6343.8848
50.2000 1 5452.5952
50.3000 1 6239.0272
50.4000 1 5819.5968
50.5000 1 6354.37056
50.6000 1 5536.48128
50.7000 1 6459.22816
50.8000 1 6878.65856
50.9000 1 7014.97344
51.0000 1 4959.76448
51.1000 1 4697.62048
51.2000 1 6364.85632
51.3000 1 5190.4512
51.4000 1 5148.50816
51.5000 1 6270.48448
51.6000 1 4393.53344
51.7000 1 6071.25504
51.8000 1 5609.8816
51.9000 1 5389.68064
52.0000 1 5662.3104
52.1000 1 6616.51456
52.2000 1 5064.62208
52.3000 1 5421.13792
52.4000 1 7161.77408
52.5000 1 4823.4496
52.6000 1 5169.47968
52.7000 1 6522.14272
52.8000 1 5892.99712
52.9000 1 5903.48288
53.0000 1 6102.71232
53.1000 1 4655.67744
53.2000 1 3963.61728
53.3000 1 6039.79776
53.4000 1 3649.04448
53.5000 1 5955.91168
53.6000 1 4550.81984
53.7000 1 4949.27872
53.8000 1 6071.25504
53.9000 1 4445.96224
54.0000 1 5777.65376
54.1000 1 4582.27712
54.2000 1 4424.99072
54.3000 1 6689.91488
54.4000 1 5924.4544
54.5000 1 4739.56352
54.6000 1 6994.00192
54.7000 1 5651.82464
54.8000 1 4949.27872
54.9000 1 6616.51456
55.0000 1 4886.36416
55.1000 1 5242.88
55.2000 1 6606.0288
55.3000 1 5851.05408
55.4000 1 5421.13792
55.5000 1 5725.22496
55.6000 1 6983.51616
55.7000 1 5515.50976
55.8000 1 5368.70912
55.9000 1 6585.05728
56.0000 1 5924.4544
56.1000 1 4477.41952
56.2000 1 6333.39904
56.3000 1 5672.79616
56.4000 1 5284.82304
56.5000 1 6322.91328
56.6000 1 4571.79136
56.7000 1 5022.67904
56.8000 1 6815.744
56.9000 1 5777.65376
57.0000 1 6102.71232
57.1000 1 5190.4512
57.2000 1 6354.37056
57.3000 1 4718.592
57.4000 1 6018.82624
57.5000 1 6301.94176
57.6000 1 4802.47808
57.7000 1 5389.68064
57.8000 1 6291.456
57.9000 1 5295.3088
58.0000 1 5798.62528
58.1000 1 6847.20128
58.2000 1 5651.82464
58.3000 1 5830.08256
58.4000 1 6155.14112
58.5000 1 5620.36736
58.6000 1 5442.10944
58.7000 1 5620.36736
58.8000 1 5662.3104
58.9000 1 5809.11104
59.0000 1 5641.33888
59.1000 1 6941.57312
59.2000 1 5819.5968
59.3000 1 5704.25344
59.4000 1 6438.25664
59.5000 1 6218.05568
59.6000 1 5672.79616
59.7000 1 5274.33728
59.8000 1 6480.19968
59.9000 1 5505.024
60.0000 1 6689.91488
60.1000 1 6060.76928
60.2000 1 7004.48768
60.3000 1 5043.65056
60.4000 1 4907.33568
60.5000 1 6847.20128
60.6000 1 5872.0256
60.7000 1 4078.96064
60.8000 1 6134.1696
60.9000 1 4624.22016
61.0000 1 5809.11104
61.1000 1 5410.65216
61.2000 1 5809.11104
61.3000 1 5693.76768
61.4000 1 7214.20288
61.5000 1 4771.0208
61.6000 1 4655.67744
61.7000 1 6522.14272
61.8000 1 4875.8784
61.9000 1 5505.024
62.0000 1 6931.08736
62.1000 1 4886.36416
62.2000 1 5085.5936
62.3000 1 7885.29152
62.4000 1 5672.79616
62.5000 1 4351.5904
62.6000 1 6186.5984
62.7000 1 5882.51136
62.8000 1 5012.19328
62.9000 1 6679.42912
63.0000 1 6847.20128
63.1000 1 5767.168
63.2000 1 4771.0208
63.3000 1 6773.80096
63.4000 1 6448.7424
63.5000 1 5179.96544
63.6000 1 6113.19808
63.7000 1 7350.51776
63.8000 1 4844.42112
63.9000 1 5400.1664
64.0000 1 7476.34688
64.1000 1 6102.71232
64.2000 1 5892.99712
64.3000 1 4875.8784
64.4000 1 6752.82944
64.5000 1 4980.736
64.6000 1 6375.34208
64.7000 1 6794.77248
64.8000 1 6427.77088
64.9000 1 5872.0256
65.0000 1 5211.42272
65.1000 1 7853.83424
65.2000 1 6679.42912
65.3000 1 4938.79296
65.4000 1 5064.62208
65.5000 1 7717.51936
65.6000 1 5400.1664
65.7000 1 5557.4528
65.8000 1 6564.08576
65.9000 1 6427.77088
66.0000 1 4823.4496
66.1000 1 5525.99552
66.2000 1 7612.66176
66.3000 1 6396.3136
66.4000 1 4603.24864
66.5000 1 6018.82624
66.6000 1 5232.39424
66.7000 1 5515.50976
66.8000 1 6543.11424
66.9000 1 6679.42912
67.0000 1 4823.4496
67.1000 1 6039.79776
67.2000 1 6364.85632
67.3000 1 4613.7344
67.4000 1 4959.76448
67.5000 1 6994.00192
67.6000 1 6417.28512
67.7000 1 6627.00032
67.8000 1 5536.48128
67.9000 1 7748.97664
68.0000 1 4582.27712
68.1000 1 4802.47808
68.2000 1 6417.28512
68.3000 1 5892.99712
68.4000 1 5274.33728
68.5000 1 6092.22656
68.6000 1 5913.96864
68.7000 1 5966.39744
68.8000 1 5599.39584
68.9000 1 7591.69024
69.0000 1 6710.8864
69.1000 1 5788.13952
69.2000 1 5337.25184
69.3000 1 7014.97344
69.4000 1 6322.91328
69.5000 1 6752.82944
69.6000 1 5410.65216
69.7000 1 7130.3168
69.8000 1 4907.33568
69.9000 1 6228.54144
70.0000 1 6364.85632
70.1000 1 7895.77728
70.2000 1 5588.91008
70.3000 1 6585.05728
70.4000 1 5138.0224
70.5000 1 8011.12064
70.6000 1 5442.10944
70.7000 1 6071.25504
70.8000 1 5368.70912
70.9000 1 5672.79616
71.0000 1 4120.90368
71.1000 1 6029.312
71.2000 1 4424.99072
71.3000 1 4928.3072
71.4000 1 7979.66336
71.5000 1 4508.8768
71.6000 1 4896.84992
71.7000 1 6679.42912
71.8000 1 5683.28192
71.9000 1 6553.6
72.0000 1 6522.14272
72.1000 1 6689.91488
72.2000 1 5431.62368
72.3000 1 5903.48288
72.4000 1 6050.28352
72.5000 1 5305.79456
72.6000 1 6333.39904
72.7000 1 5211.42272
72.8000 1 7633.63328
72.9000 1 5557.4528
73.0000 1 5284.82304
73.1000 1 6658.4576
73.2000 1 6784.28672
73.3000 1 5609.8816
73.4000 1 6784.28672
73.5000 1 5976.8832
73.6000 1 7340.032
73.7000 1 5232.39424
73.8000 1 6406.79936
73.9000 1 6165.62688
74.0000 1 6994.00192
74.1000 1 5735.71072
74.2000 1 6773.80096
74.3000 1 5630.85312
74.4000 1 5400.1664
74.5000 1 6438.25664
74.6000 1 6186.5984
74.7000 1 7098.85952
74.8000 1 6396.3136
74.9000 1 4529.84832
75.0000 1 5861.53984
75.1000 1 5651.82464
75.2000 1 6574.57152
75.3000 1 5494.53824
75.4000 1 7381.97504
75.5000 1 6532.62848
75.6000 1 5211.42272
75.7000 1 6658.4576
75.8000 1 6585.05728
75.9000 1 6595.54304
76.0000 1 5704.25344
76.1000 1 5609.8816
76.2000 1 7486.83264
76.3000 1 5012.19328
76.4000 1 6270.48448
76.5000 1 6029.312
76.6000 1 7035.94496
76.7000 1 6564.08576
76.8000 1 6616.51456
76.9000 1 5012.19328
77.0000 1 7759.4624
77.1000 1 5494.53824
77.2000 1 4760.53504
77.3000 1 6480.19968
77.4000 1 7035.94496
77.5000 1 6543.11424
77.6000 1 5494.53824
77.7000 1 6312.42752
77.8000 1 6899.63008
77.9000 1 5704.25344
78.0000 1 6008.34048
78.1000 1 6018.82624
78.2000 1 6197.08416
78.3000 1 6480.19968
78.4000 1 6627.00032
78.5000 1 6102.71232
78.6000 1 6134.1696
78.7000 1 4959.76448
78.8000 1 5609.8816
78.9000 1 5620.36736
79.0000 1 4393.53344
79.1000 1 5851.05408
79.2000 1 3911.18848
79.3000 1 5400.1664
79.4000 1 6689.91488
79.5000 1 5872.0256
79.6000 1 5431.62368
79.7000 1 7140.80256
79.8000 1 6060.76928
79.9000 1 5106.56512
80.0000 1 5557.4528
80.1000 1 7665.09056
80.2000 1 5347.7376
80.3000 1 6574.57152
80.4000 1 6270.48448
80.5000 1 7298.08896
80.6000 1 4645.19168
80.7000 1 5599.39584
80.8000 1 6878.65856
80.9000 1 5630.85312
81.0000 1 5054.13632
81.1000 1 6627.00032
81.2000 1 7927.23456
81.3000 1 5169.47968
81.4000 1 4865.39264
81.5000 1 6668.94336
81.6000 1 6165.62688
81.7000 1 4351.5904
81.8000 1 6113.19808
81.9000 1 5662.3104
82.0000 1 6668.94336
82.1000 1 5022.67904
82.2000 1 5882.51136
82.3000 1 6239.0272
82.4000 1 6291.456
82.5000 1 6312.42752
82.6000 1 5966.39744
82.7000 1 4739.56352
82.8000 1 6060.76928
82.9000 1 6501.1712
83.0000 1 5484.05248
83.1000 1 6616.51456
83.2000 1 6490.68544
83.3000 1 6039.79776
83.4000 1 5169.47968
83.5000 1 6742.34368
83.6000 1 6585.05728
83.7000 1 6710.8864
83.8000 1 5138.0224
83.9000 1 5609.8816
84.0000 1 7518.28992
84.1000 1 5295.3088
84.2000 1 6616.51456
84.3000 1 5735.71072
84.4000 1 6448.7424
84.5000 1 6595.54304
84.6000 1 6585.05728
84.7000 1 5452.5952
84.8000 1 5872.0256
84.9000 1 5295.3088
85.0000 1 5662.3104
85.1000 1 7256.14592
85.2000 1 5872.0256
85.3000 1 5945.42592
85.4000 1 6427.77088
85.5000 1 8032.09216
85.6000 1 5305.79456
85.7000 1 6564.08576
85.8000 1 5536.48128
85.9000 1 7738.49088
86.0000 1 5777.65376
86.1000 1 4739.56352
86.2000 1 6249.51296
86.3000 1 5683.28192
86.4000 1 5872.0256
86.5000 1 5221.90848
86.6000 1 6197.08416
86.7000 1 6522.14272
86.8000 1 5463.08096
86.9000 1 6931.08736
87.0000 1 7361.00352
87.1000 1 5400.1664
87.2000 1 5798.62528
87.3000 1 6637.48608
87.4000 1 5966.39744
87.5000 1 5138.0224
87.6000 1 6249.51296
87.7000 1 7067.40224
87.8000 1 6155.14112
87.9000 1 5683.28192
88.0000 1 5651.82464
88.1000 1 6522.14272
88.2000 1 6522.14272
88.3000 1 5221.90848
88.4000 1 6375.34208
88.5000 1 6637.48608
88.6000 1 5326.76608
88.7000 1 6071.25504
88.8000 1 5987.36896
88.9000 1 4949.27872
89.0000 1 5872.0256
89.1000 1 7077.888
89.2000 1 4875.8784
89.3000 1 4781.50656
89.4000 1 6522.14272
89.5000 1 6574.57152
89.6000 1 6595.54304
89.7000 1 5903.48288
89.8000 1 7130.3168
89.9000 1 6773.80096
90.0000 1 6637.48608
90.1000 1 4833.93536
90.2000 1 6847.20128
90.3000 1 6186.5984
90.4000 1 5127.53664
90.5000 1 6490.68544
90.6000 1 6113.19808
90.7000 1 5840.56832
90.8000 1 5232.39424
90.9000 1 6459.22816
91.0000 1 6668.94336
91.1000 1 5263.85152
91.2000 1 6501.1712
91.3000 1 6742.34368
91.4000 1 5756.68224
91.5000 1 6689.91488
91.6000 1 6627.00032
91.7000 1 6186.5984
91.8000 1 5043.65056
91.9000 1 5253.36576
92.0000 1 6815.744
92.1000 1 6396.3136
92.2000 1 6134.1696
92.3000 1 5368.70912
92.4000 1 7298.08896
92.5000 1 5127.53664
92.6000 1 5400.1664
92.7000 1 6637.48608
92.8000 1 7874.80576
92.9000 1 5662.3104
93.0000 1 5379.19488
93.1000 1 6092.22656
93.2000 1 7906.26304
93.3000 1 6564.08576
93.4000 1 5431.62368
93.5000 1 5588.91008
93.6000 1 6595.54304
93.7000 1 4896.84992
93.8000 1 5704.25344
93.9000 1 7329.54624
94.0000 1 5001.70752
94.1000 1 6543.11424
94.2000 1 5190.4512
94.3000 1 6322.91328
94.4000 1 6385.82784
94.5000 1 5232.39424
94.6000 1 7256.14592
94.7000 1 6501.1712
94.8000 1 4634.70592
94.9000 1 5567.93856
95.0000 1 7413.43232
95.1000 1 5788.13952
95.2000 1 5326.76608
95.3000 1 6595.54304
95.4000 1 6113.19808
95.5000 1 4865.39264
95.6000 1 5892.99712
95.7000 1 7361.00352
95.8000 1 5662.3104
95.9000 1 5578.42432
96.0000 1 6197.08416
96.1000 1 6637.48608
96.2000 1 5767.168
96.3000 1 5389.68064
96.4000 1 6553.6
96.5000 1 6532.62848
96.6000 1 5662.3104
96.7000 1 5735.71072
96.8000 1 7109.34528
96.9000 1 5882.51136
97.0000 1 5442.10944
97.1000 1 6689.91488
97.2000 1 5997.85472
97.3000 1 6616.51456
97.4000 1 4970.25024
97.5000 1 7570.71872
97.6000 1 6742.34368
97.7000 1 5148.50816
97.8000 1 6668.94336
97.9000 1 6585.05728
98.0000 1 7098.85952
98.1000 1 5872.0256
98.2000 1 6060.76928
98.3000 1 5882.51136
98.4000 1 4833.93536
98.5000 1 5200.93696
98.6000 1 6983.51616
98.7000 1 5987.36896
98.8000 1 6333.39904
98.9000 1 6417.28512
99.0000 1 6155.14112
99.1000 1 6595.54304
99.2000 1 5756.68224
99.3000 1 5232.39424
99.4000 1 7172.25984
99.5000 1 6291.456
99.6000 1 6448.7424
99.7000 1 5316.28032
99.8000 1 7172.25984
99.9000 1 5305.79456
100.0000 1 5284.82304
100.1000 1 6742.34368
100.2000 1 7245.66016
100.3000 1 5641.33888
100.4000 1 6480.19968
100.5000 1 5976.8832
100.6000 1 7329.54624
100.7000 1 5966.39744
100.8000 1 5777.65376
100.9000 1 6585.05728
101.0000 1 7109.34528
101.1000 1 5400.1664
101.2000 1 5851.05408
101.3000 1 6375.34208
101.4000 1 6878.65856
101.5000 1 6606.0288
101.6000 1 5672.79616
101.7000 1 5693.76768
101.8000 1 6689.91488
101.9000 1 6396.3136
102.0000 1 5452.5952
102.1000 1 6689.91488
102.2000 1 6689.91488
102.3000 1 6438.25664
102.4000 1 6249.51296
102.5000 1 5630.85312
102.6000 1 6962.54464
102.7000 1 6585.05728
102.8000 1 5127.53664
102.9000 1 6459.22816
103.0000 1 6585.05728
103.1000 1 6249.51296
103.2000 1 5033.1648
103.3000 1 7329.54624
103.4000 1 6857.68704
103.5000 1 5410.65216
103.6000 1 5274.33728
103.7000 1 7623.14752
103.8000 1 7151.28832
103.9000 1 5683.28192
104.0000 1 5987.36896
104.1000 1 6385.82784
104.2000 1 7948.20608
104.3000 1 5232.39424
104.4000 1 5609.8816
104.5000 1 6218.05568
104.6000 1 6322.91328
104.7000 1 6186.5984
104.8000 1 5578.42432
104.9000 1 6459.22816
105.0000 1 5232.39424
105.1000 1 5672.79616
105.2000 1 6501.1712
105.3000 1 6920.6016
105.4000 1 5966.39744
105.5000 1 6239.0272
105.6000 1 6008.34048
105.7000 1 7077.888
105.8000 1 6050.28352
105.9000 1 6207.56992
106.0000 1 5913.96864
106.1000 1 7340.032
106.2000 1 5117.05088
106.3000 1 6532.62848
106.4000 1 6543.11424
106.5000 1 7444.8896
106.6000 1 5788.13952
106.7000 1 6417.28512
106.8000 1 5410.65216
106.9000 1 7832.86272
107.0000 1 5295.3088
107.1000 1 6574.57152
107.2000 1 6301.94176
107.3000 1 6868.1728
107.4000 1 6627.00032
107.5000 1 6018.82624
107.6000 1 5819.5968
107.7000 1 7035.94496
107.8000 1 7591.69024
107.9000 1 5421.13792
108.0000 1 6679.42912
108.1000 1 6543.11424
108.2000 1 6752.82944
108.3000 1 6438.25664
108.4000 1 6585.05728
108.5000 1 5704.25344
108.6000 1 6427.77088
108.7000 1 6364.85632
108.8000 1 5872.0256
108.9000 1 5274.33728
109.0000 1 6627.00032
109.1000 1 5473.56672
109.2000 1 5484.05248
109.3000 1 7235.1744
109.4000 1 6668.94336
109.5000 1 5221.90848
109.6000 1 5274.33728
109.7000 1 7056.91648
109.8000 1 5410.65216
109.9000 1 5452.5952
110.0000 1 6952.05888
110.1000 1 7046.43072
110.2000 1 5358.22336
110.3000 1 5536.48128
110.4000 1 7203.71712
110.5000 1 7298.08896
110.6000 1 5358.22336
110.7000 1 6396.3136
110.8000 1 6606.0288
110.9000 1 7434.40384
111.0000 1 5662.3104
111.1000 1 6375.34208
111.2000 1 5945.42592
111.3000 1 7056.91648
111.4000 1 5452.5952
111.5000 1 6501.1712
111.6000 1 5316.28032
111.7000 1 6847.20128
111.8000 1 5725.22496
111.9000 1 5263.85152
112.0000 1 6962.54464
112.1000 1 5295.3088
112.2000 1 5358.22336
112.3000 1 6459.22816
112.4000 1 6113.19808
112.5000 1 5442.10944
112.6000 1 5924.4544
112.7000 1 6627.00032
112.8000 1 5882.51136
112.9000 1 5966.39744
113.0000 1 5997.85472
113.1000 1 6731.85792
113.2000 1 5945.42592
113.3000 1 5263.85152
113.4000 1 7077.888
113.5000 1 5578.42432
113.6000 1 5725.22496
113.7000 1 5872.0256
113.8000 1 6815.744
113.9000 1 5819.5968
114.0000 1 5809.11104
114.1000 1 6396.3136
114.2000 1 5777.65376
114.3000 1 5777.65376
114.4000 1 5903.48288
114.5000 1 6700.40064
114.6000 1 5221.90848
114.7000 1 5945.42592
114.8000 1 6480.19968
114.9000 1 5966.39744
115.0000 1 5809.11104
115.1000 1 5620.36736
115.2000 1 7130.3168
115.3000 1 5473.56672
115.4000 1 5505.024
115.5000 1 6490.68544
115.6000 1 6071.25504
115.7000 1 5809.11104
115.8000 1 5872.0256
115.9000 1 7319.06048
116.0000 1 5442.10944
116.1000 1 5809.11104
116.2000 1 5704.25344
116.3000 1 6532.62848
116.4000 1 4928.3072
116.5000 1 5305.79456
116.6000 1 6627.00032
116.7000 1 5767.168
116.8000 1 5882.51136
116.9000 1 6543.11424
117.0000 1 5400.1664
117.1000 1 5945.42592
117.2000 1 5567.93856
117.3000 1 6312.42752
117.4000 1 5421.13792
117.5000 1 5431.62368
117.6000 1 7361.00352
117.7000 1 5337.25184
117.8000 1 5934.94016
117.9000 1 6071.25504
118.0000 1 6731.85792
118.1000 1 5400.1664
118.2000 1 5924.4544
118.3000 1 7098.85952
118.4000 1 5672.79616
118.5000 1 5756.68224
118.6000 1 5934.94016
118.7000 1 6564.08576
118.8000 1 5882.51136
118.9000 1 6008.34048
119.0000 1 6050.28352
119.1000 1 6354.37056
119.2000 1 5200.93696
119.3000 1 5211.42272
119.4000 1 6448.7424
119.5000 1 5263.85152
119.6000 1 5966.39744
119.7000 1 6710.8864
119.8000 1 5693.76768
119.9000 1 5714.7392
120.0000 1 6018.82624
120.1000 1 6564.08576
120.2000 1 5882.51136
120.3000 1 5955.91168
120.4000 1 6763.3152
120.5000 1 5934.94016
120.6000 1 5767.168
120.7000 1 5221.90848
120.8000 1 6375.34208
120.9000 1 5421.13792
121.0000 1 5746.19648
121.1000 1 7088.37376
121.2000 1 5683.28192
121.3000 1 5662.3104
121.4000 1 5955.91168
121.5000 1 7182.7456
121.6000 1 5421.13792
121.7000 1 5830.08256
121.8000 1 6448.7424
121.9000 1 5735.71072
122.0000 1 5452.5952
122.1000 1 5924.4544
122.2000 1 6658.4576
122.3000 1 5767.168
122.4000 1 5505.024
122.5000 1 6857.68704
122.6000 1 5924.4544
122.7000 1 5421.13792
122.8000 1 5997.85472
122.9000 1 7109.34528
123.0000 1 5567.93856
123.1000 1 5746.19648
123.2000 1 6144.65536
123.3000 1 6511.65696
123.4000 1 5242.88
123.5000 1 5788.13952
123.6000 1 6941.57312
123.7000 1 5410.65216
123.8000 1 5525.99552
123.9000 1 6469.71392
124.0000 1 5966.39744
124.1000 1 5903.48288
124.2000 1 5630.85312
124.3000 1 6962.54464
124.4000 1 5945.42592
124.5000 1 5924.4544
124.6000 1 5557.4528
124.7000 1 7025.4592
124.8000 1 5767.168
124.9000 1 5463.08096
125.0000 1 6532.62848
125.1000 1 5872.0256
125.2000 1 5756.68224
125.3000 1 6029.312
125.4000 1 6469.71392
125.5000 1 5955.91168
125.6000 1 5347.7376
125.7000 1 6805.25824
125.8000 1 5777.65376
125.9000 1 5714.7392
126.0000 1 5693.76768
126.1000 1 6595.54304
126.2000 1 5924.4544
126.3000 1 5326.76608
126.4000 1 6511.65696
126.5000 1 5966.39744
126.6000 1 5588.91008
126.7000 1 5567.93856
126.8000 1 6144.65536
126.9000 1 5641.33888
127.0000 1 5861.53984
127.1000 1 6836.71552
127.2000 1 5725.22496
127.3000 1 5945.42592
127.4000 1 5725.22496
127.5000 1 6952.05888
127.6000 1 5672.79616
127.7000 1 5567.93856
127.8000 1 6910.11584
127.9000 1 5410.65216
128.0000 1 5620.36736
128.1000 1 6039.79776
128.2000 1 6637.48608
128.3000 1 5746.19648
128.4000 1 5777.65376
128.5000 1 6647.97184
128.6000 1 5934.94016
128.7000 1 5924.4544
128.8000 1 5347.7376
128.9000 1 6647.97184
129.0000 1 5609.8816
129.1000 1 5819.5968
129.2000 1 6616.51456
129.3000 1 5683.28192
129.4000 1 5903.48288
129.5000 1 5473.56672
129.6000 1 6574.57152
129.7000 1 5830.08256
129.8000 1 5484.05248
129.9000 1 6910.11584
130.0000 1 5892.99712
130.1000 1 5442.10944
130.2000 1 5777.65376
130.3000 1 7203.71712
130.4000 1 5987.36896
130.5000 1 5316.28032
130.6000 1 6280.97024
130.7000 1 6008.34048
130.8000 1 5578.42432
130.9000 1 5683.28192
131.0000 1 7004.48768
131.1000 1 5704.25344
131.2000 1 5882.51136
131.3000 1 6039.79776
131.4000 1 6616.51456
131.5000 1 5295.3088
131.6000 1 5840.56832
131.7000 1 7203.71712
131.8000 1 5379.19488
131.9000 1 5379.19488
132.0000 1 6102.71232
132.1000 1 5777.65376
132.2000 1 5966.39744
132.3000 1 5400.1664
132.4000 1 6815.744
132.5000 1 5746.19648
132.6000 1 5872.0256
132.7000 1 6438.25664
132.8000 1 6113.19808
132.9000 1 5274.33728
133.0000 1 5872.0256
133.1000 1 7056.91648
133.2000 1 5882.51136
133.3000 1 5284.82304
133.4000 1 6322.91328
133.5000 1 6375.34208
133.6000 1 5725.22496
133.7000 1 5599.39584
133.8000 1 6973.0304
133.9000 1 5704.25344
134.0000 1 5515.50976
134.1000 1 6060.76928
134.2000 1 6364.85632
134.3000 1 5851.05408
134.4000 1 6039.79776
134.5000 1 6469.71392
134.6000 1 6029.312
134.7000 1 5934.94016
134.8000 1 5851.05408
134.9000 1 6857.68704
135.0000 1 5525.99552
135.1000 1 5295.3088
135.2000 1 6637.48608
135.3000 1 5840.56832
135.4000 1 5358.22336
135.5000 1 5924.4544
135.6000 1 6815.744
135.7000 1 5851.05408
135.8000 1 5546.96704
135.9000 1 6700.40064
136.0000 1 5966.39744
136.1000 1 5851.05408
136.2000 1 5934.94016
136.3000 1 6847.20128
136.4000 1 5599.39584
136.5000 1 5934.94016
136.6000 1 5756.68224
136.7000 1 6731.85792
136.8000 1 5284.82304
136.9000 1 5882.51136
137.0000 1 6889.14432
137.1000 1 5410.65216
137.2000 1 5913.96864
137.3000 1 5746.19648
137.4000 1 6710.8864
137.5000 1 5494.53824
137.6000 1 5347.7376
137.7000 1 6836.71552
137.8000 1 5368.70912
137.9000 1 5945.42592
138.0000 1 6134.1696
138.1000 1 6354.37056
138.2000 1 5536.48128
138.3000 1 5200.93696
138.4000 1 6679.42912
138.5000 1 5714.7392
138.6000 1 5819.5968
138.7000 1 6616.51456
138.8000 1 5934.94016
138.9000 1 5997.85472
139.0000 1 5473.56672
139.1000 1 7151.28832
139.2000 1 5599.39584
139.3000 1 5683.28192
139.4000 1 6060.76928
139.5000 1 6700.40064
139.6000 1 5955.91168
139.7000 1 5253.36576
139.8000 1 7161.77408
139.9000 1 5484.05248
140.0000 1 5767.168
140.1000 1 5746.19648
140.2000 1 6784.28672
140.3000 1 5924.4544
140.4000 1 5326.76608
140.5000 1 6564.08576
140.6000 1 5463.08096
140.7000 1 5861.53984
140.8000 1 5798.62528
140.9000 1 6815.744
141.0000 1 6039.79776
141.1000 1 5284.82304
141.2000 1 6501.1712
141.3000 1 0.0
