0.1000 1 0.0
0.2000 1 5358.22336
0.3000 1 4257.21856
0.4000 1 6616.51456
0.5000 1 5515.50976
0.6000 1 3533.70112
0.7000 1 6658.4576
0.8000 1 4215.27552
0.9000 1 5221.90848
1.0000 1 5400.1664
1.1000 1 4120.90368
1.2000 1 6113.19808
1.3000 1 5096.07936
1.4000 1 6511.65696
1.5000 1 6197.08416
1.6000 1 6406.79936
1.7000 1 5284.82304
1.8000 1 5400.1664
1.9000 1 7748.97664
2.0000 1 4466.93376
2.1000 1 4068.47488
2.2000 1 6878.65856
2.3000 1 4802.47808
2.4000 1 5096.07936
2.5000 1 5106.56512
2.6000 1 4383.04768
2.7000 1 6805.25824
2.8000 1 6312.42752
2.9000 1 4802.47808
3.0000 1 5966.39744
3.1000 1 5043.65056
3.2000 1 4645.19168
3.3000 1 7025.4592
3.4000 1 5326.76608
3.5000 1 5358.22336
3.6000 1 6564.08576
3.7000 1 6878.65856
3.8000 1 6008.34048
3.9000 1 5096.07936
4.0000 1 6532.62848
4.1000 1 6228.54144
4.2000 1 5043.65056
4.3000 1 5505.024
4.4000 1 5106.56512
4.5000 1 4550.81984
4.6000 1 6847.20128
4.7000 1 5599.39584
4.8000 1 5169.47968
4.9000 1 6385.82784
5.0000 1 7151.28832
5.1000 1 6113.19808
5.2000 1 5693.76768
5.3000 1 5777.65376
5.4000 1 6438.25664
5.5000 1 5892.99712
5.6000 1 5274.33728
5.7000 1 7371.48928
5.8000 1 5012.19328
5.9000 1 5085.5936
6.0000 1 6574.57152
6.1000 1 6259.99872
6.2000 1 4907.33568
6.3000 1 5515.50976
6.4000 1 6658.4576
6.5000 1 4404.0192
6.6000 1 5599.39584
6.7000 1 5484.05248
6.8000 1 5976.8832
6.9000 1 5714.7392
7.0000 1 7948.20608
7.1000 1 5431.62368
7.2000 1 5075.10784
7.3000 1 6301.94176
7.4000 1 6973.0304
7.5000 1 6218.05568
7.6000 1 4729.07776
7.7000 1 7172.25984
7.8000 1 6763.3152
7.9000 1 5075.10784
8.0000 1 6218.05568
8.1000 1 6983.51616
8.2000 1 5966.39744
8.3000 1 5127.53664
8.4000 1 6595.54304
8.5000 1 6836.71552
8.6000 1 5452.5952
8.7000 1 5872.0256
8.8000 1 6543.11424
8.9000 1 6354.37056
9.0000 1 5452.5952
9.1000 1 5714.7392
9.2000 1 6742.34368
9.3000 1 4267.70432
9.4000 1 4466.93376
9.5000 1 7581.20448
9.6000 1 5253.36576
9.7000 1 4393.53344
9.8000 1 7056.91648
9.9000 1 5200.93696
10.0000 1 6123.68384
10.1000 1 6060.76928
10.2000 1 7193.23136
10.3000 1 5284.82304
10.4000 1 4414.50496
10.5000 1 8011.12064
10.6000 1 5693.76768
10.7000 1 5421.13792
10.8000 1 5861.53984
10.9000 1 6333.39904
11.0000 1 6165.62688
11.1000 1 5284.82304
11.2000 1 7245.66016
11.3000 1 5672.79616
11.4000 1 5295.3088
11.5000 1 6679.42912
11.6000 1 7444.8896
11.7000 1 4729.07776
11.8000 1 4729.07776
11.9000 1 7214.20288
12.0000 1 4561.3056
12.1000 1 4781.50656
12.2000 1 7361.00352
12.3000 1 6071.25504
12.4000 1 5735.71072
12.5000 1 5714.7392
12.6000 1 7665.09056
12.7000 1 5410.65216
12.8000 1 6501.1712
12.9000 1 5809.11104
13.0000 1 7245.66016
13.1000 1 5505.024
13.2000 1 5955.91168
13.3000 1 5442.10944
13.4000 1 7843.34848
13.5000 1 5484.05248
13.6000 1 5725.22496
13.7000 1 6501.1712
13.8000 1 6207.56992
13.9000 1 5169.47968
14.0000 1 4718.592
14.1000 1 7916.7488
14.2000 1 4760.53504
14.3000 1 5022.67904
14.4000 1 7444.8896
14.5000 1 5997.85472
14.6000 1 6071.25504
14.7000 1 5525.99552
14.8000 1 7539.26144
14.9000 1 5609.8816
15.0000 1 4687.13472
15.1000 1 6427.77088
15.2000 1 5546.96704
15.3000 1 6165.62688
15.4000 1 5054.13632
15.5000 1 7790.91968
15.6000 1 5148.50816
15.7000 1 5515.50976
15.8000 1 6647.97184
15.9000 1 6805.25824
16.0000 1 4928.3072
16.1000 1 5022.67904
16.2000 1 5567.93856
16.3000 1 5662.3104
16.4000 1 6606.0288
16.5000 1 7235.1744
16.6000 1 5284.82304
16.7000 1 5096.07936
16.8000 1 6406.79936
16.9000 1 6868.1728
17.0000 1 4844.42112
17.1000 1 5012.19328
17.2000 1 6113.19808
17.3000 1 4991.22176
17.4000 1 6668.94336
17.5000 1 6794.77248
17.6000 1 4959.76448
17.7000 1 5672.79616
17.8000 1 6668.94336
17.9000 1 6050.28352
18.0000 1 4938.79296
18.1000 1 5777.65376
18.2000 1 5546.96704
18.3000 1 4225.76128
18.4000 1 6018.82624
18.5000 1 5756.68224
18.6000 1 4718.592
18.7000 1 6784.28672
18.8000 1 5190.4512
18.9000 1 4529.84832
19.0000 1 6438.25664
19.1000 1 6522.14272
19.2000 1 5242.88
19.3000 1 5913.96864
19.4000 1 7633.63328
19.5000 1 5704.25344
19.6000 1 5767.168
19.7000 1 5987.36896
19.8000 1 6962.54464
19.9000 1 4959.76448
20.0000 1 4802.47808
20.1000 1 6501.1712
20.2000 1 4896.84992
20.3000 1 5316.28032
20.4000 1 6543.11424
20.5000 1 5179.96544
20.6000 1 5117.05088
20.7000 1 6448.7424
20.8000 1 4823.4496
20.9000 1 5851.05408
21.0000 1 6710.8864
21.1000 1 6008.34048
21.2000 1 4896.84992
21.3000 1 7025.4592
21.4000 1 4729.07776
21.5000 1 5295.3088
21.6000 1 6658.4576
21.7000 1 5347.7376
21.8000 1 5054.13632
21.9000 1 6354.37056
22.0000 1 5138.0224
22.1000 1 5253.36576
22.2000 1 6375.34208
22.3000 1 5567.93856
22.4000 1 4970.25024
22.5000 1 6218.05568
22.6000 1 5536.48128
22.7000 1 4750.04928
22.8000 1 6511.65696
22.9000 1 5179.96544
23.0000 1 5200.93696
23.1000 1 6343.8848
23.2000 1 6396.3136
23.3000 1 5033.1648
23.4000 1 5263.85152
23.5000 1 6794.77248
23.6000 1 5200.93696
23.7000 1 5431.62368
23.8000 1 6480.19968
23.9000 1 4729.07776
24.0000 1 4844.42112
24.1000 1 7109.34528
24.2000 1 5421.13792
24.3000 1 5452.5952
24.4000 1 6784.28672
24.5000 1 5389.68064
24.6000 1 5809.11104
24.7000 1 5840.56832
24.8000 1 6836.71552
24.9000 1 5976.8832
25.0000 1 6018.82624
25.1000 1 6364.85632
25.2000 1 6228.54144
25.3000 1 5263.85152
25.4000 1 5211.42272
25.5000 1 6218.05568
25.6000 1 4938.79296
25.7000 1 5851.05408
25.8000 1 7203.71712
25.9000 1 5882.51136
26.0000 1 5158.99392
26.1000 1 6553.6
26.2000 1 5484.05248
26.3000 1 4729.07776
26.4000 1 6522.14272
26.5000 1 5389.68064
26.6000 1 4802.47808
26.7000 1 6522.14272
26.8000 1 6574.57152
26.9000 1 5463.08096
27.0000 1 4687.13472
27.1000 1 7256.14592
27.2000 1 5337.25184
27.3000 1 4404.0192
27.4000 1 6375.34208
27.5000 1 5358.22336
27.6000 1 4980.736
27.7000 1 7046.43072
27.8000 1 5022.67904
27.9000 1 4718.592
28.0000 1 7046.43072
28.1000 1 4666.1632
28.2000 1 5284.82304
28.3000 1 6752.82944
28.4000 1 4949.27872
28.5000 1 4917.82144
28.6000 1 6878.65856
28.7000 1 4907.33568
28.8000 1 5316.28032
28.9000 1 6606.0288
29.0000 1 4823.4496
29.1000 1 5190.4512
29.2000 1 6994.00192
29.3000 1 5525.99552
29.4000 1 4592.76288
29.5000 1 6836.71552
29.6000 1 5379.19488
29.7000 1 4561.3056
29.8000 1 6931.08736
29.9000 1 5756.68224
30.0000 1 5494.53824
30.1000 1 5840.56832
30.2000 1 6207.56992
30.3000 1 5022.67904
30.4000 1 5505.024
30.5000 1 6490.68544
30.6000 1 5431.62368
30.7000 1 6427.77088
30.8000 1 6700.40064
30.9000 1 5515.50976
31.0000 1 4896.84992
31.1000 1 6385.82784
31.2000 1 5945.42592
31.3000 1 5033.1648
31.4000 1 5599.39584
31.5000 1 4875.8784
31.6000 1 4362.07616
31.7000 1 6354.37056
31.8000 1 5452.5952
31.9000 1 4833.93536
32.0000 1 7654.6048
32.1000 1 5536.48128
32.2000 1 5567.93856
32.3000 1 5693.76768
32.4000 1 4299.1616
32.5000 1 4320.13312
32.6000 1 8115.97824
32.7000 1 4739.56352
32.8000 1 5536.48128
32.9000 1 6448.7424
33.0000 1 6364.85632
33.1000 1 4865.39264
33.2000 1 5525.99552
33.3000 1 5169.47968
33.4000 1 4383.04768
33.5000 1 7193.23136
33.6000 1 5861.53984
33.7000 1 5347.7376
33.8000 1 6585.05728
33.9000 1 6689.91488
34.0000 1 6312.42752
34.1000 1 5305.79456
34.2000 1 5746.19648
34.3000 1 6427.77088
34.4000 1 5903.48288
34.5000 1 4781.50656
34.6000 1 7969.1776
34.7000 1 6700.40064
34.8000 1 4907.33568
34.9000 1 5096.07936
35.0000 1 5211.42272
35.1000 1 5798.62528
35.2000 1 5788.13952
35.3000 1 6983.51616
35.4000 1 4917.82144
35.5000 1 5746.19648
35.6000 1 6029.312
35.7000 1 4896.84992
35.8000 1 4917.82144
35.9000 1 6448.7424
36.0000 1 5819.5968
36.1000 1 5913.96864
36.2000 1 6176.11264
36.3000 1 5253.36576
36.4000 1 5546.96704
36.5000 1 6658.4576
36.6000 1 7371.48928
36.7000 1 5756.68224
36.8000 1 6710.8864
36.9000 1 5326.76608
37.0000 1 7035.94496
37.1000 1 5819.5968
37.2000 1 6511.65696
37.3000 1 5725.22496
37.4000 1 5725.22496
37.5000 1 5148.50816
37.6000 1 5913.96864
37.7000 1 5326.76608
37.8000 1 4508.8768
37.9000 1 6815.744
38.0000 1 5001.70752
38.1000 1 5117.05088
38.2000 1 6731.85792
38.3000 1 6343.8848
38.4000 1 4917.82144
38.5000 1 5683.28192
38.6000 1 7025.4592
38.7000 1 5138.0224
38.8000 1 4435.47648
38.9000 1 6102.71232
39.0000 1 4791.99232
39.1000 1 5672.79616
39.2000 1 6941.57312
39.3000 1 5012.19328
39.4000 1 6081.7408
39.5000 1 7098.85952
39.6000 1 6511.65696
39.7000 1 6658.4576
39.8000 1 5389.68064
39.9000 1 6574.57152
40.0000 1 6081.7408
40.1000 1 6197.08416
40.2000 1 5221.90848
40.3000 1 7654.6048
40.4000 1 5127.53664
40.5000 1 5442.10944
40.6000 1 6165.62688
40.7000 1 6406.79936
40.8000 1 5913.96864
40.9000 1 4445.96224
41.0000 1 5976.8832
41.1000 1 4131.38944
41.2000 1 5976.8832
41.3000 1 5756.68224
41.4000 1 6312.42752
41.5000 1 5358.22336
41.6000 1 6920.6016
41.7000 1 5746.19648
41.8000 1 6301.94176
41.9000 1 6134.1696
42.0000 1 5578.42432
42.1000 1 4917.82144
42.2000 1 6280.97024
42.3000 1 7004.48768
42.4000 1 5400.1664
42.5000 1 6029.312
42.6000 1 6574.57152
42.7000 1 5347.7376
42.8000 1 5683.28192
42.9000 1 5892.99712
43.0000 1 6008.34048
43.1000 1 5064.62208
43.2000 1 5651.82464
43.3000 1 6920.6016
43.4000 1 6574.57152
43.5000 1 5064.62208
43.6000 1 6176.11264
43.7000 1 6710.8864
43.8000 1 5316.28032
43.9000 1 5620.36736
44.0000 1 7560.23296
44.1000 1 5389.68064
44.2000 1 4896.84992
44.3000 1 6773.80096
44.4000 1 4875.8784
44.5000 1 4959.76448
44.6000 1 6113.19808
44.7000 1 5253.36576
44.8000 1 4466.93376
44.9000 1 7633.63328
45.0000 1 5494.53824
45.1000 1 4991.22176
45.2000 1 6396.3136
45.3000 1 5851.05408
45.4000 1 5400.1664
45.5000 1 5484.05248
45.6000 1 6469.71392
45.7000 1 5106.56512
45.8000 1 5200.93696
45.9000 1 7287.6032
46.0000 1 5190.4512
46.1000 1 5400.1664
46.2000 1 7140.80256
46.3000 1 5316.28032
46.4000 1 4666.1632
46.5000 1 6826.22976
46.6000 1 4928.3072
46.7000 1 4634.70592
46.8000 1 7088.37376
46.9000 1 5672.79616
47.0000 1 5955.91168
47.1000 1 5536.48128
47.2000 1 7402.94656
47.3000 1 5054.13632
47.4000 1 5316.28032
47.5000 1 7077.888
47.6000 1 5096.07936
47.7000 1 5567.93856
47.8000 1 6029.312
47.9000 1 5987.36896
48.0000 1 5421.13792
48.1000 1 5442.10944
48.2000 1 6763.3152
48.3000 1 5966.39744
48.4000 1 5368.70912
48.5000 1 6983.51616
48.6000 1 5662.3104
48.7000 1 5767.168
48.8000 1 5305.79456
48.9000 1 6249.51296
49.0000 1 4886.36416
49.1000 1 6029.312
49.2000 1 7256.14592
49.3000 1 5651.82464
49.4000 1 5620.36736
49.5000 1 6259.99872
49.6000 1 5620.36736
49.7000 1 5473.56672
49.8000 1 5924.4544
49.9000 1 7193.23136
50.0000 1 5054.13632
50.1000 1 4466.93376
50.2000 1 6752.82944
50.3000 1 5117.05088
50.4000 1 5494.53824
50.5000 1 7193.23136
50.6000 1 5295.3088
50.7000 1 4991.22176
50.8000 1 6773.80096
50.9000 1 6301.94176
51.0000 1 4393.53344
51.1000 1 6081.7408
51.2000 1 6071.25504
51.3000 1 5127.53664
51.4000 1 5546.96704
51.5000 1 6343.8848
51.6000 1 5075.10784
51.7000 1 5756.68224
51.8000 1 6721.37216
51.9000 1 5431.62368
52.0000 1 4980.736
52.1000 1 7067.40224
52.2000 1 5389.68064
52.3000 1 5452.5952
52.4000 1 6396.3136
52.5000 1 6123.68384
52.6000 1 4896.84992
52.7000 1 5851.05408
52.8000 1 7035.94496
52.9000 1 4980.736
53.0000 1 5463.08096
53.1000 1 6585.05728
53.2000 1 5588.91008
53.3000 1 5106.56512
53.4000 1 6994.00192
53.5000 1 5756.68224
53.6000 1 5253.36576
53.7000 1 5777.65376
53.8000 1 6962.54464
53.9000 1 4896.84992
54.0000 1 5525.99552
54.1000 1 6973.0304
54.2000 1 5410.65216
54.3000 1 5274.33728
54.4000 1 6469.71392
54.5000 1 5043.65056
54.6000 1 4718.592
54.7000 1 6574.57152
54.8000 1 4435.47648
54.9000 1 4687.13472
55.0000 1 6805.25824
55.1000 1 5085.5936
55.2000 1 6689.91488
55.3000 1 6564.08576
55.4000 1 6585.05728
55.5000 1 5515.50976
55.6000 1 6270.48448
55.7000 1 6731.85792
55.8000 1 4812.96384
55.9000 1 5389.68064
56.0000 1 6595.54304
56.1000 1 6081.7408
56.2000 1 4917.82144
56.3000 1 5735.71072
56.4000 1 6721.37216
56.5000 1 6113.19808
56.6000 1 5945.42592
56.7000 1 6375.34208
56.8000 1 6700.40064
56.9000 1 5127.53664
57.0000 1 6574.57152
57.1000 1 6710.8864
57.2000 1 5578.42432
57.3000 1 5704.25344
57.4000 1 5494.53824
57.5000 1 8084.52096
57.6000 1 4582.27712
57.7000 1 4907.33568
57.8000 1 5976.8832
57.9000 1 4907.33568
58.0000 1 6427.77088
58.1000 1 6994.00192
58.2000 1 7109.34528
58.3000 1 4865.39264
58.4000 1 4823.4496
58.5000 1 8021.6064
58.6000 1 5463.08096
58.7000 1 4938.79296
58.8000 1 6134.1696
58.9000 1 5232.39424
59.0000 1 5127.53664
59.1000 1 6878.65856
59.2000 1 4907.33568
59.3000 1 4676.64896
59.4000 1 6071.25504
59.5000 1 4278.19008
59.6000 1 5242.88
59.7000 1 7581.20448
59.8000 1 5169.47968
59.9000 1 4183.81824
60.0000 1 6847.20128
60.1000 1 4068.47488
60.2000 1 5641.33888
60.3000 1 5630.85312
60.4000 1 4372.56192
60.5000 1 6417.28512
60.6000 1 4613.7344
60.7000 1 5253.36576
60.8000 1 6689.91488
60.9000 1 5704.25344
61.0000 1 4844.42112
61.1000 1 6721.37216
61.2000 1 5452.5952
61.3000 1 5347.7376
61.4000 1 6018.82624
61.5000 1 6700.40064
61.6000 1 5096.07936
61.7000 1 5788.13952
61.8000 1 6742.34368
61.9000 1 4729.07776
62.0000 1 5190.4512
62.1000 1 7088.37376
62.2000 1 5043.65056
62.3000 1 5305.79456
62.4000 1 6941.57312
62.5000 1 6018.82624
62.6000 1 4896.84992
62.7000 1 5882.51136
62.8000 1 6249.51296
62.9000 1 5253.36576
63.0000 1 5389.68064
63.1000 1 7381.97504
63.2000 1 5924.4544
63.3000 1 5588.91008
63.4000 1 6081.7408
63.5000 1 5641.33888
63.6000 1 5494.53824
63.7000 1 5599.39584
63.8000 1 6343.8848
63.9000 1 4802.47808
64.0000 1 5588.91008
64.1000 1 6165.62688
64.2000 1 4949.27872
64.3000 1 5662.3104
64.4000 1 7161.77408
64.5000 1 5515.50976
64.6000 1 6008.34048
64.7000 1 6385.82784
64.8000 1 6102.71232
64.9000 1 5200.93696
65.0000 1 5892.99712
65.1000 1 6543.11424
65.2000 1 5536.48128
65.3000 1 5913.96864
65.4000 1 6763.3152
65.5000 1 5421.13792
65.6000 1 6029.312
65.7000 1 5431.62368
65.8000 1 6627.00032
65.9000 1 5693.76768
66.0000 1 5452.5952
66.1000 1 6868.1728
66.2000 1 5158.99392
66.3000 1 5830.08256
66.4000 1 6134.1696
66.5000 1 5641.33888
66.6000 1 5347.7376
66.7000 1 6029.312
66.8000 1 6637.48608
66.9000 1 5872.0256
67.0000 1 5725.22496
67.1000 1 6637.48608
67.2000 1 5840.56832
67.3000 1 5777.65376
67.4000 1 5127.53664
67.5000 1 7119.83104
67.6000 1 5148.50816
67.7000 1 5714.7392
67.8000 1 6322.91328
67.9000 1 5295.3088
68.0000 1 5746.19648
68.1000 1 6511.65696
68.2000 1 6343.8848
68.3000 1 4907.33568
68.4000 1 6155.14112
68.5000 1 6585.05728
68.6000 1 4257.21856
68.7000 1 5263.85152
68.8000 1 6448.7424
68.9000 1 5567.93856
69.0000 1 5578.42432
69.1000 1 6752.82944
69.2000 1 5934.94016
69.3000 1 4949.27872
69.4000 1 6668.94336
69.5000 1 4844.42112
69.6000 1 5945.42592
69.7000 1 6050.28352
69.8000 1 6092.22656
69.9000 1 5158.99392
70.0000 1 5494.53824
70.1000 1 7203.71712
70.2000 1 5630.85312
70.3000 1 5725.22496
70.4000 1 6574.57152
70.5000 1 6763.3152
70.6000 1 6018.82624
70.7000 1 5012.19328
70.8000 1 6721.37216
70.9000 1 6501.1712
71.0000 1 4907.33568
71.1000 1 5997.85472
71.2000 1 6008.34048
71.3000 1 5305.79456
71.4000 1 5431.62368
71.5000 1 7224.68864
71.6000 1 4697.62048
71.7000 1 4833.93536
71.8000 1 6008.34048
71.9000 1 6595.54304
72.0000 1 6060.76928
72.1000 1 6490.68544
72.2000 1 5588.91008
72.3000 1 5872.0256
72.4000 1 5316.28032
72.5000 1 6071.25504
72.6000 1 5934.94016
72.7000 1 5651.82464
72.8000 1 7476.34688
72.9000 1 4666.1632
73.0000 1 5473.56672
73.1000 1 6637.48608
73.2000 1 5840.56832
73.3000 1 6081.7408
73.4000 1 5442.10944
73.5000 1 7780.43392
73.6000 1 5389.68064
73.7000 1 5536.48128
73.8000 1 5788.13952
73.9000 1 5630.85312
74.0000 1 4865.39264
74.1000 1 6322.91328
74.2000 1 7088.37376
74.3000 1 5421.13792
74.4000 1 5211.42272
74.5000 1 7402.94656
74.6000 1 5075.10784
74.7000 1 4949.27872
74.8000 1 6742.34368
74.9000 1 5756.68224
75.0000 1 6700.40064
75.1000 1 5200.93696
75.2000 1 7497.3184
75.3000 1 5704.25344
75.4000 1 6448.7424
75.5000 1 5609.8816
75.6000 1 6920.6016
75.7000 1 5200.93696
75.8000 1 6375.34208
75.9000 1 5945.42592
76.0000 1 6291.456
76.1000 1 6092.22656
76.2000 1 5767.168
76.3000 1 6218.05568
76.4000 1 4529.84832
76.5000 1 5169.47968
76.6000 1 7067.40224
76.7000 1 5284.82304
76.8000 1 6532.62848
76.9000 1 5379.19488
77.0000 1 6501.1712
77.1000 1 6438.25664
77.2000 1 5452.5952
77.3000 1 6543.11424
77.4000 1 4833.93536
77.5000 1 4320.13312
77.6000 1 6060.76928
77.7000 1 4309.64736
77.8000 1 5746.19648
77.9000 1 6668.94336
78.0000 1 5557.4528
78.1000 1 5284.82304
78.2000 1 6543.11424
78.3000 1 4697.62048
78.4000 1 5997.85472
78.5000 1 7203.71712
78.6000 1 6008.34048
78.7000 1 6123.68384
78.8000 1 4886.36416
78.9000 1 6469.71392
79.0000 1 6322.91328
79.1000 1 5997.85472
79.2000 1 6092.22656
79.3000 1 6689.91488
79.4000 1 6752.82944
79.5000 1 5274.33728
79.6000 1 6008.34048
79.7000 1 4487.90528
79.8000 1 5442.10944
79.9000 1 7256.14592
80.0000 1 5578.42432
80.1000 1 5085.5936
80.2000 1 6396.3136
80.3000 1 6868.1728
80.4000 1 6375.34208
80.5000 1 5798.62528
80.6000 1 5987.36896
80.7000 1 6647.97184
80.8000 1 6522.14272
80.9000 1 4802.47808
81.0000 1 6647.97184
81.1000 1 6144.65536
81.2000 1 4812.96384
81.3000 1 6092.22656
81.4000 1 7675.57632
81.5000 1 5494.53824
81.6000 1 5987.36896
81.7000 1 5966.39744
81.8000 1 7392.4608
81.9000 1 4645.19168
82.0000 1 5788.13952
82.1000 1 7256.14592
82.2000 1 7413.43232
82.3000 1 5274.33728
82.4000 1 5012.19328
82.5000 1 6899.63008
82.6000 1 6490.68544
82.7000 1 6071.25504
82.8000 1 5064.62208
82.9000 1 5903.48288
83.0000 1 4729.07776
83.1000 1 5872.0256
83.2000 1 7402.94656
83.3000 1 5630.85312
83.4000 1 6532.62848
83.5000 1 5536.48128
83.6000 1 7518.28992
83.7000 1 6553.6
83.8000 1 5651.82464
83.9000 1 5463.08096
84.0000 1 7602.176
84.1000 1 6595.54304
84.2000 1 5704.25344
84.3000 1 5190.4512
84.4000 1 6742.34368
84.5000 1 5903.48288
84.6000 1 5505.024
84.7000 1 6941.57312
84.8000 1 5609.8816
84.9000 1 4991.22176
85.0000 1 6207.56992
85.1000 1 6983.51616
85.2000 1 6050.28352
85.3000 1 5756.68224
85.4000 1 6291.456
85.5000 1 6889.14432
85.6000 1 5368.70912
85.7000 1 6606.0288
85.8000 1 6280.97024
85.9000 1 6952.05888
86.0000 1 5641.33888
86.1000 1 6291.456
86.2000 1 6249.51296
86.3000 1 5347.7376
86.4000 1 5505.024
86.5000 1 5882.51136
86.6000 1 4896.84992
86.7000 1 5882.51136
86.8000 1 6029.312
86.9000 1 5903.48288
87.0000 1 6595.54304
87.1000 1 5567.93856
87.2000 1 7046.43072
87.3000 1 6333.39904
87.4000 1 6165.62688
87.5000 1 5735.71072
87.6000 1 5955.91168
87.7000 1 5672.79616
87.8000 1 6071.25504
87.9000 1 5924.4544
88.0000 1 6018.82624
88.1000 1 6595.54304
88.2000 1 5127.53664
88.3000 1 7392.4608
88.4000 1 6574.57152
88.5000 1 5033.1648
88.6000 1 5672.79616
88.7000 1 7623.14752
88.8000 1 5536.48128
88.9000 1 6564.08576
89.0000 1 5263.85152
89.1000 1 8084.52096
89.2000 1 6501.1712
89.3000 1 6018.82624
89.4000 1 5903.48288
89.5000 1 6710.8864
89.6000 1 6689.91488
89.7000 1 5882.51136
89.8000 1 5054.13632
89.9000 1 7046.43072
90.0000 1 6385.82784
90.1000 1 5379.19488
90.2000 1 5494.53824
90.3000 1 7853.83424
90.4000 1 5358.22336
90.5000 1 6574.57152
90.6000 1 5567.93856
90.7000 1 6522.14272
90.8000 1 5515.50976
90.9000 1 6186.5984
91.0000 1 6721.37216
91.1000 1 5966.39744
91.2000 1 6616.51456
91.3000 1 5179.96544
91.4000 1 6805.25824
91.5000 1 5295.3088
91.6000 1 6490.68544
91.7000 1 5484.05248
91.8000 1 7151.28832
91.9000 1 4571.79136
92.0000 1 5494.53824
92.1000 1 6983.51616
92.2000 1 6039.79776
92.3000 1 4624.22016
92.4000 1 6165.62688
92.5000 1 5442.10944
92.6000 1 6291.456
92.7000 1 6060.76928
92.8000 1 7256.14592
92.9000 1 5809.11104
93.0000 1 5158.99392
93.1000 1 6773.80096
93.2000 1 6490.68544
93.3000 1 6564.08576
93.4000 1 5840.56832
93.5000 1 6176.11264
93.6000 1 7161.77408
93.7000 1 5976.8832
93.8000 1 6312.42752
93.9000 1 5746.19648
94.0000 1 6606.0288
94.1000 1 5284.82304
94.2000 1 6259.99872
94.3000 1 7004.48768
94.4000 1 6197.08416
94.5000 1 5777.65376
94.6000 1 5882.51136
94.7000 1 7245.66016
94.8000 1 5620.36736
94.9000 1 5557.4528
95.0000 1 5525.99552
95.1000 1 6962.54464
95.2000 1 5400.1664
95.3000 1 6606.0288
95.4000 1 6165.62688
95.5000 1 7161.77408
95.6000 1 5295.3088
95.7000 1 6417.28512
95.8000 1 6270.48448
95.9000 1 5777.65376
96.0000 1 6689.91488
96.1000 1 5347.7376
96.2000 1 7088.37376
96.3000 1 6081.7408
96.4000 1 5368.70912
96.5000 1 5588.91008
96.6000 1 7560.23296
96.7000 1 5274.33728
96.8000 1 6396.3136
96.9000 1 5913.96864
97.0000 1 6899.63008
97.1000 1 6333.39904
97.2000 1 6564.08576
97.3000 1 5326.76608
97.4000 1 6721.37216
97.5000 1 4865.39264
97.6000 1 5169.47968
97.7000 1 8042.57792
97.8000 1 5211.42272
97.9000 1 6501.1712
98.0000 1 5599.39584
98.1000 1 6564.08576
98.2000 1 6239.0272
98.3000 1 6008.34048
98.4000 1 6081.7408
98.5000 1 6564.08576
98.6000 1 6574.57152
98.7000 1 5211.42272
98.8000 1 6679.42912
98.9000 1 6585.05728
99.0000 1 6647.97184
99.1000 1 6312.42752
99.2000 1 5651.82464
99.3000 1 6878.65856
99.4000 1 5536.48128
99.5000 1 6438.25664
99.6000 1 6228.54144
99.7000 1 5567.93856
99.8000 1 6595.54304
99.9000 1 5840.56832
100.0000 1 7214.20288
100.1000 1 6752.82944
100.2000 1 5505.024
100.3000 1 6406.79936
100.4000 1 6459.22816
100.5000 1 7633.63328
100.6000 1 5798.62528
100.7000 1 6532.62848
100.8000 1 5505.024
100.9000 1 7895.77728
101.0000 1 5358.22336
101.1000 1 5756.68224
101.2000 1 6018.82624
101.3000 1 7340.032
101.4000 1 5872.0256
101.5000 1 6469.71392
101.6000 1 6616.51456
101.7000 1 6700.40064
101.8000 1 6511.65696
101.9000 1 5463.08096
102.0000 1 6333.39904
102.1000 1 7140.80256
102.2000 1 6050.28352
102.3000 1 6385.82784
102.4000 1 6763.3152
102.5000 1 5861.53984
102.6000 1 7528.77568
102.7000 1 5295.3088
102.8000 1 6543.11424
102.9000 1 6343.8848
103.0000 1 7549.7472
103.1000 1 5683.28192
103.2000 1 6364.85632
103.3000 1 5253.36576
103.4000 1 6773.80096
103.5000 1 5662.3104
103.6000 1 5431.62368
103.7000 1 7004.48768
103.8000 1 5295.3088
103.9000 1 6595.54304
104.0000 1 6417.28512
104.1000 1 6826.22976
104.2000 1 6364.85632
104.3000 1 5305.79456
104.4000 1 6710.8864
104.5000 1 6689.91488
104.6000 1 6532.62848
104.7000 1 5546.96704
104.8000 1 6396.3136
104.9000 1 6689.91488
105.0000 1 5777.65376
105.1000 1 5955.91168
105.2000 1 6385.82784
105.3000 1 6952.05888
105.4000 1 5127.53664
105.5000 1 6008.34048
105.6000 1 5725.22496
105.7000 1 7623.14752
105.8000 1 5630.85312
105.9000 1 6647.97184
106.0000 1 5242.88
106.1000 1 6710.8864
106.2000 1 6574.57152
106.3000 1 5473.56672
106.4000 1 6385.82784
106.5000 1 6962.54464
106.6000 1 6322.91328
106.7000 1 6092.22656
106.8000 1 5756.68224
106.9000 1 7738.49088
107.0000 1 5903.48288
107.1000 1 6585.05728
107.2000 1 5274.33728
107.3000 1 7958.69184
107.4000 1 5295.3088
107.5000 1 5473.56672
107.6000 1 6081.7408
107.7000 1 7277.11744
107.8000 1 6060.76928
107.9000 1 6018.82624
108.0000 1 5735.71072
108.1000 1 7549.7472
108.2000 1 5379.19488
108.3000 1 5232.39424
108.4000 1 6941.57312
108.5000 1 6448.7424
108.6000 1 6595.54304
108.7000 1 5997.85472
108.8000 1 6081.7408
108.9000 1 7423.91808
109.0000 1 6668.94336
109.1000 1 5400.1664
109.2000 1 6522.14272
109.3000 1 7507.80416
109.4000 1 6585.05728
109.5000 1 5872.0256
109.6000 1 6459.22816
109.7000 1 6207.56992
109.8000 1 7235.1744
109.9000 1 5525.99552
110.0000 1 6553.6
110.1000 1 5861.53984
110.2000 1 7287.6032
110.3000 1 5358.22336
110.4000 1 5347.7376
110.5000 1 7182.7456
110.6000 1 6207.56992
110.7000 1 5945.42592
110.8000 1 6364.85632
110.9000 1 6627.00032
111.0000 1 5714.7392
111.1000 1 6585.05728
111.2000 1 5578.42432
111.3000 1 7266.63168
111.4000 1 6081.7408
111.5000 1 6060.76928
111.6000 1 6658.4576
111.7000 1 6585.05728
111.8000 1 6742.34368
111.9000 1 6647.97184
112.0000 1 5305.79456
112.1000 1 6606.0288
112.2000 1 7906.26304
112.3000 1 6134.1696
112.4000 1 5934.94016
112.5000 1 6511.65696
112.6000 1 6585.05728
112.7000 1 6721.37216
112.8000 1 6123.68384
112.9000 1 5809.11104
113.0000 1 6679.42912
113.1000 1 8105.49248
113.2000 1 5295.3088
113.3000 1 6585.05728
113.4000 1 5557.4528
113.5000 1 7759.4624
113.6000 1 5651.82464
113.7000 1 6144.65536
113.8000 1 6627.00032
113.9000 1 6668.94336
114.0000 1 6564.08576
114.1000 1 5274.33728
114.2000 1 5242.88
114.3000 1 7161.77408
114.4000 1 6186.5984
114.5000 1 6081.7408
114.6000 1 5515.50976
114.7000 1 8063.54944
114.8000 1 6679.42912
114.9000 1 5484.05248
115.0000 1 6543.11424
115.1000 1 6668.94336
115.2000 1 6249.51296
115.3000 1 5484.05248
115.4000 1 6553.6
115.5000 1 6847.20128
115.6000 1 6490.68544
115.7000 1 6259.99872
115.8000 1 5934.94016
115.9000 1 6459.22816
116.0000 1 7350.51776
116.1000 1 5347.7376
116.2000 1 6469.71392
116.3000 1 5987.36896
116.4000 1 6564.08576
116.5000 1 6102.71232
116.6000 1 6155.14112
116.7000 1 6333.39904
116.8000 1 7130.3168
116.9000 1 5567.93856
117.0000 1 6490.68544
117.1000 1 5955.91168
117.2000 1 7308.57472
117.3000 1 6469.71392
117.4000 1 6564.08576
117.5000 1 5609.8816
117.6000 1 7560.23296
117.7000 1 5746.19648
117.8000 1 6647.97184
117.9000 1 6522.14272
118.0000 1 6228.54144
118.1000 1 7340.032
118.2000 1 6595.54304
118.3000 1 6658.4576
118.4000 1 5284.82304
118.5000 1 7654.6048
118.6000 1 5924.4544
118.7000 1 6490.68544
118.8000 1 5232.39424
118.9000 1 7486.83264
119.0000 1 5934.94016
119.1000 1 5976.8832
119.2000 1 5263.85152
119.3000 1 8011.12064
119.4000 1 5410.65216
119.5000 1 6700.40064
119.6000 1 5536.48128
119.7000 1 7214.20288
119.8000 1 6039.79776
119.9000 1 5536.48128
120.0000 1 5484.05248
120.1000 1 6931.08736
120.2000 1 6490.68544
120.3000 1 5337.25184
120.4000 1 6564.08576
120.5000 1 7811.8912
120.6000 1 5714.7392
120.7000 1 6050.28352
120.8000 1 6134.1696
120.9000 1 7151.28832
121.0000 1 5043.65056
121.1000 1 6459.22816
121.2000 1 6396.3136
121.3000 1 7602.176
121.4000 1 5851.05408
121.5000 1 6385.82784
121.6000 1 5473.56672
121.7000 1 7570.71872
121.8000 1 5882.51136
121.9000 1 6668.94336
122.0000 1 5190.4512
122.1000 1 7381.97504
122.2000 1 5976.8832
122.3000 1 6532.62848
122.4000 1 5756.68224
122.5000 1 6847.20128
122.6000 1 6564.08576
122.7000 1 5924.4544
122.8000 1 6354.37056
122.9000 1 6259.99872
123.0000 1 7025.4592
123.1000 1 5389.68064
123.2000 1 6564.08576
123.3000 1 6176.11264
123.4000 1 6270.48448
123.5000 1 6102.71232
123.6000 1 6668.94336
123.7000 1 6627.00032
123.8000 1 6731.85792
123.9000 1 6679.42912
124.0000 1 5735.71072
124.1000 1 6008.34048
124.2000 1 7675.57632
124.3000 1 5536.48128
124.4000 1 6595.54304
124.5000 1 6165.62688
124.6000 1 7035.94496
124.7000 1 6134.1696
124.8000 1 5179.96544
124.9000 1 6280.97024
125.0000 1 7497.3184
125.1000 1 6176.11264
125.2000 1 6113.19808
125.3000 1 6543.11424
125.4000 1 6752.82944
125.5000 1 6658.4576
125.6000 1 6616.51456
125.7000 1 6511.65696
125.8000 1 6071.25504
125.9000 1 7308.57472
126.0000 1 6585.05728
126.1000 1 6710.8864
126.2000 1 5284.82304
126.3000 1 6658.4576
126.4000 1 7822.37696
126.5000 1 6008.34048
126.6000 1 6050.28352
126.7000 1 6186.5984
126.8000 1 7004.48768
126.9000 1 6228.54144
127.0000 1 5389.68064
127.1000 1 5515.50976
127.2000 1 7790.91968
127.3000 1 5096.07936
127.4000 1 6689.91488
127.5000 1 5567.93856
127.6000 1 7633.63328
127.7000 1 6501.1712
127.8000 1 6543.11424
127.9000 1 5641.33888
128.0000 1 7161.77408
128.1000 1 6228.54144
128.2000 1 6448.7424
128.3000 1 5704.25344
128.4000 1 6836.71552
128.5000 1 6553.6
128.6000 1 5997.85472
128.7000 1 6228.54144
128.8000 1 6375.34208
128.9000 1 6973.0304
129.0000 1 5484.05248
129.1000 1 6668.94336
129.2000 1 6008.34048
129.3000 1 6910.11584
129.4000 1 5683.28192
129.5000 1 6060.76928
129.6000 1 6511.65696
129.7000 1 8053.06368
129.8000 1 5096.07936
129.9000 1 5987.36896
130.0000 1 5987.36896
130.1000 1 6763.3152
130.2000 1 5913.96864
130.3000 1 6092.22656
130.4000 1 6333.39904
130.5000 1 5662.3104
130.6000 1 4508.8768
130.7000 1 6627.00032
130.8000 1 6249.51296
130.9000 1 5704.25344
131.0000 1 5704.25344
131.1000 1 7329.54624
131.2000 1 5620.36736
131.3000 1 5473.56672
131.4000 1 5830.08256
131.5000 1 6952.05888
131.6000 1 5525.99552
131.7000 1 5903.48288
131.8000 1 6700.40064
131.9000 1 5966.39744
132.0000 1 5955.91168
132.1000 1 5955.91168
132.2000 1 6899.63008
132.3000 1 5798.62528
132.4000 1 6029.312
132.5000 1 5263.85152
132.6000 1 5945.42592
132.7000 1 4645.19168
132.8000 1 5798.62528
132.9000 1 4781.50656
133.0000 1 4278.19008
133.1000 1 7109.34528
133.2000 1 5588.91008
133.3000 1 6207.56992
133.4000 1 6322.91328
133.5000 1 7350.51776
133.6000 1 5882.51136
133.7000 1 6511.65696
133.8000 1 6585.05728
133.9000 1 6847.20128
134.0000 1 5567.93856
134.1000 1 5557.4528
134.2000 1 6050.28352
134.3000 1 7801.40544
134.4000 1 6574.57152
134.5000 1 5567.93856
134.6000 1 6658.4576
134.7000 1 6490.68544
134.8000 1 7025.4592
134.9000 1 5903.48288
135.0000 1 5809.11104
135.1000 1 6406.79936
135.2000 1 7067.40224
135.3000 1 5253.36576
135.4000 1 6595.54304
135.5000 1 6364.85632
135.6000 1 7476.34688
135.7000 1 5934.94016
135.8000 1 5190.4512
135.9000 1 6417.28512
136.0000 1 5316.28032
136.1000 1 5767.168
136.2000 1 6228.54144
136.3000 1 7046.43072
136.4000 1 6543.11424
136.5000 1 5651.82464
136.6000 1 6123.68384
136.7000 1 7277.11744
136.8000 1 5966.39744
136.9000 1 6438.25664
137.0000 1 6553.6
137.1000 1 6427.77088
137.2000 1 6847.20128
137.3000 1 5452.5952
137.4000 1 6396.3136
137.5000 1 6501.1712
137.6000 1 6668.94336
137.7000 1 6501.1712
137.8000 1 6270.48448
137.9000 1 6301.94176
138.0000 1 7046.43072
138.1000 1 6375.34208
138.2000 1 5819.5968
138.3000 1 5809.11104
138.4000 1 7298.08896
138.5000 1 5347.7376
138.6000 1 5525.99552
138.7000 1 6427.77088
138.8000 1 6385.82784
138.9000 1 4823.4496
139.0000 1 5525.99552
139.1000 1 5725.22496
139.2000 1 5851.05408
139.3000 1 5410.65216
139.4000 1 7098.85952
139.5000 1 5578.42432
139.6000 1 5997.85472
139.7000 1 5767.168
