0.1000 1 0.0
0.2000 1 5463.08096
0.3000 1 3397.38624
0.4000 1 6952.05888
0.5000 1 4498.39104
0.6000 1 5253.36576
0.7000 1 6847.20128
0.8000 1 4729.07776
0.9000 1 5096.07936
1.0000 1 6763.3152
1.1000 1 4791.99232
1.2000 1 5075.10784
1.3000 1 7172.25984
1.4000 1 5158.99392
1.5000 1 5326.76608
1.6000 1 6396.3136
1.7000 1 4970.25024
1.8000 1 4634.70592
1.9000 1 7329.54624
2.0000 1 4980.736
2.1000 1 5200.93696
2.2000 1 6553.6
2.3000 1 5861.53984
2.4000 1 5096.07936
2.5000 1 6343.8848
2.6000 1 6071.25504
2.7000 1 4729.07776
2.8000 1 5892.99712
2.9000 1 5305.79456
3.0000 1 5096.07936
3.1000 1 6354.37056
3.2000 1 4949.27872
3.3000 1 4278.19008
3.4000 1 6270.48448
3.5000 1 4613.7344
3.6000 1 4907.33568
3.7000 1 6742.34368
3.8000 1 5368.70912
3.9000 1 4498.39104
4.0000 1 7340.032
4.1000 1 4991.22176
4.2000 1 4634.70592
4.3000 1 7172.25984
4.4000 1 5651.82464
4.5000 1 4519.36256
4.6000 1 7298.08896
4.7000 1 5138.0224
4.8000 1 5358.22336
4.9000 1 6280.97024
5.0000 1 5242.88
5.1000 1 4204.78976
5.2000 1 6375.34208
5.3000 1 5127.53664
5.4000 1 4592.76288
5.5000 1 7277.11744
5.6000 1 4980.736
5.7000 1 5777.65376
5.8000 1 6228.54144
5.9000 1 5494.53824
6.0000 1 4854.90688
6.1000 1 6763.3152
6.2000 1 4718.592
6.3000 1 4435.47648
6.4000 1 7172.25984
6.5000 1 4687.13472
6.6000 1 5442.10944
6.7000 1 6952.05888
6.8000 1 4781.50656
6.9000 1 5232.39424
7.0000 1 6752.82944
7.1000 1 4708.10624
7.2000 1 4288.67584
7.3000 1 6721.37216
7.4000 1 4068.47488
7.5000 1 5379.19488
7.6000 1 5892.99712
7.7000 1 4708.10624
7.8000 1 6134.1696
7.9000 1 5630.85312
8.0000 1 4802.47808
8.1000 1 6228.54144
8.2000 1 5662.3104
8.3000 1 5138.0224
8.4000 1 5997.85472
8.5000 1 5284.82304
8.6000 1 4634.70592
8.7000 1 6878.65856
8.8000 1 5179.96544
8.9000 1 4718.592
9.0000 1 6815.744
9.1000 1 5117.05088
9.2000 1 5169.47968
9.3000 1 6490.68544
9.4000 1 6291.456
9.5000 1 5117.05088
9.6000 1 5337.25184
9.7000 1 6805.25824
9.8000 1 4833.93536
9.9000 1 5169.47968
10.0000 1 6417.28512
10.1000 1 4194.304
10.2000 1 5945.42592
10.3000 1 4183.81824
10.4000 1 4215.27552
10.5000 1 5442.10944
10.6000 1 4781.50656
10.7000 1 6616.51456
10.8000 1 5410.65216
10.9000 1 5620.36736
11.0000 1 5578.42432
11.1000 1 4487.90528
11.2000 1 3963.61728
11.3000 1 4424.99072
11.4000 1 4456.448
11.5000 1 5955.91168
11.6000 1 4362.07616
11.7000 1 5882.51136
11.8000 1 4854.90688
11.9000 1 5211.42272
12.0000 1 6627.00032
12.1000 1 5473.56672
12.2000 1 3145.728
12.3000 1 5662.3104
12.4000 1 5473.56672
12.5000 1 5347.7376
12.6000 1 6448.7424
12.7000 1 4592.76288
12.8000 1 5588.91008
12.9000 1 5882.51136
13.0000 1 3848.27392
13.1000 1 5620.36736
13.2000 1 3711.95904
13.3000 1 5756.68224
13.4000 1 3858.75968
13.5000 1 4844.42112
13.6000 1 5442.10944
13.7000 1 5777.65376
13.8000 1 5798.62528
13.9000 1 7109.34528
14.0000 1 5620.36736
14.1000 1 4634.70592
14.2000 1 7245.66016
14.3000 1 5672.79616
14.4000 1 4624.22016
14.5000 1 6668.94336
14.6000 1 5620.36736
14.7000 1 5609.8816
14.8000 1 5525.99552
14.9000 1 4078.96064
15.0000 1 5756.68224
15.1000 1 6616.51456
15.2000 1 5452.5952
15.3000 1 4687.13472
15.4000 1 6836.71552
15.5000 1 5158.99392
15.6000 1 4781.50656
15.7000 1 6564.08576
15.8000 1 5022.67904
15.9000 1 4697.62048
16.0000 1 6396.3136
16.1000 1 4928.3072
16.2000 1 4341.10464
16.3000 1 6952.05888
16.4000 1 4875.8784
16.5000 1 4676.64896
16.6000 1 6322.91328
16.7000 1 5169.47968
16.8000 1 5295.3088
16.9000 1 5609.8816
17.0000 1 4886.36416
17.1000 1 6155.14112
17.2000 1 6585.05728
17.3000 1 4687.13472
17.4000 1 5515.50976
17.5000 1 6144.65536
17.6000 1 4823.4496
17.7000 1 5746.19648
17.8000 1 5966.39744
17.9000 1 4886.36416
18.0000 1 5851.05408
18.1000 1 3932.16
18.2000 1 4445.96224
18.3000 1 4781.50656
18.4000 1 3827.3024
18.5000 1 5851.05408
18.6000 1 4016.04608
18.7000 1 5830.08256
18.8000 1 4362.07616
18.9000 1 4833.93536
19.0000 1 6134.1696
19.1000 1 3890.21696
19.2000 1 6197.08416
19.3000 1 4823.4496
19.4000 1 4854.90688
19.5000 1 5588.91008
19.6000 1 3596.61568
19.7000 1 6385.82784
19.8000 1 5431.62368
19.9000 1 5305.79456
20.0000 1 6291.456
20.1000 1 5085.5936
20.2000 1 4540.33408
20.3000 1 7014.97344
20.4000 1 4498.39104
20.5000 1 4655.67744
20.6000 1 7035.94496
20.7000 1 4959.76448
20.8000 1 5169.47968
20.9000 1 6427.77088
21.0000 1 4246.7328
21.1000 1 5735.71072
21.2000 1 6784.28672
21.3000 1 4854.90688
21.4000 1 4991.22176
21.5000 1 6501.1712
21.6000 1 5851.05408
21.7000 1 4697.62048
21.8000 1 7298.08896
21.9000 1 5085.5936
22.0000 1 4875.8784
22.1000 1 6763.3152
22.2000 1 5148.50816
22.3000 1 4498.39104
22.4000 1 7098.85952
22.5000 1 5190.4512
22.6000 1 5442.10944
22.7000 1 6123.68384
22.8000 1 5809.11104
22.9000 1 4498.39104
23.0000 1 6301.94176
23.1000 1 4750.04928
23.2000 1 4760.53504
23.3000 1 6459.22816
23.4000 1 4634.70592
23.5000 1 4781.50656
23.6000 1 7287.6032
23.7000 1 5609.8816
23.8000 1 4414.50496
23.9000 1 6469.71392
24.0000 1 4445.96224
24.1000 1 5179.96544
24.2000 1 7004.48768
24.3000 1 5630.85312
24.4000 1 4938.79296
24.5000 1 6448.7424
24.6000 1 4708.10624
24.7000 1 5599.39584
24.8000 1 6994.00192
24.9000 1 4529.84832
25.0000 1 5326.76608
25.1000 1 7109.34528
25.2000 1 5704.25344
25.3000 1 5945.42592
25.4000 1 5295.3088
25.5000 1 7203.71712
25.6000 1 5777.65376
25.7000 1 5085.5936
25.8000 1 6899.63008
25.9000 1 4938.79296
26.0000 1 4529.84832
26.1000 1 6794.77248
26.2000 1 5064.62208
26.3000 1 5043.65056
26.4000 1 6522.14272
26.5000 1 4372.56192
26.6000 1 4634.70592
26.7000 1 6721.37216
26.8000 1 4750.04928
26.9000 1 5505.024
27.0000 1 6731.85792
27.1000 1 5924.4544
27.2000 1 5117.05088
27.3000 1 6406.79936
27.4000 1 5452.5952
27.5000 1 5096.07936
27.6000 1 6805.25824
27.7000 1 5662.3104
27.8000 1 5368.70912
27.9000 1 5683.28192
28.0000 1 6637.48608
28.1000 1 5400.1664
28.2000 1 5442.10944
28.3000 1 7088.37376
28.4000 1 5075.10784
28.5000 1 4508.8768
28.6000 1 6427.77088
28.7000 1 5200.93696
28.8000 1 4456.448
28.9000 1 7025.4592
29.0000 1 5840.56832
29.1000 1 5148.50816
29.2000 1 6773.80096
29.3000 1 5777.65376
29.4000 1 5106.56512
29.5000 1 6039.79776
29.6000 1 5505.024
29.7000 1 4687.13472
29.8000 1 6522.14272
29.9000 1 5452.5952
30.0000 1 4603.24864
30.1000 1 6700.40064
30.2000 1 5379.19488
30.3000 1 5567.93856
30.4000 1 5756.68224
30.5000 1 6218.05568
30.6000 1 4592.76288
30.7000 1 5872.0256
30.8000 1 6259.99872
30.9000 1 5725.22496
31.0000 1 4896.84992
31.1000 1 6406.79936
31.2000 1 4110.41792
31.3000 1 6218.05568
31.4000 1 4980.736
31.5000 1 5169.47968
31.6000 1 6553.6
31.7000 1 5274.33728
31.8000 1 4938.79296
31.9000 1 6511.65696
32.0000 1 4760.53504
32.1000 1 5033.1648
32.2000 1 6543.11424
32.3000 1 5117.05088
32.4000 1 4865.39264
32.5000 1 6490.68544
32.6000 1 4875.8784
32.7000 1 5484.05248
32.8000 1 6469.71392
32.9000 1 5725.22496
33.0000 1 5075.10784
33.1000 1 6532.62848
33.2000 1 5557.4528
33.3000 1 5431.62368
33.4000 1 5830.08256
33.5000 1 6616.51456
33.6000 1 4729.07776
33.7000 1 5955.91168
33.8000 1 7088.37376
33.9000 1 5484.05248
34.0000 1 5599.39584
34.1000 1 6270.48448
34.2000 1 6050.28352
34.3000 1 5630.85312
34.4000 1 5746.19648
34.5000 1 6920.6016
34.6000 1 5452.5952
34.7000 1 5148.50816
34.8000 1 6878.65856
34.9000 1 5955.91168
35.0000 1 5211.42272
35.1000 1 5609.8816
35.2000 1 6941.57312
35.3000 1 4823.4496
35.4000 1 4949.27872
35.5000 1 5966.39744
35.6000 1 5200.93696
35.7000 1 5515.50976
35.8000 1 6480.19968
35.9000 1 5777.65376
36.0000 1 4949.27872
36.1000 1 6543.11424
36.2000 1 5641.33888
36.3000 1 5840.56832
36.4000 1 6658.4576
36.5000 1 5704.25344
36.6000 1 4928.3072
36.7000 1 6008.34048
36.8000 1 6417.28512
36.9000 1 5714.7392
37.0000 1 5756.68224
37.1000 1 6668.94336
37.2000 1 5809.11104
37.3000 1 5242.88
37.4000 1 6354.37056
37.5000 1 5085.5936
37.6000 1 5012.19328
37.7000 1 6543.11424
37.8000 1 5033.1648
37.9000 1 4970.25024
38.0000 1 6826.22976
38.1000 1 5148.50816
38.2000 1 5169.47968
38.3000 1 6427.77088
38.4000 1 5809.11104
38.5000 1 4917.82144
38.6000 1 5976.8832
38.7000 1 5903.48288
38.8000 1 5725.22496
38.9000 1 5221.90848
39.0000 1 7119.83104
39.1000 1 5756.68224
39.2000 1 4676.64896
39.3000 1 7214.20288
39.4000 1 4896.84992
39.5000 1 5326.76608
39.6000 1 6280.97024
39.7000 1 4928.3072
39.8000 1 4886.36416
39.9000 1 6459.22816
40.0000 1 4854.90688
40.1000 1 5211.42272
40.2000 1 6574.57152
40.3000 1 5882.51136
40.4000 1 4750.04928
40.5000 1 7046.43072
40.6000 1 5505.024
40.7000 1 4991.22176
40.8000 1 6343.8848
40.9000 1 6668.94336
41.0000 1 5379.19488
41.1000 1 5221.90848
41.2000 1 6868.1728
41.3000 1 4865.39264
41.4000 1 5798.62528
41.5000 1 6354.37056
41.6000 1 5421.13792
41.7000 1 6008.34048
41.8000 1 5987.36896
41.9000 1 6375.34208
42.0000 1 4886.36416
42.1000 1 5525.99552
42.2000 1 5347.7376
42.3000 1 4959.76448
42.4000 1 6448.7424
42.5000 1 5767.168
42.6000 1 4771.0208
42.7000 1 6228.54144
42.8000 1 5158.99392
42.9000 1 4938.79296
43.0000 1 6438.25664
43.1000 1 5494.53824
43.2000 1 5368.70912
43.3000 1 6123.68384
43.4000 1 5284.82304
43.5000 1 4456.448
43.6000 1 6280.97024
43.7000 1 4791.99232
43.8000 1 4781.50656
43.9000 1 7077.888
44.0000 1 5452.5952
44.1000 1 4498.39104
44.2000 1 6480.19968
44.3000 1 5368.70912
44.4000 1 5012.19328
44.5000 1 7130.3168
44.6000 1 4760.53504
44.7000 1 4487.90528
44.8000 1 6784.28672
44.9000 1 4959.76448
45.0000 1 5777.65376
45.1000 1 6417.28512
45.2000 1 4865.39264
45.3000 1 4949.27872
45.4000 1 6606.0288
45.5000 1 4823.4496
45.6000 1 4823.4496
45.7000 1 6207.56992
45.8000 1 5242.88
45.9000 1 5054.13632
46.0000 1 6784.28672
46.1000 1 5872.0256
46.2000 1 5473.56672
46.3000 1 6868.1728
46.4000 1 5746.19648
46.5000 1 6071.25504
46.6000 1 5012.19328
46.7000 1 6511.65696
46.8000 1 5851.05408
46.9000 1 4771.0208
47.0000 1 6616.51456
47.1000 1 4970.25024
47.2000 1 5316.28032
47.3000 1 6815.744
47.4000 1 5777.65376
47.5000 1 5945.42592
47.6000 1 6071.25504
47.7000 1 5494.53824
47.8000 1 4875.8784
47.9000 1 6396.3136
48.0000 1 5882.51136
48.1000 1 5924.4544
48.2000 1 4917.82144
48.3000 1 5934.94016
48.4000 1 4309.64736
48.5000 1 6333.39904
48.6000 1 5263.85152
48.7000 1 5211.42272
48.8000 1 6427.77088
48.9000 1 5263.85152
49.0000 1 4718.592
49.1000 1 6553.6
49.2000 1 4718.592
49.3000 1 4561.3056
49.4000 1 7256.14592
49.5000 1 5452.5952
49.6000 1 5473.56672
49.7000 1 6259.99872
49.8000 1 6406.79936
49.9000 1 5683.28192
50.0000 1 4833.93536
50.1000 1 6742.34368
50.2000 1 4812.96384
50.3000 1 5169.47968
50.4000 1 7203.71712
50.5000 1 5735.71072
50.6000 1 5756.68224
50.7000 1 6270.48448
50.8000 1 5431.62368
50.9000 1 4435.47648
51.0000 1 5746.19648
51.1000 1 4624.22016
51.2000 1 4875.8784
51.3000 1 4152.36096
51.4000 1 4634.70592
51.5000 1 6197.08416
51.6000 1 4739.56352
51.7000 1 5389.68064
51.8000 1 6606.0288
51.9000 1 4875.8784
52.0000 1 5316.28032
52.1000 1 7130.3168
52.2000 1 5117.05088
52.3000 1 5798.62528
52.4000 1 6375.34208
52.5000 1 4666.1632
52.6000 1 5599.39584
52.7000 1 7140.80256
52.8000 1 5546.96704
52.9000 1 4896.84992
53.0000 1 6301.94176
53.1000 1 5777.65376
53.2000 1 5064.62208
53.3000 1 5882.51136
53.4000 1 5557.4528
53.5000 1 4854.90688
53.6000 1 6375.34208
53.7000 1 5410.65216
53.8000 1 5169.47968
53.9000 1 6165.62688
54.0000 1 5630.85312
54.1000 1 4739.56352
54.2000 1 6396.3136
54.3000 1 5693.76768
54.4000 1 5431.62368
54.5000 1 5704.25344
54.6000 1 7077.888
54.7000 1 5809.11104
54.8000 1 4582.27712
54.9000 1 7182.7456
55.0000 1 5043.65056
55.1000 1 5169.47968
55.2000 1 6773.80096
55.3000 1 4582.27712
55.4000 1 4267.70432
55.5000 1 5546.96704
55.6000 1 4582.27712
55.7000 1 5892.99712
55.8000 1 4424.99072
55.9000 1 4393.53344
56.0000 1 5913.96864
56.1000 1 3816.81664
56.2000 1 5997.85472
56.3000 1 3890.21696
56.4000 1 5473.56672
56.5000 1 5263.85152
56.6000 1 5148.50816
56.7000 1 6343.8848
56.8000 1 5400.1664
56.9000 1 4928.3072
57.0000 1 6427.77088
57.1000 1 5064.62208
57.2000 1 4561.3056
57.3000 1 7035.94496
57.4000 1 5368.70912
57.5000 1 5819.5968
57.6000 1 5662.3104
57.7000 1 6280.97024
57.8000 1 5767.168
57.9000 1 4938.79296
58.0000 1 7151.28832
58.1000 1 5127.53664
58.2000 1 5242.88
58.3000 1 7077.888
58.4000 1 5400.1664
58.5000 1 4833.93536
58.6000 1 6710.8864
58.7000 1 4592.76288
58.8000 1 4781.50656
58.9000 1 6396.3136
59.0000 1 4865.39264
59.1000 1 5976.8832
59.2000 1 7014.97344
59.3000 1 5221.90848
59.4000 1 4414.50496
59.5000 1 6511.65696
59.6000 1 4844.42112
59.7000 1 5305.79456
59.8000 1 6752.82944
59.9000 1 5767.168
60.0000 1 5945.42592
60.1000 1 5546.96704
60.2000 1 6857.68704
60.3000 1 5704.25344
60.4000 1 5536.48128
60.5000 1 6962.54464
60.6000 1 4959.76448
60.7000 1 4351.5904
60.8000 1 6343.8848
60.9000 1 4771.0208
61.0000 1 5421.13792
61.1000 1 7098.85952
61.2000 1 5221.90848
61.3000 1 5630.85312
61.4000 1 6501.1712
61.5000 1 5809.11104
61.6000 1 5284.82304
61.7000 1 5851.05408
61.8000 1 6427.77088
61.9000 1 5305.79456
62.0000 1 5725.22496
62.1000 1 6721.37216
62.2000 1 5798.62528
62.3000 1 4991.22176
62.4000 1 6668.94336
62.5000 1 6207.56992
62.6000 1 5400.1664
62.7000 1 5546.96704
62.8000 1 6878.65856
62.9000 1 5525.99552
63.0000 1 5882.51136
63.1000 1 6459.22816
63.2000 1 5463.08096
63.3000 1 5200.93696
63.4000 1 6102.71232
63.5000 1 6343.8848
63.6000 1 4991.22176
63.7000 1 5431.62368
63.8000 1 6008.34048
63.9000 1 4938.79296
64.0000 1 5777.65376
64.1000 1 6448.7424
64.2000 1 4645.19168
64.3000 1 5672.79616
64.4000 1 6301.94176
64.5000 1 5138.0224
64.6000 1 5326.76608
64.7000 1 5693.76768
64.8000 1 5473.56672
64.9000 1 5830.08256
65.0000 1 6606.0288
65.1000 1 5767.168
65.2000 1 4687.13472
65.3000 1 6291.456
65.4000 1 5620.36736
65.5000 1 5190.4512
65.6000 1 6794.77248
65.7000 1 5578.42432
65.8000 1 5819.5968
65.9000 1 5987.36896
66.0000 1 5452.5952
66.1000 1 5085.5936
66.2000 1 6239.0272
66.3000 1 5557.4528
66.4000 1 5567.93856
66.5000 1 5861.53984
66.6000 1 6815.744
66.7000 1 5274.33728
66.8000 1 5567.93856
66.9000 1 6668.94336
67.0000 1 5431.62368
67.1000 1 5054.13632
67.2000 1 6406.79936
67.3000 1 5054.13632
67.4000 1 5106.56512
67.5000 1 6427.77088
67.6000 1 5546.96704
67.7000 1 4812.96384
67.8000 1 6931.08736
67.9000 1 5232.39424
68.0000 1 5075.10784
68.1000 1 6469.71392
68.2000 1 6207.56992
68.3000 1 5242.88
68.4000 1 5305.79456
68.5000 1 6480.19968
68.6000 1 5211.42272
68.7000 1 5725.22496
68.8000 1 6637.48608
68.9000 1 5484.05248
69.0000 1 5725.22496
69.1000 1 6501.1712
69.2000 1 5211.42272
69.3000 1 5567.93856
69.4000 1 6123.68384
69.5000 1 5683.28192
69.6000 1 5211.42272
69.7000 1 5788.13952
69.8000 1 6385.82784
69.9000 1 5001.70752
70.0000 1 5379.19488
70.1000 1 5913.96864
70.2000 1 5148.50816
70.3000 1 5892.99712
70.4000 1 6585.05728
70.5000 1 5200.93696
70.6000 1 5861.53984
70.7000 1 7098.85952
70.8000 1 5567.93856
70.9000 1 4844.42112
71.0000 1 6606.0288
71.1000 1 4980.736
71.2000 1 5924.4544
71.3000 1 5903.48288
71.4000 1 5588.91008
71.5000 1 5158.99392
71.6000 1 6008.34048
71.7000 1 5683.28192
71.8000 1 4666.1632
71.9000 1 6417.28512
72.0000 1 5735.71072
72.1000 1 5484.05248
72.2000 1 5505.024
72.3000 1 6689.91488
72.4000 1 5421.13792
72.5000 1 5809.11104
72.6000 1 6805.25824
72.7000 1 5672.79616
72.8000 1 5557.4528
72.9000 1 5945.42592
73.0000 1 6396.3136
73.1000 1 5200.93696
73.2000 1 5872.0256
73.3000 1 6815.744
73.4000 1 5326.76608
73.5000 1 5263.85152
73.6000 1 6511.65696
73.7000 1 5599.39584
73.8000 1 5662.3104
73.9000 1 5945.42592
74.0000 1 5966.39744
74.1000 1 4655.67744
74.2000 1 6123.68384
74.3000 1 5484.05248
74.4000 1 5012.19328
74.5000 1 6259.99872
74.6000 1 6113.19808
74.7000 1 4833.93536
74.8000 1 5714.7392
74.9000 1 6836.71552
75.0000 1 5924.4544
75.1000 1 4928.3072
75.2000 1 6469.71392
75.3000 1 5714.7392
75.4000 1 5955.91168
75.5000 1 6123.68384
75.6000 1 6280.97024
75.7000 1 5892.99712
75.8000 1 5452.5952
75.9000 1 6836.71552
76.0000 1 5117.05088
76.1000 1 5158.99392
76.2000 1 6710.8864
76.3000 1 5777.65376
76.4000 1 4865.39264
76.5000 1 6522.14272
76.6000 1 5851.05408
76.7000 1 4980.736
76.8000 1 5945.42592
76.9000 1 6689.91488
77.0000 1 5641.33888
77.1000 1 4980.736
77.2000 1 6385.82784
77.3000 1 5379.19488
77.4000 1 5830.08256
77.5000 1 6658.4576
77.6000 1 5735.71072
77.7000 1 5620.36736
77.8000 1 5725.22496
77.9000 1 6784.28672
78.0000 1 5442.10944
78.1000 1 5945.42592
78.2000 1 6564.08576
78.3000 1 5651.82464
78.4000 1 4708.10624
78.5000 1 6186.5984
78.6000 1 4917.82144
78.7000 1 5368.70912
78.8000 1 7119.83104
78.9000 1 5012.19328
79.0000 1 5148.50816
79.1000 1 6574.57152
79.2000 1 5452.5952
79.3000 1 5536.48128
79.4000 1 5840.56832
79.5000 1 7235.1744
79.6000 1 5368.70912
79.7000 1 5567.93856
79.8000 1 6920.6016
79.9000 1 5630.85312
80.0000 1 5263.85152
80.1000 1 5851.05408
80.2000 1 6197.08416
80.3000 1 5819.5968
80.4000 1 5326.76608
80.5000 1 6857.68704
80.6000 1 5735.71072
80.7000 1 5358.22336
80.8000 1 6668.94336
80.9000 1 5473.56672
81.0000 1 5305.79456
81.1000 1 5976.8832
81.2000 1 6721.37216
81.3000 1 5043.65056
81.4000 1 5368.70912
81.5000 1 6983.51616
81.6000 1 4980.736
81.7000 1 5997.85472
81.8000 1 6280.97024
81.9000 1 4771.0208
82.0000 1 4970.25024
82.1000 1 6805.25824
82.2000 1 5767.168
82.3000 1 5295.3088
82.4000 1 6364.85632
82.5000 1 5788.13952
82.6000 1 5557.4528
82.7000 1 5536.48128
82.8000 1 5284.82304
82.9000 1 5158.99392
83.0000 1 6301.94176
83.1000 1 6312.42752
83.2000 1 5599.39584
83.3000 1 5777.65376
83.4000 1 6679.42912
83.5000 1 5525.99552
83.6000 1 5830.08256
83.7000 1 6155.14112
83.8000 1 6333.39904
83.9000 1 5651.82464
84.0000 1 5578.42432
84.1000 1 7014.97344
84.2000 1 5525.99552
84.3000 1 5337.25184
84.4000 1 6459.22816
84.5000 1 5620.36736
84.6000 1 5358.22336
84.7000 1 5882.51136
84.8000 1 6532.62848
84.9000 1 5358.22336
85.0000 1 5809.11104
85.1000 1 6794.77248
85.2000 1 5620.36736
85.3000 1 5609.8816
85.4000 1 6018.82624
85.5000 1 6700.40064
85.6000 1 5714.7392
85.7000 1 4854.90688
85.8000 1 6270.48448
85.9000 1 5001.70752
86.0000 1 5966.39744
86.1000 1 6994.00192
86.2000 1 5924.4544
86.3000 1 5337.25184
86.4000 1 5882.51136
86.5000 1 6239.0272
86.6000 1 5452.5952
86.7000 1 5641.33888
86.8000 1 6805.25824
86.9000 1 5609.8816
87.0000 1 5022.67904
87.1000 1 7004.48768
87.2000 1 4875.8784
87.3000 1 5326.76608
87.4000 1 6595.54304
87.5000 1 5389.68064
87.6000 1 5945.42592
87.7000 1 5463.08096
87.8000 1 7109.34528
87.9000 1 5169.47968
88.0000 1 5714.7392
88.1000 1 7025.4592
88.2000 1 5158.99392
88.3000 1 5221.90848
88.4000 1 6291.456
88.5000 1 5263.85152
88.6000 1 5788.13952
88.7000 1 5872.0256
88.8000 1 6123.68384
88.9000 1 5263.85152
89.0000 1 5819.5968
89.1000 1 7088.37376
89.2000 1 5221.90848
89.3000 1 5169.47968
89.4000 1 6710.8864
89.5000 1 5714.7392
89.6000 1 5693.76768
89.7000 1 5735.71072
89.8000 1 6270.48448
89.9000 1 5200.93696
90.0000 1 5358.22336
90.1000 1 6322.91328
90.2000 1 5326.76608
90.3000 1 5117.05088
90.4000 1 6920.6016
90.5000 1 5494.53824
90.6000 1 5536.48128
90.7000 1 6574.57152
90.8000 1 5945.42592
90.9000 1 5421.13792
91.0000 1 5872.0256
91.1000 1 6301.94176
91.2000 1 4288.67584
91.3000 1 5756.68224
91.4000 1 4540.33408
91.5000 1 4655.67744
91.6000 1 7056.91648
91.7000 1 5903.48288
91.8000 1 5788.13952
91.9000 1 5955.91168
92.0000 1 6249.51296
92.1000 1 5672.79616
92.2000 1 5515.50976
92.3000 1 7067.40224
92.4000 1 5756.68224
92.5000 1 5955.91168
92.6000 1 5683.28192
92.7000 1 6731.85792
92.8000 1 5494.53824
92.9000 1 5242.88
93.0000 1 6364.85632
93.1000 1 5672.79616
93.2000 1 5872.0256
93.3000 1 6427.77088
93.4000 1 5987.36896
93.5000 1 5452.5952
93.6000 1 5410.65216
93.7000 1 6511.65696
93.8000 1 6018.82624
93.9000 1 5221.90848
94.0000 1 6606.0288
94.1000 1 5001.70752
94.2000 1 5924.4544
94.3000 1 6501.1712
94.4000 1 4603.24864
94.5000 1 5138.0224
94.6000 1 7056.91648
94.7000 1 5788.13952
94.8000 1 5389.68064
94.9000 1 6511.65696
95.0000 1 7455.37536
95.1000 1 5630.85312
95.2000 1 6291.456
95.3000 1 6176.11264
95.4000 1 7056.91648
95.5000 1 5725.22496
95.6000 1 6364.85632
95.7000 1 6532.62848
95.8000 1 6522.14272
95.9000 1 6553.6
96.0000 1 6448.7424
96.1000 1 5368.70912
96.2000 1 6784.28672
96.3000 1 6207.56992
96.4000 1 5484.05248
96.5000 1 6375.34208
96.6000 1 6280.97024
96.7000 1 6071.25504
96.8000 1 5903.48288
96.9000 1 5567.93856
97.0000 1 6291.456
97.1000 1 6228.54144
97.2000 1 5085.5936
97.3000 1 6962.54464
97.4000 1 6490.68544
97.5000 1 5368.70912
97.6000 1 6207.56992
97.7000 1 6689.91488
97.8000 1 4498.39104
97.9000 1 5714.7392
98.0000 1 6836.71552
98.1000 1 6123.68384
98.2000 1 5609.8816
98.3000 1 6438.25664
98.4000 1 7476.34688
98.5000 1 5609.8816
98.6000 1 5976.8832
98.7000 1 5242.88
98.8000 1 5641.33888
98.9000 1 4697.62048
99.0000 1 6312.42752
99.1000 1 7266.63168
99.2000 1 5022.67904
99.3000 1 5735.71072
99.4000 1 6773.80096
99.5000 1 5966.39744
99.6000 1 5022.67904
99.7000 1 6050.28352
99.8000 1 5284.82304
99.9000 1 4655.67744
100.0000 1 6364.85632
100.1000 1 6459.22816
100.2000 1 6375.34208
100.3000 1 5746.19648
100.4000 1 7130.3168
100.5000 1 6427.77088
100.6000 1 6375.34208
100.7000 1 5263.85152
100.8000 1 7046.43072
100.9000 1 6280.97024
101.0000 1 5735.71072
101.1000 1 5221.90848
101.2000 1 7811.8912
101.3000 1 5840.56832
101.4000 1 5179.96544
101.5000 1 5809.11104
101.6000 1 6228.54144
101.7000 1 4781.50656
101.8000 1 6102.71232
101.9000 1 7717.51936
102.0000 1 6239.0272
102.1000 1 5410.65216
102.2000 1 6322.91328
102.3000 1 7350.51776
102.4000 1 5934.94016
102.5000 1 5830.08256
102.6000 1 6480.19968
102.7000 1 6952.05888
102.8000 1 5966.39744
102.9000 1 5630.85312
103.0000 1 5788.13952
103.1000 1 6501.1712
103.2000 1 5546.96704
103.3000 1 6050.28352
103.4000 1 6239.0272
103.5000 1 6343.8848
103.6000 1 6280.97024
103.7000 1 6144.65536
103.8000 1 6522.14272
103.9000 1 6448.7424
104.0000 1 6228.54144
104.1000 1 5578.42432
104.2000 1 6878.65856
104.3000 1 6532.62848
104.4000 1 5463.08096
104.5000 1 6427.77088
104.6000 1 6710.8864
104.7000 1 6375.34208
104.8000 1 5913.96864
104.9000 1 6029.312
105.0000 1 6438.25664
105.1000 1 5546.96704
105.2000 1 5851.05408
105.3000 1 5892.99712
105.4000 1 6123.68384
105.5000 1 5200.93696
105.6000 1 6039.79776
105.7000 1 6847.20128
105.8000 1 5767.168
105.9000 1 5138.0224
106.0000 1 6647.97184
106.1000 1 6627.00032
106.2000 1 5934.94016
106.3000 1 6071.25504
106.4000 1 6396.3136
106.5000 1 6637.48608
106.6000 1 5295.3088
106.7000 1 6490.68544
106.8000 1 6847.20128
106.9000 1 6543.11424
107.0000 1 5997.85472
107.1000 1 6406.79936
107.2000 1 6448.7424
107.3000 1 6469.71392
107.4000 1 6385.82784
107.5000 1 5326.76608
107.6000 1 6721.37216
107.7000 1 7119.83104
107.8000 1 6354.37056
107.9000 1 5536.48128
108.0000 1 6144.65536
108.1000 1 6606.0288
108.2000 1 6218.05568
108.3000 1 6186.5984
108.4000 1 6102.71232
108.5000 1 7056.91648
108.6000 1 5148.50816
108.7000 1 6291.456
108.8000 1 6647.97184
108.9000 1 6438.25664
109.0000 1 6364.85632
109.1000 1 6459.22816
109.2000 1 5892.99712
109.3000 1 7193.23136
109.4000 1 5085.5936
109.5000 1 5934.94016
109.6000 1 6889.14432
109.7000 1 6155.14112
109.8000 1 5295.3088
109.9000 1 5347.7376
110.0000 1 7654.6048
110.1000 1 5242.88
110.2000 1 5179.96544
110.3000 1 6501.1712
110.4000 1 6029.312
110.5000 1 5924.4544
110.6000 1 5515.50976
110.7000 1 7864.32
110.8000 1 5242.88
110.9000 1 5620.36736
111.0000 1 6322.91328
111.1000 1 6627.00032
111.2000 1 6113.19808
111.3000 1 6438.25664
111.4000 1 5955.91168
111.5000 1 7067.40224
111.6000 1 5463.08096
111.7000 1 6123.68384
111.8000 1 6501.1712
111.9000 1 6427.77088
112.0000 1 5326.76608
112.1000 1 6071.25504
112.2000 1 7298.08896
112.3000 1 5442.10944
112.4000 1 6543.11424
112.5000 1 5033.1648
112.6000 1 7864.32
112.7000 1 6532.62848
112.8000 1 5714.7392
112.9000 1 5075.10784
113.0000 1 6448.7424
113.1000 1 5913.96864
113.2000 1 6050.28352
113.3000 1 6301.94176
113.4000 1 6637.48608
113.5000 1 6270.48448
113.6000 1 5777.65376
113.7000 1 6543.11424
113.8000 1 7077.888
113.9000 1 5494.53824
114.0000 1 6155.14112
114.1000 1 6396.3136
114.2000 1 5767.168
114.3000 1 5672.79616
114.4000 1 6228.54144
114.5000 1 6595.54304
114.6000 1 6333.39904
114.7000 1 5075.10784
114.8000 1 6280.97024
114.9000 1 6710.8864
115.0000 1 5955.91168
115.1000 1 5756.68224
115.2000 1 6501.1712
115.3000 1 7151.28832
115.4000 1 6249.51296
115.5000 1 5305.79456
115.6000 1 6375.34208
115.7000 1 5557.4528
115.8000 1 6375.34208
115.9000 1 6207.56992
116.0000 1 6973.0304
116.1000 1 6060.76928
116.2000 1 6155.14112
116.3000 1 6438.25664
116.4000 1 6616.51456
116.5000 1 6354.37056
116.6000 1 5263.85152
116.7000 1 6354.37056
116.8000 1 7151.28832
116.9000 1 5704.25344
117.0000 1 6333.39904
117.1000 1 6322.91328
117.2000 1 6784.28672
117.3000 1 6060.76928
117.4000 1 6197.08416
117.5000 1 5400.1664
117.6000 1 7465.86112
117.7000 1 5263.85152
117.8000 1 4907.33568
117.9000 1 6102.71232
118.0000 1 4330.61888
118.1000 1 4477.41952
118.2000 1 6417.28512
118.3000 1 5704.25344
118.4000 1 5158.99392
118.5000 1 6522.14272
118.6000 1 5620.36736
118.7000 1 6270.48448
118.8000 1 6249.51296
118.9000 1 5735.71072
119.0000 1 6165.62688
119.1000 1 6459.22816
119.2000 1 6784.28672
119.3000 1 6134.1696
119.4000 1 5096.07936
119.5000 1 5557.4528
119.6000 1 7203.71712
119.7000 1 6364.85632
119.8000 1 5987.36896
119.9000 1 5588.91008
120.0000 1 7497.3184
120.1000 1 5326.76608
120.2000 1 6375.34208
120.3000 1 6228.54144
120.4000 1 7140.80256
120.5000 1 5830.08256
120.6000 1 5242.88
120.7000 1 6627.00032
120.8000 1 7224.68864
120.9000 1 5903.48288
121.0000 1 5714.7392
121.1000 1 6364.85632
121.2000 1 6962.54464
121.3000 1 5934.94016
121.4000 1 6008.34048
121.5000 1 6050.28352
121.6000 1 7371.48928
121.7000 1 5106.56512
121.8000 1 6438.25664
121.9000 1 6291.456
122.0000 1 6679.42912
122.1000 1 5379.19488
122.2000 1 4949.27872
122.3000 1 7686.06208
122.4000 1 5588.91008
122.5000 1 6029.312
122.6000 1 5976.8832
122.7000 1 6941.57312
122.8000 1 6291.456
122.9000 1 5767.168
123.0000 1 5809.11104
123.1000 1 7214.20288
123.2000 1 5525.99552
123.3000 1 6480.19968
123.4000 1 6396.3136
123.5000 1 6668.94336
123.6000 1 6385.82784
123.7000 1 5735.71072
123.8000 1 5840.56832
123.9000 1 7203.71712
124.0000 1 5641.33888
124.1000 1 6291.456
124.2000 1 6018.82624
124.3000 1 6920.6016
124.4000 1 5484.05248
124.5000 1 6071.25504
124.6000 1 6679.42912
124.7000 1 6385.82784
124.8000 1 6029.312
124.9000 1 5358.22336
125.0000 1 6469.71392
125.1000 1 6312.42752
125.2000 1 5630.85312
125.3000 1 5840.56832
125.4000 1 7203.71712
125.5000 1 5609.8816
125.6000 1 6385.82784
125.7000 1 5892.99712
125.8000 1 6962.54464
125.9000 1 6354.37056
126.0000 1 6438.25664
126.1000 1 5295.3088
126.2000 1 7665.09056
126.3000 1 5788.13952
126.4000 1 5735.71072
126.5000 1 6165.62688
126.6000 1 6406.79936
126.7000 1 6385.82784
126.8000 1 5158.99392
126.9000 1 6983.51616
127.0000 1 6134.1696
127.1000 1 6322.91328
127.2000 1 5777.65376
127.3000 1 6899.63008
127.4000 1 6197.08416
127.5000 1 5525.99552
127.6000 1 6490.68544
127.7000 1 6490.68544
127.8000 1 6448.7424
127.9000 1 5169.47968
128.0000 1 6364.85632
128.1000 1 7570.71872
128.2000 1 6165.62688
128.3000 1 5379.19488
128.4000 1 5221.90848
128.5000 1 7801.40544
128.6000 1 6364.85632
128.7000 1 5651.82464
128.8000 1 5337.25184
128.9000 1 5410.65216
129.0000 1 6259.99872
129.1000 1 5746.19648
129.2000 1 7308.57472
129.3000 1 5809.11104
129.4000 1 5746.19648
129.5000 1 6585.05728
129.6000 1 7340.032
129.7000 1 5651.82464
129.8000 1 6396.3136
129.9000 1 6280.97024
130.0000 1 6910.11584
130.1000 1 6186.5984
130.2000 1 6322.91328
130.3000 1 6333.39904
130.4000 1 6270.48448
130.5000 1 6668.94336
130.6000 1 5955.91168
130.7000 1 5546.96704
130.8000 1 7035.94496
130.9000 1 5976.8832
131.0000 1 5515.50976
131.1000 1 6354.37056
131.2000 1 6794.77248
131.3000 1 5263.85152
131.4000 1 5484.05248
131.5000 1 6459.22816
131.6000 1 6469.71392
131.7000 1 6501.1712
131.8000 1 6343.8848
131.9000 1 6134.1696
132.0000 1 6836.71552
132.1000 1 6186.5984
132.2000 1 5358.22336
132.3000 1 6406.79936
132.4000 1 6291.456
132.5000 1 6511.65696
132.6000 1 5326.76608
132.7000 1 7056.91648
132.8000 1 6050.28352
132.9000 1 6029.312
133.0000 1 6396.3136
133.1000 1 6553.6
133.2000 1 4949.27872
133.3000 1 5337.25184
133.4000 1 6585.05728
133.5000 1 6564.08576
133.6000 1 5788.13952
133.7000 1 6259.99872
133.8000 1 6532.62848
133.9000 1 6406.79936
134.0000 1 5138.0224
134.1000 1 6312.42752
134.2000 1 7256.14592
134.3000 1 6155.14112
134.4000 1 5913.96864
134.5000 1 6123.68384
134.6000 1 6815.744
134.7000 1 5022.67904
134.8000 1 4865.39264
134.9000 1 6994.00192
135.0000 1 6973.0304
135.1000 1 6039.79776
135.2000 1 5536.48128
135.3000 1 6585.05728
135.4000 1 6637.48608
135.5000 1 5158.99392
135.6000 1 6522.14272
135.7000 1 6731.85792
135.8000 1 6406.79936
135.9000 1 5117.05088
136.0000 1 5840.56832
136.1000 1 6700.40064
136.2000 1 5389.68064
136.3000 1 5567.93856
136.4000 1 6826.22976
136.5000 1 6176.11264
136.6000 1 5830.08256
136.7000 1 5683.28192
136.8000 1 7560.23296
136.9000 1 5452.5952
137.0000 1 6375.34208
137.1000 1 5389.68064
137.2000 1 6501.1712
137.3000 1 5966.39744
137.4000 1 6385.82784
137.5000 1 6417.28512
137.6000 1 6668.94336
137.7000 1 6511.65696
137.8000 1 5075.10784
137.9000 1 6280.97024
138.0000 1 6794.77248
138.1000 1 5840.56832
138.2000 1 5064.62208
138.3000 1 7444.8896
138.4000 1 5347.7376
138.5000 1 4708.10624
138.6000 1 6155.14112
138.7000 1 6406.79936
138.8000 1 5494.53824
138.9000 1 5934.94016
139.0000 1 7748.97664
139.1000 1 6448.7424
139.2000 1 5200.93696
139.3000 1 5274.33728
139.4000 1 7790.91968
139.5000 1 5158.99392
139.6000 1 6354.37056
139.7000 1 5735.71072
139.8000 1 7077.888
139.9000 1 5903.48288
140.0000 1 5505.024
140.1000 1 6532.62848
140.2000 1 6396.3136
140.3000 1 5452.5952
140.4000 1 5410.65216
140.5000 1 7067.40224
140.6000 1 5830.08256
140.7000 1 5284.82304
140.8000 1 6553.6
140.9000 1 6564.08576
141.0000 1 6406.79936
141.1000 1 6343.8848
141.2000 1 5840.56832
141.3000 1 7014.97344
141.4000 1 5924.4544
141.5000 1 5484.05248
141.6000 1 6710.8864
141.7000 1 6280.97024
141.8000 1 6375.34208
141.9000 1 5232.39424
142.0000 1 7224.68864
142.1000 1 5934.94016
142.2000 1 6018.82624
142.3000 1 6291.456
142.4000 1 6889.14432
142.5000 1 5588.91008
142.6000 1 4970.25024
142.7000 1 6186.5984
142.8000 1 6469.71392
142.9000 1 5347.7376
143.0000 1 5997.85472
143.1000 1 7350.51776
143.2000 1 6752.82944
143.3000 1 5557.4528
143.4000 1 5326.76608
143.5000 1 7476.34688
143.6000 1 5725.22496
143.7000 1 5987.36896
143.8000 1 5987.36896
143.9000 1 6354.37056
144.0000 1 513.80224
