0.1000 1 0.0
0.2000 1 5788.13952
0.3000 1 4928.3072
0.4000 1 6291.456
0.5000 1 4613.7344
0.6000 1 4791.99232
0.7000 1 7035.94496
0.8000 1 4739.56352
0.9000 1 5106.56512
1.0000 1 6448.7424
1.1000 1 4875.8784
1.2000 1 4928.3072
1.3000 1 6899.63008
1.4000 1 5043.65056
1.5000 1 4550.81984
1.6000 1 7014.97344
1.7000 1 4875.8784
1.8000 1 4341.10464
1.9000 1 6983.51616
2.0000 1 5106.56512
2.1000 1 4676.64896
2.2000 1 7140.80256
2.3000 1 5012.19328
2.4000 1 4613.7344
2.5000 1 6375.34208
2.6000 1 5054.13632
2.7000 1 5316.28032
2.8000 1 6490.68544
2.9000 1 5211.42272
3.0000 1 5641.33888
3.1000 1 6742.34368
3.2000 1 4854.90688
3.3000 1 4718.592
3.4000 1 6794.77248
3.5000 1 4791.99232
3.6000 1 4959.76448
3.7000 1 6868.1728
3.8000 1 4676.64896
3.9000 1 5263.85152
4.0000 1 6889.14432
4.1000 1 4823.4496
4.2000 1 5064.62208
4.3000 1 6197.08416
4.4000 1 5148.50816
4.5000 1 5505.024
4.6000 1 6826.22976
4.7000 1 4162.84672
4.8000 1 5326.76608
4.9000 1 6008.34048
5.0000 1 4896.84992
5.1000 1 5819.5968
5.2000 1 5557.4528
5.3000 1 5840.56832
5.4000 1 5400.1664
5.5000 1 6448.7424
5.6000 1 5746.19648
5.7000 1 5200.93696
5.8000 1 7056.91648
5.9000 1 5746.19648
6.0000 1 5064.62208
6.1000 1 6595.54304
6.2000 1 4991.22176
6.3000 1 4445.96224
6.4000 1 7161.77408
6.5000 1 4414.50496
6.6000 1 4194.304
6.7000 1 6249.51296
6.8000 1 5117.05088
6.9000 1 5274.33728
7.0000 1 6249.51296
7.1000 1 4634.70592
7.2000 1 5882.51136
7.3000 1 6092.22656
7.4000 1 4341.10464
7.5000 1 6322.91328
7.6000 1 5662.3104
7.7000 1 5085.5936
7.8000 1 6008.34048
7.9000 1 6343.8848
8.0000 1 4812.96384
8.1000 1 5861.53984
8.2000 1 6480.19968
8.3000 1 5725.22496
8.4000 1 4886.36416
8.5000 1 7161.77408
8.6000 1 5347.7376
8.7000 1 4498.39104
8.8000 1 6731.85792
8.9000 1 5253.36576
9.0000 1 5798.62528
9.1000 1 6364.85632
9.2000 1 5452.5952
9.3000 1 4949.27872
9.4000 1 6280.97024
9.5000 1 5913.96864
9.6000 1 4550.81984
9.7000 1 6280.97024
9.8000 1 6113.19808
9.9000 1 4592.76288
10.0000 1 5997.85472
10.1000 1 5505.024
10.2000 1 5033.1648
10.3000 1 6228.54144
10.4000 1 4267.70432
10.5000 1 4330.61888
10.6000 1 6847.20128
10.7000 1 5169.47968
10.8000 1 5609.8816
10.9000 1 6490.68544
11.0000 1 5043.65056
11.1000 1 4561.3056
11.2000 1 6763.3152
11.3000 1 5043.65056
11.4000 1 4383.04768
11.5000 1 7004.48768
11.6000 1 4938.79296
11.7000 1 5033.1648
11.8000 1 7046.43072
11.9000 1 5043.65056
12.0000 1 5316.28032
12.1000 1 6553.6
12.2000 1 4424.99072
12.3000 1 4928.3072
12.4000 1 5861.53984
12.5000 1 4519.36256
12.6000 1 6396.3136
12.7000 1 4540.33408
12.8000 1 5127.53664
12.9000 1 6375.34208
13.0000 1 4718.592
13.1000 1 4760.53504
13.2000 1 7035.94496
13.3000 1 5505.024
13.4000 1 4278.19008
13.5000 1 6826.22976
13.6000 1 4529.84832
13.7000 1 4875.8784
13.8000 1 6239.0272
13.9000 1 4634.70592
14.0000 1 5892.99712
14.1000 1 5546.96704
14.2000 1 4624.22016
14.3000 1 6522.14272
14.4000 1 5525.99552
14.5000 1 4896.84992
14.6000 1 6155.14112
14.7000 1 5012.19328
14.8000 1 5431.62368
14.9000 1 6427.77088
15.0000 1 5609.8816
15.1000 1 4886.36416
15.2000 1 6186.5984
15.3000 1 5400.1664
15.4000 1 5693.76768
15.5000 1 5767.168
15.6000 1 6155.14112
15.7000 1 4896.84992
15.8000 1 5861.53984
15.9000 1 6427.77088
16.0000 1 4645.19168
16.1000 1 5410.65216
16.2000 1 6207.56992
16.3000 1 4991.22176
16.4000 1 5494.53824
16.5000 1 6511.65696
16.6000 1 4833.93536
16.7000 1 5463.08096
16.8000 1 5546.96704
16.9000 1 5064.62208
17.0000 1 6155.14112
17.1000 1 5641.33888
17.2000 1 5316.28032
17.3000 1 5746.19648
17.4000 1 5274.33728
17.5000 1 4120.90368
17.6000 1 6134.1696
17.7000 1 4771.0208
17.8000 1 5253.36576
17.9000 1 6343.8848
18.0000 1 5179.96544
18.1000 1 4833.93536
18.2000 1 7077.888
18.3000 1 5756.68224
18.4000 1 5211.42272
18.5000 1 6312.42752
18.6000 1 4802.47808
18.7000 1 4802.47808
18.8000 1 6259.99872
18.9000 1 5358.22336
19.0000 1 5012.19328
19.1000 1 7046.43072
19.2000 1 5546.96704
19.3000 1 5117.05088
19.4000 1 6280.97024
19.5000 1 4844.42112
19.6000 1 5599.39584
19.7000 1 6878.65856
19.8000 1 5054.13632
19.9000 1 4760.53504
20.0000 1 7035.94496
20.1000 1 5022.67904
20.2000 1 4655.67744
20.3000 1 7025.4592
20.4000 1 4823.4496
20.5000 1 5138.0224
20.6000 1 6207.56992
20.7000 1 4802.47808
20.8000 1 4645.19168
20.9000 1 6543.11424
21.0000 1 4225.76128
21.1000 1 5567.93856
21.2000 1 5578.42432
21.3000 1 5085.5936
21.4000 1 6113.19808
21.5000 1 5463.08096
21.6000 1 4372.56192
21.7000 1 6123.68384
21.8000 1 4341.10464
21.9000 1 4865.39264
22.0000 1 6197.08416
22.1000 1 4645.19168
22.2000 1 5861.53984
22.3000 1 5054.13632
22.4000 1 4372.56192
22.5000 1 6312.42752
22.6000 1 4424.99072
22.7000 1 5012.19328
22.8000 1 6857.68704
22.9000 1 5662.3104
23.0000 1 4624.22016
23.1000 1 7046.43072
23.2000 1 4896.84992
23.3000 1 5012.19328
23.4000 1 6721.37216
23.5000 1 4791.99232
23.6000 1 5075.10784
23.7000 1 6176.11264
23.8000 1 4466.93376
23.9000 1 5704.25344
24.0000 1 6060.76928
24.1000 1 5295.3088
24.2000 1 5389.68064
24.3000 1 6763.3152
24.4000 1 4812.96384
24.5000 1 5148.50816
24.6000 1 6134.1696
24.7000 1 4624.22016
24.8000 1 6081.7408
24.9000 1 5662.3104
25.0000 1 5106.56512
25.1000 1 5903.48288
25.2000 1 4582.27712
25.3000 1 4194.304
25.4000 1 6270.48448
25.5000 1 4194.304
25.6000 1 5882.51136
25.7000 1 5484.05248
25.8000 1 5431.62368
25.9000 1 5903.48288
26.0000 1 6899.63008
26.1000 1 4477.41952
26.2000 1 5316.28032
26.3000 1 5997.85472
26.4000 1 5809.11104
26.5000 1 4991.22176
26.6000 1 6847.20128
26.7000 1 5410.65216
26.8000 1 5903.48288
26.9000 1 6312.42752
27.0000 1 5106.56512
27.1000 1 5557.4528
27.2000 1 6647.97184
27.3000 1 5022.67904
27.4000 1 4676.64896
27.5000 1 7067.40224
27.6000 1 5798.62528
27.7000 1 5127.53664
27.8000 1 5903.48288
27.9000 1 6343.8848
28.0000 1 4844.42112
28.1000 1 5546.96704
28.2000 1 6385.82784
28.3000 1 5295.3088
28.4000 1 5096.07936
28.5000 1 7182.7456
28.6000 1 5221.90848
28.7000 1 4299.1616
28.8000 1 5809.11104
28.9000 1 4771.0208
29.0000 1 6176.11264
29.1000 1 6301.94176
29.2000 1 4561.3056
29.3000 1 5788.13952
29.4000 1 4466.93376
29.5000 1 5410.65216
29.6000 1 6962.54464
29.7000 1 6836.71552
29.8000 1 4980.736
29.9000 1 5452.5952
30.0000 1 5819.5968
30.1000 1 5599.39584
30.2000 1 4760.53504
30.3000 1 5599.39584
30.4000 1 5389.68064
30.5000 1 6448.7424
30.6000 1 6511.65696
30.7000 1 5242.88
30.8000 1 5421.13792
30.9000 1 7287.6032
31.0000 1 6039.79776
31.1000 1 5421.13792
31.2000 1 5305.79456
31.3000 1 5767.168
31.4000 1 5033.1648
31.5000 1 5861.53984
31.6000 1 6647.97184
31.7000 1 5515.50976
31.8000 1 6039.79776
31.9000 1 5798.62528
32.0000 1 4634.70592
32.1000 1 5442.10944
32.2000 1 6773.80096
32.3000 1 5358.22336
32.4000 1 5473.56672
32.5000 1 6983.51616
32.6000 1 6102.71232
32.7000 1 5525.99552
32.8000 1 5138.0224
32.9000 1 5190.4512
33.0000 1 5809.11104
33.1000 1 5809.11104
33.2000 1 5169.47968
33.3000 1 4718.592
33.4000 1 6826.22976
33.5000 1 5169.47968
33.6000 1 4309.64736
33.7000 1 5777.65376
33.8000 1 4697.62048
33.9000 1 5200.93696
34.0000 1 6155.14112
34.1000 1 4812.96384
34.2000 1 5788.13952
34.3000 1 6868.1728
34.4000 1 4582.27712
34.5000 1 5263.85152
34.6000 1 5892.99712
34.7000 1 4131.38944
34.8000 1 6071.25504
34.9000 1 6239.0272
35.0000 1 5473.56672
35.1000 1 5683.28192
35.2000 1 6952.05888
35.3000 1 5525.99552
35.4000 1 6396.3136
35.5000 1 5872.0256
35.6000 1 4676.64896
35.7000 1 3995.07456
35.8000 1 6784.28672
35.9000 1 4739.56352
36.0000 1 5284.82304
36.1000 1 6155.14112
36.2000 1 5033.1648
36.3000 1 5588.91008
36.4000 1 6102.71232
36.5000 1 4907.33568
36.6000 1 5819.5968
36.7000 1 6417.28512
36.8000 1 5431.62368
36.9000 1 4907.33568
37.0000 1 7046.43072
37.1000 1 5033.1648
37.2000 1 4886.36416
37.3000 1 6585.05728
37.4000 1 5096.07936
37.5000 1 4676.64896
37.6000 1 6553.6
37.7000 1 5494.53824
37.8000 1 5064.62208
37.9000 1 6480.19968
38.0000 1 5054.13632
38.1000 1 4781.50656
38.2000 1 6218.05568
38.3000 1 5683.28192
38.4000 1 5316.28032
38.5000 1 6459.22816
38.6000 1 5316.28032
38.7000 1 5882.51136
38.8000 1 6343.8848
38.9000 1 5630.85312
39.0000 1 5295.3088
39.1000 1 6522.14272
39.2000 1 5693.76768
39.3000 1 5316.28032
39.4000 1 5735.71072
39.5000 1 6134.1696
39.6000 1 5567.93856
39.7000 1 5064.62208
39.8000 1 5316.28032
39.9000 1 5337.25184
40.0000 1 6008.34048
40.1000 1 5746.19648
40.2000 1 5075.10784
40.3000 1 5913.96864
40.4000 1 5588.91008
40.5000 1 4592.76288
40.6000 1 6606.0288
40.7000 1 4875.8784
40.8000 1 5347.7376
40.9000 1 6585.05728
41.0000 1 5588.91008
41.1000 1 5075.10784
41.2000 1 6008.34048
41.3000 1 5358.22336
41.4000 1 5284.82304
41.5000 1 6176.11264
41.6000 1 6134.1696
41.7000 1 5788.13952
41.8000 1 4739.56352
41.9000 1 6973.0304
42.0000 1 5085.5936
42.1000 1 4896.84992
42.2000 1 6920.6016
42.3000 1 4959.76448
42.4000 1 5096.07936
42.5000 1 6543.11424
42.6000 1 5221.90848
42.7000 1 5158.99392
42.8000 1 6270.48448
42.9000 1 4278.19008
43.0000 1 5567.93856
43.1000 1 5379.19488
43.2000 1 5001.70752
43.3000 1 6417.28512
43.4000 1 5274.33728
43.5000 1 5106.56512
43.6000 1 6417.28512
43.7000 1 5326.76608
43.8000 1 5232.39424
43.9000 1 6102.71232
44.0000 1 5536.48128
44.1000 1 4603.24864
44.2000 1 6574.57152
44.3000 1 5179.96544
44.4000 1 5337.25184
44.5000 1 6343.8848
44.6000 1 5337.25184
44.7000 1 5221.90848
44.8000 1 6123.68384
44.9000 1 6207.56992
45.0000 1 4613.7344
45.1000 1 5987.36896
45.2000 1 5997.85472
45.3000 1 4739.56352
45.4000 1 5966.39744
45.5000 1 5872.0256
45.6000 1 4655.67744
45.7000 1 6218.05568
45.8000 1 5043.65056
45.9000 1 4928.3072
46.0000 1 6731.85792
46.1000 1 5148.50816
46.2000 1 4362.07616
46.3000 1 6616.51456
46.4000 1 4718.592
46.5000 1 4823.4496
46.6000 1 6983.51616
46.7000 1 5316.28032
46.8000 1 4750.04928
46.9000 1 6218.05568
47.0000 1 5389.68064
47.1000 1 5001.70752
47.2000 1 7046.43072
47.3000 1 4938.79296
47.4000 1 5138.0224
47.5000 1 6406.79936
47.6000 1 5788.13952
47.7000 1 4456.448
47.8000 1 6081.7408
47.9000 1 5190.4512
48.0000 1 5662.3104
48.1000 1 6920.6016
48.2000 1 5693.76768
48.3000 1 5316.28032
48.4000 1 6092.22656
48.5000 1 6364.85632
48.6000 1 4865.39264
48.7000 1 5588.91008
48.8000 1 5997.85472
48.9000 1 5033.1648
49.0000 1 5693.76768
49.1000 1 6721.37216
49.2000 1 5473.56672
49.3000 1 5546.96704
49.4000 1 6826.22976
49.5000 1 4802.47808
49.6000 1 5138.0224
49.7000 1 6805.25824
49.8000 1 5452.5952
49.9000 1 5452.5952
50.0000 1 6448.7424
50.1000 1 4980.736
50.2000 1 5683.28192
50.3000 1 6113.19808
50.4000 1 5546.96704
50.5000 1 5704.25344
50.6000 1 5494.53824
50.7000 1 5609.8816
50.8000 1 4613.7344
50.9000 1 6543.11424
51.0000 1 4938.79296
51.1000 1 4928.3072
51.2000 1 6301.94176
51.3000 1 4812.96384
51.4000 1 4896.84992
51.5000 1 6239.0272
51.6000 1 4362.07616
51.7000 1 5232.39424
51.8000 1 5819.5968
51.9000 1 5043.65056
52.0000 1 5934.94016
52.1000 1 5892.99712
52.2000 1 5284.82304
52.3000 1 5567.93856
52.4000 1 6102.71232
52.5000 1 4938.79296
52.6000 1 5788.13952
52.7000 1 6689.91488
52.8000 1 5567.93856
52.9000 1 5704.25344
53.0000 1 7077.888
53.1000 1 5326.76608
53.2000 1 4771.0208
53.3000 1 6668.94336
53.4000 1 6176.11264
53.5000 1 4624.22016
53.6000 1 5966.39744
53.7000 1 5892.99712
53.8000 1 4833.93536
53.9000 1 6029.312
54.0000 1 5966.39744
54.1000 1 5515.50976
54.2000 1 5263.85152
54.3000 1 6417.28512
54.4000 1 5452.5952
54.5000 1 4865.39264
54.6000 1 6333.39904
54.7000 1 4938.79296
54.8000 1 5536.48128
54.9000 1 6249.51296
55.0000 1 5525.99552
55.1000 1 4991.22176
55.2000 1 6228.54144
55.3000 1 4571.79136
55.4000 1 5913.96864
55.5000 1 5232.39424
55.6000 1 4404.0192
55.7000 1 6102.71232
55.8000 1 5148.50816
55.9000 1 4980.736
56.0000 1 6333.39904
56.1000 1 5683.28192
56.2000 1 5106.56512
56.3000 1 6438.25664
56.4000 1 4739.56352
56.5000 1 5599.39584
56.6000 1 6249.51296
56.7000 1 4991.22176
56.8000 1 5337.25184
56.9000 1 6647.97184
57.0000 1 5075.10784
57.1000 1 4718.592
57.2000 1 6301.94176
57.3000 1 5054.13632
57.4000 1 4896.84992
57.5000 1 7014.97344
57.6000 1 5431.62368
57.7000 1 5075.10784
57.8000 1 6364.85632
57.9000 1 5683.28192
58.0000 1 4896.84992
58.1000 1 7088.37376
58.2000 1 5138.0224
58.3000 1 4802.47808
58.4000 1 6270.48448
58.5000 1 4991.22176
58.6000 1 4917.82144
58.7000 1 6469.71392
58.8000 1 5263.85152
58.9000 1 4718.592
59.0000 1 6658.4576
59.1000 1 4687.13472
59.2000 1 5117.05088
59.3000 1 6301.94176
59.4000 1 5525.99552
59.5000 1 5819.5968
59.6000 1 6417.28512
59.7000 1 4886.36416
59.8000 1 5714.7392
59.9000 1 6438.25664
60.0000 1 5169.47968
60.1000 1 5683.28192
60.2000 1 6553.6
60.3000 1 6008.34048
60.4000 1 5305.79456
60.5000 1 5463.08096
60.6000 1 6134.1696
60.7000 1 4508.8768
60.8000 1 6134.1696
60.9000 1 4655.67744
61.0000 1 5389.68064
61.1000 1 6627.00032
61.2000 1 6239.0272
61.3000 1 5190.4512
61.4000 1 5368.70912
61.5000 1 6322.91328
61.6000 1 4676.64896
61.7000 1 5767.168
61.8000 1 6301.94176
61.9000 1 5274.33728
62.0000 1 5221.90848
62.1000 1 5997.85472
62.2000 1 5683.28192
62.3000 1 5620.36736
62.4000 1 6721.37216
62.5000 1 5316.28032
62.6000 1 5735.71072
62.7000 1 6417.28512
62.8000 1 5221.90848
62.9000 1 5809.11104
63.0000 1 6134.1696
63.1000 1 5442.10944
63.2000 1 5148.50816
63.3000 1 6186.5984
63.4000 1 5830.08256
63.5000 1 5190.4512
63.6000 1 5767.168
63.7000 1 6878.65856
63.8000 1 4812.96384
63.9000 1 5001.70752
64.0000 1 5934.94016
64.1000 1 5075.10784
64.2000 1 5767.168
64.3000 1 6270.48448
64.4000 1 5263.85152
64.5000 1 5326.76608
64.6000 1 6794.77248
64.7000 1 4907.33568
64.8000 1 4928.3072
64.9000 1 6480.19968
65.0000 1 5022.67904
65.1000 1 5620.36736
65.2000 1 6270.48448
65.3000 1 4676.64896
65.4000 1 5788.13952
65.5000 1 6647.97184
65.6000 1 5211.42272
65.7000 1 5693.76768
65.8000 1 6606.0288
65.9000 1 4299.1616
66.0000 1 5033.1648
66.1000 1 6931.08736
66.2000 1 5651.82464
66.3000 1 5851.05408
66.4000 1 6259.99872
66.5000 1 5232.39424
66.6000 1 4362.07616
66.7000 1 6752.82944
66.8000 1 4634.70592
66.9000 1 5421.13792
67.0000 1 6689.91488
67.1000 1 4970.25024
67.2000 1 5221.90848
67.3000 1 6700.40064
67.4000 1 4194.304
67.5000 1 4718.592
67.6000 1 6679.42912
67.7000 1 5410.65216
67.8000 1 5452.5952
67.9000 1 7046.43072
68.0000 1 5746.19648
68.1000 1 5316.28032
68.2000 1 6280.97024
68.3000 1 5997.85472
68.4000 1 5400.1664
68.5000 1 5368.70912
68.6000 1 6197.08416
68.7000 1 5683.28192
68.8000 1 5106.56512
68.9000 1 6543.11424
69.0000 1 4875.8784
69.1000 1 5127.53664
69.2000 1 6239.0272
69.3000 1 5106.56512
69.4000 1 5400.1664
69.5000 1 6889.14432
69.6000 1 5200.93696
69.7000 1 5200.93696
69.8000 1 6973.0304
69.9000 1 5746.19648
70.0000 1 5651.82464
70.1000 1 6249.51296
70.2000 1 5756.68224
70.3000 1 5819.5968
70.4000 1 5232.39424
70.5000 1 6165.62688
70.6000 1 4980.736
70.7000 1 5809.11104
70.8000 1 6385.82784
70.9000 1 5274.33728
71.0000 1 4844.42112
71.1000 1 6983.51616
71.2000 1 5400.1664
71.3000 1 4424.99072
71.4000 1 6826.22976
71.5000 1 5693.76768
71.6000 1 5033.1648
71.7000 1 6522.14272
71.8000 1 5179.96544
71.9000 1 5001.70752
72.0000 1 6155.14112
72.1000 1 4938.79296
72.2000 1 5138.0224
72.3000 1 6668.94336
72.4000 1 5138.0224
72.5000 1 5473.56672
72.6000 1 6301.94176
72.7000 1 5158.99392
72.8000 1 5861.53984
72.9000 1 6522.14272
73.0000 1 5274.33728
73.1000 1 5714.7392
73.2000 1 6270.48448
73.3000 1 5683.28192
73.4000 1 5861.53984
73.5000 1 5284.82304
73.6000 1 6448.7424
73.7000 1 5400.1664
73.8000 1 5735.71072
73.9000 1 6291.456
74.0000 1 4655.67744
74.1000 1 5704.25344
74.2000 1 6763.3152
74.3000 1 4613.7344
74.4000 1 5012.19328
74.5000 1 6322.91328
74.6000 1 5578.42432
74.7000 1 5714.7392
74.8000 1 7004.48768
74.9000 1 4362.07616
75.0000 1 4299.1616
75.1000 1 6689.91488
75.2000 1 5200.93696
75.3000 1 5400.1664
75.4000 1 6962.54464
75.5000 1 5892.99712
75.6000 1 5221.90848
75.7000 1 6364.85632
75.8000 1 5903.48288
75.9000 1 5473.56672
76.0000 1 5735.71072
76.1000 1 6406.79936
76.2000 1 4645.19168
76.3000 1 5840.56832
76.4000 1 6375.34208
76.5000 1 5484.05248
76.6000 1 5714.7392
76.7000 1 6564.08576
76.8000 1 5788.13952
76.9000 1 5232.39424
77.0000 1 6343.8848
77.1000 1 5861.53984
77.2000 1 5704.25344
77.3000 1 5389.68064
77.4000 1 6197.08416
77.5000 1 5473.56672
77.6000 1 5777.65376
77.7000 1 6469.71392
77.8000 1 5557.4528
77.9000 1 5305.79456
78.0000 1 6899.63008
78.1000 1 5043.65056
78.2000 1 5389.68064
78.3000 1 6280.97024
78.4000 1 5683.28192
78.5000 1 5756.68224
78.6000 1 5347.7376
78.7000 1 5735.71072
78.8000 1 5662.3104
78.9000 1 5452.5952
79.0000 1 5976.8832
79.1000 1 5714.7392
79.2000 1 5442.10944
79.3000 1 6354.37056
79.4000 1 5169.47968
79.5000 1 4823.4496
79.6000 1 6752.82944
79.7000 1 4928.3072
79.8000 1 5284.82304
79.9000 1 6249.51296
80.0000 1 5117.05088
80.1000 1 5410.65216
80.2000 1 6952.05888
80.3000 1 5179.96544
80.4000 1 5798.62528
80.5000 1 6962.54464
80.6000 1 5725.22496
80.7000 1 4959.76448
80.8000 1 6155.14112
80.9000 1 5767.168
81.0000 1 5463.08096
81.1000 1 5536.48128
81.2000 1 6878.65856
81.3000 1 5284.82304
81.4000 1 5379.19488
81.5000 1 6710.8864
81.6000 1 5452.5952
81.7000 1 5725.22496
81.8000 1 6406.79936
81.9000 1 5777.65376
82.0000 1 5169.47968
82.1000 1 5913.96864
82.2000 1 5714.7392
82.3000 1 4540.33408
82.4000 1 6343.8848
82.5000 1 5546.96704
82.6000 1 5578.42432
82.7000 1 5725.22496
82.8000 1 6396.3136
82.9000 1 5138.0224
83.0000 1 5620.36736
83.1000 1 6910.11584
83.2000 1 5777.65376
83.3000 1 5127.53664
83.4000 1 6952.05888
83.5000 1 5379.19488
83.6000 1 4550.81984
83.7000 1 6899.63008
83.8000 1 5525.99552
83.9000 1 4991.22176
84.0000 1 6239.0272
84.1000 1 5179.96544
84.2000 1 5305.79456
84.3000 1 6228.54144
84.4000 1 6008.34048
84.5000 1 5641.33888
84.6000 1 5179.96544
84.7000 1 6102.71232
84.8000 1 4833.93536
84.9000 1 5830.08256
85.0000 1 6186.5984
85.1000 1 5221.90848
85.2000 1 5358.22336
85.3000 1 6763.3152
85.4000 1 5253.36576
85.5000 1 5536.48128
85.6000 1 6994.00192
85.7000 1 5830.08256
85.8000 1 5274.33728
85.9000 1 6239.0272
86.0000 1 6050.28352
86.1000 1 5379.19488
86.2000 1 5347.7376
86.3000 1 5924.4544
86.4000 1 5033.1648
86.5000 1 5788.13952
86.6000 1 6008.34048
86.7000 1 5620.36736
86.8000 1 5158.99392
86.9000 1 6522.14272
87.0000 1 5798.62528
87.1000 1 5064.62208
87.2000 1 7056.91648
87.3000 1 5347.7376
87.4000 1 5662.3104
87.5000 1 6176.11264
87.6000 1 5599.39584
87.7000 1 5620.36736
87.8000 1 5798.62528
87.9000 1 6543.11424
88.0000 1 4330.61888
88.1000 1 5872.0256
88.2000 1 5987.36896
88.3000 1 5725.22496
88.4000 1 5421.13792
88.5000 1 6826.22976
88.6000 1 5746.19648
88.7000 1 5400.1664
88.8000 1 6700.40064
88.9000 1 5725.22496
89.0000 1 5756.68224
89.1000 1 5379.19488
89.2000 1 6763.3152
89.3000 1 5494.53824
89.4000 1 5033.1648
89.5000 1 6941.57312
89.6000 1 5138.0224
89.7000 1 5200.93696
89.8000 1 7067.40224
89.9000 1 5043.65056
90.0000 1 4791.99232
90.1000 1 6868.1728
90.2000 1 5410.65216
90.3000 1 5064.62208
90.4000 1 6553.6
90.5000 1 5054.13632
90.6000 1 5085.5936
90.7000 1 6239.0272
90.8000 1 5054.13632
90.9000 1 5756.68224
91.0000 1 6364.85632
91.1000 1 6113.19808
91.2000 1 5473.56672
91.3000 1 5809.11104
91.4000 1 6343.8848
91.5000 1 5284.82304
91.6000 1 5138.0224
91.7000 1 6962.54464
91.8000 1 4812.96384
91.9000 1 5106.56512
92.0000 1 7004.48768
92.1000 1 5337.25184
92.2000 1 5358.22336
92.3000 1 6427.77088
92.4000 1 5546.96704
92.5000 1 5295.3088
92.6000 1 6197.08416
92.7000 1 5567.93856
92.8000 1 5033.1648
92.9000 1 6165.62688
93.0000 1 5966.39744
93.1000 1 5284.82304
93.2000 1 5525.99552
93.3000 1 5809.11104
93.4000 1 5200.93696
93.5000 1 5714.7392
93.6000 1 5284.82304
93.7000 1 4886.36416
93.8000 1 6186.5984
93.9000 1 5316.28032
94.0000 1 5389.68064
94.1000 1 6511.65696
94.2000 1 5211.42272
94.3000 1 5389.68064
94.4000 1 6176.11264
94.5000 1 6291.456
94.6000 1 5064.62208
94.7000 1 5421.13792
94.8000 1 6668.94336
94.9000 1 5179.96544
95.0000 1 5358.22336
95.1000 1 7444.8896
95.2000 1 5284.82304
95.3000 1 5777.65376
95.4000 1 6113.19808
95.5000 1 5872.0256
95.6000 1 5651.82464
95.7000 1 6259.99872
95.8000 1 7413.43232
95.9000 1 5463.08096
96.0000 1 6239.0272
96.1000 1 5609.8816
96.2000 1 7161.77408
96.3000 1 6186.5984
96.4000 1 6501.1712
96.5000 1 5054.13632
96.6000 1 7885.29152
96.7000 1 5525.99552
96.8000 1 5746.19648
96.9000 1 6134.1696
97.0000 1 6700.40064
97.1000 1 6280.97024
97.2000 1 4823.4496
97.3000 1 5347.7376
97.4000 1 5033.1648
97.5000 1 5525.99552
97.6000 1 6658.4576
97.7000 1 5232.39424
97.8000 1 4718.592
97.9000 1 6406.79936
98.0000 1 5641.33888
98.1000 1 5630.85312
98.2000 1 6773.80096
98.3000 1 5221.90848
98.4000 1 5746.19648
98.5000 1 6018.82624
98.6000 1 6050.28352
98.7000 1 5788.13952
98.8000 1 5138.0224
98.9000 1 6889.14432
99.0000 1 5746.19648
99.1000 1 5326.76608
99.2000 1 6239.0272
99.3000 1 5484.05248
99.4000 1 5221.90848
99.5000 1 6343.8848
99.6000 1 5085.5936
99.7000 1 5693.76768
99.8000 1 6438.25664
99.9000 1 5672.79616
100.0000 1 5672.79616
100.1000 1 5431.62368
100.2000 1 6784.28672
100.3000 1 5756.68224
100.4000 1 5609.8816
100.5000 1 6522.14272
100.6000 1 5358.22336
100.7000 1 5242.88
100.8000 1 6480.19968
100.9000 1 5588.91008
101.0000 1 5630.85312
101.1000 1 5599.39584
101.2000 1 5966.39744
101.3000 1 4750.04928
101.4000 1 6018.82624
101.5000 1 5337.25184
101.6000 1 5851.05408
101.7000 1 5662.3104
101.8000 1 5326.76608
101.9000 1 4938.79296
102.0000 1 6501.1712
102.1000 1 5924.4544
102.2000 1 5326.76608
102.3000 1 5798.62528
102.4000 1 7014.97344
102.5000 1 5536.48128
102.6000 1 5473.56672
102.7000 1 6773.80096
102.8000 1 5379.19488
102.9000 1 5830.08256
103.0000 1 5830.08256
103.1000 1 6459.22816
103.2000 1 5484.05248
103.3000 1 5735.71072
103.4000 1 6532.62848
103.5000 1 5662.3104
103.6000 1 5714.7392
103.7000 1 6134.1696
103.8000 1 6176.11264
103.9000 1 5651.82464
104.0000 1 5431.62368
104.1000 1 6815.744
104.2000 1 5588.91008
104.3000 1 5777.65376
104.4000 1 6427.77088
104.5000 1 5851.05408
104.6000 1 5557.4528
104.7000 1 5410.65216
104.8000 1 6343.8848
104.9000 1 5798.62528
105.0000 1 5274.33728
105.1000 1 6459.22816
105.2000 1 5662.3104
105.3000 1 5431.62368
105.4000 1 6710.8864
105.5000 1 5662.3104
105.6000 1 5882.51136
105.7000 1 5484.05248
105.8000 1 5389.68064
105.9000 1 5022.67904
106.0000 1 6354.37056
106.1000 1 5567.93856
106.2000 1 5515.50976
106.3000 1 5662.3104
106.4000 1 6668.94336
106.5000 1 5274.33728
106.6000 1 5179.96544
106.7000 1 7004.48768
106.8000 1 5777.65376
106.9000 1 5599.39584
107.0000 1 6417.28512
107.1000 1 5588.91008
107.2000 1 5777.65376
107.3000 1 5326.76608
107.4000 1 6878.65856
107.5000 1 5830.08256
107.6000 1 5263.85152
107.7000 1 6658.4576
107.8000 1 5557.4528
107.9000 1 5096.07936
108.0000 1 6689.91488
108.1000 1 5955.91168
108.2000 1 5693.76768
108.3000 1 5211.42272
108.4000 1 7035.94496
108.5000 1 5662.3104
108.6000 1 5714.7392
108.7000 1 6406.79936
108.8000 1 5431.62368
108.9000 1 5326.76608
109.0000 1 6165.62688
109.1000 1 6113.19808
109.2000 1 5200.93696
109.3000 1 5536.48128
109.4000 1 6836.71552
109.5000 1 5452.5952
109.6000 1 5505.024
109.7000 1 6983.51616
109.8000 1 5704.25344
109.9000 1 5253.36576
110.0000 1 6186.5984
110.1000 1 5777.65376
110.2000 1 5693.76768
110.3000 1 5651.82464
110.4000 1 7067.40224
110.5000 1 5232.39424
110.6000 1 5693.76768
110.7000 1 6406.79936
110.8000 1 5337.25184
110.9000 1 5599.39584
111.0000 1 6218.05568
111.1000 1 6008.34048
111.2000 1 5295.3088
111.3000 1 5620.36736
111.4000 1 6899.63008
111.5000 1 5798.62528
111.6000 1 5200.93696
111.7000 1 6973.0304
111.8000 1 5830.08256
111.9000 1 5138.0224
112.0000 1 5924.4544
112.1000 1 6469.71392
112.2000 1 5546.96704
112.3000 1 5117.05088
112.4000 1 6784.28672
112.5000 1 5725.22496
112.6000 1 5463.08096
112.7000 1 6710.8864
112.8000 1 5725.22496
112.9000 1 5295.3088
113.0000 1 5830.08256
113.1000 1 6962.54464
113.2000 1 5588.91008
113.3000 1 5358.22336
113.4000 1 6920.6016
113.5000 1 5767.168
113.6000 1 5421.13792
113.7000 1 5903.48288
113.8000 1 6501.1712
113.9000 1 5830.08256
114.0000 1 5400.1664
114.1000 1 6375.34208
114.2000 1 5033.1648
114.3000 1 5651.82464
114.4000 1 6700.40064
114.5000 1 5211.42272
114.6000 1 5505.024
114.7000 1 6322.91328
114.8000 1 5169.47968
114.9000 1 5022.67904
115.0000 1 6668.94336
115.1000 1 5651.82464
115.2000 1 5200.93696
115.3000 1 5892.99712
115.4000 1 6427.77088
115.5000 1 5662.3104
115.6000 1 5641.33888
115.7000 1 6438.25664
115.8000 1 5033.1648
115.9000 1 5158.99392
116.0000 1 6721.37216
116.1000 1 5704.25344
116.2000 1 5630.85312
116.3000 1 6301.94176
116.4000 1 6081.7408
116.5000 1 5169.47968
116.6000 1 5840.56832
116.7000 1 6805.25824
116.8000 1 5284.82304
116.9000 1 5200.93696
117.0000 1 6543.11424
117.1000 1 5683.28192
117.2000 1 5578.42432
117.3000 1 6448.7424
117.4000 1 5903.48288
117.5000 1 5274.33728
117.6000 1 5735.71072
117.7000 1 6910.11584
117.8000 1 5567.93856
117.9000 1 5463.08096
118.0000 1 6878.65856
118.1000 1 5557.4528
118.2000 1 5158.99392
118.3000 1 6312.42752
118.4000 1 6008.34048
118.5000 1 5662.3104
118.6000 1 5442.10944
118.7000 1 6752.82944
118.8000 1 5609.8816
118.9000 1 5284.82304
119.0000 1 6973.0304
119.1000 1 5756.68224
119.2000 1 5400.1664
119.3000 1 5599.39584
119.4000 1 6543.11424
119.5000 1 5840.56832
119.6000 1 5200.93696
119.7000 1 6249.51296
119.8000 1 5179.96544
119.9000 1 5138.0224
120.0000 1 6889.14432
120.1000 1 5410.65216
120.2000 1 5158.99392
120.3000 1 6689.91488
120.4000 1 5683.28192
120.5000 1 5693.76768
120.6000 1 5809.11104
120.7000 1 6868.1728
120.8000 1 5326.76608
120.9000 1 5232.39424
121.0000 1 6585.05728
121.1000 1 5117.05088
121.2000 1 5127.53664
121.3000 1 6480.19968
121.4000 1 5400.1664
121.5000 1 5693.76768
121.6000 1 6469.71392
121.7000 1 5851.05408
121.8000 1 5484.05248
121.9000 1 5777.65376
122.0000 1 6543.11424
122.1000 1 5263.85152
122.2000 1 5809.11104
122.3000 1 6952.05888
122.4000 1 5641.33888
122.5000 1 5473.56672
122.6000 1 6249.51296
122.7000 1 6039.79776
122.8000 1 5221.90848
122.9000 1 5515.50976
123.0000 1 6291.456
123.1000 1 5463.08096
123.2000 1 5138.0224
123.3000 1 7067.40224
123.4000 1 5463.08096
123.5000 1 5410.65216
123.6000 1 6983.51616
123.7000 1 5316.28032
123.8000 1 5641.33888
123.9000 1 5872.0256
124.0000 1 6805.25824
124.1000 1 5242.88
124.2000 1 5788.13952
124.3000 1 6941.57312
124.4000 1 5525.99552
124.5000 1 5515.50976
124.6000 1 6102.71232
124.7000 1 6564.08576
124.8000 1 5494.53824
124.9000 1 5515.50976
125.0000 1 6952.05888
125.1000 1 5861.53984
125.2000 1 5284.82304
125.3000 1 6197.08416
125.4000 1 6459.22816
125.5000 1 5274.33728
125.6000 1 5200.93696
125.7000 1 6826.22976
125.8000 1 5588.91008
125.9000 1 5840.56832
126.0000 1 6427.77088
126.1000 1 5064.62208
126.2000 1 5704.25344
126.3000 1 6364.85632
126.4000 1 5788.13952
126.5000 1 5609.8816
126.6000 1 5851.05408
126.7000 1 6606.0288
126.8000 1 5473.56672
126.9000 1 5798.62528
127.0000 1 6532.62848
127.1000 1 5777.65376
127.2000 1 5316.28032
127.3000 1 5966.39744
127.4000 1 5892.99712
127.5000 1 5599.39584
127.6000 1 5274.33728
127.7000 1 6186.5984
127.8000 1 5525.99552
127.9000 1 5704.25344
128.0000 1 6983.51616
128.1000 1 5410.65216
128.2000 1 5546.96704
128.3000 1 6574.57152
128.4000 1 6134.1696
128.5000 1 5284.82304
128.6000 1 5809.11104
128.7000 1 6595.54304
128.8000 1 5337.25184
128.9000 1 5012.19328
129.0000 1 6511.65696
129.1000 1 5253.36576
129.2000 1 5442.10944
129.3000 1 6952.05888
129.4000 1 5158.99392
129.5000 1 5211.42272
129.6000 1 6259.99872
129.7000 1 5494.53824
129.8000 1 5368.70912
129.9000 1 6354.37056
130.0000 1 5903.48288
130.1000 1 5232.39424
130.2000 1 5725.22496
130.3000 1 6931.08736
130.4000 1 5536.48128
130.5000 1 5400.1664
130.6000 1 6973.0304
130.7000 1 5221.90848
130.8000 1 5431.62368
130.9000 1 6312.42752
131.0000 1 6050.28352
131.1000 1 5536.48128
131.2000 1 5767.168
131.3000 1 7056.91648
131.4000 1 5284.82304
131.5000 1 5096.07936
131.6000 1 6647.97184
131.7000 1 5567.93856
131.8000 1 5148.50816
131.9000 1 6532.62848
132.0000 1 6165.62688
132.1000 1 5809.11104
132.2000 1 5127.53664
132.3000 1 6710.8864
132.4000 1 5662.3104
132.5000 1 5442.10944
132.6000 1 6794.77248
132.7000 1 5505.024
132.8000 1 5274.33728
132.9000 1 6197.08416
133.0000 1 6679.42912
133.1000 1 5546.96704
133.2000 1 5379.19488
133.3000 1 6941.57312
133.4000 1 5809.11104
133.5000 1 5389.68064
133.6000 1 6207.56992
133.7000 1 5882.51136
133.8000 1 5798.62528
133.9000 1 5274.33728
134.0000 1 6899.63008
134.1000 1 5138.0224
134.2000 1 5651.82464
134.3000 1 6931.08736
134.4000 1 5767.168
134.5000 1 5179.96544
134.6000 1 6155.14112
134.7000 1 6060.76928
134.8000 1 5641.33888
134.9000 1 5693.76768
135.0000 1 6249.51296
135.1000 1 5316.28032
135.2000 1 5756.68224
135.3000 1 6448.7424
135.4000 1 5693.76768
135.5000 1 5379.19488
135.6000 1 6322.91328
135.7000 1 5190.4512
135.8000 1 5620.36736
135.9000 1 6113.19808
136.0000 1 5830.08256
136.1000 1 5085.5936
136.2000 1 5767.168
136.3000 1 6322.91328
136.4000 1 5620.36736
136.5000 1 5798.62528
136.6000 1 6543.11424
136.7000 1 5620.36736
136.8000 1 5672.79616
136.9000 1 6406.79936
137.0000 1 5882.51136
137.1000 1 5693.76768
137.2000 1 5274.33728
137.3000 1 6920.6016
137.4000 1 5200.93696
137.5000 1 5567.93856
137.6000 1 6700.40064
137.7000 1 5578.42432
137.8000 1 5400.1664
137.9000 1 6375.34208
138.0000 1 6155.14112
138.1000 1 5358.22336
138.2000 1 5735.71072
138.3000 1 6406.79936
138.4000 1 5714.7392
138.5000 1 5662.3104
138.6000 1 6564.08576
138.7000 1 5473.56672
138.8000 1 5714.7392
138.9000 1 5955.91168
139.0000 1 5976.8832
139.1000 1 5830.08256
139.2000 1 5242.88
139.3000 1 6878.65856
139.4000 1 5662.3104
139.5000 1 5316.28032
139.6000 1 6973.0304
139.7000 1 5232.39424
139.8000 1 5693.76768
139.9000 1 5851.05408
140.0000 1 6826.22976
140.1000 1 5138.0224
140.2000 1 5221.90848
140.3000 1 7014.97344
140.4000 1 5693.76768
140.5000 1 5683.28192
140.6000 1 6364.85632
140.7000 1 5809.11104
140.8000 1 5725.22496
140.9000 1 5599.39584
141.0000 1 6438.25664
141.1000 1 5148.50816
141.2000 1 5179.96544
141.3000 1 6259.99872
141.4000 1 5179.96544
141.5000 1 5620.36736
141.6000 1 6878.65856
141.7000 1 5756.68224
141.8000 1 5221.90848
141.9000 1 6595.54304
142.0000 1 5892.99712
142.1000 1 5494.53824
142.2000 1 5788.13952
142.3000 1 6417.28512
142.4000 1 5525.99552
142.5000 1 5158.99392
142.6000 1 6585.05728
142.7000 1 5704.25344
142.8000 1 5179.96544
142.9000 1 6270.48448
143.0000 1 5714.7392
143.1000 1 5463.08096
143.2000 1 6207.56992
143.3000 1 6123.68384
143.4000 1 5127.53664
143.5000 1 5473.56672
143.6000 1 6721.37216
143.7000 1 5179.96544
143.8000 1 5630.85312
143.9000 1 6952.05888
144.0000 1 5819.5968
144.1000 1 5096.07936
144.2000 1 6459.22816
144.3000 1 6280.97024
144.4000 1 5714.7392
144.5000 1 5263.85152
144.6000 1 7046.43072
144.7000 1 5232.39424
144.8000 1 5609.8816
144.9000 1 6710.8864
145.0000 1 5484.05248
145.1000 1 5693.76768
145.2000 1 5756.68224
145.3000 1 6532.62848
145.4000 1 5798.62528
145.5000 1 5620.36736
145.6000 1 6679.42912
145.7000 1 5756.68224
145.8000 1 5179.96544
145.9000 1 6343.8848
146.0000 1 5536.48128
146.1000 1 5494.53824
146.2000 1 5735.71072
146.3000 1 7014.97344
146.4000 1 5410.65216
146.5000 1 5588.91008
146.6000 1 6836.71552
146.7000 1 5442.10944
146.8000 1 5798.62528
146.9000 1 5295.3088
