0.1000 1 0.0
0.2000 1 4676.64896
0.3000 1 4613.7344
0.4000 1 5767.168
0.5000 1 4204.78976
0.6000 1 6092.22656
0.7000 1 6333.39904
0.8000 1 4666.1632
0.9000 1 5777.65376
1.0000 1 6857.68704
1.1000 1 4959.76448
1.2000 1 5704.25344
1.3000 1 6406.79936
1.4000 1 5630.85312
1.5000 1 5463.08096
1.6000 1 6742.34368
1.7000 1 5263.85152
1.8000 1 5242.88
1.9000 1 6270.48448
2.0000 1 5861.53984
2.1000 1 4959.76448
2.2000 1 5882.51136
2.3000 1 5840.56832
2.4000 1 5326.76608
2.5000 1 5599.39584
2.6000 1 5735.71072
2.7000 1 5872.0256
2.8000 1 5200.93696
2.9000 1 6773.80096
3.0000 1 4970.25024
3.1000 1 5001.70752
3.2000 1 6197.08416
3.3000 1 5211.42272
3.4000 1 5274.33728
3.5000 1 6700.40064
3.6000 1 5819.5968
3.7000 1 5117.05088
3.8000 1 7350.51776
3.9000 1 4833.93536
4.0000 1 4445.96224
4.1000 1 7350.51776
4.2000 1 5452.5952
4.3000 1 5882.51136
4.4000 1 5484.05248
4.5000 1 6941.57312
4.6000 1 5934.94016
4.7000 1 6039.79776
4.8000 1 6270.48448
4.9000 1 5326.76608
5.0000 1 4991.22176
5.1000 1 6301.94176
5.2000 1 4424.99072
5.3000 1 4424.99072
5.4000 1 6920.6016
5.5000 1 5263.85152
5.6000 1 4540.33408
5.7000 1 7319.06048
5.8000 1 5379.19488
5.9000 1 4729.07776
6.0000 1 7308.57472
6.1000 1 5683.28192
6.2000 1 5431.62368
6.3000 1 5609.8816
6.4000 1 6522.14272
6.5000 1 4666.1632
6.6000 1 5567.93856
6.7000 1 5358.22336
6.8000 1 5075.10784
6.9000 1 6259.99872
7.0000 1 5861.53984
7.1000 1 5966.39744
7.2000 1 5421.13792
7.3000 1 7203.71712
7.4000 1 4833.93536
7.5000 1 4592.76288
7.6000 1 7287.6032
7.7000 1 5106.56512
7.8000 1 5704.25344
7.9000 1 6627.00032
8.0000 1 6039.79776
8.1000 1 4917.82144
8.2000 1 5777.65376
8.3000 1 6071.25504
8.4000 1 5337.25184
8.5000 1 5400.1664
8.6000 1 6417.28512
8.7000 1 5263.85152
8.8000 1 5075.10784
8.9000 1 7067.40224
9.0000 1 5326.76608
9.1000 1 5400.1664
9.2000 1 7067.40224
9.3000 1 5578.42432
9.4000 1 5641.33888
9.5000 1 5809.11104
9.6000 1 6647.97184
9.7000 1 4624.22016
9.8000 1 5515.50976
9.9000 1 6710.8864
10.0000 1 5473.56672
10.1000 1 5683.28192
10.2000 1 6983.51616
10.3000 1 5557.4528
10.4000 1 5609.8816
10.5000 1 5861.53984
10.6000 1 6071.25504
10.7000 1 5525.99552
10.8000 1 5096.07936
10.9000 1 5788.13952
11.0000 1 4739.56352
11.1000 1 6249.51296
11.2000 1 5022.67904
11.3000 1 4288.67584
11.4000 1 6480.19968
11.5000 1 5190.4512
11.6000 1 5127.53664
11.7000 1 6752.82944
11.8000 1 5609.8816
11.9000 1 4760.53504
12.0000 1 6920.6016
12.1000 1 5484.05248
12.2000 1 5651.82464
12.3000 1 5861.53984
12.4000 1 6857.68704
12.5000 1 5033.1648
12.6000 1 5043.65056
12.7000 1 6973.0304
12.8000 1 4938.79296
12.9000 1 5630.85312
13.0000 1 6532.62848
13.1000 1 4466.93376
13.2000 1 4456.448
13.3000 1 6375.34208
13.4000 1 4498.39104
13.5000 1 5851.05408
13.6000 1 4907.33568
13.7000 1 4666.1632
13.8000 1 7151.28832
13.9000 1 4865.39264
14.0000 1 5819.5968
14.1000 1 6050.28352
14.2000 1 6343.8848
14.3000 1 5662.3104
14.4000 1 4760.53504
14.5000 1 7025.4592
14.6000 1 4393.53344
14.7000 1 5316.28032
14.8000 1 6186.5984
14.9000 1 4246.7328
15.0000 1 6354.37056
15.1000 1 5316.28032
15.2000 1 5788.13952
15.3000 1 5546.96704
15.4000 1 6532.62848
15.5000 1 5200.93696
15.6000 1 5064.62208
15.7000 1 6364.85632
15.8000 1 4844.42112
15.9000 1 5588.91008
16.0000 1 6983.51616
16.1000 1 4917.82144
16.2000 1 5169.47968
16.3000 1 7193.23136
16.4000 1 5672.79616
16.5000 1 5494.53824
16.6000 1 6301.94176
16.7000 1 6301.94176
16.8000 1 5704.25344
16.9000 1 4949.27872
17.0000 1 7203.71712
17.1000 1 5945.42592
17.2000 1 5001.70752
17.3000 1 6815.744
17.4000 1 5599.39584
17.5000 1 5232.39424
17.6000 1 5892.99712
17.7000 1 6197.08416
17.8000 1 4718.592
17.9000 1 5851.05408
18.0000 1 6155.14112
18.1000 1 5232.39424
18.2000 1 5358.22336
18.3000 1 5756.68224
18.4000 1 5903.48288
18.5000 1 5379.19488
18.6000 1 6532.62848
18.7000 1 5012.19328
18.8000 1 4949.27872
18.9000 1 6910.11584
19.0000 1 5284.82304
19.1000 1 5138.0224
19.2000 1 6836.71552
19.3000 1 4781.50656
19.4000 1 4529.84832
19.5000 1 6511.65696
19.6000 1 5263.85152
19.7000 1 4949.27872
19.8000 1 5892.99712
19.9000 1 4865.39264
20.0000 1 6018.82624
20.1000 1 6197.08416
20.2000 1 5232.39424
20.3000 1 5819.5968
20.4000 1 7182.7456
20.5000 1 5830.08256
20.6000 1 4613.7344
20.7000 1 6721.37216
20.8000 1 5022.67904
20.9000 1 4676.64896
21.0000 1 6752.82944
21.1000 1 4980.736
21.2000 1 4655.67744
21.3000 1 6396.3136
21.4000 1 4865.39264
21.5000 1 4750.04928
21.6000 1 6071.25504
21.7000 1 5578.42432
21.8000 1 5410.65216
21.9000 1 6396.3136
22.0000 1 5242.88
22.1000 1 5221.90848
22.2000 1 7193.23136
22.3000 1 4624.22016
22.4000 1 5169.47968
22.5000 1 6679.42912
22.6000 1 5431.62368
22.7000 1 5840.56832
22.8000 1 6574.57152
22.9000 1 5620.36736
23.0000 1 4980.736
23.1000 1 6186.5984
23.2000 1 5756.68224
23.3000 1 5578.42432
23.4000 1 5924.4544
23.5000 1 6668.94336
23.6000 1 5431.62368
23.7000 1 5096.07936
23.8000 1 6606.0288
23.9000 1 5117.05088
24.0000 1 5431.62368
24.1000 1 6836.71552
24.2000 1 4487.90528
24.3000 1 5253.36576
24.4000 1 6595.54304
24.5000 1 5442.10944
24.6000 1 5882.51136
24.7000 1 6018.82624
24.8000 1 5442.10944
24.9000 1 5599.39584
25.0000 1 5704.25344
25.1000 1 5934.94016
25.2000 1 5253.36576
25.3000 1 5567.93856
25.4000 1 5704.25344
25.5000 1 5630.85312
25.6000 1 6029.312
25.7000 1 6952.05888
25.8000 1 4833.93536
25.9000 1 5138.0224
26.0000 1 6574.57152
26.1000 1 4466.93376
26.2000 1 4907.33568
26.3000 1 6018.82624
26.4000 1 5232.39424
26.5000 1 5505.024
26.6000 1 5525.99552
26.7000 1 5295.3088
26.8000 1 5955.91168
26.9000 1 5358.22336
27.0000 1 4666.1632
27.1000 1 6532.62848
27.2000 1 5484.05248
27.3000 1 4896.84992
27.4000 1 6574.57152
27.5000 1 5903.48288
27.6000 1 5326.76608
27.7000 1 5525.99552
27.8000 1 6239.0272
27.9000 1 5368.70912
28.0000 1 5442.10944
28.1000 1 6606.0288
28.2000 1 5075.10784
28.3000 1 5924.4544
28.4000 1 6700.40064
28.5000 1 5484.05248
28.6000 1 5683.28192
28.7000 1 6102.71232
28.8000 1 6773.80096
28.9000 1 5410.65216
29.0000 1 5347.7376
29.1000 1 6910.11584
29.2000 1 5033.1648
29.3000 1 5368.70912
29.4000 1 6627.00032
29.5000 1 5788.13952
29.6000 1 4928.3072
29.7000 1 6511.65696
29.8000 1 5725.22496
29.9000 1 5200.93696
30.0000 1 5851.05408
30.1000 1 6312.42752
30.2000 1 5788.13952
30.3000 1 5494.53824
30.4000 1 7109.34528
30.5000 1 5096.07936
30.6000 1 5525.99552
30.7000 1 6459.22816
30.8000 1 4812.96384
30.9000 1 4424.99072
31.0000 1 6396.3136
31.1000 1 5421.13792
31.2000 1 5851.05408
31.3000 1 6574.57152
31.4000 1 5819.5968
31.5000 1 5536.48128
31.6000 1 5505.024
31.7000 1 6333.39904
31.8000 1 5158.99392
31.9000 1 5221.90848
32.0000 1 6239.0272
32.1000 1 5567.93856
32.2000 1 4980.736
32.3000 1 6752.82944
32.4000 1 5054.13632
32.5000 1 4907.33568
32.6000 1 6805.25824
32.7000 1 4844.42112
32.8000 1 5347.7376
32.9000 1 6574.57152
33.0000 1 5683.28192
33.1000 1 5788.13952
33.2000 1 6910.11584
33.3000 1 5735.71072
33.4000 1 5672.79616
33.5000 1 5316.28032
33.6000 1 6438.25664
33.7000 1 4697.62048
33.8000 1 5892.99712
33.9000 1 6553.6
34.0000 1 4257.21856
34.1000 1 5714.7392
34.2000 1 6228.54144
34.3000 1 5284.82304
34.4000 1 5211.42272
34.5000 1 5892.99712
34.6000 1 4708.10624
34.7000 1 6207.56992
34.8000 1 6312.42752
34.9000 1 4687.13472
35.0000 1 5767.168
35.1000 1 5955.91168
35.2000 1 4771.0208
35.3000 1 6029.312
35.4000 1 5232.39424
35.5000 1 4351.5904
35.6000 1 6259.99872
35.7000 1 4236.24704
35.8000 1 5064.62208
35.9000 1 6385.82784
36.0000 1 4498.39104
36.1000 1 5840.56832
36.2000 1 6018.82624
36.3000 1 5913.96864
36.4000 1 5190.4512
36.5000 1 7172.25984
36.6000 1 4760.53504
36.7000 1 5809.11104
36.8000 1 6627.00032
36.9000 1 4938.79296
37.0000 1 4508.8768
37.1000 1 6689.91488
37.2000 1 5253.36576
37.3000 1 5484.05248
37.4000 1 6983.51616
37.5000 1 5179.96544
37.6000 1 5001.70752
37.7000 1 6606.0288
37.8000 1 5924.4544
37.9000 1 4571.79136
38.0000 1 6270.48448
38.1000 1 4393.53344
38.2000 1 5169.47968
38.3000 1 6857.68704
38.4000 1 5022.67904
38.5000 1 5588.91008
38.6000 1 6364.85632
38.7000 1 6532.62848
38.8000 1 5725.22496
38.9000 1 4561.3056
39.0000 1 6784.28672
39.1000 1 5567.93856
39.2000 1 5138.0224
39.3000 1 6616.51456
39.4000 1 5725.22496
39.5000 1 5819.5968
39.6000 1 6207.56992
39.7000 1 5337.25184
39.8000 1 4592.76288
39.9000 1 6826.22976
40.0000 1 4592.76288
40.1000 1 4288.67584
40.2000 1 6291.456
40.3000 1 5295.3088
40.4000 1 5211.42272
40.5000 1 6899.63008
40.6000 1 5295.3088
40.7000 1 4812.96384
40.8000 1 6574.57152
40.9000 1 5347.7376
41.0000 1 5777.65376
41.1000 1 6679.42912
41.2000 1 5735.71072
41.3000 1 5767.168
41.4000 1 5211.42272
41.5000 1 5976.8832
41.6000 1 4613.7344
41.7000 1 6186.5984
41.8000 1 5620.36736
41.9000 1 5169.47968
42.0000 1 6018.82624
42.1000 1 5672.79616
42.2000 1 5085.5936
42.3000 1 6018.82624
42.4000 1 5683.28192
42.5000 1 4582.27712
42.6000 1 6438.25664
42.7000 1 5882.51136
42.8000 1 5295.3088
42.9000 1 5630.85312
43.0000 1 6354.37056
43.1000 1 5484.05248
43.2000 1 4907.33568
43.3000 1 5903.48288
43.4000 1 5169.47968
43.5000 1 5588.91008
43.6000 1 6050.28352
43.7000 1 5358.22336
43.8000 1 5442.10944
43.9000 1 7119.83104
44.0000 1 5295.3088
44.1000 1 4540.33408
44.2000 1 6469.71392
44.3000 1 5106.56512
44.4000 1 5358.22336
44.5000 1 6868.1728
44.6000 1 5714.7392
44.7000 1 5358.22336
44.8000 1 6815.744
44.9000 1 5253.36576
45.0000 1 5987.36896
45.1000 1 5546.96704
45.2000 1 6994.00192
45.3000 1 5515.50976
45.4000 1 4624.22016
45.5000 1 7214.20288
45.6000 1 4949.27872
45.7000 1 4886.36416
45.8000 1 6438.25664
45.9000 1 5106.56512
46.0000 1 5138.0224
46.1000 1 6647.97184
46.2000 1 5809.11104
46.3000 1 5337.25184
46.4000 1 6763.3152
46.5000 1 6218.05568
46.6000 1 5117.05088
46.7000 1 5809.11104
46.8000 1 6710.8864
46.9000 1 4865.39264
47.0000 1 5924.4544
47.1000 1 6616.51456
47.2000 1 5284.82304
47.3000 1 5379.19488
47.4000 1 6763.3152
47.5000 1 5033.1648
47.6000 1 5221.90848
47.7000 1 6522.14272
47.8000 1 5347.7376
47.9000 1 5001.70752
48.0000 1 6385.82784
48.1000 1 5599.39584
48.2000 1 5179.96544
48.3000 1 6008.34048
48.4000 1 6165.62688
48.5000 1 4875.8784
48.6000 1 5735.71072
48.7000 1 6259.99872
48.8000 1 5200.93696
48.9000 1 5253.36576
49.0000 1 6742.34368
49.1000 1 5232.39424
49.2000 1 4833.93536
49.3000 1 6773.80096
49.4000 1 5756.68224
49.5000 1 5117.05088
49.6000 1 6312.42752
49.7000 1 4592.76288
49.8000 1 5127.53664
49.9000 1 7245.66016
50.0000 1 6018.82624
50.1000 1 4550.81984
50.2000 1 7067.40224
50.3000 1 4508.8768
50.4000 1 4299.1616
50.5000 1 6312.42752
50.6000 1 4362.07616
50.7000 1 5756.68224
50.8000 1 5043.65056
50.9000 1 5138.0224
51.0000 1 6480.19968
51.1000 1 5295.3088
51.2000 1 4372.56192
51.3000 1 6647.97184
51.4000 1 4854.90688
51.5000 1 4865.39264
51.6000 1 6280.97024
51.7000 1 4299.1616
51.8000 1 5347.7376
51.9000 1 6459.22816
52.0000 1 5683.28192
52.1000 1 5452.5952
52.2000 1 6752.82944
52.3000 1 5620.36736
52.4000 1 5117.05088
52.5000 1 6805.25824
52.6000 1 5505.024
52.7000 1 5976.8832
52.8000 1 5358.22336
52.9000 1 5242.88
53.0000 1 5379.19488
53.1000 1 6123.68384
53.2000 1 6878.65856
53.3000 1 5400.1664
53.4000 1 4886.36416
53.5000 1 6773.80096
53.6000 1 4246.7328
53.7000 1 5347.7376
53.8000 1 5494.53824
53.9000 1 5148.50816
54.0000 1 6123.68384
54.1000 1 5295.3088
54.2000 1 4791.99232
54.3000 1 6480.19968
54.4000 1 5106.56512
54.5000 1 4550.81984
54.6000 1 7172.25984
54.7000 1 5263.85152
54.8000 1 5263.85152
54.9000 1 6354.37056
55.0000 1 5305.79456
55.1000 1 5190.4512
55.2000 1 6259.99872
55.3000 1 5085.5936
55.4000 1 4466.93376
55.5000 1 6312.42752
55.6000 1 5211.42272
55.7000 1 5442.10944
55.8000 1 6994.00192
55.9000 1 5641.33888
56.0000 1 5190.4512
56.1000 1 5934.94016
56.2000 1 6616.51456
56.3000 1 4645.19168
56.4000 1 5505.024
56.5000 1 6176.11264
56.6000 1 5221.90848
56.7000 1 5326.76608
56.8000 1 5452.5952
56.9000 1 4278.19008
57.0000 1 6280.97024
57.1000 1 5158.99392
57.2000 1 5588.91008
57.3000 1 6815.744
57.4000 1 5326.76608
57.5000 1 5788.13952
57.6000 1 5672.79616
57.7000 1 6406.79936
57.8000 1 5704.25344
57.9000 1 5788.13952
58.0000 1 7161.77408
58.1000 1 4613.7344
58.2000 1 5075.10784
58.3000 1 6721.37216
58.4000 1 5337.25184
58.5000 1 5221.90848
58.6000 1 6679.42912
58.7000 1 4917.82144
58.8000 1 5106.56512
58.9000 1 6354.37056
59.0000 1 5704.25344
59.1000 1 5609.8816
59.2000 1 5788.13952
59.3000 1 6207.56992
59.4000 1 5505.024
59.5000 1 5117.05088
59.6000 1 6637.48608
59.7000 1 5022.67904
59.8000 1 5085.5936
59.9000 1 6689.91488
60.0000 1 4613.7344
60.1000 1 5442.10944
60.2000 1 6081.7408
60.3000 1 5347.7376
60.4000 1 5337.25184
60.5000 1 5892.99712
60.6000 1 5138.0224
60.7000 1 5735.71072
60.8000 1 6113.19808
60.9000 1 5872.0256
61.0000 1 4771.0208
61.1000 1 5767.168
61.2000 1 4173.33248
61.3000 1 6375.34208
61.4000 1 5274.33728
61.5000 1 4215.27552
61.6000 1 6322.91328
61.7000 1 5179.96544
61.8000 1 5546.96704
61.9000 1 7098.85952
62.0000 1 5578.42432
62.1000 1 4624.22016
62.2000 1 6794.77248
62.3000 1 5274.33728
62.4000 1 5232.39424
62.5000 1 6259.99872
62.6000 1 5819.5968
62.7000 1 4404.0192
62.8000 1 6322.91328
62.9000 1 5567.93856
63.0000 1 5830.08256
63.1000 1 5672.79616
63.2000 1 6291.456
63.3000 1 5830.08256
63.4000 1 4645.19168
63.5000 1 6291.456
63.6000 1 5368.70912
63.7000 1 5263.85152
63.8000 1 6889.14432
63.9000 1 4854.90688
64.0000 1 5599.39584
64.1000 1 6343.8848
64.2000 1 5253.36576
64.3000 1 5452.5952
64.4000 1 6459.22816
64.5000 1 4456.448
64.6000 1 4802.47808
64.7000 1 5714.7392
64.8000 1 5169.47968
64.9000 1 5882.51136
65.0000 1 5924.4544
65.1000 1 4917.82144
65.2000 1 5924.4544
65.3000 1 7004.48768
65.4000 1 5379.19488
65.5000 1 5525.99552
65.6000 1 7172.25984
65.7000 1 5389.68064
65.8000 1 5630.85312
65.9000 1 5777.65376
66.0000 1 6375.34208
66.1000 1 5872.0256
66.2000 1 5232.39424
66.3000 1 7119.83104
66.4000 1 5442.10944
66.5000 1 5242.88
66.6000 1 6595.54304
66.7000 1 4844.42112
66.8000 1 4341.10464
66.9000 1 6438.25664
67.0000 1 4414.50496
67.1000 1 5127.53664
67.2000 1 6595.54304
67.3000 1 5484.05248
67.4000 1 5819.5968
67.5000 1 6962.54464
67.6000 1 5148.50816
67.7000 1 4424.99072
67.8000 1 6364.85632
67.9000 1 5221.90848
68.0000 1 4896.84992
68.1000 1 7109.34528
68.2000 1 5347.7376
68.3000 1 5358.22336
68.4000 1 6679.42912
68.5000 1 5955.91168
68.6000 1 4928.3072
68.7000 1 5830.08256
68.8000 1 6249.51296
68.9000 1 5200.93696
69.0000 1 5316.28032
69.1000 1 6186.5984
69.2000 1 5578.42432
69.3000 1 5756.68224
69.4000 1 6637.48608
69.5000 1 5903.48288
69.6000 1 5117.05088
69.7000 1 6700.40064
69.8000 1 5484.05248
69.9000 1 4949.27872
70.0000 1 6396.3136
70.1000 1 5494.53824
70.2000 1 5588.91008
70.3000 1 5892.99712
70.4000 1 6469.71392
70.5000 1 5777.65376
70.6000 1 5840.56832
70.7000 1 6857.68704
70.8000 1 4351.5904
70.9000 1 4257.21856
71.0000 1 6501.1712
71.1000 1 5274.33728
71.2000 1 4802.47808
71.3000 1 7214.20288
71.4000 1 4383.04768
71.5000 1 5064.62208
71.6000 1 5620.36736
71.7000 1 5127.53664
71.8000 1 5997.85472
71.9000 1 5809.11104
72.0000 1 4959.76448
72.1000 1 6071.25504
72.2000 1 5882.51136
72.3000 1 4540.33408
72.4000 1 6343.8848
72.5000 1 5892.99712
72.6000 1 5683.28192
72.7000 1 5442.10944
72.8000 1 6522.14272
72.9000 1 5903.48288
73.0000 1 4383.04768
73.1000 1 6280.97024
73.2000 1 5284.82304
73.3000 1 5599.39584
73.4000 1 6543.11424
73.5000 1 5620.36736
73.6000 1 5767.168
73.7000 1 6480.19968
73.8000 1 5955.91168
73.9000 1 5861.53984
74.0000 1 5924.4544
74.1000 1 6585.05728
74.2000 1 5735.71072
74.3000 1 4865.39264
74.4000 1 6469.71392
74.5000 1 5263.85152
74.6000 1 4823.4496
74.7000 1 6752.82944
74.8000 1 5075.10784
74.9000 1 5337.25184
75.0000 1 6815.744
75.1000 1 4729.07776
75.2000 1 5200.93696
75.3000 1 6805.25824
75.4000 1 4938.79296
75.5000 1 5620.36736
75.6000 1 6249.51296
75.7000 1 5777.65376
75.8000 1 5442.10944
75.9000 1 5903.48288
76.0000 1 6700.40064
76.1000 1 5861.53984
76.2000 1 5452.5952
76.3000 1 6585.05728
76.4000 1 4697.62048
76.5000 1 5096.07936
76.6000 1 6375.34208
76.7000 1 4466.93376
76.8000 1 5033.1648
76.9000 1 6511.65696
77.0000 1 5872.0256
77.1000 1 4865.39264
77.2000 1 6239.0272
77.3000 1 5777.65376
77.4000 1 5756.68224
77.5000 1 6480.19968
77.6000 1 6259.99872
77.7000 1 5410.65216
77.8000 1 5767.168
77.9000 1 6731.85792
78.0000 1 5693.76768
78.1000 1 4823.4496
78.2000 1 7004.48768
78.3000 1 4341.10464
78.4000 1 5127.53664
78.5000 1 6385.82784
78.6000 1 5578.42432
78.7000 1 5903.48288
78.8000 1 6396.3136
78.9000 1 6197.08416
79.0000 1 4708.10624
79.1000 1 5861.53984
79.2000 1 6742.34368
79.3000 1 5064.62208
79.4000 1 5337.25184
79.5000 1 7235.1744
79.6000 1 5347.7376
79.7000 1 5767.168
79.8000 1 6406.79936
79.9000 1 5746.19648
80.0000 1 4582.27712
80.1000 1 6427.77088
80.2000 1 6333.39904
80.3000 1 5085.5936
80.4000 1 5326.76608
80.5000 1 6920.6016
80.6000 1 5819.5968
80.7000 1 4320.13312
80.8000 1 6270.48448
80.9000 1 5138.0224
81.0000 1 5735.71072
81.1000 1 7172.25984
81.2000 1 5830.08256
81.3000 1 5305.79456
81.4000 1 6176.11264
81.5000 1 6354.37056
81.6000 1 5599.39584
81.7000 1 5851.05408
81.8000 1 6710.8864
81.9000 1 5578.42432
82.0000 1 4634.70592
82.1000 1 6417.28512
82.2000 1 5274.33728
82.3000 1 5148.50816
82.4000 1 6448.7424
82.5000 1 5494.53824
82.6000 1 5819.5968
82.7000 1 6029.312
82.8000 1 6134.1696
82.9000 1 4896.84992
83.0000 1 5756.68224
83.1000 1 6123.68384
83.2000 1 5106.56512
83.3000 1 5578.42432
83.4000 1 6742.34368
83.5000 1 5924.4544
83.6000 1 5819.5968
83.7000 1 6627.00032
83.8000 1 5903.48288
83.9000 1 5274.33728
84.0000 1 5767.168
84.1000 1 6773.80096
84.2000 1 5284.82304
84.3000 1 5672.79616
84.4000 1 6396.3136
84.5000 1 5536.48128
84.6000 1 5756.68224
84.7000 1 6354.37056
84.8000 1 6333.39904
84.9000 1 5190.4512
85.0000 1 5190.4512
85.1000 1 6773.80096
85.2000 1 5305.79456
85.3000 1 5242.88
85.4000 1 6752.82944
85.5000 1 5798.62528
85.6000 1 5505.024
85.7000 1 6564.08576
85.8000 1 5924.4544
85.9000 1 5337.25184
86.0000 1 5494.53824
86.1000 1 6438.25664
86.2000 1 5096.07936
86.3000 1 5263.85152
86.4000 1 6836.71552
86.5000 1 5830.08256
86.6000 1 5546.96704
86.7000 1 6899.63008
86.8000 1 6050.28352
86.9000 1 5955.91168
87.0000 1 5337.25184
87.1000 1 7140.80256
87.2000 1 5567.93856
87.3000 1 5735.71072
87.4000 1 6113.19808
87.5000 1 6480.19968
87.6000 1 5232.39424
87.7000 1 5609.8816
87.8000 1 6742.34368
87.9000 1 5735.71072
88.0000 1 5903.48288
88.1000 1 6186.5984
88.2000 1 4980.736
88.3000 1 5452.5952
88.4000 1 6270.48448
88.5000 1 6836.71552
88.6000 1 5609.8816
88.7000 1 5515.50976
88.8000 1 7067.40224
88.9000 1 5431.62368
89.0000 1 5851.05408
89.1000 1 5903.48288
89.2000 1 6606.0288
89.3000 1 5830.08256
89.4000 1 5934.94016
89.5000 1 6543.11424
89.6000 1 5903.48288
89.7000 1 5851.05408
89.8000 1 5012.19328
89.9000 1 6637.48608
90.0000 1 5421.13792
90.1000 1 5117.05088
90.2000 1 6836.71552
90.3000 1 5473.56672
90.4000 1 5861.53984
90.5000 1 6532.62848
90.6000 1 6018.82624
90.7000 1 5400.1664
90.8000 1 5389.68064
90.9000 1 6239.0272
91.0000 1 5221.90848
91.1000 1 5253.36576
91.2000 1 6249.51296
91.3000 1 4561.3056
91.4000 1 6008.34048
91.5000 1 5379.19488
91.6000 1 4173.33248
91.7000 1 6218.05568
91.8000 1 5127.53664
91.9000 1 5221.90848
92.0000 1 6868.1728
92.1000 1 5242.88
92.2000 1 5851.05408
92.3000 1 6144.65536
92.4000 1 6249.51296
92.5000 1 5400.1664
92.6000 1 5714.7392
92.7000 1 7014.97344
92.8000 1 5997.85472
92.9000 1 5410.65216
93.0000 1 6197.08416
93.1000 1 6385.82784
93.2000 1 5368.70912
93.3000 1 5672.79616
93.4000 1 6889.14432
93.5000 1 5536.48128
93.6000 1 5777.65376
93.7000 1 6280.97024
93.8000 1 5913.96864
93.9000 1 5609.8816
94.0000 1 5452.5952
94.1000 1 6333.39904
94.2000 1 5714.7392
94.3000 1 5976.8832
94.4000 1 6595.54304
94.5000 1 5672.79616
94.6000 1 5337.25184
94.7000 1 6050.28352
94.8000 1 6931.08736
94.9000 1 5242.88
95.0000 1 5903.48288
95.1000 1 7056.91648
95.2000 1 5798.62528
95.3000 1 5421.13792
95.4000 1 5567.93856
95.5000 1 7056.91648
95.6000 1 4613.7344
95.7000 1 5200.93696
95.8000 1 7140.80256
95.9000 1 5410.65216
96.0000 1 5819.5968
96.1000 1 6595.54304
96.2000 1 6417.28512
96.3000 1 5274.33728
96.4000 1 5861.53984
96.5000 1 6710.8864
96.6000 1 5777.65376
96.7000 1 5609.8816
96.8000 1 6354.37056
96.9000 1 6144.65536
97.0000 1 5190.4512
97.1000 1 5431.62368
97.2000 1 6406.79936
97.3000 1 5767.168
97.4000 1 5892.99712
97.5000 1 6700.40064
97.6000 1 5620.36736
97.7000 1 5494.53824
97.8000 1 6008.34048
97.9000 1 6469.71392
98.0000 1 5777.65376
98.1000 1 5851.05408
98.2000 1 7035.94496
98.3000 1 5400.1664
98.4000 1 5892.99712
98.5000 1 5442.10944
98.6000 1 6952.05888
98.7000 1 5725.22496
98.8000 1 5945.42592
98.9000 1 6532.62848
99.0000 1 6081.7408
99.1000 1 5463.08096
99.2000 1 5756.68224
99.3000 1 7067.40224
99.4000 1 5945.42592
99.5000 1 5295.3088
99.6000 1 6343.8848
99.7000 1 6312.42752
99.8000 1 5505.024
99.9000 1 5452.5952
100.0000 1 6794.77248
100.1000 1 5861.53984
100.2000 1 5305.79456
100.3000 1 6595.54304
100.4000 1 5976.8832
100.5000 1 5746.19648
100.6000 1 5651.82464
100.7000 1 6763.3152
100.8000 1 5830.08256
100.9000 1 5442.10944
101.0000 1 6564.08576
101.1000 1 5840.56832
101.2000 1 5819.5968
101.3000 1 5358.22336
101.4000 1 7203.71712
101.5000 1 5819.5968
101.6000 1 5693.76768
101.7000 1 6239.0272
101.8000 1 6207.56992
101.9000 1 5903.48288
102.0000 1 5494.53824
102.1000 1 6920.6016
102.2000 1 5746.19648
102.3000 1 5484.05248
102.4000 1 6176.11264
102.5000 1 6239.0272
102.6000 1 5190.4512
102.7000 1 5326.76608
102.8000 1 6815.744
102.9000 1 5599.39584
103.0000 1 5882.51136
103.1000 1 6637.48608
103.2000 1 5358.22336
103.3000 1 5913.96864
103.4000 1 5609.8816
103.5000 1 6627.00032
103.6000 1 5777.65376
103.7000 1 5777.65376
103.8000 1 7046.43072
103.9000 1 5599.39584
104.0000 1 5578.42432
104.1000 1 6018.82624
104.2000 1 6585.05728
104.3000 1 5987.36896
104.4000 1 5934.94016
104.5000 1 6228.54144
104.6000 1 5934.94016
104.7000 1 5578.42432
104.8000 1 5253.36576
104.9000 1 6658.4576
105.0000 1 5830.08256
105.1000 1 5840.56832
105.2000 1 6847.20128
105.3000 1 5798.62528
105.4000 1 5756.68224
105.5000 1 5567.93856
105.6000 1 7193.23136
105.7000 1 6102.71232
105.8000 1 5431.62368
105.9000 1 5976.8832
106.0000 1 6522.14272
106.1000 1 5756.68224
106.2000 1 5263.85152
106.3000 1 6700.40064
106.4000 1 5662.3104
106.5000 1 5379.19488
106.6000 1 6689.91488
106.7000 1 5683.28192
106.8000 1 5756.68224
106.9000 1 5683.28192
107.0000 1 6784.28672
107.1000 1 5326.76608
107.2000 1 5242.88
107.3000 1 6417.28512
107.4000 1 5263.85152
107.5000 1 5452.5952
107.6000 1 7077.888
107.7000 1 5630.85312
107.8000 1 5221.90848
107.9000 1 5872.0256
108.0000 1 6532.62848
108.1000 1 5913.96864
108.2000 1 5253.36576
108.3000 1 6668.94336
108.4000 1 5882.51136
108.5000 1 5484.05248
108.6000 1 6228.54144
108.7000 1 6406.79936
108.8000 1 5725.22496
108.9000 1 5830.08256
109.0000 1 6826.22976
109.1000 1 5913.96864
109.2000 1 5368.70912
109.3000 1 6029.312
109.4000 1 6710.8864
109.5000 1 5987.36896
109.6000 1 5903.48288
109.7000 1 6375.34208
109.8000 1 6060.76928
109.9000 1 5567.93856
110.0000 1 5578.42432
110.1000 1 7287.6032
110.2000 1 5578.42432
110.3000 1 6008.34048
110.4000 1 5840.56832
110.5000 1 6574.57152
110.6000 1 5505.024
110.7000 1 5473.56672
110.8000 1 6910.11584
110.9000 1 5798.62528
111.0000 1 5410.65216
111.1000 1 6155.14112
111.2000 1 6459.22816
111.3000 1 5274.33728
111.4000 1 5767.168
111.5000 1 6826.22976
111.6000 1 5746.19648
111.7000 1 5714.7392
111.8000 1 6197.08416
111.9000 1 6490.68544
112.0000 1 5924.4544
112.1000 1 5662.3104
112.2000 1 6490.68544
112.3000 1 5798.62528
112.4000 1 5641.33888
112.5000 1 5851.05408
112.6000 1 6784.28672
112.7000 1 6008.34048
112.8000 1 5557.4528
112.9000 1 6857.68704
113.0000 1 5746.19648
113.1000 1 5557.4528
113.2000 1 5997.85472
113.3000 1 6878.65856
113.4000 1 5672.79616
113.5000 1 5861.53984
113.6000 1 6207.56992
113.7000 1 6427.77088
113.8000 1 5494.53824
113.9000 1 5798.62528
114.0000 1 6805.25824
114.1000 1 5609.8816
114.2000 1 5683.28192
114.3000 1 6071.25504
114.4000 1 6406.79936
114.5000 1 5872.0256
114.6000 1 5505.024
114.7000 1 6836.71552
114.8000 1 5725.22496
114.9000 1 5546.96704
115.0000 1 5976.8832
115.1000 1 7056.91648
115.2000 1 5505.024
115.3000 1 5620.36736
115.4000 1 6983.51616
115.5000 1 5442.10944
115.6000 1 5830.08256
115.7000 1 5546.96704
115.8000 1 6889.14432
115.9000 1 5421.13792
116.0000 1 5641.33888
116.1000 1 7109.34528
116.2000 1 5819.5968
116.3000 1 5368.70912
116.4000 1 5830.08256
116.5000 1 6668.94336
116.6000 1 5714.7392
116.7000 1 5746.19648
116.8000 1 6742.34368
116.9000 1 5431.62368
117.0000 1 5955.91168
117.1000 1 5473.56672
117.2000 1 6983.51616
117.3000 1 5421.13792
117.4000 1 5494.53824
117.5000 1 6941.57312
117.6000 1 5620.36736
117.7000 1 5431.62368
117.8000 1 6018.82624
117.9000 1 6480.19968
118.0000 1 5484.05248
118.1000 1 5830.08256
118.2000 1 6689.91488
118.3000 1 5725.22496
118.4000 1 5683.28192
118.5000 1 6008.34048
118.6000 1 6658.4576
118.7000 1 5567.93856
118.8000 1 5473.56672
118.9000 1 6742.34368
119.0000 1 5442.10944
119.1000 1 5976.8832
119.2000 1 6018.82624
119.3000 1 6438.25664
119.4000 1 5913.96864
119.5000 1 5400.1664
119.6000 1 6574.57152
119.7000 1 5746.19648
119.8000 1 5578.42432
119.9000 1 6239.0272
120.0000 1 6249.51296
120.1000 1 5515.50976
120.2000 1 5368.70912
120.3000 1 6878.65856
120.4000 1 5368.70912
120.5000 1 5484.05248
120.6000 1 7056.91648
120.7000 1 5746.19648
120.8000 1 5620.36736
120.9000 1 5861.53984
121.0000 1 7119.83104
121.1000 1 5641.33888
121.2000 1 5557.4528
121.3000 1 6343.8848
121.4000 1 6071.25504
121.5000 1 5735.71072
121.6000 1 5830.08256
121.7000 1 6910.11584
121.8000 1 5211.42272
121.9000 1 5651.82464
122.0000 1 6511.65696
122.1000 1 5987.36896
122.2000 1 5840.56832
122.3000 1 5924.4544
122.4000 1 6826.22976
122.5000 1 5735.71072
122.6000 1 5662.3104
122.7000 1 5892.99712
122.8000 1 6627.00032
122.9000 1 5368.70912
123.0000 1 5431.62368
123.1000 1 6826.22976
123.2000 1 5725.22496
123.3000 1 5955.91168
123.4000 1 5955.91168
123.5000 1 5966.39744
123.6000 1 5714.7392
123.7000 1 5788.13952
123.8000 1 7193.23136
123.9000 1 5400.1664
124.0000 1 5934.94016
124.1000 1 5892.99712
124.2000 1 7025.4592
124.3000 1 5536.48128
124.4000 1 5840.56832
124.5000 1 6710.8864
124.6000 1 5955.91168
124.7000 1 5725.22496
124.8000 1 5767.168
124.9000 1 6805.25824
125.0000 1 5976.8832
125.1000 1 5966.39744
125.2000 1 5704.25344
125.3000 1 6742.34368
125.4000 1 5861.53984
125.5000 1 5368.70912
125.6000 1 6700.40064
125.7000 1 5525.99552
125.8000 1 5305.79456
125.9000 1 6385.82784
126.0000 1 6522.14272
126.1000 1 5746.19648
126.2000 1 5536.48128
126.3000 1 7035.94496
126.4000 1 5379.19488
126.5000 1 5903.48288
126.6000 1 5704.25344
126.7000 1 6752.82944
126.8000 1 5955.91168
126.9000 1 5955.91168
127.0000 1 6522.14272
127.1000 1 6050.28352
127.2000 1 5851.05408
127.3000 1 5861.53984
127.4000 1 6826.22976
127.5000 1 5505.024
127.6000 1 5830.08256
127.7000 1 5997.85472
127.8000 1 6029.312
127.9000 1 5515.50976
128.0000 1 5777.65376
128.1000 1 6731.85792
128.2000 1 5840.56832
128.3000 1 5872.0256
128.4000 1 6102.71232
128.5000 1 6375.34208
128.6000 1 5536.48128
128.7000 1 5662.3104
128.8000 1 7056.91648
128.9000 1 5536.48128
129.0000 1 5851.05408
129.1000 1 5955.91168
129.2000 1 6574.57152
129.3000 1 5295.3088
129.4000 1 5767.168
129.5000 1 6805.25824
129.6000 1 5515.50976
129.7000 1 5557.4528
129.8000 1 6396.3136
129.9000 1 6197.08416
130.0000 1 5400.1664
130.1000 1 5777.65376
130.2000 1 6773.80096
130.3000 1 5819.5968
130.4000 1 5798.62528
130.5000 1 6165.62688
130.6000 1 6501.1712
130.7000 1 5913.96864
130.8000 1 5473.56672
130.9000 1 7025.4592
131.0000 1 5683.28192
131.1000 1 5484.05248
131.2000 1 6008.34048
131.3000 1 6511.65696
131.4000 1 5913.96864
131.5000 1 5840.56832
131.6000 1 6658.4576
131.7000 1 6102.71232
131.8000 1 5725.22496
131.9000 1 5410.65216
132.0000 1 6637.48608
132.1000 1 5347.7376
132.2000 1 5756.68224
132.3000 1 6962.54464
132.4000 1 5924.4544
132.5000 1 5442.10944
132.6000 1 5620.36736
132.7000 1 7035.94496
132.8000 1 5609.8816
132.9000 1 5578.42432
133.0000 1 6742.34368
133.1000 1 5756.68224
133.2000 1 5525.99552
133.3000 1 5861.53984
133.4000 1 6721.37216
133.5000 1 5651.82464
133.6000 1 5693.76768
133.7000 1 6627.00032
133.8000 1 5704.25344
133.9000 1 5546.96704
134.0000 1 5872.0256
134.1000 1 6763.3152
134.2000 1 5903.48288
134.3000 1 5347.7376
134.4000 1 6815.744
134.5000 1 5557.4528
134.6000 1 5892.99712
134.7000 1 5924.4544
134.8000 1 6668.94336
134.9000 1 5431.62368
135.0000 1 5725.22496
135.1000 1 6689.91488
135.2000 1 6029.312
135.3000 1 5379.19488
135.4000 1 5693.76768
135.5000 1 6815.744
135.6000 1 5410.65216
135.7000 1 5997.85472
135.8000 1 6406.79936
135.9000 1 5473.56672
136.0000 1 5442.10944
136.1000 1 5966.39744
136.2000 1 6627.00032
136.3000 1 5484.05248
136.4000 1 5872.0256
136.5000 1 6637.48608
136.6000 1 5463.08096
136.7000 1 5211.42272
136.8000 1 6448.7424
136.9000 1 5421.13792
137.0000 1 5872.0256
137.1000 1 5809.11104
137.2000 1 6847.20128
137.3000 1 5714.7392
137.4000 1 5767.168
137.5000 1 6616.51456
137.6000 1 5840.56832
137.7000 1 5840.56832
137.8000 1 5221.90848
137.9000 1 6794.77248
138.0000 1 5725.22496
138.1000 1 5263.85152
138.2000 1 7119.83104
138.3000 1 5295.3088
138.4000 1 5788.13952
138.5000 1 5872.0256
138.6000 1 6081.7408
138.7000 1 5851.05408
138.8000 1 5274.33728
138.9000 1 6637.48608
139.0000 1 5389.68064
139.1000 1 5861.53984
139.2000 1 6543.11424
139.3000 1 5788.13952
139.4000 1 5578.42432
139.5000 1 5725.22496
139.6000 1 6889.14432
139.7000 1 5389.68064
139.8000 1 5851.05408
139.9000 1 6994.00192
140.0000 1 5295.3088
140.1000 1 5179.96544
140.2000 1 6333.39904
140.3000 1 6417.28512
140.4000 1 5326.76608
140.5000 1 5735.71072
140.6000 1 7182.7456
140.7000 1 5326.76608
140.8000 1 5746.19648
140.9000 1 6165.62688
141.0000 1 5725.22496
141.1000 1 5578.42432
141.2000 1 5452.5952
141.3000 1 6763.3152
141.4000 1 5683.28192
141.5000 1 5704.25344
141.6000 1 6826.22976
141.7000 1 5777.65376
141.8000 1 5892.99712
141.9000 1 5588.91008
142.0000 1 6836.71552
142.1000 1 5746.19648
142.2000 1 5567.93856
142.3000 1 6700.40064
142.4000 1 6039.79776
142.5000 1 5546.96704
142.6000 1 5987.36896
142.7000 1 6459.22816
142.8000 1 5976.8832
142.9000 1 5851.05408
143.0000 1 6092.22656
143.1000 1 6522.14272
143.2000 1 5169.47968
143.3000 1 5819.5968
143.4000 1 6742.34368
143.5000 1 5253.36576
143.6000 1 5567.93856
143.7000 1 6847.20128
143.8000 1 5651.82464
143.9000 1 5924.4544
144.0000 1 5442.10944
144.1000 1 7350.51776
144.2000 1 5305.79456
144.3000 1 5809.11104
144.4000 1 6438.25664
144.5000 1 6144.65536
144.6000 1 1782.5792
