0.1000 1 0.0
0.2000 1 5473.56672
0.3000 1 4498.39104
0.4000 1 6668.94336
0.5000 1 5379.19488
0.6000 1 6427.77088
0.7000 1 5840.56832
0.8000 1 7214.20288
0.9000 1 4928.3072
1.0000 1 6469.71392
1.1000 1 6312.42752
1.2000 1 7486.83264
1.3000 1 4320.13312
1.4000 1 4351.5904
1.5000 1 7948.20608
1.6000 1 4708.10624
1.7000 1 4466.93376
1.8000 1 6092.22656
1.9000 1 5316.28032
2.0000 1 6134.1696
2.1000 1 6994.00192
2.2000 1 6427.77088
2.3000 1 4487.90528
2.4000 1 5840.56832
2.5000 1 6417.28512
2.6000 1 5662.3104
2.7000 1 4592.76288
2.8000 1 5641.33888
2.9000 1 4466.93376
3.0000 1 5997.85472
3.1000 1 3932.16
3.2000 1 4980.736
3.3000 1 6417.28512
3.4000 1 5452.5952
3.5000 1 5484.05248
3.6000 1 7717.51936
3.7000 1 4980.736
3.8000 1 4393.53344
3.9000 1 7402.94656
4.0000 1 5054.13632
4.1000 1 4414.50496
4.2000 1 7235.1744
4.3000 1 6228.54144
4.4000 1 5588.91008
4.5000 1 6543.11424
4.6000 1 6018.82624
4.7000 1 5232.39424
4.8000 1 5882.51136
4.9000 1 5924.4544
5.0000 1 5400.1664
5.1000 1 5054.13632
5.2000 1 6553.6
5.3000 1 4959.76448
5.4000 1 4655.67744
5.5000 1 7088.37376
5.6000 1 5662.3104
5.7000 1 5421.13792
5.8000 1 5630.85312
5.9000 1 5630.85312
6.0000 1 5840.56832
6.1000 1 5274.33728
6.2000 1 6899.63008
6.3000 1 6553.6
6.4000 1 5337.25184
6.5000 1 6301.94176
6.6000 1 5316.28032
6.7000 1 5505.024
6.8000 1 6564.08576
6.9000 1 7319.06048
7.0000 1 5546.96704
7.1000 1 5809.11104
7.2000 1 5662.3104
7.3000 1 7969.1776
7.4000 1 5054.13632
7.5000 1 4634.70592
7.6000 1 6826.22976
7.7000 1 5788.13952
7.8000 1 4833.93536
7.9000 1 6008.34048
8.0000 1 5410.65216
8.1000 1 5892.99712
8.2000 1 6522.14272
8.3000 1 7476.34688
8.4000 1 5599.39584
8.5000 1 5494.53824
8.6000 1 5861.53984
8.7000 1 6018.82624
8.8000 1 4750.04928
8.9000 1 5955.91168
9.0000 1 6364.85632
9.1000 1 4928.3072
9.2000 1 6092.22656
9.3000 1 6050.28352
9.4000 1 5284.82304
9.5000 1 6291.456
9.6000 1 6763.3152
9.7000 1 5033.1648
9.8000 1 5882.51136
9.9000 1 5777.65376
10.0000 1 7539.26144
10.1000 1 5442.10944
10.2000 1 5064.62208
10.3000 1 6029.312
10.4000 1 5127.53664
10.5000 1 5389.68064
10.6000 1 6123.68384
10.7000 1 6008.34048
10.8000 1 4917.82144
10.9000 1 6857.68704
11.0000 1 6364.85632
11.1000 1 4508.8768
11.2000 1 5882.51136
11.3000 1 5012.19328
11.4000 1 4351.5904
11.5000 1 7413.43232
11.6000 1 5284.82304
11.7000 1 4991.22176
11.8000 1 6333.39904
11.9000 1 4414.50496
12.0000 1 5515.50976
12.1000 1 6952.05888
12.2000 1 6134.1696
12.3000 1 4844.42112
12.4000 1 5809.11104
12.5000 1 6469.71392
12.6000 1 6176.11264
12.7000 1 4288.67584
12.8000 1 7874.80576
12.9000 1 5704.25344
13.0000 1 4236.24704
13.1000 1 5819.5968
13.2000 1 3932.16
13.3000 1 5567.93856
13.4000 1 5714.7392
13.5000 1 4320.13312
13.6000 1 5955.91168
13.7000 1 5242.88
13.8000 1 5389.68064
13.9000 1 6543.11424
14.0000 1 5284.82304
14.1000 1 5085.5936
14.2000 1 6679.42912
14.3000 1 7245.66016
14.4000 1 6050.28352
14.5000 1 4529.84832
14.6000 1 7308.57472
14.7000 1 7014.97344
14.8000 1 4938.79296
14.9000 1 5945.42592
15.0000 1 7182.7456
15.1000 1 5861.53984
15.2000 1 5431.62368
15.3000 1 6427.77088
15.4000 1 5955.91168
15.5000 1 4875.8784
15.6000 1 4938.79296
15.7000 1 7193.23136
15.8000 1 6134.1696
15.9000 1 5746.19648
16.0000 1 5987.36896
16.1000 1 6794.77248
16.2000 1 4938.79296
16.3000 1 5012.19328
16.4000 1 6889.14432
16.5000 1 4089.4464
16.6000 1 5777.65376
16.7000 1 5211.42272
16.8000 1 4917.82144
16.9000 1 6564.08576
17.0000 1 5190.4512
17.1000 1 6511.65696
17.2000 1 5117.05088
17.3000 1 5651.82464
17.4000 1 5630.85312
17.5000 1 5442.10944
17.6000 1 5892.99712
17.7000 1 5284.82304
17.8000 1 5578.42432
17.9000 1 7696.54784
18.0000 1 4351.5904
18.1000 1 4634.70592
18.2000 1 7109.34528
18.3000 1 5410.65216
18.4000 1 5263.85152
18.5000 1 7046.43072
18.6000 1 6081.7408
18.7000 1 4708.10624
18.8000 1 5966.39744
18.9000 1 5190.4512
19.0000 1 5096.07936
19.1000 1 6721.37216
19.2000 1 5358.22336
19.3000 1 5211.42272
19.4000 1 6144.65536
19.5000 1 5997.85472
19.6000 1 5515.50976
19.7000 1 6490.68544
19.8000 1 7035.94496
19.9000 1 6144.65536
20.0000 1 5484.05248
20.1000 1 5253.36576
20.2000 1 7497.3184
20.3000 1 5001.70752
20.4000 1 4655.67744
20.5000 1 7916.7488
20.6000 1 6679.42912
20.7000 1 5242.88
20.8000 1 6207.56992
20.9000 1 6899.63008
21.0000 1 6983.51616
21.1000 1 5179.96544
21.2000 1 5232.39424
21.3000 1 6008.34048
21.4000 1 4697.62048
21.5000 1 5463.08096
21.6000 1 6889.14432
21.7000 1 5903.48288
21.8000 1 4445.96224
21.9000 1 7014.97344
22.0000 1 4896.84992
22.1000 1 4309.64736
22.2000 1 7119.83104
22.3000 1 4404.0192
22.4000 1 5767.168
22.5000 1 7822.37696
22.6000 1 6805.25824
22.7000 1 4246.7328
22.8000 1 5735.71072
22.9000 1 5578.42432
23.0000 1 4697.62048
23.1000 1 6480.19968
23.2000 1 5337.25184
23.3000 1 4886.36416
23.4000 1 6186.5984
23.5000 1 4582.27712
23.6000 1 5431.62368
23.7000 1 7109.34528
23.8000 1 6469.71392
23.9000 1 6606.0288
24.0000 1 4456.448
24.1000 1 6039.79776
24.2000 1 4068.47488
24.3000 1 5809.11104
24.4000 1 6207.56992
24.5000 1 5274.33728
24.6000 1 5253.36576
24.7000 1 5756.68224
24.8000 1 5368.70912
24.9000 1 5620.36736
25.0000 1 7298.08896
25.1000 1 4875.8784
25.2000 1 4540.33408
25.3000 1 7151.28832
25.4000 1 5043.65056
25.5000 1 4613.7344
25.6000 1 7665.09056
25.7000 1 4550.81984
25.8000 1 4592.76288
25.9000 1 6689.91488
26.0000 1 5714.7392
26.1000 1 6417.28512
26.2000 1 6186.5984
26.3000 1 4980.736
26.4000 1 4771.0208
26.5000 1 6564.08576
26.6000 1 4991.22176
26.7000 1 5536.48128
26.8000 1 6647.97184
26.9000 1 6920.6016
27.0000 1 5200.93696
27.1000 1 4613.7344
27.2000 1 6794.77248
27.3000 1 4005.56032
27.4000 1 5851.05408
27.5000 1 5169.47968
27.6000 1 4896.84992
27.7000 1 6794.77248
27.8000 1 6721.37216
27.9000 1 6480.19968
28.0000 1 5242.88
28.1000 1 6731.85792
28.2000 1 7214.20288
28.3000 1 5473.56672
28.4000 1 4477.41952
28.5000 1 5934.94016
28.6000 1 6301.94176
28.7000 1 5075.10784
28.8000 1 7266.63168
28.9000 1 6081.7408
29.0000 1 5620.36736
29.1000 1 5064.62208
29.2000 1 7067.40224
29.3000 1 5410.65216
29.4000 1 4330.61888
29.5000 1 6144.65536
29.6000 1 5054.13632
29.7000 1 5693.76768
29.8000 1 6616.51456
29.9000 1 4949.27872
30.0000 1 5421.13792
30.1000 1 6941.57312
30.2000 1 4204.78976
30.3000 1 5179.96544
30.4000 1 5798.62528
30.5000 1 4477.41952
30.6000 1 6249.51296
30.7000 1 5075.10784
30.8000 1 5442.10944
30.9000 1 6490.68544
31.0000 1 6165.62688
31.1000 1 5347.7376
31.2000 1 5169.47968
31.3000 1 6259.99872
31.4000 1 4750.04928
31.5000 1 5746.19648
31.6000 1 6239.0272
31.7000 1 5505.024
31.8000 1 5043.65056
31.9000 1 7329.54624
32.0000 1 5966.39744
32.1000 1 4613.7344
32.2000 1 7088.37376
32.3000 1 4152.36096
32.4000 1 4760.53504
32.5000 1 6364.85632
32.6000 1 4697.62048
32.7000 1 6029.312
32.8000 1 5903.48288
32.9000 1 4624.22016
33.0000 1 5641.33888
33.1000 1 7381.97504
33.2000 1 4257.21856
33.3000 1 4886.36416
33.4000 1 4865.39264
33.5000 1 4057.98912
33.6000 1 5840.56832
33.7000 1 5788.13952
33.8000 1 6364.85632
33.9000 1 6385.82784
34.0000 1 5410.65216
34.1000 1 4435.47648
34.2000 1 5872.0256
34.3000 1 5232.39424
34.4000 1 6375.34208
34.5000 1 6291.456
34.6000 1 6794.77248
34.7000 1 4162.84672
34.8000 1 5714.7392
34.9000 1 5620.36736
35.0000 1 5022.67904
35.1000 1 6197.08416
35.2000 1 6627.00032
35.3000 1 5798.62528
35.4000 1 5358.22336
35.5000 1 7329.54624
35.6000 1 5106.56512
35.7000 1 5337.25184
35.8000 1 6343.8848
35.9000 1 5767.168
36.0000 1 4676.64896
36.1000 1 6291.456
36.2000 1 5588.91008
36.3000 1 4928.3072
36.4000 1 6259.99872
36.5000 1 6134.1696
36.6000 1 5379.19488
36.7000 1 5221.90848
36.8000 1 6427.77088
36.9000 1 5410.65216
37.0000 1 4938.79296
37.1000 1 6427.77088
37.2000 1 4886.36416
37.3000 1 5484.05248
37.4000 1 5494.53824
37.5000 1 4508.8768
37.6000 1 6658.4576
37.7000 1 5190.4512
37.8000 1 5662.3104
37.9000 1 6029.312
38.0000 1 5410.65216
38.1000 1 5788.13952
38.2000 1 5945.42592
38.3000 1 6543.11424
38.4000 1 5924.4544
38.5000 1 5232.39424
38.6000 1 6983.51616
38.7000 1 5442.10944
38.8000 1 4802.47808
38.9000 1 6459.22816
39.0000 1 5242.88
39.1000 1 5641.33888
39.2000 1 5872.0256
39.3000 1 5872.0256
39.4000 1 5085.5936
39.5000 1 5819.5968
39.6000 1 5599.39584
39.7000 1 5295.3088
39.8000 1 5819.5968
39.9000 1 5651.82464
40.0000 1 4886.36416
40.1000 1 6207.56992
40.2000 1 5022.67904
40.3000 1 4613.7344
40.4000 1 7067.40224
40.5000 1 5379.19488
40.6000 1 5337.25184
40.7000 1 6144.65536
40.8000 1 5882.51136
40.9000 1 5075.10784
41.0000 1 5809.11104
41.1000 1 6794.77248
41.2000 1 4823.4496
41.3000 1 5473.56672
41.4000 1 6585.05728
41.5000 1 4959.76448
41.6000 1 5337.25184
41.7000 1 6427.77088
41.8000 1 4812.96384
41.9000 1 5274.33728
42.0000 1 6564.08576
42.1000 1 4959.76448
42.2000 1 5389.68064
42.3000 1 6543.11424
42.4000 1 5379.19488
42.5000 1 4928.3072
42.6000 1 7308.57472
42.7000 1 5012.19328
42.8000 1 5200.93696
42.9000 1 6322.91328
43.0000 1 4624.22016
43.1000 1 4445.96224
43.2000 1 6784.28672
43.3000 1 5284.82304
43.4000 1 5085.5936
43.5000 1 7277.11744
43.6000 1 5064.62208
43.7000 1 4802.47808
43.8000 1 6417.28512
43.9000 1 4917.82144
44.0000 1 5693.76768
44.1000 1 6647.97184
44.2000 1 5043.65056
44.3000 1 5536.48128
44.4000 1 6438.25664
44.5000 1 5525.99552
44.6000 1 5064.62208
44.7000 1 6616.51456
44.8000 1 5400.1664
44.9000 1 5190.4512
45.0000 1 6155.14112
45.1000 1 5452.5952
45.2000 1 5463.08096
45.3000 1 5840.56832
45.4000 1 5190.4512
45.5000 1 4666.1632
45.6000 1 6878.65856
45.7000 1 6375.34208
45.8000 1 4896.84992
45.9000 1 5505.024
46.0000 1 6207.56992
46.1000 1 5630.85312
46.2000 1 5651.82464
46.3000 1 6700.40064
46.4000 1 5127.53664
46.5000 1 5672.79616
46.6000 1 6480.19968
46.7000 1 5714.7392
46.8000 1 5735.71072
46.9000 1 5662.3104
47.0000 1 6931.08736
47.1000 1 5421.13792
47.2000 1 4970.25024
47.3000 1 6836.71552
47.4000 1 5054.13632
47.5000 1 4917.82144
47.6000 1 6889.14432
47.7000 1 4938.79296
47.8000 1 5379.19488
47.9000 1 6480.19968
48.0000 1 4928.3072
48.1000 1 5913.96864
48.2000 1 6815.744
48.3000 1 5704.25344
48.4000 1 5274.33728
48.5000 1 5746.19648
48.6000 1 6270.48448
48.7000 1 5138.0224
48.8000 1 5851.05408
48.9000 1 6784.28672
49.0000 1 5777.65376
49.1000 1 5421.13792
49.2000 1 6627.00032
49.3000 1 5232.39424
49.4000 1 4456.448
49.5000 1 6280.97024
49.6000 1 4592.76288
49.7000 1 5337.25184
49.8000 1 6606.0288
49.9000 1 5861.53984
50.0000 1 5295.3088
50.1000 1 6490.68544
50.2000 1 5232.39424
50.3000 1 4917.82144
50.4000 1 6721.37216
50.5000 1 5830.08256
50.6000 1 4634.70592
50.7000 1 6343.8848
50.8000 1 5693.76768
50.9000 1 5725.22496
51.0000 1 5546.96704
51.1000 1 6847.20128
51.2000 1 4938.79296
51.3000 1 5735.71072
51.4000 1 6532.62848
51.5000 1 5274.33728
51.6000 1 4760.53504
51.7000 1 7025.4592
51.8000 1 4362.07616
51.9000 1 4466.93376
52.0000 1 6794.77248
52.1000 1 4225.76128
52.2000 1 5756.68224
52.3000 1 6060.76928
52.4000 1 4917.82144
52.5000 1 5788.13952
52.6000 1 6092.22656
52.7000 1 5106.56512
52.8000 1 5693.76768
52.9000 1 6417.28512
53.0000 1 4812.96384
53.1000 1 5379.19488
53.2000 1 7287.6032
53.3000 1 5075.10784
53.4000 1 6050.28352
53.5000 1 6647.97184
53.6000 1 6008.34048
53.7000 1 5358.22336
53.8000 1 5368.70912
53.9000 1 6616.51456
54.0000 1 4907.33568
54.1000 1 5955.91168
54.2000 1 6836.71552
54.3000 1 5368.70912
54.4000 1 4928.3072
54.5000 1 7287.6032
54.6000 1 5358.22336
54.7000 1 4676.64896
54.8000 1 6721.37216
54.9000 1 6197.08416
55.0000 1 5746.19648
55.1000 1 5284.82304
55.2000 1 7235.1744
55.3000 1 5316.28032
55.4000 1 4498.39104
55.5000 1 6301.94176
55.6000 1 5274.33728
55.7000 1 5599.39584
55.8000 1 6375.34208
55.9000 1 4907.33568
56.0000 1 5253.36576
56.1000 1 6826.22976
56.2000 1 4519.36256
56.3000 1 4414.50496
56.4000 1 7308.57472
56.5000 1 5284.82304
56.6000 1 5840.56832
56.7000 1 6679.42912
56.8000 1 5274.33728
56.9000 1 5431.62368
57.0000 1 5987.36896
57.1000 1 5966.39744
57.2000 1 5316.28032
57.3000 1 5546.96704
57.4000 1 6396.3136
57.5000 1 5368.70912
57.6000 1 5169.47968
57.7000 1 6322.91328
57.8000 1 4865.39264
57.9000 1 5347.7376
58.0000 1 6228.54144
58.1000 1 5200.93696
58.2000 1 5326.76608
58.3000 1 6480.19968
58.4000 1 5316.28032
58.5000 1 5022.67904
58.6000 1 5693.76768
58.7000 1 5221.90848
58.8000 1 5840.56832
58.9000 1 7140.80256
59.0000 1 5955.91168
59.1000 1 5295.3088
59.2000 1 6752.82944
59.3000 1 5138.0224
59.4000 1 5158.99392
59.5000 1 6490.68544
59.6000 1 6123.68384
59.7000 1 5945.42592
59.8000 1 5609.8816
59.9000 1 6836.71552
60.0000 1 5767.168
60.1000 1 4498.39104
60.2000 1 6333.39904
60.3000 1 5463.08096
60.4000 1 5431.62368
60.5000 1 6585.05728
60.6000 1 5683.28192
60.7000 1 4886.36416
60.8000 1 6113.19808
60.9000 1 5997.85472
61.0000 1 5169.47968
61.1000 1 5683.28192
61.2000 1 6322.91328
61.3000 1 4739.56352
61.4000 1 5641.33888
61.5000 1 5987.36896
61.6000 1 4907.33568
61.7000 1 5861.53984
61.8000 1 5746.19648
61.9000 1 5096.07936
62.0000 1 5976.8832
62.1000 1 5997.85472
62.2000 1 4718.592
62.3000 1 6029.312
62.4000 1 6438.25664
62.5000 1 5840.56832
62.6000 1 5442.10944
62.7000 1 6658.4576
62.8000 1 4970.25024
62.9000 1 5735.71072
63.0000 1 6815.744
63.1000 1 5872.0256
63.2000 1 4823.4496
63.3000 1 6081.7408
63.4000 1 6689.91488
63.5000 1 4676.64896
63.6000 1 5379.19488
63.7000 1 6134.1696
63.8000 1 5442.10944
63.9000 1 5221.90848
64.0000 1 6343.8848
64.1000 1 5641.33888
64.2000 1 5274.33728
64.3000 1 7067.40224
64.4000 1 5316.28032
64.5000 1 5641.33888
64.6000 1 6564.08576
64.7000 1 5253.36576
64.8000 1 5693.76768
64.9000 1 5903.48288
65.0000 1 6249.51296
65.1000 1 5662.3104
65.2000 1 4886.36416
65.3000 1 7046.43072
65.4000 1 4697.62048
65.5000 1 4970.25024
65.6000 1 6689.91488
65.7000 1 4781.50656
65.8000 1 5263.85152
65.9000 1 5987.36896
66.0000 1 5756.68224
66.1000 1 5022.67904
66.2000 1 6469.71392
66.3000 1 5295.3088
66.4000 1 4917.82144
66.5000 1 7256.14592
66.6000 1 5117.05088
66.7000 1 4466.93376
66.8000 1 6700.40064
66.9000 1 5305.79456
67.0000 1 5651.82464
67.1000 1 6994.00192
67.2000 1 4844.42112
67.3000 1 4959.76448
67.4000 1 6564.08576
67.5000 1 5630.85312
67.6000 1 5840.56832
67.7000 1 6197.08416
67.8000 1 5651.82464
67.9000 1 5106.56512
68.0000 1 5997.85472
68.1000 1 5767.168
68.2000 1 5200.93696
68.3000 1 5788.13952
68.4000 1 6899.63008
68.5000 1 5976.8832
68.6000 1 5578.42432
68.7000 1 6637.48608
68.8000 1 5567.93856
68.9000 1 5913.96864
69.0000 1 5368.70912
69.1000 1 7245.66016
69.2000 1 5389.68064
69.3000 1 4823.4496
69.4000 1 7361.00352
69.5000 1 5232.39424
69.6000 1 4697.62048
69.7000 1 6920.6016
69.8000 1 5148.50816
69.9000 1 4854.90688
70.0000 1 6784.28672
70.1000 1 5567.93856
70.2000 1 4571.79136
70.3000 1 6637.48608
70.4000 1 7644.11904
70.5000 1 5819.5968
70.6000 1 6343.8848
70.7000 1 5263.85152
70.8000 1 6836.71552
70.9000 1 6333.39904
71.0000 1 5379.19488
71.1000 1 6606.0288
71.2000 1 5567.93856
71.3000 1 5662.3104
71.4000 1 5609.8816
71.5000 1 5746.19648
71.6000 1 4519.36256
71.7000 1 6071.25504
71.8000 1 6616.51456
71.9000 1 5127.53664
72.0000 1 5463.08096
72.1000 1 7381.97504
72.2000 1 5022.67904
72.3000 1 5756.68224
72.4000 1 6962.54464
72.5000 1 6018.82624
72.6000 1 6427.77088
72.7000 1 6406.79936
72.8000 1 6239.0272
72.9000 1 5934.94016
73.0000 1 5494.53824
73.1000 1 6606.0288
73.2000 1 6511.65696
73.3000 1 5662.3104
73.4000 1 5725.22496
73.5000 1 6008.34048
73.6000 1 6218.05568
73.7000 1 4739.56352
73.8000 1 5819.5968
73.9000 1 6763.3152
74.0000 1 5599.39584
74.1000 1 5809.11104
74.2000 1 6962.54464
74.3000 1 6406.79936
74.4000 1 5389.68064
74.5000 1 5913.96864
74.6000 1 7402.94656
74.7000 1 6228.54144
74.8000 1 5001.70752
74.9000 1 5452.5952
75.0000 1 5672.79616
75.1000 1 5326.76608
75.2000 1 6469.71392
75.3000 1 6144.65536
75.4000 1 5945.42592
75.5000 1 6606.0288
75.6000 1 5819.5968
75.7000 1 5840.56832
75.8000 1 6396.3136
75.9000 1 5326.76608
76.0000 1 7528.77568
76.1000 1 5767.168
76.2000 1 6155.14112
76.3000 1 6385.82784
76.4000 1 6773.80096
76.5000 1 5588.91008
76.6000 1 6448.7424
76.7000 1 5683.28192
76.8000 1 7518.28992
76.9000 1 4729.07776
77.0000 1 4844.42112
77.1000 1 7182.7456
77.2000 1 5997.85472
77.3000 1 5693.76768
77.4000 1 6301.94176
77.5000 1 6857.68704
77.6000 1 5368.70912
77.7000 1 6280.97024
77.8000 1 5347.7376
77.9000 1 5945.42592
78.0000 1 6008.34048
78.1000 1 6134.1696
78.2000 1 7025.4592
78.3000 1 6239.0272
78.4000 1 5494.53824
78.5000 1 6616.51456
78.6000 1 6773.80096
78.7000 1 6438.25664
78.8000 1 5777.65376
78.9000 1 5400.1664
79.0000 1 7172.25984
79.1000 1 5620.36736
79.2000 1 4477.41952
79.3000 1 5913.96864
79.4000 1 5714.7392
79.5000 1 6406.79936
79.6000 1 6469.71392
79.7000 1 6752.82944
79.8000 1 6343.8848
79.9000 1 6071.25504
80.0000 1 6354.37056
80.1000 1 6155.14112
80.2000 1 6396.3136
80.3000 1 5463.08096
80.4000 1 6060.76928
80.5000 1 5683.28192
80.6000 1 6511.65696
80.7000 1 5305.79456
80.8000 1 7591.69024
80.9000 1 4781.50656
81.0000 1 4959.76448
81.1000 1 6553.6
81.2000 1 6060.76928
81.3000 1 6291.456
81.4000 1 6029.312
81.5000 1 6312.42752
81.6000 1 6291.456
81.7000 1 5546.96704
81.8000 1 6102.71232
81.9000 1 7046.43072
82.0000 1 6102.71232
82.1000 1 5966.39744
82.2000 1 5735.71072
82.3000 1 6899.63008
82.4000 1 4854.90688
82.5000 1 5253.36576
82.6000 1 7958.69184
82.7000 1 4781.50656
82.8000 1 5882.51136
82.9000 1 6249.51296
83.0000 1 6868.1728
83.1000 1 5903.48288
83.2000 1 5001.70752
83.3000 1 6878.65856
83.4000 1 4603.24864
83.5000 1 4928.3072
83.6000 1 6564.08576
83.7000 1 6280.97024
83.8000 1 5809.11104
83.9000 1 5819.5968
84.0000 1 6794.77248
84.1000 1 4907.33568
84.2000 1 5242.88
84.3000 1 6364.85632
84.4000 1 6469.71392
84.5000 1 6385.82784
84.6000 1 5746.19648
84.7000 1 5190.4512
84.8000 1 5274.33728
84.9000 1 6270.48448
85.0000 1 7035.94496
85.1000 1 5609.8816
85.2000 1 6008.34048
85.3000 1 6459.22816
85.4000 1 6742.34368
85.5000 1 6427.77088
85.6000 1 6417.28512
85.7000 1 5704.25344
85.8000 1 6805.25824
85.9000 1 6501.1712
86.0000 1 5987.36896
86.1000 1 5735.71072
86.2000 1 6123.68384
86.3000 1 5924.4544
86.4000 1 5274.33728
86.5000 1 7675.57632
86.6000 1 5075.10784
86.7000 1 4896.84992
86.8000 1 6836.71552
86.9000 1 6459.22816
87.0000 1 6029.312
87.1000 1 6438.25664
87.2000 1 6532.62848
87.3000 1 6637.48608
87.4000 1 6469.71392
87.5000 1 4833.93536
87.6000 1 6239.0272
87.7000 1 5253.36576
87.8000 1 5358.22336
87.9000 1 6616.51456
88.0000 1 6668.94336
88.1000 1 6039.79776
88.2000 1 5578.42432
88.3000 1 6102.71232
88.4000 1 5484.05248
88.5000 1 6018.82624
88.6000 1 6039.79776
88.7000 1 5945.42592
88.8000 1 6259.99872
88.9000 1 5588.91008
89.0000 1 7350.51776
89.1000 1 5777.65376
89.2000 1 6553.6
89.3000 1 5232.39424
89.4000 1 7528.77568
89.5000 1 5588.91008
89.6000 1 6239.0272
89.7000 1 5924.4544
89.8000 1 7371.48928
89.9000 1 5284.82304
90.0000 1 4886.36416
90.1000 1 6585.05728
90.2000 1 5735.71072
90.3000 1 6102.71232
90.4000 1 6060.76928
90.5000 1 6647.97184
90.6000 1 6259.99872
90.7000 1 6228.54144
90.8000 1 5662.3104
90.9000 1 7235.1744
91.0000 1 6186.5984
91.1000 1 6501.1712
91.2000 1 4729.07776
91.3000 1 6773.80096
91.4000 1 6239.0272
91.5000 1 6459.22816
91.6000 1 5400.1664
91.7000 1 7319.06048
91.8000 1 5599.39584
91.9000 1 5872.0256
92.0000 1 6364.85632
92.1000 1 6606.0288
92.2000 1 5012.19328
92.3000 1 6301.94176
92.4000 1 6773.80096
92.5000 1 5326.76608
92.6000 1 5924.4544
92.7000 1 6165.62688
92.8000 1 6018.82624
92.9000 1 6354.37056
93.0000 1 5326.76608
93.1000 1 7004.48768
93.2000 1 5830.08256
93.3000 1 5284.82304
93.4000 1 6553.6
93.5000 1 6627.00032
93.6000 1 6501.1712
93.7000 1 5525.99552
93.8000 1 6060.76928
93.9000 1 6511.65696
94.0000 1 5316.28032
94.1000 1 5232.39424
94.2000 1 6312.42752
94.3000 1 6291.456
94.4000 1 5211.42272
94.5000 1 6700.40064
94.6000 1 5767.168
94.7000 1 5200.93696
94.8000 1 6123.68384
94.9000 1 6155.14112
95.0000 1 5232.39424
95.1000 1 5536.48128
95.2000 1 6469.71392
95.3000 1 4928.3072
95.4000 1 5473.56672
95.5000 1 6123.68384
95.6000 1 5012.19328
95.7000 1 5033.1648
95.8000 1 6585.05728
95.9000 1 5463.08096
96.0000 1 5033.1648
96.1000 1 6627.00032
96.2000 1 5809.11104
96.3000 1 5536.48128
96.4000 1 6731.85792
96.5000 1 5672.79616
96.6000 1 5473.56672
96.7000 1 5683.28192
96.8000 1 6752.82944
96.9000 1 5767.168
97.0000 1 5976.8832
97.1000 1 6606.0288
97.2000 1 5400.1664
97.3000 1 5997.85472
97.4000 1 5840.56832
97.5000 1 7004.48768
97.6000 1 5242.88
97.7000 1 5567.93856
97.8000 1 6889.14432
97.9000 1 4624.22016
98.0000 1 4519.36256
98.1000 1 6144.65536
98.2000 1 3879.7312
98.3000 1 5546.96704
98.4000 1 4068.47488
98.5000 1 4750.04928
98.6000 1 5505.024
98.7000 1 4110.41792
98.8000 1 6008.34048
98.9000 1 4466.93376
99.0000 1 5054.13632
99.1000 1 4970.25024
99.2000 1 4099.93216
99.3000 1 5777.65376
99.4000 1 4288.67584
99.5000 1 5976.8832
99.6000 1 4236.24704
99.7000 1 5588.91008
99.8000 1 6364.85632
99.9000 1 5452.5952
100.0000 1 5840.56832
100.1000 1 5997.85472
100.2000 1 6773.80096
100.3000 1 5630.85312
100.4000 1 5851.05408
100.5000 1 6773.80096
100.6000 1 5505.024
100.7000 1 5494.53824
100.8000 1 5809.11104
100.9000 1 6826.22976
101.0000 1 5872.0256
101.1000 1 5599.39584
101.2000 1 6847.20128
101.3000 1 5515.50976
101.4000 1 5966.39744
101.5000 1 5463.08096
101.6000 1 6784.28672
101.7000 1 5840.56832
101.8000 1 5410.65216
101.9000 1 6480.19968
102.0000 1 5242.88
102.1000 1 5819.5968
102.2000 1 6113.19808
102.3000 1 5683.28192
102.4000 1 5263.85152
102.5000 1 5840.56832
102.6000 1 6574.57152
102.7000 1 5316.28032
102.8000 1 5221.90848
102.9000 1 7014.97344
103.0000 1 5505.024
103.1000 1 5567.93856
103.2000 1 6606.0288
103.3000 1 5903.48288
103.4000 1 5620.36736
103.5000 1 5683.28192
103.6000 1 6826.22976
103.7000 1 5735.71072
103.8000 1 5305.79456
103.9000 1 6889.14432
104.0000 1 5819.5968
104.1000 1 5662.3104
104.2000 1 5651.82464
104.3000 1 6480.19968
104.4000 1 5326.76608
104.5000 1 5851.05408
104.6000 1 7056.91648
104.7000 1 5735.71072
104.8000 1 5473.56672
104.9000 1 5882.51136
105.0000 1 7130.3168
105.1000 1 5620.36736
105.2000 1 5410.65216
105.3000 1 6375.34208
105.4000 1 5620.36736
105.5000 1 5872.0256
105.6000 1 5536.48128
105.7000 1 6941.57312
105.8000 1 5924.4544
105.9000 1 5798.62528
106.0000 1 6501.1712
106.1000 1 6218.05568
106.2000 1 5316.28032
106.3000 1 6018.82624
106.4000 1 6637.48608
106.5000 1 4844.42112
106.6000 1 4487.90528
106.7000 1 5620.36736
106.8000 1 4561.3056
106.9000 1 5662.3104
107.0000 1 4383.04768
107.1000 1 4907.33568
107.2000 1 5263.85152
107.3000 1 4445.96224
107.4000 1 5903.48288
107.5000 1 4047.50336
107.6000 1 5473.56672
107.7000 1 4550.81984
107.8000 1 4110.41792
107.9000 1 5651.82464
108.0000 1 4435.47648
108.1000 1 6134.1696
108.2000 1 4026.53184
108.3000 1 4592.76288
108.4000 1 5892.99712
108.5000 1 4057.98912
108.6000 1 5546.96704
108.7000 1 4424.99072
108.8000 1 5253.36576
108.9000 1 4802.47808
109.0000 1 4362.07616
109.1000 1 5987.36896
109.2000 1 4330.61888
109.3000 1 5588.91008
109.4000 1 4404.0192
109.5000 1 5788.13952
109.6000 1 6574.57152
109.7000 1 5337.25184
109.8000 1 5211.42272
109.9000 1 6270.48448
110.0000 1 6364.85632
110.1000 1 5662.3104
110.2000 1 5798.62528
110.3000 1 7298.08896
110.4000 1 5431.62368
110.5000 1 5798.62528
110.6000 1 5934.94016
110.7000 1 7140.80256
110.8000 1 5588.91008
110.9000 1 5410.65216
111.0000 1 6606.0288
111.1000 1 6270.48448
111.2000 1 6029.312
111.3000 1 5609.8816
111.4000 1 6983.51616
111.5000 1 5609.8816
111.6000 1 5987.36896
111.7000 1 5463.08096
111.8000 1 6815.744
111.9000 1 5536.48128
112.0000 1 5672.79616
112.1000 1 7098.85952
112.2000 1 5337.25184
112.3000 1 5253.36576
112.4000 1 6186.5984
112.5000 1 6438.25664
112.6000 1 5337.25184
112.7000 1 5892.99712
112.8000 1 7077.888
112.9000 1 5767.168
113.0000 1 5106.56512
113.1000 1 6123.68384
113.2000 1 4194.304
113.3000 1 4383.04768
113.4000 1 6008.34048
113.5000 1 5672.79616
113.6000 1 5557.4528
113.7000 1 6826.22976
113.8000 1 6008.34048
113.9000 1 5358.22336
114.0000 1 6427.77088
114.1000 1 6469.71392
114.2000 1 5798.62528
114.3000 1 5567.93856
114.4000 1 7098.85952
114.5000 1 5410.65216
114.6000 1 5536.48128
114.7000 1 5934.94016
114.8000 1 6176.11264
114.9000 1 5830.08256
115.0000 1 5546.96704
115.1000 1 7119.83104
115.2000 1 5379.19488
115.3000 1 5546.96704
115.4000 1 6385.82784
115.5000 1 5683.28192
115.6000 1 5976.8832
115.7000 1 5473.56672
115.8000 1 6983.51616
115.9000 1 5599.39584
116.0000 1 5735.71072
116.1000 1 6427.77088
116.2000 1 6060.76928
116.3000 1 5903.48288
116.4000 1 5840.56832
116.5000 1 6826.22976
116.6000 1 5253.36576
116.7000 1 5662.3104
116.8000 1 6364.85632
116.9000 1 6385.82784
117.0000 1 5746.19648
117.1000 1 5861.53984
117.2000 1 6710.8864
117.3000 1 4854.90688
117.4000 1 4131.38944
117.5000 1 6815.744
117.6000 1 5830.08256
117.7000 1 6029.312
117.8000 1 6322.91328
117.9000 1 6249.51296
118.0000 1 5588.91008
118.1000 1 5620.36736
118.2000 1 7235.1744
118.3000 1 5934.94016
118.4000 1 5358.22336
118.5000 1 5892.99712
118.6000 1 6962.54464
118.7000 1 5505.024
118.8000 1 5945.42592
118.9000 1 6742.34368
119.0000 1 5756.68224
119.1000 1 5788.13952
119.2000 1 5861.53984
119.3000 1 6784.28672
119.4000 1 5809.11104
119.5000 1 5746.19648
119.6000 1 6186.5984
119.7000 1 6375.34208
119.8000 1 5683.28192
119.9000 1 5117.05088
120.0000 1 6574.57152
120.1000 1 5704.25344
120.2000 1 6249.51296
120.3000 1 6102.71232
120.4000 1 7182.7456
120.5000 1 5347.7376
120.6000 1 6396.3136
120.7000 1 6322.91328
120.8000 1 7298.08896
120.9000 1 5494.53824
121.0000 1 5337.25184
121.1000 1 6595.54304
121.2000 1 5284.82304
121.3000 1 5211.42272
121.4000 1 6595.54304
121.5000 1 6375.34208
121.6000 1 5525.99552
121.7000 1 5987.36896
121.8000 1 7361.00352
121.9000 1 6794.77248
122.0000 1 5368.70912
122.1000 1 6427.77088
122.2000 1 6490.68544
122.3000 1 6176.11264
122.4000 1 5662.3104
122.5000 1 6406.79936
122.6000 1 6522.14272
122.7000 1 5284.82304
122.8000 1 6239.0272
122.9000 1 5641.33888
123.0000 1 6994.00192
123.1000 1 5683.28192
123.2000 1 5819.5968
123.3000 1 6668.94336
123.4000 1 6406.79936
123.5000 1 6406.79936
123.6000 1 6480.19968
123.7000 1 5851.05408
123.8000 1 7256.14592
123.9000 1 5525.99552
124.0000 1 5861.53984
124.1000 1 6501.1712
124.2000 1 6501.1712
124.3000 1 6354.37056
124.4000 1 5861.53984
124.5000 1 6417.28512
124.6000 1 6763.3152
124.7000 1 5609.8816
124.8000 1 6354.37056
124.9000 1 6438.25664
125.0000 1 6469.71392
125.1000 1 6469.71392
125.2000 1 5882.51136
125.3000 1 6312.42752
125.4000 1 6228.54144
125.5000 1 5148.50816
125.6000 1 5861.53984
125.7000 1 7266.63168
125.8000 1 6197.08416
125.9000 1 6480.19968
126.0000 1 5389.68064
126.1000 1 7686.06208
126.2000 1 6291.456
126.3000 1 6259.99872
126.4000 1 5400.1664
126.5000 1 6815.744
126.6000 1 5274.33728
126.7000 1 5096.07936
126.8000 1 6427.77088
126.9000 1 5651.82464
127.0000 1 5819.5968
127.1000 1 6029.312
127.2000 1 7203.71712
127.3000 1 5809.11104
127.4000 1 5368.70912
127.5000 1 6385.82784
127.6000 1 6595.54304
127.7000 1 6490.68544
127.8000 1 5505.024
127.9000 1 6490.68544
128.0000 1 5368.70912
128.1000 1 5746.19648
128.2000 1 5735.71072
128.3000 1 7591.69024
128.4000 1 5358.22336
128.5000 1 6406.79936
128.6000 1 6396.3136
128.7000 1 6794.77248
128.8000 1 5368.70912
128.9000 1 5368.70912
129.0000 1 6994.00192
129.1000 1 5987.36896
129.2000 1 5295.3088
129.3000 1 6585.05728
129.4000 1 6522.14272
129.5000 1 5379.19488
129.6000 1 5316.28032
129.7000 1 6459.22816
129.8000 1 4928.3072
129.9000 1 5892.99712
130.0000 1 6312.42752
130.1000 1 5924.4544
130.2000 1 5840.56832
130.3000 1 5389.68064
130.4000 1 7214.20288
130.5000 1 5515.50976
130.6000 1 5662.3104
130.7000 1 6354.37056
130.8000 1 6343.8848
130.9000 1 5840.56832
131.0000 1 5295.3088
131.1000 1 7298.08896
131.2000 1 5410.65216
131.3000 1 5316.28032
131.4000 1 6375.34208
131.5000 1 6259.99872
131.6000 1 5725.22496
131.7000 1 5913.96864
131.8000 1 7319.06048
131.9000 1 5400.1664
132.0000 1 5672.79616
132.1000 1 5651.82464
132.2000 1 6543.11424
132.3000 1 5578.42432
132.4000 1 5903.48288
132.5000 1 6815.744
132.6000 1 5295.3088
132.7000 1 5368.70912
132.8000 1 6438.25664
132.9000 1 5368.70912
133.0000 1 5892.99712
133.1000 1 5840.56832
133.2000 1 6847.20128
133.3000 1 5515.50976
133.4000 1 5945.42592
133.5000 1 6459.22816
133.6000 1 6123.68384
133.7000 1 5788.13952
133.8000 1 5788.13952
133.9000 1 6763.3152
134.0000 1 5525.99552
134.1000 1 5934.94016
134.2000 1 5924.4544
134.3000 1 6312.42752
134.4000 1 5830.08256
134.5000 1 5945.42592
134.6000 1 6731.85792
134.7000 1 5358.22336
134.8000 1 5704.25344
134.9000 1 5955.91168
135.0000 1 7193.23136
135.1000 1 5347.7376
135.2000 1 5955.91168
135.3000 1 6647.97184
135.4000 1 5934.94016
135.5000 1 5525.99552
135.6000 1 5546.96704
135.7000 1 7172.25984
135.8000 1 5473.56672
135.9000 1 5788.13952
136.0000 1 6417.28512
136.1000 1 6322.91328
136.2000 1 5672.79616
136.3000 1 5830.08256
136.4000 1 7266.63168
136.5000 1 5484.05248
136.6000 1 5861.53984
136.7000 1 5693.76768
136.8000 1 6857.68704
136.9000 1 5809.11104
137.0000 1 5452.5952
137.1000 1 6815.744
137.2000 1 5767.168
137.3000 1 5798.62528
137.4000 1 5777.65376
137.5000 1 7088.37376
137.6000 1 5452.5952
137.7000 1 5987.36896
137.8000 1 6029.312
137.9000 1 6071.25504
138.0000 1 5588.91008
138.1000 1 5683.28192
138.2000 1 7056.91648
138.3000 1 5379.19488
138.4000 1 5987.36896
138.5000 1 6081.7408
138.6000 1 5127.53664
138.7000 1 4477.41952
138.8000 1 5599.39584
138.9000 1 4487.90528
139.0000 1 5525.99552
139.1000 1 4655.67744
139.2000 1 4204.78976
139.3000 1 6050.28352
139.4000 1 4561.3056
139.5000 1 5588.91008
139.6000 1 5148.50816
139.7000 1 5851.05408
139.8000 1 5861.53984
139.9000 1 6721.37216
140.0000 1 5662.3104
140.1000 1 5274.33728
140.2000 1 6868.1728
140.3000 1 5788.13952
140.4000 1 5295.3088
140.5000 1 6301.94176
140.6000 1 5546.96704
140.7000 1 5809.11104
140.8000 1 5746.19648
140.9000 1 7077.888
141.0000 1 5546.96704
141.1000 1 5588.91008
141.2000 1 6543.11424
141.3000 1 5966.39744
141.4000 1 5924.4544
141.5000 1 5809.11104
141.6000 1 6448.7424
141.7000 1 5232.39424
141.8000 1 5274.33728
141.9000 1 6826.22976
142.0000 1 5809.11104
142.1000 1 5253.36576
142.2000 1 6207.56992
142.3000 1 6438.25664
142.4000 1 5421.13792
142.5000 1 5221.90848
142.6000 1 6480.19968
142.7000 1 5305.79456
142.8000 1 5788.13952
142.9000 1 7203.71712
143.0000 1 5924.4544
143.1000 1 5379.19488
143.2000 1 5872.0256
143.3000 1 6931.08736
143.4000 1 5714.7392
143.5000 1 5316.28032
143.6000 1 6742.34368
143.7000 1 5934.94016
143.8000 1 2076.18048
