0.1000 1 0.0
0.2000 1 5484.05248
0.3000 1 3365.92896
0.4000 1 6522.14272
0.5000 1 4445.96224
0.6000 1 4970.25024
0.7000 1 6385.82784
0.8000 1 5064.62208
0.9000 1 5494.53824
1.0000 1 6973.0304
1.1000 1 4949.27872
1.2000 1 4456.448
1.3000 1 6008.34048
1.4000 1 4037.0176
1.5000 1 5934.94016
1.6000 1 4424.99072
1.7000 1 4708.10624
1.8000 1 5452.5952
1.9000 1 4886.36416
2.0000 1 6364.85632
2.1000 1 5788.13952
2.2000 1 6102.71232
2.3000 1 4917.82144
2.4000 1 7423.91808
2.5000 1 5190.4512
2.6000 1 5200.93696
2.7000 1 7182.7456
2.8000 1 5284.82304
2.9000 1 4424.99072
3.0000 1 6689.91488
3.1000 1 5347.7376
3.2000 1 4802.47808
3.3000 1 6899.63008
3.4000 1 6333.39904
3.5000 1 5934.94016
3.6000 1 6018.82624
3.7000 1 6742.34368
3.8000 1 5840.56832
3.9000 1 5200.93696
4.0000 1 5798.62528
4.1000 1 5913.96864
4.2000 1 5672.79616
4.3000 1 5809.11104
4.4000 1 7266.63168
4.5000 1 6039.79776
4.6000 1 6050.28352
4.7000 1 6092.22656
4.8000 1 7235.1744
4.9000 1 5263.85152
5.0000 1 5106.56512
5.1000 1 6280.97024
5.2000 1 5410.65216
5.3000 1 3995.07456
5.4000 1 5913.96864
5.5000 1 4047.50336
5.6000 1 5809.11104
5.7000 1 5001.70752
5.8000 1 4215.27552
5.9000 1 6647.97184
6.0000 1 4928.3072
6.1000 1 5001.70752
6.2000 1 6794.77248
6.3000 1 5966.39744
6.4000 1 5148.50816
6.5000 1 6532.62848
6.6000 1 5934.94016
6.7000 1 4257.21856
6.8000 1 5913.96864
6.9000 1 4896.84992
7.0000 1 4949.27872
7.1000 1 7235.1744
7.2000 1 5505.024
7.3000 1 4320.13312
7.4000 1 6134.1696
7.5000 1 5263.85152
7.6000 1 5012.19328
7.7000 1 7277.11744
7.8000 1 5924.4544
7.9000 1 5054.13632
8.0000 1 5809.11104
8.1000 1 5892.99712
8.2000 1 5117.05088
8.3000 1 5672.79616
8.4000 1 6469.71392
8.5000 1 6123.68384
8.6000 1 5872.0256
8.7000 1 5997.85472
8.8000 1 4823.4496
8.9000 1 5924.4544
9.0000 1 6689.91488
9.1000 1 5295.3088
9.2000 1 5190.4512
9.3000 1 6176.11264
9.4000 1 6008.34048
9.5000 1 5085.5936
9.6000 1 5609.8816
9.7000 1 5788.13952
9.8000 1 4152.36096
9.9000 1 6889.14432
10.0000 1 5400.1664
10.1000 1 5326.76608
10.2000 1 6050.28352
10.3000 1 7245.66016
10.4000 1 6081.7408
10.5000 1 5767.168
10.6000 1 5997.85472
10.7000 1 7056.91648
10.8000 1 5567.93856
10.9000 1 6029.312
11.0000 1 6522.14272
11.1000 1 5777.65376
11.2000 1 4949.27872
11.3000 1 5955.91168
11.4000 1 4120.90368
11.5000 1 4299.1616
11.6000 1 7014.97344
11.7000 1 4949.27872
11.8000 1 5054.13632
11.9000 1 7413.43232
12.0000 1 5295.3088
12.1000 1 5200.93696
12.2000 1 6480.19968
12.3000 1 5798.62528
12.4000 1 5924.4544
12.5000 1 5473.56672
12.6000 1 6878.65856
12.7000 1 4970.25024
12.8000 1 5588.91008
12.9000 1 7465.86112
13.0000 1 5148.50816
13.1000 1 6102.71232
13.2000 1 5609.8816
13.3000 1 6427.77088
13.4000 1 5253.36576
13.5000 1 5442.10944
13.6000 1 7381.97504
13.7000 1 5976.8832
13.8000 1 6060.76928
13.9000 1 5746.19648
14.0000 1 7444.8896
14.1000 1 4781.50656
14.2000 1 4896.84992
14.3000 1 6176.11264
14.4000 1 2936.0128
14.5000 1 6438.25664
14.6000 1 6113.19808
14.7000 1 5064.62208
14.8000 1 5955.91168
14.9000 1 6459.22816
15.0000 1 4886.36416
15.1000 1 5452.5952
15.2000 1 6186.5984
15.3000 1 4236.24704
15.4000 1 6050.28352
15.5000 1 3932.16
15.6000 1 4655.67744
15.7000 1 4896.84992
15.8000 1 4257.21856
15.9000 1 5892.99712
16.0000 1 3774.8736
16.1000 1 5431.62368
16.2000 1 5033.1648
16.3000 1 4487.90528
16.4000 1 6962.54464
16.5000 1 4708.10624
16.6000 1 5148.50816
16.7000 1 6249.51296
16.8000 1 4812.96384
16.9000 1 5431.62368
17.0000 1 6616.51456
17.1000 1 4729.07776
17.2000 1 5221.90848
17.3000 1 6480.19968
17.4000 1 4687.13472
17.5000 1 5662.3104
17.6000 1 5704.25344
17.7000 1 5232.39424
17.8000 1 5840.56832
17.9000 1 5704.25344
18.0000 1 4414.50496
18.1000 1 6375.34208
18.2000 1 5242.88
18.3000 1 4928.3072
18.4000 1 6889.14432
18.5000 1 4938.79296
18.6000 1 5358.22336
18.7000 1 6354.37056
18.8000 1 5148.50816
18.9000 1 5620.36736
19.0000 1 5997.85472
19.1000 1 5232.39424
19.2000 1 5525.99552
19.3000 1 6039.79776
19.4000 1 4718.592
19.5000 1 4980.736
19.6000 1 6794.77248
19.7000 1 5777.65376
19.8000 1 5096.07936
19.9000 1 6144.65536
20.0000 1 6039.79776
20.1000 1 4750.04928
20.2000 1 5955.91168
20.3000 1 6343.8848
20.4000 1 4540.33408
20.5000 1 5851.05408
20.6000 1 5274.33728
20.7000 1 5117.05088
20.8000 1 6364.85632
20.9000 1 5494.53824
21.0000 1 4980.736
21.1000 1 6375.34208
21.2000 1 5431.62368
21.3000 1 4655.67744
21.4000 1 6197.08416
21.5000 1 4959.76448
21.6000 1 5347.7376
21.7000 1 6847.20128
21.8000 1 5830.08256
21.9000 1 4666.1632
22.0000 1 6249.51296
22.1000 1 5326.76608
22.2000 1 5106.56512
22.3000 1 6322.91328
22.4000 1 4204.78976
22.5000 1 5043.65056
22.6000 1 6218.05568
22.7000 1 5400.1664
22.8000 1 5746.19648
22.9000 1 6763.3152
23.0000 1 5148.50816
23.1000 1 4183.81824
23.2000 1 6280.97024
23.3000 1 5274.33728
23.4000 1 4655.67744
23.5000 1 6794.77248
23.6000 1 4330.61888
23.7000 1 5316.28032
23.8000 1 6050.28352
23.9000 1 5106.56512
24.0000 1 5662.3104
24.1000 1 5714.7392
24.2000 1 4823.4496
24.3000 1 6197.08416
24.4000 1 5253.36576
24.5000 1 4477.41952
24.6000 1 6417.28512
24.7000 1 4561.3056
24.8000 1 5033.1648
24.9000 1 6375.34208
25.0000 1 5641.33888
25.1000 1 4676.64896
25.2000 1 6994.00192
25.3000 1 5337.25184
25.4000 1 5075.10784
25.5000 1 6889.14432
25.6000 1 4571.79136
25.7000 1 5158.99392
25.8000 1 6668.94336
25.9000 1 4687.13472
26.0000 1 4750.04928
26.1000 1 6280.97024
26.2000 1 4655.67744
26.3000 1 5316.28032
26.4000 1 6364.85632
26.5000 1 5578.42432
26.6000 1 5746.19648
26.7000 1 6836.71552
26.8000 1 4750.04928
26.9000 1 4781.50656
27.0000 1 6658.4576
27.1000 1 4404.0192
27.2000 1 5242.88
27.3000 1 5662.3104
27.4000 1 4456.448
27.5000 1 6364.85632
27.6000 1 4854.90688
27.7000 1 5033.1648
27.8000 1 6343.8848
27.9000 1 5599.39584
28.0000 1 4771.0208
28.1000 1 7025.4592
28.2000 1 5200.93696
28.3000 1 5410.65216
28.4000 1 6301.94176
28.5000 1 5442.10944
28.6000 1 5158.99392
28.7000 1 6134.1696
28.8000 1 6186.5984
28.9000 1 4771.0208
29.0000 1 5756.68224
29.1000 1 5662.3104
29.2000 1 5158.99392
29.3000 1 5966.39744
29.4000 1 5683.28192
29.5000 1 4886.36416
29.6000 1 6155.14112
29.7000 1 5033.1648
29.8000 1 4886.36416
29.9000 1 6647.97184
30.0000 1 5515.50976
30.1000 1 5683.28192
30.2000 1 5704.25344
30.3000 1 5987.36896
30.4000 1 5305.79456
30.5000 1 5494.53824
30.6000 1 6060.76928
30.7000 1 4571.79136
30.8000 1 6144.65536
30.9000 1 5106.56512
31.0000 1 5096.07936
31.1000 1 6595.54304
31.2000 1 4875.8784
31.3000 1 5326.76608
31.4000 1 6511.65696
31.5000 1 5064.62208
31.6000 1 5106.56512
31.7000 1 6668.94336
31.8000 1 5536.48128
31.9000 1 4739.56352
32.0000 1 6448.7424
32.1000 1 5389.68064
32.2000 1 4498.39104
32.3000 1 6301.94176
32.4000 1 4687.13472
32.5000 1 4320.13312
32.6000 1 7046.43072
32.7000 1 5127.53664
32.8000 1 4550.81984
32.9000 1 6123.68384
33.0000 1 4508.8768
33.1000 1 6081.7408
33.2000 1 5725.22496
33.3000 1 4938.79296
33.4000 1 6134.1696
33.5000 1 5662.3104
33.6000 1 5358.22336
33.7000 1 5704.25344
33.8000 1 5924.4544
33.9000 1 4959.76448
34.0000 1 5882.51136
34.1000 1 5955.91168
34.2000 1 5473.56672
34.3000 1 5347.7376
34.4000 1 6134.1696
34.5000 1 5484.05248
34.6000 1 5211.42272
34.7000 1 7035.94496
34.8000 1 5746.19648
34.9000 1 5473.56672
35.0000 1 6794.77248
35.1000 1 5672.79616
35.2000 1 5725.22496
35.3000 1 5410.65216
35.4000 1 5410.65216
35.5000 1 4362.07616
35.6000 1 6291.456
35.7000 1 5295.3088
35.8000 1 5735.71072
35.9000 1 6333.39904
36.0000 1 4760.53504
36.1000 1 4152.36096
36.2000 1 6165.62688
36.3000 1 4603.24864
36.4000 1 5525.99552
36.5000 1 5400.1664
36.6000 1 5096.07936
36.7000 1 6197.08416
36.8000 1 4781.50656
36.9000 1 5337.25184
37.0000 1 6679.42912
37.1000 1 5012.19328
37.2000 1 5305.79456
37.3000 1 6417.28512
37.4000 1 4907.33568
37.5000 1 5704.25344
37.6000 1 6155.14112
37.7000 1 5421.13792
37.8000 1 4802.47808
37.9000 1 6333.39904
38.0000 1 5148.50816
38.1000 1 5735.71072
38.2000 1 6050.28352
38.3000 1 5851.05408
38.4000 1 5253.36576
38.5000 1 5693.76768
38.6000 1 6658.4576
38.7000 1 5693.76768
38.8000 1 5494.53824
38.9000 1 6910.11584
39.0000 1 4750.04928
39.1000 1 4445.96224
39.2000 1 6857.68704
39.3000 1 5221.90848
39.4000 1 4320.13312
39.5000 1 6280.97024
39.6000 1 4886.36416
39.7000 1 5567.93856
39.8000 1 6952.05888
39.9000 1 4865.39264
40.0000 1 5494.53824
40.1000 1 6689.91488
40.2000 1 5232.39424
40.3000 1 4959.76448
40.4000 1 6868.1728
40.5000 1 5389.68064
40.6000 1 4865.39264
40.7000 1 6742.34368
40.8000 1 5253.36576
40.9000 1 5609.8816
41.0000 1 6501.1712
41.1000 1 5316.28032
41.2000 1 5138.0224
41.3000 1 6354.37056
41.4000 1 6029.312
41.5000 1 5641.33888
41.6000 1 5085.5936
41.7000 1 6259.99872
41.8000 1 5431.62368
41.9000 1 5253.36576
42.0000 1 6910.11584
42.1000 1 4886.36416
42.2000 1 4791.99232
42.3000 1 6406.79936
42.4000 1 5169.47968
42.5000 1 5169.47968
42.6000 1 6364.85632
42.7000 1 5200.93696
42.8000 1 5242.88
42.9000 1 6249.51296
43.0000 1 5190.4512
43.1000 1 5316.28032
43.2000 1 6396.3136
43.3000 1 5305.79456
43.4000 1 5337.25184
43.5000 1 7140.80256
43.6000 1 4865.39264
43.7000 1 4519.36256
43.8000 1 6228.54144
43.9000 1 5232.39424
44.0000 1 5263.85152
44.1000 1 6239.0272
44.2000 1 5054.13632
44.3000 1 5473.56672
44.4000 1 7014.97344
44.5000 1 5557.4528
44.6000 1 4781.50656
44.7000 1 6815.744
44.8000 1 4194.304
44.9000 1 5138.0224
45.0000 1 6102.71232
45.1000 1 5022.67904
45.2000 1 5683.28192
45.3000 1 6417.28512
45.4000 1 4833.93536
45.5000 1 5725.22496
45.6000 1 6280.97024
45.7000 1 5211.42272
45.8000 1 5389.68064
45.9000 1 7025.4592
46.0000 1 4760.53504
46.1000 1 5033.1648
46.2000 1 6543.11424
46.3000 1 4791.99232
46.4000 1 5630.85312
46.5000 1 6427.77088
46.6000 1 5473.56672
46.7000 1 4875.8784
46.8000 1 7025.4592
46.9000 1 5253.36576
47.0000 1 5274.33728
47.1000 1 6752.82944
47.2000 1 6448.7424
47.3000 1 4739.56352
47.4000 1 5861.53984
47.5000 1 6826.22976
47.6000 1 4393.53344
47.7000 1 5505.024
47.8000 1 6427.77088
47.9000 1 4928.3072
48.0000 1 5389.68064
48.1000 1 5525.99552
48.2000 1 5085.5936
48.3000 1 6144.65536
48.4000 1 5693.76768
48.5000 1 5085.5936
48.6000 1 6029.312
48.7000 1 5326.76608
48.8000 1 5892.99712
48.9000 1 5546.96704
49.0000 1 6585.05728
49.1000 1 4907.33568
49.2000 1 5494.53824
49.3000 1 6480.19968
49.4000 1 5756.68224
49.5000 1 5704.25344
49.6000 1 6721.37216
49.7000 1 4791.99232
49.8000 1 4697.62048
49.9000 1 6857.68704
50.0000 1 4739.56352
50.1000 1 5169.47968
50.2000 1 6312.42752
50.3000 1 4739.56352
50.4000 1 4886.36416
50.5000 1 7067.40224
50.6000 1 4729.07776
50.7000 1 5410.65216
50.8000 1 6228.54144
50.9000 1 5410.65216
51.0000 1 4729.07776
51.1000 1 6994.00192
51.2000 1 5253.36576
51.3000 1 5704.25344
51.4000 1 7035.94496
51.5000 1 5683.28192
51.6000 1 4865.39264
51.7000 1 6239.0272
51.8000 1 5484.05248
51.9000 1 5022.67904
52.0000 1 6322.91328
52.1000 1 4823.4496
52.2000 1 5725.22496
52.3000 1 6176.11264
52.4000 1 5819.5968
52.5000 1 5746.19648
52.6000 1 5232.39424
52.7000 1 6490.68544
52.8000 1 5809.11104
52.9000 1 5022.67904
53.0000 1 6878.65856
53.1000 1 5704.25344
53.2000 1 5693.76768
53.3000 1 6333.39904
53.4000 1 6144.65536
53.5000 1 5085.5936
53.6000 1 5536.48128
53.7000 1 5892.99712
53.8000 1 4781.50656
53.9000 1 6060.76928
54.0000 1 5442.10944
54.1000 1 4267.70432
54.2000 1 6134.1696
54.3000 1 4708.10624
54.4000 1 4875.8784
54.5000 1 6343.8848
54.6000 1 4812.96384
54.7000 1 5788.13952
54.8000 1 6427.77088
54.9000 1 4645.19168
55.0000 1 5777.65376
55.1000 1 6239.0272
55.2000 1 5148.50816
55.3000 1 5400.1664
55.4000 1 7077.888
55.5000 1 4844.42112
55.6000 1 4760.53504
55.7000 1 6700.40064
55.8000 1 5305.79456
55.9000 1 5599.39584
56.0000 1 6931.08736
56.1000 1 4833.93536
56.2000 1 4854.90688
56.3000 1 6910.11584
56.4000 1 4519.36256
56.5000 1 4215.27552
56.6000 1 6920.6016
56.7000 1 4771.0208
56.8000 1 5148.50816
56.9000 1 6448.7424
57.0000 1 5746.19648
57.1000 1 5756.68224
57.2000 1 6878.65856
57.3000 1 5725.22496
57.4000 1 5746.19648
57.5000 1 5651.82464
57.6000 1 6889.14432
57.7000 1 4823.4496
57.8000 1 4865.39264
57.9000 1 6836.71552
58.0000 1 5085.5936
58.1000 1 5284.82304
58.2000 1 6689.91488
58.3000 1 5630.85312
58.4000 1 5746.19648
58.5000 1 6501.1712
58.6000 1 5683.28192
58.7000 1 4959.76448
58.8000 1 6218.05568
58.9000 1 5630.85312
59.0000 1 4435.47648
59.1000 1 6228.54144
59.2000 1 4624.22016
59.3000 1 5033.1648
59.4000 1 6532.62848
59.5000 1 5578.42432
59.6000 1 5704.25344
59.7000 1 6522.14272
59.8000 1 6113.19808
59.9000 1 5578.42432
60.0000 1 5662.3104
60.1000 1 6920.6016
60.2000 1 4519.36256
60.3000 1 4959.76448
60.4000 1 6847.20128
60.5000 1 4802.47808
60.6000 1 5358.22336
60.7000 1 6259.99872
60.8000 1 4624.22016
60.9000 1 5389.68064
61.0000 1 6532.62848
61.1000 1 5662.3104
61.2000 1 5746.19648
61.3000 1 6658.4576
61.4000 1 5735.71072
61.5000 1 4938.79296
61.6000 1 6627.00032
61.7000 1 4414.50496
61.8000 1 4309.64736
61.9000 1 6689.91488
62.0000 1 4791.99232
62.1000 1 4938.79296
62.2000 1 6742.34368
62.3000 1 5284.82304
62.4000 1 6480.19968
62.5000 1 6627.00032
62.6000 1 6448.7424
62.7000 1 5746.19648
62.8000 1 5326.76608
62.9000 1 7654.6048
63.0000 1 6752.82944
63.1000 1 5746.19648
63.2000 1 4802.47808
63.3000 1 6144.65536
63.4000 1 4760.53504
63.5000 1 5295.3088
63.6000 1 6868.1728
63.7000 1 6595.54304
63.8000 1 5704.25344
63.9000 1 6385.82784
64.0000 1 6658.4576
64.1000 1 5557.4528
64.2000 1 6627.00032
64.3000 1 5924.4544
64.4000 1 6050.28352
64.5000 1 5169.47968
64.6000 1 6239.0272
64.7000 1 7182.7456
64.8000 1 5431.62368
64.9000 1 6029.312
65.0000 1 6165.62688
65.1000 1 7885.29152
65.2000 1 6532.62848
65.3000 1 5525.99552
65.4000 1 6364.85632
65.5000 1 6836.71552
65.6000 1 6385.82784
65.7000 1 5546.96704
65.8000 1 5326.76608
65.9000 1 7906.26304
66.0000 1 5767.168
66.1000 1 5263.85152
66.2000 1 6616.51456
66.3000 1 7465.86112
66.4000 1 6050.28352
66.5000 1 5903.48288
66.6000 1 5221.90848
66.7000 1 7109.34528
66.8000 1 6511.65696
66.9000 1 5955.91168
67.0000 1 5892.99712
67.1000 1 6700.40064
67.2000 1 6532.62848
67.3000 1 5830.08256
67.4000 1 5913.96864
67.5000 1 6627.00032
67.6000 1 5934.94016
67.7000 1 6249.51296
67.8000 1 5767.168
67.9000 1 7088.37376
68.0000 1 5557.4528
68.1000 1 6606.0288
68.2000 1 5934.94016
68.3000 1 5997.85472
68.4000 1 6280.97024
68.5000 1 5578.42432
68.6000 1 6931.08736
68.7000 1 5892.99712
68.8000 1 6417.28512
68.9000 1 5830.08256
69.0000 1 7340.032
69.1000 1 6113.19808
69.2000 1 5819.5968
69.3000 1 6312.42752
69.4000 1 6878.65856
69.5000 1 6553.6
69.6000 1 6490.68544
69.7000 1 5767.168
69.8000 1 6343.8848
69.9000 1 7602.176
70.0000 1 5473.56672
70.1000 1 4183.81824
70.2000 1 6113.19808
70.3000 1 6039.79776
70.4000 1 4110.41792
70.5000 1 7591.69024
70.6000 1 5368.70912
70.7000 1 6385.82784
70.8000 1 5945.42592
70.9000 1 7895.77728
71.0000 1 6501.1712
71.1000 1 5578.42432
71.2000 1 6113.19808
71.3000 1 7067.40224
71.4000 1 5536.48128
71.5000 1 6008.34048
71.6000 1 5442.10944
71.7000 1 7738.49088
71.8000 1 5546.96704
71.9000 1 5305.79456
72.0000 1 6585.05728
72.1000 1 6459.22816
72.2000 1 5494.53824
72.3000 1 6490.68544
72.4000 1 6427.77088
72.5000 1 6459.22816
72.6000 1 6448.7424
72.7000 1 6155.14112
72.8000 1 6312.42752
72.9000 1 6637.48608
73.0000 1 6375.34208
73.1000 1 6480.19968
73.2000 1 5683.28192
73.3000 1 6333.39904
73.4000 1 6406.79936
73.5000 1 5410.65216
73.6000 1 6994.00192
73.7000 1 6228.54144
73.8000 1 6249.51296
73.9000 1 5001.70752
74.0000 1 7644.11904
74.1000 1 6239.0272
74.2000 1 5693.76768
74.3000 1 6259.99872
74.4000 1 6784.28672
74.5000 1 6448.7424
74.6000 1 5326.76608
74.7000 1 5263.85152
74.8000 1 6836.71552
74.9000 1 6459.22816
75.0000 1 5326.76608
75.1000 1 6050.28352
75.2000 1 5158.99392
75.3000 1 6396.3136
75.4000 1 6322.91328
75.5000 1 7486.83264
75.6000 1 5473.56672
75.7000 1 5400.1664
75.8000 1 6008.34048
75.9000 1 6018.82624
76.0000 1 5767.168
76.1000 1 6543.11424
76.2000 1 6679.42912
76.3000 1 5337.25184
76.4000 1 6071.25504
76.5000 1 5452.5952
76.6000 1 5777.65376
76.7000 1 5934.94016
76.8000 1 6333.39904
76.9000 1 6585.05728
77.0000 1 6585.05728
77.1000 1 5945.42592
77.2000 1 6480.19968
77.3000 1 6637.48608
77.4000 1 6616.51456
77.5000 1 5662.3104
77.6000 1 5777.65376
77.7000 1 6627.00032
77.8000 1 5494.53824
77.9000 1 6522.14272
78.0000 1 5190.4512
78.1000 1 7119.83104
78.2000 1 5295.3088
78.3000 1 6333.39904
78.4000 1 6438.25664
78.5000 1 7098.85952
78.6000 1 6165.62688
78.7000 1 6081.7408
78.8000 1 5819.5968
78.9000 1 6259.99872
79.0000 1 6417.28512
79.1000 1 5148.50816
79.2000 1 7329.54624
79.3000 1 6396.3136
79.4000 1 4896.84992
79.5000 1 5494.53824
79.6000 1 7392.4608
79.7000 1 5546.96704
79.8000 1 6469.71392
79.9000 1 5735.71072
80.0000 1 6490.68544
80.1000 1 5054.13632
80.2000 1 5337.25184
80.3000 1 7088.37376
80.4000 1 5567.93856
80.5000 1 6532.62848
80.6000 1 6501.1712
80.7000 1 6826.22976
80.8000 1 6071.25504
80.9000 1 6102.71232
81.0000 1 5997.85472
81.1000 1 7350.51776
81.2000 1 5987.36896
81.3000 1 5777.65376
81.4000 1 6291.456
81.5000 1 7549.7472
81.6000 1 5714.7392
81.7000 1 6333.39904
81.8000 1 6270.48448
81.9000 1 6826.22976
82.0000 1 6448.7424
82.1000 1 6490.68544
82.2000 1 6396.3136
82.3000 1 5851.05408
82.4000 1 7109.34528
82.5000 1 5913.96864
82.6000 1 5096.07936
82.7000 1 6994.00192
82.8000 1 5567.93856
82.9000 1 6490.68544
83.0000 1 6343.8848
83.1000 1 6700.40064
83.2000 1 6627.00032
83.3000 1 6406.79936
83.4000 1 5421.13792
83.5000 1 6721.37216
83.6000 1 5913.96864
83.7000 1 6553.6
83.8000 1 5200.93696
83.9000 1 7161.77408
84.0000 1 5022.67904
84.1000 1 5756.68224
84.2000 1 6312.42752
84.3000 1 6354.37056
84.4000 1 4875.8784
84.5000 1 6333.39904
84.6000 1 7528.77568
84.7000 1 6606.0288
84.8000 1 5505.024
84.9000 1 6417.28512
85.0000 1 6501.1712
85.1000 1 6396.3136
85.2000 1 6396.3136
85.3000 1 6050.28352
85.4000 1 6480.19968
85.5000 1 6668.94336
85.6000 1 5400.1664
85.7000 1 5997.85472
85.8000 1 7088.37376
85.9000 1 7549.7472
86.0000 1 5421.13792
86.1000 1 5358.22336
86.2000 1 6805.25824
86.3000 1 6647.97184
86.4000 1 5987.36896
86.5000 1 5242.88
86.6000 1 7287.6032
86.7000 1 6228.54144
86.8000 1 6071.25504
86.9000 1 5546.96704
87.0000 1 7287.6032
87.1000 1 5997.85472
87.2000 1 6008.34048
87.3000 1 6102.71232
87.4000 1 6962.54464
87.5000 1 6186.5984
87.6000 1 5525.99552
87.7000 1 5735.71072
87.8000 1 7717.51936
87.9000 1 5620.36736
88.0000 1 6480.19968
88.1000 1 5630.85312
88.2000 1 6574.57152
88.3000 1 6259.99872
88.4000 1 6585.05728
88.5000 1 6375.34208
88.6000 1 6773.80096
88.7000 1 5463.08096
88.8000 1 5630.85312
88.9000 1 5714.7392
89.0000 1 7591.69024
89.1000 1 5484.05248
89.2000 1 5987.36896
89.3000 1 6102.71232
89.4000 1 6920.6016
89.5000 1 5452.5952
89.6000 1 6511.65696
89.7000 1 6259.99872
89.8000 1 5746.19648
89.9000 1 6375.34208
90.0000 1 6322.91328
90.1000 1 6689.91488
90.2000 1 6606.0288
90.3000 1 6333.39904
90.4000 1 5452.5952
90.5000 1 6731.85792
90.6000 1 6396.3136
90.7000 1 6312.42752
90.8000 1 6364.85632
90.9000 1 6071.25504
91.0000 1 4141.8752
91.1000 1 4487.90528
91.2000 1 7182.7456
91.3000 1 5326.76608
91.4000 1 6270.48448
91.5000 1 6459.22816
91.6000 1 7476.34688
91.7000 1 5536.48128
91.8000 1 6375.34208
91.9000 1 6459.22816
92.0000 1 7077.888
92.1000 1 6197.08416
92.2000 1 6270.48448
92.3000 1 5620.36736
92.4000 1 6647.97184
92.5000 1 6459.22816
92.6000 1 5232.39424
92.7000 1 6060.76928
92.8000 1 7098.85952
92.9000 1 6312.42752
93.0000 1 5442.10944
93.1000 1 6448.7424
93.2000 1 7927.23456
93.3000 1 5494.53824
93.4000 1 6197.08416
93.5000 1 5987.36896
93.6000 1 7067.40224
93.7000 1 6427.77088
93.8000 1 6564.08576
93.9000 1 5358.22336
94.0000 1 7497.3184
94.1000 1 6721.37216
94.2000 1 5431.62368
94.3000 1 6364.85632
94.4000 1 6627.00032
94.5000 1 6962.54464
94.6000 1 5997.85472
94.7000 1 5022.67904
94.8000 1 6826.22976
94.9000 1 6301.94176
95.0000 1 6396.3136
95.1000 1 5651.82464
95.2000 1 7161.77408
95.3000 1 5085.5936
95.4000 1 5672.79616
95.5000 1 6763.3152
95.6000 1 6679.42912
95.7000 1 5882.51136
95.8000 1 6144.65536
95.9000 1 6008.34048
96.0000 1 6983.51616
96.1000 1 5421.13792
96.2000 1 6312.42752
96.3000 1 6102.71232
96.4000 1 6595.54304
96.5000 1 5872.0256
96.6000 1 5945.42592
96.7000 1 6742.34368
96.8000 1 6480.19968
96.9000 1 6459.22816
97.0000 1 6123.68384
97.1000 1 6092.22656
97.2000 1 6616.51456
97.3000 1 6228.54144
97.4000 1 5641.33888
97.5000 1 6658.4576
97.6000 1 6469.71392
97.7000 1 6564.08576
97.8000 1 6469.71392
97.9000 1 6176.11264
98.0000 1 7056.91648
98.1000 1 6343.8848
98.2000 1 5463.08096
98.3000 1 6438.25664
98.4000 1 7623.14752
98.5000 1 5892.99712
98.6000 1 6207.56992
98.7000 1 6364.85632
98.8000 1 6679.42912
98.9000 1 6742.34368
99.0000 1 5767.168
99.1000 1 6259.99872
99.2000 1 6333.39904
99.3000 1 6679.42912
99.4000 1 4980.736
99.5000 1 6039.79776
99.6000 1 7612.66176
99.7000 1 5651.82464
99.8000 1 6469.71392
99.9000 1 5368.70912
100.0000 1 7182.7456
100.1000 1 5746.19648
100.2000 1 6155.14112
100.3000 1 6071.25504
100.4000 1 7256.14592
100.5000 1 6438.25664
100.6000 1 5274.33728
100.7000 1 6595.54304
100.8000 1 6637.48608
100.9000 1 5515.50976
101.0000 1 5473.56672
101.1000 1 6343.8848
101.2000 1 6994.00192
101.3000 1 5840.56832
101.4000 1 6218.05568
101.5000 1 5945.42592
101.6000 1 7528.77568
101.7000 1 6469.71392
101.8000 1 5620.36736
101.9000 1 6039.79776
102.0000 1 7895.77728
102.1000 1 6396.3136
102.2000 1 5337.25184
102.3000 1 6658.4576
102.4000 1 6878.65856
102.5000 1 6721.37216
102.6000 1 6039.79776
102.7000 1 6543.11424
102.8000 1 6616.51456
102.9000 1 6815.744
103.0000 1 6511.65696
103.1000 1 5714.7392
103.2000 1 6050.28352
103.3000 1 7193.23136
103.4000 1 5463.08096
103.5000 1 5620.36736
103.6000 1 6448.7424
103.7000 1 8032.09216
103.8000 1 5473.56672
103.9000 1 5368.70912
104.0000 1 6039.79776
104.1000 1 7203.71712
104.2000 1 6018.82624
104.3000 1 6050.28352
104.4000 1 5767.168
104.5000 1 7507.80416
104.6000 1 5442.10944
104.7000 1 5138.0224
104.8000 1 7035.94496
104.9000 1 7161.77408
105.0000 1 6155.14112
105.1000 1 5851.05408
105.2000 1 6417.28512
105.3000 1 6899.63008
105.4000 1 6291.456
105.5000 1 5515.50976
105.6000 1 6008.34048
105.7000 1 5924.4544
105.8000 1 6239.0272
105.9000 1 5693.76768
106.0000 1 7151.28832
106.1000 1 6385.82784
106.2000 1 6480.19968
106.3000 1 5442.10944
106.4000 1 6878.65856
106.5000 1 5284.82304
106.6000 1 6228.54144
106.7000 1 6354.37056
106.8000 1 7329.54624
106.9000 1 5798.62528
107.0000 1 6354.37056
107.1000 1 6343.8848
107.2000 1 6438.25664
107.3000 1 5463.08096
107.4000 1 5599.39584
107.5000 1 5987.36896
107.6000 1 6637.48608
107.7000 1 6406.79936
107.8000 1 6385.82784
107.9000 1 5714.7392
108.0000 1 7392.4608
108.1000 1 6008.34048
108.2000 1 5756.68224
108.3000 1 6364.85632
108.4000 1 6815.744
108.5000 1 6448.7424
108.6000 1 6469.71392
108.7000 1 5819.5968
108.8000 1 7539.26144
108.9000 1 5882.51136
109.0000 1 5536.48128
109.1000 1 5505.024
109.2000 1 7790.91968
109.3000 1 5316.28032
109.4000 1 6553.6
109.5000 1 5683.28192
109.6000 1 7381.97504
109.7000 1 6438.25664
109.8000 1 6427.77088
109.9000 1 5515.50976
110.0000 1 7497.3184
110.1000 1 5725.22496
110.2000 1 5295.3088
110.3000 1 5913.96864
110.4000 1 7644.11904
110.5000 1 5746.19648
110.6000 1 6029.312
110.7000 1 5662.3104
110.8000 1 7591.69024
110.9000 1 6186.5984
111.0000 1 6270.48448
111.1000 1 5567.93856
111.2000 1 7790.91968
111.3000 1 6490.68544
111.4000 1 5442.10944
111.5000 1 5127.53664
111.6000 1 7738.49088
111.7000 1 5588.91008
111.8000 1 6113.19808
111.9000 1 5997.85472
112.0000 1 7381.97504
112.1000 1 6249.51296
112.2000 1 6448.7424
112.3000 1 5484.05248
112.4000 1 7371.48928
112.5000 1 6826.22976
112.6000 1 6176.11264
112.7000 1 5777.65376
112.8000 1 6511.65696
112.9000 1 8241.80736
113.0000 1 5494.53824
113.1000 1 5326.76608
113.2000 1 5882.51136
113.3000 1 5274.33728
113.4000 1 5704.25344
113.5000 1 5872.0256
113.6000 1 7413.43232
113.7000 1 6228.54144
113.8000 1 5505.024
113.9000 1 5903.48288
114.0000 1 6354.37056
114.1000 1 6123.68384
114.2000 1 5316.28032
114.3000 1 6962.54464
114.4000 1 6197.08416
114.5000 1 5976.8832
114.6000 1 5389.68064
114.7000 1 6627.00032
114.8000 1 5043.65056
114.9000 1 6543.11424
115.0000 1 6522.14272
115.1000 1 6259.99872
115.2000 1 6385.82784
115.3000 1 6018.82624
115.4000 1 6606.0288
115.5000 1 7151.28832
115.6000 1 5672.79616
115.7000 1 6564.08576
115.8000 1 5756.68224
115.9000 1 6427.77088
116.0000 1 6018.82624
116.1000 1 5746.19648
116.2000 1 6983.51616
116.3000 1 6553.6
116.4000 1 6406.79936
116.5000 1 6805.25824
116.6000 1 5326.76608
116.7000 1 7738.49088
116.8000 1 6270.48448
116.9000 1 6406.79936
117.0000 1 5494.53824
117.1000 1 7665.09056
117.2000 1 5872.0256
117.3000 1 6490.68544
117.4000 1 6354.37056
117.5000 1 6438.25664
117.6000 1 6815.744
117.7000 1 6343.8848
117.8000 1 6595.54304
117.9000 1 5232.39424
118.0000 1 8084.52096
118.1000 1 5232.39424
118.2000 1 6301.94176
118.3000 1 6501.1712
118.4000 1 7539.26144
118.5000 1 5976.8832
118.6000 1 5379.19488
118.7000 1 5305.79456
118.8000 1 6522.14272
118.9000 1 6406.79936
119.0000 1 6448.7424
119.1000 1 5872.0256
119.2000 1 6543.11424
119.3000 1 6270.48448
119.4000 1 6406.79936
119.5000 1 6710.8864
119.6000 1 6658.4576
119.7000 1 5368.70912
119.8000 1 6543.11424
119.9000 1 5809.11104
120.0000 1 7612.66176
120.1000 1 6312.42752
120.2000 1 6197.08416
120.3000 1 5609.8816
120.4000 1 7549.7472
120.5000 1 5641.33888
120.6000 1 6585.05728
120.7000 1 5075.10784
120.8000 1 7948.20608
120.9000 1 5777.65376
121.0000 1 5253.36576
121.1000 1 6322.91328
121.2000 1 7780.43392
121.3000 1 6354.37056
121.4000 1 5641.33888
121.5000 1 5347.7376
121.6000 1 7843.34848
121.7000 1 5672.79616
121.8000 1 6228.54144
121.9000 1 6259.99872
122.0000 1 7119.83104
122.1000 1 6459.22816
122.2000 1 6574.57152
122.3000 1 5609.8816
122.4000 1 6501.1712
122.5000 1 6857.68704
122.6000 1 6427.77088
122.7000 1 6522.14272
122.8000 1 6595.54304
122.9000 1 6574.57152
123.0000 1 5536.48128
123.1000 1 6543.11424
123.2000 1 5263.85152
123.3000 1 6731.85792
123.4000 1 5284.82304
123.5000 1 6469.71392
123.6000 1 6637.48608
123.7000 1 5630.85312
123.8000 1 5997.85472
123.9000 1 6249.51296
124.0000 1 7025.4592
124.1000 1 6322.91328
124.2000 1 6679.42912
124.3000 1 5368.70912
124.4000 1 6553.6
124.5000 1 6134.1696
124.6000 1 5158.99392
124.7000 1 5955.91168
124.8000 1 6165.62688
124.9000 1 6375.34208
125.0000 1 6553.6
125.1000 1 6050.28352
125.2000 1 7119.83104
125.3000 1 6564.08576
125.4000 1 6543.11424
125.5000 1 5515.50976
125.6000 1 7801.40544
125.7000 1 6658.4576
125.8000 1 5767.168
125.9000 1 5830.08256
126.0000 1 6878.65856
126.1000 1 6511.65696
126.2000 1 5221.90848
126.3000 1 6658.4576
126.4000 1 6543.11424
126.5000 1 6574.57152
126.6000 1 5630.85312
126.7000 1 6092.22656
126.8000 1 7067.40224
126.9000 1 6144.65536
127.0000 1 6312.42752
127.1000 1 5662.3104
127.2000 1 6920.6016
127.3000 1 7853.83424
127.4000 1 5515.50976
127.5000 1 5473.56672
127.6000 1 6438.25664
127.7000 1 6805.25824
127.8000 1 6165.62688
127.9000 1 5525.99552
128.0000 1 6679.42912
128.1000 1 6679.42912
128.2000 1 6396.3136
128.3000 1 6396.3136
128.4000 1 6155.14112
128.5000 1 7035.94496
128.6000 1 6501.1712
128.7000 1 5158.99392
128.8000 1 6564.08576
128.9000 1 6763.3152
129.0000 1 6490.68544
129.1000 1 5630.85312
129.2000 1 6113.19808
129.3000 1 7077.888
129.4000 1 5966.39744
129.5000 1 6406.79936
129.6000 1 6564.08576
129.7000 1 6805.25824
129.8000 1 6616.51456
129.9000 1 6553.6
130.0000 1 6186.5984
130.1000 1 6050.28352
130.2000 1 7381.97504
130.3000 1 6375.34208
130.4000 1 5588.91008
130.5000 1 6333.39904
130.6000 1 6983.51616
130.7000 1 6071.25504
130.8000 1 5987.36896
130.9000 1 6343.8848
131.0000 1 7130.3168
131.1000 1 6207.56992
131.2000 1 5326.76608
131.3000 1 5609.8816
131.4000 1 7707.0336
131.5000 1 5515.50976
131.6000 1 6543.11424
131.7000 1 5337.25184
131.8000 1 7056.91648
131.9000 1 5809.11104
132.0000 1 6490.68544
132.1000 1 6459.22816
132.2000 1 6931.08736
132.3000 1 5305.79456
132.4000 1 6322.91328
132.5000 1 6039.79776
132.6000 1 7151.28832
132.7000 1 6448.7424
132.8000 1 6658.4576
132.9000 1 5316.28032
133.0000 1 7801.40544
133.1000 1 5955.91168
133.2000 1 5431.62368
133.3000 1 5861.53984
133.4000 1 7874.80576
133.5000 1 6616.51456
133.6000 1 5725.22496
133.7000 1 5012.19328
133.8000 1 7958.69184
133.9000 1 6585.05728
134.0000 1 6102.71232
134.1000 1 5767.168
134.2000 1 6606.0288
134.3000 1 6427.77088
134.4000 1 5358.22336
134.5000 1 5075.10784
134.6000 1 6857.68704
134.7000 1 5190.4512
134.8000 1 6375.34208
134.9000 1 6731.85792
135.0000 1 6438.25664
135.1000 1 5830.08256
135.2000 1 5913.96864
135.3000 1 6973.0304
135.4000 1 6176.11264
135.5000 1 6406.79936
135.6000 1 5389.68064
135.7000 1 6763.3152
135.8000 1 6627.00032
135.9000 1 5263.85152
136.0000 1 6396.3136
136.1000 1 6878.65856
136.2000 1 6018.82624
136.3000 1 5746.19648
136.4000 1 6585.05728
136.5000 1 6763.3152
136.6000 1 6511.65696
136.7000 1 5221.90848
136.8000 1 6564.08576
136.9000 1 7277.11744
137.0000 1 6511.65696
137.1000 1 6081.7408
137.2000 1 6249.51296
137.3000 1 6312.42752
137.4000 1 7098.85952
137.5000 1 5651.82464
137.6000 1 6480.19968
137.7000 1 5934.94016
137.8000 1 5788.13952
137.9000 1 6354.37056
138.0000 1 5630.85312
138.1000 1 6532.62848
138.2000 1 5976.8832
138.3000 1 6081.7408
138.4000 1 5641.33888
138.5000 1 7067.40224
138.6000 1 6501.1712
138.7000 1 5158.99392
138.8000 1 6176.11264
138.9000 1 7266.63168
139.0000 1 6018.82624
139.1000 1 6155.14112
139.2000 1 5819.5968
139.3000 1 6689.91488
139.4000 1 6564.08576
139.5000 1 5337.25184
139.6000 1 6522.14272
139.7000 1 7025.4592
139.8000 1 6050.28352
139.9000 1 5735.71072
140.0000 1 6438.25664
140.1000 1 6700.40064
140.2000 1 6564.08576
140.3000 1 5337.25184
140.4000 1 6543.11424
140.5000 1 7560.23296
140.6000 1 115.34336
