0.1000 1 0.0
0.2000 1 5693.76768
0.3000 1 4487.90528
0.4000 1 6899.63008
0.5000 1 4666.1632
0.6000 1 4330.61888
0.7000 1 6501.1712
0.8000 1 4414.50496
0.9000 1 5096.07936
1.0000 1 5263.85152
1.1000 1 5054.13632
1.2000 1 6218.05568
1.3000 1 5043.65056
1.4000 1 4896.84992
1.5000 1 6721.37216
1.6000 1 5001.70752
1.7000 1 5043.65056
1.8000 1 6931.08736
1.9000 1 4949.27872
2.0000 1 5494.53824
2.1000 1 5725.22496
2.2000 1 3690.98752
2.3000 1 5232.39424
2.4000 1 4928.3072
2.5000 1 3628.07296
2.6000 1 5966.39744
2.7000 1 3690.98752
2.8000 1 5819.5968
2.9000 1 4938.79296
3.0000 1 4383.04768
3.1000 1 6102.71232
3.2000 1 4362.07616
3.3000 1 6207.56992
3.4000 1 5200.93696
3.5000 1 5389.68064
3.6000 1 6239.0272
3.7000 1 5410.65216
3.8000 1 5242.88
3.9000 1 6113.19808
4.0000 1 5284.82304
4.1000 1 4603.24864
4.2000 1 6301.94176
4.3000 1 5033.1648
4.4000 1 4875.8784
4.5000 1 6354.37056
4.6000 1 5641.33888
4.7000 1 5473.56672
4.8000 1 6406.79936
4.9000 1 5934.94016
5.0000 1 4582.27712
5.1000 1 6092.22656
5.2000 1 4592.76288
5.3000 1 5190.4512
5.4000 1 6847.20128
5.5000 1 5253.36576
5.6000 1 4729.07776
5.7000 1 6710.8864
5.8000 1 4697.62048
5.9000 1 4404.0192
6.0000 1 6207.56992
6.1000 1 4938.79296
6.2000 1 5001.70752
6.3000 1 6092.22656
6.4000 1 5284.82304
6.5000 1 5693.76768
6.6000 1 6543.11424
6.7000 1 4781.50656
6.8000 1 4970.25024
6.9000 1 6207.56992
7.0000 1 4445.96224
7.1000 1 6102.71232
7.2000 1 4372.56192
7.3000 1 4047.50336
7.4000 1 6134.1696
7.5000 1 4424.99072
7.6000 1 6123.68384
7.7000 1 4844.42112
7.8000 1 4970.25024
7.9000 1 6427.77088
8.0000 1 4729.07776
8.1000 1 5557.4528
8.2000 1 6385.82784
8.3000 1 4781.50656
8.4000 1 4760.53504
8.5000 1 6826.22976
8.6000 1 5232.39424
8.7000 1 4225.76128
8.8000 1 6836.71552
8.9000 1 4833.93536
9.0000 1 4823.4496
9.1000 1 6123.68384
9.2000 1 4519.36256
9.3000 1 6134.1696
9.4000 1 5588.91008
9.5000 1 4372.56192
9.6000 1 6249.51296
9.7000 1 5326.76608
9.8000 1 4624.22016
9.9000 1 6742.34368
10.0000 1 4760.53504
10.1000 1 4110.41792
10.2000 1 5284.82304
10.3000 1 4257.21856
10.4000 1 6417.28512
10.5000 1 5232.39424
10.6000 1 4099.93216
10.7000 1 6763.3152
10.8000 1 4991.22176
10.9000 1 4865.39264
11.0000 1 6459.22816
11.1000 1 5714.7392
11.2000 1 4645.19168
11.3000 1 6207.56992
11.4000 1 5567.93856
11.5000 1 4697.62048
11.6000 1 6899.63008
11.7000 1 4959.76448
11.8000 1 5662.3104
11.9000 1 6637.48608
12.0000 1 5096.07936
12.1000 1 4655.67744
12.2000 1 6962.54464
12.3000 1 5169.47968
12.4000 1 4162.84672
12.5000 1 6543.11424
12.6000 1 5295.3088
12.7000 1 4729.07776
12.8000 1 6396.3136
12.9000 1 4561.3056
13.0000 1 5683.28192
13.1000 1 5672.79616
13.2000 1 4676.64896
13.3000 1 6375.34208
13.4000 1 6270.48448
13.5000 1 4718.592
13.6000 1 5798.62528
13.7000 1 5945.42592
13.8000 1 4907.33568
13.9000 1 5851.05408
14.0000 1 5872.0256
14.1000 1 5085.5936
14.2000 1 5788.13952
14.3000 1 5064.62208
14.4000 1 4351.5904
14.5000 1 6459.22816
14.6000 1 4320.13312
14.7000 1 4980.736
14.8000 1 6396.3136
14.9000 1 4508.8768
15.0000 1 5704.25344
15.1000 1 5347.7376
15.2000 1 5746.19648
15.3000 1 5620.36736
15.4000 1 6008.34048
15.5000 1 5735.71072
15.6000 1 4991.22176
15.7000 1 6595.54304
15.8000 1 4655.67744
15.9000 1 5494.53824
16.0000 1 6301.94176
16.1000 1 4561.3056
16.2000 1 5882.51136
16.3000 1 5861.53984
16.4000 1 4529.84832
16.5000 1 6322.91328
16.6000 1 5410.65216
16.7000 1 4907.33568
16.8000 1 6448.7424
16.9000 1 5505.024
17.0000 1 4676.64896
17.1000 1 6155.14112
17.2000 1 4771.0208
17.3000 1 4341.10464
17.4000 1 6836.71552
17.5000 1 5263.85152
17.6000 1 5211.42272
17.7000 1 6910.11584
17.8000 1 4718.592
17.9000 1 4445.96224
18.0000 1 6899.63008
18.1000 1 4980.736
18.2000 1 5463.08096
18.3000 1 6239.0272
18.4000 1 5190.4512
18.5000 1 5043.65056
18.6000 1 6427.77088
18.7000 1 4896.84992
18.8000 1 4844.42112
18.9000 1 7109.34528
19.0000 1 5588.91008
19.1000 1 4225.76128
19.2000 1 6784.28672
19.3000 1 4676.64896
19.4000 1 4812.96384
19.5000 1 6784.28672
19.6000 1 4907.33568
19.7000 1 5169.47968
19.8000 1 6385.82784
19.9000 1 4645.19168
20.0000 1 5630.85312
20.1000 1 6207.56992
20.2000 1 3711.95904
20.3000 1 6836.71552
20.4000 1 4739.56352
20.5000 1 4739.56352
20.6000 1 6207.56992
20.7000 1 5609.8816
20.8000 1 5651.82464
20.9000 1 6532.62848
21.0000 1 5158.99392
21.1000 1 5033.1648
21.2000 1 6574.57152
21.3000 1 4812.96384
21.4000 1 5788.13952
21.5000 1 6123.68384
21.6000 1 5075.10784
21.7000 1 5389.68064
21.8000 1 6186.5984
21.9000 1 4760.53504
22.0000 1 4477.41952
22.1000 1 6826.22976
22.2000 1 4215.27552
22.3000 1 4917.82144
22.4000 1 5840.56832
22.5000 1 4162.84672
22.6000 1 6700.40064
22.7000 1 5557.4528
22.8000 1 4414.50496
22.9000 1 6480.19968
23.0000 1 5043.65056
23.1000 1 4791.99232
23.2000 1 6952.05888
23.3000 1 4886.36416
23.4000 1 4571.79136
23.5000 1 6071.25504
23.6000 1 4624.22016
23.7000 1 5242.88
23.8000 1 5211.42272
23.9000 1 4435.47648
24.0000 1 6689.91488
24.1000 1 5117.05088
24.2000 1 4791.99232
24.3000 1 6931.08736
24.4000 1 5641.33888
24.5000 1 5022.67904
24.6000 1 6249.51296
24.7000 1 4959.76448
24.8000 1 5735.71072
24.9000 1 6029.312
25.0000 1 5567.93856
25.1000 1 4760.53504
25.2000 1 6543.11424
25.3000 1 4949.27872
25.4000 1 4309.64736
25.5000 1 7025.4592
25.6000 1 4750.04928
25.7000 1 4487.90528
25.8000 1 6553.6
25.9000 1 4687.13472
26.0000 1 5546.96704
26.1000 1 6123.68384
26.2000 1 4487.90528
26.3000 1 5609.8816
26.4000 1 5683.28192
26.5000 1 5683.28192
26.6000 1 5546.96704
26.7000 1 6668.94336
26.8000 1 4655.67744
26.9000 1 5253.36576
27.0000 1 5253.36576
27.1000 1 5200.93696
27.2000 1 6312.42752
27.3000 1 5410.65216
27.4000 1 4571.79136
27.5000 1 6658.4576
27.6000 1 4655.67744
27.7000 1 5148.50816
27.8000 1 6878.65856
27.9000 1 5284.82304
28.0000 1 5232.39424
28.1000 1 6343.8848
28.2000 1 5934.94016
28.3000 1 5316.28032
28.4000 1 5452.5952
28.5000 1 6983.51616
28.6000 1 5337.25184
28.7000 1 5452.5952
28.8000 1 6427.77088
28.9000 1 5358.22336
29.0000 1 5232.39424
29.1000 1 6301.94176
29.2000 1 4949.27872
29.3000 1 5557.4528
29.4000 1 6647.97184
29.5000 1 4886.36416
29.6000 1 5609.8816
29.7000 1 6585.05728
29.8000 1 5326.76608
29.9000 1 4750.04928
30.0000 1 6123.68384
30.1000 1 4854.90688
30.2000 1 5043.65056
30.3000 1 6700.40064
30.4000 1 4257.21856
30.5000 1 4980.736
30.6000 1 6155.14112
30.7000 1 5463.08096
30.8000 1 4907.33568
30.9000 1 5484.05248
31.0000 1 3051.35616
31.1000 1 5704.25344
31.2000 1 3187.67104
31.3000 1 5924.4544
31.4000 1 3439.32928
31.5000 1 5578.42432
31.6000 1 4016.04608
31.7000 1 5484.05248
31.8000 1 4645.19168
31.9000 1 3984.5888
32.0000 1 5798.62528
32.1000 1 4330.61888
32.2000 1 5557.4528
32.3000 1 4215.27552
32.4000 1 4959.76448
32.5000 1 4099.93216
32.6000 1 4225.76128
32.7000 1 4120.90368
32.8000 1 4341.10464
32.9000 1 4928.3072
33.0000 1 4445.96224
33.1000 1 6857.68704
33.2000 1 5158.99392
33.3000 1 4571.79136
33.4000 1 6941.57312
33.5000 1 5284.82304
33.6000 1 5064.62208
33.7000 1 6364.85632
33.8000 1 5557.4528
33.9000 1 4854.90688
34.0000 1 6962.54464
34.1000 1 5934.94016
34.2000 1 4404.0192
34.3000 1 6396.3136
34.4000 1 4089.4464
34.5000 1 5022.67904
34.6000 1 6427.77088
34.7000 1 5704.25344
34.8000 1 5190.4512
34.9000 1 6333.39904
35.0000 1 5253.36576
35.1000 1 4561.3056
35.2000 1 6522.14272
35.3000 1 4750.04928
35.4000 1 4781.50656
35.5000 1 6616.51456
35.6000 1 5022.67904
35.7000 1 5043.65056
35.8000 1 6102.71232
35.9000 1 5431.62368
36.0000 1 5221.90848
36.1000 1 5305.79456
36.2000 1 5158.99392
36.3000 1 6291.456
36.4000 1 5641.33888
36.5000 1 5431.62368
36.6000 1 5683.28192
36.7000 1 6102.71232
36.8000 1 4729.07776
36.9000 1 5903.48288
37.0000 1 5221.90848
37.1000 1 5830.08256
37.2000 1 5630.85312
37.3000 1 5609.8816
37.4000 1 5379.19488
37.5000 1 5809.11104
37.6000 1 5316.28032
37.7000 1 5494.53824
37.8000 1 5892.99712
37.9000 1 4571.79136
38.0000 1 4068.47488
38.1000 1 6543.11424
38.2000 1 4655.67744
38.3000 1 5263.85152
38.4000 1 6553.6
38.5000 1 4613.7344
38.6000 1 5557.4528
38.7000 1 5263.85152
38.8000 1 5085.5936
38.9000 1 6438.25664
39.0000 1 5515.50976
39.1000 1 4519.36256
39.2000 1 6752.82944
39.3000 1 6123.68384
39.4000 1 5326.76608
39.5000 1 5295.3088
39.6000 1 6102.71232
39.7000 1 5190.4512
39.8000 1 5421.13792
39.9000 1 5819.5968
40.0000 1 4487.90528
40.1000 1 6396.3136
40.2000 1 5410.65216
40.3000 1 5704.25344
40.4000 1 5693.76768
40.5000 1 6396.3136
40.6000 1 5714.7392
40.7000 1 5117.05088
40.8000 1 6207.56992
40.9000 1 5127.53664
41.0000 1 5106.56512
41.1000 1 6637.48608
41.2000 1 4854.90688
41.3000 1 5158.99392
41.4000 1 6710.8864
41.5000 1 4970.25024
41.6000 1 5138.0224
41.7000 1 6102.71232
41.8000 1 5169.47968
41.9000 1 5463.08096
42.0000 1 6689.91488
42.1000 1 4341.10464
42.2000 1 5714.7392
42.3000 1 5337.25184
42.4000 1 4362.07616
42.5000 1 6438.25664
42.6000 1 5127.53664
42.7000 1 5546.96704
42.8000 1 6731.85792
42.9000 1 5326.76608
43.0000 1 5400.1664
43.1000 1 6029.312
43.2000 1 5861.53984
43.3000 1 5431.62368
43.4000 1 5421.13792
43.5000 1 6165.62688
43.6000 1 5714.7392
43.7000 1 5410.65216
43.8000 1 6679.42912
43.9000 1 4781.50656
44.0000 1 4781.50656
44.1000 1 6354.37056
44.2000 1 4456.448
44.3000 1 5955.91168
44.4000 1 5274.33728
44.5000 1 4424.99072
44.6000 1 6983.51616
44.7000 1 5305.79456
44.8000 1 4896.84992
44.9000 1 6647.97184
45.0000 1 5452.5952
45.1000 1 4456.448
45.2000 1 6857.68704
45.3000 1 5840.56832
45.4000 1 5085.5936
45.5000 1 5819.5968
45.6000 1 6385.82784
45.7000 1 5683.28192
45.8000 1 5442.10944
45.9000 1 6742.34368
46.0000 1 4729.07776
46.1000 1 4624.22016
46.2000 1 6805.25824
46.3000 1 4372.56192
46.4000 1 5515.50976
46.5000 1 6039.79776
46.6000 1 5054.13632
46.7000 1 5599.39584
46.8000 1 5767.168
46.9000 1 4896.84992
47.0000 1 6134.1696
47.1000 1 5033.1648
47.2000 1 4131.38944
47.3000 1 6113.19808
47.4000 1 4582.27712
47.5000 1 5284.82304
47.6000 1 5882.51136
47.7000 1 4613.7344
47.8000 1 6218.05568
47.9000 1 6134.1696
48.0000 1 4865.39264
48.1000 1 5809.11104
48.2000 1 3512.7296
48.3000 1 4875.8784
48.4000 1 4424.99072
48.5000 1 4047.50336
48.6000 1 6742.34368
48.7000 1 4603.24864
48.8000 1 5630.85312
48.9000 1 5882.51136
49.0000 1 5725.22496
49.1000 1 5138.0224
49.2000 1 5651.82464
49.3000 1 4687.13472
49.4000 1 6102.71232
49.5000 1 5735.71072
49.6000 1 3995.07456
49.7000 1 5609.8816
49.8000 1 3848.27392
49.9000 1 5683.28192
50.0000 1 4540.33408
50.1000 1 4666.1632
50.2000 1 7644.11904
50.3000 1 5096.07936
50.4000 1 4708.10624
50.5000 1 6689.91488
50.6000 1 4676.64896
50.7000 1 5714.7392
50.8000 1 6784.28672
50.9000 1 5903.48288
51.0000 1 5389.68064
51.1000 1 5421.13792
51.2000 1 4487.90528
51.3000 1 5033.1648
51.4000 1 6427.77088
51.5000 1 5305.79456
51.6000 1 4309.64736
51.7000 1 7769.94816
51.8000 1 4854.90688
51.9000 1 5746.19648
52.0000 1 6228.54144
52.1000 1 4236.24704
52.2000 1 4865.39264
52.3000 1 7686.06208
52.4000 1 4508.8768
52.5000 1 4718.592
52.6000 1 6280.97024
52.7000 1 6186.5984
52.8000 1 5651.82464
52.9000 1 6239.0272
53.0000 1 5379.19488
53.1000 1 4928.3072
53.2000 1 6438.25664
53.3000 1 6176.11264
53.4000 1 4362.07616
53.5000 1 6228.54144
53.6000 1 5326.76608
53.7000 1 5987.36896
53.8000 1 5431.62368
53.9000 1 7077.888
54.0000 1 5609.8816
54.1000 1 4697.62048
54.2000 1 6417.28512
54.3000 1 5054.13632
54.4000 1 6259.99872
54.5000 1 6794.77248
54.6000 1 5473.56672
54.7000 1 4099.93216
54.8000 1 5976.8832
54.9000 1 4886.36416
55.0000 1 5714.7392
55.1000 1 5819.5968
55.2000 1 5232.39424
55.3000 1 5064.62208
55.4000 1 5892.99712
55.5000 1 6144.65536
55.6000 1 5609.8816
55.7000 1 5798.62528
55.8000 1 4980.736
55.9000 1 4928.3072
56.0000 1 6071.25504
56.1000 1 6291.456
56.2000 1 5599.39584
56.3000 1 6878.65856
56.4000 1 4257.21856
56.5000 1 4225.76128
56.6000 1 5525.99552
56.7000 1 4424.99072
56.8000 1 6564.08576
56.9000 1 5379.19488
57.0000 1 5452.5952
57.1000 1 6123.68384
57.2000 1 4949.27872
57.3000 1 4540.33408
57.4000 1 6102.71232
57.5000 1 4487.90528
57.6000 1 5997.85472
57.7000 1 6836.71552
57.8000 1 4288.67584
57.9000 1 5515.50976
58.0000 1 6794.77248
58.1000 1 4991.22176
58.2000 1 4980.736
58.3000 1 6039.79776
58.4000 1 5546.96704
58.5000 1 4854.90688
58.6000 1 5630.85312
58.7000 1 4729.07776
58.8000 1 5756.68224
58.9000 1 6763.3152
59.0000 1 4812.96384
59.1000 1 5169.47968
59.2000 1 5557.4528
59.3000 1 4393.53344
59.4000 1 6826.22976
59.5000 1 5337.25184
59.6000 1 4561.3056
59.7000 1 5756.68224
59.8000 1 4404.0192
59.9000 1 5190.4512
60.0000 1 5767.168
60.1000 1 6186.5984
60.2000 1 5075.10784
60.3000 1 7581.20448
60.4000 1 4896.84992
60.5000 1 4676.64896
60.6000 1 6637.48608
60.7000 1 5316.28032
60.8000 1 6280.97024
60.9000 1 6123.68384
61.0000 1 5442.10944
61.1000 1 6207.56992
61.2000 1 5138.0224
61.3000 1 7203.71712
61.4000 1 5410.65216
61.5000 1 5484.05248
61.6000 1 5872.0256
61.7000 1 4603.24864
61.8000 1 5075.10784
61.9000 1 7717.51936
62.0000 1 5463.08096
62.1000 1 5253.36576
62.2000 1 6417.28512
62.3000 1 4645.19168
62.4000 1 4645.19168
62.5000 1 6186.5984
62.6000 1 4875.8784
62.7000 1 6197.08416
62.8000 1 6228.54144
62.9000 1 6239.0272
63.0000 1 5242.88
63.1000 1 6039.79776
63.2000 1 4424.99072
63.3000 1 4550.81984
63.4000 1 6375.34208
63.5000 1 5316.28032
63.6000 1 5452.5952
63.7000 1 6270.48448
63.8000 1 4687.13472
63.9000 1 4802.47808
64.0000 1 6763.3152
64.1000 1 6102.71232
64.2000 1 4257.21856
64.3000 1 5630.85312
64.4000 1 3995.07456
64.5000 1 5683.28192
64.6000 1 6165.62688
64.7000 1 5211.42272
64.8000 1 6396.3136
64.9000 1 6627.00032
65.0000 1 5001.70752
65.1000 1 5882.51136
65.2000 1 6899.63008
65.3000 1 4309.64736
65.4000 1 5211.42272
65.5000 1 7381.97504
65.6000 1 4729.07776
65.7000 1 6060.76928
65.8000 1 6511.65696
65.9000 1 5609.8816
66.0000 1 5861.53984
66.1000 1 6333.39904
66.2000 1 6113.19808
66.3000 1 5127.53664
66.4000 1 5368.70912
66.5000 1 6826.22976
66.6000 1 4141.8752
66.7000 1 4844.42112
66.8000 1 5368.70912
66.9000 1 4257.21856
67.0000 1 7161.77408
67.1000 1 5284.82304
67.2000 1 4980.736
67.3000 1 6197.08416
67.4000 1 5179.96544
67.5000 1 5242.88
67.6000 1 6301.94176
67.7000 1 4760.53504
67.8000 1 4666.1632
67.9000 1 6249.51296
68.0000 1 4508.8768
68.1000 1 5242.88
68.2000 1 6480.19968
68.3000 1 5840.56832
68.4000 1 4907.33568
68.5000 1 7497.3184
68.6000 1 4141.8752
68.7000 1 4655.67744
68.8000 1 5777.65376
68.9000 1 6050.28352
69.0000 1 5735.71072
69.1000 1 6270.48448
69.2000 1 5442.10944
69.3000 1 6207.56992
69.4000 1 6176.11264
69.5000 1 5421.13792
69.6000 1 6343.8848
69.7000 1 5242.88
69.8000 1 5735.71072
69.9000 1 5473.56672
70.0000 1 6239.0272
70.1000 1 7728.00512
70.2000 1 5075.10784
70.3000 1 5609.8816
70.4000 1 6081.7408
70.5000 1 6878.65856
70.6000 1 4204.78976
70.7000 1 5578.42432
70.8000 1 5337.25184
70.9000 1 5693.76768
71.0000 1 5788.13952
71.1000 1 6889.14432
71.2000 1 4099.93216
71.3000 1 5515.50976
71.4000 1 5200.93696
71.5000 1 4498.39104
71.6000 1 5840.56832
71.7000 1 4823.4496
71.8000 1 5588.91008
71.9000 1 5903.48288
72.0000 1 5389.68064
72.1000 1 5316.28032
72.2000 1 6962.54464
72.3000 1 4645.19168
72.4000 1 4760.53504
72.5000 1 5358.22336
72.6000 1 4341.10464
72.7000 1 6144.65536
72.8000 1 5054.13632
72.9000 1 4823.4496
73.0000 1 6081.7408
73.1000 1 4970.25024
73.2000 1 5117.05088
73.3000 1 6868.1728
73.4000 1 5347.7376
73.5000 1 5410.65216
73.6000 1 6868.1728
73.7000 1 5148.50816
73.8000 1 5158.99392
73.9000 1 6176.11264
74.0000 1 4550.81984
74.1000 1 5096.07936
74.2000 1 6228.54144
74.3000 1 5368.70912
74.4000 1 5389.68064
74.5000 1 6270.48448
74.6000 1 4959.76448
74.7000 1 5672.79616
74.8000 1 6102.71232
74.9000 1 4152.36096
75.0000 1 5746.19648
75.1000 1 6270.48448
75.2000 1 5075.10784
75.3000 1 5410.65216
75.4000 1 6763.3152
75.5000 1 5138.0224
75.6000 1 5305.79456
75.7000 1 7067.40224
75.8000 1 5127.53664
75.9000 1 5714.7392
76.0000 1 6700.40064
76.1000 1 5567.93856
76.2000 1 5651.82464
76.3000 1 5557.4528
76.4000 1 6658.4576
76.5000 1 5263.85152
76.6000 1 4823.4496
76.7000 1 6994.00192
76.8000 1 5211.42272
76.9000 1 5211.42272
77.0000 1 6941.57312
77.1000 1 4844.42112
77.2000 1 4928.3072
77.3000 1 6522.14272
77.4000 1 5085.5936
77.5000 1 5473.56672
77.6000 1 6773.80096
77.7000 1 4529.84832
77.8000 1 5075.10784
77.9000 1 7025.4592
78.0000 1 5127.53664
78.1000 1 5546.96704
78.2000 1 6847.20128
78.3000 1 5725.22496
78.4000 1 4708.10624
78.5000 1 6322.91328
78.6000 1 6186.5984
78.7000 1 4959.76448
78.8000 1 5714.7392
78.9000 1 6532.62848
79.0000 1 5337.25184
79.1000 1 4802.47808
79.2000 1 6218.05568
79.3000 1 5138.0224
79.4000 1 5609.8816
79.5000 1 6501.1712
79.6000 1 5452.5952
79.7000 1 5693.76768
79.8000 1 6994.00192
79.9000 1 4917.82144
80.0000 1 5463.08096
80.1000 1 6647.97184
80.2000 1 5389.68064
80.3000 1 5295.3088
80.4000 1 6008.34048
80.5000 1 5463.08096
80.6000 1 5001.70752
80.7000 1 6375.34208
80.8000 1 5484.05248
80.9000 1 5400.1664
81.0000 1 5777.65376
81.1000 1 5997.85472
81.2000 1 5368.70912
81.3000 1 5473.56672
81.4000 1 6721.37216
81.5000 1 5211.42272
81.6000 1 5578.42432
81.7000 1 6889.14432
81.8000 1 5546.96704
81.9000 1 5305.79456
82.0000 1 6679.42912
82.1000 1 5515.50976
82.2000 1 4183.81824
82.3000 1 6249.51296
82.4000 1 5337.25184
82.5000 1 5777.65376
82.6000 1 6301.94176
82.7000 1 5410.65216
82.8000 1 5190.4512
82.9000 1 6165.62688
83.0000 1 4928.3072
83.1000 1 5117.05088
83.2000 1 6794.77248
83.3000 1 5567.93856
83.4000 1 5400.1664
83.5000 1 5840.56832
83.6000 1 6459.22816
83.7000 1 5326.76608
83.8000 1 5075.10784
83.9000 1 6994.00192
84.0000 1 5662.3104
84.1000 1 5683.28192
84.2000 1 6689.91488
84.3000 1 5200.93696
84.4000 1 5043.65056
84.5000 1 6050.28352
84.6000 1 4393.53344
84.7000 1 4750.04928
84.8000 1 5599.39584
84.9000 1 4802.47808
85.0000 1 5934.94016
85.1000 1 4089.4464
85.2000 1 5672.79616
85.3000 1 7203.71712
85.4000 1 5609.8816
85.5000 1 3743.41632
85.6000 1 5777.65376
85.7000 1 4267.70432
85.8000 1 5924.4544
85.9000 1 4865.39264
86.0000 1 4246.7328
86.1000 1 5546.96704
86.2000 1 4571.79136
86.3000 1 5861.53984
86.4000 1 4267.70432
86.5000 1 5284.82304
86.6000 1 6742.34368
86.7000 1 5767.168
86.8000 1 5305.79456
86.9000 1 6081.7408
87.0000 1 6081.7408
87.1000 1 5200.93696
87.2000 1 5714.7392
87.3000 1 5851.05408
87.4000 1 5515.50976
87.5000 1 5693.76768
87.6000 1 6962.54464
87.7000 1 5295.3088
87.8000 1 5368.70912
87.9000 1 6155.14112
88.0000 1 5106.56512
88.1000 1 5662.3104
88.2000 1 6522.14272
88.3000 1 5326.76608
88.4000 1 5158.99392
88.5000 1 6784.28672
88.6000 1 5431.62368
88.7000 1 5295.3088
88.8000 1 6039.79776
88.9000 1 5746.19648
89.0000 1 5588.91008
89.1000 1 5305.79456
89.2000 1 6868.1728
89.3000 1 5096.07936
89.4000 1 5012.19328
89.5000 1 6553.6
89.6000 1 5012.19328
89.7000 1 5400.1664
89.8000 1 7109.34528
89.9000 1 5253.36576
90.0000 1 5641.33888
90.1000 1 6092.22656
90.2000 1 4330.61888
90.3000 1 4750.04928
90.4000 1 5284.82304
90.5000 1 4603.24864
90.6000 1 5872.0256
90.7000 1 4131.38944
90.8000 1 5179.96544
90.9000 1 5022.67904
91.0000 1 4204.78976
91.1000 1 5714.7392
91.2000 1 4561.3056
91.3000 1 5725.22496
91.4000 1 5851.05408
91.5000 1 5316.28032
91.6000 1 5473.56672
91.7000 1 6364.85632
91.8000 1 5242.88
91.9000 1 5284.82304
92.0000 1 6155.14112
92.1000 1 5578.42432
92.2000 1 5316.28032
92.3000 1 6689.91488
92.4000 1 5536.48128
92.5000 1 5169.47968
92.6000 1 6857.68704
92.7000 1 4613.7344
92.8000 1 5337.25184
92.9000 1 6008.34048
93.0000 1 5190.4512
93.1000 1 4875.8784
93.2000 1 6983.51616
93.3000 1 5431.62368
93.4000 1 4896.84992
93.5000 1 6878.65856
93.6000 1 5410.65216
93.7000 1 5379.19488
93.8000 1 6627.00032
93.9000 1 5672.79616
94.0000 1 5284.82304
94.1000 1 5798.62528
94.2000 1 5767.168
94.3000 1 5326.76608
94.4000 1 5672.79616
94.5000 1 6805.25824
94.6000 1 5368.70912
94.7000 1 5473.56672
94.8000 1 6658.4576
94.9000 1 5431.62368
95.0000 1 5421.13792
95.1000 1 6763.3152
95.2000 1 5515.50976
95.3000 1 5672.79616
95.4000 1 5578.42432
95.5000 1 5913.96864
95.6000 1 5138.0224
95.7000 1 5693.76768
95.8000 1 5756.68224
95.9000 1 4875.8784
96.0000 1 6134.1696
96.1000 1 5746.19648
96.2000 1 5400.1664
96.3000 1 5609.8816
96.4000 1 6574.57152
96.5000 1 5819.5968
96.6000 1 5326.76608
96.7000 1 6752.82944
96.8000 1 5484.05248
96.9000 1 5798.62528
97.0000 1 6113.19808
97.1000 1 5756.68224
97.2000 1 4949.27872
97.3000 1 6081.7408
97.4000 1 6501.1712
97.5000 1 5106.56512
97.6000 1 5158.99392
97.7000 1 6773.80096
97.8000 1 5127.53664
97.9000 1 5012.19328
98.0000 1 6710.8864
98.1000 1 5043.65056
98.2000 1 5672.79616
98.3000 1 6291.456
98.4000 1 5274.33728
98.5000 1 5725.22496
98.6000 1 7035.94496
98.7000 1 5347.7376
98.8000 1 5431.62368
98.9000 1 5976.8832
99.0000 1 5714.7392
99.1000 1 5169.47968
99.2000 1 5809.11104
99.3000 1 6616.51456
99.4000 1 4519.36256
99.5000 1 5463.08096
99.6000 1 5620.36736
99.7000 1 5641.33888
99.8000 1 5714.7392
99.9000 1 6176.11264
100.0000 1 4802.47808
100.1000 1 5746.19648
100.2000 1 6710.8864
100.3000 1 5211.42272
100.4000 1 5945.42592
100.5000 1 6721.37216
100.6000 1 5200.93696
100.7000 1 5368.70912
100.8000 1 6784.28672
100.9000 1 5672.79616
101.0000 1 5138.0224
101.1000 1 5966.39744
101.2000 1 6249.51296
101.3000 1 5641.33888
101.4000 1 5536.48128
101.5000 1 6931.08736
101.6000 1 5200.93696
101.7000 1 5662.3104
101.8000 1 6438.25664
101.9000 1 5578.42432
102.0000 1 5158.99392
102.1000 1 6039.79776
102.2000 1 5127.53664
102.3000 1 5578.42432
102.4000 1 6239.0272
102.5000 1 5725.22496
102.6000 1 5389.68064
102.7000 1 5662.3104
102.8000 1 6490.68544
102.9000 1 5421.13792
103.0000 1 5641.33888
103.1000 1 6553.6
103.2000 1 5347.7376
103.3000 1 5714.7392
103.4000 1 6721.37216
103.5000 1 5284.82304
103.6000 1 5809.11104
103.7000 1 5725.22496
103.8000 1 6197.08416
103.9000 1 5525.99552
104.0000 1 5064.62208
104.1000 1 7004.48768
104.2000 1 5788.13952
104.3000 1 5651.82464
104.4000 1 6218.05568
104.5000 1 5630.85312
104.6000 1 5337.25184
104.7000 1 6144.65536
104.8000 1 5924.4544
104.9000 1 5494.53824
105.0000 1 5347.7376
105.1000 1 6291.456
105.2000 1 5525.99552
105.3000 1 5473.56672
105.4000 1 6784.28672
105.5000 1 5326.76608
105.6000 1 5473.56672
105.7000 1 6637.48608
105.8000 1 5232.39424
105.9000 1 5431.62368
106.0000 1 6553.6
106.1000 1 5693.76768
106.2000 1 5138.0224
106.3000 1 5987.36896
106.4000 1 5557.4528
106.5000 1 5788.13952
106.6000 1 5599.39584
106.7000 1 6668.94336
106.8000 1 5651.82464
106.9000 1 5536.48128
107.0000 1 6123.68384
107.1000 1 5138.0224
107.2000 1 5033.1648
107.3000 1 6763.3152
107.4000 1 5525.99552
107.5000 1 5400.1664
107.6000 1 6606.0288
107.7000 1 5326.76608
107.8000 1 5557.4528
107.9000 1 5872.0256
108.0000 1 6218.05568
108.1000 1 5546.96704
108.2000 1 4980.736
108.3000 1 6794.77248
108.4000 1 5096.07936
108.5000 1 5788.13952
108.6000 1 6291.456
108.7000 1 5704.25344
108.8000 1 5819.5968
108.9000 1 6155.14112
109.0000 1 5326.76608
109.1000 1 5305.79456
109.2000 1 6249.51296
109.3000 1 4970.25024
109.4000 1 5536.48128
109.5000 1 6322.91328
109.6000 1 5578.42432
109.7000 1 5368.70912
109.8000 1 5830.08256
109.9000 1 6490.68544
110.0000 1 5546.96704
110.1000 1 5463.08096
110.2000 1 6564.08576
110.3000 1 5284.82304
110.4000 1 5546.96704
110.5000 1 6689.91488
110.6000 1 5305.79456
110.7000 1 5221.90848
110.8000 1 6176.11264
110.9000 1 5295.3088
111.0000 1 5295.3088
111.1000 1 6490.68544
111.2000 1 5316.28032
111.3000 1 5788.13952
111.4000 1 5693.76768
111.5000 1 6364.85632
111.6000 1 5536.48128
111.7000 1 5179.96544
111.8000 1 6878.65856
111.9000 1 5798.62528
112.0000 1 5662.3104
112.1000 1 6322.91328
112.2000 1 5117.05088
112.3000 1 5515.50976
112.4000 1 6385.82784
112.5000 1 5955.91168
112.6000 1 4928.3072
112.7000 1 5798.62528
112.8000 1 5913.96864
112.9000 1 5274.33728
113.0000 1 5683.28192
113.1000 1 6291.456
113.2000 1 5588.91008
113.3000 1 5316.28032
113.4000 1 6931.08736
113.5000 1 5169.47968
113.6000 1 5379.19488
113.7000 1 6878.65856
113.8000 1 5651.82464
113.9000 1 5253.36576
114.0000 1 6228.54144
114.1000 1 5106.56512
114.2000 1 5505.024
114.3000 1 6134.1696
114.4000 1 6333.39904
114.5000 1 5064.62208
114.6000 1 5400.1664
114.7000 1 6826.22976
114.8000 1 5326.76608
114.9000 1 5284.82304
115.0000 1 6668.94336
115.1000 1 5096.07936
115.2000 1 5410.65216
115.3000 1 6322.91328
115.4000 1 5379.19488
115.5000 1 5263.85152
115.6000 1 6427.77088
115.7000 1 5620.36736
115.8000 1 5505.024
115.9000 1 6301.94176
116.0000 1 5620.36736
116.1000 1 5578.42432
116.2000 1 5557.4528
116.3000 1 6679.42912
116.4000 1 5693.76768
116.5000 1 4970.25024
116.6000 1 6710.8864
116.7000 1 4907.33568
116.8000 1 5117.05088
116.9000 1 6627.00032
117.0000 1 5588.91008
117.1000 1 5934.94016
117.2000 1 6186.5984
117.3000 1 5232.39424
117.4000 1 4928.3072
117.5000 1 6784.28672
117.6000 1 5557.4528
117.7000 1 5882.51136
117.8000 1 5379.19488
117.9000 1 6763.3152
118.0000 1 4949.27872
118.1000 1 5725.22496
118.2000 1 6406.79936
118.3000 1 5117.05088
118.4000 1 5567.93856
118.5000 1 6259.99872
118.6000 1 5515.50976
118.7000 1 5809.11104
118.8000 1 6259.99872
118.9000 1 5641.33888
119.0000 1 5630.85312
119.1000 1 5746.19648
119.2000 1 6354.37056
119.3000 1 5630.85312
119.4000 1 5735.71072
119.5000 1 6857.68704
119.6000 1 5064.62208
119.7000 1 5704.25344
119.8000 1 6522.14272
119.9000 1 5358.22336
120.0000 1 5421.13792
120.1000 1 6008.34048
120.2000 1 5735.71072
120.3000 1 5096.07936
120.4000 1 5934.94016
120.5000 1 6197.08416
120.6000 1 5515.50976
120.7000 1 5494.53824
120.8000 1 6448.7424
120.9000 1 5473.56672
121.0000 1 4750.04928
121.1000 1 5714.7392
121.2000 1 4708.10624
121.3000 1 5945.42592
121.4000 1 6826.22976
121.5000 1 6522.14272
121.6000 1 5138.0224
121.7000 1 6176.11264
121.8000 1 6280.97024
121.9000 1 5295.3088
122.0000 1 5662.3104
122.1000 1 6228.54144
122.2000 1 6197.08416
122.3000 1 5704.25344
122.4000 1 7004.48768
122.5000 1 6574.57152
122.6000 1 5305.79456
122.7000 1 5242.88
122.8000 1 7707.0336
122.9000 1 5054.13632
123.0000 1 5882.51136
123.1000 1 5903.48288
123.2000 1 7214.20288
123.3000 1 6155.14112
123.4000 1 5200.93696
123.5000 1 6773.80096
123.6000 1 5400.1664
123.7000 1 6134.1696
123.8000 1 5274.33728
123.9000 1 7549.7472
124.0000 1 5127.53664
124.1000 1 6218.05568
124.2000 1 6239.0272
124.3000 1 5913.96864
124.4000 1 5148.50816
124.5000 1 6354.37056
124.6000 1 6543.11424
124.7000 1 6071.25504
124.8000 1 5861.53984
124.9000 1 6008.34048
125.0000 1 5452.5952
125.1000 1 6312.42752
125.2000 1 5641.33888
125.3000 1 7151.28832
125.4000 1 5421.13792
125.5000 1 5295.3088
125.6000 1 6585.05728
125.7000 1 6081.7408
125.8000 1 5641.33888
125.9000 1 5085.5936
126.0000 1 7182.7456
126.1000 1 6144.65536
126.2000 1 5966.39744
126.3000 1 5903.48288
126.4000 1 4791.99232
126.5000 1 4949.27872
126.6000 1 6668.94336
126.7000 1 4875.8784
126.8000 1 5746.19648
126.9000 1 6385.82784
127.0000 1 5672.79616
127.1000 1 5421.13792
127.2000 1 5693.76768
127.3000 1 6081.7408
127.4000 1 4550.81984
127.5000 1 6134.1696
127.6000 1 5809.11104
127.7000 1 5179.96544
127.8000 1 5777.65376
127.9000 1 6522.14272
128.0000 1 5190.4512
128.1000 1 5043.65056
128.2000 1 6522.14272
128.3000 1 5609.8816
128.4000 1 5221.90848
128.5000 1 6427.77088
128.6000 1 5316.28032
128.7000 1 5022.67904
128.8000 1 6721.37216
128.9000 1 5777.65376
129.0000 1 5033.1648
129.1000 1 6868.1728
129.2000 1 5536.48128
129.3000 1 5158.99392
129.4000 1 6123.68384
129.5000 1 6679.42912
129.6000 1 5389.68064
129.7000 1 5421.13792
129.8000 1 6847.20128
129.9000 1 5358.22336
130.0000 1 5096.07936
130.1000 1 6501.1712
130.2000 1 5379.19488
130.3000 1 5746.19648
130.4000 1 6291.456
130.5000 1 5609.8816
130.6000 1 5735.71072
130.7000 1 5494.53824
130.8000 1 6689.91488
130.9000 1 5326.76608
131.0000 1 5347.7376
131.1000 1 6836.71552
131.2000 1 5096.07936
131.3000 1 5221.90848
131.4000 1 6658.4576
131.5000 1 5138.0224
131.6000 1 5316.28032
131.7000 1 6668.94336
131.8000 1 5368.70912
131.9000 1 5033.1648
132.0000 1 6658.4576
132.1000 1 5630.85312
132.2000 1 5085.5936
132.3000 1 6071.25504
132.4000 1 6123.68384
132.5000 1 5494.53824
132.6000 1 5326.76608
132.7000 1 7046.43072
132.8000 1 4907.33568
132.9000 1 5316.28032
133.0000 1 6354.37056
133.1000 1 5746.19648
133.2000 1 5484.05248
133.3000 1 6731.85792
133.4000 1 5400.1664
133.5000 1 5798.62528
133.6000 1 5609.8816
133.7000 1 5767.168
133.8000 1 3984.5888
133.9000 1 5798.62528
134.0000 1 4466.93376
134.1000 1 5179.96544
134.2000 1 4288.67584
134.3000 1 4099.93216
134.4000 1 5368.70912
134.5000 1 4120.90368
134.6000 1 5305.79456
134.7000 1 4278.19008
134.8000 1 5934.94016
134.9000 1 4236.24704
135.0000 1 4257.21856
135.1000 1 5976.8832
135.2000 1 3963.61728
135.3000 1 5609.8816
135.4000 1 4404.0192
135.5000 1 5064.62208
135.6000 1 4791.99232
135.7000 1 4309.64736
135.8000 1 5641.33888
135.9000 1 4466.93376
136.0000 1 5494.53824
136.1000 1 4005.56032
136.2000 1 4739.56352
136.3000 1 4875.8784
136.4000 1 4592.76288
136.5000 1 5211.42272
136.6000 1 4991.22176
136.7000 1 5651.82464
136.8000 1 6280.97024
136.9000 1 5525.99552
137.0000 1 5777.65376
137.1000 1 6899.63008
137.2000 1 5326.76608
137.3000 1 5096.07936
137.4000 1 6731.85792
137.5000 1 5546.96704
137.6000 1 5242.88
137.7000 1 6228.54144
137.8000 1 5683.28192
137.9000 1 5117.05088
138.0000 1 5966.39744
138.1000 1 6186.5984
138.2000 1 5788.13952
138.3000 1 5190.4512
138.4000 1 6081.7408
138.5000 1 5295.3088
138.6000 1 5683.28192
138.7000 1 6647.97184
138.8000 1 5725.22496
138.9000 1 5200.93696
139.0000 1 6658.4576
139.1000 1 5494.53824
139.2000 1 5232.39424
139.3000 1 6239.0272
139.4000 1 5976.8832
139.5000 1 5138.0224
139.6000 1 5525.99552
139.7000 1 7077.888
139.8000 1 5672.79616
139.9000 1 5274.33728
140.0000 1 6291.456
140.1000 1 5620.36736
140.2000 1 5179.96544
140.3000 1 6721.37216
140.4000 1 5578.42432
140.5000 1 5253.36576
140.6000 1 6102.71232
140.7000 1 5997.85472
140.8000 1 5630.85312
140.9000 1 5683.28192
141.0000 1 6931.08736
141.1000 1 5358.22336
141.2000 1 5463.08096
141.3000 1 6144.65536
141.4000 1 4414.50496
141.5000 1 4666.1632
141.6000 1 5830.08256
141.7000 1 4057.98912
141.8000 1 6354.37056
141.9000 1 5819.5968
142.0000 1 5599.39584
142.1000 1 5819.5968
142.2000 1 6018.82624
142.3000 1 5022.67904
142.4000 1 5714.7392
142.5000 1 6280.97024
142.6000 1 5096.07936
142.7000 1 5473.56672
142.8000 1 7056.91648
142.9000 1 5693.76768
143.0000 1 5179.96544
143.1000 1 6899.63008
143.2000 1 5389.68064
143.3000 1 5400.1664
143.4000 1 6228.54144
143.5000 1 5819.5968
143.6000 1 5012.19328
143.7000 1 5903.48288
143.8000 1 6448.7424
143.9000 1 5494.53824
144.0000 1 5588.91008
144.1000 1 6186.5984
144.2000 1 4959.76448
144.3000 1 5190.4512
144.4000 1 6186.5984
144.5000 1 5190.4512
144.6000 1 5484.05248
144.7000 1 6585.05728
144.8000 1 5263.85152
144.9000 1 5819.5968
145.0000 1 6941.57312
145.1000 1 5242.88
145.2000 1 5431.62368
145.3000 1 6123.68384
145.4000 1 6616.51456
145.5000 1 5232.39424
145.6000 1 5651.82464
145.7000 1 6574.57152
145.8000 1 5494.53824
145.9000 1 5410.65216
146.0000 1 6910.11584
146.1000 1 5085.5936
146.2000 1 5683.28192
146.3000 1 5997.85472
146.4000 1 6060.76928
146.5000 1 5588.91008
146.6000 1 5704.25344
146.7000 1 6564.08576
146.8000 1 5505.024
146.9000 1 5221.90848
147.0000 1 6805.25824
147.1000 1 5672.79616
147.2000 1 5295.3088
147.3000 1 6228.54144
147.4000 1 6018.82624
147.5000 1 5410.65216
147.6000 1 5746.19648
147.7000 1 6406.79936
147.8000 1 5683.28192
147.9000 1 5515.50976
148.0000 1 6826.22976
148.1000 1 5337.25184
148.2000 1 5662.3104
148.3000 1 5955.91168
148.4000 1 4173.33248
148.5000 1 5567.93856
148.6000 1 6994.00192
148.7000 1 5117.05088
148.8000 1 5494.53824
148.9000 1 6280.97024
149.0000 1 6511.65696
149.1000 1 5106.56512
149.2000 1 5756.68224
149.3000 1 6731.85792
149.4000 1 5200.93696
149.5000 1 5788.13952
149.6000 1 6417.28512
149.7000 1 5085.5936
149.8000 1 4246.7328
149.9000 1 5777.65376
150.0000 1 1027.60448
