0.1000 1 0.0
0.2000 1 5400.1664
0.3000 1 4047.50336
0.4000 1 6469.71392
0.5000 1 4791.99232
0.6000 1 5431.62368
0.7000 1 6532.62848
0.8000 1 4739.56352
0.9000 1 4791.99232
1.0000 1 5379.19488
1.1000 1 3848.27392
1.2000 1 6113.19808
1.3000 1 4445.96224
1.4000 1 5274.33728
1.5000 1 5179.96544
1.6000 1 5263.85152
1.7000 1 6270.48448
1.8000 1 5934.94016
1.9000 1 4970.25024
2.0000 1 5788.13952
2.1000 1 5987.36896
2.2000 1 5033.1648
2.3000 1 5714.7392
2.4000 1 6952.05888
2.5000 1 4907.33568
2.6000 1 4865.39264
2.7000 1 6952.05888
2.8000 1 4561.3056
2.9000 1 5274.33728
3.0000 1 4634.70592
3.1000 1 4162.84672
3.2000 1 6595.54304
3.3000 1 4456.448
3.4000 1 5756.68224
3.5000 1 6239.0272
3.6000 1 4833.93536
3.7000 1 5651.82464
3.8000 1 7308.57472
3.9000 1 5054.13632
4.0000 1 5326.76608
4.1000 1 6459.22816
4.2000 1 4980.736
4.3000 1 4928.3072
4.4000 1 6197.08416
4.5000 1 4781.50656
4.6000 1 5274.33728
4.7000 1 7444.8896
4.8000 1 5788.13952
4.9000 1 5064.62208
5.0000 1 6050.28352
5.1000 1 5085.5936
5.2000 1 5389.68064
5.3000 1 6301.94176
5.4000 1 5798.62528
5.5000 1 5284.82304
5.6000 1 5662.3104
5.7000 1 7381.97504
5.8000 1 5704.25344
5.9000 1 5064.62208
6.0000 1 6606.0288
6.1000 1 4592.76288
6.2000 1 4750.04928
6.3000 1 6616.51456
6.4000 1 5892.99712
6.5000 1 5515.50976
6.6000 1 6522.14272
6.7000 1 5997.85472
6.8000 1 5756.68224
6.9000 1 5746.19648
7.0000 1 6952.05888
7.1000 1 5127.53664
7.2000 1 6113.19808
7.3000 1 6081.7408
7.4000 1 4991.22176
7.5000 1 4215.27552
7.6000 1 6385.82784
7.7000 1 4634.70592
7.8000 1 4938.79296
7.9000 1 6679.42912
8.0000 1 4907.33568
8.1000 1 5221.90848
8.2000 1 5421.13792
8.3000 1 4016.04608
8.4000 1 6060.76928
8.5000 1 5662.3104
8.6000 1 5127.53664
8.7000 1 6627.00032
8.8000 1 5043.65056
8.9000 1 4550.81984
9.0000 1 6658.4576
9.1000 1 5001.70752
9.2000 1 5746.19648
9.3000 1 7088.37376
9.4000 1 5263.85152
9.5000 1 4299.1616
9.6000 1 6364.85632
9.7000 1 5463.08096
9.8000 1 6029.312
9.9000 1 6092.22656
10.0000 1 6994.00192
10.1000 1 5190.4512
10.2000 1 5882.51136
10.3000 1 7014.97344
10.4000 1 6144.65536
10.5000 1 5693.76768
10.6000 1 4970.25024
10.7000 1 7329.54624
10.8000 1 5263.85152
10.9000 1 5630.85312
11.0000 1 6092.22656
11.1000 1 5054.13632
11.2000 1 5987.36896
11.3000 1 5955.91168
11.4000 1 4886.36416
11.5000 1 4760.53504
11.6000 1 7098.85952
11.7000 1 5221.90848
11.8000 1 5043.65056
11.9000 1 6899.63008
12.0000 1 5326.76608
12.1000 1 4435.47648
12.2000 1 5966.39744
12.3000 1 4655.67744
12.4000 1 4687.13472
12.5000 1 6668.94336
12.6000 1 4907.33568
12.7000 1 5253.36576
12.8000 1 6700.40064
12.9000 1 5368.70912
13.0000 1 4938.79296
13.1000 1 6773.80096
13.2000 1 6060.76928
13.3000 1 5494.53824
13.4000 1 6092.22656
13.5000 1 5536.48128
13.6000 1 5106.56512
13.7000 1 6448.7424
13.8000 1 6018.82624
13.9000 1 5148.50816
14.0000 1 5672.79616
14.1000 1 6700.40064
14.2000 1 4823.4496
14.3000 1 5232.39424
14.4000 1 6731.85792
14.5000 1 5022.67904
14.6000 1 4980.736
14.7000 1 6155.14112
14.8000 1 5033.1648
14.9000 1 5609.8816
15.0000 1 6406.79936
15.1000 1 4414.50496
15.2000 1 5830.08256
15.3000 1 6333.39904
15.4000 1 3649.04448
15.5000 1 5725.22496
15.6000 1 3974.10304
15.7000 1 5389.68064
15.8000 1 3544.18688
15.9000 1 4896.84992
16.0000 1 6511.65696
16.1000 1 5599.39584
16.2000 1 4613.7344
16.3000 1 6375.34208
16.4000 1 4351.5904
16.5000 1 6113.19808
16.6000 1 5096.07936
16.7000 1 5054.13632
16.8000 1 6595.54304
16.9000 1 5578.42432
17.0000 1 4676.64896
17.1000 1 6270.48448
17.2000 1 4330.61888
17.3000 1 4183.81824
17.4000 1 6060.76928
17.5000 1 5190.4512
17.6000 1 5421.13792
17.7000 1 6249.51296
17.8000 1 5557.4528
17.9000 1 4938.79296
18.0000 1 6637.48608
18.1000 1 4561.3056
18.2000 1 5630.85312
18.3000 1 5588.91008
18.4000 1 5557.4528
18.5000 1 5557.4528
18.6000 1 6239.0272
18.7000 1 4676.64896
18.8000 1 5924.4544
18.9000 1 6134.1696
19.0000 1 5117.05088
19.1000 1 5494.53824
19.2000 1 5903.48288
19.3000 1 5096.07936
19.4000 1 5777.65376
19.5000 1 6333.39904
19.6000 1 5421.13792
19.7000 1 5211.42272
19.8000 1 7119.83104
19.9000 1 4959.76448
20.0000 1 4592.76288
20.1000 1 7046.43072
20.2000 1 5033.1648
20.3000 1 5421.13792
20.4000 1 6301.94176
20.5000 1 5106.56512
20.6000 1 4414.50496
20.7000 1 7130.3168
20.8000 1 4991.22176
20.9000 1 4949.27872
21.0000 1 6794.77248
21.1000 1 5148.50816
21.2000 1 4456.448
21.3000 1 6668.94336
21.4000 1 4802.47808
21.5000 1 5672.79616
21.6000 1 6616.51456
21.7000 1 5200.93696
21.8000 1 5463.08096
21.9000 1 6459.22816
22.0000 1 5588.91008
22.1000 1 5400.1664
22.2000 1 6658.4576
22.3000 1 5033.1648
22.4000 1 4393.53344
22.5000 1 6899.63008
22.6000 1 5379.19488
22.7000 1 5379.19488
22.8000 1 6522.14272
22.9000 1 5190.4512
23.0000 1 5368.70912
23.1000 1 6144.65536
23.2000 1 6029.312
23.3000 1 5096.07936
23.4000 1 5934.94016
23.5000 1 6490.68544
23.6000 1 5358.22336
23.7000 1 4865.39264
23.8000 1 7224.68864
23.9000 1 5851.05408
24.0000 1 5284.82304
24.1000 1 6364.85632
24.2000 1 5148.50816
24.3000 1 5127.53664
24.4000 1 6564.08576
24.5000 1 5368.70912
24.6000 1 4257.21856
24.7000 1 6333.39904
24.8000 1 5064.62208
24.9000 1 5127.53664
25.0000 1 6931.08736
25.1000 1 4949.27872
25.2000 1 5148.50816
25.3000 1 6773.80096
25.4000 1 4750.04928
25.5000 1 5316.28032
25.6000 1 6637.48608
25.7000 1 4980.736
25.8000 1 5158.99392
25.9000 1 6574.57152
26.0000 1 4823.4496
26.1000 1 5158.99392
26.2000 1 6438.25664
26.3000 1 5599.39584
26.4000 1 5725.22496
26.5000 1 6102.71232
26.6000 1 6427.77088
26.7000 1 5421.13792
26.8000 1 5085.5936
26.9000 1 7193.23136
27.0000 1 4928.3072
27.1000 1 5421.13792
27.2000 1 6627.00032
27.3000 1 4739.56352
27.4000 1 5473.56672
27.5000 1 6218.05568
27.6000 1 5421.13792
27.7000 1 5693.76768
27.8000 1 6480.19968
27.9000 1 4865.39264
28.0000 1 4896.84992
28.1000 1 7161.77408
28.2000 1 5326.76608
28.3000 1 5609.8816
28.4000 1 5788.13952
28.5000 1 6438.25664
28.6000 1 5326.76608
28.7000 1 4991.22176
28.8000 1 6291.456
28.9000 1 4687.13472
29.0000 1 5798.62528
29.1000 1 6459.22816
29.2000 1 5620.36736
29.3000 1 5924.4544
29.4000 1 6480.19968
29.5000 1 5253.36576
29.6000 1 5683.28192
29.7000 1 6427.77088
29.8000 1 5620.36736
29.9000 1 4875.8784
30.0000 1 6176.11264
30.1000 1 5400.1664
30.2000 1 5274.33728
30.3000 1 6092.22656
30.4000 1 5683.28192
30.5000 1 5054.13632
30.6000 1 6102.71232
30.7000 1 6532.62848
30.8000 1 4739.56352
30.9000 1 5484.05248
31.0000 1 6532.62848
31.1000 1 5001.70752
31.2000 1 5232.39424
31.3000 1 6847.20128
31.4000 1 4582.27712
31.5000 1 5284.82304
31.6000 1 6291.456
31.7000 1 5798.62528
31.8000 1 5830.08256
31.9000 1 7161.77408
32.0000 1 4781.50656
32.1000 1 4414.50496
32.2000 1 6826.22976
32.3000 1 5892.99712
32.4000 1 5368.70912
32.5000 1 6333.39904
32.6000 1 4645.19168
32.7000 1 3753.90208
32.8000 1 5557.4528
32.9000 1 4309.64736
33.0000 1 5389.68064
33.1000 1 3208.64256
33.2000 1 5567.93856
33.3000 1 3732.93056
33.4000 1 5620.36736
33.5000 1 3208.64256
33.6000 1 5284.82304
33.7000 1 4341.10464
33.8000 1 4424.99072
33.9000 1 6071.25504
34.0000 1 4508.8768
34.1000 1 5746.19648
34.2000 1 6899.63008
34.3000 1 5536.48128
34.4000 1 5830.08256
34.5000 1 6511.65696
34.6000 1 5630.85312
34.7000 1 5117.05088
34.8000 1 6280.97024
34.9000 1 5536.48128
35.0000 1 5085.5936
35.1000 1 6081.7408
35.2000 1 5484.05248
35.3000 1 4949.27872
35.4000 1 6417.28512
35.5000 1 5211.42272
35.6000 1 5179.96544
35.7000 1 6259.99872
35.8000 1 5473.56672
35.9000 1 5798.62528
36.0000 1 5525.99552
36.1000 1 6543.11424
36.2000 1 5620.36736
36.3000 1 4980.736
36.4000 1 7203.71712
36.5000 1 5075.10784
36.6000 1 5305.79456
36.7000 1 6343.8848
36.8000 1 4687.13472
36.9000 1 4487.90528
37.0000 1 6144.65536
37.1000 1 4613.7344
37.2000 1 6018.82624
37.3000 1 5620.36736
37.4000 1 4980.736
37.5000 1 6155.14112
37.6000 1 5588.91008
37.7000 1 4645.19168
37.8000 1 6291.456
37.9000 1 5158.99392
38.0000 1 4571.79136
38.1000 1 6920.6016
38.2000 1 4938.79296
38.3000 1 4823.4496
38.4000 1 6847.20128
38.5000 1 5452.5952
38.6000 1 4823.4496
38.7000 1 6689.91488
38.8000 1 5075.10784
38.9000 1 4540.33408
39.0000 1 7140.80256
39.1000 1 5924.4544
39.2000 1 5158.99392
39.3000 1 5976.8832
39.4000 1 6448.7424
39.5000 1 4854.90688
39.6000 1 5400.1664
39.7000 1 6438.25664
39.8000 1 4519.36256
39.9000 1 5882.51136
40.0000 1 5505.024
40.1000 1 4603.24864
40.2000 1 6658.4576
40.3000 1 4917.82144
40.4000 1 4561.3056
40.5000 1 6406.79936
40.6000 1 4875.8784
40.7000 1 5767.168
40.8000 1 7025.4592
40.9000 1 5913.96864
41.0000 1 5809.11104
41.1000 1 5253.36576
41.2000 1 6511.65696
41.3000 1 5442.10944
41.4000 1 5085.5936
41.5000 1 7266.63168
41.6000 1 5284.82304
41.7000 1 5578.42432
41.8000 1 6469.71392
41.9000 1 6721.37216
42.0000 1 5410.65216
42.1000 1 4613.7344
42.2000 1 6773.80096
42.3000 1 5641.33888
42.4000 1 5138.0224
42.5000 1 6994.00192
42.6000 1 5190.4512
42.7000 1 6008.34048
42.8000 1 6155.14112
42.9000 1 5284.82304
43.0000 1 5148.50816
43.1000 1 6228.54144
43.2000 1 5326.76608
43.3000 1 5819.5968
43.4000 1 5746.19648
43.5000 1 5819.5968
43.6000 1 5431.62368
43.7000 1 5505.024
43.8000 1 6155.14112
43.9000 1 5463.08096
44.0000 1 5117.05088
44.1000 1 5725.22496
44.2000 1 5148.50816
44.3000 1 5840.56832
44.4000 1 5945.42592
44.5000 1 5452.5952
44.6000 1 5379.19488
44.7000 1 6050.28352
44.8000 1 4697.62048
44.9000 1 6008.34048
45.0000 1 5106.56512
45.1000 1 4865.39264
45.2000 1 6773.80096
45.3000 1 5578.42432
45.4000 1 4613.7344
45.5000 1 6511.65696
45.6000 1 5997.85472
45.7000 1 4938.79296
45.8000 1 5934.94016
45.9000 1 5872.0256
46.0000 1 4729.07776
46.1000 1 6228.54144
46.2000 1 5358.22336
46.3000 1 4833.93536
46.4000 1 6459.22816
46.5000 1 5725.22496
46.6000 1 5200.93696
46.7000 1 5966.39744
46.8000 1 6018.82624
46.9000 1 5567.93856
47.0000 1 5127.53664
47.1000 1 6081.7408
47.2000 1 5221.90848
47.3000 1 5861.53984
47.4000 1 7182.7456
47.5000 1 5735.71072
47.6000 1 5211.42272
47.7000 1 6480.19968
47.8000 1 5421.13792
47.9000 1 4613.7344
48.0000 1 6815.744
48.1000 1 5620.36736
48.2000 1 4592.76288
48.3000 1 6448.7424
48.4000 1 5651.82464
48.5000 1 5001.70752
48.6000 1 6113.19808
48.7000 1 6228.54144
48.8000 1 5179.96544
48.9000 1 5588.91008
49.0000 1 7056.91648
49.1000 1 4907.33568
49.2000 1 5295.3088
49.3000 1 6700.40064
49.4000 1 4875.8784
49.5000 1 5798.62528
49.6000 1 6501.1712
49.7000 1 4571.79136
49.8000 1 5693.76768
49.9000 1 6931.08736
50.0000 1 5211.42272
50.1000 1 5305.79456
50.2000 1 6312.42752
50.3000 1 5421.13792
50.4000 1 5903.48288
50.5000 1 5463.08096
50.6000 1 6249.51296
50.7000 1 5725.22496
50.8000 1 5809.11104
50.9000 1 6878.65856
51.0000 1 5033.1648
51.1000 1 4833.93536
51.2000 1 7214.20288
51.3000 1 5064.62208
51.4000 1 5767.168
51.5000 1 5987.36896
51.6000 1 5903.48288
51.7000 1 5662.3104
51.8000 1 5106.56512
51.9000 1 6375.34208
52.0000 1 5704.25344
52.1000 1 5316.28032
52.2000 1 7056.91648
52.3000 1 5882.51136
52.4000 1 5127.53664
52.5000 1 6511.65696
52.6000 1 5452.5952
52.7000 1 5305.79456
52.8000 1 5997.85472
52.9000 1 5746.19648
53.0000 1 5200.93696
53.1000 1 5840.56832
53.2000 1 6071.25504
53.3000 1 5955.91168
53.4000 1 5232.39424
53.5000 1 7182.7456
53.6000 1 5337.25184
53.7000 1 4812.96384
53.8000 1 7266.63168
53.9000 1 5756.68224
54.0000 1 4697.62048
54.1000 1 6301.94176
54.2000 1 5777.65376
54.3000 1 5798.62528
54.4000 1 5179.96544
54.5000 1 7193.23136
54.6000 1 5767.168
54.7000 1 5400.1664
54.8000 1 6658.4576
54.9000 1 6018.82624
55.0000 1 5200.93696
55.1000 1 5756.68224
55.2000 1 7329.54624
55.3000 1 5442.10944
55.4000 1 5284.82304
55.5000 1 6910.11584
55.6000 1 5085.5936
55.7000 1 4466.93376
55.8000 1 7046.43072
55.9000 1 5200.93696
56.0000 1 4561.3056
56.1000 1 7130.3168
56.2000 1 5588.91008
56.3000 1 5127.53664
56.4000 1 6050.28352
56.5000 1 6606.0288
56.6000 1 5179.96544
56.7000 1 4886.36416
56.8000 1 6826.22976
56.9000 1 5326.76608
57.0000 1 4718.592
57.1000 1 7067.40224
57.2000 1 5001.70752
57.3000 1 5515.50976
57.4000 1 6396.3136
57.5000 1 4697.62048
57.6000 1 5830.08256
57.7000 1 7214.20288
57.8000 1 5253.36576
57.9000 1 5798.62528
58.0000 1 5819.5968
58.1000 1 7277.11744
58.2000 1 4802.47808
58.3000 1 4676.64896
58.4000 1 6931.08736
58.5000 1 4571.79136
58.6000 1 5242.88
58.7000 1 5840.56832
58.8000 1 5211.42272
58.9000 1 5693.76768
59.0000 1 5955.91168
59.1000 1 5945.42592
59.2000 1 5232.39424
59.3000 1 6805.25824
59.4000 1 5662.3104
59.5000 1 5851.05408
59.6000 1 6396.3136
59.7000 1 6144.65536
59.8000 1 4907.33568
59.9000 1 5630.85312
60.0000 1 6490.68544
60.1000 1 4886.36416
60.2000 1 5966.39744
60.3000 1 6784.28672
60.4000 1 5158.99392
60.5000 1 5326.76608
60.6000 1 7245.66016
60.7000 1 4183.81824
60.8000 1 5075.10784
60.9000 1 6606.0288
61.0000 1 4875.8784
61.1000 1 6081.7408
61.2000 1 6585.05728
61.3000 1 5001.70752
61.4000 1 4928.3072
61.5000 1 6952.05888
61.6000 1 5861.53984
61.7000 1 4812.96384
61.8000 1 6071.25504
61.9000 1 6123.68384
62.0000 1 5525.99552
62.1000 1 5158.99392
62.2000 1 7203.71712
62.3000 1 5253.36576
62.4000 1 4435.47648
62.5000 1 6826.22976
62.6000 1 5525.99552
62.7000 1 5106.56512
62.8000 1 7119.83104
62.9000 1 5033.1648
63.0000 1 4645.19168
63.1000 1 6396.3136
63.2000 1 4886.36416
63.3000 1 5473.56672
63.4000 1 6616.51456
63.5000 1 5641.33888
63.6000 1 5861.53984
63.7000 1 5934.94016
63.8000 1 6448.7424
63.9000 1 5578.42432
64.0000 1 5179.96544
64.1000 1 6815.744
64.2000 1 5253.36576
64.3000 1 4383.04768
64.4000 1 6532.62848
64.5000 1 5242.88
64.6000 1 5830.08256
64.7000 1 6668.94336
64.8000 1 5200.93696
64.9000 1 5683.28192
65.0000 1 6564.08576
65.1000 1 6270.48448
65.2000 1 5211.42272
65.3000 1 5851.05408
65.4000 1 7046.43072
65.5000 1 5788.13952
65.6000 1 5358.22336
65.7000 1 6270.48448
65.8000 1 5735.71072
65.9000 1 4949.27872
66.0000 1 6197.08416
66.1000 1 4424.99072
66.2000 1 5043.65056
66.3000 1 6438.25664
66.4000 1 5599.39584
66.5000 1 5662.3104
66.6000 1 6322.91328
66.7000 1 6249.51296
66.8000 1 5484.05248
66.9000 1 5484.05248
67.0000 1 7140.80256
67.1000 1 5400.1664
67.2000 1 5337.25184
67.3000 1 6742.34368
67.4000 1 6197.08416
67.5000 1 4938.79296
67.6000 1 5599.39584
67.7000 1 5400.1664
67.8000 1 5746.19648
67.9000 1 5620.36736
68.0000 1 6291.456
68.1000 1 5316.28032
68.2000 1 5588.91008
68.3000 1 6952.05888
68.4000 1 5452.5952
68.5000 1 5410.65216
68.6000 1 6878.65856
68.7000 1 5578.42432
68.8000 1 5882.51136
68.9000 1 5316.28032
69.0000 1 7067.40224
69.1000 1 5158.99392
69.2000 1 4540.33408
69.3000 1 7193.23136
69.4000 1 5683.28192
69.5000 1 5484.05248
69.6000 1 6312.42752
69.7000 1 5253.36576
69.8000 1 5379.19488
69.9000 1 6574.57152
70.0000 1 6134.1696
70.1000 1 4613.7344
70.2000 1 6008.34048
70.3000 1 6553.6
70.4000 1 4907.33568
70.5000 1 5284.82304
70.6000 1 6459.22816
70.7000 1 4750.04928
70.8000 1 5546.96704
70.9000 1 6668.94336
71.0000 1 5777.65376
71.1000 1 5934.94016
71.2000 1 6501.1712
71.3000 1 4980.736
71.4000 1 5735.71072
71.5000 1 6218.05568
71.6000 1 5389.68064
71.7000 1 5567.93856
71.8000 1 5788.13952
71.9000 1 6092.22656
72.0000 1 5358.22336
72.1000 1 5305.79456
72.2000 1 6637.48608
72.3000 1 5840.56832
72.4000 1 5337.25184
72.5000 1 7046.43072
72.6000 1 5704.25344
72.7000 1 5955.91168
72.8000 1 5379.19488
72.9000 1 6962.54464
73.0000 1 5851.05408
73.1000 1 4959.76448
73.2000 1 6532.62848
73.3000 1 4634.70592
73.4000 1 5410.65216
73.5000 1 6742.34368
73.6000 1 5872.0256
73.7000 1 5494.53824
73.8000 1 6176.11264
73.9000 1 6448.7424
74.0000 1 5358.22336
74.1000 1 5767.168
74.2000 1 6952.05888
74.3000 1 4949.27872
74.4000 1 5012.19328
74.5000 1 6941.57312
74.6000 1 5138.0224
74.7000 1 5211.42272
74.8000 1 6857.68704
74.9000 1 6228.54144
75.0000 1 5746.19648
75.1000 1 5400.1664
75.2000 1 7098.85952
75.3000 1 5347.7376
75.4000 1 5903.48288
75.5000 1 6144.65536
75.6000 1 6689.91488
75.7000 1 5452.5952
75.8000 1 5211.42272
75.9000 1 6973.0304
76.0000 1 5305.79456
76.1000 1 4498.39104
76.2000 1 7214.20288
76.3000 1 5410.65216
76.4000 1 5096.07936
76.5000 1 6805.25824
76.6000 1 6008.34048
76.7000 1 5662.3104
76.8000 1 5557.4528
76.9000 1 7088.37376
77.0000 1 5442.10944
77.1000 1 5337.25184
77.2000 1 6815.744
77.3000 1 5410.65216
77.4000 1 5704.25344
77.5000 1 5913.96864
77.6000 1 6543.11424
77.7000 1 6039.79776
77.8000 1 5127.53664
77.9000 1 6564.08576
78.0000 1 5872.0256
78.1000 1 5735.71072
78.2000 1 5704.25344
78.3000 1 6396.3136
78.4000 1 5242.88
78.5000 1 5442.10944
78.6000 1 6952.05888
78.7000 1 4938.79296
78.8000 1 5693.76768
78.9000 1 6983.51616
79.0000 1 5861.53984
79.1000 1 5221.90848
79.2000 1 5903.48288
79.3000 1 6197.08416
79.4000 1 5861.53984
79.5000 1 5515.50976
79.6000 1 6218.05568
79.7000 1 4865.39264
79.8000 1 4865.39264
79.9000 1 6280.97024
80.0000 1 5872.0256
80.1000 1 5924.4544
80.2000 1 6501.1712
80.3000 1 5819.5968
80.4000 1 5400.1664
80.5000 1 6039.79776
80.6000 1 6197.08416
80.7000 1 5536.48128
80.8000 1 5075.10784
80.9000 1 5746.19648
81.0000 1 4739.56352
81.1000 1 6249.51296
81.2000 1 5840.56832
81.3000 1 5389.68064
81.4000 1 5599.39584
81.5000 1 7004.48768
81.6000 1 5473.56672
81.7000 1 5819.5968
81.8000 1 6301.94176
81.9000 1 5872.0256
82.0000 1 5096.07936
82.1000 1 6249.51296
82.2000 1 4886.36416
82.3000 1 5662.3104
82.4000 1 6092.22656
82.5000 1 5830.08256
82.6000 1 5641.33888
82.7000 1 5830.08256
82.8000 1 7172.25984
82.9000 1 5347.7376
83.0000 1 5368.70912
83.1000 1 6794.77248
83.2000 1 6207.56992
83.3000 1 4844.42112
83.4000 1 5714.7392
83.5000 1 6742.34368
83.6000 1 5809.11104
83.7000 1 4760.53504
83.8000 1 6647.97184
83.9000 1 5976.8832
84.0000 1 4708.10624
84.1000 1 6448.7424
84.2000 1 5421.13792
84.3000 1 5872.0256
84.4000 1 6144.65536
84.5000 1 6343.8848
84.6000 1 5882.51136
84.7000 1 5746.19648
84.8000 1 6406.79936
84.9000 1 5924.4544
85.0000 1 5546.96704
85.1000 1 6186.5984
85.2000 1 5798.62528
85.3000 1 5861.53984
85.4000 1 5096.07936
85.5000 1 7130.3168
85.6000 1 5442.10944
85.7000 1 5379.19488
85.8000 1 7046.43072
85.9000 1 5903.48288
86.0000 1 5431.62368
86.1000 1 5882.51136
86.2000 1 7203.71712
86.3000 1 5138.0224
86.4000 1 4970.25024
86.5000 1 6920.6016
86.6000 1 5442.10944
86.7000 1 5295.3088
86.8000 1 6574.57152
86.9000 1 6018.82624
87.0000 1 5725.22496
87.1000 1 5284.82304
87.2000 1 6595.54304
87.3000 1 5809.11104
87.4000 1 5305.79456
87.5000 1 6899.63008
87.6000 1 5022.67904
87.7000 1 5777.65376
87.8000 1 6228.54144
87.9000 1 6123.68384
88.0000 1 5263.85152
88.1000 1 5358.22336
88.2000 1 6427.77088
88.3000 1 5525.99552
88.4000 1 5452.5952
88.5000 1 6511.65696
88.6000 1 5295.3088
88.7000 1 5421.13792
88.8000 1 7151.28832
88.9000 1 5463.08096
89.0000 1 5232.39424
89.1000 1 6123.68384
89.2000 1 6647.97184
89.3000 1 5609.8816
89.4000 1 5882.51136
89.5000 1 7025.4592
89.6000 1 5494.53824
89.7000 1 5158.99392
89.8000 1 6123.68384
89.9000 1 5976.8832
90.0000 1 5169.47968
90.1000 1 5484.05248
90.2000 1 6868.1728
90.3000 1 5892.99712
90.4000 1 5001.70752
90.5000 1 6752.82944
90.6000 1 5903.48288
90.7000 1 5651.82464
90.8000 1 5924.4544
90.9000 1 6668.94336
91.0000 1 5190.4512
91.1000 1 5536.48128
91.2000 1 7046.43072
91.3000 1 5379.19488
91.4000 1 5809.11104
91.5000 1 6239.0272
91.6000 1 6448.7424
91.7000 1 5368.70912
91.8000 1 5987.36896
91.9000 1 6511.65696
92.0000 1 5756.68224
92.1000 1 5536.48128
92.2000 1 6291.456
92.3000 1 6301.94176
92.4000 1 5567.93856
92.5000 1 5882.51136
92.6000 1 6606.0288
92.7000 1 5809.11104
92.8000 1 5221.90848
92.9000 1 6480.19968
93.0000 1 6186.5984
93.1000 1 5211.42272
93.2000 1 5274.33728
93.3000 1 6595.54304
93.4000 1 5746.19648
93.5000 1 5767.168
93.6000 1 6983.51616
93.7000 1 5421.13792
93.8000 1 5851.05408
93.9000 1 5641.33888
94.0000 1 6763.3152
94.1000 1 5756.68224
94.2000 1 5872.0256
94.3000 1 6585.05728
94.4000 1 4833.93536
94.5000 1 5987.36896
94.6000 1 6123.68384
94.7000 1 5232.39424
94.8000 1 5872.0256
94.9000 1 5945.42592
95.0000 1 7193.23136
95.1000 1 5442.10944
95.2000 1 5903.48288
95.3000 1 6291.456
95.4000 1 5892.99712
95.5000 1 5358.22336
95.6000 1 5525.99552
95.7000 1 6962.54464
95.8000 1 5536.48128
95.9000 1 5452.5952
96.0000 1 7004.48768
96.1000 1 5987.36896
96.2000 1 5400.1664
96.3000 1 5567.93856
96.4000 1 6616.51456
96.5000 1 5798.62528
96.6000 1 5358.22336
96.7000 1 7224.68864
96.8000 1 5767.168
96.9000 1 5452.5952
97.0000 1 5892.99712
97.1000 1 6994.00192
97.2000 1 5683.28192
97.3000 1 5452.5952
97.4000 1 6511.65696
97.5000 1 5368.70912
97.6000 1 5892.99712
97.7000 1 6123.68384
97.8000 1 6417.28512
97.9000 1 5221.90848
98.0000 1 5295.3088
98.1000 1 6700.40064
98.2000 1 5777.65376
98.3000 1 5588.91008
98.4000 1 6585.05728
98.5000 1 5798.62528
98.6000 1 5263.85152
98.7000 1 5693.76768
98.8000 1 6239.0272
98.9000 1 5410.65216
99.0000 1 5358.22336
99.1000 1 6585.05728
99.2000 1 5651.82464
99.3000 1 5452.5952
99.4000 1 6417.28512
99.5000 1 5368.70912
99.6000 1 5557.4528
99.7000 1 6585.05728
99.8000 1 5976.8832
99.9000 1 5788.13952
100.0000 1 5861.53984
100.1000 1 7193.23136
100.2000 1 5358.22336
100.3000 1 5777.65376
100.4000 1 5966.39744
100.5000 1 6522.14272
100.6000 1 6008.34048
100.7000 1 5494.53824
100.8000 1 6973.0304
100.9000 1 5735.71072
101.0000 1 5913.96864
101.1000 1 5337.25184
101.2000 1 7140.80256
101.3000 1 5903.48288
101.4000 1 5872.0256
101.5000 1 5987.36896
101.6000 1 6123.68384
101.7000 1 6029.312
101.8000 1 5442.10944
101.9000 1 7046.43072
102.0000 1 6029.312
102.1000 1 5274.33728
102.2000 1 5966.39744
102.3000 1 7109.34528
102.4000 1 5840.56832
102.5000 1 5232.39424
102.6000 1 6931.08736
102.7000 1 6165.62688
102.8000 1 5725.22496
102.9000 1 5494.53824
103.0000 1 7130.3168
103.1000 1 5546.96704
103.2000 1 5536.48128
103.3000 1 6291.456
103.4000 1 6155.14112
103.5000 1 5767.168
103.6000 1 5830.08256
103.7000 1 7151.28832
103.8000 1 5494.53824
103.9000 1 6050.28352
104.0000 1 5442.10944
104.1000 1 6763.3152
104.2000 1 5505.024
104.3000 1 5809.11104
104.4000 1 6668.94336
104.5000 1 5777.65376
104.6000 1 5798.62528
104.7000 1 5840.56832
104.8000 1 6490.68544
104.9000 1 5284.82304
105.0000 1 5075.10784
105.1000 1 6385.82784
105.2000 1 5662.3104
105.3000 1 5704.25344
105.4000 1 6952.05888
105.5000 1 5630.85312
105.6000 1 5683.28192
105.7000 1 5463.08096
105.8000 1 6564.08576
105.9000 1 5735.71072
106.0000 1 5242.88
106.1000 1 7004.48768
106.2000 1 5305.79456
106.3000 1 5788.13952
106.4000 1 6228.54144
106.5000 1 6312.42752
106.6000 1 5452.5952
106.7000 1 5578.42432
106.8000 1 7014.97344
106.9000 1 5536.48128
107.0000 1 5892.99712
107.1000 1 6134.1696
107.2000 1 6280.97024
107.3000 1 5997.85472
107.4000 1 5242.88
107.5000 1 7235.1744
107.6000 1 5861.53984
107.7000 1 5830.08256
107.8000 1 5326.76608
107.9000 1 6322.91328
108.0000 1 5211.42272
108.1000 1 5609.8816
108.2000 1 7088.37376
108.3000 1 6050.28352
108.4000 1 5368.70912
108.5000 1 6197.08416
108.6000 1 6385.82784
108.7000 1 5683.28192
108.8000 1 5630.85312
108.9000 1 6857.68704
109.0000 1 5305.79456
109.1000 1 5337.25184
109.2000 1 6773.80096
109.3000 1 5683.28192
109.4000 1 5075.10784
109.5000 1 5903.48288
109.6000 1 6585.05728
109.7000 1 5756.68224
109.8000 1 5515.50976
109.9000 1 6910.11584
110.0000 1 5452.5952
110.1000 1 5892.99712
110.2000 1 5830.08256
110.3000 1 6259.99872
110.4000 1 5788.13952
110.5000 1 5630.85312
110.6000 1 7004.48768
110.7000 1 5641.33888
110.8000 1 5819.5968
110.9000 1 5578.42432
111.0000 1 6899.63008
111.1000 1 5788.13952
111.2000 1 5987.36896
111.3000 1 6480.19968
111.4000 1 5872.0256
111.5000 1 5442.10944
111.6000 1 5651.82464
111.7000 1 7277.11744
111.8000 1 5861.53984
111.9000 1 5347.7376
112.0000 1 6490.68544
112.1000 1 6060.76928
112.2000 1 5599.39584
112.3000 1 5861.53984
112.4000 1 7361.00352
112.5000 1 5421.13792
112.6000 1 5683.28192
112.7000 1 5882.51136
112.8000 1 6459.22816
112.9000 1 5872.0256
113.0000 1 5494.53824
113.1000 1 6501.1712
113.2000 1 5714.7392
113.3000 1 5746.19648
113.4000 1 6123.68384
113.5000 1 6459.22816
113.6000 1 5473.56672
113.7000 1 5882.51136
113.8000 1 6585.05728
113.9000 1 5546.96704
114.0000 1 5777.65376
114.1000 1 6134.1696
114.2000 1 6459.22816
114.3000 1 5830.08256
114.4000 1 5536.48128
114.5000 1 6553.6
114.6000 1 5253.36576
114.7000 1 5263.85152
114.8000 1 6994.00192
114.9000 1 5966.39744
115.0000 1 5819.5968
115.1000 1 5358.22336
115.2000 1 7214.20288
115.3000 1 5305.79456
115.4000 1 5976.8832
115.5000 1 6249.51296
115.6000 1 6197.08416
115.7000 1 5704.25344
115.8000 1 5788.13952
115.9000 1 6752.82944
116.0000 1 5651.82464
116.1000 1 6071.25504
116.2000 1 5725.22496
116.3000 1 6259.99872
116.4000 1 5997.85472
116.5000 1 5379.19488
116.6000 1 6805.25824
116.7000 1 5693.76768
116.8000 1 5620.36736
116.9000 1 6113.19808
117.0000 1 6700.40064
117.1000 1 5274.33728
117.2000 1 5484.05248
117.3000 1 7130.3168
117.4000 1 5955.91168
117.5000 1 5809.11104
117.6000 1 5546.96704
117.7000 1 6962.54464
117.8000 1 5379.19488
117.9000 1 5337.25184
118.0000 1 7172.25984
118.1000 1 5861.53984
118.2000 1 5945.42592
118.3000 1 5410.65216
118.4000 1 7098.85952
118.5000 1 5473.56672
118.6000 1 5746.19648
118.7000 1 6532.62848
118.8000 1 5714.7392
118.9000 1 5987.36896
119.0000 1 5305.79456
119.1000 1 6941.57312
119.2000 1 5746.19648
119.3000 1 5966.39744
119.4000 1 6207.56992
119.5000 1 6228.54144
119.6000 1 5536.48128
119.7000 1 5693.76768
119.8000 1 6962.54464
119.9000 1 5505.024
120.0000 1 5756.68224
120.1000 1 6343.8848
120.2000 1 6291.456
120.3000 1 5714.7392
120.4000 1 5672.79616
120.5000 1 6616.51456
120.6000 1 5872.0256
120.7000 1 5326.76608
120.8000 1 6396.3136
120.9000 1 6186.5984
121.0000 1 5725.22496
121.1000 1 5735.71072
121.2000 1 6805.25824
121.3000 1 5777.65376
121.4000 1 5882.51136
121.5000 1 5788.13952
121.6000 1 6312.42752
121.7000 1 5326.76608
121.8000 1 6039.79776
121.9000 1 6490.68544
122.0000 1 5861.53984
122.1000 1 5882.51136
122.2000 1 5851.05408
122.3000 1 6836.71552
122.4000 1 5263.85152
122.5000 1 5200.93696
122.6000 1 6543.11424
122.7000 1 5955.91168
122.8000 1 5809.11104
122.9000 1 6406.79936
123.0000 1 5515.50976
123.1000 1 5945.42592
123.2000 1 5284.82304
123.3000 1 6480.19968
123.4000 1 5284.82304
123.5000 1 5138.0224
123.6000 1 7077.888
123.7000 1 5704.25344
123.8000 1 6102.71232
123.9000 1 6113.19808
124.0000 1 6385.82784
124.1000 1 5693.76768
124.2000 1 5316.28032
124.3000 1 6731.85792
124.4000 1 5809.11104
124.5000 1 5316.28032
124.6000 1 6627.00032
124.7000 1 6259.99872
124.8000 1 5620.36736
124.9000 1 5924.4544
125.0000 1 6721.37216
125.1000 1 5515.50976
125.2000 1 5746.19648
125.3000 1 6071.25504
125.4000 1 6627.00032
125.5000 1 5872.0256
125.6000 1 5777.65376
125.7000 1 6637.48608
125.8000 1 5934.94016
125.9000 1 5442.10944
126.0000 1 5704.25344
126.1000 1 7109.34528
126.2000 1 5767.168
126.3000 1 5368.70912
126.4000 1 6794.77248
126.5000 1 6207.56992
126.6000 1 5599.39584
126.7000 1 5588.91008
126.8000 1 7098.85952
126.9000 1 5872.0256
127.0000 1 5557.4528
127.1000 1 6008.34048
127.2000 1 6920.6016
127.3000 1 5368.70912
127.4000 1 5169.47968
127.5000 1 6616.51456
127.6000 1 5913.96864
127.7000 1 5316.28032
127.8000 1 6585.05728
127.9000 1 6280.97024
128.0000 1 5830.08256
128.1000 1 5505.024
128.2000 1 7025.4592
128.3000 1 5756.68224
128.4000 1 5379.19488
128.5000 1 6039.79776
128.6000 1 6920.6016
128.7000 1 5442.10944
128.8000 1 5945.42592
128.9000 1 6417.28512
129.0000 1 5934.94016
129.1000 1 5861.53984
129.2000 1 5882.51136
129.3000 1 6543.11424
129.4000 1 5913.96864
129.5000 1 5683.28192
129.6000 1 6543.11424
129.7000 1 6113.19808
129.8000 1 5505.024
129.9000 1 5872.0256
130.0000 1 7035.94496
130.1000 1 5851.05408
130.2000 1 5358.22336
130.3000 1 6071.25504
130.4000 1 5997.85472
130.5000 1 5872.0256
130.6000 1 5347.7376
130.7000 1 6322.91328
130.8000 1 5242.88
130.9000 1 5347.7376
131.0000 1 6364.85632
131.1000 1 5882.51136
131.2000 1 5484.05248
131.3000 1 6868.1728
131.4000 1 5777.65376
131.5000 1 5851.05408
131.6000 1 5368.70912
131.7000 1 7046.43072
131.8000 1 5536.48128
131.9000 1 5515.50976
132.0000 1 6794.77248
132.1000 1 6259.99872
132.2000 1 5379.19488
132.3000 1 5735.71072
132.4000 1 6826.22976
132.5000 1 5672.79616
132.6000 1 5379.19488
132.7000 1 6658.4576
132.8000 1 5714.7392
132.9000 1 5756.68224
133.0000 1 5735.71072
133.1000 1 6459.22816
133.2000 1 5746.19648
133.3000 1 5505.024
133.4000 1 6899.63008
133.5000 1 5830.08256
133.6000 1 5735.71072
133.7000 1 5609.8816
133.8000 1 6920.6016
133.9000 1 6071.25504
134.0000 1 5274.33728
134.1000 1 6511.65696
134.2000 1 6113.19808
134.3000 1 5662.3104
134.4000 1 5410.65216
134.5000 1 7046.43072
134.6000 1 5505.024
134.7000 1 5861.53984
134.8000 1 6301.94176
134.9000 1 6448.7424
135.0000 1 5567.93856
135.1000 1 5903.48288
135.2000 1 6931.08736
135.3000 1 5263.85152
135.4000 1 5421.13792
135.5000 1 6354.37056
135.6000 1 5735.71072
135.7000 1 5924.4544
135.8000 1 5200.93696
135.9000 1 7214.20288
136.0000 1 5578.42432
136.1000 1 5620.36736
136.2000 1 6637.48608
136.3000 1 5609.8816
136.4000 1 5788.13952
136.5000 1 5872.0256
136.6000 1 6773.80096
136.7000 1 5484.05248
136.8000 1 5819.5968
136.9000 1 6543.11424
137.0000 1 6155.14112
137.1000 1 5494.53824
137.2000 1 5882.51136
137.3000 1 6679.42912
137.4000 1 5777.65376
137.5000 1 5316.28032
137.6000 1 6595.54304
137.7000 1 6218.05568
137.8000 1 5746.19648
137.9000 1 5242.88
138.0000 1 7203.71712
138.1000 1 5756.68224
138.2000 1 5714.7392
138.3000 1 5987.36896
138.4000 1 6102.71232
138.5000 1 5515.50976
138.6000 1 5609.8816
138.7000 1 6910.11584
138.8000 1 5525.99552
138.9000 1 5872.0256
139.0000 1 6406.79936
139.1000 1 5913.96864
139.2000 1 5756.68224
139.3000 1 5830.08256
139.4000 1 6595.54304
139.5000 1 5830.08256
139.6000 1 5232.39424
139.7000 1 6480.19968
139.8000 1 5305.79456
139.9000 1 5851.05408
140.0000 1 5840.56832
140.1000 1 6889.14432
140.2000 1 5484.05248
140.3000 1 5798.62528
140.4000 1 6962.54464
140.5000 1 5546.96704
140.6000 1 5578.42432
140.7000 1 5903.48288
140.8000 1 7214.20288
140.9000 1 5305.79456
141.0000 1 5756.68224
141.1000 1 6637.48608
141.2000 1 5913.96864
141.3000 1 5263.85152
141.4000 1 5557.4528
141.5000 1 6532.62848
141.6000 1 5966.39744
141.7000 1 5484.05248
141.8000 1 7088.37376
141.9000 1 5473.56672
142.0000 1 5630.85312
142.1000 1 5892.99712
142.2000 1 6501.1712
142.3000 1 5578.42432
142.4000 1 5830.08256
142.5000 1 6700.40064
142.6000 1 5567.93856
142.7000 1 5987.36896
142.8000 1 5599.39584
142.9000 1 6176.11264
143.0000 1 5735.71072
143.1000 1 5798.62528
143.2000 1 6815.744
143.3000 1 5515.50976
143.4000 1 5882.51136
143.5000 1 5934.94016
143.6000 1 6668.94336
143.7000 1 5693.76768
143.8000 1 5798.62528
143.9000 1 6994.00192
144.0000 1 5651.82464
144.1000 1 5662.3104
144.2000 1 5872.0256
144.3000 1 7109.34528
144.4000 1 5410.65216
144.5000 1 3250.5856
