0.1000 1 0.0
0.2000 1 5033.1648
0.3000 1 4771.0208
0.4000 1 6616.51456
0.5000 1 5851.05408
0.6000 1 5253.36576
0.7000 1 5609.8816
0.8000 1 5767.168
0.9000 1 4823.4496
1.0000 1 6186.5984
1.1000 1 6050.28352
1.2000 1 5337.25184
1.3000 1 5389.68064
1.4000 1 7235.1744
1.5000 1 5106.56512
1.6000 1 5903.48288
1.7000 1 6553.6
1.8000 1 4729.07776
1.9000 1 5337.25184
2.0000 1 6952.05888
2.1000 1 5117.05088
2.2000 1 5033.1648
2.3000 1 6595.54304
2.4000 1 5536.48128
2.5000 1 4823.4496
2.6000 1 6343.8848
2.7000 1 6081.7408
2.8000 1 5211.42272
2.9000 1 5410.65216
3.0000 1 6165.62688
3.1000 1 4760.53504
3.2000 1 5819.5968
3.3000 1 6280.97024
3.4000 1 4634.70592
3.5000 1 5840.56832
3.6000 1 5389.68064
3.7000 1 5253.36576
3.8000 1 6071.25504
3.9000 1 6543.11424
4.0000 1 4991.22176
4.1000 1 5882.51136
4.2000 1 6543.11424
4.3000 1 5872.0256
4.4000 1 5158.99392
4.5000 1 6857.68704
4.6000 1 5913.96864
4.7000 1 5326.76608
4.8000 1 5525.99552
4.9000 1 7193.23136
5.0000 1 5232.39424
5.1000 1 4886.36416
5.2000 1 7434.40384
5.3000 1 3984.5888
5.4000 1 4781.50656
5.5000 1 6836.71552
5.6000 1 5096.07936
5.7000 1 5064.62208
5.8000 1 8095.00672
5.9000 1 5442.10944
6.0000 1 5179.96544
6.1000 1 6113.19808
6.2000 1 4991.22176
6.3000 1 4162.84672
6.4000 1 6060.76928
6.5000 1 5012.19328
6.6000 1 5494.53824
6.7000 1 6480.19968
6.8000 1 5085.5936
6.9000 1 5033.1648
7.0000 1 7392.4608
7.1000 1 6668.94336
7.2000 1 5347.7376
7.3000 1 6364.85632
7.4000 1 6994.00192
7.5000 1 5851.05408
7.6000 1 6322.91328
7.7000 1 6522.14272
7.8000 1 6396.3136
7.9000 1 7235.1744
8.0000 1 5746.19648
8.1000 1 6071.25504
8.2000 1 6029.312
8.3000 1 7633.63328
8.4000 1 5106.56512
8.5000 1 4949.27872
8.6000 1 7423.91808
8.7000 1 5253.36576
8.8000 1 4456.448
8.9000 1 6973.0304
9.0000 1 5882.51136
9.1000 1 4383.04768
9.2000 1 6312.42752
9.3000 1 5431.62368
9.4000 1 5588.91008
9.5000 1 5819.5968
9.6000 1 5997.85472
9.7000 1 5043.65056
9.8000 1 5651.82464
9.9000 1 5515.50976
10.0000 1 5620.36736
10.1000 1 5609.8816
10.2000 1 7623.14752
10.3000 1 5389.68064
10.4000 1 5043.65056
10.5000 1 7004.48768
10.6000 1 6039.79776
10.7000 1 5054.13632
10.8000 1 5578.42432
10.9000 1 5075.10784
11.0000 1 4550.81984
11.1000 1 7088.37376
11.2000 1 5945.42592
11.3000 1 4844.42112
11.4000 1 5945.42592
11.5000 1 6983.51616
11.6000 1 5158.99392
11.7000 1 5148.50816
11.8000 1 7004.48768
11.9000 1 5662.3104
12.0000 1 6574.57152
12.1000 1 5725.22496
12.2000 1 6155.14112
12.3000 1 5704.25344
12.4000 1 5809.11104
12.5000 1 6941.57312
12.6000 1 5588.91008
12.7000 1 4550.81984
12.8000 1 6616.51456
12.9000 1 5997.85472
13.0000 1 5232.39424
13.1000 1 6301.94176
13.2000 1 7235.1744
13.3000 1 5452.5952
13.4000 1 5452.5952
13.5000 1 6155.14112
13.6000 1 6647.97184
13.7000 1 5263.85152
13.8000 1 5641.33888
13.9000 1 7056.91648
14.0000 1 5442.10944
14.1000 1 5169.47968
14.2000 1 6123.68384
14.3000 1 5494.53824
14.4000 1 5630.85312
14.5000 1 6312.42752
14.6000 1 7172.25984
14.7000 1 5693.76768
14.8000 1 6637.48608
14.9000 1 5274.33728
15.0000 1 7801.40544
15.1000 1 5001.70752
15.2000 1 5221.90848
15.3000 1 6574.57152
15.4000 1 5473.56672
15.5000 1 4718.592
15.6000 1 7046.43072
15.7000 1 5463.08096
15.8000 1 4917.82144
15.9000 1 6375.34208
16.0000 1 5588.91008
16.1000 1 5295.3088
16.2000 1 5861.53984
16.3000 1 6228.54144
16.4000 1 4802.47808
16.5000 1 5683.28192
16.6000 1 6312.42752
16.7000 1 5033.1648
16.8000 1 5368.70912
16.9000 1 6312.42752
17.0000 1 5022.67904
17.1000 1 5536.48128
17.2000 1 6543.11424
17.3000 1 5494.53824
17.4000 1 6039.79776
17.5000 1 6952.05888
17.6000 1 4571.79136
17.7000 1 4498.39104
17.8000 1 6553.6
17.9000 1 5546.96704
18.0000 1 5106.56512
18.1000 1 6857.68704
18.2000 1 5075.10784
18.3000 1 5546.96704
18.4000 1 6396.3136
18.5000 1 5788.13952
18.6000 1 5169.47968
18.7000 1 5997.85472
18.8000 1 6501.1712
18.9000 1 5127.53664
19.0000 1 5190.4512
19.1000 1 7298.08896
19.2000 1 5253.36576
19.3000 1 5358.22336
19.4000 1 6952.05888
19.5000 1 5463.08096
19.6000 1 5012.19328
19.7000 1 6301.94176
19.8000 1 5347.7376
19.9000 1 5253.36576
20.0000 1 6123.68384
20.1000 1 6910.11584
20.2000 1 6396.3136
20.3000 1 5452.5952
20.4000 1 6312.42752
20.5000 1 5484.05248
20.6000 1 5389.68064
20.7000 1 6689.91488
20.8000 1 7507.80416
20.9000 1 4959.76448
21.0000 1 4844.42112
21.1000 1 6406.79936
21.2000 1 5012.19328
21.3000 1 6322.91328
21.4000 1 6008.34048
21.5000 1 6899.63008
21.6000 1 5431.62368
21.7000 1 5138.0224
21.8000 1 5934.94016
21.9000 1 4131.38944
22.0000 1 5746.19648
22.1000 1 4477.41952
22.2000 1 4299.1616
22.3000 1 6878.65856
22.4000 1 6511.65696
22.5000 1 5085.5936
22.6000 1 6448.7424
22.7000 1 6081.7408
22.8000 1 4760.53504
22.9000 1 5892.99712
23.0000 1 5033.1648
23.1000 1 4550.81984
23.2000 1 5892.99712
23.3000 1 5127.53664
23.4000 1 4508.8768
23.5000 1 7214.20288
23.6000 1 5096.07936
23.7000 1 4404.0192
23.8000 1 5903.48288
23.9000 1 6354.37056
24.0000 1 5505.024
24.1000 1 7350.51776
24.2000 1 6490.68544
24.3000 1 5976.8832
24.4000 1 4246.7328
24.5000 1 5798.62528
24.6000 1 5368.70912
24.7000 1 6627.00032
24.8000 1 6102.71232
24.9000 1 5106.56512
25.0000 1 5934.94016
25.1000 1 6710.8864
25.2000 1 4173.33248
25.3000 1 4435.47648
25.4000 1 7790.91968
25.5000 1 5442.10944
25.6000 1 4404.0192
25.7000 1 7067.40224
25.8000 1 4812.96384
25.9000 1 5505.024
26.0000 1 6868.1728
26.1000 1 5567.93856
26.2000 1 5179.96544
26.3000 1 5976.8832
26.4000 1 4508.8768
26.5000 1 6522.14272
26.6000 1 5735.71072
26.7000 1 6920.6016
26.8000 1 5609.8816
26.9000 1 6553.6
27.0000 1 6018.82624
27.1000 1 5987.36896
27.2000 1 3512.7296
27.3000 1 7224.68864
27.4000 1 6564.08576
27.5000 1 4120.90368
27.6000 1 6155.14112
27.7000 1 6039.79776
27.8000 1 4781.50656
27.9000 1 5882.51136
28.0000 1 6480.19968
28.1000 1 5693.76768
28.2000 1 5672.79616
28.3000 1 7161.77408
28.4000 1 7465.86112
28.5000 1 5546.96704
28.6000 1 5662.3104
28.7000 1 6647.97184
28.8000 1 6259.99872
28.9000 1 5798.62528
29.0000 1 5368.70912
29.1000 1 7444.8896
29.2000 1 5945.42592
29.3000 1 6291.456
29.4000 1 4603.24864
29.5000 1 7151.28832
29.6000 1 4771.0208
29.7000 1 4980.736
29.8000 1 7088.37376
29.9000 1 5515.50976
30.0000 1 4781.50656
30.1000 1 6406.79936
30.2000 1 4393.53344
30.3000 1 5263.85152
30.4000 1 7235.1744
30.5000 1 5179.96544
30.6000 1 5337.25184
30.7000 1 6595.54304
30.8000 1 5505.024
30.9000 1 5830.08256
31.0000 1 5892.99712
31.1000 1 6700.40064
31.2000 1 5190.4512
31.3000 1 5599.39584
31.4000 1 6375.34208
31.5000 1 5505.024
31.6000 1 4718.592
31.7000 1 7214.20288
31.8000 1 5337.25184
31.9000 1 5777.65376
32.0000 1 6197.08416
32.1000 1 5693.76768
32.2000 1 4781.50656
32.3000 1 6239.0272
32.4000 1 3554.67264
32.5000 1 4886.36416
32.6000 1 4907.33568
32.7000 1 4477.41952
32.8000 1 6039.79776
32.9000 1 3282.04288
33.0000 1 5525.99552
33.1000 1 3240.09984
33.2000 1 5651.82464
33.3000 1 3481.27232
33.4000 1 5158.99392
33.5000 1 4865.39264
33.6000 1 4697.62048
33.7000 1 5515.50976
33.8000 1 3470.78656
33.9000 1 6228.54144
34.0000 1 5211.42272
34.1000 1 5830.08256
34.2000 1 6134.1696
34.3000 1 6270.48448
34.4000 1 4750.04928
34.5000 1 5693.76768
34.6000 1 5578.42432
34.7000 1 5452.5952
34.8000 1 5693.76768
34.9000 1 5788.13952
35.0000 1 4204.78976
35.1000 1 6784.28672
35.2000 1 6071.25504
35.3000 1 4320.13312
35.4000 1 5714.7392
35.5000 1 5001.70752
35.6000 1 4624.22016
35.7000 1 5756.68224
35.8000 1 6186.5984
35.9000 1 5630.85312
36.0000 1 6941.57312
36.1000 1 5725.22496
36.2000 1 4320.13312
36.3000 1 6364.85632
36.4000 1 5158.99392
36.5000 1 4016.04608
36.6000 1 5872.0256
36.7000 1 5473.56672
36.8000 1 5253.36576
36.9000 1 8063.54944
37.0000 1 4875.8784
37.1000 1 5735.71072
37.2000 1 6155.14112
37.3000 1 7381.97504
37.4000 1 5567.93856
37.5000 1 5263.85152
37.6000 1 6805.25824
37.7000 1 6983.51616
37.8000 1 5211.42272
37.9000 1 6060.76928
38.0000 1 6847.20128
38.1000 1 3932.16
38.2000 1 4456.448
38.3000 1 6679.42912
38.4000 1 4791.99232
38.5000 1 5232.39424
38.6000 1 8136.94976
38.7000 1 5075.10784
38.8000 1 4613.7344
38.9000 1 7308.57472
39.0000 1 6364.85632
39.1000 1 5872.0256
39.2000 1 6742.34368
39.3000 1 6113.19808
39.4000 1 5620.36736
39.5000 1 4110.41792
39.6000 1 6396.3136
39.7000 1 4991.22176
39.8000 1 4624.22016
39.9000 1 6081.7408
40.0000 1 5641.33888
40.1000 1 5536.48128
40.2000 1 6658.4576
40.3000 1 5851.05408
40.4000 1 5054.13632
40.5000 1 6574.57152
40.6000 1 5400.1664
40.7000 1 5316.28032
40.8000 1 6008.34048
40.9000 1 5546.96704
41.0000 1 5305.79456
41.1000 1 5913.96864
41.2000 1 6564.08576
41.3000 1 5976.8832
41.4000 1 5263.85152
41.5000 1 6564.08576
41.6000 1 5022.67904
41.7000 1 4896.84992
41.8000 1 6553.6
41.9000 1 4886.36416
42.0000 1 5819.5968
42.1000 1 6606.0288
42.2000 1 4603.24864
42.3000 1 4687.13472
42.4000 1 7486.83264
42.5000 1 5463.08096
42.6000 1 5494.53824
42.7000 1 6259.99872
42.8000 1 6910.11584
42.9000 1 5211.42272
43.0000 1 6165.62688
43.1000 1 6627.00032
43.2000 1 5735.71072
43.3000 1 5138.0224
43.4000 1 6134.1696
43.5000 1 6259.99872
43.6000 1 5211.42272
43.7000 1 5284.82304
43.8000 1 6700.40064
43.9000 1 4938.79296
44.0000 1 5767.168
44.1000 1 6658.4576
44.2000 1 4561.3056
44.3000 1 4917.82144
44.4000 1 6522.14272
44.5000 1 4970.25024
44.6000 1 5494.53824
44.7000 1 7172.25984
44.8000 1 5127.53664
44.9000 1 5096.07936
45.0000 1 6857.68704
45.1000 1 5117.05088
45.2000 1 5578.42432
45.3000 1 6501.1712
45.4000 1 5473.56672
45.5000 1 5934.94016
45.6000 1 5473.56672
45.7000 1 5976.8832
45.8000 1 4445.96224
45.9000 1 6427.77088
46.0000 1 4330.61888
46.1000 1 4571.79136
46.2000 1 6595.54304
46.3000 1 5725.22496
46.4000 1 5557.4528
46.5000 1 6731.85792
46.6000 1 5966.39744
46.7000 1 5232.39424
46.8000 1 5536.48128
46.9000 1 5997.85472
47.0000 1 4791.99232
47.1000 1 5913.96864
47.2000 1 5966.39744
47.3000 1 5431.62368
47.4000 1 5693.76768
47.5000 1 6606.0288
47.6000 1 5714.7392
47.7000 1 5641.33888
47.8000 1 6889.14432
47.9000 1 5599.39584
48.0000 1 5557.4528
48.1000 1 6176.11264
48.2000 1 6689.91488
48.3000 1 5127.53664
48.4000 1 5347.7376
48.5000 1 6522.14272
48.6000 1 4928.3072
48.7000 1 4771.0208
48.8000 1 7256.14592
48.9000 1 4991.22176
49.0000 1 5515.50976
49.1000 1 6805.25824
49.2000 1 5305.79456
49.3000 1 5798.62528
49.4000 1 5777.65376
49.5000 1 6658.4576
49.6000 1 4833.93536
49.7000 1 5263.85152
49.8000 1 5819.5968
49.9000 1 4917.82144
50.0000 1 6050.28352
50.1000 1 6637.48608
50.2000 1 5085.5936
50.3000 1 5200.93696
50.4000 1 6522.14272
50.5000 1 5001.70752
50.6000 1 5515.50976
50.7000 1 7067.40224
50.8000 1 5525.99552
50.9000 1 5358.22336
51.0000 1 6532.62848
51.1000 1 4466.93376
51.2000 1 5358.22336
51.3000 1 6794.77248
51.4000 1 6071.25504
51.5000 1 4917.82144
51.6000 1 6029.312
51.7000 1 5924.4544
51.8000 1 5211.42272
51.9000 1 5704.25344
52.0000 1 6469.71392
52.1000 1 5263.85152
52.2000 1 5012.19328
52.3000 1 6543.11424
52.4000 1 5347.7376
52.5000 1 6029.312
52.6000 1 7193.23136
52.7000 1 5840.56832
52.8000 1 5630.85312
52.9000 1 5515.50976
53.0000 1 6658.4576
53.1000 1 5001.70752
53.2000 1 5882.51136
53.3000 1 7224.68864
53.4000 1 5599.39584
53.5000 1 4907.33568
53.6000 1 6438.25664
53.7000 1 6008.34048
53.8000 1 5022.67904
53.9000 1 5714.7392
54.0000 1 5987.36896
54.1000 1 4959.76448
54.2000 1 5798.62528
54.3000 1 6427.77088
54.4000 1 4718.592
54.5000 1 5641.33888
54.6000 1 5725.22496
54.7000 1 4802.47808
54.8000 1 6207.56992
54.9000 1 6606.0288
55.0000 1 6008.34048
55.1000 1 5976.8832
55.2000 1 6574.57152
55.3000 1 6259.99872
55.4000 1 5714.7392
55.5000 1 5117.05088
55.6000 1 7392.4608
55.7000 1 5179.96544
55.8000 1 4750.04928
55.9000 1 7256.14592
56.0000 1 5651.82464
56.1000 1 5158.99392
56.2000 1 6207.56992
56.3000 1 5662.3104
56.4000 1 5924.4544
56.5000 1 6008.34048
56.6000 1 5903.48288
56.7000 1 4466.93376
56.8000 1 5505.024
56.9000 1 4802.47808
57.0000 1 4078.96064
57.1000 1 5892.99712
57.2000 1 4047.50336
57.3000 1 5924.4544
57.4000 1 4582.27712
57.5000 1 4729.07776
57.6000 1 5641.33888
57.7000 1 4215.27552
57.8000 1 6406.79936
57.9000 1 4928.3072
58.0000 1 5242.88
58.1000 1 6574.57152
58.2000 1 6176.11264
58.3000 1 5997.85472
58.4000 1 5777.65376
58.5000 1 6616.51456
58.6000 1 4875.8784
58.7000 1 5263.85152
58.8000 1 6700.40064
58.9000 1 5284.82304
59.0000 1 6102.71232
59.1000 1 5746.19648
59.2000 1 5651.82464
59.3000 1 4791.99232
59.4000 1 6322.91328
59.5000 1 6218.05568
59.6000 1 5934.94016
59.7000 1 5138.0224
59.8000 1 7402.94656
59.9000 1 5274.33728
60.0000 1 5641.33888
60.1000 1 6385.82784
60.2000 1 6239.0272
60.3000 1 5987.36896
60.4000 1 5609.8816
60.5000 1 7109.34528
60.6000 1 4865.39264
60.7000 1 4928.3072
60.8000 1 7140.80256
60.9000 1 4750.04928
61.0000 1 5253.36576
61.1000 1 6658.4576
61.2000 1 5672.79616
61.3000 1 5421.13792
61.4000 1 5746.19648
61.5000 1 6060.76928
61.6000 1 5578.42432
61.7000 1 5379.19488
61.8000 1 6773.80096
61.9000 1 6113.19808
62.0000 1 5012.19328
62.1000 1 6721.37216
62.2000 1 5190.4512
62.3000 1 4791.99232
62.4000 1 6983.51616
62.5000 1 5683.28192
62.6000 1 5945.42592
62.7000 1 5966.39744
62.8000 1 6731.85792
62.9000 1 5882.51136
63.0000 1 5169.47968
63.1000 1 6606.0288
63.2000 1 6868.1728
63.3000 1 5358.22336
63.4000 1 5767.168
63.5000 1 5788.13952
63.6000 1 3596.61568
63.7000 1 6113.19808
63.8000 1 3932.16
63.9000 1 5651.82464
64.0000 1 6511.65696
64.1000 1 4362.07616
64.2000 1 5033.1648
64.3000 1 7298.08896
64.4000 1 5976.8832
64.5000 1 4875.8784
64.6000 1 6564.08576
64.7000 1 5463.08096
64.8000 1 6008.34048
64.9000 1 5400.1664
65.0000 1 5945.42592
65.1000 1 5326.76608
65.2000 1 5473.56672
65.3000 1 6815.744
65.4000 1 5221.90848
65.5000 1 5756.68224
65.6000 1 7140.80256
65.7000 1 5567.93856
65.8000 1 5463.08096
65.9000 1 5924.4544
66.0000 1 6228.54144
66.1000 1 5683.28192
66.2000 1 5379.19488
66.3000 1 6700.40064
66.4000 1 5368.70912
66.5000 1 5536.48128
66.6000 1 7004.48768
66.7000 1 5746.19648
66.8000 1 5505.024
66.9000 1 5976.8832
67.0000 1 6826.22976
67.1000 1 5410.65216
67.2000 1 5851.05408
67.3000 1 6616.51456
67.4000 1 5746.19648
67.5000 1 5284.82304
67.6000 1 5777.65376
67.7000 1 6773.80096
67.8000 1 5987.36896
67.9000 1 4833.93536
68.0000 1 7361.00352
68.1000 1 5054.13632
68.2000 1 4561.3056
68.3000 1 6459.22816
68.4000 1 4896.84992
68.5000 1 5819.5968
68.6000 1 6826.22976
68.7000 1 5662.3104
68.8000 1 5389.68064
68.9000 1 5693.76768
69.0000 1 6920.6016
69.1000 1 6008.34048
69.2000 1 5431.62368
69.3000 1 6836.71552
69.4000 1 5557.4528
69.5000 1 5085.5936
69.6000 1 6165.62688
69.7000 1 5609.8816
69.8000 1 5232.39424
69.9000 1 5934.94016
70.0000 1 6417.28512
70.1000 1 5284.82304
70.2000 1 5704.25344
70.3000 1 7098.85952
70.4000 1 4896.84992
70.5000 1 5683.28192
70.6000 1 6742.34368
70.7000 1 5934.94016
70.8000 1 5641.33888
70.9000 1 6113.19808
71.0000 1 7098.85952
71.1000 1 4781.50656
71.2000 1 5872.0256
71.3000 1 6543.11424
71.4000 1 5368.70912
71.5000 1 4970.25024
71.6000 1 6417.28512
71.7000 1 6280.97024
71.8000 1 5379.19488
71.9000 1 6134.1696
72.0000 1 7193.23136
72.1000 1 5861.53984
72.2000 1 5704.25344
72.3000 1 5882.51136
72.4000 1 7277.11744
72.5000 1 5557.4528
72.6000 1 5536.48128
72.7000 1 6197.08416
72.8000 1 5410.65216
72.9000 1 5316.28032
73.0000 1 6092.22656
73.1000 1 6658.4576
73.2000 1 5882.51136
73.3000 1 5599.39584
73.4000 1 6920.6016
73.5000 1 6259.99872
73.6000 1 4865.39264
73.7000 1 5630.85312
73.8000 1 5043.65056
73.9000 1 5525.99552
74.0000 1 6291.456
74.1000 1 6165.62688
74.2000 1 6134.1696
74.3000 1 4424.99072
74.4000 1 5557.4528
74.5000 1 4708.10624
74.6000 1 6511.65696
74.7000 1 5358.22336
74.8000 1 5368.70912
74.9000 1 6018.82624
75.0000 1 6050.28352
75.1000 1 5326.76608
75.2000 1 5756.68224
75.3000 1 7077.888
75.4000 1 5641.33888
75.5000 1 6060.76928
75.6000 1 6018.82624
75.7000 1 5452.5952
75.8000 1 5410.65216
75.9000 1 5903.48288
76.0000 1 6375.34208
76.1000 1 4645.19168
76.2000 1 5767.168
76.3000 1 6396.3136
76.4000 1 5599.39584
76.5000 1 5358.22336
76.6000 1 6805.25824
76.7000 1 5200.93696
76.8000 1 5819.5968
76.9000 1 6710.8864
77.0000 1 6249.51296
77.1000 1 5106.56512
77.2000 1 5347.7376
77.3000 1 6962.54464
77.4000 1 5473.56672
77.5000 1 6071.25504
77.6000 1 6731.85792
77.7000 1 6039.79776
77.8000 1 5609.8816
77.9000 1 5316.28032
78.0000 1 7172.25984
78.1000 1 5641.33888
78.2000 1 5347.7376
78.3000 1 6794.77248
78.4000 1 5830.08256
78.5000 1 5557.4528
78.6000 1 6050.28352
78.7000 1 6931.08736
78.8000 1 5767.168
78.9000 1 5033.1648
79.0000 1 6637.48608
79.1000 1 6322.91328
79.2000 1 5557.4528
79.3000 1 5358.22336
79.4000 1 6564.08576
79.5000 1 5022.67904
79.6000 1 5892.99712
79.7000 1 6763.3152
79.8000 1 5431.62368
79.9000 1 5452.5952
80.0000 1 6291.456
80.1000 1 4645.19168
80.2000 1 4875.8784
80.3000 1 5882.51136
80.4000 1 5767.168
80.5000 1 6029.312
80.6000 1 5872.0256
80.7000 1 5546.96704
80.8000 1 6134.1696
80.9000 1 5525.99552
81.0000 1 6647.97184
81.1000 1 5284.82304
81.2000 1 4854.90688
81.3000 1 7958.69184
81.4000 1 4802.47808
81.5000 1 4938.79296
81.6000 1 7025.4592
81.7000 1 5106.56512
81.8000 1 6616.51456
81.9000 1 5473.56672
82.0000 1 5138.0224
82.1000 1 4393.53344
82.2000 1 5630.85312
82.3000 1 5442.10944
82.4000 1 6459.22816
82.5000 1 6511.65696
82.6000 1 6868.1728
82.7000 1 5515.50976
82.8000 1 5945.42592
82.9000 1 6784.28672
83.0000 1 5924.4544
83.1000 1 6689.91488
83.2000 1 6165.62688
83.3000 1 6406.79936
83.4000 1 6029.312
83.5000 1 6375.34208
83.6000 1 5305.79456
83.7000 1 7224.68864
83.8000 1 6071.25504
83.9000 1 5421.13792
84.0000 1 6721.37216
84.1000 1 6679.42912
84.2000 1 6637.48608
84.3000 1 5945.42592
84.4000 1 5851.05408
84.5000 1 6060.76928
84.6000 1 4466.93376
84.7000 1 5012.19328
84.8000 1 7686.06208
84.9000 1 5054.13632
85.0000 1 4802.47808
85.1000 1 7591.69024
85.2000 1 6784.28672
85.3000 1 6218.05568
85.4000 1 5599.39584
85.5000 1 6700.40064
85.6000 1 6385.82784
85.7000 1 6616.51456
85.8000 1 5232.39424
85.9000 1 6763.3152
86.0000 1 6700.40064
86.1000 1 6333.39904
86.2000 1 5892.99712
86.3000 1 6228.54144
86.4000 1 7172.25984
86.5000 1 5830.08256
86.6000 1 5536.48128
86.7000 1 6627.00032
86.8000 1 5798.62528
86.9000 1 5043.65056
87.0000 1 5913.96864
87.1000 1 7790.91968
87.2000 1 5043.65056
87.3000 1 5096.07936
87.4000 1 6585.05728
87.5000 1 6585.05728
87.6000 1 5578.42432
87.7000 1 5242.88
87.8000 1 6081.7408
87.9000 1 6123.68384
88.0000 1 5714.7392
88.1000 1 6071.25504
88.2000 1 6176.11264
88.3000 1 6039.79776
88.4000 1 6155.14112
88.5000 1 7151.28832
88.6000 1 5976.8832
88.7000 1 6291.456
88.8000 1 5525.99552
88.9000 1 7906.26304
89.0000 1 4687.13472
89.1000 1 5767.168
89.2000 1 6564.08576
89.3000 1 7077.888
89.4000 1 6322.91328
89.5000 1 6207.56992
89.6000 1 5882.51136
89.7000 1 7969.1776
89.8000 1 6606.0288
89.9000 1 5190.4512
90.0000 1 5872.0256
90.1000 1 6805.25824
90.2000 1 5242.88
90.3000 1 5976.8832
90.4000 1 6280.97024
90.5000 1 5777.65376
90.6000 1 5830.08256
90.7000 1 5221.90848
90.8000 1 7361.00352
90.9000 1 4802.47808
91.0000 1 5221.90848
91.1000 1 6679.42912
91.2000 1 5892.99712
91.3000 1 5767.168
91.4000 1 6092.22656
91.5000 1 5746.19648
91.6000 1 6050.28352
91.7000 1 5379.19488
91.8000 1 6616.51456
91.9000 1 6039.79776
92.0000 1 5945.42592
92.1000 1 6134.1696
92.2000 1 6375.34208
92.3000 1 5651.82464
92.4000 1 6092.22656
92.5000 1 6983.51616
92.6000 1 5672.79616
92.7000 1 5630.85312
92.8000 1 6123.68384
92.9000 1 6889.14432
93.0000 1 5515.50976
93.1000 1 5588.91008
93.2000 1 6543.11424
93.3000 1 6249.51296
93.4000 1 5473.56672
93.5000 1 5872.0256
93.6000 1 6920.6016
93.7000 1 5473.56672
93.8000 1 5368.70912
93.9000 1 6448.7424
94.0000 1 5064.62208
94.1000 1 5442.10944
94.2000 1 6375.34208
94.3000 1 6322.91328
94.4000 1 4980.736
94.5000 1 5463.08096
94.6000 1 6773.80096
94.7000 1 5767.168
94.8000 1 5400.1664
94.9000 1 6721.37216
95.0000 1 5022.67904
95.1000 1 5872.0256
95.2000 1 6375.34208
95.3000 1 6627.00032
95.4000 1 4603.24864
95.5000 1 5484.05248
95.6000 1 4330.61888
95.7000 1 4687.13472
95.8000 1 5714.7392
95.9000 1 4592.76288
96.0000 1 5620.36736
96.1000 1 4582.27712
96.2000 1 4550.81984
96.3000 1 5955.91168
96.4000 1 3617.5872
96.5000 1 5851.05408
96.6000 1 4634.70592
96.7000 1 4529.84832
96.8000 1 4875.8784
96.9000 1 4529.84832
97.0000 1 5934.94016
97.1000 1 4299.1616
97.2000 1 5578.42432
97.3000 1 4896.84992
97.4000 1 4372.56192
97.5000 1 6176.11264
97.6000 1 3638.55872
97.7000 1 5662.3104
97.8000 1 4613.7344
97.9000 1 4540.33408
98.0000 1 6018.82624
98.1000 1 4372.56192
98.2000 1 5997.85472
98.3000 1 4697.62048
98.4000 1 4320.13312
98.5000 1 7413.43232
98.6000 1 5536.48128
98.7000 1 5976.8832
98.8000 1 5672.79616
98.9000 1 7067.40224
99.0000 1 5756.68224
99.1000 1 5892.99712
99.2000 1 6333.39904
99.3000 1 6543.11424
99.4000 1 6071.25504
99.5000 1 5567.93856
99.6000 1 6868.1728
99.7000 1 5966.39744
99.8000 1 5473.56672
99.9000 1 5421.13792
100.0000 1 6826.22976
100.1000 1 5609.8816
100.2000 1 5117.05088
100.3000 1 6532.62848
100.4000 1 5546.96704
100.5000 1 5987.36896
100.6000 1 6291.456
100.7000 1 6249.51296
100.8000 1 5054.13632
100.9000 1 5389.68064
101.0000 1 5232.39424
101.1000 1 4183.81824
101.2000 1 6071.25504
101.3000 1 4320.13312
101.4000 1 5379.19488
101.5000 1 5064.62208
101.6000 1 4372.56192
101.7000 1 5578.42432
101.8000 1 4204.78976
101.9000 1 5955.91168
102.0000 1 4697.62048
102.1000 1 4236.24704
102.2000 1 6039.79776
102.3000 1 4099.93216
102.4000 1 5798.62528
102.5000 1 5924.4544
102.6000 1 5379.19488
102.7000 1 5882.51136
102.8000 1 6857.68704
102.9000 1 5756.68224
103.0000 1 5557.4528
103.1000 1 6784.28672
103.2000 1 6155.14112
103.3000 1 5400.1664
103.4000 1 5861.53984
103.5000 1 7256.14592
103.6000 1 5830.08256
103.7000 1 5546.96704
103.8000 1 6197.08416
103.9000 1 6637.48608
104.0000 1 5421.13792
104.1000 1 5630.85312
104.2000 1 5735.71072
104.3000 1 4477.41952
104.4000 1 5211.42272
104.5000 1 4393.53344
104.6000 1 4078.96064
104.7000 1 6113.19808
104.8000 1 4603.24864
104.9000 1 5892.99712
105.0000 1 4183.81824
105.1000 1 4687.13472
105.2000 1 6165.62688
105.3000 1 4152.36096
105.4000 1 5588.91008
105.5000 1 4477.41952
105.6000 1 4571.79136
105.7000 1 5997.85472
105.8000 1 4330.61888
105.9000 1 6218.05568
106.0000 1 4257.21856
106.1000 1 4435.47648
106.2000 1 6123.68384
106.3000 1 4183.81824
106.4000 1 6218.05568
106.5000 1 6952.05888
106.6000 1 5976.8832
106.7000 1 5452.5952
106.8000 1 6721.37216
106.9000 1 6018.82624
107.0000 1 5505.024
107.1000 1 5798.62528
107.2000 1 6501.1712
107.3000 1 5358.22336
107.4000 1 5400.1664
107.5000 1 6920.6016
107.6000 1 5955.91168
107.7000 1 5536.48128
107.8000 1 6071.25504
107.9000 1 6710.8864
108.0000 1 5913.96864
108.1000 1 5987.36896
108.2000 1 6207.56992
108.3000 1 6742.34368
108.4000 1 6123.68384
108.5000 1 5463.08096
108.6000 1 6668.94336
108.7000 1 5882.51136
108.8000 1 5484.05248
108.9000 1 5767.168
109.0000 1 7077.888
109.1000 1 5588.91008
109.2000 1 5735.71072
109.3000 1 6438.25664
109.4000 1 6280.97024
109.5000 1 6092.22656
109.6000 1 5473.56672
109.7000 1 7151.28832
109.8000 1 5830.08256
109.9000 1 6029.312
110.0000 1 5284.82304
110.1000 1 7203.71712
110.2000 1 5840.56832
110.3000 1 5683.28192
110.4000 1 6218.05568
110.5000 1 6784.28672
110.6000 1 5851.05408
110.7000 1 6008.34048
110.8000 1 6501.1712
110.9000 1 6364.85632
111.0000 1 5966.39744
111.1000 1 5934.94016
111.2000 1 6836.71552
111.3000 1 6123.68384
111.4000 1 5693.76768
111.5000 1 5473.56672
111.6000 1 6700.40064
111.7000 1 5567.93856
111.8000 1 5599.39584
111.9000 1 6805.25824
112.0000 1 5997.85472
112.1000 1 6029.312
112.2000 1 5861.53984
112.3000 1 7140.80256
112.4000 1 5484.05248
112.5000 1 5557.4528
112.6000 1 5819.5968
112.7000 1 6857.68704
112.8000 1 5756.68224
112.9000 1 5651.82464
113.0000 1 6805.25824
113.1000 1 6018.82624
113.2000 1 5913.96864
113.3000 1 6092.22656
113.4000 1 6994.00192
113.5000 1 5672.79616
113.6000 1 5955.91168
113.7000 1 6081.7408
113.8000 1 6763.3152
113.9000 1 5945.42592
114.0000 1 6039.79776
114.1000 1 5704.25344
114.2000 1 6280.97024
114.3000 1 5421.13792
114.4000 1 6039.79776
114.5000 1 6773.80096
114.6000 1 5945.42592
114.7000 1 5599.39584
114.8000 1 5777.65376
114.9000 1 6427.77088
115.0000 1 6029.312
115.1000 1 5630.85312
115.2000 1 6668.94336
115.3000 1 5316.28032
115.4000 1 5934.94016
115.5000 1 5934.94016
115.6000 1 7151.28832
115.7000 1 5756.68224
115.8000 1 5295.3088
115.9000 1 6952.05888
116.0000 1 6092.22656
116.1000 1 5704.25344
116.2000 1 6134.1696
116.3000 1 6585.05728
116.4000 1 5641.33888
116.5000 1 6008.34048
116.6000 1 5903.48288
116.7000 1 6941.57312
116.8000 1 5798.62528
116.9000 1 6081.7408
117.0000 1 6081.7408
117.1000 1 6627.00032
117.2000 1 6134.1696
117.3000 1 5651.82464
117.4000 1 6836.71552
117.5000 1 6165.62688
117.6000 1 6071.25504
117.7000 1 5473.56672
117.8000 1 7277.11744
117.9000 1 5536.48128
118.0000 1 5840.56832
118.1000 1 6029.312
118.2000 1 7182.7456
118.3000 1 5536.48128
118.4000 1 5693.76768
118.5000 1 6280.97024
118.6000 1 6155.14112
118.7000 1 5966.39744
118.8000 1 5505.024
118.9000 1 6931.08736
119.0000 1 6008.34048
119.1000 1 5525.99552
119.2000 1 5997.85472
119.3000 1 7298.08896
119.4000 1 5903.48288
119.5000 1 5620.36736
119.6000 1 6144.65536
119.7000 1 7235.1744
119.8000 1 5714.7392
119.9000 1 5546.96704
120.0000 1 6564.08576
120.1000 1 6333.39904
120.2000 1 5505.024
120.3000 1 6134.1696
120.4000 1 6700.40064
120.5000 1 5326.76608
120.6000 1 5400.1664
120.7000 1 6574.57152
120.8000 1 6700.40064
120.9000 1 5442.10944
121.0000 1 5609.8816
121.1000 1 7235.1744
121.2000 1 6060.76928
121.3000 1 5546.96704
121.4000 1 5861.53984
121.5000 1 7371.48928
121.6000 1 6144.65536
121.7000 1 5431.62368
121.8000 1 6081.7408
121.9000 1 7182.7456
122.0000 1 5767.168
122.1000 1 5463.08096
122.2000 1 6270.48448
122.3000 1 6574.57152
122.4000 1 5305.79456
122.5000 1 5746.19648
122.6000 1 6564.08576
122.7000 1 5756.68224
122.8000 1 6081.7408
122.9000 1 6102.71232
123.0000 1 6689.91488
123.1000 1 5337.25184
123.2000 1 5777.65376
123.3000 1 6994.00192
123.4000 1 5641.33888
123.5000 1 5798.62528
123.6000 1 5945.42592
123.7000 1 6910.11584
123.8000 1 5913.96864
123.9000 1 5725.22496
124.0000 1 6144.65536
124.1000 1 6616.51456
124.2000 1 6092.22656
124.3000 1 5609.8816
124.4000 1 6794.77248
124.5000 1 6039.79776
124.6000 1 5725.22496
124.7000 1 5966.39744
124.8000 1 6794.77248
124.9000 1 6123.68384
125.0000 1 5463.08096
125.1000 1 5830.08256
125.2000 1 6333.39904
125.3000 1 6039.79776
125.4000 1 5536.48128
125.5000 1 7203.71712
125.6000 1 5809.11104
125.7000 1 6092.22656
125.8000 1 5546.96704
125.9000 1 7214.20288
126.0000 1 5578.42432
126.1000 1 5892.99712
126.2000 1 5767.168
126.3000 1 6889.14432
126.4000 1 5830.08256
126.5000 1 5494.53824
126.6000 1 6910.11584
126.7000 1 6448.7424
126.8000 1 5641.33888
126.9000 1 5746.19648
127.0000 1 7182.7456
127.1000 1 5505.024
127.2000 1 6113.19808
127.3000 1 5305.79456
127.4000 1 7423.91808
127.5000 1 6018.82624
127.6000 1 5924.4544
127.7000 1 5735.71072
127.8000 1 7098.85952
127.9000 1 5557.4528
128.0000 1 6018.82624
128.1000 1 6396.3136
128.2000 1 6448.7424
128.3000 1 5798.62528
128.4000 1 5452.5952
128.5000 1 6616.51456
128.6000 1 5588.91008
128.7000 1 6039.79776
128.8000 1 6113.19808
128.9000 1 6815.744
129.0000 1 5525.99552
129.1000 1 5704.25344
129.2000 1 7067.40224
129.3000 1 6354.37056
129.4000 1 5368.70912
129.5000 1 5672.79616
129.6000 1 6889.14432
129.7000 1 5903.48288
129.8000 1 5326.76608
129.9000 1 6343.8848
130.0000 1 6742.34368
130.1000 1 5704.25344
130.2000 1 5494.53824
130.3000 1 7172.25984
130.4000 1 6071.25504
130.5000 1 5735.71072
130.6000 1 5725.22496
130.7000 1 7046.43072
130.8000 1 5955.91168
130.9000 1 5704.25344
131.0000 1 6081.7408
131.1000 1 7046.43072
131.2000 1 5641.33888
131.3000 1 6050.28352
131.4000 1 6029.312
131.5000 1 6794.77248
131.6000 1 5609.8816
131.7000 1 5830.08256
131.8000 1 6973.0304
131.9000 1 6459.22816
132.0000 1 5389.68064
132.1000 1 6029.312
132.2000 1 6899.63008
132.3000 1 5924.4544
132.4000 1 5945.42592
132.5000 1 5976.8832
132.6000 1 6752.82944
132.7000 1 5976.8832
132.8000 1 5578.42432
132.9000 1 6134.1696
133.0000 1 7109.34528
133.1000 1 5515.50976
133.2000 1 5872.0256
133.3000 1 6647.97184
133.4000 1 6763.3152
133.5000 1 5620.36736
133.6000 1 5725.22496
133.7000 1 6647.97184
133.8000 1 5651.82464
133.9000 1 6060.76928
134.0000 1 5945.42592
134.1000 1 6532.62848
134.2000 1 5851.05408
134.3000 1 5358.22336
134.4000 1 6658.4576
134.5000 1 5316.28032
134.6000 1 5578.42432
134.7000 1 6123.68384
134.8000 1 6658.4576
134.9000 1 5578.42432
135.0000 1 5987.36896
135.1000 1 6836.71552
135.2000 1 6092.22656
135.3000 1 5735.71072
135.4000 1 5379.19488
135.5000 1 7130.3168
135.6000 1 5851.05408
135.7000 1 6123.68384
135.8000 1 5609.8816
135.9000 1 7130.3168
136.0000 1 6113.19808
136.1000 1 5851.05408
136.2000 1 6186.5984
136.3000 1 6270.48448
136.4000 1 6029.312
136.5000 1 5337.25184
136.6000 1 7444.8896
136.7000 1 5630.85312
136.8000 1 5263.85152
136.9000 1 6060.76928
137.0000 1 6910.11584
137.1000 1 5955.91168
137.2000 1 5851.05408
137.3000 1 6259.99872
137.4000 1 6595.54304
137.5000 1 5651.82464
137.6000 1 5966.39744
137.7000 1 6805.25824
137.8000 1 6039.79776
137.9000 1 5578.42432
138.0000 1 6029.312
138.1000 1 6941.57312
138.2000 1 5295.3088
138.3000 1 5557.4528
138.4000 1 6595.54304
138.5000 1 6270.48448
138.6000 1 5882.51136
138.7000 1 6018.82624
138.8000 1 6962.54464
138.9000 1 5987.36896
139.0000 1 5966.39744
139.1000 1 5955.91168
139.2000 1 7256.14592
139.3000 1 5494.53824
139.4000 1 5924.4544
139.5000 1 5987.36896
139.6000 1 7109.34528
139.7000 1 5599.39584
139.8000 1 5525.99552
139.9000 1 6259.99872
140.0000 1 6920.6016
140.1000 1 5641.33888
140.2000 1 6018.82624
140.3000 1 6459.22816
140.4000 1 5892.99712
140.5000 1 5924.4544
140.6000 1 5442.10944
140.7000 1 7277.11744
140.8000 1 5987.36896
140.9000 1 6071.25504
141.0000 1 5599.39584
141.1000 1 6857.68704
141.2000 1 5788.13952
141.3000 1 5431.62368
141.4000 1 6878.65856
141.5000 1 5809.11104
141.6000 1 5326.76608
141.7000 1 6092.22656
141.8000 1 6752.82944
141.9000 1 5882.51136
142.0000 1 5683.28192
142.1000 1 6396.3136
142.2000 1 5945.42592
142.3000 1 5662.3104
142.4000 1 5934.94016
142.5000 1 7340.032
142.6000 1 5484.05248
142.7000 1 5934.94016
142.8000 1 6050.28352
142.9000 1 6710.8864
143.0000 1 5913.96864
143.1000 1 6029.312
143.2000 1 6029.312
143.3000 1 6836.71552
143.4000 1 1059.06176
