0.1000 1 0.0
0.2000 1 5767.168
0.3000 1 4351.5904
0.4000 1 5966.39744
0.5000 1 5767.168
0.6000 1 5096.07936
0.7000 1 5966.39744
0.8000 1 5431.62368
0.9000 1 5704.25344
1.0000 1 5515.50976
1.1000 1 5421.13792
1.2000 1 5064.62208
1.3000 1 5410.65216
1.4000 1 4424.99072
1.5000 1 4854.90688
1.6000 1 6763.3152
1.7000 1 5505.024
1.8000 1 4435.47648
1.9000 1 7308.57472
2.0000 1 5630.85312
2.1000 1 4236.24704
2.2000 1 7056.91648
2.3000 1 4917.82144
2.4000 1 5819.5968
2.5000 1 6197.08416
2.6000 1 4907.33568
2.7000 1 5305.79456
2.8000 1 7098.85952
2.9000 1 5955.91168
3.0000 1 5096.07936
3.1000 1 5599.39584
3.2000 1 5840.56832
3.3000 1 4550.81984
3.4000 1 6218.05568
3.5000 1 4991.22176
3.6000 1 5075.10784
3.7000 1 6805.25824
3.8000 1 6564.08576
3.9000 1 5106.56512
4.0000 1 5368.70912
4.1000 1 7423.91808
4.2000 1 5368.70912
4.3000 1 5064.62208
4.4000 1 7014.97344
4.5000 1 5431.62368
4.6000 1 4666.1632
4.7000 1 6008.34048
4.8000 1 4613.7344
4.9000 1 4404.0192
5.0000 1 5756.68224
5.1000 1 4970.25024
5.2000 1 6029.312
5.3000 1 5966.39744
5.4000 1 5221.90848
5.5000 1 5536.48128
5.6000 1 7025.4592
5.7000 1 5085.5936
5.8000 1 4655.67744
5.9000 1 6165.62688
6.0000 1 4624.22016
6.1000 1 5913.96864
6.2000 1 4771.0208
6.3000 1 4288.67584
6.4000 1 6773.80096
6.5000 1 4257.21856
6.6000 1 5001.70752
6.7000 1 6155.14112
6.8000 1 4687.13472
6.9000 1 5945.42592
7.0000 1 6312.42752
7.1000 1 5148.50816
7.2000 1 5263.85152
7.3000 1 7161.77408
7.4000 1 5421.13792
7.5000 1 5211.42272
7.6000 1 7298.08896
7.7000 1 5106.56512
7.8000 1 4624.22016
7.9000 1 6637.48608
8.0000 1 4519.36256
8.1000 1 4613.7344
8.2000 1 6931.08736
8.3000 1 5400.1664
8.4000 1 5085.5936
8.5000 1 6878.65856
8.6000 1 5232.39424
8.7000 1 4498.39104
8.8000 1 7203.71712
8.9000 1 5337.25184
9.0000 1 5410.65216
9.1000 1 5924.4544
9.2000 1 4351.5904
9.3000 1 4089.4464
9.4000 1 6008.34048
9.5000 1 4896.84992
9.6000 1 5872.0256
9.7000 1 7245.66016
9.8000 1 5012.19328
9.9000 1 4540.33408
10.0000 1 7224.68864
10.1000 1 4865.39264
10.2000 1 4561.3056
10.3000 1 6092.22656
10.4000 1 4529.84832
10.5000 1 6050.28352
10.6000 1 4812.96384
10.7000 1 4162.84672
10.8000 1 6364.85632
10.9000 1 5557.4528
11.0000 1 5735.71072
11.1000 1 6773.80096
11.2000 1 6427.77088
11.3000 1 6081.7408
11.4000 1 5725.22496
11.5000 1 6805.25824
11.6000 1 6448.7424
11.7000 1 5054.13632
11.8000 1 5305.79456
11.9000 1 6847.20128
12.0000 1 4016.04608
12.1000 1 5777.65376
12.2000 1 5148.50816
12.3000 1 4173.33248
12.4000 1 5955.91168
12.5000 1 5389.68064
12.6000 1 6060.76928
12.7000 1 6689.91488
12.8000 1 5683.28192
12.9000 1 5012.19328
13.0000 1 6060.76928
13.1000 1 5442.10944
13.2000 1 4613.7344
13.3000 1 6668.94336
13.4000 1 6176.11264
13.5000 1 5085.5936
13.6000 1 5431.62368
13.7000 1 7077.888
13.8000 1 5987.36896
13.9000 1 4907.33568
14.0000 1 7172.25984
14.1000 1 5484.05248
14.2000 1 4372.56192
14.3000 1 6092.22656
14.4000 1 5033.1648
14.5000 1 5022.67904
14.6000 1 7361.00352
14.7000 1 4582.27712
14.8000 1 4120.90368
14.9000 1 6773.80096
15.0000 1 4917.82144
15.1000 1 5033.1648
15.2000 1 7172.25984
15.3000 1 5001.70752
15.4000 1 5075.10784
15.5000 1 6165.62688
15.6000 1 5106.56512
15.7000 1 5085.5936
15.8000 1 6532.62848
15.9000 1 4383.04768
16.0000 1 5484.05248
16.1000 1 5400.1664
16.2000 1 5389.68064
16.3000 1 5892.99712
16.4000 1 6773.80096
16.5000 1 5148.50816
16.6000 1 5830.08256
16.7000 1 6270.48448
16.8000 1 4970.25024
16.9000 1 4959.76448
17.0000 1 6763.3152
17.1000 1 4959.76448
17.2000 1 4508.8768
17.3000 1 5756.68224
17.4000 1 5200.93696
17.5000 1 5767.168
17.6000 1 6815.744
17.7000 1 5830.08256
17.8000 1 4959.76448
17.9000 1 7308.57472
18.0000 1 4970.25024
18.1000 1 5033.1648
18.2000 1 6155.14112
18.3000 1 4634.70592
18.4000 1 4477.41952
18.5000 1 6071.25504
18.6000 1 5138.0224
18.7000 1 5452.5952
18.8000 1 6595.54304
18.9000 1 5924.4544
19.0000 1 5253.36576
19.1000 1 7277.11744
19.2000 1 5138.0224
19.3000 1 5127.53664
19.4000 1 6480.19968
19.5000 1 5106.56512
19.6000 1 5913.96864
19.7000 1 5756.68224
19.8000 1 6511.65696
19.9000 1 4886.36416
20.0000 1 5358.22336
20.1000 1 5819.5968
20.2000 1 4582.27712
20.3000 1 6343.8848
20.4000 1 5788.13952
20.5000 1 4697.62048
20.6000 1 6291.456
20.7000 1 6123.68384
20.8000 1 4508.8768
20.9000 1 6102.71232
21.0000 1 5578.42432
21.1000 1 4529.84832
21.2000 1 6700.40064
21.3000 1 5872.0256
21.4000 1 5054.13632
21.5000 1 5746.19648
21.6000 1 6343.8848
21.7000 1 5169.47968
21.8000 1 5274.33728
21.9000 1 6710.8864
22.0000 1 5127.53664
22.1000 1 4970.25024
22.2000 1 5903.48288
22.3000 1 4613.7344
22.4000 1 6197.08416
22.5000 1 5274.33728
22.6000 1 4991.22176
22.7000 1 6511.65696
22.8000 1 5830.08256
22.9000 1 4393.53344
23.0000 1 6102.71232
23.1000 1 5054.13632
23.2000 1 5567.93856
23.3000 1 6501.1712
23.4000 1 5840.56832
23.5000 1 5043.65056
23.6000 1 5892.99712
23.7000 1 6301.94176
23.8000 1 5463.08096
23.9000 1 4949.27872
24.0000 1 6731.85792
24.1000 1 5987.36896
24.2000 1 4362.07616
24.3000 1 7392.4608
24.4000 1 5169.47968
24.5000 1 5484.05248
24.6000 1 6815.744
24.7000 1 5106.56512
24.8000 1 5305.79456
24.9000 1 6301.94176
25.0000 1 6134.1696
25.1000 1 5515.50976
25.2000 1 5358.22336
25.3000 1 7361.00352
25.4000 1 5200.93696
25.5000 1 5064.62208
25.6000 1 6522.14272
25.7000 1 4980.736
25.8000 1 4886.36416
25.9000 1 7077.888
26.0000 1 5452.5952
26.1000 1 5054.13632
26.2000 1 6595.54304
26.3000 1 5148.50816
26.4000 1 4959.76448
26.5000 1 6343.8848
26.6000 1 6039.79776
26.7000 1 6029.312
26.8000 1 5190.4512
26.9000 1 7298.08896
27.0000 1 5012.19328
27.1000 1 4760.53504
27.2000 1 6134.1696
27.3000 1 4991.22176
27.4000 1 5138.0224
27.5000 1 7151.28832
27.6000 1 5221.90848
27.7000 1 5033.1648
27.8000 1 5997.85472
27.9000 1 5190.4512
28.0000 1 5138.0224
28.1000 1 7371.48928
28.2000 1 5054.13632
28.3000 1 5515.50976
28.4000 1 6312.42752
28.5000 1 5966.39744
28.6000 1 5463.08096
28.7000 1 5945.42592
28.8000 1 6532.62848
28.9000 1 4917.82144
29.0000 1 5232.39424
29.1000 1 5179.96544
29.2000 1 4791.99232
29.3000 1 6637.48608
29.4000 1 5316.28032
29.5000 1 4886.36416
29.6000 1 6627.00032
29.7000 1 5840.56832
29.8000 1 4865.39264
29.9000 1 6102.71232
30.0000 1 7077.888
30.1000 1 4613.7344
30.2000 1 5054.13632
30.3000 1 6826.22976
30.4000 1 5882.51136
30.5000 1 4907.33568
30.6000 1 7371.48928
30.7000 1 5788.13952
30.8000 1 4739.56352
30.9000 1 6364.85632
31.0000 1 5001.70752
31.1000 1 4110.41792
31.2000 1 5976.8832
31.3000 1 5054.13632
31.4000 1 4959.76448
31.5000 1 7235.1744
31.6000 1 4907.33568
31.7000 1 4938.79296
31.8000 1 6081.7408
31.9000 1 5767.168
32.0000 1 5966.39744
32.1000 1 7035.94496
32.2000 1 5525.99552
32.3000 1 4477.41952
32.4000 1 6018.82624
32.5000 1 5431.62368
32.6000 1 5641.33888
32.7000 1 6312.42752
32.8000 1 5976.8832
32.9000 1 5054.13632
33.0000 1 5725.22496
33.1000 1 5505.024
33.2000 1 4550.81984
33.3000 1 6647.97184
33.4000 1 5316.28032
33.5000 1 4949.27872
33.6000 1 6543.11424
33.7000 1 6553.6
33.8000 1 5567.93856
33.9000 1 4571.79136
34.0000 1 5242.88
34.1000 1 3628.07296
34.2000 1 5379.19488
34.3000 1 2956.98432
34.4000 1 5662.3104
34.5000 1 4802.47808
34.6000 1 5924.4544
34.7000 1 5505.024
34.8000 1 4875.8784
34.9000 1 6396.3136
35.0000 1 6239.0272
35.1000 1 4886.36416
35.2000 1 5662.3104
35.3000 1 5096.07936
35.4000 1 4299.1616
35.5000 1 6574.57152
35.6000 1 5347.7376
35.7000 1 5169.47968
35.8000 1 6910.11584
35.9000 1 4362.07616
36.0000 1 4833.93536
36.1000 1 6616.51456
36.2000 1 5033.1648
36.3000 1 4341.10464
36.4000 1 6039.79776
36.5000 1 4078.96064
36.6000 1 6071.25504
36.7000 1 4068.47488
36.8000 1 4844.42112
36.9000 1 6585.05728
37.0000 1 5232.39424
37.1000 1 5924.4544
37.2000 1 7203.71712
37.3000 1 5515.50976
37.4000 1 5200.93696
37.5000 1 6218.05568
37.6000 1 6102.71232
37.7000 1 5557.4528
37.8000 1 5494.53824
37.9000 1 7319.06048
38.0000 1 4299.1616
38.1000 1 4708.10624
38.2000 1 6574.57152
38.3000 1 5106.56512
38.4000 1 5158.99392
38.5000 1 7046.43072
38.6000 1 4980.736
38.7000 1 4603.24864
38.8000 1 6689.91488
38.9000 1 4949.27872
39.0000 1 5987.36896
39.1000 1 7497.3184
39.2000 1 5955.91168
39.3000 1 5934.94016
39.4000 1 6134.1696
39.5000 1 7119.83104
39.6000 1 5903.48288
39.7000 1 5819.5968
39.8000 1 5452.5952
39.9000 1 6773.80096
40.0000 1 5872.0256
40.1000 1 6396.3136
40.2000 1 6301.94176
40.3000 1 7172.25984
40.4000 1 5389.68064
40.5000 1 5819.5968
40.6000 1 6071.25504
40.7000 1 7707.0336
40.8000 1 5557.4528
40.9000 1 4854.90688
41.0000 1 6994.00192
41.1000 1 5945.42592
41.2000 1 5043.65056
41.3000 1 6532.62848
41.4000 1 7602.176
41.5000 1 6018.82624
41.6000 1 5672.79616
41.7000 1 6532.62848
41.8000 1 6144.65536
41.9000 1 5641.33888
42.0000 1 4519.36256
42.1000 1 7402.94656
42.2000 1 5725.22496
42.3000 1 5609.8816
42.4000 1 5599.39584
42.5000 1 7549.7472
42.6000 1 4970.25024
42.7000 1 5872.0256
42.8000 1 6280.97024
42.9000 1 4341.10464
43.0000 1 4267.70432
43.1000 1 6448.7424
43.2000 1 4215.27552
43.3000 1 6123.68384
43.4000 1 5012.19328
43.5000 1 5232.39424
43.6000 1 6490.68544
43.7000 1 5536.48128
43.8000 1 4330.61888
43.9000 1 6228.54144
44.0000 1 4561.3056
44.1000 1 4435.47648
44.2000 1 6448.7424
44.3000 1 4655.67744
44.4000 1 5672.79616
44.5000 1 5903.48288
44.6000 1 4582.27712
44.7000 1 6197.08416
44.8000 1 5714.7392
44.9000 1 4404.0192
45.0000 1 6647.97184
45.1000 1 5662.3104
45.2000 1 4456.448
45.3000 1 6385.82784
45.4000 1 5326.76608
45.5000 1 5641.33888
45.6000 1 6092.22656
45.7000 1 5389.68064
45.8000 1 5578.42432
45.9000 1 5777.65376
46.0000 1 5609.8816
46.1000 1 4634.70592
46.2000 1 6301.94176
46.3000 1 4592.76288
46.4000 1 4288.67584
46.5000 1 6165.62688
46.6000 1 4970.25024
46.7000 1 5326.76608
46.8000 1 6427.77088
46.9000 1 4781.50656
47.0000 1 5599.39584
47.1000 1 6301.94176
47.2000 1 4718.592
47.3000 1 5704.25344
47.4000 1 5725.22496
47.5000 1 4582.27712
47.6000 1 6417.28512
47.7000 1 5200.93696
47.8000 1 5127.53664
47.9000 1 6249.51296
48.0000 1 4613.7344
48.1000 1 5200.93696
48.2000 1 6847.20128
48.3000 1 4204.78976
48.4000 1 4833.93536
48.5000 1 6270.48448
48.6000 1 5536.48128
48.7000 1 4592.76288
48.8000 1 6396.3136
48.9000 1 5033.1648
49.0000 1 5295.3088
49.1000 1 6406.79936
49.2000 1 5169.47968
49.3000 1 5431.62368
49.4000 1 6815.744
49.5000 1 5536.48128
49.6000 1 4666.1632
49.7000 1 6752.82944
49.8000 1 5138.0224
49.9000 1 4351.5904
50.0000 1 6847.20128
50.1000 1 4613.7344
50.2000 1 5127.53664
50.3000 1 6008.34048
50.4000 1 5368.70912
50.5000 1 5452.5952
50.6000 1 5882.51136
50.7000 1 5242.88
50.8000 1 5641.33888
50.9000 1 4592.76288
51.0000 1 4938.79296
51.1000 1 6312.42752
51.2000 1 5368.70912
51.3000 1 4739.56352
51.4000 1 6144.65536
51.5000 1 4886.36416
51.6000 1 5138.0224
51.7000 1 5934.94016
51.8000 1 5431.62368
51.9000 1 5463.08096
52.0000 1 6794.77248
52.1000 1 4697.62048
52.2000 1 4844.42112
52.3000 1 6134.1696
52.4000 1 4257.21856
52.5000 1 5997.85472
52.6000 1 5169.47968
52.7000 1 5683.28192
52.8000 1 6249.51296
52.9000 1 5117.05088
53.0000 1 5169.47968
53.1000 1 6564.08576
53.2000 1 5421.13792
53.3000 1 5075.10784
53.4000 1 6197.08416
53.5000 1 5934.94016
53.6000 1 5379.19488
53.7000 1 5494.53824
53.8000 1 6637.48608
53.9000 1 4791.99232
54.0000 1 5368.70912
54.1000 1 6647.97184
54.2000 1 4655.67744
54.3000 1 5389.68064
54.4000 1 5997.85472
54.5000 1 5546.96704
54.6000 1 5536.48128
54.7000 1 6606.0288
54.8000 1 5567.93856
54.9000 1 4739.56352
55.0000 1 6700.40064
55.1000 1 5421.13792
55.2000 1 5588.91008
55.3000 1 6658.4576
55.4000 1 4708.10624
55.5000 1 4760.53504
55.6000 1 6364.85632
55.7000 1 4645.19168
55.8000 1 4928.3072
55.9000 1 6018.82624
56.0000 1 5127.53664
56.1000 1 5588.91008
56.2000 1 6847.20128
56.3000 1 5557.4528
56.4000 1 4393.53344
56.5000 1 6710.8864
56.6000 1 4676.64896
56.7000 1 5326.76608
56.8000 1 5840.56832
56.9000 1 4592.76288
57.0000 1 6291.456
57.1000 1 5200.93696
57.2000 1 4404.0192
57.3000 1 6385.82784
57.4000 1 4624.22016
57.5000 1 4424.99072
57.6000 1 6050.28352
57.7000 1 5054.13632
57.8000 1 5725.22496
57.9000 1 6113.19808
58.0000 1 5494.53824
58.1000 1 5442.10944
58.2000 1 6847.20128
58.3000 1 4634.70592
58.4000 1 5033.1648
58.5000 1 6039.79776
58.6000 1 5316.28032
58.7000 1 5400.1664
58.8000 1 5924.4544
58.9000 1 4299.1616
59.0000 1 6490.68544
59.1000 1 4645.19168
59.2000 1 5012.19328
59.3000 1 6291.456
59.4000 1 5473.56672
59.5000 1 5599.39584
59.6000 1 6459.22816
59.7000 1 4928.3072
59.8000 1 4833.93536
59.9000 1 6008.34048
60.0000 1 4477.41952
60.1000 1 5043.65056
60.2000 1 6207.56992
60.3000 1 5515.50976
60.4000 1 5672.79616
60.5000 1 6721.37216
60.6000 1 4645.19168
60.7000 1 4791.99232
60.8000 1 6427.77088
60.9000 1 4498.39104
61.0000 1 5536.48128
61.1000 1 5295.3088
61.2000 1 4970.25024
61.3000 1 6322.91328
61.4000 1 5515.50976
61.5000 1 5672.79616
61.6000 1 5767.168
61.7000 1 6469.71392
61.8000 1 4750.04928
61.9000 1 5484.05248
62.0000 1 5421.13792
62.1000 1 4980.736
62.2000 1 6501.1712
62.3000 1 8136.94976
62.4000 1 4309.64736
62.5000 1 4278.19008
62.6000 1 7885.29152
62.7000 1 5609.8816
62.8000 1 5431.62368
62.9000 1 6176.11264
63.0000 1 5463.08096
63.1000 1 5442.10944
63.2000 1 6710.8864
63.3000 1 6637.48608
63.4000 1 5672.79616
63.5000 1 6532.62848
63.6000 1 6029.312
63.7000 1 6532.62848
63.8000 1 5830.08256
63.9000 1 6176.11264
64.0000 1 6029.312
64.1000 1 7287.6032
64.2000 1 6291.456
64.3000 1 6060.76928
64.4000 1 5473.56672
64.5000 1 6060.76928
64.6000 1 4529.84832
64.7000 1 6050.28352
64.8000 1 3753.90208
64.9000 1 4750.04928
65.0000 1 5190.4512
65.1000 1 3858.75968
65.2000 1 7402.94656
65.3000 1 4917.82144
65.4000 1 4445.96224
65.5000 1 6878.65856
65.6000 1 4865.39264
65.7000 1 5840.56832
65.8000 1 6480.19968
65.9000 1 5872.0256
66.0000 1 5924.4544
66.1000 1 6018.82624
66.2000 1 6239.0272
66.3000 1 5326.76608
66.4000 1 6301.94176
66.5000 1 7151.28832
66.6000 1 5861.53984
66.7000 1 6102.71232
66.8000 1 5620.36736
66.9000 1 6899.63008
67.0000 1 5955.91168
67.1000 1 5075.10784
67.2000 1 6480.19968
67.3000 1 6144.65536
67.4000 1 5421.13792
67.5000 1 5242.88
67.6000 1 7675.57632
67.7000 1 5609.8816
67.8000 1 4875.8784
67.9000 1 6941.57312
68.0000 1 5966.39744
68.1000 1 5421.13792
68.2000 1 5379.19488
68.3000 1 6836.71552
68.4000 1 5934.94016
68.5000 1 6102.71232
68.6000 1 6249.51296
68.7000 1 6291.456
68.8000 1 5211.42272
68.9000 1 5242.88
69.0000 1 7728.00512
69.1000 1 5851.05408
69.2000 1 5494.53824
69.3000 1 6081.7408
69.4000 1 6071.25504
69.5000 1 4928.3072
69.6000 1 6144.65536
69.7000 1 7014.97344
69.8000 1 6102.71232
69.9000 1 5798.62528
70.0000 1 5840.56832
70.1000 1 6658.4576
70.2000 1 5033.1648
70.3000 1 5945.42592
70.4000 1 6710.8864
70.5000 1 5966.39744
70.6000 1 5106.56512
70.7000 1 6406.79936
70.8000 1 6794.77248
70.9000 1 5819.5968
71.0000 1 6018.82624
71.1000 1 6522.14272
71.2000 1 5588.91008
71.3000 1 5840.56832
71.4000 1 5337.25184
71.5000 1 7088.37376
71.6000 1 5295.3088
71.7000 1 5389.68064
71.8000 1 6836.71552
71.9000 1 5379.19488
72.0000 1 5347.7376
72.1000 1 6375.34208
72.2000 1 4865.39264
72.3000 1 5599.39584
72.4000 1 6469.71392
72.5000 1 5484.05248
72.6000 1 5546.96704
72.7000 1 5725.22496
72.8000 1 6564.08576
72.9000 1 5494.53824
73.0000 1 5442.10944
73.1000 1 7319.06048
73.2000 1 5641.33888
73.3000 1 5913.96864
73.4000 1 5546.96704
73.5000 1 6406.79936
73.6000 1 5127.53664
73.7000 1 5620.36736
73.8000 1 6742.34368
73.9000 1 5725.22496
74.0000 1 5955.91168
74.1000 1 6312.42752
74.2000 1 5505.024
74.3000 1 4582.27712
74.4000 1 6679.42912
74.5000 1 5798.62528
74.6000 1 4466.93376
74.7000 1 6501.1712
74.8000 1 5955.91168
74.9000 1 5274.33728
75.0000 1 5525.99552
75.1000 1 6113.19808
75.2000 1 3198.1568
75.3000 1 5630.85312
75.4000 1 3523.21536
75.5000 1 5358.22336
75.6000 1 4456.448
75.7000 1 5284.82304
75.8000 1 6899.63008
75.9000 1 5138.0224
76.0000 1 4676.64896
76.1000 1 7245.66016
76.2000 1 5295.3088
76.3000 1 5295.3088
76.4000 1 7109.34528
76.5000 1 6060.76928
76.6000 1 5442.10944
76.7000 1 5305.79456
76.8000 1 6343.8848
76.9000 1 5274.33728
77.0000 1 6081.7408
77.1000 1 7077.888
77.2000 1 5567.93856
77.3000 1 5651.82464
77.4000 1 6008.34048
77.5000 1 7056.91648
77.6000 1 5756.68224
77.7000 1 5305.79456
77.8000 1 6385.82784
77.9000 1 5672.79616
78.0000 1 5106.56512
78.1000 1 6606.0288
78.2000 1 5735.71072
78.3000 1 5347.7376
78.4000 1 5672.79616
78.5000 1 6668.94336
78.6000 1 4907.33568
78.7000 1 5934.94016
78.8000 1 6480.19968
78.9000 1 5830.08256
79.0000 1 5012.19328
79.1000 1 7035.94496
79.2000 1 5872.0256
79.3000 1 5211.42272
79.4000 1 5683.28192
79.5000 1 6826.22976
79.6000 1 5515.50976
79.7000 1 5704.25344
79.8000 1 7098.85952
79.9000 1 5945.42592
80.0000 1 5567.93856
80.1000 1 5756.68224
80.2000 1 7413.43232
80.3000 1 5515.50976
80.4000 1 5138.0224
80.5000 1 6585.05728
80.6000 1 6406.79936
80.7000 1 5651.82464
80.8000 1 5148.50816
80.9000 1 7465.86112
81.0000 1 5515.50976
81.1000 1 5054.13632
81.2000 1 6658.4576
81.3000 1 6239.0272
81.4000 1 5672.79616
81.5000 1 5075.10784
81.6000 1 7518.28992
81.7000 1 5463.08096
81.8000 1 5767.168
81.9000 1 6176.11264
82.0000 1 6878.65856
82.1000 1 5557.4528
82.2000 1 5840.56832
82.3000 1 6836.71552
82.4000 1 5127.53664
82.5000 1 4750.04928
82.6000 1 6920.6016
82.7000 1 5735.71072
82.8000 1 5200.93696
82.9000 1 5830.08256
83.0000 1 6459.22816
83.1000 1 5683.28192
83.2000 1 5588.91008
83.3000 1 6941.57312
83.4000 1 5546.96704
83.5000 1 5683.28192
83.6000 1 6008.34048
83.7000 1 6459.22816
83.8000 1 6060.76928
83.9000 1 5746.19648
84.0000 1 6878.65856
84.1000 1 5672.79616
84.2000 1 5924.4544
84.3000 1 5200.93696
84.4000 1 7434.40384
84.5000 1 5913.96864
84.6000 1 5693.76768
84.7000 1 6071.25504
84.8000 1 6658.4576
84.9000 1 6039.79776
85.0000 1 5463.08096
85.1000 1 6637.48608
85.2000 1 5463.08096
85.3000 1 5641.33888
85.4000 1 5945.42592
85.5000 1 6438.25664
85.6000 1 5913.96864
85.7000 1 5358.22336
85.8000 1 7109.34528
85.9000 1 5525.99552
86.0000 1 5746.19648
86.1000 1 5798.62528
86.2000 1 7287.6032
86.3000 1 5085.5936
86.4000 1 5484.05248
86.5000 1 6815.744
86.6000 1 5966.39744
86.7000 1 5096.07936
86.8000 1 6197.08416
86.9000 1 6050.28352
87.0000 1 5368.70912
87.1000 1 6018.82624
87.2000 1 6564.08576
87.3000 1 5924.4544
87.4000 1 5536.48128
87.5000 1 6448.7424
87.6000 1 5672.79616
87.7000 1 5106.56512
87.8000 1 5976.8832
87.9000 1 5997.85472
88.0000 1 6081.7408
88.1000 1 6039.79776
88.2000 1 6375.34208
88.3000 1 5347.7376
88.4000 1 5966.39744
88.5000 1 6092.22656
88.6000 1 6668.94336
88.7000 1 5368.70912
88.8000 1 5546.96704
88.9000 1 7004.48768
89.0000 1 5389.68064
89.1000 1 5851.05408
89.2000 1 6081.7408
89.3000 1 6700.40064
89.4000 1 5358.22336
89.5000 1 6029.312
89.6000 1 6637.48608
89.7000 1 5704.25344
89.8000 1 5525.99552
89.9000 1 5735.71072
90.0000 1 6805.25824
90.1000 1 5442.10944
90.2000 1 5704.25344
90.3000 1 7067.40224
90.4000 1 5588.91008
90.5000 1 5274.33728
90.6000 1 6144.65536
90.7000 1 6543.11424
90.8000 1 5232.39424
90.9000 1 6029.312
91.0000 1 6385.82784
91.1000 1 5620.36736
91.2000 1 5316.28032
91.3000 1 6606.0288
91.4000 1 5588.91008
91.5000 1 5368.70912
91.6000 1 6029.312
91.7000 1 6364.85632
91.8000 1 5379.19488
91.9000 1 6113.19808
92.0000 1 6312.42752
92.1000 1 5955.91168
92.2000 1 5431.62368
92.3000 1 6364.85632
92.4000 1 6343.8848
92.5000 1 5536.48128
92.6000 1 5756.68224
92.7000 1 6532.62848
92.8000 1 5662.3104
92.9000 1 5704.25344
93.0000 1 6364.85632
93.1000 1 6102.71232
93.2000 1 5557.4528
93.3000 1 5620.36736
93.4000 1 7277.11744
93.5000 1 5295.3088
93.6000 1 5368.70912
93.7000 1 6459.22816
93.8000 1 5379.19488
93.9000 1 4991.22176
94.0000 1 6616.51456
94.1000 1 5767.168
94.2000 1 5809.11104
94.3000 1 6102.71232
94.4000 1 6312.42752
94.5000 1 5452.5952
94.6000 1 5872.0256
94.7000 1 6543.11424
94.8000 1 5809.11104
94.9000 1 5735.71072
95.0000 1 5431.62368
95.1000 1 7182.7456
95.2000 1 5798.62528
95.3000 1 5599.39584
95.4000 1 6333.39904
95.5000 1 5997.85472
95.6000 1 5714.7392
95.7000 1 6029.312
95.8000 1 7172.25984
95.9000 1 5347.7376
96.0000 1 5693.76768
96.1000 1 5945.42592
96.2000 1 6679.42912
96.3000 1 5263.85152
96.4000 1 5033.1648
96.5000 1 6448.7424
96.6000 1 5347.7376
96.7000 1 4938.79296
96.8000 1 6878.65856
96.9000 1 5777.65376
97.0000 1 5400.1664
97.1000 1 6878.65856
97.2000 1 5861.53984
97.3000 1 5106.56512
97.4000 1 5798.62528
97.5000 1 6794.77248
97.6000 1 5630.85312
97.7000 1 6039.79776
97.8000 1 6658.4576
97.9000 1 5872.0256
98.0000 1 5452.5952
98.1000 1 6050.28352
98.2000 1 6742.34368
98.3000 1 5473.56672
98.4000 1 5767.168
98.5000 1 6553.6
98.6000 1 5599.39584
98.7000 1 5767.168
98.8000 1 5882.51136
98.9000 1 6606.0288
99.0000 1 5798.62528
99.1000 1 5651.82464
99.2000 1 6532.62848
99.3000 1 6280.97024
99.4000 1 5693.76768
99.5000 1 5525.99552
99.6000 1 7109.34528
99.7000 1 5494.53824
99.8000 1 5672.79616
99.9000 1 6144.65536
100.0000 1 6155.14112
100.1000 1 5830.08256
100.2000 1 5546.96704
100.3000 1 7035.94496
100.4000 1 5987.36896
100.5000 1 5295.3088
100.6000 1 6039.79776
100.7000 1 6385.82784
100.8000 1 5934.94016
100.9000 1 5494.53824
101.0000 1 6826.22976
101.1000 1 5431.62368
101.2000 1 5190.4512
101.3000 1 6647.97184
101.4000 1 5892.99712
101.5000 1 5421.13792
101.6000 1 6039.79776
101.7000 1 6438.25664
101.8000 1 5525.99552
101.9000 1 5442.10944
102.0000 1 6952.05888
102.1000 1 5316.28032
102.2000 1 5903.48288
102.3000 1 5913.96864
102.4000 1 7014.97344
102.5000 1 5410.65216
102.6000 1 5001.70752
102.7000 1 6532.62848
102.8000 1 5368.70912
102.9000 1 5127.53664
103.0000 1 6249.51296
103.1000 1 5997.85472
103.2000 1 5662.3104
103.3000 1 5830.08256
103.4000 1 6658.4576
103.5000 1 5567.93856
103.6000 1 5515.50976
103.7000 1 6585.05728
103.8000 1 5777.65376
103.9000 1 5851.05408
104.0000 1 6176.11264
104.1000 1 5704.25344
104.2000 1 5756.68224
104.3000 1 5484.05248
104.4000 1 7402.94656
104.5000 1 5169.47968
104.6000 1 5997.85472
104.7000 1 6396.3136
104.8000 1 5557.4528
104.9000 1 5169.47968
105.0000 1 6039.79776
105.1000 1 6564.08576
105.2000 1 5337.25184
105.3000 1 5788.13952
105.4000 1 6973.0304
105.5000 1 5976.8832
105.6000 1 5431.62368
105.7000 1 5819.5968
105.8000 1 6585.05728
105.9000 1 5704.25344
106.0000 1 5484.05248
106.1000 1 6564.08576
106.2000 1 4938.79296
106.3000 1 5599.39584
106.4000 1 7035.94496
106.5000 1 5473.56672
106.6000 1 5484.05248
106.7000 1 5809.11104
106.8000 1 6616.51456
106.9000 1 5211.42272
107.0000 1 5714.7392
107.1000 1 6973.0304
107.2000 1 5389.68064
107.3000 1 5892.99712
107.4000 1 6029.312
107.5000 1 6396.3136
107.6000 1 5347.7376
107.7000 1 5945.42592
107.8000 1 6564.08576
107.9000 1 5630.85312
108.0000 1 5861.53984
108.1000 1 6197.08416
108.2000 1 6343.8848
108.3000 1 4886.36416
108.4000 1 5473.56672
108.5000 1 7067.40224
108.6000 1 5358.22336
108.7000 1 5934.94016
108.8000 1 6627.00032
108.9000 1 5756.68224
109.0000 1 5924.4544
109.1000 1 5295.3088
109.2000 1 7214.20288
109.3000 1 5400.1664
109.4000 1 5934.94016
109.5000 1 6280.97024
109.6000 1 5987.36896
109.7000 1 5672.79616
109.8000 1 5976.8832
109.9000 1 6427.77088
110.0000 1 5924.4544
110.1000 1 5567.93856
110.2000 1 6532.62848
110.3000 1 5924.4544
110.4000 1 5861.53984
110.5000 1 5892.99712
110.6000 1 6637.48608
110.7000 1 5788.13952
110.8000 1 5851.05408
110.9000 1 6050.28352
111.0000 1 6354.37056
111.1000 1 5379.19488
111.2000 1 5882.51136
111.3000 1 6941.57312
111.4000 1 5578.42432
111.5000 1 6008.34048
111.6000 1 5473.56672
111.7000 1 6973.0304
111.8000 1 5641.33888
111.9000 1 6071.25504
112.0000 1 6396.3136
112.1000 1 5389.68064
112.2000 1 5473.56672
112.3000 1 6270.48448
112.4000 1 6071.25504
112.5000 1 5546.96704
112.6000 1 5840.56832
112.7000 1 6700.40064
112.8000 1 5746.19648
112.9000 1 6134.1696
113.0000 1 5851.05408
113.1000 1 6731.85792
113.2000 1 5672.79616
113.3000 1 5704.25344
113.4000 1 7035.94496
113.5000 1 5221.90848
113.6000 1 5840.56832
113.7000 1 5421.13792
113.8000 1 6941.57312
113.9000 1 5484.05248
114.0000 1 5525.99552
114.1000 1 7067.40224
114.2000 1 5641.33888
114.3000 1 5756.68224
114.4000 1 5767.168
114.5000 1 6647.97184
114.6000 1 6071.25504
114.7000 1 5840.56832
114.8000 1 6427.77088
114.9000 1 5316.28032
115.0000 1 6018.82624
115.1000 1 5578.42432
115.2000 1 6805.25824
115.3000 1 6039.79776
115.4000 1 5190.4512
115.5000 1 6385.82784
115.6000 1 5452.5952
115.7000 1 6113.19808
115.8000 1 5934.94016
115.9000 1 6218.05568
116.0000 1 5798.62528
116.1000 1 5882.51136
116.2000 1 6637.48608
116.3000 1 5609.8816
116.4000 1 6029.312
116.5000 1 5704.25344
116.6000 1 6197.08416
116.7000 1 5326.76608
116.8000 1 5767.168
116.9000 1 6805.25824
117.0000 1 5651.82464
117.1000 1 5798.62528
117.2000 1 6385.82784
117.3000 1 6228.54144
117.4000 1 5505.024
117.5000 1 5819.5968
117.6000 1 6763.3152
117.7000 1 5851.05408
117.8000 1 5368.70912
117.9000 1 6144.65536
118.0000 1 6920.6016
118.1000 1 5704.25344
118.2000 1 5316.28032
118.3000 1 7004.48768
118.4000 1 5400.1664
118.5000 1 6039.79776
118.6000 1 5725.22496
118.7000 1 6186.5984
118.8000 1 5819.5968
118.9000 1 5872.0256
119.0000 1 6532.62848
119.1000 1 5179.96544
119.2000 1 5274.33728
119.3000 1 6259.99872
119.4000 1 5505.024
119.5000 1 5976.8832
119.6000 1 6050.28352
119.7000 1 6029.312
119.8000 1 6029.312
119.9000 1 5421.13792
120.0000 1 7172.25984
120.1000 1 5054.13632
120.2000 1 5452.5952
120.3000 1 6689.91488
120.4000 1 5966.39744
120.5000 1 5368.70912
120.6000 1 6008.34048
120.7000 1 6469.71392
120.8000 1 5777.65376
120.9000 1 5725.22496
121.0000 1 6689.91488
121.1000 1 5997.85472
121.2000 1 5546.96704
121.3000 1 5221.90848
121.4000 1 6857.68704
121.5000 1 5515.50976
121.6000 1 5515.50976
121.7000 1 7109.34528
121.8000 1 5578.42432
121.9000 1 5232.39424
122.0000 1 6134.1696
122.1000 1 6176.11264
122.2000 1 5882.51136
122.3000 1 5557.4528
122.4000 1 7182.7456
122.5000 1 5546.96704
122.6000 1 5536.48128
122.7000 1 5987.36896
122.8000 1 6532.62848
122.9000 1 5588.91008
123.0000 1 5746.19648
123.1000 1 6910.11584
123.2000 1 5756.68224
123.3000 1 5421.13792
123.4000 1 5746.19648
123.5000 1 6847.20128
123.6000 1 5190.4512
123.7000 1 5788.13952
123.8000 1 6553.6
123.9000 1 6029.312
124.0000 1 5158.99392
124.1000 1 6585.05728
124.2000 1 5620.36736
124.3000 1 5987.36896
124.4000 1 5725.22496
124.5000 1 6784.28672
124.6000 1 5693.76768
124.7000 1 5966.39744
124.8000 1 6081.7408
124.9000 1 5966.39744
125.0000 1 5525.99552
125.1000 1 5892.99712
125.2000 1 7235.1744
125.3000 1 5410.65216
125.4000 1 5756.68224
125.5000 1 5892.99712
125.6000 1 5546.96704
125.7000 1 5473.56672
125.8000 1 5997.85472
125.9000 1 5987.36896
126.0000 1 5620.36736
126.1000 1 5358.22336
126.2000 1 7308.57472
126.3000 1 5851.05408
126.4000 1 5085.5936
126.5000 1 6585.05728
126.6000 1 5358.22336
126.7000 1 5494.53824
126.8000 1 5892.99712
126.9000 1 7308.57472
127.0000 1 5158.99392
127.1000 1 5851.05408
127.2000 1 6931.08736
127.3000 1 5505.024
127.4000 1 5253.36576
127.5000 1 5830.08256
127.6000 1 6742.34368
127.7000 1 5242.88
127.8000 1 5872.0256
127.9000 1 6847.20128
128.0000 1 5672.79616
128.1000 1 5840.56832
128.2000 1 5861.53984
128.3000 1 6218.05568
128.4000 1 5714.7392
128.5000 1 5997.85472
128.6000 1 7182.7456
128.7000 1 5515.50976
128.8000 1 5242.88
128.9000 1 6050.28352
129.0000 1 6385.82784
129.1000 1 5651.82464
129.2000 1 5840.56832
129.3000 1 7287.6032
129.4000 1 5484.05248
129.5000 1 5400.1664
129.6000 1 5882.51136
129.7000 1 5830.08256
129.8000 1 5746.19648
129.9000 1 5379.19488
130.0000 1 6941.57312
130.1000 1 5924.4544
130.2000 1 5798.62528
130.3000 1 6050.28352
130.4000 1 5861.53984
130.5000 1 4970.25024
130.6000 1 6123.68384
130.7000 1 6836.71552
130.8000 1 5588.91008
130.9000 1 5525.99552
131.0000 1 5872.0256
131.1000 1 4498.39104
131.2000 1 5127.53664
131.3000 1 4896.84992
131.4000 1 4362.07616
131.5000 1 5851.05408
131.6000 1 3963.61728
131.7000 1 6102.71232
131.8000 1 5903.48288
131.9000 1 5085.5936
132.0000 1 5819.5968
132.1000 1 6868.1728
132.2000 1 5861.53984
132.3000 1 5704.25344
132.4000 1 6700.40064
132.5000 1 5924.4544
132.6000 1 5955.91168
132.7000 1 5505.024
132.8000 1 6469.71392
132.9000 1 5683.28192
133.0000 1 5662.3104
133.1000 1 6710.8864
133.2000 1 5463.08096
133.3000 1 5966.39744
133.4000 1 5305.79456
133.5000 1 7109.34528
133.6000 1 5662.3104
133.7000 1 6029.312
133.8000 1 6301.94176
133.9000 1 5987.36896
134.0000 1 5525.99552
134.1000 1 5316.28032
134.2000 1 6721.37216
134.3000 1 5651.82464
134.4000 1 5452.5952
134.5000 1 7245.66016
134.6000 1 5913.96864
134.7000 1 5316.28032
134.8000 1 5735.71072
134.9000 1 7067.40224
135.0000 1 5976.8832
135.1000 1 5410.65216
135.2000 1 6427.77088
135.3000 1 6144.65536
135.4000 1 5662.3104
135.5000 1 5337.25184
135.6000 1 6700.40064
135.7000 1 5190.4512
135.8000 1 5913.96864
135.9000 1 7067.40224
136.0000 1 5777.65376
136.1000 1 5337.25184
136.2000 1 5599.39584
136.3000 1 6658.4576
136.4000 1 5725.22496
136.5000 1 5777.65376
136.6000 1 7046.43072
136.7000 1 3827.3024
136.8000 1 4519.36256
136.9000 1 5714.7392
137.0000 1 5211.42272
137.1000 1 5882.51136
137.2000 1 6249.51296
137.3000 1 5924.4544
137.4000 1 5379.19488
137.5000 1 6375.34208
137.6000 1 5735.71072
137.7000 1 5725.22496
137.8000 1 6532.62848
137.9000 1 5924.4544
138.0000 1 5400.1664
138.1000 1 5431.62368
138.2000 1 6658.4576
138.3000 1 5368.70912
138.4000 1 5012.19328
138.5000 1 6889.14432
138.6000 1 5609.8816
138.7000 1 5515.50976
138.8000 1 6553.6
138.9000 1 5976.8832
139.0000 1 5400.1664
139.1000 1 5662.3104
139.2000 1 7151.28832
139.3000 1 5714.7392
139.4000 1 5714.7392
139.5000 1 6553.6
139.6000 1 5798.62528
139.7000 1 5840.56832
139.8000 1 5452.5952
139.9000 1 6931.08736
140.0000 1 5525.99552
140.1000 1 5484.05248
140.2000 1 6700.40064
140.3000 1 5536.48128
140.4000 1 5872.0256
140.5000 1 5536.48128
140.6000 1 6270.48448
140.7000 1 5410.65216
140.8000 1 6050.28352
140.9000 1 6259.99872
141.0000 1 5725.22496
141.1000 1 5284.82304
141.2000 1 6752.82944
141.3000 1 5609.8816
141.4000 1 5284.82304
141.5000 1 6018.82624
141.6000 1 6543.11424
141.7000 1 5851.05408
141.8000 1 5746.19648
141.9000 1 6889.14432
142.0000 1 5683.28192
142.1000 1 5305.79456
142.2000 1 5861.53984
142.3000 1 5903.48288
142.4000 1 6029.312
142.5000 1 5190.4512
142.6000 1 6952.05888
142.7000 1 5127.53664
142.8000 1 5253.36576
142.9000 1 6784.28672
143.0000 1 5976.8832
143.1000 1 5347.7376
143.2000 1 6092.22656
143.3000 1 6239.0272
143.4000 1 5735.71072
143.5000 1 6039.79776
143.6000 1 7098.85952
143.7000 1 5463.08096
143.8000 1 5263.85152
143.9000 1 6071.25504
144.0000 1 5913.96864
144.1000 1 5725.22496
144.2000 1 5148.50816
144.3000 1 6868.1728
144.4000 1 5840.56832
144.5000 1 5295.3088
144.6000 1 7182.7456
144.7000 1 6029.312
144.8000 1 5379.19488
144.9000 1 5536.48128
145.0000 1 7056.91648
