0.1000 1 0.0
0.2000 1 6102.71232
0.3000 1 4309.64736
0.4000 1 6710.8864
0.5000 1 4791.99232
0.6000 1 4341.10464
0.7000 1 5725.22496
0.8000 1 5127.53664
0.9000 1 5442.10944
1.0000 1 6448.7424
1.1000 1 4928.3072
1.2000 1 5798.62528
1.3000 1 7528.77568
1.4000 1 4571.79136
1.5000 1 4037.0176
1.6000 1 7769.94816
1.7000 1 5662.3104
1.8000 1 5788.13952
1.9000 1 5672.79616
2.0000 1 6480.19968
2.1000 1 5809.11104
2.2000 1 5903.48288
2.3000 1 6889.14432
2.4000 1 7161.77408
2.5000 1 5588.91008
2.6000 1 4865.39264
2.7000 1 7497.3184
2.8000 1 5892.99712
2.9000 1 5746.19648
3.0000 1 5106.56512
3.1000 1 7004.48768
3.2000 1 4970.25024
3.3000 1 4991.22176
3.4000 1 5746.19648
3.5000 1 4655.67744
3.6000 1 6134.1696
3.7000 1 6763.3152
3.8000 1 4257.21856
3.9000 1 5735.71072
4.0000 1 6627.00032
4.1000 1 6553.6
4.2000 1 6018.82624
4.3000 1 5767.168
4.4000 1 5588.91008
4.5000 1 5693.76768
4.6000 1 5546.96704
4.7000 1 7916.7488
4.8000 1 5651.82464
4.9000 1 5096.07936
5.0000 1 5714.7392
5.1000 1 6060.76928
5.2000 1 5693.76768
5.3000 1 5484.05248
5.4000 1 7864.32
5.5000 1 5148.50816
5.6000 1 5054.13632
5.7000 1 6983.51616
5.8000 1 6742.34368
5.9000 1 5410.65216
6.0000 1 5651.82464
6.1000 1 7413.43232
6.2000 1 5892.99712
6.3000 1 4424.99072
6.4000 1 6406.79936
6.5000 1 4802.47808
6.6000 1 5452.5952
6.7000 1 6417.28512
6.8000 1 4959.76448
6.9000 1 4236.24704
7.0000 1 7570.71872
7.1000 1 4907.33568
7.2000 1 4068.47488
7.3000 1 6333.39904
7.4000 1 4791.99232
7.5000 1 5033.1648
7.6000 1 5190.4512
7.7000 1 4278.19008
7.8000 1 6679.42912
7.9000 1 5368.70912
8.0000 1 5200.93696
8.1000 1 6700.40064
8.2000 1 6585.05728
8.3000 1 5966.39744
8.4000 1 4477.41952
8.5000 1 7098.85952
8.6000 1 4183.81824
8.7000 1 5075.10784
8.8000 1 7686.06208
8.9000 1 5368.70912
9.0000 1 4047.50336
9.1000 1 5725.22496
9.2000 1 4613.7344
9.3000 1 5892.99712
9.4000 1 5683.28192
9.5000 1 5788.13952
9.6000 1 6784.28672
9.7000 1 6543.11424
9.8000 1 5609.8816
9.9000 1 5693.76768
10.0000 1 5851.05408
10.1000 1 6941.57312
10.2000 1 5809.11104
10.3000 1 5735.71072
10.4000 1 6710.8864
10.5000 1 6700.40064
10.6000 1 5756.68224
10.7000 1 6689.91488
10.8000 1 5809.11104
10.9000 1 8011.12064
11.0000 1 6585.05728
11.1000 1 5389.68064
11.2000 1 5138.0224
11.3000 1 6941.57312
11.4000 1 5012.19328
11.5000 1 4802.47808
11.6000 1 5725.22496
11.7000 1 5358.22336
11.8000 1 5830.08256
11.9000 1 8021.6064
12.0000 1 5096.07936
12.1000 1 6060.76928
12.2000 1 6113.19808
12.3000 1 7958.69184
12.4000 1 5263.85152
12.5000 1 5798.62528
12.6000 1 5798.62528
12.7000 1 8115.97824
12.8000 1 5746.19648
12.9000 1 5704.25344
13.0000 1 5505.024
13.1000 1 6490.68544
13.2000 1 4666.1632
13.3000 1 5410.65216
13.4000 1 4949.27872
13.5000 1 5672.79616
13.6000 1 6144.65536
13.7000 1 6721.37216
13.8000 1 4299.1616
13.9000 1 5693.76768
14.0000 1 5410.65216
14.1000 1 4592.76288
14.2000 1 5683.28192
14.3000 1 5525.99552
14.4000 1 6113.19808
14.5000 1 6102.71232
14.6000 1 5096.07936
14.7000 1 4980.736
14.8000 1 6448.7424
14.9000 1 5662.3104
15.0000 1 6071.25504
15.1000 1 5683.28192
15.2000 1 6448.7424
15.3000 1 5557.4528
15.4000 1 6679.42912
15.5000 1 5945.42592
15.6000 1 6228.54144
15.7000 1 5735.71072
15.8000 1 5693.76768
15.9000 1 7476.34688
16.0000 1 6679.42912
16.1000 1 5515.50976
16.2000 1 6784.28672
16.3000 1 6081.7408
16.4000 1 5316.28032
16.5000 1 4057.98912
16.6000 1 6847.20128
16.7000 1 5620.36736
16.8000 1 5746.19648
16.9000 1 5955.91168
17.0000 1 4896.84992
17.1000 1 4236.24704
17.2000 1 6312.42752
17.3000 1 4487.90528
17.4000 1 5347.7376
17.5000 1 7707.0336
17.6000 1 4508.8768
17.7000 1 6029.312
17.8000 1 6752.82944
17.9000 1 4991.22176
18.0000 1 5022.67904
18.1000 1 5714.7392
18.2000 1 5096.07936
18.3000 1 5358.22336
18.4000 1 6899.63008
18.5000 1 5295.3088
18.6000 1 5200.93696
18.7000 1 6155.14112
18.8000 1 4645.19168
18.9000 1 4141.8752
19.0000 1 7811.8912
19.1000 1 5033.1648
19.2000 1 4718.592
19.3000 1 6228.54144
19.4000 1 5211.42272
19.5000 1 4750.04928
19.6000 1 8126.464
19.7000 1 5651.82464
19.8000 1 6532.62848
19.9000 1 4645.19168
20.0000 1 7245.66016
20.1000 1 4666.1632
20.2000 1 4844.42112
20.3000 1 6113.19808
20.4000 1 4781.50656
20.5000 1 5882.51136
20.6000 1 6280.97024
20.7000 1 5714.7392
20.8000 1 5326.76608
20.9000 1 7151.28832
21.0000 1 4896.84992
21.1000 1 5242.88
21.2000 1 6490.68544
21.3000 1 5620.36736
21.4000 1 5819.5968
21.5000 1 6029.312
21.6000 1 5809.11104
21.7000 1 4949.27872
21.8000 1 5987.36896
21.9000 1 5588.91008
22.0000 1 5851.05408
22.1000 1 5368.70912
22.2000 1 6773.80096
22.3000 1 4404.0192
22.4000 1 5588.91008
22.5000 1 5924.4544
22.6000 1 4991.22176
22.7000 1 5851.05408
22.8000 1 5861.53984
22.9000 1 5169.47968
23.0000 1 5746.19648
23.1000 1 5546.96704
23.2000 1 4687.13472
23.3000 1 6532.62848
23.4000 1 5840.56832
23.5000 1 5221.90848
23.6000 1 5662.3104
23.7000 1 6417.28512
23.8000 1 4970.25024
23.9000 1 5337.25184
24.0000 1 6207.56992
24.1000 1 4508.8768
24.2000 1 6008.34048
24.3000 1 5232.39424
24.4000 1 4613.7344
24.5000 1 6931.08736
24.6000 1 4959.76448
24.7000 1 5127.53664
24.8000 1 6218.05568
24.9000 1 4991.22176
25.0000 1 4938.79296
25.1000 1 6689.91488
25.2000 1 4771.0208
25.3000 1 4372.56192
25.4000 1 6333.39904
25.5000 1 4718.592
25.6000 1 5599.39584
25.7000 1 6375.34208
25.8000 1 5368.70912
25.9000 1 5358.22336
26.0000 1 7067.40224
26.1000 1 5756.68224
26.2000 1 5389.68064
26.3000 1 6427.77088
26.4000 1 5337.25184
26.5000 1 4729.07776
26.6000 1 6543.11424
26.7000 1 5200.93696
26.8000 1 4708.10624
26.9000 1 6448.7424
27.0000 1 4739.56352
27.1000 1 4445.96224
27.2000 1 6333.39904
27.3000 1 5389.68064
27.4000 1 5054.13632
27.5000 1 7119.83104
27.6000 1 5054.13632
27.7000 1 5043.65056
27.8000 1 6952.05888
27.9000 1 5085.5936
28.0000 1 5788.13952
28.1000 1 6364.85632
28.2000 1 5232.39424
28.3000 1 4435.47648
28.4000 1 6438.25664
28.5000 1 5054.13632
28.6000 1 5064.62208
28.7000 1 6794.77248
28.8000 1 5148.50816
28.9000 1 5012.19328
29.0000 1 6197.08416
29.1000 1 4896.84992
29.2000 1 5200.93696
29.3000 1 6312.42752
29.4000 1 4812.96384
29.5000 1 4791.99232
29.6000 1 6910.11584
29.7000 1 4970.25024
29.8000 1 5756.68224
29.9000 1 6448.7424
30.0000 1 5840.56832
30.1000 1 4917.82144
30.2000 1 6354.37056
30.3000 1 4959.76448
30.4000 1 4729.07776
30.5000 1 6511.65696
30.6000 1 5851.05408
30.7000 1 4666.1632
30.8000 1 6941.57312
30.9000 1 5536.48128
31.0000 1 4477.41952
31.1000 1 7025.4592
31.2000 1 4540.33408
31.3000 1 4445.96224
31.4000 1 7067.40224
31.5000 1 5211.42272
31.6000 1 5410.65216
31.7000 1 6826.22976
31.8000 1 5861.53984
31.9000 1 4645.19168
32.0000 1 6239.0272
32.1000 1 6668.94336
32.2000 1 5012.19328
32.3000 1 5075.10784
32.4000 1 6920.6016
32.5000 1 5368.70912
32.6000 1 4477.41952
32.7000 1 7077.888
32.8000 1 4812.96384
32.9000 1 5599.39584
33.0000 1 6532.62848
33.1000 1 4791.99232
33.2000 1 5976.8832
33.3000 1 6543.11424
33.4000 1 5263.85152
33.5000 1 4896.84992
33.6000 1 7161.77408
33.7000 1 5138.0224
33.8000 1 5117.05088
33.9000 1 6522.14272
34.0000 1 5924.4544
34.1000 1 4215.27552
34.2000 1 6312.42752
34.3000 1 4215.27552
34.4000 1 4508.8768
34.5000 1 7130.3168
34.6000 1 4383.04768
34.7000 1 5232.39424
34.8000 1 6973.0304
34.9000 1 4477.41952
35.0000 1 5295.3088
35.1000 1 5599.39584
35.2000 1 5179.96544
35.3000 1 5872.0256
35.4000 1 6039.79776
35.5000 1 4980.736
35.6000 1 5851.05408
35.7000 1 6448.7424
35.8000 1 4445.96224
35.9000 1 5735.71072
36.0000 1 5945.42592
36.1000 1 5211.42272
36.2000 1 5609.8816
36.3000 1 5662.3104
36.4000 1 3995.07456
36.5000 1 6165.62688
36.6000 1 4529.84832
36.7000 1 4833.93536
36.8000 1 5326.76608
36.9000 1 4991.22176
37.0000 1 6417.28512
37.1000 1 4991.22176
37.2000 1 4729.07776
37.3000 1 6280.97024
37.4000 1 5211.42272
37.5000 1 4791.99232
37.6000 1 6815.744
37.7000 1 5253.36576
37.8000 1 4729.07776
37.9000 1 6501.1712
38.0000 1 4791.99232
38.1000 1 4928.3072
38.2000 1 6207.56992
38.3000 1 4771.0208
38.4000 1 5704.25344
38.5000 1 6459.22816
38.6000 1 4917.82144
38.7000 1 5536.48128
38.8000 1 6197.08416
38.9000 1 4655.67744
39.0000 1 5284.82304
39.1000 1 6176.11264
39.2000 1 5148.50816
39.3000 1 5746.19648
39.4000 1 6364.85632
39.5000 1 4750.04928
39.6000 1 5326.76608
39.7000 1 5651.82464
39.8000 1 5012.19328
39.9000 1 6029.312
40.0000 1 5054.13632
40.1000 1 4624.22016
40.2000 1 7119.83104
40.3000 1 4330.61888
40.4000 1 4624.22016
40.5000 1 6385.82784
40.6000 1 5484.05248
40.7000 1 4833.93536
40.8000 1 6186.5984
40.9000 1 4624.22016
41.0000 1 5400.1664
41.1000 1 5966.39744
41.2000 1 4687.13472
41.3000 1 6207.56992
41.4000 1 6165.62688
41.5000 1 4802.47808
41.6000 1 5735.71072
41.7000 1 6553.6
41.8000 1 4991.22176
41.9000 1 5683.28192
42.0000 1 6668.94336
42.1000 1 5263.85152
42.2000 1 5442.10944
42.3000 1 7046.43072
42.4000 1 5022.67904
42.5000 1 5903.48288
42.6000 1 6071.25504
42.7000 1 5557.4528
42.8000 1 4938.79296
42.9000 1 6259.99872
43.0000 1 5484.05248
43.1000 1 5211.42272
43.2000 1 6039.79776
43.3000 1 5389.68064
43.4000 1 5033.1648
43.5000 1 6291.456
43.6000 1 4718.592
43.7000 1 4550.81984
43.8000 1 7088.37376
43.9000 1 5106.56512
44.0000 1 5169.47968
44.1000 1 6364.85632
44.2000 1 5221.90848
44.3000 1 5840.56832
44.4000 1 6165.62688
44.5000 1 6522.14272
44.6000 1 5284.82304
44.7000 1 5054.13632
44.8000 1 6637.48608
44.9000 1 5001.70752
45.0000 1 5337.25184
45.1000 1 6616.51456
45.2000 1 4875.8784
45.3000 1 5777.65376
45.4000 1 6259.99872
45.5000 1 4519.36256
45.6000 1 5169.47968
45.7000 1 6385.82784
45.8000 1 4886.36416
45.9000 1 5620.36736
46.0000 1 6186.5984
46.1000 1 4603.24864
46.2000 1 5851.05408
46.3000 1 5735.71072
46.4000 1 5505.024
46.5000 1 5609.8816
46.6000 1 6490.68544
46.7000 1 5620.36736
46.8000 1 5400.1664
46.9000 1 6532.62848
47.0000 1 4320.13312
47.1000 1 5179.96544
47.2000 1 6207.56992
47.3000 1 5819.5968
47.4000 1 5033.1648
47.5000 1 6585.05728
47.6000 1 4886.36416
47.7000 1 4980.736
47.8000 1 6574.57152
47.9000 1 4750.04928
48.0000 1 5872.0256
48.1000 1 6522.14272
48.2000 1 5578.42432
48.3000 1 5305.79456
48.4000 1 6322.91328
48.5000 1 4854.90688
48.6000 1 5190.4512
48.7000 1 6427.77088
48.8000 1 4980.736
48.9000 1 5693.76768
49.0000 1 6941.57312
49.1000 1 5536.48128
49.2000 1 4697.62048
49.3000 1 6742.34368
49.4000 1 5337.25184
49.5000 1 4634.70592
49.6000 1 6343.8848
49.7000 1 5022.67904
49.8000 1 5253.36576
49.9000 1 6742.34368
50.0000 1 5735.71072
50.1000 1 4917.82144
50.2000 1 6406.79936
50.3000 1 5033.1648
50.4000 1 5525.99552
50.5000 1 6186.5984
50.6000 1 4676.64896
50.7000 1 5085.5936
50.8000 1 6501.1712
50.9000 1 4949.27872
51.0000 1 5809.11104
51.1000 1 6606.0288
51.2000 1 4917.82144
51.3000 1 5400.1664
51.4000 1 6448.7424
51.5000 1 6532.62848
51.6000 1 5075.10784
51.7000 1 5106.56512
51.8000 1 6207.56992
51.9000 1 4613.7344
52.0000 1 5913.96864
52.1000 1 5903.48288
52.2000 1 5305.79456
52.3000 1 5588.91008
52.4000 1 6249.51296
52.5000 1 5442.10944
52.6000 1 5242.88
52.7000 1 6490.68544
52.8000 1 5379.19488
52.9000 1 5494.53824
53.0000 1 6585.05728
53.1000 1 4687.13472
53.2000 1 4676.64896
53.3000 1 7035.94496
53.4000 1 5022.67904
53.5000 1 5012.19328
53.6000 1 6731.85792
53.7000 1 5022.67904
53.8000 1 5127.53664
53.9000 1 6836.71552
54.0000 1 5651.82464
54.1000 1 4613.7344
54.2000 1 7077.888
54.3000 1 4970.25024
54.4000 1 4959.76448
54.5000 1 6354.37056
54.6000 1 4299.1616
54.7000 1 5117.05088
54.8000 1 6270.48448
54.9000 1 5641.33888
55.0000 1 4875.8784
55.1000 1 7088.37376
55.2000 1 5819.5968
55.3000 1 4634.70592
55.4000 1 6239.0272
55.5000 1 4771.0208
55.6000 1 5463.08096
55.7000 1 6773.80096
55.8000 1 5725.22496
55.9000 1 5484.05248
56.0000 1 6490.68544
56.1000 1 5232.39424
56.2000 1 5316.28032
56.3000 1 6207.56992
56.4000 1 4508.8768
56.5000 1 4896.84992
56.6000 1 6501.1712
56.7000 1 4771.0208
56.8000 1 5641.33888
56.9000 1 6301.94176
57.0000 1 4739.56352
57.1000 1 4582.27712
57.2000 1 6291.456
57.3000 1 5295.3088
57.4000 1 5861.53984
57.5000 1 6532.62848
57.6000 1 4666.1632
57.7000 1 4875.8784
57.8000 1 6511.65696
57.9000 1 4886.36416
58.0000 1 5316.28032
58.1000 1 6039.79776
58.2000 1 4519.36256
58.3000 1 6249.51296
58.4000 1 4865.39264
58.5000 1 4687.13472
58.6000 1 6354.37056
58.7000 1 5253.36576
58.8000 1 5861.53984
58.9000 1 6480.19968
59.0000 1 4550.81984
59.1000 1 5200.93696
59.2000 1 6983.51616
59.3000 1 4991.22176
59.4000 1 5179.96544
59.5000 1 6543.11424
59.6000 1 5704.25344
59.7000 1 5515.50976
59.8000 1 5798.62528
59.9000 1 6218.05568
60.0000 1 5484.05248
60.1000 1 5536.48128
60.2000 1 6878.65856
60.3000 1 5903.48288
60.4000 1 4980.736
60.5000 1 6679.42912
60.6000 1 5211.42272
60.7000 1 5033.1648
60.8000 1 6501.1712
60.9000 1 5987.36896
61.0000 1 5756.68224
61.1000 1 5463.08096
61.2000 1 6784.28672
61.3000 1 5263.85152
61.4000 1 4362.07616
61.5000 1 6710.8864
61.6000 1 5431.62368
61.7000 1 5777.65376
61.8000 1 7025.4592
61.9000 1 5609.8816
62.0000 1 4424.99072
62.1000 1 6763.3152
62.2000 1 5337.25184
62.3000 1 4498.39104
62.4000 1 6312.42752
62.5000 1 4875.8784
62.6000 1 5536.48128
62.7000 1 6427.77088
62.8000 1 5704.25344
62.9000 1 5777.65376
63.0000 1 5809.11104
63.1000 1 5882.51136
63.2000 1 5851.05408
63.3000 1 5012.19328
63.4000 1 6291.456
63.5000 1 4896.84992
63.6000 1 5578.42432
63.7000 1 5955.91168
63.8000 1 4634.70592
63.9000 1 6155.14112
64.0000 1 5127.53664
64.1000 1 5075.10784
64.2000 1 6574.57152
64.3000 1 5484.05248
64.4000 1 4959.76448
64.5000 1 6333.39904
64.6000 1 5085.5936
64.7000 1 5127.53664
64.8000 1 6511.65696
64.9000 1 5725.22496
65.0000 1 5536.48128
65.1000 1 5546.96704
65.2000 1 5997.85472
65.3000 1 5410.65216
65.4000 1 5567.93856
65.5000 1 6994.00192
65.6000 1 5746.19648
65.7000 1 5295.3088
65.8000 1 6658.4576
65.9000 1 4833.93536
66.0000 1 5525.99552
66.1000 1 6668.94336
66.2000 1 5505.024
66.3000 1 5358.22336
66.4000 1 5924.4544
66.5000 1 5861.53984
66.6000 1 5075.10784
66.7000 1 5788.13952
66.8000 1 6679.42912
66.9000 1 5620.36736
67.0000 1 5337.25184
67.1000 1 6155.14112
67.2000 1 5138.0224
67.3000 1 5421.13792
67.4000 1 6920.6016
67.5000 1 5651.82464
67.6000 1 5431.62368
67.7000 1 6280.97024
67.8000 1 6050.28352
67.9000 1 4760.53504
68.0000 1 5997.85472
68.1000 1 5127.53664
68.2000 1 5546.96704
68.3000 1 6113.19808
68.4000 1 6197.08416
68.5000 1 5117.05088
68.6000 1 5379.19488
68.7000 1 6553.6
68.8000 1 5567.93856
68.9000 1 5410.65216
69.0000 1 6973.0304
69.1000 1 5788.13952
69.2000 1 4886.36416
69.3000 1 6490.68544
69.4000 1 5232.39424
69.5000 1 4750.04928
69.6000 1 6994.00192
69.7000 1 5221.90848
69.8000 1 4970.25024
69.9000 1 6532.62848
70.0000 1 5043.65056
70.1000 1 4404.0192
70.2000 1 6501.1712
70.3000 1 5075.10784
70.4000 1 4372.56192
70.5000 1 7098.85952
70.6000 1 5064.62208
70.7000 1 5368.70912
70.8000 1 6186.5984
70.9000 1 5179.96544
71.0000 1 5704.25344
71.1000 1 6973.0304
71.2000 1 5158.99392
71.3000 1 5599.39584
71.4000 1 6081.7408
71.5000 1 6144.65536
71.6000 1 5725.22496
71.7000 1 4907.33568
71.8000 1 6029.312
71.9000 1 5117.05088
72.0000 1 5609.8816
72.1000 1 6773.80096
72.2000 1 4603.24864
72.3000 1 5358.22336
72.4000 1 5463.08096
72.5000 1 4949.27872
72.6000 1 6280.97024
72.7000 1 5546.96704
72.8000 1 5138.0224
72.9000 1 6155.14112
73.0000 1 5127.53664
73.1000 1 5075.10784
73.2000 1 6564.08576
73.3000 1 5924.4544
73.4000 1 5578.42432
73.5000 1 5232.39424
73.6000 1 6731.85792
73.7000 1 5840.56832
73.8000 1 5263.85152
73.9000 1 6427.77088
74.0000 1 5505.024
74.1000 1 4435.47648
74.2000 1 6301.94176
74.3000 1 5106.56512
74.4000 1 5704.25344
74.5000 1 6920.6016
74.6000 1 5211.42272
74.7000 1 4938.79296
74.8000 1 6983.51616
74.9000 1 5242.88
75.0000 1 4309.64736
75.1000 1 6270.48448
75.2000 1 5075.10784
75.3000 1 5421.13792
75.4000 1 7025.4592
75.5000 1 5368.70912
75.6000 1 5819.5968
75.7000 1 5788.13952
75.8000 1 6385.82784
75.9000 1 5316.28032
76.0000 1 5284.82304
76.1000 1 6165.62688
76.2000 1 4865.39264
76.3000 1 5473.56672
76.4000 1 6186.5984
76.5000 1 5641.33888
76.6000 1 5158.99392
76.7000 1 6595.54304
76.8000 1 5190.4512
76.9000 1 5704.25344
77.0000 1 6249.51296
77.1000 1 5064.62208
77.2000 1 5840.56832
77.3000 1 6301.94176
77.4000 1 5442.10944
77.5000 1 5861.53984
77.6000 1 6186.5984
77.7000 1 6060.76928
77.8000 1 4896.84992
77.9000 1 5725.22496
78.0000 1 6480.19968
78.1000 1 5693.76768
78.2000 1 5211.42272
78.3000 1 7214.20288
78.4000 1 5253.36576
78.5000 1 5672.79616
78.6000 1 6438.25664
78.7000 1 5945.42592
78.8000 1 5746.19648
78.9000 1 5704.25344
79.0000 1 7088.37376
79.1000 1 5274.33728
79.2000 1 5725.22496
79.3000 1 6427.77088
79.4000 1 6144.65536
79.5000 1 5096.07936
79.6000 1 5536.48128
79.7000 1 6878.65856
79.8000 1 5830.08256
79.9000 1 5515.50976
80.0000 1 6836.71552
80.1000 1 5746.19648
80.2000 1 5211.42272
80.3000 1 5924.4544
80.4000 1 6197.08416
80.5000 1 5127.53664
80.6000 1 5400.1664
80.7000 1 6637.48608
80.8000 1 5599.39584
80.9000 1 5389.68064
81.0000 1 7056.91648
81.1000 1 5861.53984
81.2000 1 5421.13792
81.3000 1 5913.96864
81.4000 1 6228.54144
81.5000 1 5851.05408
81.6000 1 5830.08256
81.7000 1 6553.6
81.8000 1 5809.11104
81.9000 1 5851.05408
82.0000 1 5809.11104
82.1000 1 6417.28512
82.2000 1 5043.65056
82.3000 1 5295.3088
82.4000 1 6710.8864
82.5000 1 5746.19648
82.6000 1 5851.05408
82.7000 1 6511.65696
82.8000 1 5337.25184
82.9000 1 5819.5968
83.0000 1 5934.94016
83.1000 1 5672.79616
83.2000 1 5484.05248
83.3000 1 5609.8816
83.4000 1 6039.79776
83.5000 1 5127.53664
83.6000 1 5588.91008
83.7000 1 6826.22976
83.8000 1 5200.93696
83.9000 1 5777.65376
84.0000 1 6606.0288
84.1000 1 5033.1648
84.2000 1 5662.3104
84.3000 1 6239.0272
84.4000 1 5242.88
84.5000 1 5148.50816
84.6000 1 6721.37216
84.7000 1 4729.07776
84.8000 1 5358.22336
84.9000 1 6207.56992
85.0000 1 4152.36096
85.1000 1 5179.96544
85.2000 1 6249.51296
85.3000 1 5641.33888
85.4000 1 5546.96704
85.5000 1 6385.82784
85.6000 1 5578.42432
85.7000 1 5242.88
85.8000 1 7182.7456
85.9000 1 4435.47648
86.0000 1 4687.13472
86.1000 1 6165.62688
86.2000 1 5536.48128
86.3000 1 5872.0256
86.4000 1 6490.68544
86.5000 1 5085.5936
86.6000 1 5033.1648
86.7000 1 7098.85952
86.8000 1 5138.0224
86.9000 1 5452.5952
87.0000 1 6197.08416
87.1000 1 5725.22496
87.2000 1 5158.99392
87.3000 1 5872.0256
87.4000 1 6144.65536
87.5000 1 4466.93376
87.6000 1 6155.14112
87.7000 1 5211.42272
87.8000 1 5012.19328
87.9000 1 6543.11424
88.0000 1 5179.96544
88.1000 1 5179.96544
88.2000 1 6406.79936
88.3000 1 5892.99712
88.4000 1 5945.42592
88.5000 1 4865.39264
88.6000 1 6144.65536
88.7000 1 4047.50336
88.8000 1 6060.76928
88.9000 1 5022.67904
89.0000 1 5442.10944
89.1000 1 6763.3152
89.2000 1 5693.76768
89.3000 1 5714.7392
89.4000 1 5620.36736
89.5000 1 7151.28832
89.6000 1 5400.1664
89.7000 1 5316.28032
89.8000 1 6637.48608
89.9000 1 5588.91008
90.0000 1 5767.168
90.1000 1 5872.0256
90.2000 1 6480.19968
90.3000 1 5809.11104
90.4000 1 5337.25184
90.5000 1 6941.57312
90.6000 1 5096.07936
90.7000 1 5756.68224
90.8000 1 6501.1712
90.9000 1 6312.42752
91.0000 1 5494.53824
91.1000 1 5735.71072
91.2000 1 6920.6016
91.3000 1 5620.36736
91.4000 1 5054.13632
91.5000 1 6616.51456
91.6000 1 5966.39744
91.7000 1 4949.27872
91.8000 1 5976.8832
91.9000 1 6385.82784
92.0000 1 5599.39584
92.1000 1 5358.22336
92.2000 1 6438.25664
92.3000 1 4980.736
92.4000 1 5588.91008
92.5000 1 6794.77248
92.6000 1 5557.4528
92.7000 1 4938.79296
92.8000 1 6574.57152
92.9000 1 4708.10624
93.0000 1 5672.79616
93.1000 1 6647.97184
93.2000 1 5421.13792
93.3000 1 5851.05408
93.4000 1 5505.024
93.5000 1 6931.08736
93.6000 1 5253.36576
93.7000 1 5546.96704
93.8000 1 7130.3168
93.9000 1 4980.736
94.0000 1 5872.0256
94.1000 1 6312.42752
94.2000 1 5976.8832
94.3000 1 5861.53984
94.4000 1 5253.36576
94.5000 1 7161.77408
94.6000 1 5861.53984
94.7000 1 5819.5968
94.8000 1 5966.39744
94.9000 1 5955.91168
95.0000 1 5620.36736
95.1000 1 5473.56672
95.2000 1 6417.28512
95.3000 1 5211.42272
95.4000 1 5400.1664
95.5000 1 7056.91648
95.6000 1 5840.56832
95.7000 1 5693.76768
95.8000 1 5987.36896
95.9000 1 6144.65536
96.0000 1 5851.05408
96.1000 1 5253.36576
96.2000 1 6301.94176
96.3000 1 5274.33728
96.4000 1 4645.19168
96.5000 1 6343.8848
96.6000 1 5221.90848
96.7000 1 5158.99392
96.8000 1 6532.62848
96.9000 1 5200.93696
97.0000 1 5830.08256
97.1000 1 6585.05728
97.2000 1 5117.05088
97.3000 1 4435.47648
97.4000 1 6805.25824
97.5000 1 5452.5952
97.6000 1 5263.85152
97.7000 1 6763.3152
97.8000 1 5861.53984
97.9000 1 5326.76608
98.0000 1 6333.39904
98.1000 1 6406.79936
98.2000 1 4603.24864
98.3000 1 5756.68224
98.4000 1 5892.99712
98.5000 1 5515.50976
98.6000 1 5368.70912
98.7000 1 6637.48608
98.8000 1 5158.99392
98.9000 1 5588.91008
99.0000 1 7004.48768
99.1000 1 5882.51136
99.2000 1 5316.28032
99.3000 1 6123.68384
99.4000 1 6081.7408
99.5000 1 5138.0224
99.6000 1 5735.71072
99.7000 1 6301.94176
99.8000 1 5641.33888
99.9000 1 5515.50976
100.0000 1 6721.37216
100.1000 1 5913.96864
100.2000 1 5442.10944
100.3000 1 6197.08416
100.4000 1 5138.0224
100.5000 1 5358.22336
100.6000 1 6448.7424
100.7000 1 5704.25344
100.8000 1 5609.8816
100.9000 1 5746.19648
101.0000 1 7193.23136
101.1000 1 5337.25184
101.2000 1 5588.91008
101.3000 1 6721.37216
101.4000 1 5840.56832
101.5000 1 5641.33888
101.6000 1 5987.36896
101.7000 1 6553.6
101.8000 1 4970.25024
101.9000 1 5274.33728
102.0000 1 6994.00192
102.1000 1 5442.10944
102.2000 1 5630.85312
102.3000 1 6301.94176
102.4000 1 6039.79776
102.5000 1 5746.19648
102.6000 1 5588.91008
102.7000 1 6878.65856
102.8000 1 5578.42432
102.9000 1 5242.88
103.0000 1 6637.48608
103.1000 1 5295.3088
103.2000 1 5872.0256
103.3000 1 5798.62528
103.4000 1 6375.34208
103.5000 1 5809.11104
103.6000 1 5274.33728
103.7000 1 7014.97344
103.8000 1 5567.93856
103.9000 1 5452.5952
104.0000 1 6207.56992
104.1000 1 6071.25504
104.2000 1 5473.56672
104.3000 1 6018.82624
104.4000 1 6511.65696
104.5000 1 5903.48288
104.6000 1 4823.4496
104.7000 1 6490.68544
104.8000 1 5567.93856
104.9000 1 5892.99712
105.0000 1 6385.82784
105.1000 1 5809.11104
105.2000 1 4970.25024
105.3000 1 5788.13952
105.4000 1 6060.76928
105.5000 1 5274.33728
105.6000 1 5735.71072
105.7000 1 6899.63008
105.8000 1 5515.50976
105.9000 1 5211.42272
106.0000 1 7287.6032
106.1000 1 5190.4512
106.2000 1 5316.28032
106.3000 1 6375.34208
106.4000 1 6228.54144
106.5000 1 5274.33728
106.6000 1 6039.79776
106.7000 1 6899.63008
106.8000 1 5043.65056
106.9000 1 4991.22176
107.0000 1 6731.85792
107.1000 1 5515.50976
107.2000 1 6018.82624
107.3000 1 5630.85312
107.4000 1 6218.05568
107.5000 1 5788.13952
107.6000 1 5054.13632
107.7000 1 7088.37376
107.8000 1 5714.7392
107.9000 1 4645.19168
108.0000 1 6868.1728
108.1000 1 5158.99392
108.2000 1 5588.91008
108.3000 1 6228.54144
108.4000 1 5484.05248
108.5000 1 5389.68064
108.6000 1 6417.28512
108.7000 1 6207.56992
108.8000 1 5725.22496
108.9000 1 5777.65376
109.0000 1 7140.80256
109.1000 1 5274.33728
109.2000 1 6050.28352
109.3000 1 5788.13952
109.4000 1 6469.71392
109.5000 1 5851.05408
109.6000 1 5253.36576
109.7000 1 7004.48768
109.8000 1 5830.08256
109.9000 1 5421.13792
110.0000 1 6050.28352
110.1000 1 6239.0272
110.2000 1 5662.3104
110.3000 1 5672.79616
110.4000 1 6501.1712
110.5000 1 5662.3104
110.6000 1 6039.79776
110.7000 1 6113.19808
110.8000 1 6197.08416
110.9000 1 5326.76608
111.0000 1 6071.25504
111.1000 1 6459.22816
111.2000 1 5976.8832
111.3000 1 5672.79616
111.4000 1 6060.76928
111.5000 1 6186.5984
111.6000 1 5809.11104
111.7000 1 5693.76768
111.8000 1 6637.48608
111.9000 1 5452.5952
112.0000 1 5567.93856
112.1000 1 6668.94336
112.2000 1 5934.94016
112.3000 1 5368.70912
112.4000 1 5473.56672
112.5000 1 6889.14432
112.6000 1 6060.76928
112.7000 1 5169.47968
112.8000 1 7046.43072
112.9000 1 5756.68224
113.0000 1 5945.42592
113.1000 1 5043.65056
113.2000 1 7287.6032
113.3000 1 5484.05248
113.4000 1 5158.99392
113.5000 1 7046.43072
113.6000 1 5809.11104
113.7000 1 5295.3088
113.8000 1 5767.168
113.9000 1 6679.42912
114.0000 1 5337.25184
114.1000 1 5861.53984
114.2000 1 6606.0288
114.3000 1 5788.13952
114.4000 1 5347.7376
114.5000 1 6081.7408
114.6000 1 6417.28512
114.7000 1 5463.08096
114.8000 1 5117.05088
114.9000 1 5368.70912
115.0000 1 3355.4432
115.1000 1 5232.39424
115.2000 1 4383.04768
115.3000 1 6301.94176
115.4000 1 4204.78976
115.5000 1 5337.25184
115.6000 1 5316.28032
115.7000 1 4215.27552
115.8000 1 6385.82784
115.9000 1 5200.93696
116.0000 1 5064.62208
116.1000 1 4854.90688
116.2000 1 5819.5968
116.3000 1 5284.82304
116.4000 1 6490.68544
116.5000 1 5442.10944
116.6000 1 5851.05408
116.7000 1 6375.34208
116.8000 1 5882.51136
116.9000 1 5767.168
117.0000 1 5746.19648
117.1000 1 6794.77248
117.2000 1 5840.56832
117.3000 1 5379.19488
117.4000 1 6564.08576
117.5000 1 5830.08256
117.6000 1 5892.99712
117.7000 1 5127.53664
117.8000 1 7151.28832
117.9000 1 5651.82464
118.0000 1 5934.94016
118.1000 1 6113.19808
118.2000 1 6239.0272
118.3000 1 5138.0224
118.4000 1 5599.39584
118.5000 1 6060.76928
118.6000 1 5798.62528
118.7000 1 5253.36576
118.8000 1 7130.3168
118.9000 1 5431.62368
119.0000 1 5588.91008
119.1000 1 6364.85632
119.2000 1 5567.93856
119.3000 1 5368.70912
119.4000 1 5903.48288
119.5000 1 5641.33888
119.6000 1 5767.168
119.7000 1 5557.4528
119.8000 1 7235.1744
119.9000 1 5515.50976
120.0000 1 5620.36736
120.1000 1 6794.77248
120.2000 1 6039.79776
120.3000 1 5200.93696
120.4000 1 5851.05408
120.5000 1 6668.94336
120.6000 1 5693.76768
120.7000 1 5704.25344
120.8000 1 6553.6
120.9000 1 5284.82304
121.0000 1 5945.42592
121.1000 1 5704.25344
121.2000 1 6532.62848
121.3000 1 6029.312
121.4000 1 5295.3088
121.5000 1 6889.14432
121.6000 1 5798.62528
121.7000 1 5442.10944
121.8000 1 5903.48288
121.9000 1 6679.42912
122.0000 1 5431.62368
122.1000 1 5316.28032
122.2000 1 6983.51616
122.3000 1 5263.85152
122.4000 1 5725.22496
122.5000 1 6522.14272
122.6000 1 5966.39744
122.7000 1 5599.39584
122.8000 1 5525.99552
122.9000 1 7077.888
123.0000 1 5945.42592
123.1000 1 5148.50816
123.2000 1 6637.48608
123.3000 1 6322.91328
123.4000 1 5232.39424
123.5000 1 5536.48128
123.6000 1 6826.22976
123.7000 1 5756.68224
123.8000 1 5505.024
123.9000 1 6668.94336
124.0000 1 5630.85312
124.1000 1 5788.13952
124.2000 1 5358.22336
124.3000 1 6364.85632
124.4000 1 5075.10784
124.5000 1 5316.28032
124.6000 1 7140.80256
124.7000 1 5389.68064
124.8000 1 5442.10944
124.9000 1 6773.80096
125.0000 1 5704.25344
125.1000 1 5169.47968
125.2000 1 6280.97024
125.3000 1 6375.34208
125.4000 1 5096.07936
125.5000 1 5934.94016
125.6000 1 6899.63008
125.7000 1 5588.91008
125.8000 1 5452.5952
125.9000 1 6511.65696
126.0000 1 5756.68224
126.1000 1 5934.94016
126.2000 1 5085.5936
126.3000 1 6983.51616
126.4000 1 5735.71072
126.5000 1 5861.53984
126.6000 1 6270.48448
126.7000 1 5211.42272
126.8000 1 5337.25184
126.9000 1 6490.68544
127.0000 1 5987.36896
127.1000 1 5148.50816
127.2000 1 5546.96704
127.3000 1 6826.22976
127.4000 1 5431.62368
127.5000 1 5588.91008
127.6000 1 6543.11424
127.7000 1 5746.19648
127.8000 1 5620.36736
127.9000 1 6186.5984
128.0000 1 6627.00032
128.1000 1 5452.5952
128.2000 1 5431.62368
128.3000 1 7077.888
128.4000 1 5473.56672
128.5000 1 5746.19648
128.6000 1 6060.76928
128.7000 1 6721.37216
128.8000 1 5295.3088
128.9000 1 5777.65376
129.0000 1 6952.05888
129.1000 1 5536.48128
129.2000 1 5169.47968
129.3000 1 6406.79936
129.4000 1 5662.3104
129.5000 1 5735.71072
129.6000 1 5798.62528
129.7000 1 6553.6
129.8000 1 5851.05408
129.9000 1 5588.91008
130.0000 1 6679.42912
130.1000 1 5494.53824
130.2000 1 5830.08256
130.3000 1 5756.68224
130.4000 1 6417.28512
130.5000 1 5882.51136
130.6000 1 5484.05248
130.7000 1 6543.11424
130.8000 1 5746.19648
130.9000 1 5819.5968
131.0000 1 5599.39584
131.1000 1 6836.71552
131.2000 1 5620.36736
131.3000 1 5305.79456
131.4000 1 6668.94336
131.5000 1 5892.99712
131.6000 1 5253.36576
131.7000 1 6228.54144
131.8000 1 6081.7408
131.9000 1 5672.79616
132.0000 1 5809.11104
132.1000 1 6585.05728
132.2000 1 5505.024
132.3000 1 5127.53664
132.4000 1 6805.25824
132.5000 1 5662.3104
132.6000 1 5463.08096
132.7000 1 6113.19808
132.8000 1 5337.25184
132.9000 1 5798.62528
133.0000 1 5620.36736
133.1000 1 6113.19808
133.2000 1 5054.13632
133.3000 1 5599.39584
133.4000 1 6710.8864
133.5000 1 5473.56672
133.6000 1 5557.4528
133.7000 1 6396.3136
133.8000 1 5557.4528
133.9000 1 5777.65376
134.0000 1 6322.91328
134.1000 1 6081.7408
134.2000 1 5756.68224
134.3000 1 5200.93696
134.4000 1 6710.8864
134.5000 1 5924.4544
134.6000 1 5410.65216
134.7000 1 6857.68704
134.8000 1 5777.65376
134.9000 1 5987.36896
135.0000 1 5054.13632
135.1000 1 7035.94496
135.2000 1 5997.85472
135.3000 1 5158.99392
135.4000 1 6574.57152
135.5000 1 5505.024
135.6000 1 5714.7392
135.7000 1 5861.53984
135.8000 1 6511.65696
135.9000 1 5809.11104
136.0000 1 5630.85312
136.1000 1 6836.71552
136.2000 1 5274.33728
136.3000 1 5872.0256
136.4000 1 6039.79776
136.5000 1 6039.79776
136.6000 1 5987.36896
136.7000 1 5232.39424
136.8000 1 6847.20128
136.9000 1 5945.42592
137.0000 1 5756.68224
137.1000 1 6113.19808
137.2000 1 6123.68384
137.3000 1 5903.48288
137.4000 1 5484.05248
137.5000 1 6784.28672
137.6000 1 5714.7392
137.7000 1 5158.99392
137.8000 1 6731.85792
137.9000 1 5872.0256
138.0000 1 5505.024
138.1000 1 5567.93856
138.2000 1 6910.11584
138.3000 1 5620.36736
138.4000 1 5200.93696
138.5000 1 7172.25984
138.6000 1 5054.13632
138.7000 1 5861.53984
138.8000 1 5913.96864
138.9000 1 6815.744
139.0000 1 5169.47968
139.1000 1 5861.53984
139.2000 1 6574.57152
139.3000 1 5295.3088
139.4000 1 5872.0256
139.5000 1 6343.8848
139.6000 1 5274.33728
139.7000 1 5934.94016
139.8000 1 5557.4528
139.9000 1 6543.11424
140.0000 1 5651.82464
140.1000 1 6018.82624
140.2000 1 6438.25664
140.3000 1 5872.0256
140.4000 1 5819.5968
140.5000 1 5578.42432
140.6000 1 6280.97024
140.7000 1 5442.10944
140.8000 1 5033.1648
140.9000 1 7287.6032
141.0000 1 5505.024
141.1000 1 5358.22336
141.2000 1 6983.51616
141.3000 1 5997.85472
141.4000 1 5043.65056
141.5000 1 5725.22496
141.6000 1 6301.94176
141.7000 1 5672.79616
141.8000 1 5861.53984
141.9000 1 6627.00032
142.0000 1 5442.10944
142.1000 1 5798.62528
142.2000 1 6092.22656
142.3000 1 6092.22656
142.4000 1 5861.53984
142.5000 1 5274.33728
142.6000 1 6920.6016
142.7000 1 5830.08256
142.8000 1 5200.93696
142.9000 1 6857.68704
143.0000 1 5704.25344
143.1000 1 5515.50976
143.2000 1 5725.22496
143.3000 1 6742.34368
143.4000 1 5872.0256
143.5000 1 5085.5936
143.6000 1 6773.80096
143.7000 1 5777.65376
143.8000 1 5872.0256
143.9000 1 5463.08096
144.0000 1 6480.19968
144.1000 1 5872.0256
144.2000 1 5200.93696
144.3000 1 7046.43072
144.4000 1 5662.3104
144.5000 1 5798.62528
144.6000 1 5955.91168
144.7000 1 6280.97024
144.8000 1 5777.65376
144.9000 1 5903.48288
145.0000 1 6543.11424
145.1000 1 5620.36736
145.2000 1 5966.39744
145.3000 1 5840.56832
145.4000 1 6322.91328
145.5000 1 5809.11104
145.6000 1 5704.25344
145.7000 1 6155.14112
