0.1000 1 0.0
0.2000 1 5903.48288
0.3000 1 4592.76288
0.4000 1 6637.48608
0.5000 1 4592.76288
0.6000 1 3942.64576
0.7000 1 6763.3152
0.8000 1 4729.07776
0.9000 1 5075.10784
1.0000 1 6815.744
1.1000 1 5127.53664
1.2000 1 5463.08096
1.3000 1 7686.06208
1.4000 1 4655.67744
1.5000 1 4687.13472
1.6000 1 6029.312
1.7000 1 5232.39424
1.8000 1 5767.168
1.9000 1 6627.00032
2.0000 1 3890.21696
2.1000 1 4854.90688
2.2000 1 5955.91168
2.3000 1 4456.448
2.4000 1 6469.71392
2.5000 1 6228.54144
2.6000 1 4445.96224
2.7000 1 5819.5968
2.8000 1 4708.10624
2.9000 1 5463.08096
3.0000 1 6176.11264
3.1000 1 6155.14112
3.2000 1 5389.68064
3.3000 1 5651.82464
3.4000 1 6490.68544
3.5000 1 4771.0208
3.6000 1 5473.56672
3.7000 1 5651.82464
3.8000 1 4362.07616
3.9000 1 6008.34048
4.0000 1 5169.47968
4.1000 1 4351.5904
4.2000 1 5987.36896
4.3000 1 4383.04768
4.4000 1 5756.68224
4.5000 1 4970.25024
4.6000 1 5358.22336
4.7000 1 6364.85632
4.8000 1 4508.8768
4.9000 1 5588.91008
5.0000 1 6689.91488
5.1000 1 4529.84832
5.2000 1 4865.39264
5.3000 1 6952.05888
5.4000 1 6123.68384
5.5000 1 5117.05088
5.6000 1 6092.22656
5.7000 1 6039.79776
5.8000 1 5117.05088
5.9000 1 5400.1664
6.0000 1 7633.63328
6.1000 1 5630.85312
6.2000 1 5546.96704
6.3000 1 6270.48448
6.4000 1 6910.11584
6.5000 1 5578.42432
6.6000 1 6029.312
6.7000 1 6134.1696
6.8000 1 5075.10784
6.9000 1 4949.27872
7.0000 1 6847.20128
7.1000 1 4865.39264
7.2000 1 4865.39264
7.3000 1 6039.79776
7.4000 1 5190.4512
7.5000 1 5630.85312
7.6000 1 7088.37376
7.7000 1 5075.10784
7.8000 1 4697.62048
7.9000 1 6731.85792
8.0000 1 5033.1648
8.1000 1 5997.85472
8.2000 1 5819.5968
8.3000 1 5746.19648
8.4000 1 5452.5952
8.5000 1 5567.93856
8.6000 1 6931.08736
8.7000 1 5263.85152
8.8000 1 5127.53664
8.9000 1 7287.6032
9.0000 1 5117.05088
9.1000 1 5106.56512
9.2000 1 6973.0304
9.3000 1 5400.1664
9.4000 1 5997.85472
9.5000 1 5253.36576
9.6000 1 7235.1744
9.7000 1 6071.25504
9.8000 1 5851.05408
9.9000 1 5913.96864
10.0000 1 6501.1712
10.1000 1 4508.8768
10.2000 1 5714.7392
10.3000 1 5609.8816
10.4000 1 5536.48128
10.5000 1 5609.8816
10.6000 1 5913.96864
10.7000 1 4278.19008
10.8000 1 6406.79936
10.9000 1 3659.53024
11.0000 1 4865.39264
11.1000 1 4445.96224
11.2000 1 4278.19008
11.3000 1 5746.19648
11.4000 1 4089.4464
11.5000 1 5987.36896
11.6000 1 4341.10464
11.7000 1 4519.36256
11.8000 1 4938.79296
11.9000 1 4320.13312
12.0000 1 5861.53984
12.1000 1 3900.70272
12.2000 1 5389.68064
12.3000 1 4162.84672
12.4000 1 4886.36416
12.5000 1 4372.56192
12.6000 1 4445.96224
12.7000 1 5641.33888
12.8000 1 3649.04448
12.9000 1 4991.22176
13.0000 1 3575.64416
13.1000 1 5179.96544
13.2000 1 3638.55872
13.3000 1 5253.36576
13.4000 1 3711.95904
13.5000 1 4886.36416
13.6000 1 4057.98912
13.7000 1 4938.79296
13.8000 1 4341.10464
13.9000 1 4005.56032
14.0000 1 5190.4512
14.1000 1 3376.41472
14.2000 1 5567.93856
14.3000 1 3449.81504
14.4000 1 5190.4512
14.5000 1 3523.21536
14.6000 1 5410.65216
14.7000 1 3659.53024
14.8000 1 5075.10784
14.9000 1 3638.55872
15.0000 1 5358.22336
15.1000 1 3984.5888
15.2000 1 4907.33568
15.3000 1 4592.76288
15.4000 1 4791.99232
15.5000 1 5798.62528
15.6000 1 3795.84512
15.7000 1 5903.48288
15.8000 1 4404.0192
15.9000 1 4320.13312
16.0000 1 4393.53344
16.1000 1 4078.96064
16.2000 1 4886.36416
16.3000 1 4057.98912
16.4000 1 5892.99712
16.5000 1 4131.38944
16.6000 1 5599.39584
16.7000 1 3355.4432
16.8000 1 4949.27872
16.9000 1 3890.21696
17.0000 1 4844.42112
17.1000 1 3806.33088
17.2000 1 4645.19168
17.3000 1 4477.41952
17.4000 1 4330.61888
17.5000 1 5872.0256
17.6000 1 4624.22016
17.7000 1 5756.68224
17.8000 1 4865.39264
17.9000 1 3753.90208
18.0000 1 5913.96864
18.1000 1 4812.96384
18.2000 1 5190.4512
18.3000 1 4445.96224
18.4000 1 4456.448
18.5000 1 5484.05248
18.6000 1 4865.39264
18.7000 1 5012.19328
18.8000 1 3890.21696
18.9000 1 5830.08256
19.0000 1 3974.10304
19.1000 1 4341.10464
19.2000 1 4718.592
19.3000 1 3701.47328
19.4000 1 5484.05248
19.5000 1 4687.13472
19.6000 1 5054.13632
19.7000 1 4624.22016
19.8000 1 5242.88
19.9000 1 5379.19488
20.0000 1 4288.67584
20.1000 1 5872.0256
20.2000 1 4634.70592
20.3000 1 4970.25024
20.4000 1 5033.1648
20.5000 1 4624.22016
20.6000 1 5054.13632
20.7000 1 4582.27712
20.8000 1 5693.76768
20.9000 1 4424.99072
21.0000 1 4005.56032
21.1000 1 5861.53984
21.2000 1 3900.70272
21.3000 1 5599.39584
21.4000 1 4131.38944
21.5000 1 5588.91008
21.6000 1 4991.22176
21.7000 1 3628.07296
21.8000 1 5913.96864
21.9000 1 4655.67744
22.0000 1 5096.07936
22.1000 1 4026.53184
22.2000 1 5148.50816
22.3000 1 5158.99392
22.4000 1 4057.98912
22.5000 1 5557.4528
22.6000 1 3334.47168
22.7000 1 4896.84992
22.8000 1 3659.53024
22.9000 1 5934.94016
23.0000 1 3911.18848
23.1000 1 5179.96544
23.2000 1 4078.96064
23.3000 1 4341.10464
23.4000 1 5599.39584
23.5000 1 4162.84672
23.6000 1 5830.08256
23.7000 1 3963.61728
23.8000 1 5473.56672
23.9000 1 4267.70432
24.0000 1 4110.41792
24.1000 1 5693.76768
24.2000 1 3953.13152
24.3000 1 5536.48128
24.4000 1 3816.81664
24.5000 1 5484.05248
24.6000 1 3418.35776
24.7000 1 4907.33568
24.8000 1 3334.47168
24.9000 1 4970.25024
25.0000 1 4299.1616
25.1000 1 4833.93536
25.2000 1 5861.53984
25.3000 1 4676.64896
25.4000 1 5872.0256
25.5000 1 3743.41632
25.6000 1 4854.90688
25.7000 1 4099.93216
25.8000 1 4183.81824
25.9000 1 4708.10624
26.0000 1 3858.75968
26.1000 1 5473.56672
26.2000 1 4204.78976
26.3000 1 5892.99712
26.4000 1 4529.84832
26.5000 1 4886.36416
26.6000 1 4907.33568
26.7000 1 4424.99072
26.8000 1 4917.82144
26.9000 1 4225.76128
27.0000 1 5819.5968
27.1000 1 4708.10624
27.2000 1 4540.33408
27.3000 1 5861.53984
27.4000 1 4362.07616
27.5000 1 5872.0256
27.6000 1 4771.0208
27.7000 1 4571.79136
27.8000 1 5892.99712
27.9000 1 4414.50496
28.0000 1 5463.08096
28.1000 1 4771.0208
28.2000 1 4645.19168
28.3000 1 5892.99712
28.4000 1 4676.64896
28.5000 1 5641.33888
28.6000 1 4980.736
28.7000 1 3900.70272
28.8000 1 5798.62528
28.9000 1 4823.4496
29.0000 1 5505.024
29.1000 1 3837.78816
29.2000 1 4592.76288
29.3000 1 5305.79456
29.4000 1 4299.1616
29.5000 1 5840.56832
29.6000 1 3649.04448
29.7000 1 4854.90688
29.8000 1 3722.4448
29.9000 1 5138.0224
30.0000 1 4110.41792
30.1000 1 4865.39264
30.2000 1 4183.81824
30.3000 1 4204.78976
30.4000 1 5473.56672
30.5000 1 3995.07456
30.6000 1 5368.70912
30.7000 1 3995.07456
30.8000 1 5379.19488
30.9000 1 3995.07456
31.0000 1 5274.33728
31.1000 1 4152.36096
31.2000 1 4215.27552
31.3000 1 5253.36576
31.4000 1 3397.38624
31.5000 1 4844.42112
31.6000 1 3827.3024
31.7000 1 5463.08096
31.8000 1 4477.41952
31.9000 1 5830.08256
32.0000 1 4078.96064
32.1000 1 4666.1632
32.2000 1 4875.8784
32.3000 1 4833.93536
32.4000 1 5599.39584
32.5000 1 4802.47808
32.6000 1 4928.3072
32.7000 1 5284.82304
32.8000 1 4854.90688
32.9000 1 5662.3104
33.0000 1 3753.90208
33.1000 1 5473.56672
33.2000 1 4498.39104
33.3000 1 4582.27712
33.4000 1 4949.27872
33.5000 1 3984.5888
33.6000 1 4949.27872
33.7000 1 4016.04608
33.8000 1 5819.5968
33.9000 1 3974.10304
34.0000 1 5169.47968
34.1000 1 4624.22016
34.2000 1 3722.4448
34.3000 1 5599.39584
34.4000 1 3439.32928
34.5000 1 4886.36416
34.6000 1 3942.64576
34.7000 1 5588.91008
34.8000 1 4781.50656
34.9000 1 5274.33728
35.0000 1 5117.05088
35.1000 1 4099.93216
35.2000 1 5588.91008
35.3000 1 3617.5872
35.4000 1 5389.68064
35.5000 1 3418.35776
35.6000 1 5022.67904
35.7000 1 4047.50336
35.8000 1 5505.024
35.9000 1 5075.10784
36.0000 1 3806.33088
36.1000 1 5966.39744
36.2000 1 4309.64736
36.3000 1 4928.3072
36.4000 1 3764.38784
36.5000 1 5588.91008
36.6000 1 4026.53184
36.7000 1 4414.50496
36.8000 1 4330.61888
36.9000 1 3953.13152
37.0000 1 4215.27552
37.1000 1 4236.24704
37.2000 1 4666.1632
37.3000 1 4445.96224
37.4000 1 5809.11104
37.5000 1 4005.56032
37.6000 1 5924.4544
37.7000 1 4037.0176
37.8000 1 4529.84832
37.9000 1 4508.8768
38.0000 1 4057.98912
38.1000 1 5861.53984
38.2000 1 4666.1632
38.3000 1 5767.168
38.4000 1 4812.96384
38.5000 1 3848.27392
38.6000 1 5567.93856
38.7000 1 4068.47488
38.8000 1 5536.48128
38.9000 1 3974.10304
39.0000 1 4949.27872
39.1000 1 3722.4448
39.2000 1 5494.53824
39.3000 1 4288.67584
39.4000 1 4309.64736
39.5000 1 5872.0256
39.6000 1 4026.53184
39.7000 1 5452.5952
39.8000 1 4823.4496
39.9000 1 5054.13632
40.0000 1 7486.83264
40.1000 1 5567.93856
40.2000 1 4823.4496
40.3000 1 6983.51616
40.4000 1 6333.39904
40.5000 1 5368.70912
40.6000 1 6134.1696
40.7000 1 7119.83104
40.8000 1 5295.3088
40.9000 1 6081.7408
41.0000 1 5599.39584
41.1000 1 6647.97184
41.2000 1 5022.67904
41.3000 1 6029.312
41.4000 1 6050.28352
41.5000 1 4267.70432
41.6000 1 5473.56672
41.7000 1 5966.39744
41.8000 1 5106.56512
41.9000 1 5662.3104
42.0000 1 6532.62848
42.1000 1 4970.25024
42.2000 1 5253.36576
42.3000 1 6952.05888
42.4000 1 4959.76448
42.5000 1 4896.84992
42.6000 1 6050.28352
42.7000 1 4498.39104
42.8000 1 6060.76928
42.9000 1 5305.79456
43.0000 1 5075.10784
43.1000 1 6448.7424
43.2000 1 5976.8832
43.3000 1 5158.99392
43.4000 1 5620.36736
43.5000 1 7277.11744
43.6000 1 5043.65056
43.7000 1 4991.22176
43.8000 1 6280.97024
43.9000 1 4970.25024
44.0000 1 4907.33568
44.1000 1 6427.77088
44.2000 1 5400.1664
44.3000 1 5725.22496
44.4000 1 6773.80096
44.5000 1 5358.22336
44.6000 1 4676.64896
44.7000 1 6658.4576
44.8000 1 3995.07456
44.9000 1 5242.88
45.0000 1 7004.48768
45.1000 1 5368.70912
45.2000 1 5494.53824
45.3000 1 6448.7424
45.4000 1 4508.8768
45.5000 1 4875.8784
45.6000 1 7224.68864
45.7000 1 5609.8816
45.8000 1 4645.19168
45.9000 1 7423.91808
46.0000 1 6039.79776
46.1000 1 4498.39104
46.2000 1 6207.56992
46.3000 1 5830.08256
46.4000 1 6354.37056
46.5000 1 5284.82304
46.6000 1 6448.7424
46.7000 1 5903.48288
46.8000 1 4739.56352
46.9000 1 6574.57152
47.0000 1 5179.96544
47.1000 1 4173.33248
47.2000 1 6501.1712
47.3000 1 5106.56512
47.4000 1 5001.70752
47.5000 1 7434.40384
47.6000 1 4603.24864
47.7000 1 4550.81984
47.8000 1 5913.96864
47.9000 1 6448.7424
48.0000 1 4833.93536
48.1000 1 7623.14752
48.2000 1 4236.24704
48.3000 1 4424.99072
48.4000 1 6920.6016
48.5000 1 4215.27552
48.6000 1 5630.85312
48.7000 1 6994.00192
48.8000 1 4907.33568
48.9000 1 6008.34048
49.0000 1 6060.76928
49.1000 1 4750.04928
49.2000 1 4823.4496
49.3000 1 6983.51616
49.4000 1 5515.50976
49.5000 1 4739.56352
49.6000 1 6689.91488
49.7000 1 5033.1648
49.8000 1 4519.36256
49.9000 1 6029.312
50.0000 1 4854.90688
50.1000 1 5861.53984
50.2000 1 6511.65696
50.3000 1 6092.22656
50.4000 1 4949.27872
50.5000 1 7507.80416
50.6000 1 4519.36256
50.7000 1 4037.0176
50.8000 1 6480.19968
50.9000 1 4037.0176
51.0000 1 5976.8832
51.1000 1 4896.84992
51.2000 1 4571.79136
51.3000 1 7381.97504
51.4000 1 5033.1648
51.5000 1 5263.85152
51.6000 1 5976.8832
51.7000 1 5746.19648
51.8000 1 5851.05408
51.9000 1 6113.19808
52.0000 1 7287.6032
52.1000 1 5127.53664
52.2000 1 5284.82304
52.3000 1 6301.94176
52.4000 1 4980.736
52.5000 1 6039.79776
52.6000 1 6197.08416
52.7000 1 4938.79296
52.8000 1 5158.99392
52.9000 1 6186.5984
53.0000 1 3900.70272
53.1000 1 5064.62208
53.2000 1 4194.304
53.3000 1 4246.7328
53.4000 1 4917.82144
53.5000 1 3470.78656
53.6000 1 4676.64896
53.7000 1 3774.8736
53.8000 1 5431.62368
53.9000 1 4739.56352
54.0000 1 6459.22816
54.1000 1 4812.96384
54.2000 1 4812.96384
54.3000 1 7151.28832
54.4000 1 5022.67904
54.5000 1 4131.38944
54.6000 1 6658.4576
54.7000 1 4781.50656
54.8000 1 4896.84992
54.9000 1 7287.6032
55.0000 1 5033.1648
55.1000 1 4791.99232
55.2000 1 7077.888
55.3000 1 5672.79616
55.4000 1 5955.91168
55.5000 1 5924.4544
55.6000 1 7298.08896
55.7000 1 4991.22176
55.8000 1 5976.8832
55.9000 1 6396.3136
56.0000 1 4907.33568
56.1000 1 6060.76928
56.2000 1 5924.4544
56.3000 1 5337.25184
56.4000 1 6060.76928
56.5000 1 5379.19488
56.6000 1 5096.07936
56.7000 1 4949.27872
56.8000 1 6616.51456
56.9000 1 5872.0256
57.0000 1 4917.82144
57.1000 1 6071.25504
57.2000 1 6805.25824
57.3000 1 5557.4528
57.4000 1 5043.65056
57.5000 1 7434.40384
57.6000 1 4141.8752
57.7000 1 4928.3072
57.8000 1 6165.62688
57.9000 1 6008.34048
58.0000 1 6144.65536
58.1000 1 6364.85632
58.2000 1 5022.67904
58.3000 1 5232.39424
58.4000 1 6417.28512
58.5000 1 5075.10784
58.6000 1 5966.39744
58.7000 1 6060.76928
58.8000 1 7381.97504
58.9000 1 4875.8784
59.0000 1 4980.736
59.1000 1 7444.8896
59.2000 1 5326.76608
59.3000 1 4194.304
59.4000 1 6585.05728
59.5000 1 4823.4496
59.6000 1 5630.85312
59.7000 1 7067.40224
59.8000 1 6197.08416
59.9000 1 6176.11264
60.0000 1 5620.36736
60.1000 1 7182.7456
60.2000 1 5190.4512
60.3000 1 5138.0224
60.4000 1 6417.28512
60.5000 1 5442.10944
60.6000 1 4781.50656
60.7000 1 6029.312
60.8000 1 5662.3104
60.9000 1 6039.79776
61.0000 1 5557.4528
61.1000 1 6742.34368
61.2000 1 4928.3072
61.3000 1 5997.85472
61.4000 1 7319.06048
61.5000 1 5997.85472
61.6000 1 5945.42592
61.7000 1 5484.05248
61.8000 1 7235.1744
61.9000 1 5987.36896
62.0000 1 4561.3056
62.1000 1 5704.25344
62.2000 1 5138.0224
62.3000 1 5630.85312
62.4000 1 6983.51616
62.5000 1 6165.62688
62.6000 1 6186.5984
62.7000 1 4424.99072
62.8000 1 6574.57152
62.9000 1 4980.736
63.0000 1 5326.76608
63.1000 1 7759.4624
63.2000 1 5756.68224
63.3000 1 4571.79136
63.4000 1 6920.6016
63.5000 1 6983.51616
63.6000 1 4844.42112
63.7000 1 4928.3072
63.8000 1 7822.37696
63.9000 1 5410.65216
64.0000 1 4791.99232
64.1000 1 6983.51616
64.2000 1 6962.54464
64.3000 1 6039.79776
64.4000 1 5326.76608
64.5000 1 6794.77248
64.6000 1 5253.36576
64.7000 1 5641.33888
64.8000 1 5913.96864
64.9000 1 5588.91008
65.0000 1 4404.0192
65.1000 1 6501.1712
65.2000 1 5221.90848
65.3000 1 5410.65216
65.4000 1 6417.28512
65.5000 1 7707.0336
65.6000 1 5421.13792
65.7000 1 5463.08096
65.8000 1 6270.48448
65.9000 1 5085.5936
66.0000 1 6312.42752
66.1000 1 5578.42432
66.2000 1 6301.94176
66.3000 1 4687.13472
66.4000 1 5767.168
66.5000 1 5955.91168
66.6000 1 5966.39744
66.7000 1 5798.62528
66.8000 1 6826.22976
66.9000 1 6165.62688
67.0000 1 6322.91328
67.1000 1 4812.96384
67.2000 1 7067.40224
67.3000 1 4634.70592
67.4000 1 5043.65056
67.5000 1 5337.25184
67.6000 1 6029.312
67.7000 1 6385.82784
67.8000 1 7392.4608
67.9000 1 6941.57312
68.0000 1 5557.4528
68.1000 1 4875.8784
68.2000 1 7748.97664
68.3000 1 6197.08416
68.4000 1 4666.1632
68.5000 1 5892.99712
68.6000 1 6218.05568
68.7000 1 5295.3088
68.8000 1 6343.8848
68.9000 1 6071.25504
69.0000 1 6113.19808
69.1000 1 6270.48448
69.2000 1 6301.94176
69.3000 1 6417.28512
69.4000 1 5525.99552
69.5000 1 6249.51296
69.6000 1 6249.51296
69.7000 1 5662.3104
69.8000 1 6039.79776
69.9000 1 5714.7392
70.0000 1 7035.94496
70.1000 1 5955.91168
70.2000 1 5379.19488
70.3000 1 6081.7408
70.4000 1 7151.28832
70.5000 1 5379.19488
70.6000 1 4875.8784
70.7000 1 7759.4624
70.8000 1 6322.91328
70.9000 1 5200.93696
71.0000 1 5232.39424
71.1000 1 6312.42752
71.2000 1 5158.99392
71.3000 1 5263.85152
71.4000 1 5872.0256
71.5000 1 6155.14112
71.6000 1 6291.456
71.7000 1 6815.744
71.8000 1 5997.85472
71.9000 1 5641.33888
72.0000 1 6417.28512
72.1000 1 6522.14272
72.2000 1 6312.42752
72.3000 1 5431.62368
72.4000 1 5546.96704
72.5000 1 6616.51456
72.6000 1 5997.85472
72.7000 1 4529.84832
72.8000 1 7623.14752
72.9000 1 6490.68544
73.0000 1 5337.25184
73.1000 1 5777.65376
73.2000 1 7780.43392
73.3000 1 5515.50976
73.4000 1 5421.13792
73.5000 1 5861.53984
73.6000 1 5148.50816
73.7000 1 5997.85472
73.8000 1 5903.48288
73.9000 1 6983.51616
74.0000 1 5987.36896
74.1000 1 4655.67744
74.2000 1 7140.80256
74.3000 1 6994.00192
74.4000 1 5305.79456
74.5000 1 6155.14112
74.6000 1 6752.82944
74.7000 1 6375.34208
74.8000 1 5725.22496
74.9000 1 5609.8816
75.0000 1 7224.68864
75.1000 1 5641.33888
75.2000 1 6322.91328
75.3000 1 6249.51296
75.4000 1 6731.85792
75.5000 1 5232.39424
75.6000 1 5578.42432
75.7000 1 6291.456
75.8000 1 6564.08576
75.9000 1 5148.50816
76.0000 1 5809.11104
76.1000 1 7245.66016
76.2000 1 5735.71072
76.3000 1 5284.82304
76.4000 1 6039.79776
76.5000 1 6343.8848
76.6000 1 4823.4496
76.7000 1 5567.93856
76.8000 1 7476.34688
76.9000 1 6448.7424
77.0000 1 5305.79456
77.1000 1 6008.34048
77.2000 1 7738.49088
77.3000 1 6280.97024
77.4000 1 5127.53664
77.5000 1 6301.94176
77.6000 1 6763.3152
77.7000 1 5693.76768
77.8000 1 6543.11424
77.9000 1 5672.79616
78.0000 1 6280.97024
78.1000 1 4991.22176
78.2000 1 5798.62528
78.3000 1 6889.14432
78.4000 1 5913.96864
78.5000 1 5934.94016
78.6000 1 6039.79776
78.7000 1 6668.94336
78.8000 1 6375.34208
78.9000 1 5085.5936
79.0000 1 7014.97344
79.1000 1 6333.39904
79.2000 1 5851.05408
79.3000 1 6071.25504
79.4000 1 6343.8848
79.5000 1 5515.50976
79.6000 1 6375.34208
79.7000 1 5410.65216
79.8000 1 6018.82624
79.9000 1 5211.42272
80.0000 1 5525.99552
80.1000 1 6973.0304
80.2000 1 5588.91008
80.3000 1 5400.1664
80.4000 1 7151.28832
80.5000 1 5819.5968
80.6000 1 5735.71072
80.7000 1 6270.48448
80.8000 1 6627.00032
80.9000 1 6176.11264
81.0000 1 4655.67744
81.1000 1 6511.65696
81.2000 1 5861.53984
81.3000 1 4456.448
81.4000 1 6438.25664
81.5000 1 5221.90848
81.6000 1 6270.48448
81.7000 1 5578.42432
81.8000 1 6889.14432
81.9000 1 5368.70912
82.0000 1 5641.33888
82.1000 1 6952.05888
82.2000 1 6239.0272
82.3000 1 6322.91328
82.4000 1 4823.4496
82.5000 1 6627.00032
82.6000 1 6301.94176
82.7000 1 5379.19488
82.8000 1 6144.65536
82.9000 1 6784.28672
83.0000 1 5064.62208
83.1000 1 4907.33568
83.2000 1 7728.00512
83.3000 1 6417.28512
83.4000 1 6018.82624
83.5000 1 5452.5952
83.6000 1 7476.34688
83.7000 1 5358.22336
83.8000 1 4886.36416
83.9000 1 6689.91488
84.0000 1 5190.4512
84.1000 1 6343.8848
84.2000 1 5410.65216
84.3000 1 6155.14112
84.4000 1 5379.19488
84.5000 1 6312.42752
84.6000 1 7109.34528
84.7000 1 5620.36736
84.8000 1 6249.51296
84.9000 1 5934.94016
85.0000 1 6752.82944
85.1000 1 6102.71232
85.2000 1 5274.33728
85.3000 1 6375.34208
85.4000 1 6448.7424
85.5000 1 6280.97024
85.6000 1 6364.85632
85.7000 1 5767.168
85.8000 1 6354.37056
85.9000 1 4959.76448
86.0000 1 6081.7408
86.1000 1 6920.6016
86.2000 1 5987.36896
86.3000 1 6280.97024
86.4000 1 6364.85632
86.5000 1 6574.57152
86.6000 1 6280.97024
86.7000 1 6291.456
86.8000 1 4991.22176
86.9000 1 7014.97344
87.0000 1 6364.85632
87.1000 1 5746.19648
87.2000 1 5987.36896
87.3000 1 7329.54624
87.4000 1 5567.93856
87.5000 1 4959.76448
87.6000 1 7214.20288
87.7000 1 5693.76768
87.8000 1 4697.62048
87.9000 1 6448.7424
88.0000 1 6155.14112
88.1000 1 5054.13632
88.2000 1 6218.05568
88.3000 1 7696.54784
88.4000 1 6228.54144
88.5000 1 6134.1696
88.6000 1 5578.42432
88.7000 1 6773.80096
88.8000 1 5809.11104
88.9000 1 6427.77088
89.0000 1 5096.07936
89.1000 1 6952.05888
89.2000 1 5913.96864
89.3000 1 6543.11424
89.4000 1 6417.28512
89.5000 1 6459.22816
89.6000 1 4980.736
89.7000 1 6270.48448
89.8000 1 6501.1712
89.9000 1 6280.97024
90.0000 1 6123.68384
90.1000 1 6469.71392
90.2000 1 6301.94176
90.3000 1 6616.51456
90.4000 1 5211.42272
90.5000 1 5830.08256
90.6000 1 6931.08736
90.7000 1 6029.312
90.8000 1 5127.53664
90.9000 1 6102.71232
91.0000 1 6501.1712
91.1000 1 5190.4512
91.2000 1 6322.91328
91.3000 1 6553.6
91.4000 1 5557.4528
91.5000 1 5588.91008
91.6000 1 6301.94176
91.7000 1 6543.11424
91.8000 1 6364.85632
91.9000 1 6322.91328
92.0000 1 5861.53984
92.1000 1 7140.80256
92.2000 1 5924.4544
92.3000 1 5253.36576
92.4000 1 6668.94336
92.5000 1 6364.85632
92.6000 1 6354.37056
92.7000 1 5085.5936
92.8000 1 7329.54624
92.9000 1 6480.19968
93.0000 1 6291.456
93.1000 1 5284.82304
93.2000 1 7088.37376
93.3000 1 5913.96864
93.4000 1 5253.36576
93.5000 1 5599.39584
93.6000 1 6973.0304
93.7000 1 5515.50976
93.8000 1 5788.13952
93.9000 1 6406.79936
94.0000 1 6459.22816
94.1000 1 5525.99552
94.2000 1 5819.5968
94.3000 1 7182.7456
94.4000 1 5735.71072
94.5000 1 6155.14112
94.6000 1 5400.1664
94.7000 1 6364.85632
94.8000 1 6406.79936
94.9000 1 5085.5936
95.0000 1 7277.11744
95.1000 1 5662.3104
95.2000 1 6039.79776
95.3000 1 5892.99712
95.4000 1 6994.00192
95.5000 1 6050.28352
95.6000 1 5484.05248
95.7000 1 5746.19648
95.8000 1 7214.20288
95.9000 1 5337.25184
96.0000 1 5305.79456
96.1000 1 6354.37056
96.2000 1 5421.13792
96.3000 1 5609.8816
96.4000 1 6595.54304
96.5000 1 7035.94496
96.6000 1 6239.0272
96.7000 1 5756.68224
96.8000 1 6092.22656
96.9000 1 5903.48288
97.0000 1 5337.25184
97.1000 1 5536.48128
97.2000 1 6637.48608
97.3000 1 5379.19488
97.4000 1 5274.33728
97.5000 1 6637.48608
97.6000 1 6291.456
97.7000 1 6490.68544
97.8000 1 5546.96704
97.9000 1 6931.08736
98.0000 1 5326.76608
98.1000 1 6364.85632
98.2000 1 6197.08416
98.3000 1 7119.83104
98.4000 1 6071.25504
98.5000 1 5536.48128
98.6000 1 5683.28192
98.7000 1 4917.82144
98.8000 1 4487.90528
98.9000 1 7329.54624
99.0000 1 5746.19648
99.1000 1 5599.39584
99.2000 1 6417.28512
99.3000 1 7843.34848
99.4000 1 5190.4512
99.5000 1 5767.168
99.6000 1 6081.7408
99.7000 1 5851.05408
99.8000 1 6155.14112
99.9000 1 5012.19328
100.0000 1 7728.00512
100.1000 1 6081.7408
100.2000 1 5138.0224
100.3000 1 5903.48288
100.4000 1 6952.05888
100.5000 1 5672.79616
100.6000 1 5452.5952
100.7000 1 6983.51616
100.8000 1 5955.91168
100.9000 1 6448.7424
101.0000 1 4949.27872
101.1000 1 7675.57632
101.2000 1 6322.91328
101.3000 1 4970.25024
101.4000 1 6291.456
101.5000 1 7665.09056
101.6000 1 5861.53984
101.7000 1 5693.76768
101.8000 1 6207.56992
101.9000 1 6312.42752
102.0000 1 5326.76608
102.1000 1 6406.79936
102.2000 1 6081.7408
102.3000 1 6385.82784
102.4000 1 5578.42432
102.5000 1 6029.312
102.6000 1 6920.6016
102.7000 1 5945.42592
102.8000 1 6018.82624
102.9000 1 5295.3088
103.0000 1 6343.8848
103.1000 1 4970.25024
103.2000 1 6417.28512
103.3000 1 6585.05728
103.4000 1 6270.48448
103.5000 1 5473.56672
103.6000 1 5536.48128
103.7000 1 7381.97504
103.8000 1 5368.70912
103.9000 1 6511.65696
104.0000 1 6333.39904
104.1000 1 6815.744
104.2000 1 6144.65536
104.3000 1 5788.13952
104.4000 1 5809.11104
104.5000 1 6102.71232
104.6000 1 6333.39904
104.7000 1 5085.5936
104.8000 1 6700.40064
104.9000 1 5851.05408
105.0000 1 5138.0224
105.1000 1 6438.25664
105.2000 1 6438.25664
105.3000 1 5452.5952
105.4000 1 5337.25184
105.5000 1 7109.34528
105.6000 1 5934.94016
105.7000 1 5484.05248
105.8000 1 6343.8848
105.9000 1 7864.32
106.0000 1 5242.88
106.1000 1 5274.33728
106.2000 1 5903.48288
106.3000 1 6249.51296
106.4000 1 5567.93856
106.5000 1 5746.19648
106.6000 1 7203.71712
106.7000 1 5651.82464
106.8000 1 6207.56992
106.9000 1 6060.76928
107.0000 1 5861.53984
107.1000 1 6343.8848
107.2000 1 5368.70912
107.3000 1 6983.51616
107.4000 1 6018.82624
107.5000 1 5578.42432
107.6000 1 6301.94176
107.7000 1 6647.97184
107.8000 1 5274.33728
107.9000 1 5714.7392
108.0000 1 6878.65856
108.1000 1 5169.47968
108.2000 1 5746.19648
108.3000 1 6333.39904
108.4000 1 7822.37696
108.5000 1 5358.22336
108.6000 1 6490.68544
108.7000 1 4980.736
108.8000 1 7654.6048
108.9000 1 5305.79456
109.0000 1 5609.8816
109.1000 1 6585.05728
109.2000 1 7591.69024
109.3000 1 5033.1648
109.4000 1 5179.96544
109.5000 1 6490.68544
109.6000 1 5892.99712
109.7000 1 4949.27872
109.8000 1 6700.40064
109.9000 1 5442.10944
110.0000 1 6301.94176
110.1000 1 5505.024
110.2000 1 7895.77728
110.3000 1 5075.10784
110.4000 1 6176.11264
110.5000 1 5788.13952
110.6000 1 7109.34528
110.7000 1 5767.168
110.8000 1 5305.79456
110.9000 1 6627.00032
111.0000 1 6270.48448
111.1000 1 5253.36576
111.2000 1 6364.85632
111.3000 1 6448.7424
111.4000 1 6343.8848
111.5000 1 5536.48128
111.6000 1 5746.19648
111.7000 1 7182.7456
111.8000 1 5557.4528
111.9000 1 6259.99872
112.0000 1 6071.25504
112.1000 1 6899.63008
112.2000 1 5305.79456
112.3000 1 5242.88
112.4000 1 6868.1728
112.5000 1 6155.14112
112.6000 1 6448.7424
112.7000 1 5389.68064
112.8000 1 7654.6048
112.9000 1 5326.76608
113.0000 1 5892.99712
113.1000 1 6239.0272
113.2000 1 7675.57632
113.3000 1 5232.39424
113.4000 1 6322.91328
113.5000 1 5578.42432
113.6000 1 6920.6016
113.7000 1 6270.48448
113.8000 1 6396.3136
113.9000 1 5557.4528
114.0000 1 6113.19808
114.1000 1 5033.1648
114.2000 1 5746.19648
114.3000 1 7182.7456
114.4000 1 5872.0256
114.5000 1 5368.70912
114.6000 1 6585.05728
114.7000 1 6480.19968
114.8000 1 6186.5984
114.9000 1 5200.93696
115.0000 1 7256.14592
115.1000 1 6176.11264
115.2000 1 5536.48128
115.3000 1 6291.456
115.4000 1 6585.05728
115.5000 1 5442.10944
115.6000 1 5148.50816
115.7000 1 6710.8864
115.8000 1 6364.85632
115.9000 1 5997.85472
116.0000 1 5872.0256
116.1000 1 6354.37056
116.2000 1 4760.53504
116.3000 1 4802.47808
116.4000 1 6522.14272
116.5000 1 5578.42432
116.6000 1 6218.05568
116.7000 1 6186.5984
116.8000 1 6784.28672
116.9000 1 5242.88
117.0000 1 6113.19808
117.1000 1 7004.48768
117.2000 1 6668.94336
117.3000 1 5316.28032
117.4000 1 6406.79936
117.5000 1 6752.82944
117.6000 1 5672.79616
117.7000 1 5117.05088
117.8000 1 5976.8832
117.9000 1 7004.48768
118.0000 1 5211.42272
118.1000 1 6343.8848
118.2000 1 6396.3136
118.3000 1 6228.54144
118.4000 1 6312.42752
118.5000 1 6102.71232
118.6000 1 6637.48608
118.7000 1 6375.34208
118.8000 1 5106.56512
118.9000 1 6354.37056
119.0000 1 6333.39904
119.1000 1 6312.42752
119.2000 1 5630.85312
119.3000 1 5830.08256
119.4000 1 7686.06208
119.5000 1 5221.90848
119.6000 1 5263.85152
119.7000 1 6312.42752
119.8000 1 6322.91328
119.9000 1 5263.85152
120.0000 1 5756.68224
120.1000 1 6710.8864
120.2000 1 5892.99712
120.3000 1 5452.5952
120.4000 1 7067.40224
120.5000 1 7014.97344
120.6000 1 5284.82304
120.7000 1 6270.48448
120.8000 1 6543.11424
120.9000 1 6102.71232
121.0000 1 5913.96864
121.1000 1 5620.36736
121.2000 1 7361.00352
121.3000 1 4781.50656
121.4000 1 5389.68064
121.5000 1 6721.37216
121.6000 1 6270.48448
121.7000 1 5347.7376
121.8000 1 5851.05408
121.9000 1 6322.91328
122.0000 1 6301.94176
122.1000 1 5117.05088
122.2000 1 6647.97184
122.3000 1 6417.28512
122.4000 1 5945.42592
122.5000 1 5903.48288
122.6000 1 6889.14432
122.7000 1 6113.19808
122.8000 1 5284.82304
122.9000 1 5389.68064
123.0000 1 7581.20448
123.1000 1 5022.67904
123.2000 1 6343.8848
123.3000 1 6207.56992
123.4000 1 6616.51456
123.5000 1 5704.25344
123.6000 1 5651.82464
123.7000 1 7109.34528
123.8000 1 5714.7392
123.9000 1 6312.42752
124.0000 1 5054.13632
124.1000 1 6364.85632
124.2000 1 5284.82304
124.3000 1 5211.42272
124.4000 1 6805.25824
124.5000 1 5127.53664
124.6000 1 5106.56512
124.7000 1 7014.97344
124.8000 1 5735.71072
124.9000 1 6343.8848
125.0000 1 6385.82784
125.1000 1 6522.14272
125.2000 1 6459.22816
125.3000 1 5934.94016
125.4000 1 5295.3088
125.5000 1 6197.08416
125.6000 1 5064.62208
125.7000 1 5714.7392
125.8000 1 7014.97344
125.9000 1 5997.85472
126.0000 1 5379.19488
126.1000 1 6543.11424
126.2000 1 6197.08416
126.3000 1 6301.94176
126.4000 1 5379.19488
126.5000 1 6952.05888
126.6000 1 5955.91168
126.7000 1 5903.48288
126.8000 1 5200.93696
126.9000 1 7623.14752
127.0000 1 5096.07936
127.1000 1 6270.48448
127.2000 1 6280.97024
127.3000 1 7371.48928
127.4000 1 5809.11104
127.5000 1 6123.68384
127.6000 1 5672.79616
127.7000 1 5861.53984
127.8000 1 4949.27872
127.9000 1 5945.42592
128.0000 1 6270.48448
128.1000 1 5242.88
128.2000 1 6417.28512
128.3000 1 7203.71712
128.4000 1 6029.312
128.5000 1 5987.36896
128.6000 1 5934.94016
128.7000 1 6427.77088
128.8000 1 5263.85152
128.9000 1 5148.50816
129.0000 1 6983.51616
129.1000 1 6050.28352
129.2000 1 6343.8848
129.3000 1 5106.56512
129.4000 1 6427.77088
129.5000 1 5211.42272
129.6000 1 5798.62528
129.7000 1 6952.05888
129.8000 1 5955.91168
129.9000 1 6144.65536
130.0000 1 5326.76608
130.1000 1 7675.57632
130.2000 1 5043.65056
130.3000 1 5620.36736
130.4000 1 6186.5984
130.5000 1 5830.08256
130.6000 1 6165.62688
130.7000 1 4980.736
130.8000 1 7801.40544
130.9000 1 6364.85632
131.0000 1 5830.08256
131.1000 1 4928.3072
131.2000 1 7098.85952
131.3000 1 6239.0272
131.4000 1 6207.56992
131.5000 1 5567.93856
131.6000 1 7392.4608
131.7000 1 5200.93696
131.8000 1 5316.28032
131.9000 1 7130.3168
132.0000 1 6301.94176
132.1000 1 6417.28512
132.2000 1 4928.3072
132.3000 1 7549.7472
132.4000 1 5410.65216
132.5000 1 6165.62688
132.6000 1 5798.62528
132.7000 1 7151.28832
132.8000 1 5830.08256
132.9000 1 5242.88
133.0000 1 6280.97024
133.1000 1 6448.7424
133.2000 1 6406.79936
133.3000 1 5693.76768
133.4000 1 6532.62848
133.5000 1 6427.77088
133.6000 1 5662.3104
133.7000 1 6165.62688
133.8000 1 6448.7424
133.9000 1 6417.28512
134.0000 1 5127.53664
134.1000 1 6291.456
134.2000 1 6574.57152
134.3000 1 5809.11104
134.4000 1 5033.1648
134.5000 1 6574.57152
134.6000 1 5494.53824
134.7000 1 6291.456
134.8000 1 5588.91008
134.9000 1 7644.11904
135.0000 1 6259.99872
135.1000 1 6144.65536
135.2000 1 5421.13792
135.3000 1 7633.63328
135.4000 1 5221.90848
135.5000 1 6385.82784
135.6000 1 6186.5984
135.7000 1 7224.68864
135.8000 1 5578.42432
135.9000 1 6218.05568
136.0000 1 6280.97024
136.1000 1 6700.40064
136.2000 1 6354.37056
136.3000 1 6280.97024
136.4000 1 6280.97024
136.5000 1 5987.36896
136.6000 1 5274.33728
136.7000 1 5263.85152
136.8000 1 6469.71392
136.9000 1 6406.79936
137.0000 1 4991.22176
137.1000 1 6406.79936
137.2000 1 6522.14272
137.3000 1 6144.65536
137.4000 1 6438.25664
137.5000 1 6417.28512
137.6000 1 6448.7424
137.7000 1 6322.91328
137.8000 1 6301.94176
137.9000 1 5934.94016
138.0000 1 6469.71392
138.1000 1 5536.48128
138.2000 1 6239.0272
138.3000 1 6385.82784
138.4000 1 6710.8864
138.5000 1 6218.05568
138.6000 1 5609.8816
138.7000 1 6585.05728
138.8000 1 6333.39904
138.9000 1 5494.53824
139.0000 1 6333.39904
139.1000 1 6469.71392
139.2000 1 6480.19968
139.3000 1 5546.96704
139.4000 1 5756.68224
139.5000 1 7235.1744
139.6000 1 5442.10944
139.7000 1 5211.42272
139.8000 1 6752.82944
139.9000 1 6144.65536
140.0000 1 6050.28352
140.1000 1 5913.96864
140.2000 1 5987.36896
140.3000 1 6029.312
140.4000 1 6280.97024
140.5000 1 6480.19968
140.6000 1 6406.79936
140.7000 1 6291.456
140.8000 1 5200.93696
140.9000 1 6249.51296
141.0000 1 7140.80256
141.1000 1 5347.7376
141.2000 1 5138.0224
141.3000 1 7497.3184
141.4000 1 5326.76608
141.5000 1 6280.97024
141.6000 1 6270.48448
141.7000 1 7287.6032
141.8000 1 5651.82464
141.9000 1 6375.34208
142.0000 1 5819.5968
142.1000 1 6910.11584
142.2000 1 6050.28352
142.3000 1 5442.10944
142.4000 1 5630.85312
142.5000 1 7004.48768
142.6000 1 5683.28192
142.7000 1 5190.4512
142.8000 1 6742.34368
142.9000 1 6228.54144
143.0000 1 5284.82304
143.1000 1 5777.65376
143.2000 1 5557.4528
143.3000 1 6301.94176
143.4000 1 5347.7376
143.5000 1 7392.4608
143.6000 1 5609.8816
143.7000 1 5746.19648
143.8000 1 6176.11264
143.9000 1 6679.42912
144.0000 1 6270.48448
144.1000 1 5337.25184
144.2000 1 6585.05728
144.3000 1 6448.7424
144.4000 1 5588.91008
144.5000 1 5609.8816
144.6000 1 6763.3152
144.7000 1 6123.68384
144.8000 1 5085.5936
144.9000 1 6280.97024
145.0000 1 5756.68224
145.1000 1 6259.99872
145.2000 1 6165.62688
145.3000 1 6899.63008
145.4000 1 5809.11104
145.5000 1 5966.39744
145.6000 1 5054.13632
145.7000 1 6532.62848
145.8000 1 4120.90368
145.9000 1 6081.7408
146.0000 1 6113.19808
146.1000 1 4812.96384
146.2000 1 5830.08256
146.3000 1 6239.0272
146.4000 1 6312.42752
146.5000 1 5284.82304
146.6000 1 7266.63168
146.7000 1 5662.3104
146.8000 1 5725.22496
146.9000 1 6008.34048
147.0000 1 6700.40064
147.1000 1 524.288
