0.1000 1 0.0
0.2000 1 4466.93376
0.3000 1 4802.47808
0.4000 1 6301.94176
0.5000 1 4550.81984
0.6000 1 4718.592
0.7000 1 6606.0288
0.8000 1 5096.07936
0.9000 1 4928.3072
1.0000 1 5955.91168
1.1000 1 5263.85152
1.2000 1 5557.4528
1.3000 1 6092.22656
1.4000 1 5106.56512
1.5000 1 5515.50976
1.6000 1 5892.99712
1.7000 1 4739.56352
1.8000 1 6060.76928
1.9000 1 5085.5936
2.0000 1 4456.448
2.1000 1 6721.37216
2.2000 1 4697.62048
2.3000 1 5127.53664
2.4000 1 6396.3136
2.5000 1 4718.592
2.6000 1 4708.10624
2.7000 1 6291.456
2.8000 1 4456.448
2.9000 1 5997.85472
3.0000 1 4938.79296
3.1000 1 5043.65056
3.2000 1 6259.99872
3.3000 1 4750.04928
3.4000 1 5379.19488
3.5000 1 6899.63008
3.6000 1 4697.62048
3.7000 1 5106.56512
3.8000 1 6333.39904
3.9000 1 4666.1632
4.0000 1 5075.10784
4.1000 1 6952.05888
4.2000 1 4571.79136
4.3000 1 4634.70592
4.4000 1 6396.3136
4.5000 1 5043.65056
4.6000 1 5295.3088
4.7000 1 6710.8864
4.8000 1 4802.47808
4.9000 1 5253.36576
5.0000 1 6081.7408
5.1000 1 5085.5936
5.2000 1 5484.05248
5.3000 1 6134.1696
5.4000 1 5211.42272
5.5000 1 5452.5952
5.6000 1 5892.99712
5.7000 1 5326.76608
5.8000 1 5505.024
5.9000 1 5683.28192
6.0000 1 4938.79296
6.1000 1 6050.28352
6.2000 1 5693.76768
6.3000 1 5641.33888
6.4000 1 5463.08096
6.5000 1 6333.39904
6.6000 1 4854.90688
6.7000 1 5525.99552
6.8000 1 6480.19968
6.9000 1 4854.90688
7.0000 1 5798.62528
7.1000 1 6606.0288
7.2000 1 5158.99392
7.3000 1 4907.33568
7.4000 1 6847.20128
7.5000 1 5567.93856
7.6000 1 4687.13472
7.7000 1 6899.63008
7.8000 1 4141.8752
7.9000 1 4959.76448
8.0000 1 5851.05408
8.1000 1 5106.56512
8.2000 1 5788.13952
8.3000 1 5389.68064
8.4000 1 4750.04928
8.5000 1 6438.25664
8.6000 1 4802.47808
8.7000 1 5263.85152
8.8000 1 6417.28512
8.9000 1 4907.33568
9.0000 1 5085.5936
9.1000 1 7193.23136
9.2000 1 5410.65216
9.3000 1 4529.84832
9.4000 1 6469.71392
9.5000 1 5546.96704
9.6000 1 5368.70912
9.7000 1 6176.11264
9.8000 1 6291.456
9.9000 1 4750.04928
10.0000 1 5767.168
10.1000 1 5767.168
10.2000 1 4508.8768
10.3000 1 6459.22816
10.4000 1 5284.82304
10.5000 1 5075.10784
10.6000 1 6396.3136
10.7000 1 5284.82304
10.8000 1 4739.56352
10.9000 1 6689.91488
11.0000 1 5148.50816
11.1000 1 5337.25184
11.2000 1 6249.51296
11.3000 1 6197.08416
11.4000 1 5567.93856
11.5000 1 4917.82144
11.6000 1 6857.68704
11.7000 1 5347.7376
11.8000 1 4487.90528
11.9000 1 6134.1696
12.0000 1 4561.3056
12.1000 1 6071.25504
12.2000 1 5494.53824
12.3000 1 4833.93536
12.4000 1 6396.3136
12.5000 1 5326.76608
12.6000 1 4634.70592
12.7000 1 6312.42752
12.8000 1 5096.07936
12.9000 1 4949.27872
13.0000 1 6899.63008
13.1000 1 4540.33408
13.2000 1 4026.53184
13.3000 1 6176.11264
13.4000 1 4519.36256
13.5000 1 6081.7408
13.6000 1 5892.99712
13.7000 1 4687.13472
13.8000 1 6113.19808
13.9000 1 5389.68064
14.0000 1 4162.84672
14.1000 1 6176.11264
14.2000 1 4540.33408
14.3000 1 4896.84992
14.4000 1 5620.36736
14.5000 1 4456.448
14.6000 1 6417.28512
14.7000 1 4676.64896
14.8000 1 4980.736
14.9000 1 6228.54144
15.0000 1 5085.5936
15.1000 1 4445.96224
15.2000 1 6889.14432
15.3000 1 5442.10944
15.4000 1 5075.10784
15.5000 1 6931.08736
15.6000 1 5651.82464
15.7000 1 5525.99552
15.8000 1 6280.97024
15.9000 1 5337.25184
16.0000 1 5043.65056
16.1000 1 6291.456
16.2000 1 4687.13472
16.3000 1 5693.76768
16.4000 1 6280.97024
16.5000 1 5106.56512
16.6000 1 5263.85152
16.7000 1 6564.08576
16.8000 1 5043.65056
16.9000 1 5389.68064
17.0000 1 6343.8848
17.1000 1 5316.28032
17.2000 1 5746.19648
17.3000 1 5662.3104
17.4000 1 5798.62528
17.5000 1 4634.70592
17.6000 1 6197.08416
17.7000 1 4204.78976
17.8000 1 4970.25024
17.9000 1 6364.85632
18.0000 1 5630.85312
18.1000 1 5683.28192
18.2000 1 6710.8864
18.3000 1 5735.71072
18.4000 1 5452.5952
18.5000 1 5672.79616
18.6000 1 6847.20128
18.7000 1 5599.39584
18.8000 1 5651.82464
18.9000 1 6658.4576
19.0000 1 4750.04928
19.1000 1 4299.1616
19.2000 1 6595.54304
19.3000 1 4571.79136
19.4000 1 5179.96544
19.5000 1 6291.456
19.6000 1 4152.36096
19.7000 1 6155.14112
19.8000 1 5033.1648
19.9000 1 5620.36736
20.0000 1 6301.94176
20.1000 1 6155.14112
20.2000 1 5620.36736
20.3000 1 5588.91008
20.4000 1 6805.25824
20.5000 1 4760.53504
20.6000 1 4991.22176
20.7000 1 6941.57312
20.8000 1 4456.448
20.9000 1 4938.79296
21.0000 1 5851.05408
21.1000 1 4456.448
21.2000 1 6312.42752
21.3000 1 5096.07936
21.4000 1 4383.04768
21.5000 1 6647.97184
21.6000 1 5096.07936
21.7000 1 4288.67584
21.8000 1 6155.14112
21.9000 1 5211.42272
22.0000 1 5693.76768
22.1000 1 6805.25824
22.2000 1 4739.56352
22.3000 1 5693.76768
22.4000 1 6385.82784
22.5000 1 5284.82304
22.6000 1 5746.19648
22.7000 1 6616.51456
22.8000 1 5232.39424
22.9000 1 5075.10784
23.0000 1 6511.65696
23.1000 1 4854.90688
23.2000 1 4802.47808
23.3000 1 6427.77088
23.4000 1 4550.81984
23.5000 1 4529.84832
23.6000 1 5819.5968
23.7000 1 4477.41952
23.8000 1 6438.25664
23.9000 1 5158.99392
24.0000 1 5515.50976
24.1000 1 6113.19808
24.2000 1 5400.1664
24.3000 1 5578.42432
24.4000 1 5714.7392
24.5000 1 5525.99552
24.6000 1 4519.36256
24.7000 1 6742.34368
24.8000 1 4760.53504
24.9000 1 4320.13312
25.0000 1 6207.56992
25.1000 1 4320.13312
25.2000 1 5546.96704
25.3000 1 5903.48288
25.4000 1 4802.47808
25.5000 1 6060.76928
25.6000 1 5683.28192
25.7000 1 4697.62048
25.8000 1 6312.42752
25.9000 1 5242.88
26.0000 1 5064.62208
26.1000 1 6364.85632
26.2000 1 5305.79456
26.3000 1 4771.0208
26.4000 1 6343.8848
26.5000 1 4802.47808
26.6000 1 4645.19168
26.7000 1 6165.62688
26.8000 1 5148.50816
26.9000 1 5693.76768
27.0000 1 6857.68704
27.1000 1 4729.07776
27.2000 1 5431.62368
27.3000 1 6700.40064
27.4000 1 4372.56192
27.5000 1 5033.1648
27.6000 1 6333.39904
27.7000 1 5620.36736
27.8000 1 4771.0208
27.9000 1 6585.05728
28.0000 1 4120.90368
28.1000 1 5683.28192
28.2000 1 4917.82144
28.3000 1 4508.8768
28.4000 1 6763.3152
28.5000 1 4424.99072
28.6000 1 5085.5936
28.7000 1 6700.40064
28.8000 1 4729.07776
28.9000 1 5190.4512
29.0000 1 6490.68544
29.1000 1 4739.56352
29.2000 1 5096.07936
29.3000 1 6459.22816
29.4000 1 5127.53664
29.5000 1 5179.96544
29.6000 1 6501.1712
29.7000 1 5253.36576
29.8000 1 4938.79296
29.9000 1 5767.168
30.0000 1 5033.1648
30.1000 1 5976.8832
30.2000 1 6239.0272
30.3000 1 5567.93856
30.4000 1 4938.79296
30.5000 1 6647.97184
30.6000 1 4288.67584
30.7000 1 5819.5968
30.8000 1 5546.96704
30.9000 1 5064.62208
31.0000 1 6176.11264
31.1000 1 5484.05248
31.2000 1 4414.50496
31.3000 1 6427.77088
31.4000 1 5379.19488
31.5000 1 4666.1632
31.6000 1 6501.1712
31.7000 1 4162.84672
31.8000 1 5022.67904
31.9000 1 6249.51296
32.0000 1 4896.84992
32.1000 1 5683.28192
32.2000 1 6826.22976
32.3000 1 4771.0208
32.4000 1 5190.4512
32.5000 1 6899.63008
32.6000 1 5117.05088
32.7000 1 4445.96224
32.8000 1 6836.71552
32.9000 1 5085.5936
33.0000 1 5085.5936
33.1000 1 6155.14112
33.2000 1 5316.28032
33.3000 1 5630.85312
33.4000 1 6647.97184
33.5000 1 4288.67584
33.6000 1 5232.39424
33.7000 1 5106.56512
33.8000 1 4970.25024
33.9000 1 6354.37056
34.0000 1 4959.76448
34.1000 1 5620.36736
34.2000 1 6522.14272
34.3000 1 5232.39424
34.4000 1 4508.8768
34.5000 1 6731.85792
34.6000 1 4771.0208
34.7000 1 4550.81984
34.8000 1 6427.77088
34.9000 1 4634.70592
35.0000 1 4949.27872
35.1000 1 7287.6032
35.2000 1 5379.19488
35.3000 1 4173.33248
35.4000 1 6616.51456
35.5000 1 4110.41792
35.6000 1 5966.39744
35.7000 1 6008.34048
35.8000 1 4729.07776
35.9000 1 5987.36896
36.0000 1 5221.90848
36.1000 1 5263.85152
36.2000 1 6197.08416
36.3000 1 4445.96224
36.4000 1 5022.67904
36.5000 1 6354.37056
36.6000 1 5725.22496
36.7000 1 5179.96544
36.8000 1 6889.14432
36.9000 1 5158.99392
37.0000 1 5043.65056
37.1000 1 6564.08576
37.2000 1 6585.05728
37.3000 1 4257.21856
37.4000 1 5913.96864
37.5000 1 3680.50176
37.6000 1 4708.10624
37.7000 1 4865.39264
37.8000 1 3512.7296
37.9000 1 5431.62368
38.0000 1 3995.07456
38.1000 1 5882.51136
38.2000 1 3722.4448
38.3000 1 5620.36736
38.4000 1 5022.67904
38.5000 1 4351.5904
38.6000 1 6354.37056
38.7000 1 4152.36096
38.8000 1 5746.19648
38.9000 1 4561.3056
39.0000 1 5033.1648
39.1000 1 6343.8848
39.2000 1 5630.85312
39.3000 1 4750.04928
39.4000 1 6899.63008
39.5000 1 4550.81984
39.6000 1 4938.79296
39.7000 1 6270.48448
39.8000 1 4236.24704
39.9000 1 5484.05248
40.0000 1 5368.70912
40.1000 1 5242.88
40.2000 1 6060.76928
40.3000 1 6291.456
40.4000 1 4655.67744
40.5000 1 5851.05408
40.6000 1 5221.90848
40.7000 1 4896.84992
40.8000 1 6459.22816
40.9000 1 4771.0208
41.0000 1 4498.39104
41.1000 1 6291.456
41.2000 1 5075.10784
41.3000 1 4592.76288
41.4000 1 6805.25824
41.5000 1 5263.85152
41.6000 1 5054.13632
41.7000 1 6815.744
41.8000 1 5704.25344
41.9000 1 5620.36736
42.0000 1 6679.42912
42.1000 1 4959.76448
42.2000 1 5588.91008
42.3000 1 6239.0272
42.4000 1 5096.07936
42.5000 1 4708.10624
42.6000 1 6270.48448
42.7000 1 5033.1648
42.8000 1 5064.62208
42.9000 1 6490.68544
43.0000 1 4750.04928
43.1000 1 4970.25024
43.2000 1 6878.65856
43.3000 1 5337.25184
43.4000 1 4246.7328
43.5000 1 6585.05728
43.6000 1 5263.85152
43.7000 1 4729.07776
43.8000 1 6878.65856
43.9000 1 5431.62368
44.0000 1 4666.1632
44.1000 1 6952.05888
44.2000 1 5379.19488
44.3000 1 4508.8768
44.4000 1 6836.71552
44.5000 1 5536.48128
44.6000 1 5158.99392
44.7000 1 6773.80096
44.8000 1 4760.53504
44.9000 1 5368.70912
45.0000 1 6354.37056
45.1000 1 4687.13472
45.2000 1 5609.8816
45.3000 1 6543.11424
45.4000 1 4729.07776
45.5000 1 4645.19168
45.6000 1 6658.4576
45.7000 1 5085.5936
45.8000 1 5075.10784
45.9000 1 6710.8864
46.0000 1 4739.56352
46.1000 1 5096.07936
46.2000 1 6438.25664
46.3000 1 4666.1632
46.4000 1 5557.4528
46.5000 1 5997.85472
46.6000 1 5379.19488
46.7000 1 5400.1664
46.8000 1 6333.39904
46.9000 1 5484.05248
47.0000 1 5368.70912
47.1000 1 6878.65856
47.2000 1 5337.25184
47.3000 1 4687.13472
47.4000 1 6637.48608
47.5000 1 4571.79136
47.6000 1 5305.79456
47.7000 1 5442.10944
47.8000 1 4005.56032
47.9000 1 6176.11264
48.0000 1 4613.7344
48.1000 1 5410.65216
48.2000 1 6637.48608
48.3000 1 5274.33728
48.4000 1 5305.79456
48.5000 1 6543.11424
48.6000 1 4676.64896
48.7000 1 5368.70912
48.8000 1 6239.0272
48.9000 1 5546.96704
49.0000 1 4991.22176
49.1000 1 6910.11584
49.2000 1 4666.1632
49.3000 1 4928.3072
49.4000 1 6239.0272
49.5000 1 4456.448
49.6000 1 5200.93696
49.7000 1 5851.05408
49.8000 1 4519.36256
49.9000 1 6197.08416
50.0000 1 4750.04928
50.1000 1 5546.96704
50.2000 1 6553.6
50.3000 1 5651.82464
50.4000 1 4854.90688
50.5000 1 6364.85632
50.6000 1 5735.71072
50.7000 1 4771.0208
50.8000 1 6249.51296
50.9000 1 5557.4528
51.0000 1 5536.48128
51.1000 1 5662.3104
51.2000 1 6784.28672
51.3000 1 4771.0208
51.4000 1 5505.024
51.5000 1 6511.65696
51.6000 1 5714.7392
51.7000 1 4729.07776
51.8000 1 6480.19968
51.9000 1 5358.22336
52.0000 1 5620.36736
52.1000 1 6815.744
52.2000 1 5714.7392
52.3000 1 4833.93536
52.4000 1 6564.08576
52.5000 1 4445.96224
52.6000 1 4603.24864
52.7000 1 6249.51296
52.8000 1 5033.1648
52.9000 1 4886.36416
53.0000 1 6050.28352
53.1000 1 4498.39104
53.2000 1 6218.05568
53.3000 1 4771.0208
53.4000 1 5096.07936
53.5000 1 6847.20128
53.6000 1 5704.25344
53.7000 1 4645.19168
53.8000 1 6448.7424
53.9000 1 5200.93696
54.0000 1 5012.19328
54.1000 1 6176.11264
54.2000 1 4613.7344
54.3000 1 4435.47648
54.4000 1 6291.456
54.5000 1 5242.88
54.6000 1 4886.36416
54.7000 1 6805.25824
54.8000 1 6218.05568
54.9000 1 6102.71232
55.0000 1 6071.25504
55.1000 1 6165.62688
55.2000 1 6050.28352
55.3000 1 4550.81984
55.4000 1 6574.57152
55.5000 1 5022.67904
55.6000 1 5148.50816
55.7000 1 7130.3168
55.8000 1 6071.25504
55.9000 1 5148.50816
56.0000 1 6826.22976
56.1000 1 5777.65376
56.2000 1 5672.79616
56.3000 1 5305.79456
56.4000 1 7455.37536
56.5000 1 5609.8816
56.6000 1 5704.25344
56.7000 1 6396.3136
56.8000 1 5976.8832
56.9000 1 5138.0224
57.0000 1 5851.05408
57.1000 1 6039.79776
57.2000 1 5117.05088
57.3000 1 6008.34048
57.4000 1 7277.11744
57.5000 1 5043.65056
57.6000 1 5316.28032
57.7000 1 6899.63008
57.8000 1 5452.5952
57.9000 1 5966.39744
58.0000 1 5347.7376
58.1000 1 4844.42112
58.2000 1 5012.19328
58.3000 1 6920.6016
58.4000 1 6186.5984
58.5000 1 5117.05088
58.6000 1 5463.08096
58.7000 1 5746.19648
58.8000 1 4812.96384
58.9000 1 6207.56992
59.0000 1 6438.25664
59.1000 1 5211.42272
59.2000 1 5127.53664
59.3000 1 6050.28352
59.4000 1 5557.4528
59.5000 1 5913.96864
59.6000 1 7277.11744
59.7000 1 6228.54144
59.8000 1 5892.99712
59.9000 1 6071.25504
60.0000 1 6962.54464
60.1000 1 6092.22656
60.2000 1 5955.91168
60.3000 1 5064.62208
60.4000 1 6291.456
60.5000 1 6050.28352
60.6000 1 6018.82624
60.7000 1 6668.94336
60.8000 1 5609.8816
60.9000 1 4519.36256
61.0000 1 6060.76928
61.1000 1 4865.39264
61.2000 1 5085.5936
61.3000 1 7381.97504
61.4000 1 5179.96544
61.5000 1 4466.93376
61.6000 1 6668.94336
61.7000 1 5054.13632
61.8000 1 5662.3104
61.9000 1 6501.1712
62.0000 1 5756.68224
62.1000 1 3753.90208
62.2000 1 6092.22656
62.3000 1 5389.68064
62.4000 1 4592.76288
62.5000 1 7056.91648
62.6000 1 5400.1664
62.7000 1 4991.22176
62.8000 1 7161.77408
62.9000 1 5200.93696
63.0000 1 5620.36736
63.1000 1 6008.34048
63.2000 1 6689.91488
63.3000 1 5536.48128
63.4000 1 5913.96864
63.5000 1 6689.91488
63.6000 1 5515.50976
63.7000 1 5400.1664
63.8000 1 6197.08416
63.9000 1 6543.11424
64.0000 1 4917.82144
64.1000 1 6050.28352
64.2000 1 6668.94336
64.3000 1 5043.65056
64.4000 1 5767.168
64.5000 1 6899.63008
64.6000 1 5924.4544
64.7000 1 5609.8816
64.8000 1 5221.90848
64.9000 1 6805.25824
65.0000 1 5117.05088
65.1000 1 6165.62688
65.2000 1 6878.65856
65.3000 1 6039.79776
65.4000 1 5987.36896
65.5000 1 5966.39744
65.6000 1 6679.42912
65.7000 1 5127.53664
65.8000 1 5704.25344
65.9000 1 6564.08576
66.0000 1 5400.1664
66.1000 1 5379.19488
66.2000 1 5955.91168
66.3000 1 6710.8864
66.4000 1 5567.93856
66.5000 1 5840.56832
66.6000 1 6742.34368
66.7000 1 5788.13952
66.8000 1 5976.8832
66.9000 1 5976.8832
67.0000 1 6647.97184
67.1000 1 4928.3072
67.2000 1 5997.85472
67.3000 1 6941.57312
67.4000 1 5316.28032
67.5000 1 5452.5952
67.6000 1 5987.36896
67.7000 1 6784.28672
67.8000 1 5599.39584
67.9000 1 5945.42592
68.0000 1 6763.3152
68.1000 1 5861.53984
68.2000 1 5913.96864
68.3000 1 5431.62368
68.4000 1 6910.11584
68.5000 1 5892.99712
68.6000 1 5620.36736
68.7000 1 6322.91328
68.8000 1 5169.47968
68.9000 1 5546.96704
69.0000 1 6039.79776
69.1000 1 5955.91168
69.2000 1 5421.13792
69.3000 1 5609.8816
69.4000 1 7140.80256
69.5000 1 5473.56672
69.6000 1 5987.36896
69.7000 1 6322.91328
69.8000 1 5840.56832
69.9000 1 5830.08256
70.0000 1 5557.4528
70.1000 1 7056.91648
70.2000 1 5851.05408
70.3000 1 5326.76608
70.4000 1 6448.7424
70.5000 1 5358.22336
70.6000 1 5505.024
70.7000 1 6008.34048
70.8000 1 6679.42912
70.9000 1 5924.4544
71.0000 1 5463.08096
71.1000 1 6637.48608
71.2000 1 5473.56672
71.3000 1 5903.48288
71.4000 1 5714.7392
71.5000 1 6522.14272
71.6000 1 5620.36736
71.7000 1 5683.28192
71.8000 1 7004.48768
71.9000 1 5326.76608
72.0000 1 4697.62048
72.1000 1 7056.91648
72.2000 1 5997.85472
72.3000 1 4938.79296
72.4000 1 5809.11104
72.5000 1 6375.34208
72.6000 1 5830.08256
72.7000 1 5326.76608
72.8000 1 7298.08896
72.9000 1 5630.85312
73.0000 1 5693.76768
73.1000 1 5746.19648
73.2000 1 6627.00032
73.3000 1 5924.4544
73.4000 1 5452.5952
73.5000 1 6826.22976
73.6000 1 4959.76448
73.7000 1 5955.91168
73.8000 1 6155.14112
73.9000 1 5714.7392
74.0000 1 5337.25184
74.1000 1 5777.65376
74.2000 1 6857.68704
74.3000 1 5284.82304
74.4000 1 6039.79776
74.5000 1 6668.94336
74.6000 1 5567.93856
74.7000 1 5830.08256
74.8000 1 5609.8816
74.9000 1 7046.43072
75.0000 1 5662.3104
75.1000 1 5358.22336
75.2000 1 6417.28512
75.3000 1 5242.88
75.4000 1 4571.79136
75.5000 1 7245.66016
75.6000 1 5410.65216
75.7000 1 5190.4512
75.8000 1 6448.7424
75.9000 1 5232.39424
76.0000 1 5620.36736
76.1000 1 5987.36896
76.2000 1 6354.37056
76.3000 1 5337.25184
76.4000 1 5043.65056
76.5000 1 6679.42912
76.6000 1 5536.48128
76.7000 1 5662.3104
76.8000 1 7004.48768
76.9000 1 5284.82304
77.0000 1 5368.70912
77.1000 1 6354.37056
77.2000 1 6595.54304
77.3000 1 5410.65216
77.4000 1 5819.5968
77.5000 1 7161.77408
77.6000 1 5777.65376
77.7000 1 5400.1664
77.8000 1 5777.65376
77.9000 1 6385.82784
78.0000 1 5861.53984
78.1000 1 5368.70912
78.2000 1 7140.80256
78.3000 1 5882.51136
78.4000 1 5368.70912
78.5000 1 5913.96864
78.6000 1 7161.77408
78.7000 1 5033.1648
78.8000 1 4865.39264
78.9000 1 7119.83104
79.0000 1 5274.33728
79.1000 1 5536.48128
79.2000 1 6889.14432
79.3000 1 6280.97024
79.4000 1 5567.93856
79.5000 1 4928.3072
79.6000 1 6889.14432
79.7000 1 5148.50816
79.8000 1 5033.1648
79.9000 1 7193.23136
80.0000 1 5379.19488
80.1000 1 5463.08096
80.2000 1 6574.57152
80.3000 1 5389.68064
80.4000 1 4949.27872
80.5000 1 6647.97184
80.6000 1 5851.05408
80.7000 1 5819.5968
80.8000 1 5253.36576
80.9000 1 7350.51776
81.0000 1 5305.79456
81.1000 1 5788.13952
81.2000 1 6511.65696
81.3000 1 5442.10944
81.4000 1 5148.50816
81.5000 1 6249.51296
81.6000 1 6815.744
81.7000 1 6060.76928
81.8000 1 5704.25344
81.9000 1 6585.05728
82.0000 1 5830.08256
82.1000 1 5955.91168
82.2000 1 5557.4528
82.3000 1 6973.0304
82.4000 1 6018.82624
82.5000 1 5536.48128
82.6000 1 6008.34048
82.7000 1 6836.71552
82.8000 1 5421.13792
82.9000 1 5997.85472
83.0000 1 6910.11584
83.1000 1 5767.168
83.2000 1 5945.42592
83.3000 1 5431.62368
83.4000 1 6784.28672
83.5000 1 5599.39584
83.6000 1 5138.0224
83.7000 1 7161.77408
83.8000 1 5158.99392
83.9000 1 5620.36736
84.0000 1 5987.36896
84.1000 1 6574.57152
84.2000 1 5945.42592
84.3000 1 5913.96864
84.4000 1 6794.77248
84.5000 1 5955.91168
84.6000 1 5641.33888
84.7000 1 5525.99552
84.8000 1 7224.68864
84.9000 1 5473.56672
85.0000 1 5851.05408
85.1000 1 6186.5984
85.2000 1 6752.82944
85.3000 1 5232.39424
85.4000 1 5473.56672
85.5000 1 7266.63168
85.6000 1 5809.11104
85.7000 1 5473.56672
85.8000 1 6029.312
85.9000 1 7161.77408
86.0000 1 5704.25344
86.1000 1 5693.76768
86.2000 1 6438.25664
86.3000 1 5913.96864
86.4000 1 5242.88
86.5000 1 5662.3104
86.6000 1 7014.97344
86.7000 1 5494.53824
86.8000 1 5473.56672
86.9000 1 7046.43072
87.0000 1 5484.05248
87.1000 1 5494.53824
87.2000 1 6039.79776
87.3000 1 6585.05728
87.4000 1 5326.76608
87.5000 1 5525.99552
87.6000 1 7151.28832
87.7000 1 5892.99712
87.8000 1 5641.33888
87.9000 1 5662.3104
88.0000 1 7025.4592
88.1000 1 5337.25184
88.2000 1 5567.93856
88.3000 1 7151.28832
88.4000 1 5892.99712
88.5000 1 6092.22656
88.6000 1 5725.22496
88.7000 1 7214.20288
88.8000 1 5274.33728
88.9000 1 6259.99872
89.0000 1 5505.024
89.1000 1 7193.23136
89.2000 1 6071.25504
89.3000 1 5735.71072
89.4000 1 6291.456
89.5000 1 6941.57312
89.6000 1 6060.76928
89.7000 1 6008.34048
89.8000 1 6050.28352
89.9000 1 7035.94496
90.0000 1 6102.71232
90.1000 1 5620.36736
90.2000 1 6291.456
90.3000 1 7088.37376
90.4000 1 5830.08256
90.5000 1 5746.19648
90.6000 1 6511.65696
90.7000 1 6490.68544
90.8000 1 5683.28192
90.9000 1 5337.25184
91.0000 1 6627.00032
91.1000 1 5368.70912
91.2000 1 6081.7408
91.3000 1 6333.39904
91.4000 1 6731.85792
91.5000 1 5484.05248
91.6000 1 5777.65376
91.7000 1 7119.83104
91.8000 1 5756.68224
91.9000 1 5704.25344
92.0000 1 6018.82624
92.1000 1 6647.97184
92.2000 1 5253.36576
92.3000 1 6102.71232
92.4000 1 6459.22816
92.5000 1 6134.1696
92.6000 1 5861.53984
92.7000 1 6039.79776
92.8000 1 7130.3168
92.9000 1 5840.56832
93.0000 1 6155.14112
93.1000 1 5861.53984
93.2000 1 7014.97344
93.3000 1 5997.85472
93.4000 1 5484.05248
93.5000 1 5557.4528
93.6000 1 7298.08896
93.7000 1 6092.22656
93.8000 1 5767.168
93.9000 1 5997.85472
94.0000 1 7256.14592
94.1000 1 5819.5968
94.2000 1 5714.7392
94.3000 1 6280.97024
94.4000 1 6658.4576
94.5000 1 5913.96864
94.6000 1 6123.68384
94.7000 1 6511.65696
94.8000 1 5704.25344
94.9000 1 5567.93856
95.0000 1 5976.8832
95.1000 1 7214.20288
95.2000 1 5851.05408
95.3000 1 5756.68224
95.4000 1 5798.62528
95.5000 1 6731.85792
95.6000 1 5955.91168
95.7000 1 5347.7376
95.8000 1 7098.85952
95.9000 1 5620.36736
96.0000 1 5337.25184
96.1000 1 5872.0256
96.2000 1 5819.5968
96.3000 1 5525.99552
96.4000 1 5976.8832
96.5000 1 6679.42912
96.6000 1 5274.33728
96.7000 1 5798.62528
96.8000 1 6847.20128
96.9000 1 5704.25344
97.0000 1 5442.10944
97.1000 1 5620.36736
97.2000 1 6794.77248
97.3000 1 5955.91168
97.4000 1 5903.48288
97.5000 1 6480.19968
97.6000 1 5976.8832
97.7000 1 5997.85472
97.8000 1 5484.05248
97.9000 1 7077.888
98.0000 1 5851.05408
98.1000 1 5379.19488
98.2000 1 6134.1696
98.3000 1 7172.25984
98.4000 1 5714.7392
98.5000 1 5777.65376
98.6000 1 6480.19968
98.7000 1 6312.42752
98.8000 1 5389.68064
98.9000 1 5861.53984
99.0000 1 7371.48928
99.1000 1 5525.99552
99.2000 1 5955.91168
99.3000 1 5955.91168
99.4000 1 7361.00352
99.5000 1 5725.22496
99.6000 1 6165.62688
99.7000 1 6081.7408
99.8000 1 7203.71712
99.9000 1 6018.82624
100.0000 1 6197.08416
100.1000 1 6239.0272
100.2000 1 6889.14432
100.3000 1 6060.76928
100.4000 1 6092.22656
100.5000 1 6008.34048
100.6000 1 6700.40064
100.7000 1 5389.68064
100.8000 1 5400.1664
100.9000 1 6543.11424
101.0000 1 5515.50976
101.1000 1 5421.13792
101.2000 1 5851.05408
101.3000 1 6721.37216
101.4000 1 5840.56832
101.5000 1 5683.28192
101.6000 1 6910.11584
101.7000 1 6396.3136
101.8000 1 5567.93856
101.9000 1 5316.28032
102.0000 1 6543.11424
102.1000 1 5484.05248
102.2000 1 5725.22496
102.3000 1 6522.14272
102.4000 1 5337.25184
102.5000 1 5830.08256
102.6000 1 6018.82624
102.7000 1 7119.83104
102.8000 1 5379.19488
102.9000 1 5274.33728
103.0000 1 7130.3168
103.1000 1 5955.91168
103.2000 1 5798.62528
103.3000 1 5557.4528
103.4000 1 7266.63168
103.5000 1 5683.28192
103.6000 1 5609.8816
103.7000 1 6102.71232
103.8000 1 7224.68864
103.9000 1 5536.48128
104.0000 1 5819.5968
104.1000 1 6616.51456
104.2000 1 6186.5984
104.3000 1 5798.62528
104.4000 1 5693.76768
104.5000 1 6910.11584
104.6000 1 5861.53984
104.7000 1 5976.8832
104.8000 1 5505.024
104.9000 1 6983.51616
105.0000 1 5955.91168
105.1000 1 5945.42592
105.2000 1 6197.08416
105.3000 1 4498.39104
105.4000 1 4445.96224
105.5000 1 5662.3104
105.6000 1 4487.90528
105.7000 1 6071.25504
105.8000 1 4173.33248
105.9000 1 4383.04768
106.0000 1 5945.42592
106.1000 1 4561.3056
106.2000 1 5525.99552
106.3000 1 4362.07616
106.4000 1 4613.7344
106.5000 1 5903.48288
106.6000 1 5200.93696
106.7000 1 6050.28352
106.8000 1 6532.62848
106.9000 1 5945.42592
107.0000 1 5337.25184
107.1000 1 6878.65856
107.2000 1 5505.024
107.3000 1 5326.76608
107.4000 1 5966.39744
107.5000 1 6805.25824
107.6000 1 5987.36896
107.7000 1 5442.10944
107.8000 1 6889.14432
107.9000 1 6207.56992
108.0000 1 6029.312
108.1000 1 5368.70912
108.2000 1 7340.032
108.3000 1 5505.024
108.4000 1 5872.0256
108.5000 1 5872.0256
108.6000 1 7056.91648
108.7000 1 5400.1664
108.8000 1 5924.4544
108.9000 1 6511.65696
109.0000 1 6710.8864
109.1000 1 5840.56832
109.2000 1 6113.19808
109.3000 1 6480.19968
109.4000 1 6469.71392
109.5000 1 5505.024
109.6000 1 5955.91168
109.7000 1 7203.71712
109.8000 1 5997.85472
109.9000 1 5683.28192
110.0000 1 6060.76928
110.1000 1 7371.48928
110.2000 1 5714.7392
110.3000 1 5861.53984
110.4000 1 5955.91168
110.5000 1 7371.48928
110.6000 1 5494.53824
110.7000 1 6102.71232
110.8000 1 5997.85472
110.9000 1 7350.51776
111.0000 1 5809.11104
111.1000 1 6050.28352
111.2000 1 6218.05568
111.3000 1 7004.48768
111.4000 1 6060.76928
111.5000 1 6197.08416
111.6000 1 6228.54144
111.7000 1 6805.25824
111.8000 1 6218.05568
111.9000 1 6081.7408
112.0000 1 5662.3104
112.1000 1 7497.3184
112.2000 1 5704.25344
112.3000 1 6071.25504
112.4000 1 5599.39584
112.5000 1 7350.51776
112.6000 1 5987.36896
112.7000 1 6050.28352
112.8000 1 5505.024
112.9000 1 7402.94656
113.0000 1 6050.28352
113.1000 1 5725.22496
113.2000 1 5777.65376
113.3000 1 7266.63168
113.4000 1 6123.68384
113.5000 1 5588.91008
113.6000 1 6123.68384
113.7000 1 7256.14592
113.8000 1 5546.96704
113.9000 1 5997.85472
114.0000 1 6343.8848
114.1000 1 6071.25504
114.2000 1 5463.08096
114.3000 1 6029.312
114.4000 1 7329.54624
114.5000 1 6018.82624
114.6000 1 5379.19488
114.7000 1 6155.14112
114.8000 1 6847.20128
114.9000 1 6102.71232
115.0000 1 5567.93856
115.1000 1 6218.05568
115.2000 1 7056.91648
115.3000 1 6165.62688
115.4000 1 6553.6
115.5000 1 6658.4576
115.6000 1 6574.57152
115.7000 1 5169.47968
115.8000 1 5148.50816
115.9000 1 6847.20128
116.0000 1 6207.56992
116.1000 1 5337.25184
116.2000 1 5588.91008
116.3000 1 7927.23456
116.4000 1 5232.39424
116.5000 1 6406.79936
116.6000 1 6511.65696
116.7000 1 6710.8864
116.8000 1 6406.79936
116.9000 1 6239.0272
117.0000 1 5851.05408
117.1000 1 6564.08576
117.2000 1 5767.168
117.3000 1 6301.94176
117.4000 1 5484.05248
117.5000 1 6784.28672
117.6000 1 5389.68064
117.7000 1 6008.34048
117.8000 1 6627.00032
117.9000 1 6480.19968
118.0000 1 6375.34208
118.1000 1 6637.48608
118.2000 1 5662.3104
118.3000 1 7560.23296
118.4000 1 6301.94176
118.5000 1 5326.76608
118.6000 1 5966.39744
118.7000 1 7738.49088
118.8000 1 5525.99552
118.9000 1 6050.28352
119.0000 1 6585.05728
119.1000 1 7581.20448
119.2000 1 5892.99712
119.3000 1 6700.40064
119.4000 1 6522.14272
119.5000 1 6092.22656
119.6000 1 7329.54624
119.7000 1 6197.08416
119.8000 1 5442.10944
119.9000 1 6186.5984
120.0000 1 7266.63168
120.1000 1 6081.7408
120.2000 1 5484.05248
120.3000 1 6291.456
120.4000 1 6176.11264
120.5000 1 6427.77088
120.6000 1 6710.8864
120.7000 1 5903.48288
120.8000 1 7455.37536
120.9000 1 6385.82784
121.0000 1 6385.82784
121.1000 1 5672.79616
121.2000 1 7633.63328
121.3000 1 6218.05568
121.4000 1 6060.76928
121.5000 1 6333.39904
121.6000 1 6522.14272
121.7000 1 6857.68704
121.8000 1 5651.82464
121.9000 1 6585.05728
122.0000 1 6543.11424
122.1000 1 7035.94496
122.2000 1 6553.6
122.3000 1 5966.39744
122.4000 1 5913.96864
122.5000 1 7612.66176
122.6000 1 5494.53824
122.7000 1 5746.19648
122.8000 1 6532.62848
122.9000 1 6857.68704
123.0000 1 5620.36736
123.1000 1 6595.54304
123.2000 1 5641.33888
123.3000 1 7182.7456
123.4000 1 5798.62528
123.5000 1 6490.68544
123.6000 1 5400.1664
123.7000 1 7004.48768
123.8000 1 6165.62688
123.9000 1 6616.51456
124.0000 1 6668.94336
124.1000 1 6752.82944
124.2000 1 6543.11424
124.3000 1 5284.82304
124.4000 1 6574.57152
124.5000 1 6784.28672
124.6000 1 7298.08896
124.7000 1 5421.13792
124.8000 1 5525.99552
124.9000 1 6574.57152
125.0000 1 5505.024
125.1000 1 6606.0288
125.2000 1 5211.42272
125.3000 1 8084.52096
125.4000 1 5347.7376
125.5000 1 6008.34048
125.6000 1 5505.024
125.7000 1 6763.3152
125.8000 1 6553.6
125.9000 1 6689.91488
126.0000 1 5452.5952
126.1000 1 6710.8864
126.2000 1 6595.54304
126.3000 1 6364.85632
126.4000 1 6029.312
126.5000 1 7140.80256
126.6000 1 5693.76768
126.7000 1 6480.19968
126.8000 1 5075.10784
126.9000 1 8074.0352
127.0000 1 5463.08096
127.1000 1 6417.28512
127.2000 1 5725.22496
127.3000 1 6637.48608
127.4000 1 6186.5984
127.5000 1 6113.19808
127.6000 1 5830.08256
127.7000 1 7539.26144
127.8000 1 5651.82464
127.9000 1 6679.42912
128.0000 1 6532.62848
128.1000 1 6847.20128
128.2000 1 6658.4576
128.3000 1 5809.11104
128.4000 1 6081.7408
128.5000 1 6606.0288
128.6000 1 7937.72032
128.7000 1 5630.85312
128.8000 1 6627.00032
128.9000 1 5326.76608
129.0000 1 7937.72032
129.1000 1 5546.96704
129.2000 1 6543.11424
129.3000 1 6532.62848
129.4000 1 6585.05728
129.5000 1 6931.08736
129.6000 1 6469.71392
129.7000 1 5295.3088
129.8000 1 6574.57152
129.9000 1 7182.7456
130.0000 1 5484.05248
130.1000 1 5788.13952
130.2000 1 6585.05728
130.3000 1 6459.22816
130.4000 1 5505.024
130.5000 1 6721.37216
130.6000 1 6448.7424
130.7000 1 6857.68704
130.8000 1 5515.50976
130.9000 1 6239.0272
131.0000 1 6543.11424
131.1000 1 6501.1712
131.2000 1 5505.024
131.3000 1 6595.54304
131.4000 1 6543.11424
131.5000 1 6826.22976
131.6000 1 5368.70912
131.7000 1 6543.11424
131.8000 1 6606.0288
131.9000 1 7507.80416
132.0000 1 5924.4544
132.1000 1 5536.48128
132.2000 1 5976.8832
132.3000 1 7004.48768
132.4000 1 5536.48128
132.5000 1 6207.56992
132.6000 1 6417.28512
132.7000 1 6836.71552
132.8000 1 6532.62848
132.9000 1 5567.93856
133.0000 1 6312.42752
133.1000 1 7046.43072
133.2000 1 6186.5984
133.3000 1 6155.14112
133.4000 1 5788.13952
133.5000 1 7046.43072
133.6000 1 6511.65696
133.7000 1 5106.56512
133.8000 1 6448.7424
133.9000 1 6952.05888
134.0000 1 6354.37056
134.1000 1 6092.22656
134.2000 1 5609.8816
134.3000 1 6826.22976
134.4000 1 6301.94176
134.5000 1 5557.4528
134.6000 1 6448.7424
134.7000 1 7486.83264
134.8000 1 5567.93856
134.9000 1 6637.48608
135.0000 1 5463.08096
135.1000 1 8053.06368
135.2000 1 5809.11104
135.3000 1 6039.79776
135.4000 1 5809.11104
135.5000 1 7560.23296
135.6000 1 5232.39424
135.7000 1 6658.4576
135.8000 1 6480.19968
135.9000 1 6595.54304
136.0000 1 5463.08096
136.1000 1 6689.91488
136.2000 1 5389.68064
136.3000 1 7969.1776
136.4000 1 5295.3088
136.5000 1 6396.3136
136.6000 1 6312.42752
136.7000 1 6815.744
136.8000 1 6448.7424
136.9000 1 6616.51456
137.0000 1 5620.36736
137.1000 1 6826.22976
137.2000 1 6973.0304
137.3000 1 5683.28192
137.4000 1 6511.65696
137.5000 1 6427.77088
137.6000 1 6847.20128
137.7000 1 6595.54304
137.8000 1 5882.51136
137.9000 1 5966.39744
138.0000 1 7402.94656
138.1000 1 5913.96864
138.2000 1 6291.456
138.3000 1 5546.96704
138.4000 1 7748.97664
138.5000 1 5379.19488
138.6000 1 6742.34368
138.7000 1 6448.7424
138.8000 1 6574.57152
138.9000 1 6805.25824
139.0000 1 6060.76928
139.1000 1 5746.19648
139.2000 1 6553.6
139.3000 1 7151.28832
139.4000 1 5442.10944
139.5000 1 5955.91168
139.6000 1 6553.6
139.7000 1 6763.3152
139.8000 1 6385.82784
139.9000 1 6647.97184
140.0000 1 5525.99552
140.1000 1 6511.65696
140.2000 1 5515.50976
140.3000 1 6228.54144
140.4000 1 6752.82944
140.5000 1 6595.54304
140.6000 1 6406.79936
140.7000 1 5452.5952
140.8000 1 6511.65696
140.9000 1 6585.05728
141.0000 1 5326.76608
141.1000 1 6459.22816
141.2000 1 6889.14432
141.3000 1 6459.22816
141.4000 1 6616.51456
141.5000 1 6564.08576
141.6000 1 6018.82624
141.7000 1 6585.05728
141.8000 1 5431.62368
141.9000 1 5851.05408
142.0000 1 6836.71552
142.1000 1 6459.22816
142.2000 1 6553.6
142.3000 1 5368.70912
142.4000 1 6679.42912
142.5000 1 6585.05728
142.6000 1 6616.51456
142.7000 1 6092.22656
142.8000 1 6081.7408
142.9000 1 7885.29152
143.0000 1 6658.4576
143.1000 1 1751.12192
