0.1000 1 0.0
0.2000 1 5085.5936
0.3000 1 3942.64576
0.4000 1 7161.77408
0.5000 1 4949.27872
0.6000 1 5054.13632
0.7000 1 7119.83104
0.8000 1 5400.1664
0.9000 1 4404.0192
1.0000 1 5578.42432
1.1000 1 4487.90528
1.2000 1 5305.79456
1.3000 1 4141.8752
1.4000 1 4246.7328
1.5000 1 5463.08096
1.6000 1 4278.19008
1.7000 1 6207.56992
1.8000 1 5033.1648
1.9000 1 4771.0208
2.0000 1 6910.11584
2.1000 1 5421.13792
2.2000 1 4383.04768
2.3000 1 6239.0272
2.4000 1 4194.304
2.5000 1 5693.76768
2.6000 1 5295.3088
2.7000 1 5169.47968
2.8000 1 6270.48448
2.9000 1 6249.51296
3.0000 1 4529.84832
3.1000 1 5955.91168
3.2000 1 6039.79776
3.3000 1 4666.1632
3.4000 1 6060.76928
3.5000 1 5662.3104
3.6000 1 5651.82464
3.7000 1 5442.10944
3.8000 1 6270.48448
3.9000 1 5421.13792
4.0000 1 5064.62208
4.1000 1 6354.37056
4.2000 1 4833.93536
4.3000 1 5609.8816
4.4000 1 5567.93856
4.5000 1 4697.62048
4.6000 1 6259.99872
4.7000 1 5379.19488
4.8000 1 4781.50656
4.9000 1 6742.34368
5.0000 1 4812.96384
5.1000 1 5169.47968
5.2000 1 6616.51456
5.3000 1 4896.84992
5.4000 1 4959.76448
5.5000 1 6176.11264
5.6000 1 4708.10624
5.7000 1 4645.19168
5.8000 1 6050.28352
5.9000 1 5127.53664
6.0000 1 5609.8816
6.1000 1 6794.77248
6.2000 1 4708.10624
6.3000 1 4938.79296
6.4000 1 5934.94016
6.5000 1 4561.3056
6.6000 1 6176.11264
6.7000 1 5609.8816
6.8000 1 5557.4528
6.9000 1 5662.3104
7.0000 1 5777.65376
7.1000 1 4917.82144
7.2000 1 6039.79776
7.3000 1 5515.50976
7.4000 1 4477.41952
7.5000 1 6721.37216
7.6000 1 4760.53504
7.7000 1 4466.93376
7.8000 1 6312.42752
7.9000 1 5578.42432
8.0000 1 4666.1632
8.1000 1 6207.56992
8.2000 1 4571.79136
8.3000 1 5274.33728
8.4000 1 5840.56832
8.5000 1 4498.39104
8.6000 1 6375.34208
8.7000 1 5117.05088
8.8000 1 4498.39104
8.9000 1 6249.51296
9.0000 1 5337.25184
9.1000 1 5431.62368
9.2000 1 6647.97184
9.3000 1 4802.47808
9.4000 1 5211.42272
9.5000 1 6627.00032
9.6000 1 5536.48128
9.7000 1 5536.48128
9.8000 1 5892.99712
9.9000 1 5714.7392
10.0000 1 4844.42112
10.1000 1 6249.51296
10.2000 1 4708.10624
10.3000 1 4351.5904
10.4000 1 6637.48608
10.5000 1 4152.36096
10.6000 1 5263.85152
10.7000 1 5913.96864
10.8000 1 5295.3088
10.9000 1 5567.93856
11.0000 1 6081.7408
11.1000 1 4278.19008
11.2000 1 6197.08416
11.3000 1 5012.19328
11.4000 1 5609.8816
11.5000 1 6343.8848
11.6000 1 6008.34048
11.7000 1 5578.42432
11.8000 1 5578.42432
11.9000 1 6847.20128
12.0000 1 5158.99392
12.1000 1 4477.41952
12.2000 1 6868.1728
12.3000 1 4676.64896
12.4000 1 5085.5936
12.5000 1 6280.97024
12.6000 1 5337.25184
12.7000 1 5232.39424
12.8000 1 6396.3136
12.9000 1 5609.8816
13.0000 1 4896.84992
13.1000 1 6805.25824
13.2000 1 5452.5952
13.3000 1 4791.99232
13.4000 1 6616.51456
13.5000 1 4991.22176
13.6000 1 4844.42112
13.7000 1 6952.05888
13.8000 1 4865.39264
13.9000 1 4718.592
14.0000 1 6920.6016
14.1000 1 4750.04928
14.2000 1 5431.62368
14.3000 1 6228.54144
14.4000 1 5075.10784
14.5000 1 5085.5936
14.6000 1 6490.68544
14.7000 1 4781.50656
14.8000 1 5337.25184
14.9000 1 6689.91488
15.0000 1 5064.62208
15.1000 1 4970.25024
15.2000 1 6564.08576
15.3000 1 4949.27872
15.4000 1 5442.10944
15.5000 1 6155.14112
15.6000 1 4697.62048
15.7000 1 5609.8816
15.8000 1 5851.05408
15.9000 1 4739.56352
16.0000 1 6228.54144
16.1000 1 6134.1696
16.2000 1 4529.84832
16.3000 1 6008.34048
16.4000 1 5903.48288
16.5000 1 4362.07616
16.6000 1 6134.1696
16.7000 1 5200.93696
16.8000 1 5641.33888
16.9000 1 6322.91328
17.0000 1 6081.7408
17.1000 1 4896.84992
17.2000 1 5809.11104
17.3000 1 5075.10784
17.4000 1 4991.22176
17.5000 1 6668.94336
17.6000 1 5117.05088
17.7000 1 4645.19168
17.8000 1 6029.312
17.9000 1 4907.33568
18.0000 1 5043.65056
18.1000 1 6333.39904
18.2000 1 5578.42432
18.3000 1 4886.36416
18.4000 1 6805.25824
18.5000 1 5274.33728
18.6000 1 5368.70912
18.7000 1 6763.3152
18.8000 1 4571.79136
18.9000 1 5064.62208
19.0000 1 6564.08576
19.1000 1 5567.93856
19.2000 1 4645.19168
19.3000 1 6102.71232
19.4000 1 4666.1632
19.5000 1 5232.39424
19.6000 1 6375.34208
19.7000 1 5578.42432
19.8000 1 5473.56672
19.9000 1 6532.62848
20.0000 1 5641.33888
20.1000 1 4812.96384
20.2000 1 6878.65856
20.3000 1 5714.7392
20.4000 1 4603.24864
20.5000 1 6689.91488
20.6000 1 4896.84992
20.7000 1 4865.39264
20.8000 1 6186.5984
20.9000 1 4571.79136
21.0000 1 5075.10784
21.1000 1 6637.48608
21.2000 1 5557.4528
21.3000 1 4645.19168
21.4000 1 6343.8848
21.5000 1 4634.70592
21.6000 1 5232.39424
21.7000 1 5840.56832
21.8000 1 5043.65056
21.9000 1 5882.51136
22.0000 1 5505.024
22.1000 1 4613.7344
22.2000 1 6627.00032
22.3000 1 4393.53344
22.4000 1 4750.04928
22.5000 1 6186.5984
22.6000 1 4812.96384
22.7000 1 5620.36736
22.8000 1 6721.37216
22.9000 1 4697.62048
23.0000 1 5379.19488
23.1000 1 6836.71552
23.2000 1 4854.90688
23.3000 1 5211.42272
23.4000 1 6889.14432
23.5000 1 5295.3088
23.6000 1 5158.99392
23.7000 1 6868.1728
23.8000 1 4550.81984
23.9000 1 5001.70752
24.0000 1 6354.37056
24.1000 1 5505.024
24.2000 1 5735.71072
24.3000 1 6176.11264
24.4000 1 5158.99392
24.5000 1 4875.8784
24.6000 1 6668.94336
24.7000 1 4854.90688
24.8000 1 4928.3072
24.9000 1 6889.14432
25.0000 1 5138.0224
25.1000 1 5452.5952
25.2000 1 6427.77088
25.3000 1 5735.71072
25.4000 1 4928.3072
25.5000 1 6060.76928
25.6000 1 5735.71072
25.7000 1 5536.48128
25.8000 1 5484.05248
25.9000 1 6039.79776
26.0000 1 5421.13792
26.1000 1 5536.48128
26.2000 1 6616.51456
26.3000 1 4791.99232
26.4000 1 5379.19488
26.5000 1 6102.71232
26.6000 1 5263.85152
26.7000 1 5085.5936
26.8000 1 6637.48608
26.9000 1 4487.90528
27.0000 1 5641.33888
27.1000 1 5389.68064
27.2000 1 5138.0224
27.3000 1 6218.05568
27.4000 1 5179.96544
27.5000 1 4697.62048
27.6000 1 6501.1712
27.7000 1 4603.24864
27.8000 1 4938.79296
27.9000 1 6553.6
28.0000 1 4729.07776
28.1000 1 4697.62048
28.2000 1 6155.14112
28.3000 1 4372.56192
28.4000 1 6134.1696
28.5000 1 5106.56512
28.6000 1 4760.53504
28.7000 1 6784.28672
28.8000 1 4791.99232
28.9000 1 4634.70592
29.0000 1 6155.14112
29.1000 1 4089.4464
29.2000 1 5620.36736
29.3000 1 4959.76448
29.4000 1 4970.25024
29.5000 1 6731.85792
29.6000 1 4760.53504
29.7000 1 4949.27872
29.8000 1 6501.1712
29.9000 1 4833.93536
30.0000 1 4330.61888
30.1000 1 6868.1728
30.2000 1 4697.62048
30.3000 1 5379.19488
30.4000 1 6291.456
30.5000 1 5358.22336
30.6000 1 5379.19488
30.7000 1 6197.08416
30.8000 1 4582.27712
30.9000 1 5284.82304
31.0000 1 6123.68384
31.1000 1 5295.3088
31.2000 1 5347.7376
31.3000 1 6280.97024
31.4000 1 4980.736
31.5000 1 5494.53824
31.6000 1 6459.22816
31.7000 1 5693.76768
31.8000 1 5316.28032
31.9000 1 6868.1728
32.0000 1 5536.48128
32.1000 1 4718.592
32.2000 1 6784.28672
32.3000 1 4173.33248
32.4000 1 4708.10624
32.5000 1 5903.48288
32.6000 1 4456.448
32.7000 1 6228.54144
32.8000 1 4320.13312
32.9000 1 4645.19168
33.0000 1 6438.25664
33.1000 1 5683.28192
33.2000 1 5033.1648
33.3000 1 6207.56992
33.4000 1 5515.50976
33.5000 1 5651.82464
33.6000 1 6721.37216
33.7000 1 5599.39584
33.8000 1 4812.96384
33.9000 1 6574.57152
34.0000 1 5200.93696
34.1000 1 5106.56512
34.2000 1 6448.7424
34.3000 1 5840.56832
34.4000 1 5525.99552
34.5000 1 5400.1664
34.6000 1 6060.76928
34.7000 1 4194.304
34.8000 1 6144.65536
34.9000 1 5043.65056
35.0000 1 5054.13632
35.1000 1 6668.94336
35.2000 1 5662.3104
35.3000 1 4812.96384
35.4000 1 6616.51456
35.5000 1 5358.22336
35.6000 1 5085.5936
35.7000 1 6312.42752
35.8000 1 5966.39744
35.9000 1 5200.93696
36.0000 1 5557.4528
36.1000 1 6186.5984
36.2000 1 5494.53824
36.3000 1 5096.07936
36.4000 1 6826.22976
36.5000 1 5442.10944
36.6000 1 5442.10944
36.7000 1 6773.80096
36.8000 1 5127.53664
36.9000 1 5012.19328
37.0000 1 6836.71552
37.1000 1 4718.592
37.2000 1 4781.50656
37.3000 1 6155.14112
37.4000 1 4708.10624
37.5000 1 5211.42272
37.6000 1 5987.36896
37.7000 1 4173.33248
37.8000 1 6197.08416
37.9000 1 4781.50656
38.0000 1 4959.76448
38.1000 1 6522.14272
38.2000 1 5316.28032
38.3000 1 4739.56352
38.4000 1 6197.08416
38.5000 1 4414.50496
38.6000 1 5232.39424
38.7000 1 6354.37056
38.8000 1 4582.27712
38.9000 1 5892.99712
39.0000 1 5179.96544
39.1000 1 4215.27552
39.2000 1 6165.62688
39.3000 1 4655.67744
39.4000 1 5232.39424
39.5000 1 6186.5984
39.6000 1 5232.39424
39.7000 1 5064.62208
39.8000 1 6532.62848
39.9000 1 4928.3072
40.0000 1 5295.3088
40.1000 1 5788.13952
40.2000 1 5033.1648
40.3000 1 5945.42592
40.4000 1 5169.47968
40.5000 1 5379.19488
40.6000 1 6165.62688
40.7000 1 5316.28032
40.8000 1 5651.82464
40.9000 1 5788.13952
41.0000 1 5683.28192
41.1000 1 5567.93856
41.2000 1 5515.50976
41.3000 1 6700.40064
41.4000 1 5557.4528
41.5000 1 5305.79456
41.6000 1 6784.28672
41.7000 1 4750.04928
41.8000 1 4529.84832
41.9000 1 6102.71232
42.0000 1 4194.304
42.1000 1 6060.76928
42.2000 1 5064.62208
42.3000 1 4802.47808
42.4000 1 6899.63008
42.5000 1 5022.67904
42.6000 1 5179.96544
42.7000 1 6574.57152
42.8000 1 5672.79616
42.9000 1 5085.5936
43.0000 1 6322.91328
43.1000 1 4907.33568
43.2000 1 4928.3072
43.3000 1 6878.65856
43.4000 1 5651.82464
43.5000 1 5347.7376
43.6000 1 5830.08256
43.7000 1 5515.50976
43.8000 1 5022.67904
43.9000 1 6249.51296
44.0000 1 5242.88
44.1000 1 4456.448
44.2000 1 6878.65856
44.3000 1 5096.07936
44.4000 1 5421.13792
44.5000 1 6448.7424
44.6000 1 5337.25184
44.7000 1 4865.39264
44.8000 1 6574.57152
44.9000 1 5085.5936
45.0000 1 4435.47648
45.1000 1 6595.54304
45.2000 1 4750.04928
45.3000 1 4267.70432
45.4000 1 6008.34048
45.5000 1 5463.08096
45.6000 1 5295.3088
45.7000 1 5284.82304
45.8000 1 4697.62048
45.9000 1 6574.57152
46.0000 1 4970.25024
46.1000 1 3628.07296
46.2000 1 5819.5968
46.3000 1 5316.28032
46.4000 1 5997.85472
46.5000 1 7088.37376
46.6000 1 5945.42592
46.7000 1 4928.3072
46.8000 1 6144.65536
46.9000 1 5819.5968
47.0000 1 5651.82464
47.1000 1 5913.96864
47.2000 1 6459.22816
47.3000 1 5221.90848
47.4000 1 5232.39424
47.5000 1 7381.97504
47.6000 1 5588.91008
47.7000 1 5578.42432
47.8000 1 6564.08576
47.9000 1 5725.22496
48.0000 1 4781.50656
48.1000 1 6259.99872
48.2000 1 7004.48768
48.3000 1 6039.79776
48.4000 1 4991.22176
48.5000 1 7067.40224
48.6000 1 6417.28512
48.7000 1 5630.85312
48.8000 1 5326.76608
48.9000 1 7444.8896
49.0000 1 5767.168
49.1000 1 4445.96224
49.2000 1 6113.19808
49.3000 1 6060.76928
49.4000 1 5358.22336
49.5000 1 6071.25504
49.6000 1 7319.06048
49.7000 1 6008.34048
49.8000 1 6071.25504
49.9000 1 5798.62528
50.0000 1 7340.032
50.1000 1 4886.36416
50.2000 1 4833.93536
50.3000 1 6186.5984
50.4000 1 5840.56832
50.5000 1 5148.50816
50.6000 1 7392.4608
50.7000 1 5641.33888
50.8000 1 4729.07776
50.9000 1 6165.62688
51.0000 1 5148.50816
51.1000 1 5819.5968
51.2000 1 6239.0272
51.3000 1 5672.79616
51.4000 1 4561.3056
51.5000 1 6606.0288
51.6000 1 4949.27872
51.7000 1 5012.19328
51.8000 1 6731.85792
51.9000 1 6920.6016
52.0000 1 5788.13952
52.1000 1 5337.25184
52.2000 1 7172.25984
52.3000 1 5096.07936
52.4000 1 5452.5952
52.5000 1 6155.14112
52.6000 1 6480.19968
52.7000 1 5704.25344
52.8000 1 5945.42592
52.9000 1 7098.85952
53.0000 1 6396.3136
53.1000 1 5924.4544
53.2000 1 5263.85152
53.3000 1 6826.22976
53.4000 1 5033.1648
53.5000 1 5599.39584
53.6000 1 6679.42912
53.7000 1 5872.0256
53.8000 1 5400.1664
53.9000 1 6050.28352
54.0000 1 7340.032
54.1000 1 5515.50976
54.2000 1 5127.53664
54.3000 1 6564.08576
54.4000 1 4456.448
54.5000 1 4718.592
54.6000 1 6176.11264
54.7000 1 4844.42112
54.8000 1 5809.11104
54.9000 1 6616.51456
55.0000 1 4550.81984
55.1000 1 4896.84992
55.2000 1 6532.62848
55.3000 1 4131.38944
55.4000 1 6092.22656
55.5000 1 5368.70912
55.6000 1 5683.28192
55.7000 1 5693.76768
55.8000 1 5358.22336
55.9000 1 4078.96064
56.0000 1 6155.14112
56.1000 1 5463.08096
56.2000 1 5630.85312
56.3000 1 6763.3152
56.4000 1 5672.79616
56.5000 1 5169.47968
56.6000 1 6113.19808
56.7000 1 6994.00192
56.8000 1 4980.736
56.9000 1 5892.99712
57.0000 1 6071.25504
57.1000 1 4424.99072
57.2000 1 4980.736
57.3000 1 7402.94656
57.4000 1 5138.0224
57.5000 1 5588.91008
57.6000 1 6857.68704
57.7000 1 4991.22176
57.8000 1 5714.7392
57.9000 1 6092.22656
58.0000 1 4991.22176
58.1000 1 5651.82464
58.2000 1 6155.14112
58.3000 1 6102.71232
58.4000 1 5075.10784
58.5000 1 5620.36736
58.6000 1 5085.5936
58.7000 1 5158.99392
58.8000 1 6438.25664
58.9000 1 5651.82464
59.0000 1 5683.28192
59.1000 1 6039.79776
59.2000 1 7277.11744
59.3000 1 5777.65376
59.4000 1 5997.85472
59.5000 1 5505.024
59.6000 1 5809.11104
59.7000 1 5934.94016
59.8000 1 4970.25024
59.9000 1 6469.71392
60.0000 1 5085.5936
60.1000 1 5987.36896
60.2000 1 7130.3168
60.3000 1 5295.3088
60.4000 1 5546.96704
60.5000 1 6322.91328
60.6000 1 6794.77248
60.7000 1 4718.592
60.8000 1 5232.39424
60.9000 1 7067.40224
61.0000 1 5452.5952
61.1000 1 5966.39744
61.2000 1 6658.4576
61.3000 1 5872.0256
61.4000 1 5872.0256
61.5000 1 5054.13632
61.6000 1 7151.28832
61.7000 1 5735.71072
61.8000 1 4917.82144
61.9000 1 6647.97184
62.0000 1 5809.11104
62.1000 1 4592.76288
62.2000 1 6553.6
62.3000 1 4991.22176
62.4000 1 5400.1664
62.5000 1 6417.28512
62.6000 1 5557.4528
62.7000 1 5840.56832
62.8000 1 5830.08256
62.9000 1 6910.11584
63.0000 1 5494.53824
63.1000 1 5525.99552
63.2000 1 7088.37376
63.3000 1 4362.07616
63.4000 1 5096.07936
63.5000 1 6700.40064
63.6000 1 5798.62528
63.7000 1 5442.10944
63.8000 1 6165.62688
63.9000 1 6899.63008
64.0000 1 5536.48128
64.1000 1 4561.3056
64.2000 1 7235.1744
64.3000 1 5211.42272
64.4000 1 5934.94016
64.5000 1 6511.65696
64.6000 1 5945.42592
64.7000 1 5840.56832
64.8000 1 5505.024
64.9000 1 6899.63008
65.0000 1 5127.53664
65.1000 1 4592.76288
65.2000 1 5882.51136
65.3000 1 4823.4496
65.4000 1 5934.94016
65.5000 1 6385.82784
65.6000 1 5400.1664
65.7000 1 5473.56672
65.8000 1 6731.85792
65.9000 1 4634.70592
66.0000 1 5253.36576
66.1000 1 7203.71712
66.2000 1 5505.024
66.3000 1 5326.76608
66.4000 1 6448.7424
66.5000 1 5473.56672
66.6000 1 4844.42112
66.7000 1 6406.79936
66.8000 1 6501.1712
66.9000 1 5861.53984
67.0000 1 5442.10944
67.1000 1 7224.68864
67.2000 1 5704.25344
67.3000 1 5473.56672
67.4000 1 5630.85312
67.5000 1 6742.34368
67.6000 1 5274.33728
67.7000 1 4970.25024
67.8000 1 7256.14592
67.9000 1 5421.13792
68.0000 1 5578.42432
68.1000 1 6637.48608
68.2000 1 5756.68224
68.3000 1 5620.36736
68.4000 1 5389.68064
68.5000 1 6910.11584
68.6000 1 5609.8816
68.7000 1 5651.82464
68.8000 1 5819.5968
68.9000 1 4078.96064
69.0000 1 5484.05248
69.1000 1 4236.24704
69.2000 1 4141.8752
69.3000 1 5421.13792
69.4000 1 5033.1648
69.5000 1 6343.8848
69.6000 1 5955.91168
69.7000 1 5379.19488
69.8000 1 5421.13792
69.9000 1 6962.54464
70.0000 1 5232.39424
70.1000 1 5400.1664
70.2000 1 6501.1712
70.3000 1 4980.736
70.4000 1 6008.34048
70.5000 1 6805.25824
70.6000 1 5463.08096
70.7000 1 4414.50496
70.8000 1 6459.22816
70.9000 1 3879.7312
71.0000 1 5400.1664
71.1000 1 4141.8752
71.2000 1 4309.64736
71.3000 1 5358.22336
71.4000 1 3806.33088
71.5000 1 5704.25344
71.6000 1 3942.64576
71.7000 1 6301.94176
71.8000 1 4225.76128
71.9000 1 4173.33248
72.0000 1 6490.68544
72.1000 1 5305.79456
72.2000 1 4959.76448
72.3000 1 6826.22976
72.4000 1 5452.5952
72.5000 1 5316.28032
72.6000 1 6616.51456
72.7000 1 5337.25184
72.8000 1 5987.36896
72.9000 1 6375.34208
73.0000 1 6155.14112
73.1000 1 5830.08256
73.2000 1 5557.4528
73.3000 1 7025.4592
73.4000 1 5421.13792
73.5000 1 5704.25344
73.6000 1 6018.82624
73.7000 1 6228.54144
73.8000 1 5892.99712
73.9000 1 5400.1664
74.0000 1 7140.80256
74.1000 1 5410.65216
74.2000 1 6029.312
74.3000 1 5756.68224
74.4000 1 6868.1728
74.5000 1 5620.36736
74.6000 1 5525.99552
74.7000 1 6501.1712
74.8000 1 5463.08096
74.9000 1 5431.62368
75.0000 1 6721.37216
75.1000 1 6543.11424
75.2000 1 5546.96704
75.3000 1 5525.99552
75.4000 1 6574.57152
75.5000 1 5274.33728
75.6000 1 5389.68064
75.7000 1 6836.71552
75.8000 1 5924.4544
75.9000 1 5725.22496
76.0000 1 5882.51136
76.1000 1 6627.00032
76.2000 1 5578.42432
76.3000 1 5274.33728
76.4000 1 6920.6016
76.5000 1 5630.85312
76.6000 1 5106.56512
76.7000 1 5882.51136
76.8000 1 6668.94336
76.9000 1 5389.68064
77.0000 1 5368.70912
77.1000 1 7319.06048
77.2000 1 5368.70912
77.3000 1 5798.62528
77.4000 1 6186.5984
77.5000 1 6322.91328
77.6000 1 5976.8832
77.7000 1 5945.42592
77.8000 1 6826.22976
77.9000 1 5484.05248
78.0000 1 6008.34048
78.1000 1 5809.11104
78.2000 1 6983.51616
78.3000 1 5588.91008
78.4000 1 5872.0256
78.5000 1 6008.34048
78.6000 1 6931.08736
78.7000 1 5746.19648
78.8000 1 5997.85472
78.9000 1 6501.1712
79.0000 1 6417.28512
79.1000 1 5609.8816
79.2000 1 5295.3088
79.3000 1 7214.20288
79.4000 1 5379.19488
79.5000 1 5913.96864
79.6000 1 6259.99872
79.7000 1 6165.62688
79.8000 1 6018.82624
79.9000 1 5158.99392
80.0000 1 7161.77408
80.1000 1 5515.50976
80.2000 1 5746.19648
80.3000 1 6081.7408
80.4000 1 5903.48288
80.5000 1 4980.736
80.6000 1 5934.94016
80.7000 1 7235.1744
80.8000 1 5400.1664
80.9000 1 5788.13952
81.0000 1 6647.97184
81.1000 1 6668.94336
81.2000 1 5274.33728
81.3000 1 5798.62528
81.4000 1 6385.82784
81.5000 1 5934.94016
81.6000 1 5777.65376
81.7000 1 6029.312
81.8000 1 6763.3152
81.9000 1 5830.08256
82.0000 1 5641.33888
82.1000 1 6910.11584
82.2000 1 5872.0256
82.3000 1 5987.36896
82.4000 1 4886.36416
82.5000 1 7245.66016
82.6000 1 5767.168
82.7000 1 5987.36896
82.8000 1 6102.71232
82.9000 1 6731.85792
83.0000 1 5452.5952
83.1000 1 5767.168
83.2000 1 7046.43072
83.3000 1 5232.39424
83.4000 1 5798.62528
83.5000 1 5861.53984
83.6000 1 6920.6016
83.7000 1 5872.0256
83.8000 1 5662.3104
83.9000 1 6647.97184
84.0000 1 6186.5984
84.1000 1 5358.22336
84.2000 1 5830.08256
84.3000 1 6784.28672
84.4000 1 5389.68064
84.5000 1 5127.53664
84.6000 1 6721.37216
84.7000 1 5316.28032
84.8000 1 5840.56832
84.9000 1 6113.19808
85.0000 1 6805.25824
85.1000 1 5337.25184
85.2000 1 5169.47968
85.3000 1 7151.28832
85.4000 1 5641.33888
85.5000 1 5851.05408
85.6000 1 5934.94016
85.7000 1 5851.05408
85.8000 1 5987.36896
85.9000 1 5211.42272
86.0000 1 7497.3184
86.1000 1 5630.85312
86.2000 1 5861.53984
86.3000 1 5693.76768
86.4000 1 6553.6
86.5000 1 5913.96864
86.6000 1 5851.05408
86.7000 1 6731.85792
86.8000 1 5756.68224
86.9000 1 5389.68064
87.0000 1 5840.56832
87.1000 1 6847.20128
87.2000 1 5368.70912
87.3000 1 4970.25024
87.4000 1 7465.86112
87.5000 1 5641.33888
87.6000 1 5337.25184
87.7000 1 5997.85472
87.8000 1 6878.65856
87.9000 1 5410.65216
88.0000 1 5567.93856
88.1000 1 6553.6
88.2000 1 5525.99552
88.3000 1 5882.51136
88.4000 1 6333.39904
88.5000 1 6511.65696
88.6000 1 5840.56832
88.7000 1 5851.05408
88.8000 1 6574.57152
88.9000 1 5924.4544
89.0000 1 5536.48128
89.1000 1 5861.53984
89.2000 1 7465.86112
89.3000 1 5609.8816
89.4000 1 5211.42272
89.5000 1 6406.79936
89.6000 1 6805.25824
89.7000 1 5337.25184
89.8000 1 4896.84992
89.9000 1 7193.23136
90.0000 1 5221.90848
90.1000 1 6029.312
90.2000 1 6668.94336
90.3000 1 5263.85152
90.4000 1 5892.99712
90.5000 1 5882.51136
90.6000 1 6647.97184
90.7000 1 5913.96864
90.8000 1 5515.50976
90.9000 1 6752.82944
91.0000 1 5662.3104
91.1000 1 5788.13952
91.2000 1 5347.7376
91.3000 1 7402.94656
91.4000 1 5515.50976
91.5000 1 5232.39424
91.6000 1 6983.51616
91.7000 1 5693.76768
91.8000 1 5767.168
91.9000 1 5295.3088
92.0000 1 6794.77248
92.1000 1 5557.4528
92.2000 1 5683.28192
92.3000 1 6994.00192
92.4000 1 6218.05568
92.5000 1 5431.62368
92.6000 1 6050.28352
92.7000 1 6501.1712
92.8000 1 5872.0256
92.9000 1 5851.05408
93.0000 1 6060.76928
93.1000 1 5987.36896
93.2000 1 5117.05088
93.3000 1 5630.85312
93.4000 1 6805.25824
93.5000 1 5484.05248
93.6000 1 5756.68224
93.7000 1 7109.34528
93.8000 1 5809.11104
93.9000 1 5179.96544
94.0000 1 5620.36736
94.1000 1 6962.54464
94.2000 1 5651.82464
94.3000 1 5767.168
94.4000 1 6910.11584
94.5000 1 5704.25344
94.6000 1 4089.4464
94.7000 1 5662.3104
94.8000 1 4666.1632
94.9000 1 5022.67904
95.0000 1 4561.3056
95.1000 1 3974.10304
95.2000 1 5777.65376
95.3000 1 4089.4464
95.4000 1 5567.93856
95.5000 1 4383.04768
95.6000 1 5158.99392
95.7000 1 5043.65056
95.8000 1 4320.13312
95.9000 1 6459.22816
96.0000 1 5442.10944
96.1000 1 5987.36896
96.2000 1 6280.97024
96.3000 1 5714.7392
96.4000 1 5588.91008
96.5000 1 5683.28192
96.6000 1 6994.00192
96.7000 1 5683.28192
96.8000 1 5452.5952
96.9000 1 6784.28672
97.0000 1 6029.312
97.1000 1 5546.96704
97.2000 1 5997.85472
97.3000 1 6815.744
97.4000 1 5505.024
97.5000 1 6060.76928
97.6000 1 5934.94016
97.7000 1 6501.1712
97.8000 1 5746.19648
97.9000 1 5347.7376
98.0000 1 7308.57472
98.1000 1 5463.08096
98.2000 1 5746.19648
98.3000 1 5861.53984
98.4000 1 6847.20128
98.5000 1 5662.3104
98.6000 1 6008.34048
98.7000 1 6511.65696
98.8000 1 6207.56992
98.9000 1 5536.48128
99.0000 1 5819.5968
99.1000 1 6994.00192
99.2000 1 5284.82304
99.3000 1 5819.5968
99.4000 1 6249.51296
99.5000 1 6511.65696
99.6000 1 5630.85312
99.7000 1 5767.168
99.8000 1 6773.80096
99.9000 1 5934.94016
100.0000 1 5179.96544
100.1000 1 6060.76928
100.2000 1 6564.08576
100.3000 1 5662.3104
100.4000 1 5903.48288
100.5000 1 7035.94496
100.6000 1 5672.79616
100.7000 1 5945.42592
100.8000 1 5536.48128
100.9000 1 6668.94336
101.0000 1 5326.76608
101.1000 1 5525.99552
101.2000 1 6532.62848
101.3000 1 6039.79776
101.4000 1 5704.25344
101.5000 1 5662.3104
101.6000 1 7056.91648
101.7000 1 5609.8816
101.8000 1 5872.0256
101.9000 1 6606.0288
102.0000 1 5725.22496
102.1000 1 5672.79616
102.2000 1 5358.22336
102.3000 1 7402.94656
102.4000 1 5924.4544
102.5000 1 5106.56512
102.6000 1 5903.48288
102.7000 1 4424.99072
102.8000 1 5588.91008
102.9000 1 6469.71392
103.0000 1 5756.68224
103.1000 1 5882.51136
103.2000 1 6155.14112
103.3000 1 6427.77088
103.4000 1 5903.48288
103.5000 1 5578.42432
103.6000 1 7119.83104
103.7000 1 5505.024
103.8000 1 5651.82464
103.9000 1 5777.65376
104.0000 1 7235.1744
104.1000 1 5505.024
104.2000 1 5704.25344
104.3000 1 6710.8864
104.4000 1 6396.3136
104.5000 1 5305.79456
104.6000 1 5966.39744
104.7000 1 6952.05888
104.8000 1 5955.91168
104.9000 1 5546.96704
105.0000 1 5798.62528
105.1000 1 6826.22976
105.2000 1 5955.91168
105.3000 1 5924.4544
105.4000 1 6364.85632
105.5000 1 5536.48128
105.6000 1 6060.76928
105.7000 1 5263.85152
105.8000 1 7056.91648
105.9000 1 6050.28352
106.0000 1 5389.68064
106.1000 1 6532.62848
106.2000 1 5274.33728
106.3000 1 5987.36896
106.4000 1 5505.024
106.5000 1 6941.57312
106.6000 1 5945.42592
106.7000 1 5892.99712
106.8000 1 6375.34208
106.9000 1 6228.54144
107.0000 1 5693.76768
107.1000 1 5567.93856
107.2000 1 6920.6016
107.3000 1 5442.10944
107.4000 1 5861.53984
107.5000 1 6197.08416
107.6000 1 6616.51456
107.7000 1 5578.42432
107.8000 1 5400.1664
107.9000 1 6406.79936
108.0000 1 5882.51136
108.1000 1 5452.5952
108.2000 1 6543.11424
108.3000 1 6029.312
108.4000 1 5788.13952
108.5000 1 5389.68064
108.6000 1 7256.14592
108.7000 1 5452.5952
108.8000 1 5777.65376
108.9000 1 5934.94016
109.0000 1 6480.19968
109.1000 1 5945.42592
109.2000 1 5274.33728
109.3000 1 6553.6
109.4000 1 5284.82304
109.5000 1 5085.5936
109.6000 1 6973.0304
109.7000 1 5777.65376
109.8000 1 5473.56672
109.9000 1 5945.42592
110.0000 1 6710.8864
110.1000 1 5253.36576
110.2000 1 5945.42592
110.3000 1 6679.42912
110.4000 1 5767.168
110.5000 1 5494.53824
110.6000 1 6228.54144
110.7000 1 6176.11264
110.8000 1 5609.8816
110.9000 1 6029.312
111.0000 1 7203.71712
111.1000 1 5452.5952
111.2000 1 5777.65376
111.3000 1 5630.85312
111.4000 1 7444.8896
111.5000 1 5253.36576
111.6000 1 5746.19648
111.7000 1 6501.1712
111.8000 1 6165.62688
111.9000 1 5620.36736
112.0000 1 5452.5952
112.1000 1 7298.08896
112.2000 1 5840.56832
112.3000 1 5525.99552
112.4000 1 6155.14112
112.5000 1 6606.0288
112.6000 1 5347.7376
112.7000 1 5809.11104
112.8000 1 6826.22976
112.9000 1 5735.71072
113.0000 1 5505.024
113.1000 1 6060.76928
113.2000 1 6689.91488
113.3000 1 6144.65536
113.4000 1 5169.47968
113.5000 1 7130.3168
113.6000 1 5903.48288
113.7000 1 5903.48288
113.8000 1 5578.42432
113.9000 1 6763.3152
114.0000 1 5431.62368
114.1000 1 5442.10944
114.2000 1 6868.1728
114.3000 1 6050.28352
114.4000 1 5211.42272
114.5000 1 5410.65216
114.6000 1 7130.3168
114.7000 1 5872.0256
114.8000 1 5410.65216
114.9000 1 6784.28672
115.0000 1 6113.19808
115.1000 1 5452.5952
115.2000 1 5221.90848
115.3000 1 6218.05568
115.4000 1 5232.39424
115.5000 1 5746.19648
115.6000 1 6941.57312
115.7000 1 6218.05568
115.8000 1 5305.79456
115.9000 1 6207.56992
116.0000 1 6427.77088
116.1000 1 5588.91008
116.2000 1 5767.168
116.3000 1 7371.48928
116.4000 1 5431.62368
116.5000 1 5725.22496
116.6000 1 5620.36736
116.7000 1 6532.62848
116.8000 1 5347.7376
116.9000 1 5725.22496
117.0000 1 6721.37216
117.1000 1 5295.3088
117.2000 1 5777.65376
117.3000 1 6459.22816
117.4000 1 5305.79456
117.5000 1 5746.19648
117.6000 1 5882.51136
117.7000 1 7151.28832
117.8000 1 5452.5952
117.9000 1 6060.76928
118.0000 1 6375.34208
118.1000 1 6008.34048
118.2000 1 5704.25344
118.3000 1 5494.53824
118.4000 1 6522.14272
118.5000 1 5966.39744
118.6000 1 5305.79456
118.7000 1 6878.65856
118.8000 1 5934.94016
118.9000 1 5515.50976
119.0000 1 5326.76608
119.1000 1 6627.00032
119.2000 1 6050.28352
119.3000 1 5274.33728
119.4000 1 7182.7456
119.5000 1 5473.56672
119.6000 1 5683.28192
119.7000 1 5651.82464
119.8000 1 6396.3136
119.9000 1 5284.82304
120.0000 1 5798.62528
120.1000 1 6731.85792
120.2000 1 5232.39424
120.3000 1 5903.48288
120.4000 1 6469.71392
120.5000 1 6197.08416
120.6000 1 5662.3104
120.7000 1 5746.19648
120.8000 1 6794.77248
120.9000 1 5704.25344
121.0000 1 5578.42432
121.1000 1 6218.05568
121.2000 1 7088.37376
121.3000 1 5431.62368
121.4000 1 5809.11104
121.5000 1 6805.25824
121.6000 1 6029.312
121.7000 1 5662.3104
121.8000 1 5746.19648
121.9000 1 6689.91488
122.0000 1 5819.5968
122.1000 1 5117.05088
122.2000 1 6637.48608
122.3000 1 6186.5984
122.4000 1 5064.62208
122.5000 1 5662.3104
122.6000 1 6333.39904
122.7000 1 5064.62208
122.8000 1 5913.96864
122.9000 1 7287.6032
123.0000 1 5714.7392
123.1000 1 5431.62368
123.2000 1 6165.62688
123.3000 1 6616.51456
123.4000 1 5819.5968
123.5000 1 5714.7392
123.6000 1 6973.0304
123.7000 1 5651.82464
123.8000 1 5945.42592
123.9000 1 5190.4512
124.0000 1 7256.14592
124.1000 1 5316.28032
124.2000 1 5410.65216
124.3000 1 6616.51456
124.4000 1 5693.76768
124.5000 1 5913.96864
124.6000 1 5641.33888
124.7000 1 6721.37216
124.8000 1 5588.91008
124.9000 1 6039.79776
125.0000 1 6459.22816
125.1000 1 5588.91008
125.2000 1 5693.76768
125.3000 1 5851.05408
125.4000 1 6899.63008
125.5000 1 5683.28192
125.6000 1 5976.8832
125.7000 1 6280.97024
125.8000 1 5840.56832
125.9000 1 5672.79616
126.0000 1 5620.36736
126.1000 1 6637.48608
126.2000 1 5746.19648
126.3000 1 6008.34048
126.4000 1 6627.00032
126.5000 1 5809.11104
126.6000 1 5484.05248
126.7000 1 5798.62528
126.8000 1 6501.1712
126.9000 1 5903.48288
127.0000 1 5777.65376
127.1000 1 6710.8864
127.2000 1 5546.96704
127.3000 1 5997.85472
127.4000 1 5232.39424
127.5000 1 7130.3168
127.6000 1 5662.3104
127.7000 1 5326.76608
127.8000 1 7025.4592
127.9000 1 5830.08256
128.0000 1 5683.28192
128.1000 1 6018.82624
128.2000 1 6375.34208
128.3000 1 5305.79456
128.4000 1 6081.7408
128.5000 1 6564.08576
128.6000 1 5557.4528
128.7000 1 5767.168
128.8000 1 5578.42432
128.9000 1 7266.63168
129.0000 1 5976.8832
129.1000 1 5379.19488
129.2000 1 6364.85632
129.3000 1 6322.91328
129.4000 1 5872.0256
129.5000 1 5892.99712
129.6000 1 6689.91488
129.7000 1 5515.50976
129.8000 1 5872.0256
129.9000 1 5704.25344
130.0000 1 7025.4592
130.1000 1 5609.8816
130.2000 1 5536.48128
130.3000 1 7025.4592
130.4000 1 5872.0256
130.5000 1 5379.19488
130.6000 1 6144.65536
130.7000 1 6417.28512
130.8000 1 5179.96544
130.9000 1 5452.5952
131.0000 1 6522.14272
131.1000 1 5609.8816
131.2000 1 5934.94016
131.3000 1 5924.4544
131.4000 1 6459.22816
131.5000 1 5473.56672
131.6000 1 6039.79776
131.7000 1 7088.37376
131.8000 1 5525.99552
131.9000 1 5704.25344
132.0000 1 5798.62528
132.1000 1 6815.744
132.2000 1 6071.25504
132.3000 1 5641.33888
132.4000 1 6385.82784
132.5000 1 5284.82304
132.6000 1 5830.08256
132.7000 1 5840.56832
132.8000 1 6564.08576
132.9000 1 5987.36896
133.0000 1 5410.65216
133.1000 1 6910.11584
133.2000 1 6134.1696
133.3000 1 5452.5952
133.4000 1 5588.91008
133.5000 1 7319.06048
133.6000 1 5452.5952
133.7000 1 5421.13792
133.8000 1 6689.91488
133.9000 1 5672.79616
134.0000 1 5316.28032
134.1000 1 5861.53984
134.2000 1 6700.40064
134.3000 1 5851.05408
134.4000 1 5389.68064
134.5000 1 7077.888
134.6000 1 5672.79616
134.7000 1 6102.71232
134.8000 1 5641.33888
134.9000 1 7266.63168
135.0000 1 5211.42272
135.1000 1 5630.85312
135.2000 1 6427.77088
135.3000 1 6102.71232
135.4000 1 5232.39424
135.5000 1 5525.99552
135.6000 1 7193.23136
135.7000 1 5536.48128
135.8000 1 5714.7392
135.9000 1 6606.0288
136.0000 1 6218.05568
136.1000 1 5588.91008
136.2000 1 5945.42592
136.3000 1 6689.91488
136.4000 1 5725.22496
136.5000 1 5347.7376
136.6000 1 6364.85632
136.7000 1 6878.65856
136.8000 1 5997.85472
136.9000 1 5337.25184
137.0000 1 6899.63008
137.1000 1 5546.96704
137.2000 1 5358.22336
137.3000 1 5872.0256
137.4000 1 6291.456
137.5000 1 5725.22496
137.6000 1 5714.7392
137.7000 1 6553.6
137.8000 1 5725.22496
137.9000 1 5882.51136
138.0000 1 6008.34048
138.1000 1 6805.25824
138.2000 1 5169.47968
138.3000 1 5295.3088
138.4000 1 7193.23136
138.5000 1 5641.33888
138.6000 1 5484.05248
138.7000 1 6301.94176
138.8000 1 6018.82624
138.9000 1 5704.25344
139.0000 1 5872.0256
139.1000 1 6836.71552
139.2000 1 5599.39584
139.3000 1 5966.39744
139.4000 1 5882.51136
139.5000 1 6763.3152
139.6000 1 5463.08096
139.7000 1 5934.94016
139.8000 1 6668.94336
139.9000 1 5651.82464
140.0000 1 5693.76768
140.1000 1 5903.48288
140.2000 1 6878.65856
140.3000 1 5515.50976
140.4000 1 5672.79616
140.5000 1 6564.08576
140.6000 1 5819.5968
140.7000 1 5903.48288
140.8000 1 5400.1664
140.9000 1 7130.3168
141.0000 1 5746.19648
141.1000 1 5788.13952
141.2000 1 6469.71392
141.3000 1 5777.65376
141.4000 1 5505.024
141.5000 1 5997.85472
141.6000 1 7235.1744
141.7000 1 5578.42432
141.8000 1 5379.19488
141.9000 1 6385.82784
142.0000 1 6427.77088
142.1000 1 5305.79456
142.2000 1 5976.8832
142.3000 1 6668.94336
142.4000 1 5892.99712
142.5000 1 5400.1664
142.6000 1 6197.08416
142.7000 1 6385.82784
142.8000 1 5662.3104
142.9000 1 5924.4544
143.0000 1 7203.71712
143.1000 1 5809.11104
143.2000 1 5851.05408
143.3000 1 5588.91008
143.4000 1 6731.85792
143.5000 1 5809.11104
143.6000 1 5662.3104
143.7000 1 6448.7424
143.8000 1 6123.68384
143.9000 1 5945.42592
144.0000 1 5305.79456
144.1000 1 7119.83104
144.2000 1 5578.42432
144.3000 1 5316.28032
144.4000 1 6469.71392
144.5000 1 5200.93696
144.6000 1 5337.25184
144.7000 1 6207.56992
144.8000 1 6144.65536
144.9000 1 5903.48288
145.0000 1 3753.90208
