0.1000 1 0.0
0.2000 1 6144.65536
0.3000 1 3659.53024
0.4000 1 6417.28512
0.5000 1 5588.91008
0.6000 1 4666.1632
0.7000 1 6469.71392
0.8000 1 6606.0288
0.9000 1 4928.3072
1.0000 1 5200.93696
1.1000 1 7843.34848
1.2000 1 6039.79776
1.3000 1 5033.1648
1.4000 1 6218.05568
1.5000 1 6280.97024
1.6000 1 4896.84992
1.7000 1 5525.99552
1.8000 1 5179.96544
1.9000 1 4634.70592
2.0000 1 6836.71552
2.1000 1 5379.19488
2.2000 1 5001.70752
2.3000 1 6406.79936
2.4000 1 6501.1712
2.5000 1 4928.3072
2.6000 1 5295.3088
2.7000 1 7801.40544
2.8000 1 4991.22176
2.9000 1 4351.5904
3.0000 1 7822.37696
3.1000 1 5494.53824
3.2000 1 5557.4528
3.3000 1 5651.82464
3.4000 1 5819.5968
3.5000 1 5630.85312
3.6000 1 6270.48448
3.7000 1 5976.8832
3.8000 1 4613.7344
3.9000 1 5211.42272
4.0000 1 5400.1664
4.1000 1 4383.04768
4.2000 1 6857.68704
4.3000 1 6144.65536
4.4000 1 4645.19168
4.5000 1 6050.28352
4.6000 1 7298.08896
4.7000 1 4645.19168
4.8000 1 4771.0208
4.9000 1 5096.07936
5.0000 1 5924.4544
5.1000 1 5746.19648
5.2000 1 5463.08096
5.3000 1 4225.76128
5.4000 1 7046.43072
5.5000 1 6511.65696
5.6000 1 5525.99552
5.7000 1 4907.33568
5.8000 1 5567.93856
5.9000 1 4236.24704
6.0000 1 6343.8848
6.1000 1 4005.56032
6.2000 1 4624.22016
6.3000 1 6501.1712
6.4000 1 4844.42112
6.5000 1 5263.85152
6.6000 1 6752.82944
6.7000 1 5284.82304
6.8000 1 6259.99872
6.9000 1 6710.8864
7.0000 1 4844.42112
7.1000 1 5505.024
7.2000 1 5809.11104
7.3000 1 5284.82304
7.4000 1 5463.08096
7.5000 1 6700.40064
7.6000 1 6448.7424
7.7000 1 4372.56192
7.8000 1 5588.91008
7.9000 1 4592.76288
8.0000 1 4561.3056
8.1000 1 7675.57632
8.2000 1 5379.19488
8.3000 1 4351.5904
8.4000 1 6616.51456
8.5000 1 5347.7376
8.6000 1 5641.33888
8.7000 1 6427.77088
8.8000 1 5809.11104
8.9000 1 4697.62048
9.0000 1 5683.28192
9.1000 1 6826.22976
9.2000 1 4330.61888
9.3000 1 5620.36736
9.4000 1 7434.40384
9.5000 1 4099.93216
9.6000 1 5253.36576
9.7000 1 5662.3104
9.8000 1 4676.64896
9.9000 1 6354.37056
10.0000 1 7046.43072
10.1000 1 5546.96704
10.2000 1 4791.99232
10.3000 1 5672.79616
10.4000 1 4833.93536
10.5000 1 6102.71232
10.6000 1 7738.49088
10.7000 1 4592.76288
10.8000 1 4141.8752
10.9000 1 7707.0336
11.0000 1 4676.64896
11.1000 1 4875.8784
11.2000 1 7413.43232
11.3000 1 4959.76448
11.4000 1 4781.50656
11.5000 1 6952.05888
11.6000 1 6679.42912
11.7000 1 4141.8752
11.8000 1 5830.08256
11.9000 1 5431.62368
12.0000 1 6165.62688
12.1000 1 5190.4512
12.2000 1 4917.82144
12.3000 1 4078.96064
12.4000 1 7748.97664
12.5000 1 5861.53984
12.6000 1 5746.19648
12.7000 1 5421.13792
12.8000 1 8000.63488
12.9000 1 5484.05248
13.0000 1 4225.76128
13.1000 1 6647.97184
13.2000 1 4865.39264
13.3000 1 5179.96544
13.4000 1 7025.4592
13.5000 1 5599.39584
13.6000 1 4582.27712
13.7000 1 6081.7408
13.8000 1 4991.22176
13.9000 1 5672.79616
14.0000 1 6511.65696
14.1000 1 5714.7392
14.2000 1 5148.50816
14.3000 1 5924.4544
14.4000 1 4750.04928
14.5000 1 3869.24544
14.6000 1 7235.1744
14.7000 1 6207.56992
14.8000 1 5704.25344
14.9000 1 6459.22816
15.0000 1 6092.22656
15.1000 1 5620.36736
15.2000 1 5641.33888
15.3000 1 7004.48768
15.4000 1 6700.40064
15.5000 1 5830.08256
15.6000 1 5578.42432
15.7000 1 6333.39904
15.8000 1 4750.04928
15.9000 1 4225.76128
16.0000 1 6962.54464
16.1000 1 3827.3024
16.2000 1 5945.42592
16.3000 1 5431.62368
16.4000 1 4477.41952
16.5000 1 6385.82784
16.6000 1 4540.33408
16.7000 1 5085.5936
16.8000 1 6490.68544
16.9000 1 4781.50656
17.0000 1 5117.05088
17.1000 1 6406.79936
17.2000 1 4833.93536
17.3000 1 4907.33568
17.4000 1 5788.13952
17.5000 1 4529.84832
17.6000 1 6312.42752
17.7000 1 4477.41952
17.8000 1 5096.07936
17.9000 1 6857.68704
18.0000 1 4991.22176
18.1000 1 5725.22496
18.2000 1 6375.34208
18.3000 1 5788.13952
18.4000 1 4886.36416
18.5000 1 6102.71232
18.6000 1 4991.22176
18.7000 1 5179.96544
18.8000 1 6301.94176
18.9000 1 5138.0224
19.0000 1 5127.53664
19.1000 1 6742.34368
19.2000 1 5966.39744
19.3000 1 4687.13472
19.4000 1 6018.82624
19.5000 1 4718.592
19.6000 1 5169.47968
19.7000 1 6679.42912
19.8000 1 4582.27712
19.9000 1 4372.56192
20.0000 1 6647.97184
20.1000 1 4791.99232
20.2000 1 5127.53664
20.3000 1 6553.6
20.4000 1 5337.25184
20.5000 1 4613.7344
20.6000 1 6039.79776
20.7000 1 5085.5936
20.8000 1 5578.42432
20.9000 1 6071.25504
21.0000 1 5033.1648
21.1000 1 5546.96704
21.2000 1 6312.42752
21.3000 1 4498.39104
21.4000 1 5987.36896
21.5000 1 5442.10944
21.6000 1 4833.93536
21.7000 1 6448.7424
21.8000 1 5830.08256
21.9000 1 5064.62208
22.0000 1 5809.11104
22.1000 1 6270.48448
22.2000 1 4708.10624
22.3000 1 5767.168
22.4000 1 5651.82464
22.5000 1 4362.07616
22.6000 1 6165.62688
22.7000 1 4760.53504
22.8000 1 4624.22016
22.9000 1 6197.08416
23.0000 1 5190.4512
23.1000 1 4917.82144
23.2000 1 6973.0304
23.3000 1 4917.82144
23.4000 1 4823.4496
23.5000 1 5819.5968
23.6000 1 5347.7376
23.7000 1 5609.8816
23.8000 1 5913.96864
23.9000 1 4666.1632
24.0000 1 6092.22656
24.1000 1 5578.42432
24.2000 1 5735.71072
24.3000 1 5494.53824
24.4000 1 6186.5984
24.5000 1 4435.47648
24.6000 1 6081.7408
24.7000 1 5316.28032
24.8000 1 5096.07936
24.9000 1 6396.3136
25.0000 1 5578.42432
25.1000 1 4823.4496
25.2000 1 6218.05568
25.3000 1 4718.592
25.4000 1 4466.93376
25.5000 1 6385.82784
25.6000 1 5190.4512
25.7000 1 4886.36416
25.8000 1 6889.14432
25.9000 1 4802.47808
26.0000 1 5096.07936
26.1000 1 6668.94336
26.2000 1 4875.8784
26.3000 1 5043.65056
26.4000 1 7014.97344
26.5000 1 5484.05248
26.6000 1 5400.1664
26.7000 1 6763.3152
26.8000 1 4466.93376
26.9000 1 5033.1648
27.0000 1 6679.42912
27.1000 1 5735.71072
27.2000 1 5158.99392
27.3000 1 6333.39904
27.4000 1 4676.64896
27.5000 1 4959.76448
27.6000 1 6333.39904
27.7000 1 5484.05248
27.8000 1 4445.96224
27.9000 1 6752.82944
28.0000 1 5075.10784
28.1000 1 4917.82144
28.2000 1 6752.82944
28.3000 1 5096.07936
28.4000 1 4529.84832
28.5000 1 6973.0304
28.6000 1 4980.736
28.7000 1 4938.79296
28.8000 1 7035.94496
28.9000 1 5012.19328
29.0000 1 5809.11104
29.1000 1 6333.39904
29.2000 1 4739.56352
29.3000 1 4362.07616
29.4000 1 6574.57152
29.5000 1 4687.13472
29.6000 1 4750.04928
29.7000 1 6564.08576
29.8000 1 4603.24864
29.9000 1 5546.96704
30.0000 1 5955.91168
30.1000 1 4655.67744
30.2000 1 6207.56992
30.3000 1 5567.93856
30.4000 1 4445.96224
30.5000 1 6469.71392
30.6000 1 4781.50656
30.7000 1 4466.93376
30.8000 1 6763.3152
30.9000 1 4267.70432
31.0000 1 5085.5936
31.1000 1 6291.456
31.2000 1 5064.62208
31.3000 1 5368.70912
31.4000 1 6668.94336
31.5000 1 5096.07936
31.6000 1 5620.36736
31.7000 1 6301.94176
31.8000 1 4949.27872
31.9000 1 4928.3072
32.0000 1 6606.0288
32.1000 1 4729.07776
32.2000 1 5253.36576
32.3000 1 6343.8848
32.4000 1 5242.88
32.5000 1 5169.47968
32.6000 1 6113.19808
32.7000 1 5505.024
32.8000 1 5138.0224
32.9000 1 6501.1712
33.0000 1 4697.62048
33.1000 1 5515.50976
33.2000 1 5379.19488
33.3000 1 4865.39264
33.4000 1 6574.57152
33.5000 1 6197.08416
33.6000 1 5389.68064
33.7000 1 5211.42272
33.8000 1 6606.0288
33.9000 1 4959.76448
34.0000 1 5085.5936
34.1000 1 6889.14432
34.2000 1 4854.90688
34.3000 1 4959.76448
34.4000 1 6301.94176
34.5000 1 4970.25024
34.6000 1 5463.08096
34.7000 1 6354.37056
34.8000 1 5651.82464
34.9000 1 4708.10624
35.0000 1 7046.43072
35.1000 1 5211.42272
35.2000 1 5200.93696
35.3000 1 6553.6
35.4000 1 4697.62048
35.5000 1 5064.62208
35.6000 1 6658.4576
35.7000 1 4928.3072
35.8000 1 5337.25184
35.9000 1 6113.19808
36.0000 1 4613.7344
36.1000 1 5484.05248
36.2000 1 5672.79616
36.3000 1 5085.5936
36.4000 1 5966.39744
36.5000 1 5872.0256
36.6000 1 5368.70912
36.7000 1 5505.024
36.8000 1 5284.82304
36.9000 1 4550.81984
37.0000 1 6490.68544
37.1000 1 5232.39424
37.2000 1 5085.5936
37.3000 1 6627.00032
37.4000 1 4697.62048
37.5000 1 5117.05088
37.6000 1 6668.94336
37.7000 1 4802.47808
37.8000 1 4896.84992
37.9000 1 6574.57152
38.0000 1 5033.1648
38.1000 1 5211.42272
38.2000 1 6983.51616
38.3000 1 5054.13632
38.4000 1 5588.91008
38.5000 1 6490.68544
38.6000 1 4980.736
38.7000 1 5473.56672
38.8000 1 6207.56992
38.9000 1 5295.3088
39.0000 1 5494.53824
39.1000 1 6018.82624
39.2000 1 5861.53984
39.3000 1 4529.84832
39.4000 1 6343.8848
39.5000 1 5368.70912
39.6000 1 4875.8784
39.7000 1 6490.68544
39.8000 1 5777.65376
39.9000 1 4771.0208
40.0000 1 6123.68384
40.1000 1 6343.8848
40.2000 1 5431.62368
40.3000 1 5819.5968
40.4000 1 6396.3136
40.5000 1 5788.13952
40.6000 1 4676.64896
40.7000 1 6218.05568
40.8000 1 4865.39264
40.9000 1 5043.65056
41.0000 1 7109.34528
41.1000 1 5903.48288
41.2000 1 4865.39264
41.3000 1 6364.85632
41.4000 1 4750.04928
41.5000 1 4907.33568
41.6000 1 6815.744
41.7000 1 4833.93536
41.8000 1 4320.13312
41.9000 1 6008.34048
42.0000 1 4613.7344
42.1000 1 6134.1696
42.2000 1 5798.62528
42.3000 1 5043.65056
42.4000 1 5819.5968
42.5000 1 6113.19808
42.6000 1 5358.22336
42.7000 1 5274.33728
42.8000 1 6511.65696
42.9000 1 5001.70752
43.0000 1 5305.79456
43.1000 1 5326.76608
43.2000 1 4844.42112
43.3000 1 6574.57152
43.4000 1 5337.25184
43.5000 1 5169.47968
43.6000 1 6270.48448
43.7000 1 6008.34048
43.8000 1 5085.5936
43.9000 1 5599.39584
44.0000 1 5735.71072
44.1000 1 5085.5936
44.2000 1 6008.34048
44.3000 1 6270.48448
44.4000 1 4320.13312
44.5000 1 6102.71232
44.6000 1 4739.56352
44.7000 1 4708.10624
44.8000 1 6815.744
44.9000 1 5117.05088
45.0000 1 5211.42272
45.1000 1 6931.08736
45.2000 1 4592.76288
45.3000 1 5106.56512
45.4000 1 6375.34208
45.5000 1 5767.168
45.6000 1 4718.592
45.7000 1 6920.6016
45.8000 1 4844.42112
45.9000 1 4613.7344
46.0000 1 6994.00192
46.1000 1 5851.05408
46.2000 1 5337.25184
46.3000 1 5840.56832
46.4000 1 6050.28352
46.5000 1 5567.93856
46.6000 1 5127.53664
46.7000 1 7035.94496
46.8000 1 5410.65216
46.9000 1 5494.53824
47.0000 1 6752.82944
47.1000 1 5463.08096
47.2000 1 4917.82144
47.3000 1 6553.6
47.4000 1 5725.22496
47.5000 1 4529.84832
47.6000 1 6595.54304
47.7000 1 5463.08096
47.8000 1 4980.736
47.9000 1 6228.54144
48.0000 1 5955.91168
48.1000 1 4540.33408
48.2000 1 6218.05568
48.3000 1 5693.76768
48.4000 1 5022.67904
48.5000 1 6144.65536
48.6000 1 4907.33568
48.7000 1 5117.05088
48.8000 1 6689.91488
48.9000 1 4697.62048
49.0000 1 5578.42432
49.1000 1 6176.11264
49.2000 1 5022.67904
49.3000 1 5452.5952
49.4000 1 6574.57152
49.5000 1 5179.96544
49.6000 1 5651.82464
49.7000 1 5955.91168
49.8000 1 5830.08256
49.9000 1 5211.42272
50.0000 1 5651.82464
50.1000 1 5903.48288
50.2000 1 5001.70752
50.3000 1 5924.4544
50.4000 1 5001.70752
50.5000 1 5054.13632
50.6000 1 6259.99872
50.7000 1 4907.33568
50.8000 1 5022.67904
50.9000 1 6910.11584
51.0000 1 5913.96864
51.1000 1 4414.50496
51.2000 1 6249.51296
51.3000 1 5148.50816
51.4000 1 5515.50976
51.5000 1 6522.14272
51.6000 1 5253.36576
51.7000 1 4110.41792
51.8000 1 6218.05568
51.9000 1 5200.93696
52.0000 1 4991.22176
52.1000 1 6931.08736
52.2000 1 5368.70912
52.3000 1 5274.33728
52.4000 1 6941.57312
52.5000 1 5033.1648
52.6000 1 4676.64896
52.7000 1 6941.57312
52.8000 1 5043.65056
52.9000 1 4571.79136
53.0000 1 7004.48768
53.1000 1 5106.56512
53.2000 1 5662.3104
53.3000 1 6218.05568
53.4000 1 5347.7376
53.5000 1 5347.7376
53.6000 1 6050.28352
53.7000 1 5840.56832
53.8000 1 5158.99392
53.9000 1 5714.7392
54.0000 1 6700.40064
54.1000 1 4875.8784
54.2000 1 5242.88
54.3000 1 6364.85632
54.4000 1 5389.68064
54.5000 1 5012.19328
54.6000 1 6836.71552
54.7000 1 5546.96704
54.8000 1 4362.07616
54.9000 1 7098.85952
55.0000 1 4791.99232
55.1000 1 4854.90688
55.2000 1 5945.42592
55.3000 1 4655.67744
55.4000 1 6155.14112
55.5000 1 5389.68064
55.6000 1 5127.53664
55.7000 1 6249.51296
55.8000 1 5599.39584
55.9000 1 5536.48128
56.0000 1 5599.39584
56.1000 1 6259.99872
56.2000 1 4645.19168
56.3000 1 5819.5968
56.4000 1 5221.90848
56.5000 1 5096.07936
56.6000 1 6385.82784
56.7000 1 5819.5968
56.8000 1 4708.10624
56.9000 1 6312.42752
57.0000 1 6218.05568
57.1000 1 5274.33728
57.2000 1 5263.85152
57.3000 1 6668.94336
57.4000 1 5368.70912
57.5000 1 5200.93696
57.6000 1 6438.25664
57.7000 1 4928.3072
57.8000 1 5075.10784
57.9000 1 6973.0304
58.0000 1 4152.36096
58.1000 1 5337.25184
58.2000 1 5253.36576
58.3000 1 4393.53344
58.4000 1 6532.62848
58.5000 1 5138.0224
58.6000 1 4666.1632
58.7000 1 7077.888
58.8000 1 5012.19328
58.9000 1 4393.53344
59.0000 1 6763.3152
59.1000 1 5179.96544
59.2000 1 5085.5936
59.3000 1 6878.65856
59.4000 1 5683.28192
59.5000 1 5316.28032
59.6000 1 6333.39904
59.7000 1 5379.19488
59.8000 1 4687.13472
59.9000 1 6239.0272
60.0000 1 4844.42112
60.1000 1 5609.8816
60.2000 1 6280.97024
60.3000 1 5033.1648
60.4000 1 5525.99552
60.5000 1 6553.6
60.6000 1 4708.10624
60.7000 1 5096.07936
60.8000 1 6910.11584
60.9000 1 5127.53664
61.0000 1 4424.99072
61.1000 1 6962.54464
61.2000 1 5054.13632
61.3000 1 5075.10784
61.4000 1 6994.00192
61.5000 1 5851.05408
61.6000 1 5075.10784
61.7000 1 5882.51136
61.8000 1 5169.47968
61.9000 1 4445.96224
62.0000 1 6973.0304
62.1000 1 4582.27712
62.2000 1 5138.0224
62.3000 1 6679.42912
62.4000 1 5798.62528
62.5000 1 5567.93856
62.6000 1 5861.53984
62.7000 1 4949.27872
62.8000 1 5085.5936
62.9000 1 6490.68544
63.0000 1 5735.71072
63.1000 1 5693.76768
63.2000 1 5872.0256
63.3000 1 6448.7424
63.4000 1 5819.5968
63.5000 1 4771.0208
63.6000 1 6375.34208
63.7000 1 4928.3072
63.8000 1 5484.05248
63.9000 1 6270.48448
64.0000 1 5400.1664
64.1000 1 5179.96544
64.2000 1 6815.744
64.3000 1 4823.4496
64.4000 1 5179.96544
64.5000 1 6952.05888
64.6000 1 4372.56192
64.7000 1 4980.736
64.8000 1 6312.42752
64.9000 1 5714.7392
65.0000 1 4750.04928
65.1000 1 7025.4592
65.2000 1 5389.68064
65.3000 1 5662.3104
65.4000 1 6427.77088
65.5000 1 5683.28192
65.6000 1 5431.62368
65.7000 1 5725.22496
65.8000 1 6606.0288
65.9000 1 5263.85152
66.0000 1 4928.3072
66.1000 1 6899.63008
66.2000 1 5043.65056
66.3000 1 5117.05088
66.4000 1 7172.25984
66.5000 1 5253.36576
66.6000 1 5316.28032
66.7000 1 7004.48768
66.8000 1 5043.65056
66.9000 1 4561.3056
67.0000 1 7130.3168
67.1000 1 5085.5936
67.2000 1 4970.25024
67.3000 1 6480.19968
67.4000 1 4634.70592
67.5000 1 5085.5936
67.6000 1 6553.6
67.7000 1 5683.28192
67.8000 1 5693.76768
67.9000 1 6155.14112
68.0000 1 6144.65536
68.1000 1 5054.13632
68.2000 1 5525.99552
68.3000 1 6071.25504
68.4000 1 5672.79616
68.5000 1 4928.3072
68.6000 1 6249.51296
68.7000 1 5001.70752
68.8000 1 5588.91008
68.9000 1 6333.39904
69.0000 1 5085.5936
69.1000 1 5274.33728
69.2000 1 6385.82784
69.3000 1 5368.70912
69.4000 1 5064.62208
69.5000 1 6469.71392
69.6000 1 5410.65216
69.7000 1 5075.10784
69.8000 1 6857.68704
69.9000 1 5473.56672
70.0000 1 4435.47648
70.1000 1 6501.1712
70.2000 1 5127.53664
70.3000 1 5043.65056
70.4000 1 6721.37216
70.5000 1 4823.4496
70.6000 1 5106.56512
70.7000 1 7025.4592
70.8000 1 5295.3088
70.9000 1 5452.5952
71.0000 1 7151.28832
71.1000 1 4949.27872
71.2000 1 5567.93856
71.3000 1 6186.5984
71.4000 1 6543.11424
71.5000 1 5169.47968
71.6000 1 5525.99552
71.7000 1 6564.08576
71.8000 1 5410.65216
71.9000 1 4708.10624
72.0000 1 6280.97024
72.1000 1 4875.8784
72.2000 1 5263.85152
72.3000 1 7025.4592
72.4000 1 5012.19328
72.5000 1 5138.0224
72.6000 1 6186.5984
72.7000 1 4404.0192
72.8000 1 5599.39584
72.9000 1 5987.36896
73.0000 1 5735.71072
73.1000 1 5127.53664
73.2000 1 5966.39744
73.3000 1 4110.41792
73.4000 1 6218.05568
73.5000 1 4729.07776
73.6000 1 4865.39264
73.7000 1 6585.05728
73.8000 1 5012.19328
73.9000 1 5179.96544
74.0000 1 6364.85632
74.1000 1 5305.79456
74.2000 1 5400.1664
74.3000 1 6375.34208
74.4000 1 4854.90688
74.5000 1 5253.36576
74.6000 1 6826.22976
74.7000 1 5085.5936
74.8000 1 5389.68064
74.9000 1 6469.71392
75.0000 1 5683.28192
75.1000 1 5117.05088
75.2000 1 6417.28512
75.3000 1 5903.48288
75.4000 1 4938.79296
75.5000 1 5903.48288
75.6000 1 6092.22656
75.7000 1 5284.82304
75.8000 1 5410.65216
75.9000 1 6480.19968
76.0000 1 5316.28032
76.1000 1 5767.168
76.2000 1 6784.28672
76.3000 1 5368.70912
76.4000 1 5578.42432
76.5000 1 6354.37056
76.6000 1 5525.99552
76.7000 1 5567.93856
76.8000 1 5819.5968
76.9000 1 6312.42752
77.0000 1 5788.13952
77.1000 1 5200.93696
77.2000 1 6931.08736
77.3000 1 5368.70912
77.4000 1 4498.39104
77.5000 1 6427.77088
77.6000 1 5620.36736
77.7000 1 4970.25024
77.8000 1 6427.77088
77.9000 1 5725.22496
78.0000 1 5295.3088
78.1000 1 6427.77088
78.2000 1 5630.85312
78.3000 1 5840.56832
78.4000 1 5578.42432
78.5000 1 5725.22496
78.6000 1 5200.93696
78.7000 1 5725.22496
78.8000 1 6606.0288
78.9000 1 4603.24864
79.0000 1 5651.82464
79.1000 1 6469.71392
79.2000 1 5295.3088
79.3000 1 4991.22176
79.4000 1 5567.93856
79.5000 1 5012.19328
79.6000 1 6155.14112
79.7000 1 6008.34048
79.8000 1 5347.7376
79.9000 1 5704.25344
80.0000 1 6742.34368
80.1000 1 5326.76608
80.2000 1 5704.25344
80.3000 1 6585.05728
80.4000 1 5106.56512
80.5000 1 5567.93856
80.6000 1 6564.08576
80.7000 1 6218.05568
80.8000 1 4278.19008
80.9000 1 6218.05568
81.0000 1 5641.33888
81.1000 1 5117.05088
81.2000 1 6018.82624
81.3000 1 5620.36736
81.4000 1 5064.62208
81.5000 1 6081.7408
81.6000 1 5735.71072
81.7000 1 5106.56512
81.8000 1 5830.08256
81.9000 1 6448.7424
82.0000 1 5326.76608
82.1000 1 5872.0256
82.2000 1 6364.85632
82.3000 1 5484.05248
82.4000 1 5054.13632
82.5000 1 6207.56992
82.6000 1 5085.5936
82.7000 1 5546.96704
82.8000 1 6815.744
82.9000 1 5326.76608
83.0000 1 5557.4528
83.1000 1 6322.91328
83.2000 1 5756.68224
83.3000 1 5473.56672
83.4000 1 5609.8816
83.5000 1 5767.168
83.6000 1 5085.5936
83.7000 1 5903.48288
83.8000 1 5609.8816
83.9000 1 5536.48128
84.0000 1 5672.79616
84.1000 1 7025.4592
84.2000 1 4529.84832
84.3000 1 5179.96544
84.4000 1 7046.43072
84.5000 1 5253.36576
84.6000 1 4896.84992
84.7000 1 6647.97184
84.8000 1 5546.96704
84.9000 1 5305.79456
85.0000 1 6364.85632
85.1000 1 5683.28192
85.2000 1 5756.68224
85.3000 1 5924.4544
85.4000 1 6312.42752
85.5000 1 5358.22336
85.6000 1 5127.53664
85.7000 1 6155.14112
85.8000 1 4823.4496
85.9000 1 5767.168
86.0000 1 5987.36896
86.1000 1 5756.68224
86.2000 1 5913.96864
86.3000 1 6417.28512
86.4000 1 5305.79456
86.5000 1 5767.168
86.6000 1 6606.0288
86.7000 1 5746.19648
86.8000 1 5085.5936
86.9000 1 6008.34048
87.0000 1 6333.39904
87.1000 1 5043.65056
87.2000 1 5672.79616
87.3000 1 6826.22976
87.4000 1 4519.36256
87.5000 1 5106.56512
87.6000 1 6176.11264
87.7000 1 5200.93696
87.8000 1 5410.65216
87.9000 1 6501.1712
88.0000 1 5421.13792
88.1000 1 5389.68064
88.2000 1 6962.54464
88.3000 1 5284.82304
88.4000 1 5200.93696
88.5000 1 6270.48448
88.6000 1 5452.5952
88.7000 1 5882.51136
88.8000 1 6123.68384
88.9000 1 5305.79456
89.0000 1 5253.36576
89.1000 1 6291.456
89.2000 1 5872.0256
89.3000 1 4959.76448
89.4000 1 5924.4544
89.5000 1 6155.14112
89.6000 1 4771.0208
89.7000 1 5819.5968
89.8000 1 6039.79776
89.9000 1 5567.93856
90.0000 1 5442.10944
90.1000 1 6375.34208
90.2000 1 4645.19168
90.3000 1 5431.62368
90.4000 1 6752.82944
90.5000 1 5274.33728
90.6000 1 5169.47968
90.7000 1 6679.42912
90.8000 1 5138.0224
90.9000 1 5484.05248
91.0000 1 7056.91648
91.1000 1 5840.56832
91.2000 1 5305.79456
91.3000 1 5924.4544
91.4000 1 6039.79776
91.5000 1 5463.08096
91.6000 1 5588.91008
91.7000 1 6742.34368
91.8000 1 5295.3088
91.9000 1 5809.11104
92.0000 1 6480.19968
92.1000 1 5767.168
92.2000 1 5263.85152
92.3000 1 6207.56992
92.4000 1 6134.1696
92.5000 1 4519.36256
92.6000 1 6102.71232
92.7000 1 5337.25184
92.8000 1 5106.56512
92.9000 1 6301.94176
93.0000 1 5389.68064
93.1000 1 5410.65216
93.2000 1 5976.8832
93.3000 1 5683.28192
93.4000 1 5158.99392
93.5000 1 5913.96864
93.6000 1 6301.94176
93.7000 1 5641.33888
93.8000 1 5536.48128
93.9000 1 6585.05728
94.0000 1 5117.05088
94.1000 1 5819.5968
94.2000 1 6092.22656
94.3000 1 5651.82464
94.4000 1 5200.93696
94.5000 1 6218.05568
94.6000 1 5599.39584
94.7000 1 5525.99552
94.8000 1 6029.312
94.9000 1 5421.13792
95.0000 1 4938.79296
95.1000 1 6354.37056
95.2000 1 5033.1648
95.3000 1 5735.71072
95.4000 1 5955.91168
95.5000 1 5557.4528
95.6000 1 5725.22496
95.7000 1 5567.93856
95.8000 1 5599.39584
95.9000 1 5609.8816
96.0000 1 5945.42592
96.1000 1 6868.1728
96.2000 1 5620.36736
96.3000 1 5861.53984
96.4000 1 6333.39904
96.5000 1 5578.42432
96.6000 1 5190.4512
96.7000 1 6071.25504
96.8000 1 4833.93536
96.9000 1 5117.05088
97.0000 1 6815.744
97.1000 1 5431.62368
97.2000 1 5148.50816
97.3000 1 6176.11264
97.4000 1 6113.19808
97.5000 1 5169.47968
97.6000 1 5809.11104
97.7000 1 6417.28512
97.8000 1 5536.48128
97.9000 1 5557.4528
98.0000 1 6501.1712
98.1000 1 5672.79616
98.2000 1 5211.42272
98.3000 1 6406.79936
98.4000 1 5746.19648
98.5000 1 5452.5952
98.6000 1 5683.28192
98.7000 1 6511.65696
98.8000 1 5221.90848
98.9000 1 5714.7392
99.0000 1 6564.08576
99.1000 1 5683.28192
99.2000 1 5536.48128
99.3000 1 6616.51456
99.4000 1 5620.36736
99.5000 1 5253.36576
99.6000 1 5976.8832
99.7000 1 6805.25824
99.8000 1 4624.22016
99.9000 1 5347.7376
100.0000 1 6763.3152
100.1000 1 5211.42272
100.2000 1 5138.0224
100.3000 1 6228.54144
100.4000 1 5484.05248
100.5000 1 5179.96544
100.6000 1 6564.08576
100.7000 1 5756.68224
100.8000 1 5651.82464
100.9000 1 6364.85632
101.0000 1 5400.1664
101.1000 1 5735.71072
101.2000 1 5872.0256
101.3000 1 6312.42752
101.4000 1 5735.71072
101.5000 1 5022.67904
101.6000 1 6658.4576
101.7000 1 5515.50976
101.8000 1 5012.19328
101.9000 1 7067.40224
102.0000 1 5274.33728
102.1000 1 5442.10944
102.2000 1 6574.57152
102.3000 1 6249.51296
102.4000 1 5368.70912
102.5000 1 5515.50976
102.6000 1 6595.54304
102.7000 1 5368.70912
102.8000 1 5746.19648
102.9000 1 6710.8864
103.0000 1 5400.1664
103.1000 1 5756.68224
103.2000 1 5913.96864
103.3000 1 5567.93856
103.4000 1 5473.56672
103.5000 1 5641.33888
103.6000 1 6910.11584
103.7000 1 5473.56672
103.8000 1 5211.42272
103.9000 1 6752.82944
104.0000 1 5672.79616
104.1000 1 5263.85152
104.2000 1 6668.94336
104.3000 1 6417.28512
104.4000 1 5683.28192
104.5000 1 5284.82304
104.6000 1 7025.4592
104.7000 1 5557.4528
104.8000 1 5442.10944
104.9000 1 6469.71392
105.0000 1 5651.82464
105.1000 1 5368.70912
105.2000 1 5872.0256
105.3000 1 6815.744
105.4000 1 5588.91008
105.5000 1 5840.56832
105.6000 1 6469.71392
105.7000 1 5284.82304
105.8000 1 5683.28192
105.9000 1 6071.25504
106.0000 1 5767.168
106.1000 1 5494.53824
106.2000 1 5505.024
106.3000 1 6312.42752
106.4000 1 5683.28192
106.5000 1 5305.79456
106.6000 1 6805.25824
106.7000 1 5578.42432
106.8000 1 5158.99392
106.9000 1 7056.91648
107.0000 1 5169.47968
107.1000 1 5704.25344
107.2000 1 5903.48288
107.3000 1 6239.0272
107.4000 1 5620.36736
107.5000 1 5400.1664
107.6000 1 6773.80096
107.7000 1 5599.39584
107.8000 1 5001.70752
107.9000 1 6606.0288
108.0000 1 5641.33888
108.1000 1 5190.4512
108.2000 1 6574.57152
108.3000 1 5609.8816
108.4000 1 5525.99552
108.5000 1 5725.22496
108.6000 1 6668.94336
108.7000 1 5452.5952
108.8000 1 5096.07936
108.9000 1 6973.0304
109.0000 1 5704.25344
109.1000 1 5379.19488
109.2000 1 6522.14272
109.3000 1 5746.19648
109.4000 1 5484.05248
109.5000 1 5788.13952
109.6000 1 6658.4576
109.7000 1 5567.93856
109.8000 1 5106.56512
109.9000 1 6606.0288
110.0000 1 5117.05088
110.1000 1 5442.10944
110.2000 1 6721.37216
110.3000 1 5274.33728
110.4000 1 5777.65376
110.5000 1 6092.22656
110.6000 1 6008.34048
110.7000 1 5505.024
110.8000 1 5473.56672
110.9000 1 6857.68704
111.0000 1 5872.0256
111.1000 1 5337.25184
111.2000 1 6385.82784
111.3000 1 5588.91008
111.4000 1 5400.1664
111.5000 1 6239.0272
111.6000 1 6134.1696
111.7000 1 5263.85152
111.8000 1 5379.19488
111.9000 1 7035.94496
112.0000 1 5358.22336
112.1000 1 5494.53824
112.2000 1 6710.8864
112.3000 1 5431.62368
112.4000 1 5326.76608
112.5000 1 6501.1712
112.6000 1 5955.91168
112.7000 1 5368.70912
112.8000 1 5798.62528
112.9000 1 6333.39904
113.0000 1 5735.71072
113.1000 1 5274.33728
113.2000 1 6322.91328
113.3000 1 5683.28192
113.4000 1 5588.91008
113.5000 1 6522.14272
113.6000 1 5840.56832
113.7000 1 5536.48128
113.8000 1 5473.56672
113.9000 1 6962.54464
114.0000 1 5337.25184
114.1000 1 5442.10944
114.2000 1 6679.42912
114.3000 1 5421.13792
114.4000 1 5725.22496
114.5000 1 6207.56992
114.6000 1 5368.70912
114.7000 1 5253.36576
114.8000 1 6186.5984
114.9000 1 5892.99712
115.0000 1 5494.53824
115.1000 1 5368.70912
115.2000 1 6878.65856
115.3000 1 5316.28032
115.4000 1 5452.5952
115.5000 1 6752.82944
115.6000 1 5746.19648
115.7000 1 5473.56672
115.8000 1 6228.54144
115.9000 1 6228.54144
116.0000 1 5494.53824
116.1000 1 5400.1664
116.2000 1 6931.08736
116.3000 1 5536.48128
116.4000 1 5431.62368
116.5000 1 6501.1712
116.6000 1 5442.10944
116.7000 1 5851.05408
116.8000 1 5913.96864
116.9000 1 6060.76928
117.0000 1 5442.10944
117.1000 1 5295.3088
117.2000 1 6679.42912
117.3000 1 5609.8816
117.4000 1 5263.85152
117.5000 1 7067.40224
117.6000 1 5200.93696
117.7000 1 5662.3104
117.8000 1 6385.82784
117.9000 1 5735.71072
118.0000 1 5704.25344
118.1000 1 5788.13952
118.2000 1 6668.94336
118.3000 1 5263.85152
118.4000 1 5158.99392
118.5000 1 6259.99872
118.6000 1 5588.91008
118.7000 1 5567.93856
118.8000 1 6532.62848
118.9000 1 5651.82464
119.0000 1 5179.96544
119.1000 1 6291.456
119.2000 1 5945.42592
119.3000 1 5620.36736
119.4000 1 5410.65216
119.5000 1 6742.34368
119.6000 1 5609.8816
119.7000 1 5484.05248
119.8000 1 6585.05728
119.9000 1 5630.85312
120.0000 1 5274.33728
120.1000 1 6333.39904
120.2000 1 5022.67904
120.3000 1 5158.99392
120.4000 1 6553.6
120.5000 1 5641.33888
120.6000 1 5672.79616
120.7000 1 5452.5952
120.8000 1 6553.6
120.9000 1 5683.28192
121.0000 1 5158.99392
121.1000 1 7046.43072
121.2000 1 5305.79456
121.3000 1 5546.96704
121.4000 1 6574.57152
121.5000 1 5505.024
121.6000 1 5704.25344
121.7000 1 5567.93856
121.8000 1 6574.57152
121.9000 1 5704.25344
122.0000 1 5567.93856
122.1000 1 6532.62848
122.2000 1 5683.28192
122.3000 1 5085.5936
122.4000 1 6658.4576
122.5000 1 5651.82464
122.6000 1 5620.36736
122.7000 1 5578.42432
122.8000 1 6595.54304
122.9000 1 5809.11104
123.0000 1 5075.10784
123.1000 1 7035.94496
123.2000 1 5232.39424
123.3000 1 5546.96704
123.4000 1 6564.08576
123.5000 1 5662.3104
123.6000 1 5746.19648
123.7000 1 5725.22496
123.8000 1 6647.97184
123.9000 1 5567.93856
124.0000 1 5442.10944
124.1000 1 6847.20128
124.2000 1 5389.68064
124.3000 1 5735.71072
124.4000 1 5903.48288
124.5000 1 6186.5984
124.6000 1 5714.7392
124.7000 1 5148.50816
124.8000 1 6700.40064
124.9000 1 5473.56672
125.0000 1 5767.168
125.1000 1 6396.3136
125.2000 1 5337.25184
125.3000 1 5725.22496
125.4000 1 6176.11264
125.5000 1 5987.36896
125.6000 1 5725.22496
125.7000 1 5567.93856
125.8000 1 6574.57152
125.9000 1 5830.08256
126.0000 1 5463.08096
126.1000 1 6606.0288
126.2000 1 5683.28192
126.3000 1 5200.93696
126.4000 1 6102.71232
126.5000 1 6197.08416
126.6000 1 5232.39424
126.7000 1 5515.50976
126.8000 1 6616.51456
126.9000 1 5609.8816
127.0000 1 5274.33728
127.1000 1 6994.00192
127.2000 1 5232.39424
127.3000 1 5609.8816
127.4000 1 6343.8848
127.5000 1 6406.79936
127.6000 1 5179.96544
127.7000 1 5788.13952
127.8000 1 6522.14272
127.9000 1 5588.91008
128.0000 1 5725.22496
128.1000 1 6627.00032
128.2000 1 5588.91008
128.3000 1 5788.13952
128.4000 1 5515.50976
128.5000 1 6773.80096
128.6000 1 5672.79616
128.7000 1 5158.99392
128.8000 1 7004.48768
128.9000 1 5358.22336
129.0000 1 5525.99552
129.1000 1 6396.3136
129.2000 1 5714.7392
129.3000 1 5819.5968
129.4000 1 5274.33728
129.5000 1 6427.77088
129.6000 1 5054.13632
129.7000 1 5242.88
129.8000 1 6333.39904
129.9000 1 5190.4512
130.0000 1 5421.13792
130.1000 1 6941.57312
130.2000 1 5400.1664
130.3000 1 5599.39584
130.4000 1 6868.1728
130.5000 1 5347.7376
130.6000 1 5117.05088
130.7000 1 6375.34208
130.8000 1 5851.05408
130.9000 1 5274.33728
131.0000 1 5735.71072
131.1000 1 6868.1728
131.2000 1 5179.96544
131.3000 1 5651.82464
131.4000 1 7067.40224
131.5000 1 5641.33888
131.6000 1 5263.85152
131.7000 1 6207.56992
131.8000 1 6532.62848
131.9000 1 5221.90848
132.0000 1 5494.53824
132.1000 1 6826.22976
132.2000 1 5431.62368
132.3000 1 5630.85312
132.4000 1 6763.3152
132.5000 1 5400.1664
132.6000 1 5798.62528
132.7000 1 5767.168
132.8000 1 6322.91328
132.9000 1 5756.68224
133.0000 1 5253.36576
133.1000 1 6679.42912
133.2000 1 5200.93696
133.3000 1 5609.8816
133.4000 1 6689.91488
133.5000 1 5505.024
133.6000 1 5641.33888
133.7000 1 5913.96864
133.8000 1 6207.56992
133.9000 1 5641.33888
134.0000 1 5672.79616
134.1000 1 6543.11424
134.2000 1 5693.76768
134.3000 1 5714.7392
134.4000 1 6459.22816
134.5000 1 5819.5968
134.6000 1 5672.79616
134.7000 1 5274.33728
134.8000 1 6333.39904
134.9000 1 5756.68224
135.0000 1 5242.88
135.1000 1 6920.6016
135.2000 1 5798.62528
135.3000 1 5274.33728
135.4000 1 6522.14272
135.5000 1 5830.08256
135.6000 1 5494.53824
135.7000 1 5809.11104
135.8000 1 6647.97184
135.9000 1 5096.07936
136.0000 1 5200.93696
136.1000 1 6826.22976
136.2000 1 5546.96704
136.3000 1 5337.25184
136.4000 1 6931.08736
136.5000 1 5337.25184
136.6000 1 5725.22496
136.7000 1 5693.76768
136.8000 1 6354.37056
136.9000 1 5809.11104
137.0000 1 5484.05248
137.1000 1 6784.28672
137.2000 1 5567.93856
137.3000 1 5389.68064
137.4000 1 6595.54304
137.5000 1 5567.93856
137.6000 1 5672.79616
137.7000 1 5515.50976
137.8000 1 6647.97184
137.9000 1 5588.91008
138.0000 1 5295.3088
138.1000 1 7004.48768
138.2000 1 5788.13952
138.3000 1 5609.8816
138.4000 1 5945.42592
138.5000 1 5987.36896
138.6000 1 5704.25344
138.7000 1 5410.65216
138.8000 1 6826.22976
138.9000 1 5494.53824
139.0000 1 5389.68064
139.1000 1 7014.97344
139.2000 1 5358.22336
139.3000 1 5148.50816
139.4000 1 6417.28512
139.5000 1 5567.93856
139.6000 1 5158.99392
139.7000 1 6039.79776
139.8000 1 6647.97184
139.9000 1 5872.0256
140.0000 1 5148.50816
140.1000 1 6270.48448
140.2000 1 5263.85152
140.3000 1 5274.33728
140.4000 1 6899.63008
140.5000 1 5253.36576
140.6000 1 5494.53824
140.7000 1 6522.14272
140.8000 1 5505.024
140.9000 1 5777.65376
141.0000 1 5473.56672
141.1000 1 6606.0288
141.2000 1 5431.62368
141.3000 1 5158.99392
141.4000 1 6333.39904
141.5000 1 5505.024
141.6000 1 5106.56512
141.7000 1 6941.57312
141.8000 1 5400.1664
141.9000 1 5221.90848
142.0000 1 6427.77088
142.1000 1 5179.96544
142.2000 1 5274.33728
142.3000 1 6815.744
142.4000 1 5337.25184
142.5000 1 5767.168
142.6000 1 5735.71072
142.7000 1 6868.1728
142.8000 1 5358.22336
142.9000 1 5232.39424
143.0000 1 6973.0304
143.1000 1 5714.7392
143.2000 1 5232.39424
143.3000 1 6469.71392
143.4000 1 5798.62528
143.5000 1 5714.7392
143.6000 1 5484.05248
143.7000 1 6417.28512
143.8000 1 5337.25184
143.9000 1 5798.62528
144.0000 1 6857.68704
144.1000 1 5452.5952
144.2000 1 5389.68064
144.3000 1 6354.37056
144.4000 1 5966.39744
144.5000 1 5746.19648
144.6000 1 5232.39424
144.7000 1 6417.28512
144.8000 1 5546.96704
144.9000 1 5620.36736
145.0000 1 6606.0288
145.1000 1 5588.91008
145.2000 1 5295.3088
145.3000 1 6585.05728
145.4000 1 6050.28352
145.5000 1 5221.90848
145.6000 1 5725.22496
145.7000 1 7035.94496
145.8000 1 5211.42272
145.9000 1 5651.82464
146.0000 1 7067.40224
146.1000 1 5190.4512
146.2000 1 5683.28192
146.3000 1 5872.0256
146.4000 1 6333.39904
146.5000 1 5588.91008
146.6000 1 5368.70912
146.7000 1 6899.63008
146.8000 1 5714.7392
146.9000 1 5274.33728
147.0000 1 6197.08416
