0.1000 1 0.0
0.2000 1 5777.65376
0.3000 1 4802.47808
0.4000 1 6354.37056
0.5000 1 5001.70752
0.6000 1 4634.70592
0.7000 1 6176.11264
0.8000 1 4750.04928
0.9000 1 4529.84832
1.0000 1 6794.77248
1.1000 1 4414.50496
1.2000 1 5484.05248
1.3000 1 6123.68384
1.4000 1 5190.4512
1.5000 1 5421.13792
1.6000 1 5798.62528
1.7000 1 4613.7344
1.8000 1 6280.97024
1.9000 1 5389.68064
2.0000 1 4424.99072
2.1000 1 6784.28672
2.2000 1 4854.90688
2.3000 1 5096.07936
2.4000 1 6385.82784
2.5000 1 5788.13952
2.6000 1 4991.22176
2.7000 1 6354.37056
2.8000 1 5725.22496
2.9000 1 4697.62048
3.0000 1 6312.42752
3.1000 1 5756.68224
3.2000 1 5704.25344
3.3000 1 5284.82304
3.4000 1 7035.94496
3.5000 1 5515.50976
3.6000 1 4645.19168
3.7000 1 7077.888
3.8000 1 4865.39264
3.9000 1 5400.1664
4.0000 1 6354.37056
4.1000 1 4854.90688
4.2000 1 5830.08256
4.3000 1 6270.48448
4.4000 1 4750.04928
4.5000 1 5001.70752
4.6000 1 6742.34368
4.7000 1 4718.592
4.8000 1 4959.76448
4.9000 1 7161.77408
5.0000 1 4288.67584
5.1000 1 4676.64896
5.2000 1 6228.54144
5.3000 1 4676.64896
5.4000 1 5861.53984
5.5000 1 5379.19488
5.6000 1 4089.4464
5.7000 1 6207.56992
5.8000 1 4561.3056
5.9000 1 4760.53504
6.0000 1 6731.85792
6.1000 1 4823.4496
6.2000 1 5242.88
6.3000 1 6343.8848
6.4000 1 4666.1632
6.5000 1 5714.7392
6.6000 1 4949.27872
6.7000 1 5148.50816
6.8000 1 6532.62848
6.9000 1 5788.13952
7.0000 1 4435.47648
7.1000 1 6564.08576
7.2000 1 5693.76768
7.3000 1 4592.76288
7.4000 1 6448.7424
7.5000 1 6008.34048
7.6000 1 4687.13472
7.7000 1 6039.79776
7.8000 1 5567.93856
7.9000 1 5012.19328
8.0000 1 6144.65536
8.1000 1 5043.65056
8.2000 1 5358.22336
8.3000 1 6354.37056
8.4000 1 5955.91168
8.5000 1 5106.56512
8.6000 1 5704.25344
8.7000 1 6522.14272
8.8000 1 4634.70592
8.9000 1 5578.42432
9.0000 1 5955.91168
9.1000 1 4750.04928
9.2000 1 6018.82624
9.3000 1 6060.76928
9.4000 1 5033.1648
9.5000 1 5672.79616
9.6000 1 5515.50976
9.7000 1 4487.90528
9.8000 1 6595.54304
9.9000 1 4823.4496
10.0000 1 4771.0208
10.1000 1 6385.82784
10.2000 1 4687.13472
10.3000 1 4519.36256
10.4000 1 6301.94176
10.5000 1 5242.88
10.6000 1 5169.47968
10.7000 1 6155.14112
10.8000 1 4624.22016
10.9000 1 5840.56832
11.0000 1 6071.25504
11.1000 1 5232.39424
11.2000 1 5484.05248
11.3000 1 6113.19808
11.4000 1 5295.3088
11.5000 1 5358.22336
11.6000 1 6815.744
11.7000 1 4823.4496
11.8000 1 5190.4512
11.9000 1 6259.99872
12.0000 1 4655.67744
12.1000 1 5620.36736
12.2000 1 6092.22656
12.3000 1 5546.96704
12.4000 1 5085.5936
12.5000 1 6218.05568
12.6000 1 5672.79616
12.7000 1 4844.42112
12.8000 1 6322.91328
12.9000 1 4729.07776
13.0000 1 5683.28192
13.1000 1 6228.54144
13.2000 1 5075.10784
13.3000 1 5431.62368
13.4000 1 7077.888
13.5000 1 5211.42272
13.6000 1 4823.4496
13.7000 1 6941.57312
13.8000 1 5127.53664
13.9000 1 5358.22336
14.0000 1 7046.43072
14.1000 1 5117.05088
14.2000 1 5001.70752
14.3000 1 6259.99872
14.4000 1 4771.0208
14.5000 1 4907.33568
14.6000 1 7161.77408
14.7000 1 5033.1648
14.8000 1 5295.3088
14.9000 1 6207.56992
15.0000 1 5138.0224
15.1000 1 4582.27712
15.2000 1 7004.48768
15.3000 1 4456.448
15.4000 1 4404.0192
15.5000 1 7098.85952
15.6000 1 4844.42112
15.7000 1 5505.024
15.8000 1 6364.85632
15.9000 1 5200.93696
16.0000 1 5158.99392
16.1000 1 6585.05728
16.2000 1 5714.7392
16.3000 1 5620.36736
16.4000 1 6438.25664
16.5000 1 5263.85152
16.6000 1 5054.13632
16.7000 1 6511.65696
16.8000 1 5305.79456
16.9000 1 4225.76128
17.0000 1 6207.56992
17.1000 1 4550.81984
17.2000 1 4708.10624
17.3000 1 6354.37056
17.4000 1 5117.05088
17.5000 1 5253.36576
17.6000 1 6228.54144
17.7000 1 5043.65056
17.8000 1 5693.76768
17.9000 1 6637.48608
18.0000 1 4613.7344
18.1000 1 5263.85152
18.2000 1 7035.94496
18.3000 1 5033.1648
18.4000 1 4875.8784
18.5000 1 6186.5984
18.6000 1 4812.96384
18.7000 1 5997.85472
18.8000 1 6343.8848
18.9000 1 4771.0208
19.0000 1 5777.65376
19.1000 1 6668.94336
19.2000 1 4519.36256
19.3000 1 4844.42112
19.4000 1 6574.57152
19.5000 1 5431.62368
19.6000 1 5012.19328
19.7000 1 7109.34528
19.8000 1 4676.64896
19.9000 1 5117.05088
20.0000 1 6270.48448
20.1000 1 5242.88
20.2000 1 5284.82304
20.3000 1 7014.97344
20.4000 1 4938.79296
20.5000 1 4980.736
20.6000 1 6186.5984
20.7000 1 4278.19008
20.8000 1 5567.93856
20.9000 1 5788.13952
21.0000 1 4970.25024
21.1000 1 5945.42592
21.2000 1 6343.8848
21.3000 1 5284.82304
21.4000 1 5127.53664
21.5000 1 5798.62528
21.6000 1 4571.79136
21.7000 1 6333.39904
21.8000 1 5494.53824
21.9000 1 5892.99712
22.0000 1 5347.7376
22.1000 1 6060.76928
22.2000 1 5117.05088
22.3000 1 5892.99712
22.4000 1 6343.8848
22.5000 1 5599.39584
22.6000 1 4865.39264
22.7000 1 6396.3136
22.8000 1 5127.53664
22.9000 1 5704.25344
23.0000 1 6752.82944
23.1000 1 4529.84832
23.2000 1 4634.70592
23.3000 1 5840.56832
23.4000 1 4393.53344
23.5000 1 6197.08416
23.6000 1 4865.39264
23.7000 1 4865.39264
23.8000 1 7004.48768
23.9000 1 4875.8784
24.0000 1 5148.50816
24.1000 1 6815.744
24.2000 1 4949.27872
24.3000 1 5525.99552
24.4000 1 6312.42752
24.5000 1 5662.3104
24.6000 1 5567.93856
24.7000 1 5714.7392
24.8000 1 4487.90528
24.9000 1 3848.27392
25.0000 1 6176.11264
25.1000 1 4236.24704
25.2000 1 5368.70912
25.3000 1 3491.75808
25.4000 1 5882.51136
25.5000 1 6081.7408
25.6000 1 5106.56512
25.7000 1 5641.33888
25.8000 1 6018.82624
25.9000 1 6658.4576
26.0000 1 6280.97024
26.1000 1 6731.85792
26.2000 1 5421.13792
26.3000 1 4844.42112
26.4000 1 5882.51136
26.5000 1 5022.67904
26.6000 1 4456.448
26.7000 1 7465.86112
26.8000 1 5379.19488
26.9000 1 5085.5936
27.0000 1 6155.14112
27.1000 1 6375.34208
27.2000 1 5284.82304
27.3000 1 5641.33888
27.4000 1 6689.91488
27.5000 1 5463.08096
27.6000 1 5505.024
27.7000 1 5976.8832
27.8000 1 5326.76608
27.9000 1 5525.99552
28.0000 1 7109.34528
28.1000 1 4278.19008
28.2000 1 4299.1616
28.3000 1 6301.94176
28.4000 1 4194.304
28.5000 1 5704.25344
28.6000 1 4949.27872
28.7000 1 5148.50816
28.8000 1 7266.63168
28.9000 1 5987.36896
29.0000 1 5316.28032
29.1000 1 5442.10944
29.2000 1 4886.36416
29.3000 1 4771.0208
29.4000 1 5662.3104
29.5000 1 5064.62208
29.6000 1 5851.05408
29.7000 1 6710.8864
29.8000 1 5400.1664
29.9000 1 5022.67904
30.0000 1 5683.28192
30.1000 1 5043.65056
30.2000 1 4299.1616
30.3000 1 7958.69184
30.4000 1 5683.28192
30.5000 1 6008.34048
30.6000 1 5620.36736
30.7000 1 5368.70912
30.8000 1 5211.42272
30.9000 1 6406.79936
31.0000 1 6218.05568
31.1000 1 5809.11104
31.2000 1 5421.13792
31.3000 1 6375.34208
31.4000 1 5012.19328
31.5000 1 5368.70912
31.6000 1 7004.48768
31.7000 1 4823.4496
31.8000 1 4750.04928
31.9000 1 7287.6032
32.0000 1 5232.39424
32.1000 1 5672.79616
32.2000 1 6092.22656
32.3000 1 5295.3088
32.4000 1 4582.27712
32.5000 1 6836.71552
32.6000 1 5913.96864
32.7000 1 5158.99392
32.8000 1 5746.19648
32.9000 1 7098.85952
33.0000 1 5022.67904
33.1000 1 5379.19488
33.2000 1 7077.888
33.3000 1 4886.36416
33.4000 1 4645.19168
33.5000 1 5819.5968
33.6000 1 4729.07776
33.7000 1 5830.08256
33.8000 1 7214.20288
33.9000 1 5672.79616
34.0000 1 5861.53984
34.1000 1 6071.25504
34.2000 1 5714.7392
34.3000 1 4781.50656
34.4000 1 5976.8832
34.5000 1 5274.33728
34.6000 1 4833.93536
34.7000 1 6847.20128
34.8000 1 4204.78976
34.9000 1 4141.8752
35.0000 1 7119.83104
35.1000 1 4204.78976
35.2000 1 5494.53824
35.3000 1 4980.736
35.4000 1 5892.99712
35.5000 1 5882.51136
35.6000 1 7350.51776
35.7000 1 4760.53504
35.8000 1 4666.1632
35.9000 1 6805.25824
36.0000 1 5138.0224
36.1000 1 4781.50656
36.2000 1 5389.68064
36.3000 1 4949.27872
36.4000 1 6134.1696
36.5000 1 5840.56832
36.6000 1 5431.62368
36.7000 1 5725.22496
36.8000 1 6144.65536
36.9000 1 4802.47808
37.0000 1 5788.13952
37.1000 1 6354.37056
37.2000 1 4781.50656
37.3000 1 5620.36736
37.4000 1 5725.22496
37.5000 1 5358.22336
37.6000 1 5662.3104
37.7000 1 5096.07936
37.8000 1 4592.76288
37.9000 1 6700.40064
38.0000 1 5368.70912
38.1000 1 5494.53824
38.2000 1 6228.54144
38.3000 1 6333.39904
38.4000 1 4424.99072
38.5000 1 5976.8832
38.6000 1 5567.93856
38.7000 1 4362.07616
38.8000 1 6249.51296
38.9000 1 5337.25184
39.0000 1 4791.99232
39.1000 1 6490.68544
39.2000 1 5169.47968
39.3000 1 6113.19808
39.4000 1 6134.1696
39.5000 1 5662.3104
39.6000 1 5463.08096
39.7000 1 5630.85312
39.8000 1 6847.20128
39.9000 1 5033.1648
40.0000 1 5536.48128
40.1000 1 6658.4576
40.2000 1 5001.70752
40.3000 1 4980.736
40.4000 1 6490.68544
40.5000 1 4498.39104
40.6000 1 5064.62208
40.7000 1 6532.62848
40.8000 1 5463.08096
40.9000 1 5064.62208
41.0000 1 7224.68864
41.1000 1 5725.22496
41.2000 1 5127.53664
41.3000 1 6878.65856
41.4000 1 5221.90848
41.5000 1 5484.05248
41.6000 1 6071.25504
41.7000 1 5924.4544
41.8000 1 5798.62528
41.9000 1 5012.19328
42.0000 1 6647.97184
42.1000 1 4519.36256
42.2000 1 5609.8816
42.3000 1 6585.05728
42.4000 1 5735.71072
42.5000 1 5305.79456
42.6000 1 6973.0304
42.7000 1 5337.25184
42.8000 1 6050.28352
42.9000 1 5746.19648
43.0000 1 5463.08096
43.1000 1 5955.91168
43.2000 1 5672.79616
43.3000 1 6994.00192
43.4000 1 5012.19328
43.5000 1 5358.22336
43.6000 1 6962.54464
43.7000 1 5096.07936
43.8000 1 4571.79136
43.9000 1 7004.48768
44.0000 1 5096.07936
44.1000 1 5295.3088
44.2000 1 6773.80096
44.3000 1 5421.13792
44.4000 1 5431.62368
44.5000 1 6144.65536
44.6000 1 5809.11104
44.7000 1 4896.84992
44.8000 1 6060.76928
44.9000 1 6186.5984
45.0000 1 5054.13632
45.1000 1 5400.1664
45.2000 1 5819.5968
45.3000 1 5515.50976
45.4000 1 5546.96704
45.5000 1 6501.1712
45.6000 1 5400.1664
45.7000 1 4907.33568
45.8000 1 6973.0304
45.9000 1 5221.90848
46.0000 1 4550.81984
46.1000 1 7161.77408
46.2000 1 4708.10624
46.3000 1 4886.36416
46.4000 1 5976.8832
46.5000 1 5158.99392
46.6000 1 5630.85312
46.7000 1 6207.56992
46.8000 1 4582.27712
46.9000 1 5966.39744
47.0000 1 6081.7408
47.1000 1 5033.1648
47.2000 1 5662.3104
47.3000 1 5148.50816
47.4000 1 4466.93376
47.5000 1 7067.40224
47.6000 1 4561.3056
47.7000 1 5179.96544
47.8000 1 6889.14432
47.9000 1 5966.39744
48.0000 1 4519.36256
48.1000 1 6312.42752
48.2000 1 5274.33728
48.3000 1 5127.53664
48.4000 1 6438.25664
48.5000 1 5169.47968
48.6000 1 5127.53664
48.7000 1 6480.19968
48.8000 1 5567.93856
48.9000 1 5410.65216
49.0000 1 5767.168
49.1000 1 6857.68704
49.2000 1 5693.76768
49.3000 1 4687.13472
49.4000 1 6742.34368
49.5000 1 5494.53824
49.6000 1 5515.50976
49.7000 1 6501.1712
49.8000 1 4655.67744
49.9000 1 5295.3088
50.0000 1 6406.79936
50.1000 1 5221.90848
50.2000 1 5295.3088
50.3000 1 6815.744
50.4000 1 6259.99872
50.5000 1 5305.79456
50.6000 1 5337.25184
50.7000 1 7235.1744
50.8000 1 5326.76608
50.9000 1 5064.62208
51.0000 1 6710.8864
51.1000 1 5106.56512
51.2000 1 4131.38944
51.3000 1 6878.65856
51.4000 1 4183.81824
51.5000 1 5662.3104
51.6000 1 5295.3088
51.7000 1 5117.05088
51.8000 1 6071.25504
51.9000 1 5463.08096
52.0000 1 5882.51136
52.1000 1 5672.79616
52.2000 1 5599.39584
52.3000 1 4896.84992
52.4000 1 6060.76928
52.5000 1 6018.82624
52.6000 1 5033.1648
52.7000 1 5693.76768
52.8000 1 5599.39584
52.9000 1 4466.93376
53.0000 1 6889.14432
53.1000 1 5179.96544
53.2000 1 5211.42272
53.3000 1 6385.82784
53.4000 1 6511.65696
53.5000 1 5840.56832
53.6000 1 5452.5952
53.7000 1 6920.6016
53.8000 1 5001.70752
53.9000 1 5064.62208
54.0000 1 6301.94176
54.1000 1 4980.736
54.2000 1 5578.42432
54.3000 1 6836.71552
54.4000 1 4718.592
54.5000 1 5221.90848
54.6000 1 6920.6016
54.7000 1 5431.62368
54.8000 1 5012.19328
54.9000 1 6322.91328
55.0000 1 6239.0272
55.1000 1 5347.7376
55.2000 1 5127.53664
55.3000 1 6983.51616
55.4000 1 4697.62048
55.5000 1 5106.56512
55.6000 1 7014.97344
55.7000 1 5379.19488
55.8000 1 4372.56192
55.9000 1 7235.1744
56.0000 1 4802.47808
56.1000 1 5630.85312
56.2000 1 6763.3152
56.3000 1 5368.70912
56.4000 1 5662.3104
56.5000 1 6480.19968
56.6000 1 5851.05408
56.7000 1 5955.91168
56.8000 1 4917.82144
56.9000 1 6039.79776
57.0000 1 4414.50496
57.1000 1 6354.37056
57.2000 1 5305.79456
57.3000 1 5630.85312
57.4000 1 5536.48128
57.5000 1 6532.62848
57.6000 1 5714.7392
57.7000 1 5557.4528
57.8000 1 7193.23136
57.9000 1 5494.53824
58.0000 1 4529.84832
58.1000 1 6742.34368
58.2000 1 4750.04928
58.3000 1 4613.7344
58.4000 1 6123.68384
58.5000 1 5284.82304
58.6000 1 4771.0208
58.7000 1 6805.25824
58.8000 1 5421.13792
58.9000 1 5022.67904
59.0000 1 7193.23136
59.1000 1 5232.39424
59.2000 1 5746.19648
59.3000 1 6385.82784
59.4000 1 5882.51136
59.5000 1 5767.168
59.6000 1 5169.47968
59.7000 1 7224.68864
59.8000 1 5284.82304
59.9000 1 5022.67904
60.0000 1 7193.23136
60.1000 1 5096.07936
60.2000 1 5326.76608
60.3000 1 6773.80096
60.4000 1 4477.41952
60.5000 1 6113.19808
60.6000 1 6039.79776
60.7000 1 5546.96704
60.8000 1 5295.3088
60.9000 1 6092.22656
61.0000 1 6448.7424
61.1000 1 5756.68224
61.2000 1 4760.53504
61.3000 1 6647.97184
61.4000 1 5557.4528
61.5000 1 5882.51136
61.6000 1 6616.51456
61.7000 1 5746.19648
61.8000 1 5358.22336
61.9000 1 5924.4544
62.0000 1 5809.11104
62.1000 1 5295.3088
62.2000 1 5672.79616
62.3000 1 6343.8848
62.4000 1 4917.82144
62.5000 1 5494.53824
62.6000 1 6501.1712
62.7000 1 5892.99712
62.8000 1 4299.1616
62.9000 1 6689.91488
63.0000 1 5421.13792
63.1000 1 4729.07776
63.2000 1 6490.68544
63.3000 1 5200.93696
63.4000 1 5117.05088
63.5000 1 6396.3136
63.6000 1 4907.33568
63.7000 1 6113.19808
63.8000 1 6228.54144
63.9000 1 4676.64896
64.0000 1 5022.67904
64.1000 1 6364.85632
64.2000 1 5316.28032
64.3000 1 5179.96544
64.4000 1 6941.57312
64.5000 1 5756.68224
64.6000 1 4802.47808
64.7000 1 6920.6016
64.8000 1 5452.5952
64.9000 1 5358.22336
65.0000 1 6647.97184
65.1000 1 5735.71072
65.2000 1 5316.28032
65.3000 1 5704.25344
65.4000 1 5924.4544
65.5000 1 5158.99392
65.6000 1 5746.19648
65.7000 1 7235.1744
65.8000 1 5662.3104
65.9000 1 4697.62048
66.0000 1 6207.56992
66.1000 1 5284.82304
66.2000 1 5043.65056
66.3000 1 6543.11424
66.4000 1 4760.53504
66.5000 1 5169.47968
66.6000 1 7140.80256
66.7000 1 5305.79456
66.8000 1 4771.0208
66.9000 1 7350.51776
67.0000 1 5442.10944
67.1000 1 4896.84992
67.2000 1 6595.54304
67.3000 1 5746.19648
67.4000 1 4928.3072
67.5000 1 6165.62688
67.6000 1 5819.5968
67.7000 1 4833.93536
67.8000 1 6113.19808
67.9000 1 6742.34368
68.0000 1 5997.85472
68.1000 1 4865.39264
68.2000 1 6155.14112
68.3000 1 5725.22496
68.4000 1 5913.96864
68.5000 1 6239.0272
68.6000 1 5861.53984
68.7000 1 5599.39584
68.8000 1 5337.25184
68.9000 1 6899.63008
69.0000 1 5693.76768
69.1000 1 5882.51136
69.2000 1 6627.00032
69.3000 1 5651.82464
69.4000 1 5651.82464
69.5000 1 5767.168
69.6000 1 5788.13952
69.7000 1 4320.13312
69.8000 1 6647.97184
69.9000 1 5326.76608
70.0000 1 5725.22496
70.1000 1 5494.53824
70.2000 1 6994.00192
70.3000 1 4938.79296
70.4000 1 5001.70752
70.5000 1 6259.99872
70.6000 1 4603.24864
70.7000 1 5882.51136
70.8000 1 6627.00032
70.9000 1 5085.5936
71.0000 1 5043.65056
71.1000 1 6742.34368
71.2000 1 5567.93856
71.3000 1 4750.04928
71.4000 1 6836.71552
71.5000 1 5756.68224
71.6000 1 5641.33888
71.7000 1 6522.14272
71.8000 1 5882.51136
71.9000 1 5557.4528
72.0000 1 5788.13952
72.1000 1 6511.65696
72.2000 1 5284.82304
72.3000 1 5851.05408
72.4000 1 6585.05728
72.5000 1 5054.13632
72.6000 1 4854.90688
72.7000 1 6878.65856
72.8000 1 4183.81824
72.9000 1 5368.70912
73.0000 1 6270.48448
73.1000 1 5326.76608
73.2000 1 6018.82624
73.3000 1 6731.85792
73.4000 1 5851.05408
73.5000 1 5662.3104
73.6000 1 5557.4528
73.7000 1 6606.0288
73.8000 1 5819.5968
73.9000 1 5463.08096
74.0000 1 6836.71552
74.1000 1 4865.39264
74.2000 1 4907.33568
74.3000 1 6868.1728
74.4000 1 5263.85152
74.5000 1 5442.10944
74.6000 1 6259.99872
74.7000 1 5295.3088
74.8000 1 5819.5968
74.9000 1 5400.1664
75.0000 1 6071.25504
75.1000 1 5389.68064
75.2000 1 5473.56672
75.3000 1 6616.51456
75.4000 1 4624.22016
75.5000 1 5578.42432
75.6000 1 5106.56512
75.7000 1 5127.53664
75.8000 1 6459.22816
75.9000 1 6595.54304
76.0000 1 5704.25344
76.1000 1 5096.07936
76.2000 1 6480.19968
76.3000 1 4771.0208
76.4000 1 5683.28192
76.5000 1 6322.91328
76.6000 1 4498.39104
76.7000 1 5138.0224
76.8000 1 6354.37056
76.9000 1 5693.76768
77.0000 1 5704.25344
77.1000 1 6595.54304
77.2000 1 5714.7392
77.3000 1 5693.76768
77.4000 1 6165.62688
77.5000 1 5840.56832
77.6000 1 5179.96544
77.7000 1 5746.19648
77.8000 1 6637.48608
77.9000 1 5536.48128
78.0000 1 5819.5968
78.1000 1 7161.77408
78.2000 1 5421.13792
78.3000 1 5536.48128
78.4000 1 5809.11104
78.5000 1 6480.19968
78.6000 1 5840.56832
78.7000 1 4750.04928
78.8000 1 6448.7424
78.9000 1 5190.4512
79.0000 1 5882.51136
79.1000 1 6710.8864
79.2000 1 4949.27872
79.3000 1 5746.19648
79.4000 1 6417.28512
79.5000 1 5022.67904
79.6000 1 5242.88
79.7000 1 6627.00032
79.8000 1 6501.1712
79.9000 1 4718.592
80.0000 1 5651.82464
80.1000 1 6480.19968
80.2000 1 5305.79456
80.3000 1 5966.39744
80.4000 1 6490.68544
80.5000 1 5809.11104
80.6000 1 5662.3104
80.7000 1 6176.11264
80.8000 1 6501.1712
80.9000 1 5305.79456
81.0000 1 4970.25024
81.1000 1 6018.82624
81.2000 1 5316.28032
81.3000 1 5421.13792
81.4000 1 6962.54464
81.5000 1 5242.88
81.6000 1 5505.024
81.7000 1 7056.91648
81.8000 1 5546.96704
81.9000 1 5075.10784
82.0000 1 6522.14272
82.1000 1 6396.3136
82.2000 1 5326.76608
82.3000 1 5672.79616
82.4000 1 6689.91488
82.5000 1 5358.22336
82.6000 1 4540.33408
82.7000 1 6396.3136
82.8000 1 5368.70912
82.9000 1 5662.3104
83.0000 1 6721.37216
83.1000 1 5179.96544
83.2000 1 5536.48128
83.3000 1 6333.39904
83.4000 1 6794.77248
83.5000 1 5022.67904
83.6000 1 5179.96544
83.7000 1 7172.25984
83.8000 1 5924.4544
83.9000 1 5232.39424
84.0000 1 6490.68544
84.1000 1 5515.50976
84.2000 1 5096.07936
84.3000 1 6427.77088
84.4000 1 5830.08256
84.5000 1 5138.0224
84.6000 1 5809.11104
84.7000 1 5305.79456
84.8000 1 5494.53824
84.9000 1 5934.94016
85.0000 1 6060.76928
85.1000 1 4938.79296
85.2000 1 5756.68224
85.3000 1 7214.20288
85.4000 1 5463.08096
85.5000 1 4739.56352
85.6000 1 6532.62848
85.7000 1 5085.5936
85.8000 1 5525.99552
85.9000 1 6585.05728
86.0000 1 5546.96704
86.1000 1 5242.88
86.2000 1 6511.65696
86.3000 1 5872.0256
86.4000 1 5630.85312
86.5000 1 5442.10944
86.6000 1 6826.22976
86.7000 1 5809.11104
86.8000 1 5232.39424
86.9000 1 7098.85952
87.0000 1 5337.25184
87.1000 1 5599.39584
87.2000 1 5997.85472
87.3000 1 6197.08416
87.4000 1 5452.5952
87.5000 1 4970.25024
87.6000 1 6784.28672
87.7000 1 5085.5936
87.8000 1 5410.65216
87.9000 1 7119.83104
88.0000 1 5232.39424
88.1000 1 5505.024
88.2000 1 6616.51456
88.3000 1 5693.76768
88.4000 1 5609.8816
88.5000 1 5599.39584
88.6000 1 7266.63168
88.7000 1 5096.07936
88.8000 1 5924.4544
88.9000 1 6417.28512
89.0000 1 5714.7392
89.1000 1 5546.96704
89.2000 1 5966.39744
89.3000 1 6228.54144
89.4000 1 5169.47968
89.5000 1 5179.96544
89.6000 1 6616.51456
89.7000 1 5767.168
89.8000 1 5022.67904
89.9000 1 6301.94176
90.0000 1 5872.0256
90.1000 1 5452.5952
90.2000 1 6962.54464
90.3000 1 4729.07776
90.4000 1 4907.33568
90.5000 1 7235.1744
90.6000 1 5274.33728
90.7000 1 5819.5968
90.8000 1 5704.25344
90.9000 1 6165.62688
91.0000 1 5117.05088
91.1000 1 5588.91008
91.2000 1 7140.80256
91.3000 1 5714.7392
91.4000 1 4886.36416
91.5000 1 6627.00032
91.6000 1 5651.82464
91.7000 1 5767.168
91.8000 1 6008.34048
91.9000 1 5819.5968
92.0000 1 5106.56512
92.1000 1 5788.13952
92.2000 1 6490.68544
92.3000 1 5358.22336
92.4000 1 5494.53824
92.5000 1 6973.0304
92.6000 1 5651.82464
92.7000 1 5368.70912
92.8000 1 6606.0288
92.9000 1 6228.54144
93.0000 1 5379.19488
93.1000 1 5305.79456
93.2000 1 7203.71712
93.3000 1 5588.91008
93.4000 1 5410.65216
93.5000 1 6805.25824
93.6000 1 5117.05088
93.7000 1 5913.96864
93.8000 1 5735.71072
93.9000 1 6343.8848
94.0000 1 5599.39584
94.1000 1 5997.85472
94.2000 1 6511.65696
94.3000 1 5536.48128
94.4000 1 5777.65376
94.5000 1 6144.65536
94.6000 1 6354.37056
94.7000 1 5505.024
94.8000 1 5798.62528
94.9000 1 6522.14272
95.0000 1 5347.7376
95.1000 1 5431.62368
95.2000 1 6952.05888
95.3000 1 5609.8816
95.4000 1 5043.65056
95.5000 1 6113.19808
95.6000 1 6301.94176
95.7000 1 5924.4544
95.8000 1 5872.0256
95.9000 1 6710.8864
96.0000 1 5096.07936
96.1000 1 5735.71072
96.2000 1 6280.97024
96.3000 1 6165.62688
96.4000 1 5735.71072
96.5000 1 5578.42432
96.6000 1 7130.3168
96.7000 1 5337.25184
96.8000 1 5777.65376
96.9000 1 6186.5984
97.0000 1 6301.94176
97.1000 1 5756.68224
97.2000 1 5033.1648
97.3000 1 6543.11424
97.4000 1 5295.3088
97.5000 1 5955.91168
97.6000 1 7025.4592
97.7000 1 5525.99552
97.8000 1 5714.7392
97.9000 1 5546.96704
98.0000 1 6826.22976
98.1000 1 5725.22496
98.2000 1 5431.62368
98.3000 1 7161.77408
98.4000 1 5358.22336
98.5000 1 4991.22176
98.6000 1 6291.456
98.7000 1 5588.91008
98.8000 1 5253.36576
98.9000 1 6060.76928
99.0000 1 6689.91488
99.1000 1 5337.25184
99.2000 1 5284.82304
99.3000 1 6773.80096
99.4000 1 5892.99712
99.5000 1 5200.93696
99.6000 1 6647.97184
99.7000 1 5872.0256
99.8000 1 5630.85312
99.9000 1 5473.56672
100.0000 1 6773.80096
100.1000 1 5232.39424
100.2000 1 5096.07936
100.3000 1 6186.5984
100.4000 1 5578.42432
100.5000 1 5368.70912
100.6000 1 6616.51456
100.7000 1 5232.39424
100.8000 1 5253.36576
100.9000 1 6689.91488
101.0000 1 5830.08256
101.1000 1 5347.7376
101.2000 1 6134.1696
101.3000 1 5987.36896
101.4000 1 5830.08256
101.5000 1 5609.8816
101.6000 1 6847.20128
101.7000 1 5421.13792
101.8000 1 5861.53984
101.9000 1 6301.94176
102.0000 1 6029.312
102.1000 1 5651.82464
102.2000 1 5473.56672
102.3000 1 7088.37376
102.4000 1 5253.36576
102.5000 1 5368.70912
102.6000 1 7035.94496
102.7000 1 5316.28032
102.8000 1 5735.71072
102.9000 1 5735.71072
103.0000 1 7067.40224
103.1000 1 5232.39424
103.2000 1 5421.13792
103.3000 1 6438.25664
103.4000 1 5672.79616
103.5000 1 5463.08096
103.6000 1 6606.0288
103.7000 1 5976.8832
103.8000 1 5410.65216
103.9000 1 6018.82624
104.0000 1 6427.77088
104.1000 1 5830.08256
104.2000 1 5221.90848
104.3000 1 6773.80096
104.4000 1 5798.62528
104.5000 1 5431.62368
104.6000 1 5704.25344
104.7000 1 7245.66016
104.8000 1 5515.50976
104.9000 1 5389.68064
105.0000 1 7098.85952
105.1000 1 6018.82624
105.2000 1 5326.76608
105.3000 1 5704.25344
105.4000 1 7077.888
105.5000 1 5484.05248
105.6000 1 5735.71072
105.7000 1 6585.05728
105.8000 1 5337.25184
105.9000 1 5798.62528
106.0000 1 5620.36736
106.1000 1 6962.54464
106.2000 1 5096.07936
106.3000 1 5505.024
106.4000 1 6836.71552
106.5000 1 5798.62528
106.6000 1 5851.05408
106.7000 1 5620.36736
106.8000 1 6469.71392
106.9000 1 5452.5952
107.0000 1 5651.82464
107.1000 1 6511.65696
107.2000 1 5515.50976
107.3000 1 5840.56832
107.4000 1 6689.91488
107.5000 1 5085.5936
107.6000 1 5882.51136
107.7000 1 5861.53984
107.8000 1 6417.28512
107.9000 1 5767.168
108.0000 1 5316.28032
108.1000 1 7035.94496
108.2000 1 5536.48128
108.3000 1 5578.42432
108.4000 1 6249.51296
108.5000 1 5609.8816
108.6000 1 5872.0256
108.7000 1 5546.96704
108.8000 1 6752.82944
108.9000 1 5756.68224
109.0000 1 5704.25344
109.1000 1 6532.62848
109.2000 1 5253.36576
109.3000 1 5704.25344
109.4000 1 5662.3104
109.5000 1 6438.25664
109.6000 1 5809.11104
109.7000 1 5861.53984
109.8000 1 6826.22976
109.9000 1 5567.93856
110.0000 1 5693.76768
110.1000 1 5683.28192
110.2000 1 7077.888
110.3000 1 5358.22336
110.4000 1 5809.11104
110.5000 1 6731.85792
110.6000 1 5588.91008
110.7000 1 5693.76768
110.8000 1 5913.96864
110.9000 1 6438.25664
111.0000 1 5851.05408
111.1000 1 5557.4528
111.2000 1 6773.80096
111.3000 1 5861.53984
111.4000 1 5452.5952
111.5000 1 5976.8832
111.6000 1 7119.83104
111.7000 1 6018.82624
111.8000 1 5525.99552
111.9000 1 6239.0272
112.0000 1 5169.47968
112.1000 1 5557.4528
112.2000 1 6270.48448
112.3000 1 6259.99872
112.4000 1 5704.25344
112.5000 1 5431.62368
112.6000 1 7088.37376
112.7000 1 5567.93856
112.8000 1 5798.62528
112.9000 1 5976.8832
113.0000 1 6700.40064
113.1000 1 5484.05248
113.2000 1 5536.48128
113.3000 1 6585.05728
113.4000 1 5892.99712
113.5000 1 5200.93696
113.6000 1 6574.57152
113.7000 1 6532.62848
113.8000 1 5484.05248
113.9000 1 5400.1664
114.0000 1 7277.11744
114.1000 1 5242.88
114.2000 1 5819.5968
114.3000 1 6155.14112
114.4000 1 5756.68224
114.5000 1 5578.42432
114.6000 1 5515.50976
114.7000 1 6962.54464
114.8000 1 5232.39424
114.9000 1 5200.93696
115.0000 1 6794.77248
115.1000 1 5400.1664
115.2000 1 5662.3104
115.3000 1 6427.77088
115.4000 1 6071.25504
115.5000 1 5557.4528
115.6000 1 6113.19808
115.7000 1 6742.34368
115.8000 1 5777.65376
115.9000 1 5903.48288
116.0000 1 5913.96864
116.1000 1 6668.94336
116.2000 1 5515.50976
116.3000 1 5389.68064
116.4000 1 7056.91648
116.5000 1 5746.19648
116.6000 1 5588.91008
116.7000 1 5976.8832
116.8000 1 6134.1696
116.9000 1 5379.19488
117.0000 1 5557.4528
117.1000 1 6564.08576
117.2000 1 5158.99392
117.3000 1 5882.51136
117.4000 1 6763.3152
117.5000 1 5651.82464
117.6000 1 5473.56672
117.7000 1 6123.68384
117.8000 1 5693.76768
117.9000 1 5809.11104
118.0000 1 5913.96864
118.1000 1 7214.20288
118.2000 1 5075.10784
118.3000 1 5211.42272
118.4000 1 6469.71392
118.5000 1 5861.53984
118.6000 1 5651.82464
118.7000 1 5798.62528
118.8000 1 6742.34368
118.9000 1 5630.85312
119.0000 1 5683.28192
119.1000 1 6469.71392
119.2000 1 5903.48288
119.3000 1 5725.22496
119.4000 1 5735.71072
119.5000 1 6060.76928
119.6000 1 5966.39744
119.7000 1 5379.19488
119.8000 1 6343.8848
119.9000 1 5578.42432
120.0000 1 6029.312
120.1000 1 6459.22816
120.2000 1 5138.0224
120.3000 1 5536.48128
120.4000 1 6197.08416
120.5000 1 6186.5984
120.6000 1 5704.25344
120.7000 1 5851.05408
120.8000 1 6448.7424
120.9000 1 5819.5968
121.0000 1 5263.85152
121.1000 1 6574.57152
121.2000 1 5714.7392
121.3000 1 5672.79616
121.4000 1 5872.0256
121.5000 1 6878.65856
121.6000 1 5368.70912
121.7000 1 5578.42432
121.8000 1 6459.22816
121.9000 1 5148.50816
122.0000 1 5557.4528
122.1000 1 6438.25664
122.2000 1 5809.11104
122.3000 1 5714.7392
122.4000 1 5997.85472
122.5000 1 6574.57152
122.6000 1 5851.05408
122.7000 1 5232.39424
122.8000 1 6763.3152
122.9000 1 5683.28192
123.0000 1 5284.82304
123.1000 1 5693.76768
123.2000 1 6616.51456
123.3000 1 5043.65056
123.4000 1 5620.36736
123.5000 1 6836.71552
123.6000 1 5452.5952
123.7000 1 5882.51136
123.8000 1 6553.6
123.9000 1 5725.22496
124.0000 1 5337.25184
124.1000 1 5725.22496
124.2000 1 6983.51616
124.3000 1 5484.05248
124.4000 1 5200.93696
124.5000 1 6553.6
124.6000 1 6071.25504
124.7000 1 5096.07936
124.8000 1 6480.19968
124.9000 1 5934.94016
125.0000 1 5767.168
125.1000 1 5588.91008
125.2000 1 6239.0272
125.3000 1 5672.79616
125.4000 1 5567.93856
125.5000 1 7004.48768
125.6000 1 5567.93856
125.7000 1 5379.19488
125.8000 1 5955.91168
125.9000 1 6364.85632
126.0000 1 5693.76768
126.1000 1 5368.70912
126.2000 1 7140.80256
126.3000 1 5442.10944
126.4000 1 5232.39424
126.5000 1 6668.94336
126.6000 1 6144.65536
126.7000 1 5945.42592
126.8000 1 5200.93696
126.9000 1 6322.91328
127.0000 1 5924.4544
127.1000 1 5179.96544
127.2000 1 6899.63008
127.3000 1 5861.53984
127.4000 1 5389.68064
127.5000 1 5882.51136
127.6000 1 6815.744
127.7000 1 5651.82464
127.8000 1 5463.08096
127.9000 1 7035.94496
128.0000 1 5463.08096
128.1000 1 5892.99712
128.2000 1 5609.8816
128.3000 1 6857.68704
128.4000 1 5117.05088
128.5000 1 5819.5968
128.6000 1 6794.77248
128.7000 1 5725.22496
128.8000 1 5064.62208
128.9000 1 6564.08576
129.0000 1 5966.39744
129.1000 1 5368.70912
129.2000 1 6029.312
129.3000 1 6490.68544
129.4000 1 5242.88
129.5000 1 6029.312
129.6000 1 6375.34208
129.7000 1 5924.4544
129.8000 1 5505.024
129.9000 1 5756.68224
130.0000 1 6857.68704
130.1000 1 6029.312
130.2000 1 5442.10944
130.3000 1 6459.22816
130.4000 1 5934.94016
130.5000 1 5609.8816
130.6000 1 5567.93856
130.7000 1 6039.79776
130.8000 1 5442.10944
130.9000 1 5326.76608
131.0000 1 6606.0288
131.1000 1 5064.62208
131.2000 1 6081.7408
131.3000 1 6585.05728
131.4000 1 5620.36736
131.5000 1 5505.024
131.6000 1 6459.22816
131.7000 1 5515.50976
131.8000 1 5704.25344
131.9000 1 5557.4528
132.0000 1 7025.4592
132.1000 1 5704.25344
132.2000 1 5851.05408
132.3000 1 6585.05728
132.4000 1 5840.56832
132.5000 1 5756.68224
132.6000 1 5400.1664
132.7000 1 7130.3168
132.8000 1 6008.34048
132.9000 1 5379.19488
133.0000 1 6406.79936
133.1000 1 5955.91168
133.2000 1 5599.39584
133.3000 1 5903.48288
133.4000 1 6459.22816
133.5000 1 5473.56672
133.6000 1 5190.4512
133.7000 1 6773.80096
133.8000 1 5840.56832
133.9000 1 5085.5936
134.0000 1 6396.3136
134.1000 1 6564.08576
134.2000 1 5662.3104
134.3000 1 5295.3088
134.4000 1 6847.20128
134.5000 1 5494.53824
134.6000 1 5609.8816
134.7000 1 6406.79936
134.8000 1 6176.11264
134.9000 1 5620.36736
135.0000 1 5620.36736
135.1000 1 7298.08896
135.2000 1 5368.70912
135.3000 1 5777.65376
135.4000 1 6060.76928
135.5000 1 6522.14272
135.6000 1 5221.90848
135.7000 1 5400.1664
135.8000 1 6469.71392
135.9000 1 5316.28032
136.0000 1 5557.4528
136.1000 1 6868.1728
136.2000 1 6197.08416
136.3000 1 5043.65056
136.4000 1 5903.48288
136.5000 1 6239.0272
136.6000 1 5525.99552
136.7000 1 5641.33888
136.8000 1 6532.62848
136.9000 1 5934.94016
137.0000 1 5463.08096
137.1000 1 6731.85792
137.2000 1 5924.4544
137.3000 1 5945.42592
137.4000 1 5211.42272
137.5000 1 6889.14432
137.6000 1 5484.05248
137.7000 1 6008.34048
137.8000 1 6427.77088
137.9000 1 5588.91008
138.0000 1 5882.51136
138.1000 1 5892.99712
138.2000 1 6889.14432
138.3000 1 5326.76608
138.4000 1 5851.05408
138.5000 1 6469.71392
138.6000 1 6228.54144
138.7000 1 5431.62368
138.8000 1 5075.10784
138.9000 1 6354.37056
139.0000 1 5368.70912
139.1000 1 5830.08256
139.2000 1 6585.05728
139.3000 1 5630.85312
139.4000 1 5777.65376
139.5000 1 6385.82784
139.6000 1 6029.312
139.7000 1 5872.0256
139.8000 1 5872.0256
139.9000 1 6910.11584
140.0000 1 5473.56672
140.1000 1 5672.79616
140.2000 1 5955.91168
140.3000 1 7119.83104
140.4000 1 5389.68064
140.5000 1 5704.25344
140.6000 1 6920.6016
140.7000 1 5253.36576
140.8000 1 5840.56832
140.9000 1 5557.4528
141.0000 1 6522.14272
141.1000 1 4938.79296
141.2000 1 5872.0256
141.3000 1 6689.91488
141.4000 1 5798.62528
141.5000 1 5746.19648
141.6000 1 6585.05728
141.7000 1 6060.76928
141.8000 1 5840.56832
141.9000 1 5242.88
142.0000 1 6910.11584
142.1000 1 5746.19648
142.2000 1 5515.50976
142.3000 1 6522.14272
142.4000 1 6259.99872
142.5000 1 5326.76608
142.6000 1 5505.024
142.7000 1 6962.54464
142.8000 1 5567.93856
142.9000 1 5851.05408
143.0000 1 6469.71392
143.1000 1 6176.11264
143.2000 1 5641.33888
143.3000 1 5735.71072
143.4000 1 6658.4576
143.5000 1 5966.39744
143.6000 1 5169.47968
143.7000 1 6522.14272
143.8000 1 6731.85792
143.9000 1 5892.99712
144.0000 1 5117.05088
144.1000 1 7193.23136
144.2000 1 5735.71072
144.3000 1 5242.88
144.4000 1 5976.8832
144.5000 1 6763.3152
144.6000 1 5903.48288
144.7000 1 5064.62208
144.8000 1 7308.57472
144.9000 1 5452.5952
145.0000 1 5945.42592
145.1000 1 5400.1664
145.2000 1 7381.97504
145.3000 1 5442.10944
145.4000 1 5767.168
145.5000 1 5421.13792
