0.1000 1 0.0
0.2000 1 4592.76288
0.3000 1 4089.4464
0.4000 1 6710.8864
0.5000 1 4917.82144
0.6000 1 4928.3072
0.7000 1 6207.56992
0.8000 1 4466.93376
0.9000 1 6039.79776
1.0000 1 5452.5952
1.1000 1 4634.70592
1.2000 1 6029.312
1.3000 1 5840.56832
1.4000 1 4456.448
1.5000 1 6469.71392
1.6000 1 4970.25024
1.7000 1 5903.48288
1.8000 1 6522.14272
1.9000 1 6102.71232
2.0000 1 6008.34048
2.1000 1 5316.28032
2.2000 1 6847.20128
2.3000 1 5903.48288
2.4000 1 4592.76288
2.5000 1 6564.08576
2.6000 1 4687.13472
2.7000 1 4414.50496
2.8000 1 6490.68544
2.9000 1 5347.7376
3.0000 1 5903.48288
3.1000 1 7151.28832
3.2000 1 5452.5952
3.3000 1 5630.85312
3.4000 1 5704.25344
3.5000 1 7130.3168
3.6000 1 5242.88
3.7000 1 5683.28192
3.8000 1 6836.71552
3.9000 1 5557.4528
4.0000 1 5641.33888
4.1000 1 5767.168
4.2000 1 6459.22816
4.3000 1 5767.168
4.4000 1 4802.47808
4.5000 1 6490.68544
4.6000 1 4802.47808
4.7000 1 5190.4512
4.8000 1 7203.71712
4.9000 1 5452.5952
5.0000 1 5473.56672
5.1000 1 6910.11584
5.2000 1 5022.67904
5.3000 1 5075.10784
5.4000 1 6627.00032
5.5000 1 5630.85312
5.6000 1 5054.13632
5.7000 1 6092.22656
5.8000 1 5463.08096
5.9000 1 5054.13632
6.0000 1 6239.0272
6.1000 1 6511.65696
6.2000 1 5379.19488
6.3000 1 5641.33888
6.4000 1 6973.0304
6.5000 1 5473.56672
6.6000 1 5588.91008
6.7000 1 6270.48448
6.8000 1 6354.37056
6.9000 1 5054.13632
7.0000 1 5714.7392
7.1000 1 7172.25984
7.2000 1 5379.19488
7.3000 1 4330.61888
7.4000 1 6459.22816
7.5000 1 4959.76448
7.6000 1 5599.39584
7.7000 1 6627.00032
7.8000 1 4823.4496
7.9000 1 5546.96704
8.0000 1 6857.68704
8.1000 1 4372.56192
8.2000 1 4519.36256
8.3000 1 6553.6
8.4000 1 4351.5904
8.5000 1 5756.68224
8.6000 1 6270.48448
8.7000 1 4729.07776
8.8000 1 5693.76768
8.9000 1 6396.3136
9.0000 1 5001.70752
9.1000 1 6113.19808
9.2000 1 7423.91808
9.3000 1 6218.05568
9.4000 1 5473.56672
9.5000 1 5274.33728
9.6000 1 7319.06048
9.7000 1 5809.11104
9.8000 1 4655.67744
9.9000 1 6585.05728
10.0000 1 4424.99072
10.1000 1 5389.68064
10.2000 1 7130.3168
10.3000 1 5672.79616
10.4000 1 5609.8816
10.5000 1 5976.8832
10.6000 1 7256.14592
10.7000 1 5484.05248
10.8000 1 5379.19488
10.9000 1 7014.97344
11.0000 1 6029.312
11.1000 1 5945.42592
11.2000 1 6113.19808
11.3000 1 6973.0304
11.4000 1 4529.84832
11.5000 1 5851.05408
11.6000 1 6343.8848
11.7000 1 4991.22176
11.8000 1 5232.39424
11.9000 1 6543.11424
12.0000 1 5473.56672
12.1000 1 5861.53984
12.2000 1 5452.5952
12.3000 1 6784.28672
12.4000 1 5976.8832
12.5000 1 5347.7376
12.6000 1 7004.48768
12.7000 1 5599.39584
12.8000 1 4875.8784
12.9000 1 6239.0272
13.0000 1 6396.3136
13.1000 1 5043.65056
13.2000 1 5284.82304
13.3000 1 5851.05408
13.4000 1 4634.70592
13.5000 1 6239.0272
13.6000 1 6176.11264
13.7000 1 4550.81984
13.8000 1 5945.42592
13.9000 1 4802.47808
14.0000 1 5001.70752
14.1000 1 6700.40064
14.2000 1 4435.47648
14.3000 1 4351.5904
14.4000 1 6417.28512
14.5000 1 4571.79136
14.6000 1 5431.62368
14.7000 1 6952.05888
14.8000 1 4875.8784
14.9000 1 5410.65216
15.0000 1 7444.8896
15.1000 1 5442.10944
15.2000 1 4708.10624
15.3000 1 7004.48768
15.4000 1 5536.48128
15.5000 1 5641.33888
15.6000 1 5567.93856
15.7000 1 6501.1712
15.8000 1 5033.1648
15.9000 1 6071.25504
16.0000 1 6941.57312
16.1000 1 6039.79776
16.2000 1 6144.65536
16.3000 1 5861.53984
16.4000 1 7098.85952
16.5000 1 6029.312
16.6000 1 4823.4496
16.7000 1 6406.79936
16.8000 1 6910.11584
16.9000 1 5934.94016
17.0000 1 4802.47808
17.1000 1 7486.83264
17.2000 1 5221.90848
17.3000 1 5305.79456
17.4000 1 6165.62688
17.5000 1 6585.05728
17.6000 1 5400.1664
17.7000 1 4896.84992
17.8000 1 7465.86112
17.9000 1 5221.90848
18.0000 1 6207.56992
18.1000 1 6039.79776
18.2000 1 5651.82464
18.3000 1 5106.56512
18.4000 1 5966.39744
18.5000 1 5683.28192
18.6000 1 5536.48128
18.7000 1 6123.68384
18.8000 1 7392.4608
18.9000 1 5767.168
19.0000 1 4959.76448
19.1000 1 6396.3136
19.2000 1 7161.77408
19.3000 1 4949.27872
19.4000 1 5075.10784
19.5000 1 6731.85792
19.6000 1 4991.22176
19.7000 1 5232.39424
19.8000 1 7518.28992
19.9000 1 5588.91008
20.0000 1 4456.448
20.1000 1 6595.54304
20.2000 1 5421.13792
20.3000 1 4823.4496
20.4000 1 6805.25824
20.5000 1 5903.48288
20.6000 1 5211.42272
20.7000 1 5620.36736
20.8000 1 6889.14432
20.9000 1 5557.4528
21.0000 1 4802.47808
21.1000 1 7455.37536
21.2000 1 4844.42112
21.3000 1 4529.84832
21.4000 1 6511.65696
21.5000 1 4582.27712
21.6000 1 5012.19328
21.7000 1 5966.39744
21.8000 1 5410.65216
21.9000 1 5620.36736
22.0000 1 6962.54464
22.1000 1 6039.79776
22.2000 1 6155.14112
22.3000 1 5777.65376
22.4000 1 6742.34368
22.5000 1 5756.68224
22.6000 1 5966.39744
22.7000 1 6595.54304
22.8000 1 4980.736
22.9000 1 5546.96704
23.0000 1 6280.97024
23.1000 1 6857.68704
23.2000 1 5515.50976
23.3000 1 5410.65216
23.4000 1 6480.19968
23.5000 1 5389.68064
23.6000 1 4907.33568
23.7000 1 7287.6032
23.8000 1 6039.79776
23.9000 1 5389.68064
24.0000 1 5966.39744
24.1000 1 7361.00352
24.2000 1 5987.36896
24.3000 1 4750.04928
24.4000 1 6438.25664
24.5000 1 5400.1664
24.6000 1 5882.51136
24.7000 1 5463.08096
24.8000 1 7004.48768
24.9000 1 5725.22496
25.0000 1 5431.62368
25.1000 1 6983.51616
25.2000 1 5263.85152
25.3000 1 5022.67904
25.4000 1 6469.71392
25.5000 1 5578.42432
25.6000 1 5148.50816
25.7000 1 6008.34048
25.8000 1 7067.40224
25.9000 1 5117.05088
26.0000 1 5043.65056
26.1000 1 6553.6
26.2000 1 4466.93376
26.3000 1 5295.3088
26.4000 1 6616.51456
26.5000 1 5200.93696
26.6000 1 5756.68224
26.7000 1 7046.43072
26.8000 1 4561.3056
26.9000 1 4613.7344
27.0000 1 7497.3184
27.1000 1 5641.33888
27.2000 1 5410.65216
27.3000 1 6354.37056
27.4000 1 5463.08096
27.5000 1 5389.68064
27.6000 1 5872.0256
27.7000 1 6448.7424
27.8000 1 5903.48288
27.9000 1 5987.36896
28.0000 1 6826.22976
28.1000 1 5714.7392
28.2000 1 5955.91168
28.3000 1 5075.10784
28.4000 1 7140.80256
28.5000 1 5976.8832
28.6000 1 5431.62368
28.7000 1 6574.57152
28.8000 1 5892.99712
28.9000 1 5200.93696
29.0000 1 6071.25504
29.1000 1 6931.08736
29.2000 1 5452.5952
29.3000 1 5148.50816
29.4000 1 7151.28832
29.5000 1 5672.79616
29.6000 1 5400.1664
29.7000 1 5651.82464
29.8000 1 6689.91488
29.9000 1 5997.85472
30.0000 1 4634.70592
30.1000 1 6679.42912
30.2000 1 5525.99552
30.3000 1 5505.024
30.4000 1 6910.11584
30.5000 1 5588.91008
30.6000 1 5075.10784
30.7000 1 6197.08416
30.8000 1 6857.68704
30.9000 1 5505.024
31.0000 1 5001.70752
31.1000 1 6721.37216
31.2000 1 5494.53824
31.3000 1 5892.99712
31.4000 1 6291.456
31.5000 1 6270.48448
31.6000 1 4854.90688
31.7000 1 5714.7392
31.8000 1 7277.11744
31.9000 1 5997.85472
32.0000 1 5913.96864
32.1000 1 5892.99712
32.2000 1 5442.10944
32.3000 1 4708.10624
32.4000 1 6637.48608
32.5000 1 5756.68224
32.6000 1 5242.88
32.7000 1 5913.96864
32.8000 1 7151.28832
32.9000 1 5536.48128
33.0000 1 5651.82464
33.1000 1 6637.48608
33.2000 1 6029.312
33.3000 1 5515.50976
33.4000 1 5809.11104
33.5000 1 6899.63008
33.6000 1 5609.8816
33.7000 1 4949.27872
33.8000 1 6983.51616
33.9000 1 5221.90848
34.0000 1 5274.33728
34.1000 1 6354.37056
34.2000 1 5987.36896
34.3000 1 5001.70752
34.4000 1 5945.42592
34.5000 1 6952.05888
34.6000 1 5305.79456
34.7000 1 5767.168
34.8000 1 6920.6016
34.9000 1 5725.22496
35.0000 1 4854.90688
35.1000 1 6155.14112
35.2000 1 5630.85312
35.3000 1 4466.93376
35.4000 1 6543.11424
35.5000 1 5043.65056
35.6000 1 4288.67584
35.7000 1 6333.39904
35.8000 1 4404.0192
35.9000 1 5232.39424
36.0000 1 6627.00032
36.1000 1 5284.82304
36.2000 1 4812.96384
36.3000 1 6532.62848
36.4000 1 4309.64736
36.5000 1 5945.42592
36.6000 1 6469.71392
36.7000 1 4634.70592
36.8000 1 5672.79616
36.9000 1 5379.19488
37.0000 1 5463.08096
37.1000 1 6081.7408
37.2000 1 6931.08736
37.3000 1 5976.8832
37.4000 1 5085.5936
37.5000 1 6679.42912
37.6000 1 4466.93376
37.7000 1 5421.13792
37.8000 1 7056.91648
37.9000 1 5096.07936
38.0000 1 5525.99552
38.1000 1 6270.48448
38.2000 1 6123.68384
38.3000 1 5913.96864
38.4000 1 4729.07776
38.5000 1 7172.25984
38.6000 1 5788.13952
38.7000 1 5064.62208
38.8000 1 7067.40224
38.9000 1 5851.05408
39.0000 1 5200.93696
39.1000 1 5735.71072
39.2000 1 7182.7456
39.3000 1 4529.84832
39.4000 1 5001.70752
39.5000 1 6994.00192
39.6000 1 5924.4544
39.7000 1 4771.0208
39.8000 1 7476.34688
39.9000 1 4917.82144
40.0000 1 5368.70912
40.1000 1 6490.68544
40.2000 1 6710.8864
40.3000 1 4896.84992
40.4000 1 5117.05088
40.5000 1 7465.86112
40.6000 1 5788.13952
40.7000 1 4162.84672
40.8000 1 7161.77408
40.9000 1 4435.47648
41.0000 1 4802.47808
41.1000 1 5976.8832
41.2000 1 5746.19648
41.3000 1 5054.13632
41.4000 1 6585.05728
41.5000 1 4529.84832
41.6000 1 5400.1664
41.7000 1 7109.34528
41.8000 1 4980.736
41.9000 1 5662.3104
42.0000 1 5934.94016
42.1000 1 4099.93216
42.2000 1 5693.76768
42.3000 1 5892.99712
42.4000 1 5410.65216
42.5000 1 5830.08256
42.6000 1 6543.11424
42.7000 1 5924.4544
42.8000 1 5934.94016
42.9000 1 6406.79936
43.0000 1 4896.84992
43.1000 1 5410.65216
43.2000 1 6469.71392
43.3000 1 7707.0336
43.4000 1 5840.56832
43.5000 1 6186.5984
43.6000 1 5662.3104
43.7000 1 7728.00512
43.8000 1 5588.91008
43.9000 1 5263.85152
44.0000 1 6249.51296
44.1000 1 6312.42752
44.2000 1 5221.90848
44.3000 1 5955.91168
44.4000 1 6396.3136
44.5000 1 5536.48128
44.6000 1 5997.85472
44.7000 1 6627.00032
44.8000 1 6868.1728
44.9000 1 5253.36576
45.0000 1 4708.10624
45.1000 1 6731.85792
45.2000 1 4645.19168
45.3000 1 5179.96544
45.4000 1 5840.56832
45.5000 1 4404.0192
45.6000 1 5798.62528
45.7000 1 3858.75968
45.8000 1 5263.85152
45.9000 1 5473.56672
46.0000 1 4246.7328
46.1000 1 7025.4592
46.2000 1 5620.36736
46.3000 1 4791.99232
46.4000 1 6364.85632
46.5000 1 6354.37056
46.6000 1 5746.19648
46.7000 1 4613.7344
46.8000 1 6427.77088
46.9000 1 5295.3088
47.0000 1 5337.25184
47.1000 1 7046.43072
47.2000 1 5651.82464
47.3000 1 5536.48128
47.4000 1 6637.48608
47.5000 1 5326.76608
47.6000 1 5211.42272
47.7000 1 6228.54144
47.8000 1 6134.1696
47.9000 1 5892.99712
48.0000 1 5882.51136
48.1000 1 6522.14272
48.2000 1 5326.76608
48.3000 1 5641.33888
48.4000 1 6490.68544
48.5000 1 6060.76928
48.6000 1 4854.90688
48.7000 1 5851.05408
48.8000 1 5788.13952
48.9000 1 5316.28032
49.0000 1 5651.82464
49.1000 1 5242.88
49.2000 1 4508.8768
49.3000 1 6553.6
49.4000 1 5305.79456
49.5000 1 5557.4528
49.6000 1 6354.37056
49.7000 1 6197.08416
49.8000 1 4844.42112
49.9000 1 5976.8832
50.0000 1 7266.63168
50.1000 1 5452.5952
50.2000 1 4645.19168
50.3000 1 7224.68864
50.4000 1 5400.1664
50.5000 1 4320.13312
50.6000 1 6396.3136
50.7000 1 5158.99392
50.8000 1 5630.85312
50.9000 1 6868.1728
51.0000 1 5735.71072
51.1000 1 5337.25184
51.2000 1 5746.19648
51.3000 1 6805.25824
51.4000 1 5505.024
51.5000 1 4917.82144
51.6000 1 6889.14432
51.7000 1 4928.3072
51.8000 1 4949.27872
51.9000 1 7340.032
52.0000 1 4676.64896
52.1000 1 4278.19008
52.2000 1 6406.79936
52.3000 1 5274.33728
52.4000 1 5263.85152
52.5000 1 7151.28832
52.6000 1 4540.33408
52.7000 1 4865.39264
52.8000 1 5987.36896
52.9000 1 5200.93696
53.0000 1 5567.93856
53.1000 1 6364.85632
53.2000 1 4718.592
53.3000 1 5609.8816
53.4000 1 6312.42752
53.5000 1 4781.50656
53.6000 1 5746.19648
53.7000 1 6333.39904
53.8000 1 5033.1648
53.9000 1 5557.4528
54.0000 1 7182.7456
54.1000 1 5620.36736
54.2000 1 4687.13472
54.3000 1 7256.14592
54.4000 1 4928.3072
54.5000 1 5263.85152
54.6000 1 6427.77088
54.7000 1 5305.79456
54.8000 1 5756.68224
54.9000 1 6081.7408
55.0000 1 5022.67904
55.1000 1 4204.78976
55.2000 1 6354.37056
55.3000 1 4341.10464
55.4000 1 5232.39424
55.5000 1 6438.25664
55.6000 1 5379.19488
55.7000 1 5525.99552
55.8000 1 7151.28832
55.9000 1 5431.62368
56.0000 1 5798.62528
56.1000 1 6113.19808
56.2000 1 6847.20128
56.3000 1 5505.024
56.4000 1 5043.65056
56.5000 1 7224.68864
56.6000 1 5284.82304
56.7000 1 5253.36576
56.8000 1 6805.25824
56.9000 1 5903.48288
57.0000 1 5735.71072
57.1000 1 5138.0224
57.2000 1 6931.08736
57.3000 1 4949.27872
57.4000 1 5127.53664
57.5000 1 7077.888
57.6000 1 5200.93696
57.7000 1 5389.68064
57.8000 1 7130.3168
57.9000 1 5389.68064
58.0000 1 5221.90848
58.1000 1 6259.99872
58.2000 1 5976.8832
58.3000 1 5452.5952
58.4000 1 5358.22336
58.5000 1 6773.80096
58.6000 1 4844.42112
58.7000 1 5788.13952
58.8000 1 6333.39904
58.9000 1 5284.82304
59.0000 1 4771.0208
59.1000 1 7130.3168
59.2000 1 5442.10944
59.3000 1 5431.62368
59.4000 1 6480.19968
59.5000 1 5179.96544
59.6000 1 5924.4544
59.7000 1 5924.4544
59.8000 1 6291.456
59.9000 1 4896.84992
60.0000 1 5641.33888
60.1000 1 5976.8832
60.2000 1 5620.36736
60.3000 1 5305.79456
60.4000 1 6689.91488
60.5000 1 5872.0256
60.6000 1 5892.99712
60.7000 1 6564.08576
60.8000 1 5955.91168
60.9000 1 5851.05408
61.0000 1 5756.68224
61.1000 1 6941.57312
61.2000 1 5714.7392
61.3000 1 5756.68224
61.4000 1 5913.96864
61.5000 1 6511.65696
61.6000 1 5945.42592
61.7000 1 5442.10944
61.8000 1 7203.71712
61.9000 1 5515.50976
62.0000 1 5179.96544
62.1000 1 6123.68384
62.2000 1 6627.00032
62.3000 1 5630.85312
62.4000 1 5620.36736
62.5000 1 6941.57312
62.6000 1 4424.99072
62.7000 1 4980.736
62.8000 1 7088.37376
62.9000 1 5809.11104
63.0000 1 5305.79456
63.1000 1 6186.5984
63.2000 1 6417.28512
63.3000 1 4791.99232
63.4000 1 5525.99552
63.5000 1 5955.91168
63.6000 1 5190.4512
63.7000 1 5672.79616
63.8000 1 5934.94016
63.9000 1 4508.8768
64.0000 1 6322.91328
64.1000 1 6050.28352
64.2000 1 5190.4512
64.3000 1 5536.48128
64.4000 1 6752.82944
64.5000 1 5253.36576
64.6000 1 4896.84992
64.7000 1 6868.1728
64.8000 1 5263.85152
64.9000 1 5337.25184
65.0000 1 6459.22816
65.1000 1 5505.024
65.2000 1 5494.53824
65.3000 1 6805.25824
65.4000 1 5767.168
65.5000 1 5903.48288
65.6000 1 5515.50976
65.7000 1 7046.43072
65.8000 1 5494.53824
65.9000 1 5326.76608
66.0000 1 6805.25824
66.1000 1 5997.85472
66.2000 1 5609.8816
66.3000 1 5431.62368
66.4000 1 6847.20128
66.5000 1 5756.68224
66.6000 1 5379.19488
66.7000 1 6962.54464
66.8000 1 5662.3104
66.9000 1 4739.56352
67.0000 1 6322.91328
67.1000 1 5756.68224
67.2000 1 5221.90848
67.3000 1 5777.65376
67.4000 1 6029.312
67.5000 1 5861.53984
67.6000 1 5525.99552
67.7000 1 6794.77248
67.8000 1 5955.91168
67.9000 1 5200.93696
68.0000 1 6585.05728
68.1000 1 6553.6
68.2000 1 5431.62368
68.3000 1 5305.79456
68.4000 1 7193.23136
68.5000 1 4592.76288
68.6000 1 5221.90848
68.7000 1 6627.00032
68.8000 1 5861.53984
68.9000 1 5473.56672
69.0000 1 6406.79936
69.1000 1 5075.10784
69.2000 1 5263.85152
69.3000 1 6417.28512
69.4000 1 6249.51296
69.5000 1 5641.33888
69.6000 1 5872.0256
69.7000 1 6710.8864
69.8000 1 4246.7328
69.9000 1 5138.0224
70.0000 1 6501.1712
70.1000 1 5651.82464
70.2000 1 5337.25184
70.3000 1 7098.85952
70.4000 1 5442.10944
70.5000 1 5714.7392
70.6000 1 5788.13952
70.7000 1 5599.39584
70.8000 1 5138.0224
70.9000 1 6018.82624
71.0000 1 6815.744
71.1000 1 5945.42592
71.2000 1 5368.70912
71.3000 1 6700.40064
71.4000 1 5473.56672
71.5000 1 5431.62368
71.6000 1 6176.11264
71.7000 1 5651.82464
71.8000 1 5819.5968
71.9000 1 5305.79456
72.0000 1 6815.744
72.1000 1 5494.53824
72.2000 1 5463.08096
72.3000 1 6931.08736
72.4000 1 4404.0192
72.5000 1 5221.90848
72.6000 1 6522.14272
72.7000 1 5662.3104
72.8000 1 4865.39264
72.9000 1 6396.3136
73.0000 1 5253.36576
73.1000 1 5788.13952
73.2000 1 6574.57152
73.3000 1 5892.99712
73.4000 1 4634.70592
73.5000 1 6301.94176
73.6000 1 5389.68064
73.7000 1 5190.4512
73.8000 1 6197.08416
73.9000 1 5903.48288
74.0000 1 5830.08256
74.1000 1 5001.70752
74.2000 1 6679.42912
74.3000 1 5012.19328
74.4000 1 5106.56512
74.5000 1 5819.5968
74.6000 1 4278.19008
74.7000 1 6343.8848
74.8000 1 5232.39424
74.9000 1 4267.70432
75.0000 1 6459.22816
75.1000 1 4561.3056
75.2000 1 5305.79456
75.3000 1 6836.71552
75.4000 1 5872.0256
75.5000 1 5326.76608
75.6000 1 6784.28672
75.7000 1 4812.96384
75.8000 1 5221.90848
75.9000 1 6532.62848
76.0000 1 5232.39424
76.1000 1 5546.96704
76.2000 1 6155.14112
76.3000 1 5295.3088
76.4000 1 5913.96864
76.5000 1 5630.85312
76.6000 1 6532.62848
76.7000 1 5934.94016
76.8000 1 5421.13792
76.9000 1 6899.63008
77.0000 1 5421.13792
77.1000 1 5683.28192
77.2000 1 5955.91168
77.3000 1 6627.00032
77.4000 1 5945.42592
77.5000 1 6039.79776
77.6000 1 6480.19968
77.7000 1 6291.456
77.8000 1 5337.25184
77.9000 1 5861.53984
78.0000 1 7119.83104
78.1000 1 4959.76448
78.2000 1 5190.4512
78.3000 1 6511.65696
78.4000 1 5756.68224
78.5000 1 5767.168
78.6000 1 5872.0256
78.7000 1 6123.68384
78.8000 1 5232.39424
78.9000 1 5410.65216
79.0000 1 6773.80096
79.1000 1 5662.3104
79.2000 1 5536.48128
79.3000 1 7182.7456
79.4000 1 5274.33728
79.5000 1 5567.93856
79.6000 1 5976.8832
79.7000 1 6553.6
79.8000 1 5851.05408
79.9000 1 5421.13792
80.0000 1 7130.3168
80.1000 1 5599.39584
80.2000 1 5725.22496
80.3000 1 5945.42592
80.4000 1 6721.37216
80.5000 1 5934.94016
80.6000 1 5326.76608
80.7000 1 6784.28672
80.8000 1 5945.42592
80.9000 1 5704.25344
81.0000 1 5347.7376
81.1000 1 6847.20128
81.2000 1 4949.27872
81.3000 1 5211.42272
81.4000 1 6501.1712
81.5000 1 5693.76768
81.6000 1 5410.65216
81.7000 1 6941.57312
81.8000 1 4687.13472
81.9000 1 4802.47808
82.0000 1 6375.34208
82.1000 1 5284.82304
82.2000 1 5840.56832
82.3000 1 6679.42912
82.4000 1 5840.56832
82.5000 1 5903.48288
82.6000 1 5882.51136
82.7000 1 6574.57152
82.8000 1 5379.19488
82.9000 1 4487.90528
83.0000 1 6406.79936
83.1000 1 5263.85152
83.2000 1 5683.28192
83.3000 1 6931.08736
83.4000 1 5347.7376
83.5000 1 5347.7376
83.6000 1 6364.85632
83.7000 1 5295.3088
83.8000 1 5284.82304
83.9000 1 6228.54144
84.0000 1 5672.79616
84.1000 1 5830.08256
84.2000 1 5400.1664
84.3000 1 7245.66016
84.4000 1 5305.79456
84.5000 1 5672.79616
84.6000 1 6794.77248
84.7000 1 4980.736
84.8000 1 5148.50816
84.9000 1 6343.8848
85.0000 1 5693.76768
85.1000 1 5704.25344
85.2000 1 5651.82464
85.3000 1 6176.11264
85.4000 1 5284.82304
85.5000 1 5421.13792
85.6000 1 6658.4576
85.7000 1 5211.42272
85.8000 1 5305.79456
85.9000 1 6585.05728
86.0000 1 5798.62528
86.1000 1 5473.56672
86.2000 1 6784.28672
86.3000 1 5997.85472
86.4000 1 5368.70912
86.5000 1 5819.5968
86.6000 1 6710.8864
86.7000 1 5861.53984
86.8000 1 5798.62528
86.9000 1 6333.39904
87.0000 1 6417.28512
87.1000 1 5379.19488
87.2000 1 5735.71072
87.3000 1 6889.14432
87.4000 1 5505.024
87.5000 1 5976.8832
87.6000 1 5955.91168
87.7000 1 6585.05728
87.8000 1 5830.08256
87.9000 1 4959.76448
88.0000 1 6270.48448
88.1000 1 5337.25184
88.2000 1 5882.51136
88.3000 1 6700.40064
88.4000 1 5830.08256
88.5000 1 5851.05408
88.6000 1 5955.91168
88.7000 1 6763.3152
88.8000 1 5242.88
88.9000 1 5295.3088
89.0000 1 6658.4576
89.1000 1 5892.99712
89.2000 1 5515.50976
89.3000 1 6092.22656
89.4000 1 6438.25664
89.5000 1 5683.28192
89.6000 1 5987.36896
89.7000 1 6637.48608
89.8000 1 5830.08256
89.9000 1 5316.28032
90.0000 1 5955.91168
90.1000 1 5714.7392
90.2000 1 5620.36736
90.3000 1 5442.10944
90.4000 1 6438.25664
90.5000 1 5431.62368
90.6000 1 5735.71072
90.7000 1 6920.6016
90.8000 1 5630.85312
90.9000 1 5075.10784
91.0000 1 6501.1712
91.1000 1 5263.85152
91.2000 1 5536.48128
91.3000 1 6165.62688
91.4000 1 6134.1696
91.5000 1 5955.91168
91.6000 1 5473.56672
91.7000 1 7151.28832
91.8000 1 5515.50976
91.9000 1 5756.68224
92.0000 1 5924.4544
92.1000 1 6585.05728
92.2000 1 5913.96864
92.3000 1 4865.39264
92.4000 1 6396.3136
92.5000 1 4362.07616
92.6000 1 5421.13792
92.7000 1 6438.25664
92.8000 1 5767.168
92.9000 1 6008.34048
93.0000 1 6427.77088
93.1000 1 5525.99552
93.2000 1 5872.0256
93.3000 1 5892.99712
93.4000 1 6574.57152
93.5000 1 5494.53824
93.6000 1 5798.62528
93.7000 1 6899.63008
93.8000 1 4299.1616
93.9000 1 5179.96544
94.0000 1 6689.91488
94.1000 1 5274.33728
94.2000 1 5903.48288
94.3000 1 6574.57152
94.4000 1 5976.8832
94.5000 1 5683.28192
94.6000 1 5546.96704
94.7000 1 7214.20288
94.8000 1 5295.3088
94.9000 1 4477.41952
95.0000 1 6962.54464
95.1000 1 5809.11104
95.2000 1 5054.13632
95.3000 1 6679.42912
95.4000 1 5609.8816
95.5000 1 5913.96864
95.6000 1 5620.36736
95.7000 1 7266.63168
95.8000 1 5997.85472
95.9000 1 5546.96704
96.0000 1 5934.94016
96.1000 1 7193.23136
96.2000 1 5536.48128
96.3000 1 5190.4512
96.4000 1 7046.43072
96.5000 1 5473.56672
96.6000 1 5588.91008
96.7000 1 5903.48288
96.8000 1 7035.94496
96.9000 1 5484.05248
97.0000 1 5704.25344
97.1000 1 6941.57312
97.2000 1 6176.11264
97.3000 1 4928.3072
97.4000 1 5662.3104
97.5000 1 6920.6016
97.6000 1 5557.4528
97.7000 1 5599.39584
97.8000 1 7067.40224
97.9000 1 5588.91008
98.0000 1 5872.0256
98.1000 1 5337.25184
98.2000 1 6994.00192
98.3000 1 5872.0256
98.4000 1 5630.85312
98.5000 1 6637.48608
98.6000 1 6071.25504
98.7000 1 5242.88
98.8000 1 5599.39584
98.9000 1 7193.23136
99.0000 1 5830.08256
99.1000 1 5421.13792
99.2000 1 6532.62848
99.3000 1 6029.312
99.4000 1 5725.22496
99.5000 1 5819.5968
99.6000 1 6427.77088
99.7000 1 5337.25184
99.8000 1 5934.94016
99.9000 1 6522.14272
100.0000 1 5955.91168
100.1000 1 5463.08096
100.2000 1 5484.05248
100.3000 1 6176.11264
100.4000 1 5305.79456
100.5000 1 5767.168
100.6000 1 7140.80256
100.7000 1 5693.76768
100.8000 1 5484.05248
100.9000 1 6333.39904
101.0000 1 6868.1728
101.1000 1 5620.36736
101.2000 1 5442.10944
101.3000 1 6878.65856
101.4000 1 5777.65376
101.5000 1 5421.13792
101.6000 1 5892.99712
101.7000 1 7109.34528
101.8000 1 5588.91008
101.9000 1 5630.85312
102.0000 1 6763.3152
102.1000 1 5892.99712
102.2000 1 5934.94016
102.3000 1 5861.53984
102.4000 1 6857.68704
102.5000 1 5777.65376
102.6000 1 5819.5968
102.7000 1 5830.08256
102.8000 1 6689.91488
102.9000 1 5861.53984
103.0000 1 5651.82464
103.1000 1 6805.25824
103.2000 1 5861.53984
103.3000 1 5892.99712
103.4000 1 5546.96704
103.5000 1 6952.05888
103.6000 1 5777.65376
103.7000 1 6008.34048
103.8000 1 5976.8832
103.9000 1 5064.62208
104.0000 1 5567.93856
104.1000 1 6102.71232
104.2000 1 5253.36576
104.3000 1 6354.37056
104.4000 1 6606.0288
104.5000 1 7098.85952
104.6000 1 5872.0256
104.7000 1 5746.19648
104.8000 1 6239.0272
104.9000 1 6731.85792
105.0000 1 6522.14272
105.1000 1 5588.91008
105.2000 1 5127.53664
105.3000 1 7675.57632
105.4000 1 6417.28512
105.5000 1 6343.8848
105.6000 1 5505.024
105.7000 1 7602.176
105.8000 1 6889.14432
105.9000 1 5599.39584
106.0000 1 5421.13792
106.1000 1 7182.7456
106.2000 1 5557.4528
106.3000 1 6448.7424
106.4000 1 6071.25504
106.5000 1 7088.37376
106.6000 1 5872.0256
106.7000 1 6113.19808
106.8000 1 6448.7424
106.9000 1 6532.62848
107.0000 1 5536.48128
107.1000 1 6595.54304
107.2000 1 6102.71232
107.3000 1 6826.22976
107.4000 1 6438.25664
107.5000 1 6501.1712
107.6000 1 5389.68064
107.7000 1 7088.37376
107.8000 1 6333.39904
107.9000 1 6197.08416
108.0000 1 6511.65696
108.1000 1 6018.82624
108.2000 1 6092.22656
108.3000 1 6417.28512
108.4000 1 5819.5968
108.5000 1 6553.6
108.6000 1 5505.024
108.7000 1 5987.36896
108.8000 1 6396.3136
108.9000 1 7602.176
109.0000 1 5672.79616
109.1000 1 5169.47968
109.2000 1 6543.11424
109.3000 1 7717.51936
109.4000 1 5997.85472
109.5000 1 6050.28352
109.6000 1 6134.1696
109.7000 1 6941.57312
109.8000 1 6679.42912
109.9000 1 5756.68224
110.0000 1 5641.33888
110.1000 1 7056.91648
110.2000 1 6637.48608
110.3000 1 5798.62528
110.4000 1 6448.7424
110.5000 1 6155.14112
110.6000 1 6731.85792
110.7000 1 6029.312
110.8000 1 6280.97024
110.9000 1 6197.08416
111.0000 1 5830.08256
111.1000 1 5368.70912
111.2000 1 5588.91008
111.3000 1 6710.8864
111.4000 1 5169.47968
111.5000 1 6270.48448
111.6000 1 6868.1728
111.7000 1 6249.51296
111.8000 1 6301.94176
111.9000 1 6522.14272
112.0000 1 6123.68384
112.1000 1 7172.25984
112.2000 1 5620.36736
112.3000 1 5494.53824
112.4000 1 6899.63008
112.5000 1 6742.34368
112.6000 1 6490.68544
112.7000 1 5368.70912
112.8000 1 6532.62848
112.9000 1 7906.26304
113.0000 1 5966.39744
113.1000 1 5987.36896
113.2000 1 6480.19968
113.3000 1 7109.34528
113.4000 1 6186.5984
113.5000 1 5316.28032
113.6000 1 6427.77088
113.7000 1 7256.14592
113.8000 1 6501.1712
113.9000 1 5033.1648
114.0000 1 5242.88
114.1000 1 7025.4592
114.2000 1 5819.5968
114.3000 1 6354.37056
114.4000 1 5913.96864
114.5000 1 5997.85472
114.6000 1 6501.1712
114.7000 1 6364.85632
114.8000 1 6249.51296
114.9000 1 7004.48768
115.0000 1 5473.56672
115.1000 1 5463.08096
115.2000 1 7014.97344
115.3000 1 6312.42752
115.4000 1 6406.79936
115.5000 1 5693.76768
115.6000 1 6868.1728
115.7000 1 7319.06048
115.8000 1 5442.10944
115.9000 1 6438.25664
116.0000 1 6459.22816
116.1000 1 7308.57472
116.2000 1 5872.0256
116.3000 1 6343.8848
116.4000 1 6543.11424
116.5000 1 6721.37216
116.6000 1 6375.34208
116.7000 1 6364.85632
116.8000 1 6197.08416
116.9000 1 6417.28512
117.0000 1 6941.57312
117.1000 1 6574.57152
117.2000 1 5316.28032
117.3000 1 6301.94176
117.4000 1 6962.54464
117.5000 1 6249.51296
117.6000 1 5976.8832
117.7000 1 5830.08256
117.8000 1 6207.56992
117.9000 1 5672.79616
118.0000 1 6312.42752
118.1000 1 6899.63008
118.2000 1 6385.82784
118.3000 1 5358.22336
118.4000 1 6606.0288
118.5000 1 6784.28672
118.6000 1 5851.05408
118.7000 1 6270.48448
118.8000 1 5945.42592
118.9000 1 7203.71712
119.0000 1 6668.94336
119.1000 1 5525.99552
119.2000 1 6459.22816
119.3000 1 6501.1712
119.4000 1 6826.22976
119.5000 1 5536.48128
119.6000 1 5494.53824
119.7000 1 7098.85952
119.8000 1 5630.85312
119.9000 1 6406.79936
120.0000 1 5630.85312
120.1000 1 7665.09056
120.2000 1 6815.744
120.3000 1 5463.08096
120.4000 1 6312.42752
120.5000 1 6543.11424
120.6000 1 7319.06048
120.7000 1 5683.28192
120.8000 1 6343.8848
120.9000 1 5809.11104
121.0000 1 6291.456
121.1000 1 6406.79936
121.2000 1 6501.1712
121.3000 1 5934.94016
121.4000 1 7423.91808
121.5000 1 6092.22656
121.6000 1 5693.76768
121.7000 1 6543.11424
121.8000 1 6543.11424
121.9000 1 5400.1664
122.0000 1 6448.7424
122.1000 1 6113.19808
122.2000 1 7109.34528
122.3000 1 5515.50976
122.4000 1 6039.79776
122.5000 1 6469.71392
122.6000 1 5872.0256
122.7000 1 6375.34208
122.8000 1 5788.13952
122.9000 1 7077.888
123.0000 1 6050.28352
123.1000 1 5588.91008
123.2000 1 6543.11424
123.3000 1 6721.37216
123.4000 1 6553.6
123.5000 1 5379.19488
123.6000 1 6511.65696
123.7000 1 6889.14432
123.8000 1 6836.71552
123.9000 1 5955.91168
124.0000 1 5138.0224
124.1000 1 6826.22976
124.2000 1 6480.19968
124.3000 1 5505.024
124.4000 1 5452.5952
124.5000 1 7539.26144
124.6000 1 6406.79936
124.7000 1 6312.42752
124.8000 1 5431.62368
124.9000 1 7539.26144
125.0000 1 5924.4544
125.1000 1 6585.05728
125.2000 1 5337.25184
125.3000 1 7350.51776
125.4000 1 6889.14432
125.5000 1 5358.22336
125.6000 1 6480.19968
125.7000 1 6322.91328
125.8000 1 5714.7392
125.9000 1 6375.34208
126.0000 1 6312.42752
126.1000 1 6763.3152
126.2000 1 6805.25824
126.3000 1 5536.48128
126.4000 1 6532.62848
126.5000 1 6375.34208
126.6000 1 6239.0272
126.7000 1 6627.00032
126.8000 1 5693.76768
126.9000 1 6595.54304
127.0000 1 6920.6016
127.1000 1 5746.19648
127.2000 1 5704.25344
127.3000 1 6794.77248
127.4000 1 5347.7376
127.5000 1 6501.1712
127.6000 1 6427.77088
127.7000 1 6868.1728
127.8000 1 7455.37536
127.9000 1 5588.91008
128.0000 1 6417.28512
128.1000 1 5788.13952
128.2000 1 6522.14272
128.3000 1 5987.36896
128.4000 1 6448.7424
128.5000 1 6585.05728
128.6000 1 6448.7424
128.7000 1 4854.90688
128.8000 1 4970.25024
128.9000 1 7707.0336
129.0000 1 6186.5984
129.1000 1 6417.28512
129.2000 1 5368.70912
129.3000 1 6878.65856
129.4000 1 6385.82784
129.5000 1 6123.68384
129.6000 1 5588.91008
129.7000 1 7969.1776
129.8000 1 6585.05728
129.9000 1 5379.19488
130.0000 1 6280.97024
130.1000 1 7004.48768
130.2000 1 6249.51296
130.3000 1 5599.39584
130.4000 1 5054.13632
130.5000 1 7696.54784
130.6000 1 6501.1712
130.7000 1 5274.33728
130.8000 1 6647.97184
130.9000 1 7277.11744
131.0000 1 6448.7424
131.1000 1 6186.5984
131.2000 1 5966.39744
131.3000 1 6522.14272
131.4000 1 6018.82624
131.5000 1 6637.48608
131.6000 1 5452.5952
131.7000 1 6815.744
131.8000 1 5012.19328
131.9000 1 6480.19968
132.0000 1 6050.28352
132.1000 1 7056.91648
132.2000 1 5358.22336
132.3000 1 6417.28512
132.4000 1 6469.71392
132.5000 1 7319.06048
132.6000 1 4634.70592
132.7000 1 4351.5904
132.8000 1 5840.56832
132.9000 1 3900.70272
133.0000 1 4498.39104
133.1000 1 3764.38784
133.2000 1 5054.13632
133.3000 1 4435.47648
133.4000 1 5777.65376
133.5000 1 6805.25824
133.6000 1 5253.36576
133.7000 1 4718.592
133.8000 1 6878.65856
133.9000 1 4519.36256
134.0000 1 5599.39584
134.1000 1 6301.94176
134.2000 1 4183.81824
134.3000 1 6071.25504
134.4000 1 5242.88
134.5000 1 6522.14272
134.6000 1 5525.99552
134.7000 1 7539.26144
134.8000 1 6081.7408
134.9000 1 5546.96704
135.0000 1 6522.14272
135.1000 1 6564.08576
135.2000 1 6490.68544
135.3000 1 5347.7376
135.4000 1 6270.48448
135.5000 1 7088.37376
135.6000 1 5987.36896
135.7000 1 6155.14112
135.8000 1 5452.5952
135.9000 1 7748.97664
136.0000 1 5421.13792
136.1000 1 5326.76608
136.2000 1 6564.08576
136.3000 1 6396.3136
136.4000 1 6553.6
136.5000 1 5546.96704
136.6000 1 6679.42912
136.7000 1 6417.28512
136.8000 1 5672.79616
136.9000 1 6553.6
137.0000 1 6501.1712
137.1000 1 6752.82944
137.2000 1 6322.91328
137.3000 1 6574.57152
137.4000 1 6501.1712
137.5000 1 6784.28672
137.6000 1 5410.65216
137.7000 1 5819.5968
137.8000 1 6165.62688
137.9000 1 5997.85472
138.0000 1 6480.19968
138.1000 1 5221.90848
138.2000 1 6857.68704
138.3000 1 6008.34048
138.4000 1 5641.33888
138.5000 1 5599.39584
138.6000 1 7004.48768
138.7000 1 5379.19488
138.8000 1 5295.3088
138.9000 1 7518.28992
139.0000 1 6627.00032
139.1000 1 5704.25344
139.2000 1 5284.82304
139.3000 1 7455.37536
139.4000 1 5819.5968
139.5000 1 6469.71392
139.6000 1 6113.19808
139.7000 1 6847.20128
139.8000 1 6480.19968
139.9000 1 6343.8848
140.0000 1 5641.33888
140.1000 1 6710.8864
140.2000 1 6448.7424
140.3000 1 5421.13792
140.4000 1 5788.13952
140.5000 1 7381.97504
140.6000 1 5704.25344
140.7000 1 6501.1712
140.8000 1 6375.34208
140.9000 1 6710.8864
141.0000 1 6889.14432
141.1000 1 5379.19488
141.2000 1 6008.34048
141.3000 1 6878.65856
141.4000 1 5903.48288
141.5000 1 5693.76768
141.6000 1 4571.79136
