0.1000 1 0.0
0.2000 1 5305.79456
0.3000 1 3313.50016
0.4000 1 6364.85632
0.5000 1 5179.96544
0.6000 1 5641.33888
0.7000 1 6668.94336
0.8000 1 5033.1648
0.9000 1 4959.76448
1.0000 1 6784.28672
1.1000 1 4624.22016
1.2000 1 4980.736
1.3000 1 7004.48768
1.4000 1 5148.50816
1.5000 1 4487.90528
1.6000 1 6134.1696
1.7000 1 5211.42272
1.8000 1 5368.70912
1.9000 1 6092.22656
2.0000 1 5043.65056
2.1000 1 5641.33888
2.2000 1 6259.99872
2.3000 1 5725.22496
2.4000 1 4844.42112
2.5000 1 6459.22816
2.6000 1 5284.82304
2.7000 1 4938.79296
2.8000 1 6469.71392
2.9000 1 4372.56192
3.0000 1 5861.53984
3.1000 1 4393.53344
3.2000 1 4991.22176
3.3000 1 6249.51296
3.4000 1 4330.61888
3.5000 1 5106.56512
3.6000 1 6857.68704
3.7000 1 5431.62368
3.8000 1 4750.04928
3.9000 1 6773.80096
4.0000 1 5085.5936
4.1000 1 4655.67744
4.2000 1 6406.79936
4.3000 1 5158.99392
4.4000 1 5263.85152
4.5000 1 6868.1728
4.6000 1 4676.64896
4.7000 1 5777.65376
4.8000 1 6448.7424
4.9000 1 5033.1648
5.0000 1 4571.79136
5.1000 1 6501.1712
5.2000 1 5379.19488
5.3000 1 4760.53504
5.4000 1 6700.40064
5.5000 1 4362.07616
5.6000 1 5599.39584
5.7000 1 5305.79456
5.8000 1 4666.1632
5.9000 1 6689.91488
6.0000 1 4320.13312
6.1000 1 4194.304
6.2000 1 6343.8848
6.3000 1 4477.41952
6.4000 1 5830.08256
6.5000 1 5788.13952
6.6000 1 4498.39104
6.7000 1 6448.7424
6.8000 1 5830.08256
6.9000 1 4687.13472
7.0000 1 6218.05568
7.1000 1 4917.82144
7.2000 1 4236.24704
7.3000 1 6406.79936
7.4000 1 4613.7344
7.5000 1 5316.28032
7.6000 1 6354.37056
7.7000 1 5588.91008
7.8000 1 4687.13472
7.9000 1 6878.65856
8.0000 1 4865.39264
8.1000 1 4823.4496
8.2000 1 5851.05408
8.3000 1 5158.99392
8.4000 1 5725.22496
8.5000 1 6155.14112
8.6000 1 5683.28192
8.7000 1 4928.3072
8.8000 1 6983.51616
8.9000 1 5158.99392
9.0000 1 5200.93696
9.1000 1 6910.11584
9.2000 1 5735.71072
9.3000 1 4477.41952
9.4000 1 6868.1728
9.5000 1 5117.05088
9.6000 1 5484.05248
9.7000 1 6511.65696
9.8000 1 5777.65376
9.9000 1 4477.41952
10.0000 1 6480.19968
10.1000 1 5138.0224
10.2000 1 4697.62048
10.3000 1 6417.28512
10.4000 1 5169.47968
10.5000 1 4613.7344
10.6000 1 6480.19968
10.7000 1 4676.64896
10.8000 1 4613.7344
10.9000 1 5882.51136
11.0000 1 4435.47648
11.1000 1 6448.7424
11.2000 1 5379.19488
11.3000 1 4708.10624
11.4000 1 6658.4576
11.5000 1 4865.39264
11.6000 1 4026.53184
11.7000 1 6050.28352
11.8000 1 4445.96224
11.9000 1 5746.19648
12.0000 1 5075.10784
12.1000 1 4991.22176
12.2000 1 6553.6
12.3000 1 4739.56352
12.4000 1 4362.07616
12.5000 1 6354.37056
12.6000 1 4582.27712
12.7000 1 5138.0224
12.8000 1 6752.82944
12.9000 1 4666.1632
13.0000 1 5295.3088
13.1000 1 6710.8864
13.2000 1 5064.62208
13.3000 1 4980.736
13.4000 1 5735.71072
13.5000 1 4236.24704
13.6000 1 6144.65536
13.7000 1 5148.50816
13.8000 1 4561.3056
13.9000 1 6763.3152
14.0000 1 5075.10784
14.1000 1 4424.99072
14.2000 1 6889.14432
14.3000 1 5242.88
14.4000 1 4487.90528
14.5000 1 6952.05888
14.6000 1 5158.99392
14.7000 1 4812.96384
14.8000 1 6973.0304
14.9000 1 4341.10464
15.0000 1 5158.99392
15.1000 1 6008.34048
15.2000 1 4257.21856
15.3000 1 6301.94176
15.4000 1 5463.08096
15.5000 1 4718.592
15.6000 1 6679.42912
15.7000 1 4404.0192
15.8000 1 5033.1648
15.9000 1 6522.14272
16.0000 1 5200.93696
16.1000 1 5022.67904
16.2000 1 6941.57312
16.3000 1 5725.22496
16.4000 1 5358.22336
16.5000 1 6050.28352
16.6000 1 5861.53984
16.7000 1 4592.76288
16.8000 1 6144.65536
16.9000 1 5358.22336
17.0000 1 5725.22496
17.1000 1 5725.22496
17.2000 1 6480.19968
17.3000 1 4655.67744
17.4000 1 5641.33888
17.5000 1 5400.1664
17.6000 1 4204.78976
17.7000 1 6291.456
17.8000 1 5169.47968
17.9000 1 4162.84672
18.0000 1 6134.1696
18.1000 1 4666.1632
18.2000 1 5851.05408
18.3000 1 6155.14112
18.4000 1 5253.36576
18.5000 1 5295.3088
18.6000 1 6081.7408
18.7000 1 4194.304
18.8000 1 6301.94176
18.9000 1 4791.99232
19.0000 1 4162.84672
19.1000 1 6259.99872
19.2000 1 5337.25184
19.3000 1 5756.68224
19.4000 1 6868.1728
19.5000 1 5043.65056
19.6000 1 5274.33728
19.7000 1 6742.34368
19.8000 1 4760.53504
19.9000 1 4246.7328
20.0000 1 6102.71232
20.1000 1 5117.05088
20.2000 1 5022.67904
20.3000 1 5955.91168
20.4000 1 4582.27712
20.5000 1 6155.14112
20.6000 1 4603.24864
20.7000 1 5033.1648
20.8000 1 6218.05568
20.9000 1 5096.07936
21.0000 1 4299.1616
21.1000 1 6039.79776
21.2000 1 4907.33568
21.3000 1 5830.08256
21.4000 1 5903.48288
21.5000 1 5263.85152
21.6000 1 5525.99552
21.7000 1 6794.77248
21.8000 1 5316.28032
21.9000 1 4729.07776
22.0000 1 6354.37056
22.1000 1 5043.65056
22.2000 1 5337.25184
22.3000 1 6176.11264
22.4000 1 4938.79296
22.5000 1 5662.3104
22.6000 1 6081.7408
22.7000 1 4865.39264
22.8000 1 5777.65376
22.9000 1 6564.08576
23.0000 1 5232.39424
23.1000 1 5117.05088
23.2000 1 7014.97344
23.3000 1 4739.56352
23.4000 1 5127.53664
23.5000 1 6784.28672
23.6000 1 5662.3104
23.7000 1 4540.33408
23.8000 1 6805.25824
23.9000 1 4739.56352
24.0000 1 4697.62048
24.1000 1 6081.7408
24.2000 1 4582.27712
24.3000 1 6081.7408
24.4000 1 5452.5952
24.5000 1 5127.53664
24.6000 1 6165.62688
24.7000 1 5368.70912
24.8000 1 4875.8784
24.9000 1 6532.62848
25.0000 1 5987.36896
25.1000 1 5567.93856
25.2000 1 5379.19488
25.3000 1 6857.68704
25.4000 1 4781.50656
25.5000 1 4886.36416
25.6000 1 6102.71232
25.7000 1 5022.67904
25.8000 1 5672.79616
25.9000 1 5861.53984
26.0000 1 5368.70912
26.1000 1 5588.91008
26.2000 1 6878.65856
26.3000 1 5588.91008
26.4000 1 4718.592
26.5000 1 6752.82944
26.6000 1 4781.50656
26.7000 1 5683.28192
26.8000 1 6333.39904
26.9000 1 5106.56512
27.0000 1 5609.8816
27.1000 1 6889.14432
27.2000 1 5442.10944
27.3000 1 5505.024
27.4000 1 5987.36896
27.5000 1 5746.19648
27.6000 1 4655.67744
27.7000 1 6113.19808
27.8000 1 5169.47968
27.9000 1 4519.36256
28.0000 1 6910.11584
28.1000 1 5169.47968
28.2000 1 5274.33728
28.3000 1 6710.8864
28.4000 1 4613.7344
28.5000 1 5295.3088
28.6000 1 6259.99872
28.7000 1 4152.36096
28.8000 1 5106.56512
28.9000 1 6312.42752
29.0000 1 5473.56672
29.1000 1 4970.25024
29.2000 1 6910.11584
29.3000 1 4823.4496
29.4000 1 5389.68064
29.5000 1 6637.48608
29.6000 1 4833.93536
29.7000 1 4571.79136
29.8000 1 6228.54144
29.9000 1 4760.53504
30.0000 1 5704.25344
30.1000 1 6532.62848
30.2000 1 5578.42432
30.3000 1 6218.05568
30.4000 1 6836.71552
30.5000 1 5934.94016
30.6000 1 5662.3104
30.7000 1 5158.99392
30.8000 1 7151.28832
30.9000 1 6060.76928
31.0000 1 5756.68224
31.1000 1 6291.456
31.2000 1 5211.42272
31.3000 1 4739.56352
31.4000 1 6469.71392
31.5000 1 5379.19488
31.6000 1 5830.08256
31.7000 1 5872.0256
31.8000 1 7130.3168
31.9000 1 6176.11264
32.0000 1 5043.65056
32.1000 1 6794.77248
32.2000 1 6280.97024
32.3000 1 5316.28032
32.4000 1 6239.0272
32.5000 1 7298.08896
32.6000 1 4928.3072
32.7000 1 4016.04608
32.8000 1 6522.14272
32.9000 1 4896.84992
33.0000 1 4791.99232
33.1000 1 4970.25024
33.2000 1 3984.5888
33.3000 1 6134.1696
33.4000 1 3051.35616
33.5000 1 5379.19488
33.6000 1 2862.61248
33.7000 1 5305.79456
33.8000 1 3942.64576
33.9000 1 6165.62688
34.0000 1 5064.62208
34.1000 1 4582.27712
34.2000 1 7224.68864
34.3000 1 5924.4544
34.4000 1 5211.42272
34.5000 1 5609.8816
34.6000 1 7067.40224
34.7000 1 4938.79296
34.8000 1 4739.56352
34.9000 1 5788.13952
35.0000 1 4393.53344
35.1000 1 6585.05728
35.2000 1 5190.4512
35.3000 1 5945.42592
35.4000 1 5609.8816
35.5000 1 6029.312
35.6000 1 4215.27552
35.7000 1 6259.99872
35.8000 1 5410.65216
35.9000 1 5641.33888
36.0000 1 5934.94016
36.1000 1 6868.1728
36.2000 1 4781.50656
36.3000 1 5106.56512
36.4000 1 6406.79936
36.5000 1 6259.99872
36.6000 1 5190.4512
36.7000 1 7298.08896
36.8000 1 5567.93856
36.9000 1 5232.39424
37.0000 1 5924.4544
37.1000 1 6910.11584
37.2000 1 5117.05088
37.3000 1 5599.39584
37.4000 1 7340.032
37.5000 1 3869.24544
37.6000 1 4634.70592
37.7000 1 6469.71392
37.8000 1 6081.7408
37.9000 1 4991.22176
38.0000 1 6889.14432
38.1000 1 4959.76448
38.2000 1 5704.25344
38.3000 1 6836.71552
38.4000 1 6312.42752
38.5000 1 6144.65536
38.6000 1 4666.1632
38.7000 1 6165.62688
38.8000 1 4708.10624
38.9000 1 5505.024
39.0000 1 5934.94016
39.1000 1 4854.90688
39.2000 1 5987.36896
39.3000 1 6364.85632
39.4000 1 4173.33248
39.5000 1 5798.62528
39.6000 1 5242.88
39.7000 1 5725.22496
39.8000 1 6197.08416
39.9000 1 7298.08896
40.0000 1 5588.91008
40.1000 1 6448.7424
40.2000 1 5809.11104
40.3000 1 6459.22816
40.4000 1 5525.99552
40.5000 1 4865.39264
40.6000 1 8210.35008
40.7000 1 4697.62048
40.8000 1 5075.10784
40.9000 1 7004.48768
41.0000 1 5546.96704
41.1000 1 5400.1664
41.2000 1 5861.53984
41.3000 1 5190.4512
41.4000 1 5463.08096
41.5000 1 6123.68384
41.6000 1 7371.48928
41.7000 1 5515.50976
41.8000 1 6616.51456
41.9000 1 5641.33888
42.0000 1 6239.0272
42.1000 1 5536.48128
42.2000 1 5599.39584
42.3000 1 7665.09056
42.4000 1 6008.34048
42.5000 1 6322.91328
42.6000 1 5106.56512
42.7000 1 6259.99872
42.8000 1 4949.27872
42.9000 1 4970.25024
43.0000 1 4655.67744
43.1000 1 5064.62208
43.2000 1 6710.8864
43.3000 1 4624.22016
43.4000 1 5578.42432
43.5000 1 6731.85792
43.6000 1 5630.85312
43.7000 1 5578.42432
43.8000 1 5693.76768
43.9000 1 5767.168
44.0000 1 5221.90848
44.1000 1 5767.168
44.2000 1 4613.7344
44.3000 1 4865.39264
44.4000 1 6805.25824
44.5000 1 5106.56512
44.6000 1 5714.7392
44.7000 1 6438.25664
44.8000 1 5777.65376
44.9000 1 5494.53824
45.0000 1 5494.53824
45.1000 1 5117.05088
45.2000 1 4194.304
45.3000 1 6543.11424
45.4000 1 4487.90528
45.5000 1 4802.47808
45.6000 1 5903.48288
45.7000 1 5179.96544
45.8000 1 5693.76768
45.9000 1 6710.8864
46.0000 1 4823.4496
46.1000 1 5211.42272
46.2000 1 6794.77248
46.3000 1 4959.76448
46.4000 1 5096.07936
46.5000 1 6784.28672
46.6000 1 5515.50976
46.7000 1 4991.22176
46.8000 1 6679.42912
46.9000 1 5819.5968
47.0000 1 5410.65216
47.1000 1 5725.22496
47.2000 1 5588.91008
47.3000 1 4823.4496
47.4000 1 7235.1744
47.5000 1 5546.96704
47.6000 1 4844.42112
47.7000 1 5767.168
47.8000 1 5442.10944
47.9000 1 5966.39744
48.0000 1 5955.91168
48.1000 1 6291.456
48.2000 1 5022.67904
48.3000 1 6144.65536
48.4000 1 7172.25984
48.5000 1 4991.22176
48.6000 1 5326.76608
48.7000 1 6459.22816
48.8000 1 5075.10784
48.9000 1 5767.168
49.0000 1 6396.3136
49.1000 1 7088.37376
49.2000 1 6008.34048
49.3000 1 5033.1648
49.4000 1 6658.4576
49.5000 1 4970.25024
49.6000 1 4781.50656
49.7000 1 6385.82784
49.8000 1 5148.50816
49.9000 1 4980.736
50.0000 1 6239.0272
50.1000 1 4781.50656
50.2000 1 4949.27872
50.3000 1 6406.79936
50.4000 1 4351.5904
50.5000 1 5746.19648
50.6000 1 3995.07456
50.7000 1 4687.13472
50.8000 1 7245.66016
50.9000 1 6239.0272
51.0000 1 5976.8832
51.1000 1 6071.25504
51.2000 1 7151.28832
51.3000 1 5117.05088
51.4000 1 5043.65056
51.5000 1 6616.51456
51.6000 1 4676.64896
51.7000 1 4456.448
51.8000 1 6113.19808
51.9000 1 4865.39264
52.0000 1 6029.312
52.1000 1 7340.032
52.2000 1 6081.7408
52.3000 1 6228.54144
52.4000 1 5976.8832
52.5000 1 7371.48928
52.6000 1 5955.91168
52.7000 1 6008.34048
52.8000 1 5756.68224
52.9000 1 6910.11584
53.0000 1 5463.08096
53.1000 1 4498.39104
53.2000 1 6857.68704
53.3000 1 5316.28032
53.4000 1 5096.07936
53.5000 1 6847.20128
53.6000 1 4907.33568
53.7000 1 4603.24864
53.8000 1 6259.99872
53.9000 1 5263.85152
54.0000 1 5620.36736
54.1000 1 6763.3152
54.2000 1 5546.96704
54.3000 1 5599.39584
54.4000 1 5955.91168
54.5000 1 5578.42432
54.6000 1 4634.70592
54.7000 1 6553.6
54.8000 1 4540.33408
54.9000 1 5274.33728
55.0000 1 6385.82784
55.1000 1 4645.19168
55.2000 1 5452.5952
55.3000 1 6280.97024
55.4000 1 5452.5952
55.5000 1 4739.56352
55.6000 1 6952.05888
55.7000 1 4120.90368
55.8000 1 5127.53664
55.9000 1 6270.48448
56.0000 1 5546.96704
56.1000 1 4802.47808
56.2000 1 7004.48768
56.3000 1 4812.96384
56.4000 1 5179.96544
56.5000 1 6448.7424
56.6000 1 5609.8816
56.7000 1 5012.19328
56.8000 1 7025.4592
56.9000 1 5190.4512
57.0000 1 4729.07776
57.1000 1 6574.57152
57.2000 1 5001.70752
57.3000 1 5452.5952
57.4000 1 6983.51616
57.5000 1 5746.19648
57.6000 1 5578.42432
57.7000 1 5683.28192
57.8000 1 6627.00032
57.9000 1 5179.96544
58.0000 1 4949.27872
58.1000 1 6029.312
58.2000 1 5379.19488
58.3000 1 5347.7376
58.4000 1 5903.48288
58.5000 1 4613.7344
58.6000 1 6239.0272
58.7000 1 5861.53984
58.8000 1 4445.96224
58.9000 1 6312.42752
59.0000 1 4729.07776
59.1000 1 5211.42272
59.2000 1 6469.71392
59.3000 1 5735.71072
59.4000 1 5662.3104
59.5000 1 5872.0256
59.6000 1 5976.8832
59.7000 1 5410.65216
59.8000 1 5347.7376
59.9000 1 6333.39904
60.0000 1 5232.39424
60.1000 1 5200.93696
60.2000 1 6826.22976
60.3000 1 4886.36416
60.4000 1 5043.65056
60.5000 1 6071.25504
60.6000 1 5232.39424
60.7000 1 5452.5952
60.8000 1 6731.85792
60.9000 1 4771.0208
61.0000 1 5274.33728
61.1000 1 5253.36576
61.2000 1 4393.53344
61.3000 1 6448.7424
61.4000 1 4225.76128
61.5000 1 4823.4496
61.6000 1 5756.68224
61.7000 1 5064.62208
61.8000 1 5945.42592
61.9000 1 6417.28512
62.0000 1 5746.19648
62.1000 1 4592.76288
62.2000 1 5777.65376
62.3000 1 5903.48288
62.4000 1 6144.65536
62.5000 1 7298.08896
62.6000 1 7035.94496
62.7000 1 5756.68224
62.8000 1 5997.85472
62.9000 1 5830.08256
63.0000 1 4456.448
63.1000 1 4414.50496
63.2000 1 5389.68064
63.3000 1 4938.79296
63.4000 1 5767.168
63.5000 1 5400.1664
63.6000 1 5609.8816
63.7000 1 6375.34208
63.8000 1 5148.50816
63.9000 1 4823.4496
64.0000 1 6794.77248
64.1000 1 5945.42592
64.2000 1 4844.42112
64.3000 1 5966.39744
64.4000 1 6165.62688
64.5000 1 5557.4528
64.6000 1 6018.82624
64.7000 1 7277.11744
64.8000 1 5725.22496
64.9000 1 5767.168
65.0000 1 5557.4528
65.1000 1 7381.97504
65.2000 1 5463.08096
65.3000 1 6123.68384
65.4000 1 5934.94016
65.5000 1 6857.68704
65.6000 1 6102.71232
65.7000 1 5515.50976
65.8000 1 6647.97184
65.9000 1 6186.5984
66.0000 1 5714.7392
66.1000 1 4907.33568
66.2000 1 7371.48928
66.3000 1 5735.71072
66.4000 1 5001.70752
66.5000 1 6983.51616
66.6000 1 6123.68384
66.7000 1 5463.08096
66.8000 1 6018.82624
66.9000 1 7350.51776
67.0000 1 5253.36576
67.1000 1 5389.68064
67.2000 1 6270.48448
67.3000 1 6710.8864
67.4000 1 5484.05248
67.5000 1 6134.1696
67.6000 1 6721.37216
67.7000 1 4970.25024
67.8000 1 6333.39904
67.9000 1 5484.05248
68.0000 1 6658.4576
68.1000 1 5966.39744
68.2000 1 5494.53824
68.3000 1 6784.28672
68.4000 1 5830.08256
68.5000 1 5872.0256
68.6000 1 5641.33888
68.7000 1 7423.91808
68.8000 1 5662.3104
68.9000 1 5903.48288
69.0000 1 5798.62528
69.1000 1 6417.28512
69.2000 1 5368.70912
69.3000 1 5620.36736
69.4000 1 6889.14432
69.5000 1 5892.99712
69.6000 1 5683.28192
69.7000 1 5966.39744
69.8000 1 7298.08896
69.9000 1 5242.88
70.0000 1 5463.08096
70.1000 1 7140.80256
70.2000 1 5955.91168
70.3000 1 5756.68224
70.4000 1 6165.62688
70.5000 1 6700.40064
70.6000 1 5421.13792
70.7000 1 5830.08256
70.8000 1 6050.28352
70.9000 1 5903.48288
71.0000 1 6071.25504
71.1000 1 5609.8816
71.2000 1 6983.51616
71.3000 1 5200.93696
71.4000 1 5096.07936
71.5000 1 6899.63008
71.6000 1 5725.22496
71.7000 1 5022.67904
71.8000 1 6018.82624
71.9000 1 6050.28352
72.0000 1 5379.19488
72.1000 1 5442.10944
72.2000 1 6616.51456
72.3000 1 5096.07936
72.4000 1 6081.7408
72.5000 1 7151.28832
72.6000 1 5494.53824
72.7000 1 4655.67744
72.8000 1 6752.82944
72.9000 1 6710.8864
73.0000 1 5138.0224
73.1000 1 5337.25184
73.2000 1 6679.42912
73.3000 1 6165.62688
73.4000 1 5064.62208
73.5000 1 6794.77248
73.6000 1 5117.05088
73.7000 1 5913.96864
73.8000 1 5746.19648
73.9000 1 6710.8864
74.0000 1 5672.79616
74.1000 1 5557.4528
74.2000 1 7172.25984
74.3000 1 6155.14112
74.4000 1 5725.22496
74.5000 1 5788.13952
74.6000 1 7119.83104
74.7000 1 4959.76448
74.8000 1 6008.34048
74.9000 1 6155.14112
75.0000 1 6595.54304
75.1000 1 5903.48288
75.2000 1 6081.7408
75.3000 1 6532.62848
75.4000 1 6144.65536
75.5000 1 5662.3104
75.6000 1 5746.19648
75.7000 1 7329.54624
75.8000 1 6218.05568
75.9000 1 5515.50976
76.0000 1 5347.7376
76.1000 1 6721.37216
76.2000 1 5305.79456
76.3000 1 4812.96384
76.4000 1 7444.8896
76.5000 1 6102.71232
76.6000 1 5641.33888
76.7000 1 5861.53984
76.8000 1 6752.82944
76.9000 1 4760.53504
77.0000 1 5200.93696
77.1000 1 6396.3136
77.2000 1 5945.42592
77.3000 1 5872.0256
77.4000 1 6668.94336
77.5000 1 5976.8832
77.6000 1 4938.79296
77.7000 1 6060.76928
77.8000 1 5903.48288
77.9000 1 5955.91168
78.0000 1 6018.82624
78.1000 1 7224.68864
78.2000 1 5431.62368
78.3000 1 5997.85472
78.4000 1 5379.19488
78.5000 1 6532.62848
78.6000 1 4980.736
78.7000 1 5861.53984
78.8000 1 6511.65696
78.9000 1 4812.96384
79.0000 1 4802.47808
79.1000 1 7172.25984
79.2000 1 5337.25184
79.3000 1 4854.90688
79.4000 1 7486.83264
79.5000 1 5672.79616
79.6000 1 5368.70912
79.7000 1 6008.34048
79.8000 1 7224.68864
79.9000 1 6018.82624
80.0000 1 5473.56672
80.1000 1 6364.85632
80.2000 1 6354.37056
80.3000 1 5840.56832
80.4000 1 5641.33888
80.5000 1 7245.66016
80.6000 1 5662.3104
80.7000 1 5809.11104
80.8000 1 6081.7408
80.9000 1 6983.51616
81.0000 1 5515.50976
81.1000 1 5463.08096
81.2000 1 6448.7424
81.3000 1 5054.13632
81.4000 1 6092.22656
81.5000 1 6102.71232
81.6000 1 6731.85792
81.7000 1 5966.39744
81.8000 1 5934.94016
81.9000 1 5966.39744
82.0000 1 6847.20128
82.1000 1 5651.82464
82.2000 1 5295.3088
82.3000 1 7161.77408
82.4000 1 5777.65376
82.5000 1 5788.13952
82.6000 1 5358.22336
82.7000 1 7182.7456
82.8000 1 5651.82464
82.9000 1 5767.168
83.0000 1 6553.6
83.1000 1 6354.37056
83.2000 1 5976.8832
83.3000 1 4980.736
83.4000 1 7434.40384
83.5000 1 5410.65216
83.6000 1 5085.5936
83.7000 1 6616.51456
83.8000 1 6585.05728
83.9000 1 5305.79456
84.0000 1 5263.85152
84.1000 1 7077.888
84.2000 1 6155.14112
84.3000 1 4487.90528
84.4000 1 6931.08736
84.5000 1 5274.33728
84.6000 1 5798.62528
84.7000 1 5987.36896
84.8000 1 7444.8896
84.9000 1 5368.70912
85.0000 1 5955.91168
85.1000 1 6123.68384
85.2000 1 6396.3136
85.3000 1 5221.90848
85.4000 1 5725.22496
85.5000 1 7151.28832
85.6000 1 5662.3104
85.7000 1 5966.39744
85.8000 1 5693.76768
85.9000 1 7340.032
86.0000 1 5798.62528
86.1000 1 5442.10944
86.2000 1 6553.6
86.3000 1 5892.99712
86.4000 1 5746.19648
86.5000 1 6029.312
86.6000 1 6700.40064
86.7000 1 6092.22656
86.8000 1 5840.56832
86.9000 1 5892.99712
87.0000 1 6983.51616
87.1000 1 5903.48288
87.2000 1 5630.85312
87.3000 1 6301.94176
87.4000 1 6259.99872
87.5000 1 5389.68064
87.6000 1 5704.25344
87.7000 1 7214.20288
87.8000 1 5651.82464
87.9000 1 5620.36736
88.0000 1 6092.22656
88.1000 1 6878.65856
88.2000 1 5966.39744
88.3000 1 6123.68384
88.4000 1 6060.76928
88.5000 1 6826.22976
88.6000 1 5966.39744
88.7000 1 5505.024
88.8000 1 6595.54304
88.9000 1 5337.25184
89.0000 1 5620.36736
89.1000 1 6102.71232
89.2000 1 6710.8864
89.3000 1 5830.08256
89.4000 1 5788.13952
89.5000 1 6606.0288
89.6000 1 5882.51136
89.7000 1 5945.42592
89.8000 1 5934.94016
89.9000 1 6773.80096
90.0000 1 5809.11104
90.1000 1 5924.4544
90.2000 1 5735.71072
90.3000 1 7088.37376
90.4000 1 5546.96704
90.5000 1 6102.71232
90.6000 1 6385.82784
90.7000 1 6343.8848
90.8000 1 5861.53984
90.9000 1 5934.94016
91.0000 1 6794.77248
91.1000 1 6134.1696
91.2000 1 5525.99552
91.3000 1 6018.82624
91.4000 1 7287.6032
91.5000 1 5714.7392
91.6000 1 5819.5968
91.7000 1 5588.91008
91.8000 1 6794.77248
91.9000 1 5987.36896
92.0000 1 6008.34048
92.1000 1 6343.8848
92.2000 1 6123.68384
92.3000 1 5767.168
92.4000 1 5756.68224
92.5000 1 7046.43072
92.6000 1 5830.08256
92.7000 1 5515.50976
92.8000 1 6102.71232
92.9000 1 7098.85952
93.0000 1 5798.62528
93.1000 1 6071.25504
93.2000 1 5924.4544
93.3000 1 7035.94496
93.4000 1 5484.05248
93.5000 1 5955.91168
93.6000 1 6647.97184
93.7000 1 6658.4576
93.8000 1 5620.36736
93.9000 1 5557.4528
94.0000 1 6994.00192
94.1000 1 5389.68064
94.2000 1 5987.36896
94.3000 1 5683.28192
94.4000 1 7119.83104
94.5000 1 5945.42592
94.6000 1 6092.22656
94.7000 1 5966.39744
94.8000 1 6280.97024
94.9000 1 5505.024
95.0000 1 5756.68224
95.1000 1 6962.54464
95.2000 1 5913.96864
95.3000 1 5924.4544
95.4000 1 5630.85312
95.5000 1 7434.40384
95.6000 1 6123.68384
95.7000 1 5651.82464
95.8000 1 5819.5968
95.9000 1 6647.97184
96.0000 1 5505.024
96.1000 1 5955.91168
96.2000 1 6920.6016
96.3000 1 6060.76928
96.4000 1 5976.8832
96.5000 1 5861.53984
96.6000 1 6952.05888
96.7000 1 5484.05248
96.8000 1 6155.14112
96.9000 1 5599.39584
97.0000 1 6606.0288
97.1000 1 5389.68064
97.2000 1 5473.56672
97.3000 1 7277.11744
97.4000 1 5588.91008
97.5000 1 6050.28352
97.6000 1 5987.36896
97.7000 1 7161.77408
97.8000 1 5903.48288
97.9000 1 5693.76768
98.0000 1 6123.68384
98.1000 1 6920.6016
98.2000 1 6050.28352
98.3000 1 5567.93856
98.4000 1 6301.94176
98.5000 1 7266.63168
98.6000 1 5924.4544
98.7000 1 5683.28192
98.8000 1 6259.99872
98.9000 1 6731.85792
99.0000 1 6207.56992
99.1000 1 5421.13792
99.2000 1 6763.3152
99.3000 1 6280.97024
99.4000 1 5934.94016
99.5000 1 6018.82624
99.6000 1 6931.08736
99.7000 1 6259.99872
99.8000 1 6092.22656
99.9000 1 5463.08096
100.0000 1 7193.23136
100.1000 1 5662.3104
100.2000 1 5777.65376
100.3000 1 6039.79776
100.4000 1 7361.00352
100.5000 1 5525.99552
100.6000 1 6008.34048
100.7000 1 5672.79616
100.8000 1 7109.34528
100.9000 1 5683.28192
101.0000 1 5704.25344
101.1000 1 6637.48608
101.2000 1 6207.56992
101.3000 1 5987.36896
101.4000 1 5442.10944
101.5000 1 6721.37216
101.6000 1 5976.8832
101.7000 1 6060.76928
101.8000 1 5882.51136
101.9000 1 6836.71552
102.0000 1 5410.65216
102.1000 1 5693.76768
102.2000 1 6794.77248
102.3000 1 5882.51136
102.4000 1 6092.22656
102.5000 1 5452.5952
102.6000 1 7235.1744
102.7000 1 5463.08096
102.8000 1 5735.71072
102.9000 1 6018.82624
103.0000 1 6606.0288
103.1000 1 6060.76928
103.2000 1 5379.19488
103.3000 1 7130.3168
103.4000 1 6186.5984
103.5000 1 5620.36736
103.6000 1 6102.71232
103.7000 1 7256.14592
103.8000 1 5840.56832
103.9000 1 5442.10944
104.0000 1 5452.5952
104.1000 1 6668.94336
104.2000 1 5872.0256
104.3000 1 6039.79776
104.4000 1 6585.05728
104.5000 1 6616.51456
104.6000 1 5851.05408
104.7000 1 6050.28352
104.8000 1 6647.97184
104.9000 1 5242.88
105.0000 1 4886.36416
105.1000 1 6186.5984
105.2000 1 4875.8784
105.3000 1 4477.41952
105.4000 1 5851.05408
105.5000 1 4750.04928
105.6000 1 6270.48448
105.7000 1 7056.91648
105.8000 1 6459.22816
105.9000 1 6291.456
106.0000 1 6050.28352
106.1000 1 6962.54464
106.2000 1 6165.62688
106.3000 1 5326.76608
106.4000 1 6532.62848
106.5000 1 6532.62848
106.6000 1 6448.7424
106.7000 1 5609.8816
106.8000 1 5263.85152
106.9000 1 5704.25344
107.0000 1 4949.27872
107.1000 1 6029.312
107.2000 1 6343.8848
107.3000 1 5777.65376
107.4000 1 5117.05088
107.5000 1 6773.80096
107.6000 1 5337.25184
107.7000 1 6448.7424
107.8000 1 6176.11264
107.9000 1 6962.54464
108.0000 1 6406.79936
108.1000 1 5830.08256
108.2000 1 5924.4544
108.3000 1 7298.08896
108.4000 1 5505.024
108.5000 1 6553.6
108.6000 1 5788.13952
108.7000 1 5798.62528
108.8000 1 6354.37056
108.9000 1 5305.79456
109.0000 1 7686.06208
109.1000 1 5578.42432
109.2000 1 5934.94016
109.3000 1 6522.14272
109.4000 1 6941.57312
109.5000 1 6312.42752
109.6000 1 5630.85312
109.7000 1 5861.53984
109.8000 1 7350.51776
109.9000 1 6931.08736
110.0000 1 5368.70912
110.1000 1 5064.62208
110.2000 1 7602.176
110.3000 1 6532.62848
110.4000 1 5305.79456
110.5000 1 5190.4512
110.6000 1 8063.54944
110.7000 1 5221.90848
110.8000 1 6406.79936
110.9000 1 6501.1712
111.0000 1 7214.20288
111.1000 1 6176.11264
111.2000 1 6553.6
111.3000 1 6385.82784
111.4000 1 6060.76928
111.5000 1 7434.40384
111.6000 1 5746.19648
111.7000 1 6039.79776
111.8000 1 6469.71392
111.9000 1 6931.08736
112.0000 1 6448.7424
112.1000 1 6543.11424
112.2000 1 5620.36736
112.3000 1 7528.77568
112.4000 1 5693.76768
112.5000 1 5997.85472
112.6000 1 5200.93696
112.7000 1 7811.8912
112.8000 1 5316.28032
112.9000 1 6501.1712
113.0000 1 5473.56672
113.1000 1 7811.8912
113.2000 1 5567.93856
113.3000 1 5966.39744
113.4000 1 6364.85632
113.5000 1 7644.11904
113.6000 1 5557.4528
113.7000 1 6406.79936
113.8000 1 6427.77088
113.9000 1 6543.11424
114.0000 1 5305.79456
114.1000 1 6679.42912
114.2000 1 5096.07936
114.3000 1 7937.72032
114.4000 1 5326.76608
114.5000 1 6343.8848
114.6000 1 6333.39904
114.7000 1 6742.34368
114.8000 1 6385.82784
114.9000 1 5442.10944
115.0000 1 6375.34208
115.1000 1 7644.11904
115.2000 1 6406.79936
115.3000 1 5620.36736
115.4000 1 5326.76608
115.5000 1 6459.22816
115.6000 1 6239.0272
115.7000 1 6008.34048
115.8000 1 5913.96864
115.9000 1 7392.4608
116.0000 1 5892.99712
116.1000 1 6427.77088
116.2000 1 6627.00032
116.3000 1 6868.1728
116.4000 1 6532.62848
116.5000 1 5473.56672
116.6000 1 6218.05568
116.7000 1 7109.34528
116.8000 1 6018.82624
116.9000 1 6071.25504
117.0000 1 5515.50976
117.1000 1 7539.26144
117.2000 1 5683.28192
117.3000 1 6417.28512
117.4000 1 5064.62208
117.5000 1 7203.71712
117.6000 1 6113.19808
117.7000 1 6060.76928
117.8000 1 5505.024
117.9000 1 7790.91968
118.0000 1 5368.70912
118.1000 1 5012.19328
118.2000 1 6920.6016
118.3000 1 6396.3136
118.4000 1 6543.11424
118.5000 1 5588.91008
118.6000 1 6532.62848
118.7000 1 6627.00032
118.8000 1 5609.8816
118.9000 1 6385.82784
119.0000 1 6627.00032
119.1000 1 6689.91488
119.2000 1 6627.00032
119.3000 1 5473.56672
119.4000 1 6364.85632
119.5000 1 5746.19648
119.6000 1 6459.22816
119.7000 1 5421.13792
119.8000 1 7088.37376
119.9000 1 5840.56832
120.0000 1 6155.14112
120.1000 1 5253.36576
120.2000 1 6469.71392
120.3000 1 5578.42432
120.4000 1 6490.68544
120.5000 1 6511.65696
120.6000 1 6689.91488
120.7000 1 5284.82304
120.8000 1 6459.22816
120.9000 1 6658.4576
121.0000 1 6312.42752
121.1000 1 6186.5984
121.2000 1 5505.024
121.3000 1 7203.71712
121.4000 1 5861.53984
121.5000 1 6501.1712
121.6000 1 6417.28512
121.7000 1 6343.8848
121.8000 1 6836.71552
121.9000 1 6469.71392
122.0000 1 5263.85152
122.1000 1 6553.6
122.2000 1 6459.22816
122.3000 1 6385.82784
122.4000 1 6501.1712
122.5000 1 6343.8848
122.6000 1 5861.53984
122.7000 1 5819.5968
122.8000 1 6301.94176
122.9000 1 6522.14272
123.0000 1 6731.85792
123.1000 1 5442.10944
123.2000 1 5316.28032
123.3000 1 7602.176
123.4000 1 5651.82464
123.5000 1 6092.22656
123.6000 1 6280.97024
123.7000 1 6899.63008
123.8000 1 6291.456
123.9000 1 5379.19488
124.0000 1 6522.14272
124.1000 1 6606.0288
124.2000 1 6522.14272
124.3000 1 6438.25664
124.4000 1 6207.56992
124.5000 1 6721.37216
124.6000 1 6668.94336
124.7000 1 6637.48608
124.8000 1 5347.7376
124.9000 1 6385.82784
125.0000 1 5798.62528
125.1000 1 5872.0256
125.2000 1 5473.56672
125.3000 1 7434.40384
125.4000 1 5567.93856
125.5000 1 5819.5968
125.6000 1 5997.85472
125.7000 1 6752.82944
125.8000 1 5620.36736
125.9000 1 5735.71072
126.0000 1 7077.888
126.1000 1 5505.024
126.2000 1 6102.71232
126.3000 1 5473.56672
126.4000 1 6826.22976
126.5000 1 5714.7392
126.6000 1 5525.99552
126.7000 1 6658.4576
126.8000 1 6228.54144
126.9000 1 5976.8832
127.0000 1 5725.22496
127.1000 1 7172.25984
127.2000 1 5683.28192
127.3000 1 5777.65376
127.4000 1 5882.51136
127.5000 1 6742.34368
127.6000 1 6165.62688
127.7000 1 5200.93696
127.8000 1 6522.14272
127.9000 1 5683.28192
128.0000 1 5819.5968
128.1000 1 5494.53824
128.2000 1 4949.27872
128.3000 1 5515.50976
128.4000 1 6312.42752
128.5000 1 7130.3168
128.6000 1 5368.70912
128.7000 1 6029.312
128.8000 1 6647.97184
128.9000 1 6406.79936
129.0000 1 5955.91168
129.1000 1 5924.4544
129.2000 1 6836.71552
129.3000 1 7423.91808
129.4000 1 5389.68064
129.5000 1 6794.77248
129.6000 1 5546.96704
129.7000 1 7329.54624
129.8000 1 6406.79936
129.9000 1 6438.25664
130.0000 1 5830.08256
130.1000 1 7528.77568
130.2000 1 5536.48128
130.3000 1 6459.22816
130.4000 1 5012.19328
130.5000 1 7769.94816
130.6000 1 5463.08096
130.7000 1 5389.68064
130.8000 1 6259.99872
130.9000 1 7004.48768
131.0000 1 5987.36896
131.1000 1 5221.90848
131.2000 1 6931.08736
131.3000 1 6301.94176
131.4000 1 6385.82784
131.5000 1 5588.91008
131.6000 1 6878.65856
131.7000 1 6417.28512
131.8000 1 5892.99712
131.9000 1 5127.53664
132.0000 1 6606.0288
132.1000 1 6647.97184
132.2000 1 5179.96544
132.3000 1 6532.62848
132.4000 1 6668.94336
132.5000 1 6752.82944
132.6000 1 5735.71072
132.7000 1 5892.99712
132.8000 1 7843.34848
132.9000 1 5242.88
133.0000 1 6752.82944
133.1000 1 5641.33888
133.2000 1 7130.3168
133.3000 1 5872.0256
133.4000 1 5400.1664
133.5000 1 6689.91488
133.6000 1 7539.26144
133.7000 1 6060.76928
133.8000 1 6155.14112
133.9000 1 5934.94016
134.0000 1 7151.28832
134.1000 1 6123.68384
134.2000 1 5410.65216
134.3000 1 5232.39424
134.4000 1 6627.00032
134.5000 1 6543.11424
134.6000 1 6647.97184
134.7000 1 5913.96864
134.8000 1 7539.26144
134.9000 1 5704.25344
135.0000 1 6700.40064
135.1000 1 5368.70912
135.2000 1 6910.11584
135.3000 1 5651.82464
135.4000 1 6207.56992
135.5000 1 5630.85312
135.6000 1 7392.4608
135.7000 1 5505.024
135.8000 1 6291.456
135.9000 1 5966.39744
136.0000 1 7298.08896
136.1000 1 5379.19488
136.2000 1 6427.77088
136.3000 1 5851.05408
136.4000 1 7140.80256
136.5000 1 5316.28032
136.6000 1 6480.19968
136.7000 1 6364.85632
136.8000 1 6910.11584
136.9000 1 5756.68224
137.0000 1 6197.08416
137.1000 1 6291.456
137.2000 1 6962.54464
137.3000 1 6280.97024
137.4000 1 5505.024
137.5000 1 6490.68544
137.6000 1 6406.79936
137.7000 1 5714.7392
137.8000 1 6018.82624
137.9000 1 6878.65856
138.0000 1 7161.77408
138.1000 1 5819.5968
138.2000 1 6480.19968
138.3000 1 5567.93856
138.4000 1 7665.09056
138.5000 1 5442.10944
138.6000 1 6280.97024
138.7000 1 6218.05568
138.8000 1 6815.744
138.9000 1 5756.68224
139.0000 1 6197.08416
139.1000 1 6008.34048
139.2000 1 7182.7456
139.3000 1 6186.5984
139.4000 1 5599.39584
139.5000 1 6668.94336
139.6000 1 6616.51456
139.7000 1 6322.91328
139.8000 1 5043.65056
139.9000 1 6647.97184
140.0000 1 6763.3152
140.1000 1 6218.05568
140.2000 1 5924.4544
140.3000 1 6239.0272
140.4000 1 6910.11584
140.5000 1 6071.25504
140.6000 1 6155.14112
140.7000 1 6092.22656
140.8000 1 7864.32
140.9000 1 6679.42912
141.0000 1 5400.1664
141.1000 1 5714.7392
141.2000 1 7759.4624
141.3000 1 5756.68224
141.4000 1 6511.65696
141.5000 1 5546.96704
141.6000 1 7329.54624
141.7000 1 5777.65376
141.8000 1 6102.71232
141.9000 1 5976.8832
142.0000 1 7245.66016
142.1000 1 6448.7424
142.2000 1 6710.8864
142.3000 1 5473.56672
142.4000 1 5777.65376
