0.1000 1 0.0
0.2000 1 5347.7376
0.3000 1 4571.79136
0.4000 1 5851.05408
0.5000 1 4498.39104
0.6000 1 5295.3088
0.7000 1 6322.91328
0.8000 1 4949.27872
0.9000 1 5379.19488
1.0000 1 5924.4544
1.1000 1 4445.96224
1.2000 1 6480.19968
1.3000 1 5400.1664
1.4000 1 4718.592
1.5000 1 6396.3136
1.6000 1 5169.47968
1.7000 1 5892.99712
1.8000 1 5945.42592
1.9000 1 6364.85632
2.0000 1 5641.33888
2.1000 1 5232.39424
2.2000 1 6742.34368
2.3000 1 5001.70752
2.4000 1 4959.76448
2.5000 1 6396.3136
2.6000 1 4739.56352
2.7000 1 5075.10784
2.8000 1 6710.8864
2.9000 1 5505.024
3.0000 1 4550.81984
3.1000 1 7182.7456
3.2000 1 4309.64736
3.3000 1 5200.93696
3.4000 1 5337.25184
3.5000 1 4561.3056
3.6000 1 6752.82944
3.7000 1 5064.62208
3.8000 1 4886.36416
3.9000 1 5892.99712
4.0000 1 4760.53504
4.1000 1 4708.10624
4.2000 1 6805.25824
4.3000 1 5892.99712
4.4000 1 5054.13632
4.5000 1 7319.06048
4.6000 1 4750.04928
4.7000 1 4016.04608
4.8000 1 5809.11104
4.9000 1 4257.21856
5.0000 1 6018.82624
5.1000 1 4655.67744
5.2000 1 4037.0176
5.3000 1 6606.0288
5.4000 1 4750.04928
5.5000 1 5117.05088
5.6000 1 6438.25664
5.7000 1 5924.4544
5.8000 1 5651.82464
5.9000 1 7109.34528
6.0000 1 5033.1648
6.1000 1 5924.4544
6.2000 1 5746.19648
6.3000 1 5075.10784
6.4000 1 3911.18848
6.5000 1 5651.82464
6.6000 1 4529.84832
6.7000 1 5976.8832
6.8000 1 6973.0304
6.9000 1 5955.91168
7.0000 1 5725.22496
7.1000 1 6459.22816
7.2000 1 6459.22816
7.3000 1 5578.42432
7.4000 1 5075.10784
7.5000 1 7130.3168
7.6000 1 4739.56352
7.7000 1 5641.33888
7.8000 1 7014.97344
7.9000 1 5934.94016
8.0000 1 5431.62368
8.1000 1 6039.79776
8.2000 1 7088.37376
8.3000 1 4928.3072
8.4000 1 4676.64896
8.5000 1 7402.94656
8.6000 1 5033.1648
8.7000 1 5567.93856
8.8000 1 6689.91488
8.9000 1 6113.19808
9.0000 1 6060.76928
9.1000 1 4991.22176
9.2000 1 7298.08896
9.3000 1 5263.85152
9.4000 1 4372.56192
9.5000 1 7329.54624
9.6000 1 5756.68224
9.7000 1 5106.56512
9.8000 1 6291.456
9.9000 1 7172.25984
10.0000 1 5840.56832
10.1000 1 5997.85472
10.2000 1 6134.1696
10.3000 1 6910.11584
10.4000 1 4949.27872
10.5000 1 5809.11104
10.6000 1 6773.80096
10.7000 1 6029.312
10.8000 1 5022.67904
10.9000 1 6417.28512
11.0000 1 5630.85312
11.1000 1 4016.04608
11.2000 1 5976.8832
11.3000 1 3837.78816
11.4000 1 5620.36736
11.5000 1 5819.5968
11.6000 1 5987.36896
11.7000 1 4949.27872
11.8000 1 7444.8896
11.9000 1 4120.90368
12.0000 1 5169.47968
12.1000 1 5389.68064
12.2000 1 4739.56352
12.3000 1 6627.00032
12.4000 1 5106.56512
12.5000 1 4938.79296
12.6000 1 6333.39904
12.7000 1 4424.99072
12.8000 1 4697.62048
12.9000 1 5840.56832
13.0000 1 5945.42592
13.1000 1 4708.10624
13.2000 1 7287.6032
13.3000 1 5987.36896
13.4000 1 4383.04768
13.5000 1 7119.83104
13.6000 1 5127.53664
13.7000 1 5337.25184
13.8000 1 6312.42752
13.9000 1 4949.27872
14.0000 1 5295.3088
14.1000 1 6616.51456
14.2000 1 5200.93696
14.3000 1 4435.47648
14.4000 1 7151.28832
14.5000 1 4875.8784
14.6000 1 5284.82304
14.7000 1 5704.25344
14.8000 1 5452.5952
14.9000 1 5337.25184
15.0000 1 6836.71552
15.1000 1 4383.04768
15.2000 1 3963.61728
15.3000 1 6259.99872
15.4000 1 4320.13312
15.5000 1 6186.5984
15.6000 1 5777.65376
15.7000 1 5704.25344
15.8000 1 5735.71072
15.9000 1 7245.66016
16.0000 1 5767.168
16.1000 1 5054.13632
16.2000 1 6564.08576
16.3000 1 5672.79616
16.4000 1 4529.84832
16.5000 1 5882.51136
16.6000 1 4603.24864
16.7000 1 4456.448
16.8000 1 5934.94016
16.9000 1 4016.04608
17.0000 1 6826.22976
17.1000 1 5043.65056
17.2000 1 5463.08096
17.3000 1 6239.0272
17.4000 1 6396.3136
17.5000 1 5767.168
17.6000 1 4844.42112
17.7000 1 7266.63168
17.8000 1 5001.70752
17.9000 1 4120.90368
18.0000 1 5588.91008
18.1000 1 4141.8752
18.2000 1 6375.34208
18.3000 1 5075.10784
18.4000 1 4802.47808
18.5000 1 6176.11264
18.6000 1 5955.91168
18.7000 1 5588.91008
18.8000 1 6511.65696
18.9000 1 6270.48448
19.0000 1 6039.79776
19.1000 1 5997.85472
19.2000 1 6941.57312
19.3000 1 4886.36416
19.4000 1 4991.22176
19.5000 1 6742.34368
19.6000 1 5022.67904
19.7000 1 4456.448
19.8000 1 6847.20128
19.9000 1 3858.75968
20.0000 1 5075.10784
20.1000 1 5672.79616
20.2000 1 4624.22016
20.3000 1 5735.71072
20.4000 1 3795.84512
20.5000 1 5211.42272
20.6000 1 5714.7392
20.7000 1 5274.33728
20.8000 1 5746.19648
20.9000 1 3932.16
21.0000 1 4634.70592
21.1000 1 5966.39744
21.2000 1 5924.4544
21.3000 1 5096.07936
21.4000 1 7287.6032
21.5000 1 5106.56512
21.6000 1 4729.07776
21.7000 1 6952.05888
21.8000 1 6071.25504
21.9000 1 5075.10784
22.0000 1 6259.99872
22.1000 1 5588.91008
22.2000 1 4110.41792
22.3000 1 6155.14112
22.4000 1 4613.7344
22.5000 1 4708.10624
22.6000 1 5851.05408
22.7000 1 5976.8832
22.8000 1 4875.8784
22.9000 1 7402.94656
23.0000 1 5263.85152
23.1000 1 3963.61728
23.2000 1 6113.19808
23.3000 1 4330.61888
23.4000 1 5913.96864
23.5000 1 5746.19648
23.6000 1 5033.1648
23.7000 1 6228.54144
23.8000 1 6081.7408
23.9000 1 5096.07936
24.0000 1 5536.48128
24.1000 1 6679.42912
24.2000 1 4750.04928
24.3000 1 5284.82304
24.4000 1 5662.3104
24.5000 1 5840.56832
24.6000 1 5253.36576
24.7000 1 4812.96384
24.8000 1 4246.7328
24.9000 1 6689.91488
25.0000 1 4781.50656
25.1000 1 4550.81984
25.2000 1 5505.024
25.3000 1 4089.4464
25.4000 1 6543.11424
25.5000 1 5263.85152
25.6000 1 5442.10944
25.7000 1 6668.94336
25.8000 1 5966.39744
25.9000 1 5651.82464
26.0000 1 5704.25344
26.1000 1 6910.11584
26.2000 1 5683.28192
26.3000 1 5578.42432
26.4000 1 6406.79936
26.5000 1 5494.53824
26.6000 1 5242.88
26.7000 1 5987.36896
26.8000 1 6438.25664
26.9000 1 5651.82464
27.0000 1 5746.19648
27.1000 1 6899.63008
27.2000 1 4655.67744
27.3000 1 5400.1664
27.4000 1 6564.08576
27.5000 1 5148.50816
27.6000 1 4645.19168
27.7000 1 6941.57312
27.8000 1 4529.84832
27.9000 1 5012.19328
28.0000 1 6008.34048
28.1000 1 4519.36256
28.2000 1 5578.42432
28.3000 1 6123.68384
28.4000 1 4330.61888
28.5000 1 6018.82624
28.6000 1 5075.10784
28.7000 1 5557.4528
28.8000 1 6406.79936
28.9000 1 4697.62048
29.0000 1 5043.65056
29.1000 1 6606.0288
29.2000 1 4708.10624
29.3000 1 4215.27552
29.4000 1 6123.68384
29.5000 1 4445.96224
29.6000 1 5966.39744
29.7000 1 4655.67744
29.8000 1 4970.25024
29.9000 1 6427.77088
30.0000 1 4634.70592
30.1000 1 5515.50976
30.2000 1 6427.77088
30.3000 1 4676.64896
30.4000 1 4645.19168
30.5000 1 6522.14272
30.6000 1 4865.39264
30.7000 1 5242.88
30.8000 1 6186.5984
30.9000 1 5200.93696
31.0000 1 5400.1664
31.1000 1 5452.5952
31.2000 1 5085.5936
31.3000 1 6228.54144
31.4000 1 5924.4544
31.5000 1 5588.91008
31.6000 1 5473.56672
31.7000 1 6752.82944
31.8000 1 5148.50816
31.9000 1 4603.24864
32.0000 1 6102.71232
32.1000 1 4907.33568
32.2000 1 5756.68224
32.3000 1 6427.77088
32.4000 1 4383.04768
32.5000 1 5955.91168
32.6000 1 5179.96544
32.7000 1 5557.4528
32.8000 1 6050.28352
32.9000 1 5442.10944
33.0000 1 4404.0192
33.1000 1 6343.8848
33.2000 1 4561.3056
33.3000 1 4225.76128
33.4000 1 6427.77088
33.5000 1 4959.76448
33.6000 1 5379.19488
33.7000 1 5683.28192
33.8000 1 4645.19168
33.9000 1 6417.28512
34.0000 1 4320.13312
34.1000 1 4257.21856
34.2000 1 6710.8864
34.3000 1 5106.56512
34.4000 1 5075.10784
34.5000 1 6637.48608
34.6000 1 5588.91008
34.7000 1 5620.36736
34.8000 1 6427.77088
34.9000 1 4697.62048
35.0000 1 5064.62208
35.1000 1 5641.33888
35.2000 1 4645.19168
35.3000 1 5630.85312
35.4000 1 3774.8736
35.5000 1 5232.39424
35.6000 1 6689.91488
35.7000 1 4729.07776
35.8000 1 5148.50816
35.9000 1 6375.34208
36.0000 1 4592.76288
36.1000 1 5232.39424
36.2000 1 5987.36896
36.3000 1 4372.56192
36.4000 1 6354.37056
36.5000 1 4487.90528
36.6000 1 4173.33248
36.7000 1 6511.65696
36.8000 1 4529.84832
36.9000 1 5525.99552
37.0000 1 4917.82144
37.1000 1 5064.62208
37.2000 1 6197.08416
37.3000 1 5043.65056
37.4000 1 4603.24864
37.5000 1 6627.00032
37.6000 1 4404.0192
37.7000 1 4991.22176
37.8000 1 6123.68384
37.9000 1 5505.024
38.0000 1 5232.39424
38.1000 1 5840.56832
38.2000 1 4299.1616
38.3000 1 6343.8848
38.4000 1 5211.42272
38.5000 1 4592.76288
38.6000 1 6511.65696
38.7000 1 4456.448
38.8000 1 4949.27872
38.9000 1 6270.48448
39.0000 1 4634.70592
39.1000 1 5515.50976
39.2000 1 5484.05248
39.3000 1 5054.13632
39.4000 1 6239.0272
39.5000 1 5567.93856
39.6000 1 4687.13472
39.7000 1 6501.1712
39.8000 1 4330.61888
39.9000 1 4928.3072
40.0000 1 6385.82784
40.1000 1 4498.39104
40.2000 1 5525.99552
40.3000 1 6018.82624
40.4000 1 5578.42432
40.5000 1 4603.24864
40.6000 1 6731.85792
40.7000 1 4288.67584
40.8000 1 5746.19648
40.9000 1 4833.93536
41.0000 1 4959.76448
41.1000 1 6448.7424
41.2000 1 4508.8768
41.3000 1 4383.04768
41.4000 1 6438.25664
41.5000 1 5022.67904
41.6000 1 5232.39424
41.7000 1 5714.7392
41.8000 1 4624.22016
41.9000 1 6301.94176
42.0000 1 4529.84832
42.1000 1 4875.8784
42.2000 1 6144.65536
42.3000 1 4120.90368
42.4000 1 5525.99552
42.5000 1 5630.85312
42.6000 1 5567.93856
42.7000 1 5599.39584
42.8000 1 6522.14272
42.9000 1 5431.62368
43.0000 1 4791.99232
43.1000 1 6511.65696
43.2000 1 5012.19328
43.3000 1 5242.88
43.4000 1 5358.22336
43.5000 1 5179.96544
43.6000 1 6239.0272
43.7000 1 5913.96864
43.8000 1 5536.48128
43.9000 1 5284.82304
44.0000 1 6008.34048
44.1000 1 4257.21856
44.2000 1 6280.97024
44.3000 1 4938.79296
44.4000 1 5505.024
44.5000 1 6469.71392
44.6000 1 5546.96704
44.7000 1 4571.79136
44.8000 1 6553.6
44.9000 1 4676.64896
45.0000 1 4194.304
45.1000 1 6511.65696
45.2000 1 4980.736
45.3000 1 5001.70752
45.4000 1 6312.42752
45.5000 1 5578.42432
45.6000 1 4718.592
45.7000 1 6259.99872
45.8000 1 5096.07936
45.9000 1 5484.05248
46.0000 1 6836.71552
46.1000 1 5578.42432
46.2000 1 5525.99552
46.3000 1 6564.08576
46.4000 1 5662.3104
46.5000 1 4519.36256
46.6000 1 6689.91488
46.7000 1 5211.42272
46.8000 1 4236.24704
46.9000 1 6364.85632
47.0000 1 5148.50816
47.1000 1 4697.62048
47.2000 1 6763.3152
47.3000 1 5295.3088
47.4000 1 5641.33888
47.5000 1 6794.77248
47.6000 1 5505.024
47.7000 1 4466.93376
47.8000 1 6343.8848
47.9000 1 4299.1616
48.0000 1 4970.25024
48.1000 1 5221.90848
48.2000 1 4959.76448
48.3000 1 6480.19968
48.4000 1 5599.39584
48.5000 1 5452.5952
48.6000 1 5809.11104
48.7000 1 6385.82784
48.8000 1 4697.62048
48.9000 1 5567.93856
49.0000 1 5913.96864
49.1000 1 4676.64896
49.2000 1 6239.0272
49.3000 1 4152.36096
49.4000 1 4938.79296
49.5000 1 6155.14112
49.6000 1 5452.5952
49.7000 1 5525.99552
49.8000 1 6511.65696
49.9000 1 5473.56672
50.0000 1 5484.05248
50.1000 1 6459.22816
50.2000 1 5683.28192
50.3000 1 5368.70912
50.4000 1 5714.7392
50.5000 1 5672.79616
50.6000 1 5578.42432
50.7000 1 5431.62368
50.8000 1 5997.85472
50.9000 1 5169.47968
51.0000 1 5662.3104
51.1000 1 6102.71232
51.2000 1 4540.33408
51.3000 1 6081.7408
51.4000 1 4823.4496
51.5000 1 4351.5904
51.6000 1 6364.85632
51.7000 1 5033.1648
51.8000 1 4498.39104
51.9000 1 6207.56992
52.0000 1 4487.90528
52.1000 1 6134.1696
52.2000 1 4466.93376
52.3000 1 5001.70752
52.4000 1 6427.77088
52.5000 1 5630.85312
52.6000 1 4687.13472
52.7000 1 6606.0288
52.8000 1 4141.8752
52.9000 1 5054.13632
53.0000 1 6511.65696
53.1000 1 5609.8816
53.2000 1 4634.70592
53.3000 1 6700.40064
53.4000 1 4351.5904
53.5000 1 5567.93856
53.6000 1 5127.53664
53.7000 1 5158.99392
53.8000 1 6396.3136
53.9000 1 5494.53824
54.0000 1 5379.19488
54.1000 1 5903.48288
54.2000 1 5515.50976
54.3000 1 5148.50816
54.4000 1 6102.71232
54.5000 1 4844.42112
54.6000 1 5284.82304
54.7000 1 5987.36896
54.8000 1 4099.93216
54.9000 1 4886.36416
55.0000 1 5851.05408
55.1000 1 4844.42112
55.2000 1 6092.22656
55.3000 1 6218.05568
55.4000 1 5892.99712
55.5000 1 4833.93536
55.6000 1 6721.37216
55.7000 1 3900.70272
55.8000 1 5798.62528
55.9000 1 4697.62048
56.0000 1 5693.76768
56.1000 1 6564.08576
56.2000 1 4949.27872
56.3000 1 4750.04928
56.4000 1 6585.05728
56.5000 1 5777.65376
56.6000 1 5809.11104
56.7000 1 5609.8816
56.8000 1 6710.8864
56.9000 1 5987.36896
57.0000 1 5106.56512
57.1000 1 7203.71712
57.2000 1 5179.96544
57.3000 1 4278.19008
57.4000 1 5872.0256
57.5000 1 4362.07616
57.6000 1 5578.42432
57.7000 1 5326.76608
57.8000 1 4173.33248
57.9000 1 5316.28032
58.0000 1 4687.13472
58.1000 1 5557.4528
58.2000 1 4016.04608
58.3000 1 4823.4496
58.4000 1 6207.56992
58.5000 1 4980.736
58.6000 1 5505.024
58.7000 1 6134.1696
58.8000 1 5599.39584
58.9000 1 5442.10944
59.0000 1 6721.37216
59.1000 1 5494.53824
59.2000 1 4529.84832
59.3000 1 6553.6
59.4000 1 4624.22016
59.5000 1 4781.50656
59.6000 1 6448.7424
59.7000 1 4372.56192
59.8000 1 5945.42592
59.9000 1 4854.90688
60.0000 1 4907.33568
60.1000 1 6239.0272
60.2000 1 4917.82144
60.3000 1 5022.67904
60.4000 1 5913.96864
60.5000 1 4068.47488
60.6000 1 5913.96864
60.7000 1 4613.7344
60.8000 1 5022.67904
60.9000 1 6469.71392
61.0000 1 5452.5952
61.1000 1 4487.90528
61.2000 1 6071.25504
61.3000 1 4131.38944
61.4000 1 5630.85312
61.5000 1 4487.90528
61.6000 1 4162.84672
61.7000 1 6721.37216
61.8000 1 5316.28032
61.9000 1 4445.96224
62.0000 1 5557.4528
62.1000 1 3586.12992
62.2000 1 5714.7392
62.3000 1 3774.8736
62.4000 1 5473.56672
62.5000 1 4026.53184
62.6000 1 5179.96544
62.7000 1 4309.64736
62.8000 1 5484.05248
62.9000 1 6092.22656
63.0000 1 4928.3072
63.1000 1 4886.36416
63.2000 1 6689.91488
63.3000 1 4687.13472
63.4000 1 4970.25024
63.5000 1 6197.08416
63.6000 1 4550.81984
63.7000 1 5997.85472
63.8000 1 5683.28192
63.9000 1 4917.82144
64.0000 1 6060.76928
64.1000 1 5767.168
64.2000 1 5001.70752
64.3000 1 6071.25504
64.4000 1 5651.82464
64.5000 1 4907.33568
64.6000 1 6197.08416
64.7000 1 5840.56832
64.8000 1 4435.47648
64.9000 1 6501.1712
65.0000 1 4791.99232
65.1000 1 5588.91008
65.2000 1 6081.7408
65.3000 1 4550.81984
65.4000 1 4844.42112
65.5000 1 6008.34048
65.6000 1 4435.47648
65.7000 1 5567.93856
65.8000 1 5714.7392
65.9000 1 5075.10784
66.0000 1 5934.94016
66.1000 1 6050.28352
66.2000 1 4959.76448
66.3000 1 5693.76768
66.4000 1 5389.68064
66.5000 1 5505.024
66.6000 1 5955.91168
66.7000 1 5096.07936
66.8000 1 4372.56192
66.9000 1 6616.51456
67.0000 1 5326.76608
67.1000 1 5085.5936
67.2000 1 6564.08576
67.3000 1 5117.05088
67.4000 1 5200.93696
67.5000 1 6354.37056
67.6000 1 5022.67904
67.7000 1 5463.08096
67.8000 1 6280.97024
67.9000 1 4697.62048
68.0000 1 5389.68064
68.1000 1 6102.71232
68.2000 1 5473.56672
68.3000 1 5169.47968
68.4000 1 6532.62848
68.5000 1 4781.50656
68.6000 1 4991.22176
68.7000 1 6679.42912
68.8000 1 5054.13632
68.9000 1 5484.05248
69.0000 1 6469.71392
69.1000 1 5064.62208
69.2000 1 5578.42432
69.3000 1 6071.25504
69.4000 1 5022.67904
69.5000 1 4676.64896
69.6000 1 6700.40064
69.7000 1 5578.42432
69.8000 1 4991.22176
69.9000 1 6564.08576
70.0000 1 5284.82304
70.1000 1 5274.33728
70.2000 1 6396.3136
70.3000 1 5190.4512
70.4000 1 5001.70752
70.5000 1 6343.8848
70.6000 1 4687.13472
70.7000 1 5421.13792
70.8000 1 6490.68544
70.9000 1 4865.39264
71.0000 1 5379.19488
71.1000 1 6721.37216
71.2000 1 5148.50816
71.3000 1 5284.82304
71.4000 1 6574.57152
71.5000 1 5096.07936
71.6000 1 4257.21856
71.7000 1 6616.51456
71.8000 1 4771.0208
71.9000 1 5431.62368
72.0000 1 6784.28672
72.1000 1 4729.07776
72.2000 1 5442.10944
72.3000 1 6218.05568
72.4000 1 4655.67744
72.5000 1 5421.13792
72.6000 1 6721.37216
72.7000 1 5043.65056
72.8000 1 5221.90848
72.9000 1 6176.11264
73.0000 1 5578.42432
73.1000 1 5064.62208
73.2000 1 6522.14272
73.3000 1 5337.25184
73.4000 1 4938.79296
73.5000 1 6606.0288
73.6000 1 4718.592
73.7000 1 4676.64896
73.8000 1 6343.8848
73.9000 1 5075.10784
74.0000 1 5284.82304
74.1000 1 5756.68224
74.2000 1 5567.93856
74.3000 1 5410.65216
74.4000 1 5442.10944
74.5000 1 4781.50656
74.6000 1 6543.11424
74.7000 1 5337.25184
74.8000 1 5525.99552
74.9000 1 5945.42592
75.0000 1 5725.22496
75.1000 1 5431.62368
75.2000 1 5557.4528
75.3000 1 6144.65536
75.4000 1 5525.99552
75.5000 1 5085.5936
75.6000 1 6197.08416
75.7000 1 5630.85312
75.8000 1 5117.05088
75.9000 1 6427.77088
76.0000 1 5043.65056
76.1000 1 5075.10784
76.2000 1 6186.5984
76.3000 1 4729.07776
76.4000 1 5830.08256
76.5000 1 5861.53984
76.6000 1 5075.10784
76.7000 1 5924.4544
76.8000 1 6176.11264
76.9000 1 4970.25024
77.0000 1 5494.53824
77.1000 1 5913.96864
77.2000 1 5567.93856
77.3000 1 5347.7376
77.4000 1 6249.51296
77.5000 1 5221.90848
77.6000 1 5284.82304
77.7000 1 5505.024
77.8000 1 5641.33888
77.9000 1 5609.8816
78.0000 1 5295.3088
78.1000 1 5085.5936
78.2000 1 6280.97024
78.3000 1 5075.10784
78.4000 1 4739.56352
78.5000 1 6417.28512
78.6000 1 5452.5952
78.7000 1 5484.05248
78.8000 1 6249.51296
78.9000 1 5096.07936
79.0000 1 4854.90688
79.1000 1 6333.39904
79.2000 1 4666.1632
79.3000 1 4351.5904
79.4000 1 6186.5984
79.5000 1 4466.93376
79.6000 1 6039.79776
79.7000 1 5410.65216
79.8000 1 5379.19488
79.9000 1 6029.312
80.0000 1 5410.65216
80.1000 1 4917.82144
80.2000 1 6406.79936
80.3000 1 5463.08096
80.4000 1 5242.88
80.5000 1 6060.76928
80.6000 1 5473.56672
80.7000 1 4844.42112
80.8000 1 6448.7424
80.9000 1 5421.13792
81.0000 1 4697.62048
81.1000 1 6616.51456
81.2000 1 4865.39264
81.3000 1 5054.13632
81.4000 1 6564.08576
81.5000 1 5410.65216
81.6000 1 5043.65056
81.7000 1 6207.56992
81.8000 1 5452.5952
81.9000 1 5389.68064
82.0000 1 6218.05568
82.1000 1 5179.96544
82.2000 1 5096.07936
82.3000 1 6270.48448
82.4000 1 5253.36576
82.5000 1 5033.1648
82.6000 1 6490.68544
82.7000 1 5033.1648
82.8000 1 5012.19328
82.9000 1 6469.71392
83.0000 1 4917.82144
83.1000 1 5463.08096
83.2000 1 6113.19808
83.3000 1 5463.08096
83.4000 1 4487.90528
83.5000 1 6375.34208
83.6000 1 5179.96544
83.7000 1 5557.4528
83.8000 1 6207.56992
83.9000 1 5054.13632
84.0000 1 5389.68064
84.1000 1 6417.28512
84.2000 1 5211.42272
84.3000 1 5117.05088
84.4000 1 6658.4576
84.5000 1 5022.67904
84.6000 1 5190.4512
84.7000 1 6679.42912
84.8000 1 4865.39264
84.9000 1 4833.93536
85.0000 1 6773.80096
85.1000 1 4917.82144
85.2000 1 4309.64736
85.3000 1 6668.94336
85.4000 1 5515.50976
85.5000 1 5368.70912
85.6000 1 6186.5984
85.7000 1 5609.8816
85.8000 1 4424.99072
85.9000 1 6658.4576
86.0000 1 5337.25184
86.1000 1 4886.36416
86.2000 1 6406.79936
86.3000 1 5221.90848
86.4000 1 5546.96704
86.5000 1 6102.71232
86.6000 1 5138.0224
86.7000 1 4907.33568
86.8000 1 6113.19808
86.9000 1 5452.5952
87.0000 1 5148.50816
87.1000 1 6291.456
87.2000 1 5588.91008
87.3000 1 4875.8784
87.4000 1 6773.80096
87.5000 1 5022.67904
87.6000 1 4865.39264
87.7000 1 6459.22816
87.8000 1 5117.05088
87.9000 1 5263.85152
88.0000 1 6448.7424
88.1000 1 5431.62368
88.2000 1 4949.27872
88.3000 1 6731.85792
88.4000 1 5148.50816
88.5000 1 5211.42272
88.6000 1 6647.97184
88.7000 1 5138.0224
88.8000 1 5588.91008
88.9000 1 6155.14112
89.0000 1 5284.82304
89.1000 1 5494.53824
89.2000 1 6165.62688
89.3000 1 4896.84992
89.4000 1 5431.62368
89.5000 1 6301.94176
89.6000 1 5337.25184
89.7000 1 5138.0224
89.8000 1 6259.99872
89.9000 1 5326.76608
90.0000 1 5452.5952
90.1000 1 6228.54144
90.2000 1 5567.93856
90.3000 1 5096.07936
90.4000 1 5997.85472
90.5000 1 4949.27872
90.6000 1 4949.27872
90.7000 1 6039.79776
90.8000 1 5442.10944
90.9000 1 5463.08096
91.0000 1 6354.37056
91.1000 1 4896.84992
91.2000 1 5567.93856
91.3000 1 6427.77088
91.4000 1 5305.79456
91.5000 1 5505.024
91.6000 1 6490.68544
91.7000 1 5085.5936
91.8000 1 5683.28192
91.9000 1 6008.34048
92.0000 1 5337.25184
92.1000 1 5075.10784
92.2000 1 6228.54144
92.3000 1 5484.05248
92.4000 1 5022.67904
92.5000 1 6448.7424
92.6000 1 5179.96544
92.7000 1 5169.47968
92.8000 1 6333.39904
92.9000 1 5557.4528
93.0000 1 4393.53344
93.1000 1 6616.51456
93.2000 1 5389.68064
93.3000 1 5148.50816
93.4000 1 6438.25664
93.5000 1 5725.22496
93.6000 1 4980.736
93.7000 1 6092.22656
93.8000 1 5756.68224
93.9000 1 5138.0224
94.0000 1 5861.53984
94.1000 1 6092.22656
94.2000 1 5085.5936
94.3000 1 5578.42432
94.4000 1 5662.3104
94.5000 1 5557.4528
94.6000 1 5525.99552
94.7000 1 5913.96864
94.8000 1 5148.50816
94.9000 1 5693.76768
95.0000 1 5840.56832
95.1000 1 5463.08096
95.2000 1 5452.5952
95.3000 1 5830.08256
95.4000 1 5284.82304
95.5000 1 5567.93856
95.6000 1 5788.13952
95.7000 1 5578.42432
95.8000 1 5473.56672
95.9000 1 5672.79616
96.0000 1 5389.68064
96.1000 1 5704.25344
96.2000 1 5746.19648
96.3000 1 5148.50816
96.4000 1 5830.08256
96.5000 1 5767.168
96.6000 1 5463.08096
96.7000 1 5536.48128
96.8000 1 6249.51296
96.9000 1 5431.62368
97.0000 1 5358.22336
97.1000 1 6322.91328
97.2000 1 5400.1664
97.3000 1 4907.33568
97.4000 1 6637.48608
97.5000 1 5169.47968
97.6000 1 5284.82304
97.7000 1 6606.0288
97.8000 1 5263.85152
97.9000 1 5232.39424
98.0000 1 6668.94336
98.1000 1 5001.70752
98.2000 1 4907.33568
98.3000 1 6543.11424
98.4000 1 5431.62368
98.5000 1 5200.93696
98.6000 1 6532.62848
98.7000 1 5179.96544
98.8000 1 5158.99392
98.9000 1 6805.25824
99.0000 1 5410.65216
99.1000 1 4917.82144
99.2000 1 6689.91488
99.3000 1 5075.10784
99.4000 1 5305.79456
99.5000 1 6375.34208
99.6000 1 5924.4544
99.7000 1 4928.3072
99.8000 1 5892.99712
99.9000 1 5955.91168
100.0000 1 5242.88
100.1000 1 5546.96704
100.2000 1 6144.65536
100.3000 1 5033.1648
100.4000 1 5588.91008
100.5000 1 5347.7376
100.6000 1 5232.39424
100.7000 1 6123.68384
100.8000 1 5567.93856
100.9000 1 5368.70912
101.0000 1 5840.56832
101.1000 1 5861.53984
101.2000 1 5221.90848
101.3000 1 5641.33888
101.4000 1 6113.19808
101.5000 1 5022.67904
101.6000 1 5641.33888
101.7000 1 6207.56992
101.8000 1 5274.33728
101.9000 1 5263.85152
102.0000 1 5840.56832
102.1000 1 4991.22176
102.2000 1 5934.94016
102.3000 1 5651.82464
102.4000 1 5410.65216
102.5000 1 5746.19648
102.6000 1 5924.4544
102.7000 1 5536.48128
102.8000 1 5263.85152
102.9000 1 6354.37056
103.0000 1 5525.99552
103.1000 1 4991.22176
103.2000 1 6375.34208
103.3000 1 5326.76608
103.4000 1 5421.13792
103.5000 1 5997.85472
103.6000 1 5337.25184
103.7000 1 4991.22176
103.8000 1 6092.22656
103.9000 1 5368.70912
104.0000 1 5221.90848
104.1000 1 6354.37056
104.2000 1 5557.4528
104.3000 1 4907.33568
104.4000 1 6710.8864
104.5000 1 5085.5936
104.6000 1 5012.19328
104.7000 1 6039.79776
104.8000 1 5033.1648
104.9000 1 5525.99552
105.0000 1 6039.79776
105.1000 1 5221.90848
105.2000 1 5525.99552
105.3000 1 5882.51136
105.4000 1 5012.19328
105.5000 1 5861.53984
105.6000 1 6050.28352
105.7000 1 4949.27872
105.8000 1 5693.76768
105.9000 1 6081.7408
106.0000 1 5075.10784
106.1000 1 5578.42432
106.2000 1 5337.25184
106.3000 1 5253.36576
106.4000 1 6270.48448
106.5000 1 5725.22496
106.6000 1 5127.53664
106.7000 1 5892.99712
106.8000 1 5830.08256
106.9000 1 5326.76608
107.0000 1 5557.4528
107.1000 1 5872.0256
107.2000 1 5200.93696
107.3000 1 5672.79616
107.4000 1 6301.94176
107.5000 1 5295.3088
107.6000 1 5536.48128
107.7000 1 6092.22656
107.8000 1 5316.28032
107.9000 1 5211.42272
108.0000 1 6490.68544
108.1000 1 5400.1664
108.2000 1 5379.19488
108.3000 1 6385.82784
108.4000 1 5557.4528
108.5000 1 4896.84992
108.6000 1 6406.79936
108.7000 1 5232.39424
108.8000 1 5599.39584
108.9000 1 6176.11264
109.0000 1 5442.10944
109.1000 1 5326.76608
109.2000 1 5987.36896
109.3000 1 5022.67904
109.4000 1 5389.68064
109.5000 1 6071.25504
109.6000 1 3911.18848
109.7000 1 5567.93856
109.8000 1 4183.81824
109.9000 1 4383.04768
110.0000 1 5410.65216
110.1000 1 3900.70272
110.2000 1 5798.62528
110.3000 1 4613.7344
110.4000 1 5263.85152
110.5000 1 5913.96864
110.6000 1 5064.62208
110.7000 1 5798.62528
110.8000 1 5515.50976
110.9000 1 5505.024
111.0000 1 5735.71072
111.1000 1 6197.08416
111.2000 1 5263.85152
111.3000 1 5672.79616
111.4000 1 6249.51296
111.5000 1 5127.53664
111.6000 1 5242.88
111.7000 1 6658.4576
111.8000 1 5117.05088
111.9000 1 5368.70912
112.0000 1 6647.97184
112.1000 1 5683.28192
112.2000 1 5117.05088
112.3000 1 6606.0288
112.4000 1 5242.88
112.5000 1 4991.22176
112.6000 1 5976.8832
112.7000 1 4959.76448
112.8000 1 5295.3088
112.9000 1 6585.05728
113.0000 1 5253.36576
113.1000 1 5505.024
113.2000 1 6144.65536
113.3000 1 5379.19488
113.4000 1 5494.53824
113.5000 1 6301.94176
113.6000 1 5033.1648
113.7000 1 4812.96384
113.8000 1 6081.7408
113.9000 1 5200.93696
114.0000 1 5442.10944
114.1000 1 6343.8848
114.2000 1 4886.36416
114.3000 1 5106.56512
114.4000 1 6773.80096
114.5000 1 5138.0224
114.6000 1 5148.50816
114.7000 1 6784.28672
114.8000 1 5138.0224
114.9000 1 4938.79296
115.0000 1 6805.25824
115.1000 1 4980.736
115.2000 1 5442.10944
115.3000 1 6543.11424
115.4000 1 5421.13792
115.5000 1 5452.5952
115.6000 1 5987.36896
115.7000 1 5746.19648
115.8000 1 5012.19328
115.9000 1 6071.25504
116.0000 1 5945.42592
116.1000 1 4907.33568
116.2000 1 5892.99712
116.3000 1 5421.13792
116.4000 1 5463.08096
116.5000 1 5830.08256
116.6000 1 5987.36896
116.7000 1 5169.47968
116.8000 1 5672.79616
116.9000 1 6312.42752
117.0000 1 4980.736
117.1000 1 5347.7376
117.2000 1 6239.0272
117.3000 1 5075.10784
117.4000 1 5515.50976
117.5000 1 6700.40064
117.6000 1 5211.42272
117.7000 1 5421.13792
117.8000 1 6490.68544
117.9000 1 5043.65056
118.0000 1 4833.93536
118.1000 1 6071.25504
118.2000 1 5043.65056
118.3000 1 5442.10944
118.4000 1 5578.42432
118.5000 1 5295.3088
118.6000 1 5861.53984
118.7000 1 5882.51136
118.8000 1 5200.93696
118.9000 1 5662.3104
119.0000 1 6144.65536
119.1000 1 5400.1664
119.2000 1 5253.36576
119.3000 1 6480.19968
119.4000 1 5525.99552
119.5000 1 4928.3072
119.6000 1 6710.8864
119.7000 1 5200.93696
119.8000 1 5242.88
119.9000 1 6637.48608
120.0000 1 5033.1648
120.1000 1 4938.79296
120.2000 1 6081.7408
120.3000 1 5567.93856
120.4000 1 5138.0224
120.5000 1 6438.25664
120.6000 1 5630.85312
120.7000 1 5200.93696
120.8000 1 5997.85472
120.9000 1 5442.10944
121.0000 1 5389.68064
121.1000 1 6312.42752
121.2000 1 5127.53664
121.3000 1 5305.79456
121.4000 1 6731.85792
121.5000 1 5200.93696
121.6000 1 5305.79456
121.7000 1 6689.91488
121.8000 1 5305.79456
121.9000 1 5054.13632
122.0000 1 6155.14112
122.1000 1 5452.5952
122.2000 1 5054.13632
122.3000 1 6270.48448
122.4000 1 5368.70912
122.5000 1 5253.36576
122.6000 1 6396.3136
122.7000 1 4928.3072
122.8000 1 5442.10944
122.9000 1 6585.05728
123.0000 1 5117.05088
123.1000 1 5515.50976
123.2000 1 6050.28352
123.3000 1 5368.70912
123.4000 1 5169.47968
123.5000 1 6270.48448
123.6000 1 5473.56672
123.7000 1 5494.53824
123.8000 1 5756.68224
123.9000 1 5966.39744
124.0000 1 5096.07936
124.1000 1 5662.3104
124.2000 1 5452.5952
124.3000 1 5400.1664
124.4000 1 5924.4544
124.5000 1 5924.4544
124.6000 1 5630.85312
124.7000 1 5421.13792
124.8000 1 6343.8848
124.9000 1 5567.93856
125.0000 1 4938.79296
125.1000 1 6752.82944
125.2000 1 5054.13632
125.3000 1 5232.39424
125.4000 1 6616.51456
125.5000 1 5001.70752
125.6000 1 5630.85312
125.7000 1 6165.62688
125.8000 1 5064.62208
125.9000 1 5295.3088
126.0000 1 6448.7424
126.1000 1 5054.13632
126.2000 1 5463.08096
126.3000 1 6721.37216
126.4000 1 5033.1648
126.5000 1 5578.42432
126.6000 1 6585.05728
126.7000 1 5672.79616
126.8000 1 5043.65056
126.9000 1 6239.0272
127.0000 1 5012.19328
127.1000 1 5022.67904
127.2000 1 6616.51456
127.3000 1 5578.42432
127.4000 1 5043.65056
127.5000 1 5945.42592
127.6000 1 5012.19328
127.7000 1 4938.79296
127.8000 1 6585.05728
127.9000 1 5683.28192
128.0000 1 4938.79296
128.1000 1 6113.19808
128.2000 1 5484.05248
128.3000 1 5106.56512
128.4000 1 6438.25664
128.5000 1 5452.5952
128.6000 1 5253.36576
128.7000 1 6417.28512
128.8000 1 5389.68064
128.9000 1 4959.76448
129.0000 1 6406.79936
129.1000 1 5882.51136
129.2000 1 4907.33568
129.3000 1 5987.36896
129.4000 1 6008.34048
129.5000 1 5452.5952
129.6000 1 5221.90848
129.7000 1 6364.85632
129.8000 1 5442.10944
129.9000 1 5316.28032
130.0000 1 6543.11424
130.1000 1 5337.25184
130.2000 1 4928.3072
130.3000 1 6406.79936
130.4000 1 4980.736
130.5000 1 5054.13632
130.6000 1 6668.94336
130.7000 1 5012.19328
130.8000 1 5452.5952
130.9000 1 6343.8848
131.0000 1 5200.93696
131.1000 1 5641.33888
131.2000 1 6291.456
131.3000 1 5054.13632
131.4000 1 5400.1664
131.5000 1 6689.91488
131.6000 1 5158.99392
131.7000 1 5358.22336
131.8000 1 6543.11424
131.9000 1 5022.67904
132.0000 1 5043.65056
132.1000 1 6679.42912
132.2000 1 5578.42432
132.3000 1 5431.62368
132.4000 1 6301.94176
132.5000 1 5484.05248
132.6000 1 5515.50976
132.7000 1 5798.62528
132.8000 1 5966.39744
132.9000 1 5536.48128
133.0000 1 5494.53824
133.1000 1 6050.28352
133.2000 1 4896.84992
133.3000 1 5525.99552
133.4000 1 5473.56672
133.5000 1 5158.99392
133.6000 1 6092.22656
133.7000 1 5599.39584
133.8000 1 5022.67904
133.9000 1 6165.62688
134.0000 1 5452.5952
134.1000 1 5567.93856
134.2000 1 5735.71072
134.3000 1 5872.0256
134.4000 1 5379.19488
134.5000 1 5484.05248
134.6000 1 6543.11424
134.7000 1 5022.67904
134.8000 1 5505.024
134.9000 1 6658.4576
135.0000 1 5085.5936
135.1000 1 5421.13792
135.2000 1 6543.11424
135.3000 1 5494.53824
135.4000 1 5431.62368
135.5000 1 6134.1696
135.6000 1 5054.13632
135.7000 1 5117.05088
135.8000 1 6647.97184
135.9000 1 5075.10784
136.0000 1 5410.65216
136.1000 1 6438.25664
136.2000 1 5043.65056
136.3000 1 4970.25024
136.4000 1 6018.82624
136.5000 1 5347.7376
136.6000 1 5588.91008
136.7000 1 5976.8832
136.8000 1 5158.99392
136.9000 1 5043.65056
137.0000 1 6469.71392
137.1000 1 5494.53824
137.2000 1 5284.82304
137.3000 1 5987.36896
137.4000 1 4854.90688
137.5000 1 5106.56512
137.6000 1 6836.71552
137.7000 1 5043.65056
137.8000 1 5452.5952
137.9000 1 6679.42912
138.0000 1 5546.96704
138.1000 1 5085.5936
138.2000 1 6773.80096
138.3000 1 5242.88
138.4000 1 5295.3088
138.5000 1 6480.19968
138.6000 1 5515.50976
138.7000 1 4970.25024
138.8000 1 6301.94176
138.9000 1 6050.28352
139.0000 1 5012.19328
139.1000 1 5704.25344
139.2000 1 5295.3088
139.3000 1 4970.25024
139.4000 1 6417.28512
139.5000 1 5442.10944
139.6000 1 5347.7376
139.7000 1 5997.85472
139.8000 1 5913.96864
139.9000 1 5200.93696
140.0000 1 5704.25344
140.1000 1 6039.79776
140.2000 1 5410.65216
140.3000 1 5347.7376
140.4000 1 6155.14112
140.5000 1 5326.76608
140.6000 1 5546.96704
140.7000 1 6071.25504
140.8000 1 5536.48128
140.9000 1 5525.99552
141.0000 1 6155.14112
141.1000 1 5242.88
141.2000 1 5284.82304
141.3000 1 6700.40064
141.4000 1 5085.5936
141.5000 1 5463.08096
141.6000 1 6742.34368
141.7000 1 5106.56512
141.8000 1 4970.25024
141.9000 1 5997.85472
142.0000 1 4875.8784
142.1000 1 5484.05248
142.2000 1 6637.48608
142.3000 1 5431.62368
142.4000 1 5085.5936
142.5000 1 6606.0288
142.6000 1 5641.33888
142.7000 1 5557.4528
142.8000 1 6081.7408
142.9000 1 5106.56512
143.0000 1 4928.3072
143.1000 1 6742.34368
143.2000 1 5368.70912
143.3000 1 5525.99552
143.4000 1 5903.48288
143.5000 1 5756.68224
143.6000 1 5505.024
143.7000 1 5494.53824
143.8000 1 6165.62688
143.9000 1 5567.93856
144.0000 1 5232.39424
144.1000 1 6301.94176
144.2000 1 5557.4528
144.3000 1 5148.50816
144.4000 1 6259.99872
144.5000 1 5400.1664
144.6000 1 5525.99552
144.7000 1 6186.5984
144.8000 1 5431.62368
144.9000 1 5106.56512
145.0000 1 5924.4544
145.1000 1 5473.56672
145.2000 1 5463.08096
145.3000 1 6291.456
145.4000 1 5368.70912
145.5000 1 5452.5952
145.6000 1 6312.42752
145.7000 1 5337.25184
145.8000 1 5536.48128
145.9000 1 6291.456
146.0000 1 5442.10944
146.1000 1 5536.48128
146.2000 1 6029.312
146.3000 1 5546.96704
146.4000 1 5557.4528
146.5000 1 5609.8816
146.6000 1 5997.85472
146.7000 1 5546.96704
146.8000 1 5316.28032
146.9000 1 6322.91328
147.0000 1 5484.05248
147.1000 1 5295.3088
147.2000 1 6123.68384
147.3000 1 5221.90848
147.4000 1 5494.53824
147.5000 1 6574.57152
147.6000 1 5138.0224
147.7000 1 4970.25024
147.8000 1 6658.4576
147.9000 1 5494.53824
148.0000 1 4917.82144
148.1000 1 6752.82944
148.2000 1 5452.5952
148.3000 1 5054.13632
148.4000 1 6564.08576
148.5000 1 5421.13792
148.6000 1 5190.4512
148.7000 1 6616.51456
148.8000 1 5211.42272
148.9000 1 5158.99392
149.0000 1 6469.71392
149.1000 1 5651.82464
149.2000 1 5085.5936
149.3000 1 5955.91168
149.4000 1 6322.91328
149.5000 1 4938.79296
149.6000 1 5525.99552
149.7000 1 6710.8864
149.8000 1 4991.22176
149.9000 1 5389.68064
150.0000 1 6826.22976
150.1000 1 4991.22176
150.2000 1 5431.62368
150.3000 1 6710.8864
150.4000 1 5075.10784
150.5000 1 5158.99392
150.6000 1 6490.68544
150.7000 1 4907.33568
150.8000 1 5274.33728
150.9000 1 6417.28512
151.0000 1 5284.82304
151.1000 1 3460.3008
