0.1000 1 0.0
0.2000 1 5536.48128
0.3000 1 3282.04288
0.4000 1 5987.36896
0.5000 1 4320.13312
0.6000 1 6448.7424
0.7000 1 5525.99552
0.8000 1 6102.71232
0.9000 1 5295.3088
1.0000 1 7035.94496
1.1000 1 5599.39584
1.2000 1 5473.56672
1.3000 1 6805.25824
1.4000 1 5641.33888
1.5000 1 4812.96384
1.6000 1 6249.51296
1.7000 1 6186.5984
1.8000 1 5892.99712
1.9000 1 5525.99552
2.0000 1 6197.08416
2.1000 1 5232.39424
2.2000 1 5263.85152
2.3000 1 7528.77568
2.4000 1 5106.56512
2.5000 1 4278.19008
2.6000 1 6731.85792
2.7000 1 3942.64576
2.8000 1 5012.19328
2.9000 1 5096.07936
3.0000 1 4529.84832
3.1000 1 7056.91648
3.2000 1 5284.82304
3.3000 1 5358.22336
3.4000 1 5882.51136
3.5000 1 4896.84992
3.6000 1 5284.82304
3.7000 1 5851.05408
3.8000 1 5567.93856
3.9000 1 5200.93696
4.0000 1 6658.4576
4.1000 1 6102.71232
4.2000 1 5179.96544
4.3000 1 5442.10944
4.4000 1 5945.42592
4.5000 1 4603.24864
4.6000 1 5976.8832
4.7000 1 5211.42272
4.8000 1 5316.28032
4.9000 1 6333.39904
5.0000 1 4928.3072
5.1000 1 4089.4464
5.2000 1 6731.85792
5.3000 1 4225.76128
5.4000 1 5106.56512
5.5000 1 7035.94496
5.6000 1 4896.84992
5.7000 1 4791.99232
5.8000 1 7172.25984
5.9000 1 4980.736
6.0000 1 4571.79136
6.1000 1 7644.11904
6.2000 1 4907.33568
6.3000 1 4225.76128
6.4000 1 7340.032
6.5000 1 5190.4512
6.6000 1 4938.79296
6.7000 1 7465.86112
6.8000 1 5117.05088
6.9000 1 4068.47488
7.0000 1 6553.6
7.1000 1 4456.448
7.2000 1 4907.33568
7.3000 1 5410.65216
7.4000 1 4236.24704
7.5000 1 5955.91168
7.6000 1 4896.84992
7.7000 1 4508.8768
7.8000 1 7381.97504
7.9000 1 5043.65056
8.0000 1 5158.99392
8.1000 1 6375.34208
8.2000 1 4383.04768
8.3000 1 5054.13632
8.4000 1 6039.79776
8.5000 1 6029.312
8.6000 1 4917.82144
8.7000 1 7350.51776
8.8000 1 5127.53664
8.9000 1 5546.96704
9.0000 1 6826.22976
9.1000 1 5777.65376
9.2000 1 4844.42112
9.3000 1 6071.25504
9.4000 1 7067.40224
9.5000 1 5892.99712
9.6000 1 5830.08256
9.7000 1 6239.0272
9.8000 1 6627.00032
9.9000 1 6039.79776
10.0000 1 4047.50336
10.1000 1 5484.05248
10.2000 1 3953.13152
10.3000 1 6469.71392
10.4000 1 4529.84832
10.5000 1 4603.24864
10.6000 1 6406.79936
10.7000 1 4949.27872
10.8000 1 5358.22336
10.9000 1 5473.56672
11.0000 1 4435.47648
11.1000 1 6763.3152
11.2000 1 4508.8768
11.3000 1 4037.0176
11.4000 1 6144.65536
11.5000 1 4938.79296
11.6000 1 5557.4528
11.7000 1 5609.8816
11.8000 1 5316.28032
11.9000 1 5788.13952
12.0000 1 4928.3072
12.1000 1 4582.27712
12.2000 1 6637.48608
12.3000 1 4592.76288
12.4000 1 4362.07616
12.5000 1 6259.99872
12.6000 1 4162.84672
12.7000 1 6144.65536
12.8000 1 4991.22176
12.9000 1 4162.84672
13.0000 1 6448.7424
13.1000 1 4005.56032
13.2000 1 5599.39584
13.3000 1 5368.70912
13.4000 1 5064.62208
13.5000 1 6280.97024
13.6000 1 5253.36576
13.7000 1 4739.56352
13.8000 1 6050.28352
13.9000 1 4005.56032
14.0000 1 5022.67904
14.1000 1 6427.77088
14.2000 1 4718.592
14.3000 1 5578.42432
14.4000 1 5924.4544
14.5000 1 4561.3056
14.6000 1 6218.05568
14.7000 1 5096.07936
14.8000 1 4477.41952
14.9000 1 6574.57152
15.0000 1 5714.7392
15.1000 1 4519.36256
15.2000 1 6511.65696
15.3000 1 4750.04928
15.4000 1 5557.4528
15.5000 1 6176.11264
15.6000 1 4886.36416
15.7000 1 4194.304
15.8000 1 6522.14272
15.9000 1 4477.41952
16.0000 1 5735.71072
16.1000 1 5557.4528
16.2000 1 4928.3072
16.3000 1 6270.48448
16.4000 1 5882.51136
16.5000 1 5442.10944
16.6000 1 5431.62368
16.7000 1 6092.22656
16.8000 1 5515.50976
16.9000 1 5599.39584
17.0000 1 6679.42912
17.1000 1 4498.39104
17.2000 1 5085.5936
17.3000 1 5882.51136
17.4000 1 4760.53504
17.5000 1 6155.14112
17.6000 1 5672.79616
17.7000 1 5494.53824
17.8000 1 5525.99552
17.9000 1 6721.37216
18.0000 1 5242.88
18.1000 1 4812.96384
18.2000 1 6595.54304
18.3000 1 5588.91008
18.4000 1 5567.93856
18.5000 1 6490.68544
18.6000 1 4424.99072
18.7000 1 5295.3088
18.8000 1 6134.1696
18.9000 1 4938.79296
19.0000 1 5599.39584
19.1000 1 6637.48608
19.2000 1 5536.48128
19.3000 1 4603.24864
19.4000 1 5966.39744
19.5000 1 4099.93216
19.6000 1 6081.7408
19.7000 1 4970.25024
19.8000 1 4603.24864
19.9000 1 6731.85792
20.0000 1 5242.88
20.1000 1 5599.39584
20.2000 1 6280.97024
20.3000 1 4928.3072
20.4000 1 5347.7376
20.5000 1 6375.34208
20.6000 1 5473.56672
20.7000 1 4550.81984
20.8000 1 6228.54144
20.9000 1 4372.56192
21.0000 1 4466.93376
21.1000 1 5714.7392
21.2000 1 4383.04768
21.3000 1 6280.97024
21.4000 1 5337.25184
21.5000 1 5033.1648
21.6000 1 6658.4576
21.7000 1 4561.3056
21.8000 1 5630.85312
21.9000 1 6081.7408
22.0000 1 5106.56512
22.1000 1 4141.8752
22.2000 1 6794.77248
22.3000 1 4529.84832
22.4000 1 5127.53664
22.5000 1 5924.4544
22.6000 1 4362.07616
22.7000 1 6459.22816
22.8000 1 4791.99232
22.9000 1 4225.76128
23.0000 1 6029.312
23.1000 1 5001.70752
23.2000 1 5054.13632
23.3000 1 5945.42592
23.4000 1 5536.48128
23.5000 1 5211.42272
23.6000 1 6480.19968
23.7000 1 4812.96384
23.8000 1 5494.53824
23.9000 1 6092.22656
24.0000 1 5494.53824
24.1000 1 5683.28192
24.2000 1 6564.08576
24.3000 1 5630.85312
24.4000 1 4812.96384
24.5000 1 6427.77088
24.6000 1 4603.24864
24.7000 1 5169.47968
24.8000 1 6616.51456
24.9000 1 5368.70912
25.0000 1 4404.0192
25.1000 1 6595.54304
25.2000 1 6291.456
25.3000 1 4456.448
25.4000 1 6857.68704
25.5000 1 4928.3072
25.6000 1 6060.76928
25.7000 1 6585.05728
25.8000 1 4110.41792
25.9000 1 4288.67584
26.0000 1 5536.48128
26.1000 1 4393.53344
26.2000 1 6784.28672
26.3000 1 6102.71232
26.4000 1 4582.27712
26.5000 1 6060.76928
26.6000 1 6752.82944
26.7000 1 5295.3088
26.8000 1 5892.99712
26.9000 1 6050.28352
27.0000 1 5221.90848
27.1000 1 6050.28352
27.2000 1 6228.54144
27.3000 1 5284.82304
27.4000 1 5326.76608
27.5000 1 6490.68544
27.6000 1 5410.65216
27.7000 1 4603.24864
27.8000 1 6721.37216
27.9000 1 7004.48768
28.0000 1 5106.56512
28.1000 1 4970.25024
28.2000 1 6406.79936
28.3000 1 5693.76768
28.4000 1 4980.736
28.5000 1 6742.34368
28.6000 1 5400.1664
28.7000 1 6406.79936
28.8000 1 5861.53984
28.9000 1 5515.50976
29.0000 1 4519.36256
29.1000 1 5924.4544
29.2000 1 4634.70592
29.3000 1 4708.10624
29.4000 1 6448.7424
29.5000 1 4120.90368
29.6000 1 5924.4544
29.7000 1 5274.33728
29.8000 1 4330.61888
29.9000 1 6144.65536
30.0000 1 5106.56512
30.1000 1 5190.4512
30.2000 1 6752.82944
30.3000 1 5400.1664
30.4000 1 4750.04928
30.5000 1 6501.1712
30.6000 1 4445.96224
30.7000 1 4729.07776
30.8000 1 5567.93856
30.9000 1 5138.0224
31.0000 1 6050.28352
31.1000 1 5431.62368
31.2000 1 5012.19328
31.3000 1 6312.42752
31.4000 1 6102.71232
31.5000 1 4603.24864
31.6000 1 6039.79776
31.7000 1 6134.1696
31.8000 1 4844.42112
31.9000 1 5756.68224
32.0000 1 4907.33568
32.1000 1 4865.39264
32.2000 1 6805.25824
32.3000 1 5358.22336
32.4000 1 5421.13792
32.5000 1 6092.22656
32.6000 1 6218.05568
32.7000 1 4676.64896
32.8000 1 5830.08256
32.9000 1 5117.05088
33.0000 1 5127.53664
33.1000 1 6312.42752
33.2000 1 4760.53504
33.3000 1 5641.33888
33.4000 1 6501.1712
33.5000 1 4823.4496
33.6000 1 4771.0208
33.7000 1 6899.63008
33.8000 1 4970.25024
33.9000 1 4320.13312
34.0000 1 6176.11264
34.1000 1 5242.88
34.2000 1 4645.19168
34.3000 1 6595.54304
34.4000 1 5148.50816
34.5000 1 5452.5952
34.6000 1 6773.80096
34.7000 1 5546.96704
34.8000 1 4624.22016
34.9000 1 6480.19968
35.0000 1 5809.11104
35.1000 1 5075.10784
35.2000 1 7025.4592
35.3000 1 6218.05568
35.4000 1 5410.65216
35.5000 1 6385.82784
35.6000 1 6270.48448
35.7000 1 5054.13632
35.8000 1 5242.88
35.9000 1 6647.97184
36.0000 1 5001.70752
36.1000 1 5316.28032
36.2000 1 5945.42592
36.3000 1 5945.42592
36.4000 1 5096.07936
36.5000 1 6689.91488
36.6000 1 5001.70752
36.7000 1 4435.47648
36.8000 1 7329.54624
36.9000 1 6228.54144
37.0000 1 5064.62208
37.1000 1 6008.34048
37.2000 1 6375.34208
37.3000 1 6039.79776
37.4000 1 4120.90368
37.5000 1 7245.66016
37.6000 1 5253.36576
37.7000 1 4330.61888
37.8000 1 7340.032
37.9000 1 5735.71072
38.0000 1 4477.41952
38.1000 1 6511.65696
38.2000 1 6008.34048
38.3000 1 5200.93696
38.4000 1 6144.65536
38.5000 1 6050.28352
38.6000 1 5022.67904
38.7000 1 5651.82464
38.8000 1 6417.28512
38.9000 1 4466.93376
39.0000 1 5892.99712
39.1000 1 5609.8816
39.2000 1 4865.39264
39.3000 1 6322.91328
39.4000 1 6092.22656
39.5000 1 4299.1616
39.6000 1 5892.99712
39.7000 1 5557.4528
39.8000 1 4278.19008
39.9000 1 7298.08896
40.0000 1 5840.56832
40.1000 1 5263.85152
40.2000 1 5651.82464
40.3000 1 5756.68224
40.4000 1 5840.56832
40.5000 1 5326.76608
40.6000 1 7686.06208
40.7000 1 5683.28192
40.8000 1 4404.0192
40.9000 1 7161.77408
41.0000 1 5735.71072
41.1000 1 5263.85152
41.2000 1 5746.19648
41.3000 1 5756.68224
41.4000 1 5263.85152
41.5000 1 5725.22496
41.6000 1 6543.11424
41.7000 1 5840.56832
41.8000 1 5777.65376
41.9000 1 6973.0304
42.0000 1 5494.53824
42.1000 1 5463.08096
42.2000 1 5798.62528
42.3000 1 5851.05408
42.4000 1 4582.27712
42.5000 1 6197.08416
42.6000 1 4550.81984
42.7000 1 4194.304
42.8000 1 6637.48608
42.9000 1 5200.93696
43.0000 1 5169.47968
43.1000 1 6627.00032
43.2000 1 5536.48128
43.3000 1 4729.07776
43.4000 1 6679.42912
43.5000 1 5096.07936
43.6000 1 4320.13312
43.7000 1 6637.48608
43.8000 1 5054.13632
43.9000 1 5054.13632
44.0000 1 5557.4528
44.1000 1 4477.41952
44.2000 1 6752.82944
44.3000 1 4666.1632
44.4000 1 3638.55872
44.5000 1 6176.11264
44.6000 1 4991.22176
44.7000 1 5536.48128
44.8000 1 5567.93856
44.9000 1 4676.64896
45.0000 1 6480.19968
45.1000 1 4980.736
45.2000 1 4854.90688
45.3000 1 6826.22976
45.4000 1 5431.62368
45.5000 1 4718.592
45.6000 1 6700.40064
45.7000 1 5075.10784
45.8000 1 5525.99552
45.9000 1 6186.5984
46.0000 1 5337.25184
46.1000 1 5379.19488
46.2000 1 6039.79776
46.3000 1 6218.05568
46.4000 1 5546.96704
46.5000 1 5012.19328
46.6000 1 6826.22976
46.7000 1 4676.64896
46.8000 1 5368.70912
46.9000 1 6322.91328
47.0000 1 5274.33728
47.1000 1 5557.4528
47.2000 1 6742.34368
47.3000 1 5505.024
47.4000 1 4582.27712
47.5000 1 6668.94336
47.6000 1 4676.64896
47.7000 1 5232.39424
47.8000 1 6008.34048
47.9000 1 4089.4464
48.0000 1 6102.71232
48.1000 1 4204.78976
48.2000 1 5012.19328
48.3000 1 6763.3152
48.4000 1 5431.62368
48.5000 1 5421.13792
48.6000 1 6658.4576
48.7000 1 4760.53504
48.8000 1 5358.22336
48.9000 1 6469.71392
49.0000 1 5463.08096
49.1000 1 5389.68064
49.2000 1 6081.7408
49.3000 1 5242.88
49.4000 1 5096.07936
49.5000 1 5976.8832
49.6000 1 4991.22176
49.7000 1 5211.42272
49.8000 1 6616.51456
49.9000 1 5232.39424
50.0000 1 4456.448
50.1000 1 6459.22816
50.2000 1 4424.99072
50.3000 1 4928.3072
50.4000 1 5767.168
50.5000 1 5012.19328
50.6000 1 5966.39744
50.7000 1 4708.10624
50.8000 1 4456.448
50.9000 1 6637.48608
51.0000 1 4833.93536
51.1000 1 4529.84832
51.2000 1 6197.08416
51.3000 1 4970.25024
51.4000 1 5442.10944
51.5000 1 5630.85312
51.6000 1 5368.70912
51.7000 1 5788.13952
51.8000 1 6197.08416
51.9000 1 4666.1632
52.0000 1 5913.96864
52.1000 1 5494.53824
52.2000 1 5253.36576
52.3000 1 5997.85472
52.4000 1 5431.62368
52.5000 1 4487.90528
52.6000 1 6039.79776
52.7000 1 4970.25024
52.8000 1 5379.19488
52.9000 1 6689.91488
53.0000 1 4697.62048
53.1000 1 5138.0224
53.2000 1 6574.57152
53.3000 1 4592.76288
53.4000 1 5064.62208
53.5000 1 6280.97024
53.6000 1 5546.96704
53.7000 1 4550.81984
53.8000 1 6574.57152
53.9000 1 4383.04768
54.0000 1 5714.7392
54.1000 1 5788.13952
54.2000 1 4676.64896
54.3000 1 6291.456
54.4000 1 4854.90688
54.5000 1 5368.70912
54.6000 1 6522.14272
54.7000 1 5735.71072
54.8000 1 5431.62368
54.9000 1 5599.39584
55.0000 1 6710.8864
55.1000 1 5494.53824
55.2000 1 5389.68064
55.3000 1 6627.00032
55.4000 1 5473.56672
55.5000 1 4372.56192
55.6000 1 5997.85472
55.7000 1 4959.76448
55.8000 1 5221.90848
55.9000 1 5588.91008
56.0000 1 5452.5952
56.1000 1 5714.7392
56.2000 1 5599.39584
56.3000 1 4540.33408
56.4000 1 6417.28512
56.5000 1 5064.62208
56.6000 1 5431.62368
56.7000 1 6427.77088
56.8000 1 4896.84992
56.9000 1 4959.76448
57.0000 1 6595.54304
57.1000 1 4571.79136
57.2000 1 5368.70912
57.3000 1 6207.56992
57.4000 1 5389.68064
57.5000 1 4592.76288
57.6000 1 6270.48448
57.7000 1 4875.8784
57.8000 1 4938.79296
57.9000 1 6270.48448
58.0000 1 5389.68064
58.1000 1 5085.5936
58.2000 1 6752.82944
58.3000 1 4592.76288
58.4000 1 5442.10944
58.5000 1 6375.34208
58.6000 1 4362.07616
58.7000 1 6008.34048
58.8000 1 5987.36896
58.9000 1 5043.65056
59.0000 1 5725.22496
59.1000 1 6522.14272
59.2000 1 4582.27712
59.3000 1 5641.33888
59.4000 1 6396.3136
59.5000 1 4508.8768
59.6000 1 5840.56832
59.7000 1 4404.0192
59.8000 1 5033.1648
59.9000 1 6427.77088
60.0000 1 5463.08096
60.1000 1 5505.024
60.2000 1 6627.00032
60.3000 1 4592.76288
60.4000 1 4068.47488
60.5000 1 6123.68384
60.6000 1 4110.41792
60.7000 1 6123.68384
60.8000 1 5085.5936
60.9000 1 4592.76288
61.0000 1 6731.85792
61.1000 1 5085.5936
61.2000 1 5368.70912
61.3000 1 6627.00032
61.4000 1 5567.93856
61.5000 1 5505.024
61.6000 1 5735.71072
61.7000 1 6312.42752
61.8000 1 4750.04928
61.9000 1 5683.28192
62.0000 1 5148.50816
62.1000 1 4991.22176
62.2000 1 6616.51456
62.3000 1 5641.33888
62.4000 1 5484.05248
62.5000 1 5641.33888
62.6000 1 5924.4544
62.7000 1 5620.36736
62.8000 1 5305.79456
62.9000 1 6815.744
63.0000 1 5484.05248
63.1000 1 4603.24864
63.2000 1 6574.57152
63.3000 1 4362.07616
63.4000 1 5546.96704
63.5000 1 4938.79296
63.6000 1 4991.22176
63.7000 1 6448.7424
63.8000 1 4624.22016
63.9000 1 5127.53664
64.0000 1 6008.34048
64.1000 1 4477.41952
64.2000 1 5211.42272
64.3000 1 6102.71232
64.4000 1 4854.90688
64.5000 1 5788.13952
64.6000 1 5588.91008
64.7000 1 5505.024
64.8000 1 5641.33888
64.9000 1 6312.42752
65.0000 1 5022.67904
65.1000 1 5431.62368
65.2000 1 5714.7392
65.3000 1 5064.62208
65.4000 1 5987.36896
65.5000 1 5924.4544
65.6000 1 5557.4528
65.7000 1 5284.82304
65.8000 1 6008.34048
65.9000 1 5064.62208
66.0000 1 5672.79616
66.1000 1 6396.3136
66.2000 1 5546.96704
66.3000 1 4844.42112
66.4000 1 6207.56992
66.5000 1 4204.78976
66.6000 1 6060.76928
66.7000 1 4991.22176
66.8000 1 5494.53824
66.9000 1 6564.08576
67.0000 1 4760.53504
67.1000 1 5578.42432
67.2000 1 6092.22656
67.3000 1 4592.76288
67.4000 1 5431.62368
67.5000 1 6763.3152
67.6000 1 5484.05248
67.7000 1 5546.96704
67.8000 1 6008.34048
67.9000 1 5505.024
68.0000 1 4938.79296
68.1000 1 6301.94176
68.2000 1 5588.91008
68.3000 1 5463.08096
68.4000 1 5704.25344
68.5000 1 5515.50976
68.6000 1 4896.84992
68.7000 1 6249.51296
68.8000 1 4529.84832
68.9000 1 4634.70592
69.0000 1 6585.05728
69.1000 1 4938.79296
69.2000 1 4970.25024
69.3000 1 6658.4576
69.4000 1 5546.96704
69.5000 1 5421.13792
69.6000 1 6721.37216
69.7000 1 5389.68064
69.8000 1 4729.07776
69.9000 1 6731.85792
70.0000 1 4655.67744
70.1000 1 4907.33568
70.2000 1 6543.11424
70.3000 1 5484.05248
70.4000 1 5358.22336
70.5000 1 6647.97184
70.6000 1 5505.024
70.7000 1 4456.448
70.8000 1 6689.91488
70.9000 1 4697.62048
71.0000 1 5033.1648
71.1000 1 5997.85472
71.2000 1 4141.8752
71.3000 1 5368.70912
71.4000 1 5913.96864
71.5000 1 5536.48128
71.6000 1 5515.50976
71.7000 1 6700.40064
71.8000 1 5557.4528
71.9000 1 5400.1664
72.0000 1 6679.42912
72.1000 1 5421.13792
72.2000 1 4645.19168
72.3000 1 6627.00032
72.4000 1 5200.93696
72.5000 1 4194.304
72.6000 1 6763.3152
72.7000 1 5284.82304
72.8000 1 5232.39424
72.9000 1 6847.20128
73.0000 1 4561.3056
73.1000 1 5190.4512
73.2000 1 6259.99872
73.3000 1 5578.42432
73.4000 1 4676.64896
73.5000 1 6239.0272
73.6000 1 4561.3056
73.7000 1 5494.53824
73.8000 1 5819.5968
73.9000 1 4162.84672
74.0000 1 6186.5984
74.1000 1 4016.04608
74.2000 1 4970.25024
74.3000 1 6018.82624
74.4000 1 5410.65216
74.5000 1 5295.3088
74.6000 1 6239.0272
74.7000 1 5242.88
74.8000 1 5326.76608
74.9000 1 6144.65536
75.0000 1 4047.50336
75.1000 1 6092.22656
75.2000 1 4928.3072
75.3000 1 5232.39424
75.4000 1 6679.42912
75.5000 1 5505.024
75.6000 1 5546.96704
75.7000 1 6092.22656
75.8000 1 6081.7408
75.9000 1 5494.53824
76.0000 1 5567.93856
76.1000 1 6144.65536
76.2000 1 4225.76128
76.3000 1 5955.91168
76.4000 1 4498.39104
76.5000 1 4865.39264
76.6000 1 6647.97184
76.7000 1 4362.07616
76.8000 1 4781.50656
76.9000 1 5326.76608
77.0000 1 4917.82144
77.1000 1 6197.08416
77.2000 1 5389.68064
77.3000 1 5515.50976
77.4000 1 6176.11264
77.5000 1 5924.4544
77.6000 1 4697.62048
77.7000 1 6155.14112
77.8000 1 5200.93696
77.9000 1 5295.3088
78.0000 1 6186.5984
78.1000 1 4760.53504
78.2000 1 5211.42272
78.3000 1 6406.79936
78.4000 1 5578.42432
78.5000 1 5305.79456
78.6000 1 6249.51296
78.7000 1 5473.56672
78.8000 1 5693.76768
78.9000 1 5672.79616
79.0000 1 6480.19968
79.1000 1 5410.65216
79.2000 1 5546.96704
79.3000 1 6627.00032
79.4000 1 5379.19488
79.5000 1 5599.39584
79.6000 1 6773.80096
79.7000 1 4949.27872
79.8000 1 4718.592
79.9000 1 6501.1712
80.0000 1 5588.91008
80.1000 1 5253.36576
80.2000 1 6658.4576
80.3000 1 4844.42112
80.4000 1 4928.3072
80.5000 1 6595.54304
80.6000 1 5431.62368
80.7000 1 5494.53824
80.8000 1 6186.5984
80.9000 1 6102.71232
81.0000 1 5274.33728
81.1000 1 5442.10944
81.2000 1 6427.77088
81.3000 1 4865.39264
81.4000 1 5473.56672
81.5000 1 6092.22656
81.6000 1 4991.22176
81.7000 1 5662.3104
81.8000 1 6459.22816
81.9000 1 5421.13792
82.0000 1 4896.84992
82.1000 1 6239.0272
82.2000 1 4938.79296
82.3000 1 5546.96704
82.4000 1 5179.96544
82.5000 1 5546.96704
82.6000 1 6092.22656
82.7000 1 5305.79456
82.8000 1 4613.7344
82.9000 1 6113.19808
83.0000 1 5316.28032
83.1000 1 5389.68064
83.2000 1 6763.3152
83.3000 1 5368.70912
83.4000 1 5421.13792
83.5000 1 5966.39744
83.6000 1 5735.71072
83.7000 1 4078.96064
83.8000 1 6186.5984
83.9000 1 5494.53824
84.0000 1 5452.5952
84.1000 1 6480.19968
84.2000 1 5211.42272
84.3000 1 5578.42432
84.4000 1 6008.34048
84.5000 1 6102.71232
84.6000 1 5525.99552
84.7000 1 5368.70912
84.8000 1 6689.91488
84.9000 1 5368.70912
85.0000 1 5379.19488
85.1000 1 6731.85792
85.2000 1 5242.88
85.3000 1 4687.13472
85.4000 1 6868.1728
85.5000 1 4194.304
85.6000 1 4823.4496
85.7000 1 6102.71232
85.8000 1 5368.70912
85.9000 1 5494.53824
86.0000 1 6700.40064
86.1000 1 5704.25344
86.2000 1 5368.70912
86.3000 1 6794.77248
86.4000 1 5578.42432
86.5000 1 5211.42272
86.6000 1 6301.94176
86.7000 1 5777.65376
86.8000 1 5525.99552
86.9000 1 5505.024
87.0000 1 6731.85792
87.1000 1 4383.04768
87.2000 1 5609.8816
87.3000 1 5725.22496
87.4000 1 5284.82304
87.5000 1 5756.68224
87.6000 1 6123.68384
87.7000 1 4823.4496
87.8000 1 5819.5968
87.9000 1 5746.19648
88.0000 1 5221.90848
88.1000 1 5788.13952
88.2000 1 6333.39904
88.3000 1 4645.19168
88.4000 1 5767.168
88.5000 1 5473.56672
88.6000 1 4980.736
88.7000 1 6312.42752
88.8000 1 5599.39584
88.9000 1 4938.79296
89.0000 1 6228.54144
89.1000 1 5368.70912
89.2000 1 5442.10944
89.3000 1 5934.94016
89.4000 1 5096.07936
89.5000 1 4498.39104
89.6000 1 6291.456
89.7000 1 5452.5952
89.8000 1 5326.76608
89.9000 1 6427.77088
90.0000 1 4592.76288
90.1000 1 5662.3104
90.2000 1 5976.8832
90.3000 1 5127.53664
90.4000 1 5546.96704
90.5000 1 6553.6
90.6000 1 4907.33568
90.7000 1 5200.93696
90.8000 1 6459.22816
90.9000 1 5001.70752
91.0000 1 5484.05248
91.1000 1 6207.56992
91.2000 1 4917.82144
91.3000 1 5410.65216
91.4000 1 5987.36896
91.5000 1 5567.93856
91.6000 1 4645.19168
91.7000 1 6333.39904
91.8000 1 5221.90848
91.9000 1 5368.70912
92.0000 1 6700.40064
92.1000 1 4718.592
92.2000 1 5284.82304
92.3000 1 6815.744
92.4000 1 5515.50976
92.5000 1 5494.53824
92.6000 1 6480.19968
92.7000 1 5096.07936
92.8000 1 5012.19328
92.9000 1 6553.6
93.0000 1 5190.4512
93.1000 1 5421.13792
93.2000 1 6239.0272
93.3000 1 5913.96864
93.4000 1 4487.90528
93.5000 1 6301.94176
93.6000 1 4959.76448
93.7000 1 5567.93856
93.8000 1 6270.48448
93.9000 1 4624.22016
94.0000 1 5033.1648
94.1000 1 6343.8848
94.2000 1 4970.25024
94.3000 1 5295.3088
94.4000 1 6417.28512
94.5000 1 5463.08096
94.6000 1 5431.62368
94.7000 1 6658.4576
94.8000 1 5693.76768
94.9000 1 4529.84832
95.0000 1 6543.11424
95.1000 1 5263.85152
95.2000 1 4026.53184
95.3000 1 5955.91168
95.4000 1 4959.76448
95.5000 1 5588.91008
95.6000 1 6606.0288
95.7000 1 4645.19168
95.8000 1 5253.36576
95.9000 1 6710.8864
96.0000 1 5473.56672
96.1000 1 5546.96704
96.2000 1 6731.85792
96.3000 1 5368.70912
96.4000 1 5431.62368
96.5000 1 6228.54144
96.6000 1 5861.53984
96.7000 1 4435.47648
96.8000 1 6469.71392
96.9000 1 5064.62208
97.0000 1 4886.36416
97.1000 1 6123.68384
97.2000 1 5536.48128
97.3000 1 5012.19328
97.4000 1 6239.0272
97.5000 1 4938.79296
97.6000 1 5054.13632
97.7000 1 6742.34368
97.8000 1 5567.93856
97.9000 1 5316.28032
98.0000 1 6532.62848
98.1000 1 5924.4544
98.2000 1 4466.93376
98.3000 1 6354.37056
98.4000 1 5494.53824
98.5000 1 4991.22176
98.6000 1 6249.51296
98.7000 1 5085.5936
98.8000 1 4099.93216
98.9000 1 6018.82624
99.0000 1 5284.82304
99.1000 1 5389.68064
99.2000 1 6679.42912
99.3000 1 4980.736
99.4000 1 5400.1664
99.5000 1 6008.34048
99.6000 1 5368.70912
99.7000 1 4540.33408
99.8000 1 6826.22976
99.9000 1 4844.42112
100.0000 1 5096.07936
100.1000 1 6826.22976
100.2000 1 5442.10944
100.3000 1 5442.10944
100.4000 1 6668.94336
100.5000 1 5452.5952
100.6000 1 5536.48128
100.7000 1 6301.94176
100.8000 1 5075.10784
100.9000 1 5221.90848
101.0000 1 6438.25664
101.1000 1 5431.62368
101.2000 1 5190.4512
101.3000 1 6155.14112
101.4000 1 6092.22656
101.5000 1 5599.39584
101.6000 1 5054.13632
101.7000 1 6270.48448
101.8000 1 5515.50976
101.9000 1 5106.56512
102.0000 1 6532.62848
102.1000 1 5358.22336
102.2000 1 5253.36576
102.3000 1 6721.37216
102.4000 1 4582.27712
102.5000 1 4907.33568
102.6000 1 6511.65696
102.7000 1 5599.39584
102.8000 1 5431.62368
102.9000 1 6658.4576
103.0000 1 5651.82464
103.1000 1 4907.33568
103.2000 1 6826.22976
103.3000 1 5138.0224
103.4000 1 5389.68064
103.5000 1 6490.68544
103.6000 1 5683.28192
103.7000 1 4833.93536
103.8000 1 6239.0272
103.9000 1 5326.76608
104.0000 1 5463.08096
104.1000 1 5966.39744
104.2000 1 6218.05568
104.3000 1 4729.07776
104.4000 1 5819.5968
104.5000 1 5567.93856
104.6000 1 5379.19488
104.7000 1 5809.11104
104.8000 1 6165.62688
104.9000 1 5505.024
105.0000 1 5484.05248
105.1000 1 6627.00032
105.2000 1 5442.10944
105.3000 1 5410.65216
105.4000 1 6564.08576
105.5000 1 5651.82464
105.6000 1 4603.24864
105.7000 1 6018.82624
105.8000 1 5064.62208
105.9000 1 5525.99552
106.0000 1 6627.00032
106.1000 1 5274.33728
106.2000 1 5075.10784
106.3000 1 6270.48448
106.4000 1 5127.53664
106.5000 1 4676.64896
106.6000 1 6176.11264
106.7000 1 4959.76448
106.8000 1 5588.91008
106.9000 1 6658.4576
107.0000 1 5431.62368
107.1000 1 5452.5952
107.2000 1 6710.8864
107.3000 1 5421.13792
107.4000 1 5054.13632
107.5000 1 6280.97024
107.6000 1 5337.25184
107.7000 1 5263.85152
107.8000 1 6438.25664
107.9000 1 5389.68064
108.0000 1 5473.56672
108.1000 1 5913.96864
108.2000 1 6343.8848
108.3000 1 5546.96704
108.4000 1 5536.48128
108.5000 1 6689.91488
108.6000 1 4655.67744
108.7000 1 4949.27872
108.8000 1 6301.94176
108.9000 1 5609.8816
109.0000 1 5578.42432
109.1000 1 6647.97184
109.2000 1 5463.08096
109.3000 1 5463.08096
109.4000 1 6459.22816
109.5000 1 4865.39264
109.6000 1 5179.96544
109.7000 1 6018.82624
109.8000 1 5232.39424
109.9000 1 5284.82304
110.0000 1 6784.28672
110.1000 1 4791.99232
110.2000 1 5347.7376
110.3000 1 5861.53984
110.4000 1 4383.04768
110.5000 1 5001.70752
110.6000 1 5033.1648
110.7000 1 4141.8752
110.8000 1 5641.33888
110.9000 1 5421.13792
111.0000 1 5075.10784
111.1000 1 6375.34208
111.2000 1 5179.96544
111.3000 1 5054.13632
111.4000 1 5798.62528
111.5000 1 5358.22336
111.6000 1 5609.8816
111.7000 1 6585.05728
111.8000 1 5389.68064
111.9000 1 5022.67904
112.0000 1 6794.77248
112.1000 1 5106.56512
112.2000 1 5494.53824
112.3000 1 6805.25824
112.4000 1 5295.3088
112.5000 1 5609.8816
112.6000 1 6553.6
112.7000 1 5997.85472
112.8000 1 5892.99712
112.9000 1 5609.8816
113.0000 1 6763.3152
113.1000 1 5620.36736
113.2000 1 4456.448
113.3000 1 6039.79776
113.4000 1 5043.65056
113.5000 1 4802.47808
113.6000 1 6532.62848
113.7000 1 5274.33728
113.8000 1 4970.25024
113.9000 1 6595.54304
114.0000 1 5683.28192
114.1000 1 5033.1648
114.2000 1 6815.744
114.3000 1 5599.39584
114.4000 1 5326.76608
114.5000 1 6826.22976
114.6000 1 5421.13792
114.7000 1 4550.81984
114.8000 1 5263.85152
114.9000 1 4991.22176
115.0000 1 4854.90688
115.1000 1 5337.25184
115.2000 1 5263.85152
115.3000 1 6291.456
115.4000 1 5861.53984
115.5000 1 5567.93856
115.6000 1 5368.70912
115.7000 1 6763.3152
115.8000 1 5421.13792
115.9000 1 5525.99552
116.0000 1 6710.8864
116.1000 1 5274.33728
116.2000 1 5557.4528
116.3000 1 6511.65696
116.4000 1 5075.10784
116.5000 1 5085.5936
116.6000 1 6427.77088
116.7000 1 4550.81984
116.8000 1 4896.84992
116.9000 1 6490.68544
117.0000 1 5274.33728
117.1000 1 4802.47808
117.2000 1 6606.0288
117.3000 1 5630.85312
117.4000 1 5253.36576
117.5000 1 6144.65536
117.6000 1 5400.1664
117.7000 1 5567.93856
117.8000 1 6511.65696
117.9000 1 4854.90688
118.0000 1 5379.19488
118.1000 1 6616.51456
118.2000 1 5494.53824
118.3000 1 5505.024
118.4000 1 5746.19648
118.5000 1 6438.25664
118.6000 1 5588.91008
118.7000 1 5515.50976
118.8000 1 6647.97184
118.9000 1 5546.96704
119.0000 1 5505.024
119.1000 1 6333.39904
119.2000 1 4949.27872
119.3000 1 4928.3072
119.4000 1 5651.82464
119.5000 1 4351.5904
119.6000 1 5588.91008
119.7000 1 5347.7376
119.8000 1 4236.24704
119.9000 1 6239.0272
120.0000 1 4802.47808
120.1000 1 5473.56672
120.2000 1 5819.5968
120.3000 1 4739.56352
120.4000 1 5148.50816
120.5000 1 6385.82784
120.6000 1 6008.34048
120.7000 1 6123.68384
120.8000 1 6710.8864
120.9000 1 6081.7408
121.0000 1 6060.76928
121.1000 1 4771.0208
121.2000 1 5861.53984
121.3000 1 5211.42272
121.4000 1 5525.99552
121.5000 1 7308.57472
121.6000 1 5085.5936
121.7000 1 5221.90848
121.8000 1 7298.08896
121.9000 1 5662.3104
122.0000 1 5987.36896
122.1000 1 5473.56672
122.2000 1 5913.96864
122.3000 1 5515.50976
122.4000 1 5903.48288
122.5000 1 7056.91648
122.6000 1 5295.3088
122.7000 1 4037.0176
122.8000 1 5473.56672
122.9000 1 5431.62368
123.0000 1 5431.62368
123.1000 1 6752.82944
123.2000 1 5546.96704
123.3000 1 5442.10944
123.4000 1 6689.91488
123.5000 1 5347.7376
123.6000 1 5001.70752
123.7000 1 6375.34208
123.8000 1 5148.50816
123.9000 1 5337.25184
124.0000 1 6071.25504
124.1000 1 5054.13632
124.2000 1 5473.56672
124.3000 1 6742.34368
124.4000 1 5484.05248
124.5000 1 5525.99552
124.6000 1 6134.1696
124.7000 1 6270.48448
124.8000 1 5305.79456
124.9000 1 5557.4528
125.0000 1 6721.37216
125.1000 1 4991.22176
125.2000 1 4949.27872
125.3000 1 6522.14272
125.4000 1 5452.5952
125.5000 1 5358.22336
125.6000 1 6218.05568
125.7000 1 5484.05248
125.8000 1 5368.70912
125.9000 1 6280.97024
126.0000 1 5410.65216
126.1000 1 5463.08096
126.2000 1 6689.91488
126.3000 1 5484.05248
126.4000 1 5630.85312
126.5000 1 5651.82464
126.6000 1 6165.62688
126.7000 1 5578.42432
126.8000 1 5546.96704
126.9000 1 6679.42912
127.0000 1 5609.8816
127.1000 1 5295.3088
127.2000 1 6731.85792
127.3000 1 5620.36736
127.4000 1 5515.50976
127.5000 1 5945.42592
127.6000 1 6280.97024
127.7000 1 5599.39584
127.8000 1 5263.85152
127.9000 1 6543.11424
128.0000 1 5525.99552
128.1000 1 5400.1664
128.2000 1 6207.56992
128.3000 1 5515.50976
128.4000 1 5683.28192
128.5000 1 6197.08416
128.6000 1 5085.5936
128.7000 1 5599.39584
128.8000 1 6396.3136
128.9000 1 5651.82464
129.0000 1 5494.53824
129.1000 1 5683.28192
129.2000 1 6469.71392
129.3000 1 5452.5952
129.4000 1 5242.88
129.5000 1 6826.22976
129.6000 1 5494.53824
129.7000 1 5001.70752
129.8000 1 6417.28512
129.9000 1 5389.68064
130.0000 1 5588.91008
130.1000 1 6301.94176
130.2000 1 5704.25344
130.3000 1 5840.56832
130.4000 1 5672.79616
130.5000 1 6931.08736
130.6000 1 5630.85312
130.7000 1 5672.79616
130.8000 1 6941.57312
130.9000 1 5169.47968
131.0000 1 5232.39424
131.1000 1 6354.37056
131.2000 1 6312.42752
131.3000 1 5672.79616
131.4000 1 5463.08096
131.5000 1 6920.6016
131.6000 1 5557.4528
131.7000 1 5075.10784
131.8000 1 6606.0288
131.9000 1 5515.50976
132.0000 1 5410.65216
132.1000 1 6134.1696
132.2000 1 6123.68384
132.3000 1 5253.36576
132.4000 1 5263.85152
132.5000 1 6574.57152
132.6000 1 5515.50976
132.7000 1 5599.39584
132.8000 1 6815.744
132.9000 1 5672.79616
133.0000 1 5421.13792
133.1000 1 6364.85632
133.2000 1 5882.51136
133.3000 1 5672.79616
133.4000 1 5389.68064
133.5000 1 6627.00032
133.6000 1 5442.10944
133.7000 1 5452.5952
133.8000 1 6763.3152
133.9000 1 5473.56672
134.0000 1 5379.19488
134.1000 1 6375.34208
134.2000 1 5536.48128
134.3000 1 5284.82304
134.4000 1 6092.22656
134.5000 1 5672.79616
134.6000 1 5683.28192
134.7000 1 5389.68064
134.8000 1 6710.8864
134.9000 1 5525.99552
135.0000 1 5630.85312
135.1000 1 6773.80096
135.2000 1 5578.42432
135.3000 1 5609.8816
135.4000 1 6060.76928
135.5000 1 6322.91328
135.6000 1 5546.96704
135.7000 1 5546.96704
135.8000 1 6627.00032
135.9000 1 5431.62368
136.0000 1 5588.91008
136.1000 1 6501.1712
136.2000 1 5672.79616
136.3000 1 5536.48128
136.4000 1 5861.53984
136.5000 1 6322.91328
136.6000 1 5442.10944
136.7000 1 5641.33888
136.8000 1 6710.8864
136.9000 1 5211.42272
137.0000 1 5704.25344
137.1000 1 6543.11424
137.2000 1 5400.1664
137.3000 1 5588.91008
137.4000 1 6092.22656
137.5000 1 6050.28352
137.6000 1 5484.05248
137.7000 1 5609.8816
137.8000 1 6501.1712
137.9000 1 5641.33888
138.0000 1 5379.19488
138.1000 1 6522.14272
138.2000 1 5505.024
138.3000 1 5410.65216
138.4000 1 6490.68544
138.5000 1 5798.62528
138.6000 1 5242.88
138.7000 1 5725.22496
138.8000 1 6448.7424
138.9000 1 5022.67904
139.0000 1 5463.08096
139.1000 1 6752.82944
139.2000 1 5305.79456
139.3000 1 5484.05248
139.4000 1 6731.85792
139.5000 1 5379.19488
139.6000 1 5431.62368
139.7000 1 6532.62848
139.8000 1 5389.68064
139.9000 1 5452.5952
140.0000 1 5955.91168
140.1000 1 6144.65536
140.2000 1 5567.93856
140.3000 1 5588.91008
140.4000 1 6763.3152
140.5000 1 5473.56672
140.6000 1 5400.1664
140.7000 1 6826.22976
140.8000 1 5473.56672
140.9000 1 5567.93856
141.0000 1 5861.53984
141.1000 1 6385.82784
141.2000 1 5620.36736
141.3000 1 5557.4528
141.4000 1 6564.08576
141.5000 1 5578.42432
141.6000 1 5484.05248
141.7000 1 6700.40064
141.8000 1 5410.65216
141.9000 1 5410.65216
142.0000 1 5934.94016
142.1000 1 6050.28352
142.2000 1 5421.13792
142.3000 1 5473.56672
142.4000 1 6815.744
142.5000 1 5578.42432
142.6000 1 5379.19488
142.7000 1 6868.1728
142.8000 1 5274.33728
142.9000 1 5536.48128
143.0000 1 6259.99872
143.1000 1 5788.13952
143.2000 1 5463.08096
143.3000 1 5557.4528
143.4000 1 6249.51296
143.5000 1 5054.13632
143.6000 1 5515.50976
143.7000 1 6731.85792
143.8000 1 5358.22336
143.9000 1 5557.4528
144.0000 1 6689.91488
144.1000 1 5578.42432
144.2000 1 5651.82464
144.3000 1 6134.1696
144.4000 1 5809.11104
144.5000 1 5421.13792
144.6000 1 5578.42432
144.7000 1 6574.57152
144.8000 1 5295.3088
144.9000 1 5557.4528
145.0000 1 6679.42912
145.1000 1 5064.62208
145.2000 1 5075.10784
145.3000 1 6585.05728
145.4000 1 5599.39584
145.5000 1 5389.68064
145.6000 1 6689.91488
145.7000 1 5494.53824
145.8000 1 5484.05248
145.9000 1 5903.48288
146.0000 1 6490.68544
146.1000 1 5505.024
146.2000 1 5515.50976
146.3000 1 6763.3152
146.4000 1 5442.10944
146.5000 1 5546.96704
146.6000 1 6543.11424
146.7000 1 5463.08096
146.8000 1 4907.33568
146.9000 1 6385.82784
147.0000 1 5452.5952
147.1000 1 5525.99552
147.2000 1 5735.71072
147.3000 1 6522.14272
147.4000 1 5368.70912
147.5000 1 5567.93856
147.6000 1 6700.40064
147.7000 1 5064.62208
147.8000 1 5148.50816
147.9000 1 6679.42912
148.0000 1 5473.56672
148.1000 1 5431.62368
148.2000 1 6752.82944
148.3000 1 5410.65216
148.4000 1 5599.39584
148.5000 1 5746.19648
148.6000 1 6385.82784
148.7000 1 5683.28192
148.8000 1 5316.28032
148.9000 1 6406.79936
149.0000 1 5588.91008
149.1000 1 5221.90848
149.2000 1 6092.22656
149.3000 1 5557.4528
149.4000 1 5599.39584
149.5000 1 6113.19808
149.6000 1 0.0
