0.1000 1 0.0
0.2000 1 6186.5984
0.3000 1 5179.96544
0.4000 1 5400.1664
0.5000 1 7612.66176
0.6000 1 6710.8864
0.7000 1 4278.19008
0.8000 1 5767.168
0.9000 1 5305.79456
1.0000 1 5138.0224
1.1000 1 6270.48448
1.2000 1 4634.70592
1.3000 1 4645.19168
1.4000 1 6826.22976
1.5000 1 5463.08096
1.6000 1 5326.76608
1.7000 1 6522.14272
1.8000 1 5211.42272
1.9000 1 4131.38944
2.0000 1 5882.51136
2.1000 1 4057.98912
2.2000 1 5756.68224
2.3000 1 5588.91008
2.4000 1 5473.56672
2.5000 1 5662.3104
2.6000 1 6081.7408
2.7000 1 4529.84832
2.8000 1 6071.25504
2.9000 1 6532.62848
3.0000 1 4833.93536
3.1000 1 5389.68064
3.2000 1 5179.96544
3.3000 1 4246.7328
3.4000 1 7256.14592
3.5000 1 5096.07936
3.6000 1 4571.79136
3.7000 1 7067.40224
3.8000 1 5777.65376
3.9000 1 5022.67904
4.0000 1 5840.56832
4.1000 1 5326.76608
4.2000 1 4341.10464
4.3000 1 5809.11104
4.4000 1 4131.38944
4.5000 1 5557.4528
4.6000 1 6060.76928
4.7000 1 5903.48288
4.8000 1 6239.0272
4.9000 1 5882.51136
5.0000 1 5316.28032
5.1000 1 4676.64896
5.2000 1 7707.0336
5.3000 1 6417.28512
5.4000 1 4875.8784
5.5000 1 5431.62368
5.6000 1 5200.93696
5.7000 1 5463.08096
5.8000 1 6480.19968
5.9000 1 7885.29152
6.0000 1 4917.82144
6.1000 1 5693.76768
6.2000 1 6102.71232
6.3000 1 5892.99712
6.4000 1 4571.79136
6.5000 1 5861.53984
6.6000 1 5221.90848
6.7000 1 5253.36576
6.8000 1 6553.6
6.9000 1 6343.8848
7.0000 1 6018.82624
7.1000 1 5851.05408
7.2000 1 6406.79936
7.3000 1 5588.91008
7.4000 1 5945.42592
7.5000 1 5662.3104
7.6000 1 5515.50976
7.7000 1 4781.50656
7.8000 1 6385.82784
7.9000 1 4812.96384
8.0000 1 5127.53664
8.1000 1 6826.22976
8.2000 1 5788.13952
8.3000 1 5148.50816
8.4000 1 5683.28192
8.5000 1 7371.48928
8.6000 1 4362.07616
8.7000 1 4938.79296
8.8000 1 6647.97184
8.9000 1 4917.82144
9.0000 1 5221.90848
9.1000 1 6291.456
9.2000 1 4781.50656
9.3000 1 5620.36736
9.4000 1 5284.82304
9.5000 1 4383.04768
9.6000 1 6941.57312
9.7000 1 5484.05248
9.8000 1 5379.19488
9.9000 1 5997.85472
10.0000 1 5672.79616
10.1000 1 4424.99072
10.2000 1 6312.42752
10.3000 1 5305.79456
10.4000 1 4561.3056
10.5000 1 7109.34528
10.6000 1 4592.76288
10.7000 1 3827.3024
10.8000 1 5851.05408
10.9000 1 4781.50656
11.0000 1 5924.4544
11.1000 1 5358.22336
11.2000 1 4729.07776
11.3000 1 6794.77248
11.4000 1 6784.28672
11.5000 1 5505.024
11.6000 1 5358.22336
11.7000 1 7381.97504
11.8000 1 5567.93856
11.9000 1 4383.04768
12.0000 1 6595.54304
12.1000 1 4781.50656
12.2000 1 4257.21856
12.3000 1 5798.62528
12.4000 1 4645.19168
12.5000 1 5767.168
12.6000 1 5630.85312
12.7000 1 5064.62208
12.8000 1 6501.1712
12.9000 1 6459.22816
13.0000 1 5421.13792
13.1000 1 6176.11264
13.2000 1 6333.39904
13.3000 1 5158.99392
13.4000 1 4812.96384
13.5000 1 6763.3152
13.6000 1 5253.36576
13.7000 1 6438.25664
13.8000 1 4991.22176
13.9000 1 6668.94336
14.0000 1 5106.56512
14.1000 1 5368.70912
14.2000 1 7843.34848
14.3000 1 6396.3136
14.4000 1 5347.7376
14.5000 1 5704.25344
14.6000 1 7728.00512
14.7000 1 5505.024
14.8000 1 5525.99552
14.9000 1 5672.79616
15.0000 1 7937.72032
15.1000 1 5410.65216
15.2000 1 4823.4496
15.3000 1 5903.48288
15.4000 1 5316.28032
15.5000 1 6595.54304
15.6000 1 5830.08256
15.7000 1 4739.56352
15.8000 1 5001.70752
15.9000 1 6994.00192
16.0000 1 7098.85952
16.1000 1 5934.94016
16.2000 1 4802.47808
16.3000 1 7277.11744
16.4000 1 6081.7408
16.5000 1 5704.25344
16.6000 1 6553.6
16.7000 1 5913.96864
16.8000 1 4907.33568
16.9000 1 4917.82144
17.0000 1 6742.34368
17.1000 1 5358.22336
17.2000 1 5096.07936
17.3000 1 5872.0256
17.4000 1 4938.79296
17.5000 1 4760.53504
17.6000 1 6826.22976
17.7000 1 4959.76448
17.8000 1 5777.65376
17.9000 1 7497.3184
18.0000 1 4781.50656
18.1000 1 4120.90368
18.2000 1 6847.20128
18.3000 1 5085.5936
18.4000 1 6029.312
18.5000 1 6385.82784
18.6000 1 5295.3088
18.7000 1 4896.84992
18.8000 1 6805.25824
18.9000 1 5505.024
19.0000 1 4760.53504
19.1000 1 5913.96864
19.2000 1 5158.99392
19.3000 1 5515.50976
19.4000 1 6647.97184
19.5000 1 7004.48768
19.6000 1 4928.3072
19.7000 1 4844.42112
19.8000 1 5148.50816
19.9000 1 4278.19008
20.0000 1 6008.34048
20.1000 1 4267.70432
20.2000 1 5316.28032
20.3000 1 6522.14272
20.4000 1 5588.91008
20.5000 1 4634.70592
20.6000 1 7602.176
20.7000 1 5316.28032
20.8000 1 4561.3056
20.9000 1 6071.25504
21.0000 1 5211.42272
21.1000 1 5851.05408
21.2000 1 6721.37216
21.3000 1 6469.71392
21.4000 1 6018.82624
21.5000 1 4760.53504
21.6000 1 7035.94496
21.7000 1 4802.47808
21.8000 1 4812.96384
21.9000 1 7790.91968
22.0000 1 5630.85312
22.1000 1 4634.70592
22.2000 1 6301.94176
22.3000 1 5096.07936
22.4000 1 4435.47648
22.5000 1 7790.91968
22.6000 1 5022.67904
22.7000 1 4844.42112
22.8000 1 6910.11584
22.9000 1 6396.3136
23.0000 1 5494.53824
23.1000 1 5452.5952
23.2000 1 7895.77728
23.3000 1 5588.91008
23.4000 1 4529.84832
23.5000 1 6627.00032
23.6000 1 7151.28832
23.7000 1 5127.53664
23.8000 1 4466.93376
23.9000 1 6574.57152
24.0000 1 4928.3072
24.1000 1 5473.56672
24.2000 1 7822.37696
24.3000 1 6543.11424
24.4000 1 5012.19328
24.5000 1 5473.56672
24.6000 1 6742.34368
24.7000 1 5599.39584
24.8000 1 6060.76928
24.9000 1 6029.312
25.0000 1 4068.47488
25.1000 1 5106.56512
25.2000 1 6396.3136
25.3000 1 6218.05568
25.4000 1 4760.53504
25.5000 1 6710.8864
25.6000 1 5200.93696
25.7000 1 4435.47648
25.8000 1 7612.66176
25.9000 1 5148.50816
26.0000 1 4351.5904
26.1000 1 7350.51776
26.2000 1 5987.36896
26.3000 1 5934.94016
26.4000 1 5190.4512
26.5000 1 6553.6
26.6000 1 4655.67744
26.7000 1 5305.79456
26.8000 1 6333.39904
26.9000 1 5221.90848
27.0000 1 5200.93696
27.1000 1 7109.34528
27.2000 1 5295.3088
27.3000 1 4508.8768
27.4000 1 5872.0256
27.5000 1 4886.36416
27.6000 1 5767.168
27.7000 1 7088.37376
27.8000 1 6239.0272
27.9000 1 4634.70592
28.0000 1 7046.43072
28.1000 1 4791.99232
28.2000 1 4110.41792
28.3000 1 7025.4592
28.4000 1 5127.53664
28.5000 1 5389.68064
28.6000 1 6700.40064
28.7000 1 4760.53504
28.8000 1 5242.88
28.9000 1 7151.28832
29.0000 1 5861.53984
29.1000 1 5463.08096
29.2000 1 5431.62368
29.3000 1 5211.42272
29.4000 1 4215.27552
29.5000 1 5945.42592
29.6000 1 5463.08096
29.7000 1 5662.3104
29.8000 1 6952.05888
29.9000 1 5651.82464
30.0000 1 5525.99552
30.1000 1 5567.93856
30.2000 1 7266.63168
30.3000 1 4812.96384
30.4000 1 4624.22016
30.5000 1 6427.77088
30.6000 1 6501.1712
30.7000 1 5463.08096
30.8000 1 6815.744
30.9000 1 6606.0288
31.0000 1 4844.42112
31.1000 1 5295.3088
31.2000 1 5431.62368
31.3000 1 5326.76608
31.4000 1 6459.22816
31.5000 1 7623.14752
31.6000 1 5651.82464
31.7000 1 5903.48288
31.8000 1 5609.8816
31.9000 1 8063.54944
32.0000 1 5106.56512
32.1000 1 4896.84992
32.2000 1 6050.28352
32.3000 1 5421.13792
32.4000 1 5536.48128
32.5000 1 5882.51136
32.6000 1 4666.1632
32.7000 1 4750.04928
32.8000 1 7780.43392
32.9000 1 5484.05248
33.0000 1 5452.5952
33.1000 1 6427.77088
33.2000 1 5798.62528
33.3000 1 4246.7328
33.4000 1 5882.51136
33.5000 1 5200.93696
33.6000 1 5588.91008
33.7000 1 6385.82784
33.8000 1 7077.888
33.9000 1 5054.13632
34.0000 1 5033.1648
34.1000 1 6375.34208
34.2000 1 5431.62368
34.3000 1 6134.1696
34.4000 1 6731.85792
34.5000 1 5620.36736
34.6000 1 6385.82784
34.7000 1 4802.47808
34.8000 1 6312.42752
34.9000 1 5756.68224
35.0000 1 6123.68384
35.1000 1 5976.8832
35.2000 1 4645.19168
35.3000 1 4519.36256
35.4000 1 7077.888
35.5000 1 4477.41952
35.6000 1 5190.4512
35.7000 1 5295.3088
35.8000 1 5211.42272
35.9000 1 6207.56992
36.0000 1 5767.168
36.1000 1 5536.48128
36.2000 1 6364.85632
36.3000 1 6543.11424
36.4000 1 5263.85152
36.5000 1 4875.8784
36.6000 1 5788.13952
36.7000 1 3827.3024
36.8000 1 5830.08256
36.9000 1 4362.07616
37.0000 1 4791.99232
37.1000 1 7350.51776
37.2000 1 5662.3104
37.3000 1 5809.11104
37.4000 1 5955.91168
37.5000 1 6637.48608
37.6000 1 4959.76448
37.7000 1 5138.0224
37.8000 1 5641.33888
37.9000 1 6375.34208
38.0000 1 4739.56352
38.1000 1 7004.48768
38.2000 1 4781.50656
38.3000 1 4970.25024
38.4000 1 5588.91008
38.5000 1 5022.67904
38.6000 1 6301.94176
38.7000 1 7329.54624
38.8000 1 5127.53664
38.9000 1 5945.42592
39.0000 1 6417.28512
39.1000 1 5389.68064
39.2000 1 5284.82304
39.3000 1 6228.54144
39.4000 1 6920.6016
39.5000 1 5138.0224
39.6000 1 4697.62048
39.7000 1 5704.25344
39.8000 1 4183.81824
39.9000 1 6218.05568
40.0000 1 4183.81824
40.1000 1 4823.4496
40.2000 1 6857.68704
40.3000 1 4624.22016
40.4000 1 5253.36576
40.5000 1 5767.168
40.6000 1 5253.36576
40.7000 1 5725.22496
40.8000 1 6165.62688
40.9000 1 4865.39264
41.0000 1 5725.22496
41.1000 1 6008.34048
41.2000 1 5232.39424
41.3000 1 5505.024
41.4000 1 7203.71712
41.5000 1 4844.42112
41.6000 1 4708.10624
41.7000 1 7434.40384
41.8000 1 5819.5968
41.9000 1 4812.96384
42.0000 1 6826.22976
42.1000 1 5735.71072
42.2000 1 5421.13792
42.3000 1 5788.13952
42.4000 1 7549.7472
42.5000 1 5211.42272
42.6000 1 3984.5888
42.7000 1 6878.65856
42.8000 1 4896.84992
42.9000 1 4970.25024
43.0000 1 5505.024
43.1000 1 6113.19808
43.2000 1 5358.22336
43.3000 1 7895.77728
43.4000 1 5337.25184
43.5000 1 4980.736
43.6000 1 6679.42912
43.7000 1 4739.56352
43.8000 1 4414.50496
43.9000 1 7602.176
44.0000 1 5798.62528
44.1000 1 5316.28032
44.2000 1 5662.3104
44.3000 1 6532.62848
44.4000 1 5410.65216
44.5000 1 5557.4528
44.6000 1 7602.176
44.7000 1 5536.48128
44.8000 1 4781.50656
44.9000 1 6417.28512
45.0000 1 6406.79936
45.1000 1 4938.79296
45.2000 1 5400.1664
45.3000 1 7098.85952
45.4000 1 4477.41952
45.5000 1 5148.50816
45.6000 1 6868.1728
45.7000 1 5463.08096
45.8000 1 4771.0208
45.9000 1 7224.68864
46.0000 1 5211.42272
46.1000 1 5788.13952
46.2000 1 6343.8848
46.3000 1 5725.22496
46.4000 1 5221.90848
46.5000 1 5924.4544
46.6000 1 6511.65696
46.7000 1 5431.62368
46.8000 1 4791.99232
46.9000 1 5735.71072
47.0000 1 5211.42272
47.1000 1 5809.11104
47.2000 1 4970.25024
47.3000 1 4750.04928
47.4000 1 7025.4592
47.5000 1 6658.4576
47.6000 1 4949.27872
47.7000 1 5148.50816
47.8000 1 4561.3056
47.9000 1 4781.50656
48.0000 1 7413.43232
48.1000 1 5200.93696
48.2000 1 4781.50656
48.3000 1 6773.80096
48.4000 1 6239.0272
48.5000 1 4865.39264
48.6000 1 5651.82464
48.7000 1 6564.08576
48.8000 1 6490.68544
48.9000 1 5022.67904
49.0000 1 5913.96864
49.1000 1 4257.21856
49.2000 1 5106.56512
49.3000 1 5043.65056
49.4000 1 3984.5888
49.5000 1 7329.54624
49.6000 1 5431.62368
49.7000 1 4760.53504
49.8000 1 7088.37376
49.9000 1 5630.85312
50.0000 1 4362.07616
50.1000 1 6763.3152
50.2000 1 6039.79776
50.3000 1 6249.51296
50.4000 1 5525.99552
50.5000 1 6752.82944
50.6000 1 6176.11264
50.7000 1 5337.25184
50.8000 1 5809.11104
50.9000 1 6050.28352
51.0000 1 5054.13632
51.1000 1 5651.82464
51.2000 1 6973.0304
51.3000 1 4875.8784
51.4000 1 4959.76448
51.5000 1 7948.20608
51.6000 1 5179.96544
51.7000 1 4928.3072
51.8000 1 6375.34208
51.9000 1 5337.25184
52.0000 1 4330.61888
52.1000 1 5872.0256
52.2000 1 4718.592
52.3000 1 6039.79776
52.4000 1 7518.28992
52.5000 1 6102.71232
52.6000 1 6144.65536
52.7000 1 4760.53504
52.8000 1 6815.744
52.9000 1 5379.19488
53.0000 1 4938.79296
53.1000 1 6427.77088
53.2000 1 4687.13472
53.3000 1 5284.82304
53.4000 1 7497.3184
53.5000 1 6427.77088
53.6000 1 5410.65216
53.7000 1 5809.11104
53.8000 1 7098.85952
53.9000 1 5200.93696
54.0000 1 5379.19488
54.1000 1 7465.86112
54.2000 1 5274.33728
54.3000 1 5536.48128
54.4000 1 5934.94016
54.5000 1 5725.22496
54.6000 1 4204.78976
54.7000 1 6805.25824
54.8000 1 5158.99392
54.9000 1 4372.56192
55.0000 1 7224.68864
55.1000 1 4424.99072
55.2000 1 5358.22336
55.3000 1 6815.744
55.4000 1 5588.91008
55.5000 1 5746.19648
55.6000 1 5609.8816
55.7000 1 7214.20288
55.8000 1 5515.50976
55.9000 1 5620.36736
56.0000 1 5997.85472
56.1000 1 6490.68544
56.2000 1 5400.1664
56.3000 1 5620.36736
56.4000 1 5861.53984
56.5000 1 4771.0208
56.6000 1 6134.1696
56.7000 1 7266.63168
56.8000 1 5253.36576
56.9000 1 6354.37056
57.0000 1 6280.97024
57.1000 1 6511.65696
57.2000 1 5421.13792
57.3000 1 4865.39264
57.4000 1 7790.91968
57.5000 1 5452.5952
57.6000 1 5704.25344
57.7000 1 6123.68384
57.8000 1 5117.05088
57.9000 1 4351.5904
58.0000 1 6983.51616
58.1000 1 4561.3056
58.2000 1 4162.84672
58.3000 1 7612.66176
58.4000 1 5158.99392
58.5000 1 5190.4512
58.6000 1 6438.25664
58.7000 1 6364.85632
58.8000 1 5746.19648
58.9000 1 5337.25184
59.0000 1 5515.50976
59.1000 1 4708.10624
59.2000 1 6060.76928
59.3000 1 4917.82144
59.4000 1 4697.62048
59.5000 1 5861.53984
59.6000 1 4729.07776
59.7000 1 5641.33888
59.8000 1 7780.43392
59.9000 1 6259.99872
60.0000 1 4949.27872
60.1000 1 6459.22816
60.2000 1 7119.83104
60.3000 1 6448.7424
60.4000 1 4718.592
60.5000 1 6155.14112
60.6000 1 7266.63168
60.7000 1 5913.96864
60.8000 1 5368.70912
60.9000 1 6522.14272
61.0000 1 4729.07776
61.1000 1 5892.99712
61.2000 1 6249.51296
61.3000 1 6553.6
61.4000 1 4550.81984
61.5000 1 5662.3104
61.6000 1 7130.3168
61.7000 1 5242.88
61.8000 1 5284.82304
61.9000 1 7203.71712
62.0000 1 4320.13312
62.1000 1 4498.39104
62.2000 1 7277.11744
62.3000 1 4592.76288
62.4000 1 5043.65056
62.5000 1 6710.8864
62.6000 1 5442.10944
62.7000 1 5798.62528
62.8000 1 6794.77248
62.9000 1 6511.65696
63.0000 1 5284.82304
63.1000 1 5976.8832
63.2000 1 7350.51776
63.3000 1 4991.22176
63.4000 1 6050.28352
63.5000 1 5714.7392
63.6000 1 5767.168
63.7000 1 5096.07936
63.8000 1 5913.96864
63.9000 1 5358.22336
64.0000 1 4833.93536
64.1000 1 6427.77088
64.2000 1 6847.20128
64.3000 1 4771.0208
64.4000 1 5913.96864
64.5000 1 7266.63168
64.6000 1 5232.39424
64.7000 1 4225.76128
64.8000 1 6543.11424
64.9000 1 5148.50816
65.0000 1 4760.53504
65.1000 1 7329.54624
65.2000 1 5473.56672
65.3000 1 5295.3088
65.4000 1 6637.48608
65.5000 1 6270.48448
65.6000 1 5043.65056
65.7000 1 5431.62368
65.8000 1 7161.77408
65.9000 1 5966.39744
66.0000 1 5693.76768
66.1000 1 5997.85472
66.2000 1 5578.42432
66.3000 1 5934.94016
66.4000 1 6060.76928
66.5000 1 6364.85632
66.6000 1 5001.70752
66.7000 1 4750.04928
66.8000 1 6270.48448
66.9000 1 6092.22656
67.0000 1 6144.65536
67.1000 1 6553.6
67.2000 1 5054.13632
67.3000 1 5075.10784
67.4000 1 6763.3152
67.5000 1 4194.304
67.6000 1 4204.78976
67.7000 1 5609.8816
67.8000 1 4330.61888
67.9000 1 6805.25824
68.0000 1 5421.13792
68.1000 1 4844.42112
68.2000 1 6469.71392
68.3000 1 6689.91488
68.4000 1 5892.99712
68.5000 1 5903.48288
68.6000 1 6647.97184
68.7000 1 6270.48448
68.8000 1 5158.99392
68.9000 1 5337.25184
69.0000 1 7486.83264
69.1000 1 5200.93696
69.2000 1 4928.3072
69.3000 1 7455.37536
69.4000 1 5945.42592
69.5000 1 5966.39744
69.6000 1 6123.68384
69.7000 1 7119.83104
69.8000 1 6176.11264
69.9000 1 5274.33728
70.0000 1 6113.19808
70.1000 1 6081.7408
70.2000 1 5232.39424
70.3000 1 5536.48128
70.4000 1 7413.43232
70.5000 1 5788.13952
70.6000 1 4875.8784
70.7000 1 6155.14112
70.8000 1 6553.6
70.9000 1 6050.28352
71.0000 1 4697.62048
71.1000 1 6868.1728
71.2000 1 5525.99552
71.3000 1 4959.76448
71.4000 1 7214.20288
71.5000 1 5096.07936
71.6000 1 5494.53824
71.7000 1 6165.62688
71.8000 1 6763.3152
71.9000 1 5158.99392
72.0000 1 5987.36896
72.1000 1 6134.1696
72.2000 1 6029.312
72.3000 1 5872.0256
72.4000 1 6039.79776
72.5000 1 7340.032
72.6000 1 5075.10784
72.7000 1 5851.05408
72.8000 1 6511.65696
72.9000 1 5525.99552
73.0000 1 6008.34048
73.1000 1 5725.22496
73.2000 1 7119.83104
73.3000 1 5620.36736
73.4000 1 4844.42112
73.5000 1 6385.82784
73.6000 1 5882.51136
73.7000 1 5987.36896
73.8000 1 5777.65376
73.9000 1 5525.99552
74.0000 1 4938.79296
74.1000 1 6333.39904
74.2000 1 6092.22656
74.3000 1 5054.13632
74.4000 1 5620.36736
74.5000 1 6689.91488
74.6000 1 5903.48288
74.7000 1 5672.79616
74.8000 1 6836.71552
74.9000 1 6081.7408
75.0000 1 4330.61888
75.1000 1 5882.51136
75.2000 1 3848.27392
75.3000 1 4970.25024
75.4000 1 4634.70592
75.5000 1 4215.27552
75.6000 1 6574.57152
75.7000 1 6018.82624
75.8000 1 5788.13952
75.9000 1 6249.51296
76.0000 1 7182.7456
76.1000 1 5630.85312
76.2000 1 6123.68384
76.3000 1 6197.08416
76.4000 1 6857.68704
76.5000 1 6102.71232
76.6000 1 5505.024
76.7000 1 6689.91488
76.8000 1 5756.68224
76.9000 1 6018.82624
77.0000 1 5473.56672
77.1000 1 7035.94496
77.2000 1 5966.39744
77.3000 1 5976.8832
77.4000 1 5662.3104
77.5000 1 7402.94656
77.6000 1 5662.3104
77.7000 1 6050.28352
77.8000 1 6050.28352
77.9000 1 7214.20288
78.0000 1 5892.99712
78.1000 1 5851.05408
78.2000 1 6155.14112
78.3000 1 6018.82624
78.4000 1 4435.47648
78.5000 1 6312.42752
78.6000 1 5725.22496
78.7000 1 5903.48288
78.8000 1 5955.91168
78.9000 1 7109.34528
79.0000 1 6060.76928
79.1000 1 6081.7408
79.2000 1 5767.168
79.3000 1 7444.8896
79.4000 1 5976.8832
79.5000 1 4812.96384
79.6000 1 6134.1696
79.7000 1 6585.05728
79.8000 1 5064.62208
79.9000 1 6144.65536
80.0000 1 6417.28512
80.1000 1 3827.3024
80.2000 1 5494.53824
80.3000 1 5347.7376
80.4000 1 5934.94016
80.5000 1 5473.56672
80.6000 1 5588.91008
80.7000 1 5851.05408
80.8000 1 6113.19808
80.9000 1 6606.0288
81.0000 1 6815.744
81.1000 1 5872.0256
81.2000 1 5043.65056
81.3000 1 5924.4544
81.4000 1 5976.8832
81.5000 1 5987.36896
81.6000 1 6228.54144
81.7000 1 4886.36416
81.8000 1 5725.22496
81.9000 1 7140.80256
82.0000 1 5054.13632
82.1000 1 4802.47808
82.2000 1 6637.48608
82.3000 1 4949.27872
82.4000 1 6008.34048
82.5000 1 6050.28352
82.6000 1 6280.97024
82.7000 1 6113.19808
82.8000 1 5913.96864
82.9000 1 6815.744
83.0000 1 6469.71392
83.1000 1 5966.39744
83.2000 1 4729.07776
83.3000 1 7392.4608
83.4000 1 5127.53664
83.5000 1 4791.99232
83.6000 1 7266.63168
83.7000 1 6092.22656
83.8000 1 5903.48288
83.9000 1 4928.3072
84.0000 1 7182.7456
84.1000 1 5525.99552
84.2000 1 4875.8784
84.3000 1 7088.37376
84.4000 1 6239.0272
84.5000 1 5242.88
84.6000 1 5934.94016
84.7000 1 5672.79616
84.8000 1 5725.22496
84.9000 1 5546.96704
85.0000 1 7256.14592
85.1000 1 5976.8832
85.2000 1 6165.62688
85.3000 1 5588.91008
85.4000 1 7130.3168
85.5000 1 5525.99552
85.6000 1 5704.25344
85.7000 1 6773.80096
85.8000 1 6480.19968
85.9000 1 5882.51136
86.0000 1 5934.94016
86.1000 1 6826.22976
86.2000 1 6270.48448
86.3000 1 5955.91168
86.4000 1 5809.11104
86.5000 1 7098.85952
86.6000 1 6102.71232
86.7000 1 5012.19328
86.8000 1 5746.19648
86.9000 1 7371.48928
87.0000 1 5882.51136
87.1000 1 6134.1696
87.2000 1 5777.65376
87.3000 1 7350.51776
87.4000 1 6134.1696
87.5000 1 6060.76928
87.6000 1 5463.08096
87.7000 1 6574.57152
87.8000 1 5662.3104
87.9000 1 4561.3056
88.0000 1 7119.83104
88.1000 1 5777.65376
88.2000 1 6060.76928
88.3000 1 5976.8832
88.4000 1 7109.34528
88.5000 1 6144.65536
88.6000 1 5830.08256
88.7000 1 6197.08416
88.8000 1 6553.6
88.9000 1 6134.1696
89.0000 1 5767.168
89.1000 1 6564.08576
89.2000 1 6616.51456
89.3000 1 5777.65376
89.4000 1 5903.48288
89.5000 1 6773.80096
89.6000 1 5851.05408
89.7000 1 5976.8832
89.8000 1 5819.5968
89.9000 1 5819.5968
90.0000 1 6155.14112
90.1000 1 5651.82464
90.2000 1 6805.25824
90.3000 1 6176.11264
90.4000 1 6176.11264
90.5000 1 5442.10944
90.6000 1 7214.20288
90.7000 1 5400.1664
90.8000 1 3942.64576
90.9000 1 5955.91168
91.0000 1 4645.19168
91.1000 1 5546.96704
91.2000 1 7455.37536
91.3000 1 5987.36896
91.4000 1 5221.90848
91.5000 1 6207.56992
91.6000 1 6501.1712
91.7000 1 4781.50656
91.8000 1 5379.19488
91.9000 1 7098.85952
92.0000 1 6029.312
92.1000 1 5525.99552
92.2000 1 6008.34048
92.3000 1 5452.5952
92.4000 1 6113.19808
92.5000 1 6029.312
92.6000 1 7277.11744
92.7000 1 5809.11104
92.8000 1 5913.96864
92.9000 1 6050.28352
93.0000 1 7392.4608
93.1000 1 5494.53824
93.2000 1 6018.82624
93.3000 1 6060.76928
93.4000 1 6218.05568
93.5000 1 4823.4496
93.6000 1 5819.5968
93.7000 1 7214.20288
93.8000 1 6270.48448
93.9000 1 4928.3072
94.0000 1 6218.05568
94.1000 1 5934.94016
94.2000 1 5945.42592
94.3000 1 5882.51136
94.4000 1 7340.032
94.5000 1 6060.76928
94.6000 1 5809.11104
94.7000 1 5830.08256
94.8000 1 7046.43072
94.9000 1 6144.65536
95.0000 1 5872.0256
95.1000 1 6018.82624
95.2000 1 7235.1744
95.3000 1 5368.70912
95.4000 1 5253.36576
95.5000 1 6878.65856
95.6000 1 6291.456
95.7000 1 5861.53984
95.8000 1 6029.312
95.9000 1 6910.11584
96.0000 1 5987.36896
96.1000 1 6144.65536
96.2000 1 5851.05408
96.3000 1 7172.25984
96.4000 1 6207.56992
96.5000 1 5903.48288
96.6000 1 5756.68224
96.7000 1 7287.6032
96.8000 1 6029.312
96.9000 1 4865.39264
97.0000 1 5851.05408
97.1000 1 6459.22816
97.2000 1 5955.91168
97.3000 1 5557.4528
97.4000 1 7193.23136
97.5000 1 5117.05088
97.6000 1 5284.82304
97.7000 1 5987.36896
97.8000 1 5305.79456
97.9000 1 5903.48288
98.0000 1 5997.85472
98.1000 1 6889.14432
98.2000 1 6176.11264
98.3000 1 6018.82624
98.4000 1 5945.42592
98.5000 1 6962.54464
98.6000 1 6029.312
98.7000 1 5567.93856
98.8000 1 6385.82784
98.9000 1 6668.94336
99.0000 1 6050.28352
99.1000 1 5819.5968
99.2000 1 6333.39904
99.3000 1 4739.56352
99.4000 1 5809.11104
99.5000 1 6574.57152
99.6000 1 5725.22496
99.7000 1 6039.79776
99.8000 1 6008.34048
99.9000 1 7224.68864
100.0000 1 5546.96704
100.1000 1 6259.99872
100.2000 1 5410.65216
100.3000 1 6941.57312
100.4000 1 6123.68384
100.5000 1 5305.79456
100.6000 1 6417.28512
100.7000 1 5934.94016
100.8000 1 6029.312
100.9000 1 5819.5968
101.0000 1 7214.20288
101.1000 1 5735.71072
101.2000 1 6176.11264
101.3000 1 5075.10784
101.4000 1 6176.11264
101.5000 1 5840.56832
101.6000 1 5421.13792
101.7000 1 6941.57312
101.8000 1 5494.53824
101.9000 1 5326.76608
102.0000 1 6689.91488
102.1000 1 5987.36896
102.2000 1 4970.25024
102.3000 1 5662.3104
102.4000 1 7077.888
102.5000 1 6039.79776
102.6000 1 5840.56832
102.7000 1 6322.91328
102.8000 1 6564.08576
102.9000 1 5903.48288
103.0000 1 5546.96704
103.1000 1 7119.83104
103.2000 1 6071.25504
103.3000 1 6102.71232
103.4000 1 4676.64896
103.5000 1 6427.77088
103.6000 1 6721.37216
103.7000 1 5798.62528
103.8000 1 6050.28352
103.9000 1 5431.62368
104.0000 1 5630.85312
104.1000 1 6144.65536
104.2000 1 7361.00352
104.3000 1 5295.3088
104.4000 1 4802.47808
104.5000 1 6910.11584
104.6000 1 5924.4544
104.7000 1 5158.99392
104.8000 1 5934.94016
104.9000 1 5840.56832
105.0000 1 5997.85472
105.1000 1 5096.07936
105.2000 1 6039.79776
105.3000 1 6060.76928
105.4000 1 6291.456
105.5000 1 6459.22816
105.6000 1 6553.6
105.7000 1 5997.85472
105.8000 1 5997.85472
105.9000 1 6794.77248
106.0000 1 6291.456
106.1000 1 6207.56992
106.2000 1 5578.42432
106.3000 1 6878.65856
106.4000 1 6312.42752
106.5000 1 5882.51136
106.6000 1 5452.5952
106.7000 1 6018.82624
106.8000 1 5400.1664
106.9000 1 6071.25504
107.0000 1 6794.77248
107.1000 1 6459.22816
107.2000 1 6029.312
107.3000 1 5966.39744
107.4000 1 6658.4576
107.5000 1 6259.99872
107.6000 1 5934.94016
107.7000 1 5651.82464
107.8000 1 7182.7456
107.9000 1 5735.71072
108.0000 1 5924.4544
108.1000 1 6144.65536
108.2000 1 7161.77408
108.3000 1 5924.4544
108.4000 1 6071.25504
108.5000 1 5756.68224
108.6000 1 7402.94656
108.7000 1 6039.79776
108.8000 1 6060.76928
108.9000 1 5368.70912
109.0000 1 7465.86112
109.1000 1 6029.312
109.2000 1 5284.82304
109.3000 1 6018.82624
109.4000 1 5746.19648
109.5000 1 5913.96864
109.6000 1 5179.96544
109.7000 1 7476.34688
109.8000 1 6060.76928
109.9000 1 5767.168
110.0000 1 5767.168
110.1000 1 7119.83104
110.2000 1 5976.8832
110.3000 1 5851.05408
110.4000 1 6259.99872
110.5000 1 6710.8864
110.6000 1 5955.91168
110.7000 1 5588.91008
110.8000 1 6805.25824
110.9000 1 6270.48448
111.0000 1 5484.05248
111.1000 1 6186.5984
111.2000 1 6752.82944
111.3000 1 4854.90688
111.4000 1 5284.82304
111.5000 1 7161.77408
111.6000 1 5966.39744
111.7000 1 6039.79776
111.8000 1 5767.168
111.9000 1 7350.51776
112.0000 1 5966.39744
112.1000 1 6050.28352
112.2000 1 5746.19648
112.3000 1 7277.11744
112.4000 1 6018.82624
112.5000 1 5756.68224
112.6000 1 6165.62688
112.7000 1 7098.85952
112.8000 1 5567.93856
112.9000 1 6144.65536
113.0000 1 5515.50976
113.1000 1 7088.37376
113.2000 1 5924.4544
113.3000 1 5767.168
113.4000 1 6039.79776
113.5000 1 6270.48448
113.6000 1 4949.27872
113.7000 1 5662.3104
113.8000 1 7549.7472
113.9000 1 5830.08256
114.0000 1 5662.3104
114.1000 1 6092.22656
114.2000 1 7119.83104
114.3000 1 6102.71232
114.4000 1 5882.51136
114.5000 1 6060.76928
114.6000 1 6952.05888
114.7000 1 6050.28352
114.8000 1 5861.53984
114.9000 1 6280.97024
115.0000 1 7235.1744
115.1000 1 5903.48288
115.2000 1 6018.82624
115.3000 1 5987.36896
115.4000 1 7067.40224
115.5000 1 5872.0256
115.6000 1 5442.10944
115.7000 1 6627.00032
115.8000 1 6952.05888
115.9000 1 5536.48128
116.0000 1 6039.79776
116.1000 1 6039.79776
116.2000 1 4896.84992
116.3000 1 6144.65536
116.4000 1 6354.37056
116.5000 1 6868.1728
116.6000 1 4634.70592
116.7000 1 5347.7376
116.8000 1 7088.37376
116.9000 1 5997.85472
117.0000 1 5725.22496
117.1000 1 6092.22656
117.2000 1 5358.22336
117.3000 1 5861.53984
117.4000 1 5788.13952
117.5000 1 6784.28672
117.6000 1 5851.05408
117.7000 1 5746.19648
117.8000 1 6595.54304
117.9000 1 6637.48608
118.0000 1 5777.65376
118.1000 1 5945.42592
118.2000 1 6962.54464
118.3000 1 6459.22816
118.4000 1 5756.68224
118.5000 1 5284.82304
118.6000 1 7046.43072
118.7000 1 5997.85472
118.8000 1 6071.25504
118.9000 1 5400.1664
119.0000 1 7507.80416
119.1000 1 5683.28192
119.2000 1 5819.5968
119.3000 1 6008.34048
119.4000 1 7329.54624
119.5000 1 5505.024
119.6000 1 6165.62688
119.7000 1 6029.312
119.8000 1 6438.25664
119.9000 1 5683.28192
120.0000 1 5358.22336
120.1000 1 6878.65856
120.2000 1 5588.91008
120.3000 1 5421.13792
120.4000 1 6637.48608
120.5000 1 5620.36736
120.6000 1 6081.7408
120.7000 1 5987.36896
120.8000 1 6050.28352
120.9000 1 5987.36896
121.0000 1 5557.4528
121.1000 1 6333.39904
121.2000 1 5892.99712
121.3000 1 5525.99552
121.4000 1 6050.28352
121.5000 1 6973.0304
121.6000 1 5588.91008
121.7000 1 5704.25344
121.8000 1 6322.91328
121.9000 1 7025.4592
122.0000 1 6050.28352
122.1000 1 5819.5968
122.2000 1 6375.34208
122.3000 1 6679.42912
122.4000 1 6186.5984
122.5000 1 5400.1664
122.6000 1 6868.1728
122.7000 1 5945.42592
122.8000 1 6039.79776
122.9000 1 5788.13952
123.0000 1 7056.91648
123.1000 1 5934.94016
123.2000 1 5924.4544
123.3000 1 5200.93696
123.4000 1 7340.032
123.5000 1 4865.39264
123.6000 1 4645.19168
123.7000 1 6952.05888
123.8000 1 5536.48128
123.9000 1 4854.90688
124.0000 1 6920.6016
124.1000 1 5903.48288
124.2000 1 5851.05408
124.3000 1 5872.0256
124.4000 1 7140.80256
124.5000 1 6071.25504
124.6000 1 5934.94016
124.7000 1 5735.71072
124.8000 1 7119.83104
124.9000 1 6186.5984
125.0000 1 5463.08096
125.1000 1 6532.62848
125.2000 1 6836.71552
125.3000 1 5987.36896
125.4000 1 5012.19328
125.5000 1 7277.11744
125.6000 1 6060.76928
125.7000 1 4676.64896
125.8000 1 6029.312
125.9000 1 6553.6
126.0000 1 5840.56832
126.1000 1 5788.13952
126.2000 1 5892.99712
126.3000 1 5389.68064
126.4000 1 6134.1696
126.5000 1 6291.456
126.6000 1 6092.22656
126.7000 1 4991.22176
126.8000 1 5567.93856
126.9000 1 7319.06048
127.0000 1 5651.82464
127.1000 1 5987.36896
127.2000 1 6144.65536
127.3000 1 6973.0304
127.4000 1 6144.65536
127.5000 1 5819.5968
127.6000 1 6228.54144
127.7000 1 6647.97184
127.8000 1 6092.22656
127.9000 1 5599.39584
128.0000 1 6973.0304
128.1000 1 6249.51296
128.2000 1 4823.4496
128.3000 1 5704.25344
128.4000 1 6616.51456
128.5000 1 5819.5968
128.6000 1 5117.05088
128.7000 1 6176.11264
128.8000 1 6102.71232
128.9000 1 5599.39584
129.0000 1 6490.68544
129.1000 1 6354.37056
129.2000 1 5609.8816
129.3000 1 5777.65376
129.4000 1 7224.68864
129.5000 1 5127.53664
129.6000 1 4886.36416
129.7000 1 6931.08736
129.8000 1 6291.456
129.9000 1 5976.8832
130.0000 1 4645.19168
130.1000 1 6280.97024
130.2000 1 5987.36896
130.3000 1 6081.7408
130.4000 1 6050.28352
130.5000 1 5022.67904
130.6000 1 5987.36896
130.7000 1 6092.22656
130.8000 1 7203.71712
130.9000 1 5913.96864
131.0000 1 5725.22496
131.1000 1 5924.4544
131.2000 1 4404.0192
131.3000 1 4540.33408
131.4000 1 5043.65056
131.5000 1 4592.76288
131.6000 1 5892.99712
131.7000 1 4928.3072
131.8000 1 4603.24864
131.9000 1 5725.22496
132.0000 1 4854.90688
132.1000 1 5536.48128
132.2000 1 4938.79296
132.3000 1 4812.96384
132.4000 1 5578.42432
132.5000 1 4760.53504
132.6000 1 5484.05248
132.7000 1 4194.304
132.8000 1 4466.93376
132.9000 1 5452.5952
133.0000 1 4718.592
133.1000 1 5242.88
133.2000 1 4718.592
133.3000 1 4865.39264
133.4000 1 5746.19648
133.5000 1 4771.0208
133.6000 1 5746.19648
133.7000 1 4540.33408
133.8000 1 4613.7344
133.9000 1 6092.22656
134.0000 1 4068.47488
134.1000 1 4865.39264
134.2000 1 4750.04928
134.3000 1 5138.0224
134.4000 1 5515.50976
134.5000 1 4666.1632
134.6000 1 5777.65376
134.7000 1 4771.0208
134.8000 1 4750.04928
134.9000 1 5903.48288
135.0000 1 4886.36416
135.1000 1 5400.1664
135.2000 1 4760.53504
135.3000 1 4603.24864
135.4000 1 5756.68224
135.5000 1 4844.42112
135.6000 1 5525.99552
135.7000 1 5232.39424
135.8000 1 4645.19168
135.9000 1 5892.99712
136.0000 1 4739.56352
136.1000 1 4697.62048
136.2000 1 5966.39744
136.3000 1 4466.93376
136.4000 1 5955.91168
136.5000 1 4729.07776
136.6000 1 4362.07616
136.7000 1 5945.42592
136.8000 1 4613.7344
136.9000 1 4917.82144
137.0000 1 4047.50336
137.1000 1 5096.07936
137.2000 1 5735.71072
137.3000 1 3995.07456
137.4000 1 5043.65056
137.5000 1 4687.13472
137.6000 1 5830.08256
137.7000 1 4236.24704
137.8000 1 4162.84672
137.9000 1 5106.56512
138.0000 1 4865.39264
138.1000 1 5505.024
138.2000 1 3911.18848
138.3000 1 5326.76608
138.4000 1 4844.42112
138.5000 1 4645.19168
138.6000 1 5043.65056
138.7000 1 4068.47488
138.8000 1 5840.56832
138.9000 1 4865.39264
139.0000 1 4634.70592
139.1000 1 4729.07776
139.2000 1 4026.53184
139.3000 1 6071.25504
139.4000 1 4466.93376
139.5000 1 4991.22176
139.6000 1 4183.81824
139.7000 1 5043.65056
139.8000 1 5641.33888
139.9000 1 4141.8752
140.0000 1 4959.76448
140.1000 1 4739.56352
140.2000 1 5525.99552
140.3000 1 4529.84832
140.4000 1 4697.62048
140.5000 1 5861.53984
140.6000 1 4634.70592
140.7000 1 5546.96704
140.8000 1 5253.36576
140.9000 1 4414.50496
141.0000 1 6060.76928
141.1000 1 4393.53344
141.2000 1 4949.27872
141.3000 1 5714.7392
141.4000 1 4267.70432
141.5000 1 4949.27872
141.6000 1 4540.33408
141.7000 1 5588.91008
141.8000 1 4729.07776
141.9000 1 4037.0176
142.0000 1 5148.50816
142.1000 1 4750.04928
142.2000 1 5651.82464
142.3000 1 4508.8768
142.4000 1 4896.84992
142.5000 1 5473.56672
142.6000 1 4183.81824
142.7000 1 4917.82144
142.8000 1 5001.70752
142.9000 1 5578.42432
143.0000 1 4603.24864
143.1000 1 4697.62048
143.2000 1 5672.79616
143.3000 1 3995.07456
143.4000 1 5064.62208
143.5000 1 4949.27872
143.6000 1 4634.70592
143.7000 1 5200.93696
143.8000 1 3953.13152
143.9000 1 5756.68224
144.0000 1 4781.50656
144.1000 1 5358.22336
144.2000 1 5913.96864
144.3000 1 5746.19648
144.4000 1 6092.22656
144.5000 1 7130.3168
144.6000 1 5777.65376
144.7000 1 5955.91168
144.8000 1 4383.04768
