0.1000 1 0.0
0.2000 1 5389.68064
0.3000 1 3449.81504
0.4000 1 6480.19968
0.5000 1 5221.90848
0.6000 1 4236.24704
0.7000 1 6994.00192
0.8000 1 5851.05408
0.9000 1 5054.13632
1.0000 1 7130.3168
1.1000 1 4886.36416
1.2000 1 4687.13472
1.3000 1 7119.83104
1.4000 1 4739.56352
1.5000 1 4466.93376
1.6000 1 6448.7424
1.7000 1 5138.0224
1.8000 1 5683.28192
1.9000 1 6826.22976
2.0000 1 5421.13792
2.1000 1 5075.10784
2.2000 1 6312.42752
2.3000 1 5882.51136
2.4000 1 4928.3072
2.5000 1 6081.7408
2.6000 1 6312.42752
2.7000 1 5494.53824
2.8000 1 4991.22176
2.9000 1 7340.032
3.0000 1 5494.53824
3.1000 1 4655.67744
3.2000 1 5913.96864
3.3000 1 4288.67584
3.4000 1 5536.48128
3.5000 1 3732.93056
3.6000 1 4582.27712
3.7000 1 5536.48128
3.8000 1 4131.38944
3.9000 1 5588.91008
4.0000 1 4194.304
4.1000 1 5641.33888
4.2000 1 4120.90368
4.3000 1 4477.41952
4.4000 1 5505.024
4.5000 1 3753.90208
4.6000 1 5421.13792
4.7000 1 3261.07136
4.8000 1 5767.168
4.9000 1 4865.39264
5.0000 1 4708.10624
5.1000 1 7151.28832
5.2000 1 5473.56672
5.3000 1 5012.19328
5.4000 1 7130.3168
5.5000 1 4875.8784
5.6000 1 4435.47648
5.7000 1 6406.79936
5.8000 1 4393.53344
5.9000 1 5232.39424
6.0000 1 6574.57152
6.1000 1 4949.27872
6.2000 1 5630.85312
6.3000 1 7381.97504
6.4000 1 5442.10944
6.5000 1 5662.3104
6.6000 1 5892.99712
6.7000 1 6826.22976
6.8000 1 5179.96544
6.9000 1 4802.47808
7.0000 1 6574.57152
7.1000 1 4886.36416
7.2000 1 5211.42272
7.3000 1 6018.82624
7.4000 1 4760.53504
7.5000 1 6008.34048
7.6000 1 5421.13792
7.7000 1 4938.79296
7.8000 1 6385.82784
7.9000 1 6186.5984
8.0000 1 5138.0224
8.1000 1 6039.79776
8.2000 1 6920.6016
8.3000 1 4980.736
8.4000 1 5022.67904
8.5000 1 6952.05888
8.6000 1 4802.47808
8.7000 1 4571.79136
8.8000 1 6878.65856
8.9000 1 4676.64896
9.0000 1 4718.592
9.1000 1 7277.11744
9.2000 1 4970.25024
9.3000 1 5326.76608
9.4000 1 6480.19968
9.5000 1 4928.3072
9.6000 1 5788.13952
9.7000 1 6836.71552
9.8000 1 5515.50976
9.9000 1 4729.07776
10.0000 1 6585.05728
10.1000 1 6647.97184
10.2000 1 5075.10784
10.3000 1 5295.3088
10.4000 1 7067.40224
10.5000 1 5756.68224
10.6000 1 5987.36896
10.7000 1 6018.82624
10.8000 1 6532.62848
10.9000 1 5033.1648
11.0000 1 5525.99552
11.1000 1 6375.34208
11.2000 1 4750.04928
11.3000 1 5253.36576
11.4000 1 6427.77088
11.5000 1 4697.62048
11.6000 1 5693.76768
11.7000 1 6773.80096
11.8000 1 5085.5936
11.9000 1 5872.0256
12.0000 1 6490.68544
12.1000 1 4676.64896
12.2000 1 4938.79296
12.3000 1 7035.94496
12.4000 1 4330.61888
12.5000 1 5064.62208
12.6000 1 5976.8832
12.7000 1 4435.47648
12.8000 1 6322.91328
12.9000 1 5001.70752
13.0000 1 5284.82304
13.1000 1 6448.7424
13.2000 1 5630.85312
13.3000 1 4477.41952
13.4000 1 6333.39904
13.5000 1 3753.90208
13.6000 1 4938.79296
13.7000 1 3680.50176
13.8000 1 4655.67744
13.9000 1 4477.41952
14.0000 1 4278.19008
14.1000 1 5421.13792
14.2000 1 4131.38944
14.3000 1 5641.33888
14.4000 1 3323.98592
14.5000 1 5662.3104
14.6000 1 3554.67264
14.7000 1 5368.70912
14.8000 1 5064.62208
14.9000 1 4404.0192
15.0000 1 5976.8832
15.1000 1 4582.27712
15.2000 1 5442.10944
15.3000 1 6627.00032
15.4000 1 5431.62368
15.5000 1 5966.39744
15.6000 1 6396.3136
15.7000 1 5263.85152
15.8000 1 5746.19648
15.9000 1 6092.22656
16.0000 1 6417.28512
16.1000 1 4959.76448
16.2000 1 6092.22656
16.3000 1 6710.8864
16.4000 1 4907.33568
16.5000 1 4540.33408
16.6000 1 6983.51616
16.7000 1 5263.85152
16.8000 1 5945.42592
16.9000 1 6700.40064
17.0000 1 5955.91168
17.1000 1 6060.76928
17.2000 1 4907.33568
17.3000 1 7077.888
17.4000 1 5557.4528
17.5000 1 5735.71072
17.6000 1 6532.62848
17.7000 1 6123.68384
17.8000 1 4949.27872
17.9000 1 5683.28192
18.0000 1 6805.25824
18.1000 1 4613.7344
18.2000 1 5368.70912
18.3000 1 6123.68384
18.4000 1 5326.76608
18.5000 1 5263.85152
18.6000 1 7109.34528
18.7000 1 5505.024
18.8000 1 4645.19168
18.9000 1 7381.97504
19.0000 1 6008.34048
19.1000 1 4938.79296
19.2000 1 6218.05568
19.3000 1 6585.05728
19.4000 1 5169.47968
19.5000 1 5997.85472
19.6000 1 6658.4576
19.7000 1 5043.65056
19.8000 1 5840.56832
19.9000 1 6564.08576
20.0000 1 5096.07936
20.1000 1 5305.79456
20.2000 1 6354.37056
20.3000 1 4991.22176
20.4000 1 4592.76288
20.5000 1 6805.25824
20.6000 1 5767.168
20.7000 1 4980.736
20.8000 1 6396.3136
20.9000 1 4655.67744
21.0000 1 4655.67744
21.1000 1 7402.94656
21.2000 1 5179.96544
21.3000 1 5389.68064
21.4000 1 6144.65536
21.5000 1 5389.68064
21.6000 1 4802.47808
21.7000 1 6564.08576
21.8000 1 5830.08256
21.9000 1 4812.96384
22.0000 1 6155.14112
22.1000 1 5861.53984
22.2000 1 4865.39264
22.3000 1 6050.28352
22.4000 1 6962.54464
22.5000 1 4781.50656
22.6000 1 4980.736
22.7000 1 6312.42752
22.8000 1 5536.48128
22.9000 1 5379.19488
23.0000 1 6637.48608
23.1000 1 5284.82304
23.2000 1 5242.88
23.3000 1 6931.08736
23.4000 1 5117.05088
23.5000 1 5358.22336
23.6000 1 6385.82784
23.7000 1 4718.592
23.8000 1 4729.07776
23.9000 1 6448.7424
24.0000 1 5001.70752
24.1000 1 6071.25504
24.2000 1 6826.22976
24.3000 1 4624.22016
24.4000 1 4540.33408
24.5000 1 6805.25824
24.6000 1 5263.85152
24.7000 1 4687.13472
24.8000 1 7203.71712
24.9000 1 5127.53664
25.0000 1 5567.93856
25.1000 1 6438.25664
25.2000 1 4414.50496
25.3000 1 5305.79456
25.4000 1 6637.48608
25.5000 1 5242.88
25.6000 1 6081.7408
25.7000 1 5809.11104
25.8000 1 6899.63008
25.9000 1 5033.1648
26.0000 1 5651.82464
26.1000 1 6490.68544
26.2000 1 5735.71072
26.3000 1 5987.36896
26.4000 1 6071.25504
26.5000 1 6679.42912
26.6000 1 6008.34048
26.7000 1 5117.05088
26.8000 1 6448.7424
26.9000 1 4896.84992
27.0000 1 5840.56832
27.1000 1 6910.11584
27.2000 1 5410.65216
27.3000 1 4917.82144
27.4000 1 6438.25664
27.5000 1 6186.5984
27.6000 1 5840.56832
27.7000 1 4750.04928
27.8000 1 6039.79776
27.9000 1 5484.05248
28.0000 1 5253.36576
28.1000 1 7518.28992
28.2000 1 4886.36416
28.3000 1 5190.4512
28.4000 1 6794.77248
28.5000 1 5431.62368
28.6000 1 5368.70912
28.7000 1 6637.48608
28.8000 1 5683.28192
28.9000 1 5609.8816
29.0000 1 5536.48128
29.1000 1 5651.82464
29.2000 1 4928.3072
29.3000 1 6102.71232
29.4000 1 6207.56992
29.5000 1 5788.13952
29.6000 1 6176.11264
29.7000 1 6658.4576
29.8000 1 5819.5968
29.9000 1 5872.0256
30.0000 1 5242.88
30.1000 1 6700.40064
30.2000 1 5389.68064
30.3000 1 5033.1648
30.4000 1 7298.08896
30.5000 1 5389.68064
30.6000 1 4508.8768
30.7000 1 6962.54464
30.8000 1 4980.736
30.9000 1 5169.47968
31.0000 1 7119.83104
31.1000 1 4781.50656
31.2000 1 5033.1648
31.3000 1 6962.54464
31.4000 1 5767.168
31.5000 1 5630.85312
31.6000 1 5316.28032
31.7000 1 6899.63008
31.8000 1 4645.19168
31.9000 1 5253.36576
32.0000 1 6553.6
32.1000 1 5892.99712
32.2000 1 4540.33408
32.3000 1 6280.97024
32.4000 1 5431.62368
32.5000 1 5379.19488
32.6000 1 6616.51456
32.7000 1 5138.0224
32.8000 1 4812.96384
32.9000 1 6480.19968
33.0000 1 5400.1664
33.1000 1 4812.96384
33.2000 1 6595.54304
33.3000 1 5158.99392
33.4000 1 5567.93856
33.5000 1 7182.7456
33.6000 1 5819.5968
33.7000 1 5326.76608
33.8000 1 5515.50976
33.9000 1 6438.25664
34.0000 1 5295.3088
34.1000 1 5484.05248
34.2000 1 6616.51456
34.3000 1 5190.4512
34.4000 1 4865.39264
34.5000 1 6595.54304
34.6000 1 5788.13952
34.7000 1 5085.5936
34.8000 1 6899.63008
34.9000 1 4991.22176
35.0000 1 4812.96384
35.1000 1 6784.28672
35.2000 1 5117.05088
35.3000 1 4938.79296
35.4000 1 6480.19968
35.5000 1 5672.79616
35.6000 1 5892.99712
35.7000 1 5714.7392
35.8000 1 6417.28512
35.9000 1 5221.90848
36.0000 1 5798.62528
36.1000 1 7046.43072
36.2000 1 4435.47648
36.3000 1 4687.13472
36.4000 1 6700.40064
36.5000 1 4781.50656
36.6000 1 5421.13792
36.7000 1 6627.00032
36.8000 1 5400.1664
36.9000 1 6050.28352
37.0000 1 6836.71552
37.1000 1 4991.22176
37.2000 1 5976.8832
37.3000 1 5830.08256
37.4000 1 5379.19488
37.5000 1 5263.85152
37.6000 1 6207.56992
37.7000 1 6543.11424
37.8000 1 5096.07936
37.9000 1 5127.53664
38.0000 1 6553.6
38.1000 1 4970.25024
38.2000 1 5232.39424
38.3000 1 5798.62528
38.4000 1 5525.99552
38.5000 1 5463.08096
38.6000 1 6616.51456
38.7000 1 4320.13312
38.8000 1 5809.11104
38.9000 1 5200.93696
39.0000 1 4655.67744
39.1000 1 6847.20128
39.2000 1 5892.99712
39.3000 1 5997.85472
39.4000 1 5945.42592
39.5000 1 6889.14432
39.6000 1 5484.05248
39.7000 1 5190.4512
39.8000 1 6511.65696
39.9000 1 5924.4544
40.0000 1 4708.10624
40.1000 1 6207.56992
40.2000 1 5892.99712
40.3000 1 5704.25344
40.4000 1 5683.28192
40.5000 1 6438.25664
40.6000 1 5515.50976
40.7000 1 4529.84832
40.8000 1 6186.5984
40.9000 1 5138.0224
41.0000 1 5179.96544
41.1000 1 6983.51616
41.2000 1 5211.42272
41.3000 1 4592.76288
41.4000 1 7266.63168
41.5000 1 5106.56512
41.6000 1 5064.62208
41.7000 1 6438.25664
41.8000 1 4466.93376
41.9000 1 5337.25184
42.0000 1 7151.28832
42.1000 1 5127.53664
42.2000 1 4802.47808
42.3000 1 7277.11744
42.4000 1 4980.736
42.5000 1 4739.56352
42.6000 1 6532.62848
42.7000 1 5305.79456
42.8000 1 5096.07936
42.9000 1 6637.48608
43.0000 1 5809.11104
43.1000 1 5158.99392
43.2000 1 6627.00032
43.3000 1 4886.36416
43.4000 1 4540.33408
43.5000 1 6847.20128
43.6000 1 5033.1648
43.7000 1 4708.10624
43.8000 1 6606.0288
43.9000 1 4655.67744
44.0000 1 5567.93856
44.1000 1 6501.1712
44.2000 1 5043.65056
44.3000 1 5305.79456
44.4000 1 6543.11424
44.5000 1 4896.84992
44.6000 1 4676.64896
44.7000 1 5746.19648
44.8000 1 4865.39264
44.9000 1 5777.65376
45.0000 1 6218.05568
45.1000 1 4896.84992
45.2000 1 5704.25344
45.3000 1 5138.0224
45.4000 1 3963.61728
45.5000 1 5851.05408
45.6000 1 4456.448
45.7000 1 5934.94016
45.8000 1 5798.62528
45.9000 1 5379.19488
46.0000 1 5546.96704
46.1000 1 6658.4576
46.2000 1 4823.4496
46.3000 1 5326.76608
46.4000 1 6176.11264
46.5000 1 5431.62368
46.6000 1 5064.62208
46.7000 1 7182.7456
46.8000 1 5106.56512
46.9000 1 5473.56672
47.0000 1 6994.00192
47.1000 1 6218.05568
47.2000 1 6155.14112
47.3000 1 5567.93856
47.4000 1 7245.66016
47.5000 1 4907.33568
47.6000 1 4456.448
47.7000 1 6637.48608
47.8000 1 5693.76768
47.9000 1 5557.4528
48.0000 1 6700.40064
48.1000 1 5704.25344
48.2000 1 4498.39104
48.3000 1 6564.08576
48.4000 1 5819.5968
48.5000 1 6721.37216
48.6000 1 5484.05248
48.7000 1 6218.05568
48.8000 1 5358.22336
48.9000 1 5400.1664
49.0000 1 6197.08416
49.1000 1 5830.08256
49.2000 1 6574.57152
49.3000 1 6008.34048
49.4000 1 6847.20128
49.5000 1 4666.1632
49.6000 1 4613.7344
49.7000 1 8063.54944
49.8000 1 6721.37216
49.9000 1 5588.91008
50.0000 1 4812.96384
50.1000 1 6700.40064
50.2000 1 6647.97184
50.3000 1 6490.68544
50.4000 1 5987.36896
50.5000 1 7235.1744
50.6000 1 5557.4528
50.7000 1 4529.84832
50.8000 1 6312.42752
50.9000 1 5263.85152
51.0000 1 6868.1728
51.1000 1 5085.5936
51.2000 1 7308.57472
51.3000 1 5882.51136
51.4000 1 5012.19328
51.5000 1 6920.6016
51.6000 1 5525.99552
51.7000 1 4708.10624
51.8000 1 6585.05728
51.9000 1 7319.06048
52.0000 1 5442.10944
52.1000 1 4550.81984
52.2000 1 6186.5984
52.3000 1 4267.70432
52.4000 1 5735.71072
52.5000 1 5473.56672
52.6000 1 4257.21856
52.7000 1 6354.37056
52.8000 1 5756.68224
52.9000 1 6731.85792
53.0000 1 6312.42752
53.1000 1 6197.08416
53.2000 1 4320.13312
53.3000 1 4760.53504
53.4000 1 6815.744
53.5000 1 5630.85312
53.6000 1 5704.25344
53.7000 1 7130.3168
53.8000 1 6668.94336
53.9000 1 6679.42912
54.0000 1 4624.22016
54.1000 1 6700.40064
54.2000 1 6794.77248
54.3000 1 4791.99232
54.4000 1 5609.8816
54.5000 1 6165.62688
54.6000 1 5630.85312
54.7000 1 6259.99872
54.8000 1 6595.54304
54.9000 1 6731.85792
55.0000 1 5200.93696
55.1000 1 5326.76608
55.2000 1 6585.05728
55.3000 1 6826.22976
55.4000 1 6113.19808
55.5000 1 5672.79616
55.6000 1 6847.20128
55.7000 1 4938.79296
55.8000 1 4991.22176
55.9000 1 7832.86272
56.0000 1 5662.3104
56.1000 1 6343.8848
56.2000 1 5316.28032
56.3000 1 6134.1696
56.4000 1 5200.93696
56.5000 1 6155.14112
56.6000 1 6595.54304
56.7000 1 5966.39744
56.8000 1 5851.05408
56.9000 1 6008.34048
57.0000 1 4498.39104
57.1000 1 4362.07616
57.2000 1 7151.28832
57.3000 1 5903.48288
57.4000 1 5274.33728
57.5000 1 6354.37056
57.6000 1 6522.14272
57.7000 1 5693.76768
57.8000 1 4561.3056
57.9000 1 5924.4544
58.0000 1 5693.76768
58.1000 1 6155.14112
58.2000 1 6218.05568
58.3000 1 6343.8848
58.4000 1 5840.56832
58.5000 1 6616.51456
58.6000 1 6805.25824
58.7000 1 6511.65696
58.8000 1 6438.25664
58.9000 1 5955.91168
59.0000 1 6878.65856
59.1000 1 5693.76768
59.2000 1 4959.76448
59.3000 1 6155.14112
59.4000 1 5515.50976
59.5000 1 5620.36736
59.6000 1 5505.024
59.7000 1 6606.0288
59.8000 1 4204.78976
59.9000 1 6071.25504
60.0000 1 4299.1616
60.1000 1 5337.25184
60.2000 1 6595.54304
60.3000 1 5421.13792
60.4000 1 5085.5936
60.5000 1 6805.25824
60.6000 1 5840.56832
60.7000 1 4865.39264
60.8000 1 6050.28352
60.9000 1 5788.13952
61.0000 1 5609.8816
61.1000 1 5389.68064
61.2000 1 6994.00192
61.3000 1 4991.22176
61.4000 1 5704.25344
61.5000 1 7088.37376
61.6000 1 5431.62368
61.7000 1 5389.68064
61.8000 1 6228.54144
61.9000 1 6113.19808
62.0000 1 6092.22656
62.1000 1 4655.67744
62.2000 1 7193.23136
62.3000 1 5158.99392
62.4000 1 6092.22656
62.5000 1 6721.37216
62.6000 1 5903.48288
62.7000 1 5221.90848
62.8000 1 5641.33888
62.9000 1 6312.42752
63.0000 1 6060.76928
63.1000 1 5179.96544
63.2000 1 6763.3152
63.3000 1 5798.62528
63.4000 1 5620.36736
63.5000 1 6186.5984
63.6000 1 6123.68384
63.7000 1 5651.82464
63.8000 1 5840.56832
63.9000 1 6553.6
64.0000 1 5735.71072
64.1000 1 4676.64896
64.2000 1 7193.23136
64.3000 1 5463.08096
64.4000 1 5368.70912
64.5000 1 6060.76928
64.6000 1 6941.57312
64.7000 1 5955.91168
64.8000 1 5662.3104
64.9000 1 6522.14272
65.0000 1 5232.39424
65.1000 1 5714.7392
65.2000 1 5892.99712
65.3000 1 6176.11264
65.4000 1 5892.99712
65.5000 1 5358.22336
65.6000 1 6952.05888
65.7000 1 5274.33728
65.8000 1 4781.50656
65.9000 1 6868.1728
66.0000 1 5337.25184
66.1000 1 4907.33568
66.2000 1 7088.37376
66.3000 1 5840.56832
66.4000 1 4907.33568
66.5000 1 6008.34048
66.6000 1 6092.22656
66.7000 1 5368.70912
66.8000 1 5316.28032
66.9000 1 6826.22976
67.0000 1 5851.05408
67.1000 1 5872.0256
67.2000 1 6595.54304
67.3000 1 5955.91168
67.4000 1 5609.8816
67.5000 1 5200.93696
67.6000 1 6427.77088
67.7000 1 5379.19488
67.8000 1 5830.08256
67.9000 1 6438.25664
68.0000 1 5714.7392
68.1000 1 5809.11104
68.2000 1 6312.42752
68.3000 1 5651.82464
68.4000 1 5505.024
68.5000 1 5620.36736
68.6000 1 6113.19808
68.7000 1 5337.25184
68.8000 1 6039.79776
68.9000 1 7350.51776
69.0000 1 5620.36736
69.1000 1 5704.25344
69.2000 1 5746.19648
69.3000 1 6113.19808
69.4000 1 5221.90848
69.5000 1 5316.28032
69.6000 1 7035.94496
69.7000 1 5725.22496
69.8000 1 4016.04608
69.9000 1 5882.51136
70.0000 1 4037.0176
70.1000 1 5704.25344
70.2000 1 4508.8768
70.3000 1 5085.5936
70.4000 1 5085.5936
70.5000 1 4456.448
70.6000 1 5767.168
70.7000 1 4320.13312
70.8000 1 5567.93856
70.9000 1 4498.39104
71.0000 1 4508.8768
71.1000 1 5714.7392
71.2000 1 4624.22016
71.3000 1 5588.91008
71.4000 1 4016.04608
71.5000 1 4571.79136
71.6000 1 5641.33888
71.7000 1 3250.5856
71.8000 1 6176.11264
71.9000 1 3953.13152
72.0000 1 5777.65376
72.1000 1 3984.5888
72.2000 1 4729.07776
72.3000 1 5138.0224
72.4000 1 4152.36096
72.5000 1 5494.53824
72.6000 1 4131.38944
72.7000 1 6228.54144
72.8000 1 5515.50976
72.9000 1 5934.94016
73.0000 1 5253.36576
73.1000 1 6752.82944
73.2000 1 5536.48128
73.3000 1 5389.68064
73.4000 1 7256.14592
73.5000 1 6134.1696
73.6000 1 5798.62528
73.7000 1 5431.62368
73.8000 1 6973.0304
73.9000 1 5945.42592
74.0000 1 4456.448
74.1000 1 6522.14272
74.2000 1 5546.96704
74.3000 1 5934.94016
74.4000 1 6228.54144
74.5000 1 4896.84992
74.6000 1 5211.42272
74.7000 1 6616.51456
74.8000 1 6585.05728
74.9000 1 5305.79456
75.0000 1 5410.65216
75.1000 1 7308.57472
75.2000 1 5358.22336
75.3000 1 5232.39424
75.4000 1 6511.65696
75.5000 1 5777.65376
75.6000 1 5987.36896
75.7000 1 5934.94016
75.8000 1 6689.91488
75.9000 1 5830.08256
76.0000 1 5599.39584
76.1000 1 6333.39904
76.2000 1 6480.19968
76.3000 1 6018.82624
76.4000 1 5536.48128
76.5000 1 7109.34528
76.6000 1 5588.91008
76.7000 1 5546.96704
76.8000 1 5630.85312
76.9000 1 6847.20128
77.0000 1 5830.08256
77.1000 1 5725.22496
77.2000 1 6752.82944
77.3000 1 6218.05568
77.4000 1 5515.50976
77.5000 1 5546.96704
77.6000 1 7161.77408
77.7000 1 5830.08256
77.8000 1 5274.33728
77.9000 1 6364.85632
78.0000 1 6417.28512
78.1000 1 5001.70752
78.2000 1 5358.22336
78.3000 1 6836.71552
78.4000 1 5379.19488
78.5000 1 5515.50976
78.6000 1 7350.51776
78.7000 1 5358.22336
78.8000 1 5557.4528
78.9000 1 5913.96864
79.0000 1 6668.94336
79.1000 1 5536.48128
79.2000 1 6113.19808
79.3000 1 6836.71552
79.4000 1 5599.39584
79.5000 1 5756.68224
79.6000 1 5840.56832
79.7000 1 7025.4592
79.8000 1 5494.53824
79.9000 1 5798.62528
80.0000 1 6259.99872
80.1000 1 4456.448
80.2000 1 5830.08256
80.3000 1 6543.11424
80.4000 1 5431.62368
80.5000 1 5934.94016
80.6000 1 6113.19808
80.7000 1 7738.49088
80.8000 1 4571.79136
80.9000 1 4802.47808
81.0000 1 6847.20128
81.1000 1 5567.93856
81.2000 1 6291.456
81.3000 1 6155.14112
81.4000 1 6805.25824
81.5000 1 5955.91168
81.6000 1 6207.56992
81.7000 1 5379.19488
81.8000 1 6239.0272
81.9000 1 6773.80096
82.0000 1 6448.7424
82.1000 1 6375.34208
82.2000 1 6480.19968
82.3000 1 5012.19328
82.4000 1 4666.1632
82.5000 1 8136.94976
82.6000 1 4760.53504
82.7000 1 4991.22176
82.8000 1 6994.00192
82.9000 1 6501.1712
83.0000 1 4529.84832
83.1000 1 5945.42592
83.2000 1 5693.76768
83.3000 1 4812.96384
83.4000 1 6176.11264
83.5000 1 6511.65696
83.6000 1 6123.68384
83.7000 1 5148.50816
83.8000 1 7455.37536
83.9000 1 6176.11264
84.0000 1 5588.91008
84.1000 1 5830.08256
84.2000 1 7476.34688
84.3000 1 5966.39744
84.4000 1 6249.51296
84.5000 1 5578.42432
84.6000 1 7402.94656
84.7000 1 7455.37536
84.8000 1 5651.82464
84.9000 1 5494.53824
85.0000 1 6113.19808
85.1000 1 5284.82304
85.2000 1 5693.76768
85.3000 1 6249.51296
85.4000 1 5830.08256
85.5000 1 5148.50816
85.6000 1 6144.65536
85.7000 1 6553.6
85.8000 1 5567.93856
85.9000 1 5955.91168
86.0000 1 6710.8864
86.1000 1 5473.56672
86.2000 1 5179.96544
86.3000 1 6123.68384
86.4000 1 6249.51296
86.5000 1 5211.42272
86.6000 1 5683.28192
86.7000 1 7193.23136
86.8000 1 5515.50976
86.9000 1 5819.5968
87.0000 1 6144.65536
87.1000 1 7109.34528
87.2000 1 5463.08096
87.3000 1 5274.33728
87.4000 1 6721.37216
87.5000 1 5463.08096
87.6000 1 5830.08256
87.7000 1 6165.62688
87.8000 1 6018.82624
87.9000 1 6050.28352
88.0000 1 5997.85472
88.1000 1 6710.8864
88.2000 1 6144.65536
88.3000 1 6102.71232
88.4000 1 5295.3088
88.5000 1 6438.25664
88.6000 1 5274.33728
88.7000 1 5452.5952
88.8000 1 6658.4576
88.9000 1 5882.51136
89.0000 1 5840.56832
89.1000 1 5934.94016
89.2000 1 6700.40064
89.3000 1 4854.90688
89.4000 1 5179.96544
89.5000 1 6868.1728
89.6000 1 5903.48288
89.7000 1 4875.8784
89.8000 1 6574.57152
89.9000 1 5567.93856
90.0000 1 4917.82144
90.1000 1 6364.85632
90.2000 1 5347.7376
90.3000 1 5494.53824
90.4000 1 6658.4576
90.5000 1 5955.91168
90.6000 1 5861.53984
90.7000 1 5756.68224
90.8000 1 6847.20128
90.9000 1 5567.93856
91.0000 1 6060.76928
91.1000 1 5987.36896
91.2000 1 6616.51456
91.3000 1 5536.48128
91.4000 1 5767.168
91.5000 1 6427.77088
91.6000 1 5955.91168
91.7000 1 6008.34048
91.8000 1 5599.39584
91.9000 1 7046.43072
92.0000 1 6008.34048
92.1000 1 5872.0256
92.2000 1 6239.0272
92.3000 1 5955.91168
92.4000 1 5861.53984
92.5000 1 5368.70912
92.6000 1 6731.85792
92.7000 1 5955.91168
92.8000 1 5431.62368
92.9000 1 6606.0288
93.0000 1 5976.8832
93.1000 1 5809.11104
93.2000 1 5830.08256
93.3000 1 6794.77248
93.4000 1 5934.94016
93.5000 1 5410.65216
93.6000 1 6144.65536
93.7000 1 5494.53824
93.8000 1 5641.33888
93.9000 1 6050.28352
94.0000 1 6606.0288
94.1000 1 5830.08256
94.2000 1 5997.85472
94.3000 1 6197.08416
94.4000 1 6092.22656
94.5000 1 5347.7376
94.6000 1 5421.13792
94.7000 1 6805.25824
94.8000 1 5557.4528
94.9000 1 5567.93856
95.0000 1 7203.71712
95.1000 1 5861.53984
95.2000 1 5525.99552
95.3000 1 5536.48128
95.4000 1 7214.20288
95.5000 1 5525.99552
95.6000 1 5672.79616
95.7000 1 6501.1712
95.8000 1 5945.42592
95.9000 1 4739.56352
96.0000 1 6134.1696
96.1000 1 6176.11264
96.2000 1 5651.82464
96.3000 1 5630.85312
96.4000 1 6983.51616
96.5000 1 5546.96704
96.6000 1 5379.19488
96.7000 1 6480.19968
96.8000 1 5484.05248
96.9000 1 6113.19808
97.0000 1 5242.88
97.1000 1 5840.56832
97.2000 1 5358.22336
97.3000 1 5567.93856
97.4000 1 7151.28832
97.5000 1 5505.024
97.6000 1 5578.42432
97.7000 1 6689.91488
97.8000 1 5861.53984
97.9000 1 5840.56832
98.0000 1 5263.85152
98.1000 1 6920.6016
98.2000 1 5746.19648
98.3000 1 6018.82624
98.4000 1 6438.25664
98.5000 1 6155.14112
98.6000 1 5777.65376
98.7000 1 5546.96704
98.8000 1 7151.28832
98.9000 1 5609.8816
99.0000 1 5232.39424
99.1000 1 6438.25664
99.2000 1 5851.05408
99.3000 1 5347.7376
99.4000 1 5651.82464
99.5000 1 7088.37376
99.6000 1 5798.62528
99.7000 1 5609.8816
99.8000 1 6532.62848
99.9000 1 6155.14112
100.0000 1 5714.7392
100.1000 1 5955.91168
100.2000 1 7014.97344
100.3000 1 5295.3088
100.4000 1 5746.19648
100.5000 1 6060.76928
100.6000 1 7298.08896
100.7000 1 5505.024
100.8000 1 5536.48128
100.9000 1 6668.94336
101.0000 1 4362.07616
101.1000 1 4162.84672
101.2000 1 5442.10944
101.3000 1 4508.8768
101.4000 1 5840.56832
101.5000 1 4257.21856
101.6000 1 5096.07936
101.7000 1 5263.85152
101.8000 1 4341.10464
101.9000 1 6144.65536
102.0000 1 4099.93216
102.1000 1 5211.42272
102.2000 1 5242.88
102.3000 1 4529.84832
102.4000 1 5536.48128
102.5000 1 4645.19168
102.6000 1 5295.3088
102.7000 1 4718.592
102.8000 1 4697.62048
102.9000 1 5672.79616
103.0000 1 4016.04608
103.1000 1 5955.91168
103.2000 1 4445.96224
103.3000 1 4037.0176
103.4000 1 6060.76928
103.5000 1 4393.53344
103.6000 1 5630.85312
103.7000 1 4089.4464
103.8000 1 4970.25024
103.9000 1 5463.08096
104.0000 1 4141.8752
104.1000 1 6197.08416
104.2000 1 4550.81984
104.3000 1 4802.47808
104.4000 1 4833.93536
104.5000 1 4424.99072
104.6000 1 6585.05728
104.7000 1 5347.7376
104.8000 1 5693.76768
104.9000 1 6637.48608
105.0000 1 5735.71072
105.1000 1 5987.36896
105.2000 1 6081.7408
105.3000 1 6668.94336
105.4000 1 5945.42592
105.5000 1 5756.68224
105.6000 1 6176.11264
105.7000 1 6532.62848
105.8000 1 5913.96864
105.9000 1 5924.4544
106.0000 1 6249.51296
106.1000 1 5945.42592
106.2000 1 5777.65376
106.3000 1 5777.65376
106.4000 1 7214.20288
106.5000 1 5284.82304
106.6000 1 6071.25504
106.7000 1 5882.51136
106.8000 1 7172.25984
106.9000 1 5179.96544
107.0000 1 5536.48128
107.1000 1 7235.1744
107.2000 1 5557.4528
107.3000 1 5609.8816
107.4000 1 5746.19648
107.5000 1 6794.77248
107.6000 1 5934.94016
107.7000 1 5809.11104
107.8000 1 6616.51456
107.9000 1 6375.34208
108.0000 1 5955.91168
108.1000 1 5505.024
108.2000 1 7077.888
108.3000 1 6039.79776
108.4000 1 5966.39744
108.5000 1 5389.68064
108.6000 1 6417.28512
108.7000 1 5515.50976
108.8000 1 5976.8832
108.9000 1 6868.1728
109.0000 1 5536.48128
109.1000 1 5924.4544
109.2000 1 5924.4544
109.3000 1 6805.25824
109.4000 1 5913.96864
109.5000 1 5840.56832
109.6000 1 5976.8832
109.7000 1 6448.7424
109.8000 1 5861.53984
109.9000 1 5609.8816
110.0000 1 6689.91488
110.1000 1 5798.62528
110.2000 1 5609.8816
110.3000 1 5861.53984
110.4000 1 7014.97344
110.5000 1 6155.14112
110.6000 1 5211.42272
110.7000 1 6658.4576
110.8000 1 5987.36896
110.9000 1 5945.42592
111.0000 1 5851.05408
111.1000 1 6438.25664
111.2000 1 5892.99712
111.3000 1 5830.08256
111.4000 1 6071.25504
111.5000 1 6574.57152
111.6000 1 6018.82624
111.7000 1 5872.0256
111.8000 1 6700.40064
111.9000 1 4938.79296
112.0000 1 4466.93376
112.1000 1 5892.99712
112.2000 1 4278.19008
112.3000 1 5536.48128
112.4000 1 4812.96384
112.5000 1 3963.61728
112.6000 1 6071.25504
112.7000 1 5253.36576
112.8000 1 5400.1664
112.9000 1 7025.4592
113.0000 1 5819.5968
113.1000 1 6123.68384
113.2000 1 5851.05408
113.3000 1 6794.77248
113.4000 1 5861.53984
113.5000 1 5819.5968
113.6000 1 6689.91488
113.7000 1 6123.68384
113.8000 1 6186.5984
113.9000 1 5557.4528
114.0000 1 7130.3168
114.1000 1 5872.0256
114.2000 1 5725.22496
114.3000 1 5924.4544
114.4000 1 7539.26144
114.5000 1 5515.50976
114.6000 1 5463.08096
114.7000 1 6039.79776
114.8000 1 6301.94176
114.9000 1 6060.76928
115.0000 1 5337.25184
115.1000 1 7277.11744
115.2000 1 5379.19488
115.3000 1 5672.79616
115.4000 1 5903.48288
115.5000 1 6910.11584
115.6000 1 5683.28192
115.7000 1 6092.22656
115.8000 1 6469.71392
115.9000 1 6060.76928
116.0000 1 6018.82624
116.1000 1 5431.62368
116.2000 1 7098.85952
116.3000 1 5620.36736
116.4000 1 5494.53824
116.5000 1 6186.5984
116.6000 1 6564.08576
116.7000 1 5997.85472
116.8000 1 5609.8816
116.9000 1 6805.25824
117.0000 1 6039.79776
117.1000 1 5651.82464
117.2000 1 5389.68064
117.3000 1 7287.6032
117.4000 1 5515.50976
117.5000 1 5725.22496
117.6000 1 6480.19968
117.7000 1 6280.97024
117.8000 1 5421.13792
117.9000 1 5473.56672
118.0000 1 6973.0304
118.1000 1 5767.168
118.2000 1 5819.5968
118.3000 1 6018.82624
118.4000 1 6763.3152
118.5000 1 6123.68384
118.6000 1 5400.1664
118.7000 1 6994.00192
118.8000 1 6092.22656
118.9000 1 6155.14112
119.0000 1 5253.36576
119.1000 1 7392.4608
119.2000 1 5463.08096
119.3000 1 5997.85472
119.4000 1 5913.96864
119.5000 1 7098.85952
119.6000 1 5442.10944
119.7000 1 6071.25504
119.8000 1 6165.62688
119.9000 1 6794.77248
120.0000 1 6050.28352
120.1000 1 6427.77088
120.2000 1 5872.0256
120.3000 1 7497.3184
120.4000 1 5316.28032
120.5000 1 6658.4576
120.6000 1 5683.28192
120.7000 1 6794.77248
120.8000 1 6081.7408
120.9000 1 6448.7424
121.0000 1 5830.08256
121.1000 1 7780.43392
121.2000 1 5714.7392
121.3000 1 5567.93856
121.4000 1 6710.8864
121.5000 1 6941.57312
121.6000 1 6920.6016
121.7000 1 5882.51136
121.8000 1 6029.312
121.9000 1 6731.85792
122.0000 1 5442.10944
122.1000 1 6773.80096
122.2000 1 5641.33888
122.3000 1 7707.0336
122.4000 1 5809.11104
122.5000 1 5505.024
122.6000 1 6197.08416
122.7000 1 7434.40384
122.8000 1 5987.36896
122.9000 1 5672.79616
123.0000 1 5735.71072
123.1000 1 7864.32
123.2000 1 7014.97344
123.3000 1 5253.36576
123.4000 1 6679.42912
123.5000 1 6312.42752
123.6000 1 7381.97504
123.7000 1 5683.28192
123.8000 1 6301.94176
123.9000 1 6375.34208
124.0000 1 7633.63328
124.1000 1 6039.79776
124.2000 1 6899.63008
124.3000 1 5421.13792
124.4000 1 6815.744
124.5000 1 6784.28672
124.6000 1 6417.28512
124.7000 1 6008.34048
124.8000 1 6092.22656
124.9000 1 6585.05728
125.0000 1 5421.13792
125.1000 1 5809.11104
125.2000 1 6679.42912
125.3000 1 5557.4528
125.4000 1 5683.28192
125.5000 1 6165.62688
125.6000 1 6343.8848
125.7000 1 5892.99712
125.8000 1 5851.05408
125.9000 1 6805.25824
126.0000 1 5609.8816
126.1000 1 5798.62528
126.2000 1 5578.42432
126.3000 1 6134.1696
126.4000 1 6794.77248
126.5000 1 5693.76768
126.6000 1 6553.6
126.7000 1 6794.77248
126.8000 1 6438.25664
126.9000 1 5945.42592
127.0000 1 5966.39744
127.1000 1 7801.40544
127.2000 1 6647.97184
127.3000 1 5505.024
127.4000 1 5851.05408
127.5000 1 7738.49088
127.6000 1 5746.19648
127.7000 1 5672.79616
127.8000 1 5452.5952
127.9000 1 8021.6064
128.0000 1 5410.65216
128.1000 1 5704.25344
128.2000 1 6616.51456
128.3000 1 6920.6016
128.4000 1 6752.82944
128.5000 1 6595.54304
128.6000 1 6218.05568
128.7000 1 6291.456
128.8000 1 7308.57472
128.9000 1 6857.68704
129.0000 1 5232.39424
129.1000 1 5630.85312
129.2000 1 7612.66176
129.3000 1 5263.85152
129.4000 1 6794.77248
129.5000 1 5620.36736
129.6000 1 7707.0336
129.7000 1 5693.76768
129.8000 1 6113.19808
129.9000 1 6574.57152
130.0000 1 7266.63168
130.1000 1 6721.37216
130.2000 1 6291.456
130.3000 1 6018.82624
130.4000 1 6291.456
130.5000 1 7098.85952
130.6000 1 5305.79456
130.7000 1 6459.22816
130.8000 1 6280.97024
130.9000 1 7329.54624
131.0000 1 5777.65376
131.1000 1 5997.85472
131.2000 1 6406.79936
131.3000 1 6910.11584
131.4000 1 6773.80096
131.5000 1 5767.168
131.6000 1 6092.22656
131.7000 1 7633.63328
131.8000 1 6941.57312
131.9000 1 5431.62368
132.0000 1 6647.97184
132.1000 1 6123.68384
132.2000 1 7130.3168
132.3000 1 5651.82464
132.4000 1 5316.28032
132.5000 1 7067.40224
132.6000 1 6239.0272
132.7000 1 5997.85472
132.8000 1 6574.57152
132.9000 1 6700.40064
133.0000 1 6574.57152
133.1000 1 5274.33728
133.2000 1 5179.96544
133.3000 1 6627.00032
133.4000 1 6742.34368
133.5000 1 5305.79456
133.6000 1 6417.28512
133.7000 1 7769.94816
133.8000 1 6448.7424
133.9000 1 5830.08256
134.0000 1 6595.54304
134.1000 1 6710.8864
134.2000 1 6826.22976
134.3000 1 6574.57152
134.4000 1 6637.48608
134.5000 1 6301.94176
134.6000 1 6794.77248
134.7000 1 5358.22336
134.8000 1 5284.82304
134.9000 1 5966.39744
135.0000 1 6700.40064
135.1000 1 5284.82304
135.2000 1 6731.85792
135.3000 1 6574.57152
135.4000 1 6836.71552
135.5000 1 5400.1664
135.6000 1 6301.94176
135.7000 1 6627.00032
135.8000 1 6700.40064
135.9000 1 6532.62848
136.0000 1 6532.62848
136.1000 1 5389.68064
136.2000 1 8042.57792
136.3000 1 5337.25184
136.4000 1 6637.48608
136.5000 1 5714.7392
136.6000 1 7182.7456
136.7000 1 5410.65216
136.8000 1 5536.48128
136.9000 1 6752.82944
137.0000 1 6647.97184
137.1000 1 6710.8864
137.2000 1 5934.94016
137.3000 1 6564.08576
137.4000 1 7109.34528
137.5000 1 6511.65696
137.6000 1 6218.05568
137.7000 1 5830.08256
137.8000 1 6752.82944
137.9000 1 6511.65696
138.0000 1 6637.48608
138.1000 1 5672.79616
138.2000 1 6438.25664
138.3000 1 8199.86432
138.4000 1 6008.34048
138.5000 1 5924.4544
138.6000 1 5263.85152
138.7000 1 6647.97184
138.8000 1 6511.65696
138.9000 1 6543.11424
139.0000 1 6050.28352
139.1000 1 7392.4608
139.2000 1 6501.1712
139.3000 1 6752.82944
139.4000 1 5484.05248
139.5000 1 6532.62848
139.6000 1 8074.0352
139.7000 1 5851.05408
139.8000 1 5630.85312
139.9000 1 6050.28352
140.0000 1 6826.22976
140.1000 1 6417.28512
140.2000 1 5683.28192
140.3000 1 6763.3152
140.4000 1 7245.66016
140.5000 1 6249.51296
140.6000 1 6658.4576
140.7000 1 5588.91008
140.8000 1 6794.77248
140.9000 1 6606.0288
141.0000 1 5221.90848
141.1000 1 6637.48608
141.2000 1 6689.91488
141.3000 1 6815.744
141.4000 1 5578.42432
141.5000 1 6301.94176
141.6000 1 6606.0288
141.7000 1 8168.40704
141.8000 1 5693.76768
141.9000 1 6700.40064
142.0000 1 6207.56992
142.1000 1 6532.62848
142.2000 1 6522.14272
142.3000 1 5819.5968
142.4000 1 6637.48608
142.5000 1 6144.65536
142.6000 1 7654.6048
142.7000 1 6941.57312
142.8000 1 5316.28032
142.9000 1 6847.20128
143.0000 1 6039.79776
