0.1000 1 0.0
0.2000 1 5567.93856
0.3000 1 3177.18528
0.4000 1 6228.54144
0.5000 1 4959.76448
0.6000 1 5442.10944
0.7000 1 5567.93856
0.8000 1 4655.67744
0.9000 1 6585.05728
1.0000 1 6144.65536
1.1000 1 6385.82784
1.2000 1 6438.25664
1.3000 1 6218.05568
1.4000 1 6511.65696
1.5000 1 5232.39424
1.6000 1 5651.82464
1.7000 1 7654.6048
1.8000 1 5830.08256
1.9000 1 4791.99232
2.0000 1 5924.4544
2.1000 1 5725.22496
2.2000 1 6071.25504
2.3000 1 5117.05088
2.4000 1 7287.6032
2.5000 1 5599.39584
2.6000 1 5620.36736
2.7000 1 6018.82624
2.8000 1 4833.93536
2.9000 1 4781.50656
3.0000 1 7633.63328
3.1000 1 5882.51136
3.2000 1 4687.13472
3.3000 1 6280.97024
3.4000 1 6899.63008
3.5000 1 6406.79936
3.6000 1 5442.10944
3.7000 1 6186.5984
3.8000 1 7224.68864
3.9000 1 5683.28192
4.0000 1 6322.91328
4.1000 1 5861.53984
4.2000 1 6406.79936
4.3000 1 6301.94176
4.4000 1 6270.48448
4.5000 1 6071.25504
4.6000 1 6836.71552
4.7000 1 5672.79616
4.8000 1 5106.56512
4.9000 1 7455.37536
5.0000 1 5662.3104
5.1000 1 4236.24704
5.2000 1 6773.80096
5.3000 1 5347.7376
5.4000 1 4519.36256
5.5000 1 6899.63008
5.6000 1 4697.62048
5.7000 1 4424.99072
5.8000 1 6805.25824
5.9000 1 4833.93536
6.0000 1 4351.5904
6.1000 1 6847.20128
6.2000 1 5567.93856
6.3000 1 5096.07936
6.4000 1 7130.3168
6.5000 1 5064.62208
6.6000 1 5284.82304
6.7000 1 6270.48448
6.8000 1 5347.7376
6.9000 1 5200.93696
7.0000 1 6501.1712
7.1000 1 6039.79776
7.2000 1 5830.08256
7.3000 1 4970.25024
7.4000 1 7077.888
7.5000 1 5473.56672
7.6000 1 4655.67744
7.7000 1 6941.57312
7.8000 1 4812.96384
7.9000 1 4257.21856
8.0000 1 6186.5984
8.1000 1 4697.62048
8.2000 1 5851.05408
8.3000 1 6123.68384
8.4000 1 4802.47808
8.5000 1 5767.168
8.6000 1 6469.71392
8.7000 1 5054.13632
8.8000 1 5179.96544
8.9000 1 6878.65856
9.0000 1 4928.3072
9.1000 1 5295.3088
9.2000 1 6427.77088
9.3000 1 4949.27872
9.4000 1 4970.25024
9.5000 1 6553.6
9.6000 1 5033.1648
9.7000 1 5179.96544
9.8000 1 6815.744
9.9000 1 5242.88
10.0000 1 4697.62048
10.1000 1 6878.65856
10.2000 1 5190.4512
10.3000 1 5662.3104
10.4000 1 6931.08736
10.5000 1 5452.5952
10.6000 1 5463.08096
10.7000 1 6207.56992
10.8000 1 5620.36736
10.9000 1 5410.65216
11.0000 1 5672.79616
11.1000 1 7004.48768
11.2000 1 4854.90688
11.3000 1 5672.79616
11.4000 1 6427.77088
11.5000 1 5830.08256
11.6000 1 5735.71072
11.7000 1 6312.42752
11.8000 1 5913.96864
11.9000 1 4896.84992
12.0000 1 5966.39744
12.1000 1 5767.168
12.2000 1 4917.82144
12.3000 1 5997.85472
12.4000 1 6259.99872
12.5000 1 5515.50976
12.6000 1 5022.67904
12.7000 1 6270.48448
12.8000 1 4634.70592
12.9000 1 5861.53984
13.0000 1 6050.28352
13.1000 1 4791.99232
13.2000 1 5756.68224
13.3000 1 6553.6
13.4000 1 5138.0224
13.5000 1 5012.19328
13.6000 1 6197.08416
13.7000 1 4571.79136
13.8000 1 5955.91168
13.9000 1 5997.85472
14.0000 1 5253.36576
14.1000 1 5494.53824
14.2000 1 5746.19648
14.3000 1 5001.70752
14.4000 1 6029.312
14.5000 1 6207.56992
14.6000 1 5263.85152
14.7000 1 5242.88
14.8000 1 6186.5984
14.9000 1 5179.96544
15.0000 1 5798.62528
15.1000 1 6994.00192
15.2000 1 5830.08256
15.3000 1 4718.592
15.4000 1 6773.80096
15.5000 1 4466.93376
15.6000 1 4278.19008
15.7000 1 6364.85632
15.8000 1 5274.33728
15.9000 1 5001.70752
16.0000 1 6459.22816
16.1000 1 5138.0224
16.2000 1 5798.62528
16.3000 1 6647.97184
16.4000 1 4865.39264
16.5000 1 5326.76608
16.6000 1 6627.00032
16.7000 1 5809.11104
16.8000 1 5043.65056
16.9000 1 6878.65856
17.0000 1 5515.50976
17.1000 1 5683.28192
17.2000 1 5525.99552
17.3000 1 6343.8848
17.4000 1 5557.4528
17.5000 1 5368.70912
17.6000 1 6794.77248
17.7000 1 5368.70912
17.8000 1 4603.24864
17.9000 1 6689.91488
18.0000 1 4351.5904
18.1000 1 5190.4512
18.2000 1 6396.3136
18.3000 1 5389.68064
18.4000 1 4959.76448
18.5000 1 7067.40224
18.6000 1 4750.04928
18.7000 1 5138.0224
18.8000 1 6333.39904
18.9000 1 5242.88
19.0000 1 4949.27872
19.1000 1 7214.20288
19.2000 1 5955.91168
19.3000 1 5284.82304
19.4000 1 6647.97184
19.5000 1 5609.8816
19.6000 1 4781.50656
19.7000 1 6291.456
19.8000 1 4907.33568
19.9000 1 4404.0192
20.0000 1 6207.56992
20.1000 1 5609.8816
20.2000 1 5117.05088
20.3000 1 7130.3168
20.4000 1 5505.024
20.5000 1 5620.36736
20.6000 1 5704.25344
20.7000 1 6018.82624
20.8000 1 4540.33408
20.9000 1 6155.14112
21.0000 1 6218.05568
21.1000 1 4980.736
21.2000 1 5557.4528
21.3000 1 6522.14272
21.4000 1 5767.168
21.5000 1 4613.7344
21.6000 1 6920.6016
21.7000 1 4729.07776
21.8000 1 4865.39264
21.9000 1 5882.51136
22.0000 1 4970.25024
22.1000 1 5934.94016
22.2000 1 6270.48448
22.3000 1 4959.76448
22.4000 1 5536.48128
22.5000 1 6050.28352
22.6000 1 4487.90528
22.7000 1 6228.54144
22.8000 1 5484.05248
22.9000 1 5421.13792
23.0000 1 5872.0256
23.1000 1 7014.97344
23.2000 1 5672.79616
23.3000 1 4833.93536
23.4000 1 7224.68864
23.5000 1 4802.47808
23.6000 1 5106.56512
23.7000 1 6375.34208
23.8000 1 5022.67904
23.9000 1 4529.84832
24.0000 1 6354.37056
24.1000 1 5305.79456
24.2000 1 5934.94016
24.3000 1 6564.08576
24.4000 1 5305.79456
24.5000 1 4854.90688
24.6000 1 6994.00192
24.7000 1 4959.76448
24.8000 1 5001.70752
24.9000 1 6259.99872
25.0000 1 4823.4496
25.1000 1 4645.19168
25.2000 1 7109.34528
25.3000 1 5379.19488
25.4000 1 5410.65216
25.5000 1 6637.48608
25.6000 1 5284.82304
25.7000 1 5903.48288
25.8000 1 5599.39584
25.9000 1 6417.28512
26.0000 1 4823.4496
26.1000 1 5546.96704
26.2000 1 6826.22976
26.3000 1 5253.36576
26.4000 1 5557.4528
26.5000 1 6427.77088
26.6000 1 5546.96704
26.7000 1 5096.07936
26.8000 1 6354.37056
26.9000 1 5001.70752
27.0000 1 5085.5936
27.1000 1 7109.34528
27.2000 1 4844.42112
27.3000 1 4634.70592
27.4000 1 7056.91648
27.5000 1 5840.56832
27.6000 1 5263.85152
27.7000 1 6291.456
27.8000 1 5274.33728
27.9000 1 4540.33408
28.0000 1 6207.56992
28.1000 1 4938.79296
28.2000 1 5190.4512
28.3000 1 7172.25984
28.4000 1 5347.7376
28.5000 1 5536.48128
28.6000 1 5924.4544
28.7000 1 6899.63008
28.8000 1 5211.42272
28.9000 1 5746.19648
29.0000 1 6721.37216
29.1000 1 5861.53984
29.2000 1 4875.8784
29.3000 1 6280.97024
29.4000 1 5200.93696
29.5000 1 4991.22176
29.6000 1 6826.22976
29.7000 1 6176.11264
29.8000 1 4823.4496
29.9000 1 5809.11104
30.0000 1 6910.11584
30.1000 1 4949.27872
30.2000 1 5609.8816
30.3000 1 6448.7424
30.4000 1 5567.93856
30.5000 1 4896.84992
30.6000 1 6239.0272
30.7000 1 4225.76128
30.8000 1 5410.65216
30.9000 1 5945.42592
31.0000 1 4603.24864
31.1000 1 6207.56992
31.2000 1 4802.47808
31.3000 1 5127.53664
31.4000 1 6627.00032
31.5000 1 4833.93536
31.6000 1 4896.84992
31.7000 1 6742.34368
31.8000 1 5043.65056
31.9000 1 4393.53344
32.0000 1 6710.8864
32.1000 1 5200.93696
32.2000 1 4708.10624
32.3000 1 6438.25664
32.4000 1 5200.93696
32.5000 1 4959.76448
32.6000 1 6910.11584
32.7000 1 4739.56352
32.8000 1 5295.3088
32.9000 1 7130.3168
33.0000 1 5148.50816
33.1000 1 4697.62048
33.2000 1 7277.11744
33.3000 1 5200.93696
33.4000 1 5096.07936
33.5000 1 6595.54304
33.6000 1 5651.82464
33.7000 1 4424.99072
33.8000 1 6322.91328
33.9000 1 4980.736
34.0000 1 4498.39104
34.1000 1 6931.08736
34.2000 1 4938.79296
34.3000 1 4928.3072
34.4000 1 6616.51456
34.5000 1 5284.82304
34.6000 1 5840.56832
34.7000 1 6501.1712
34.8000 1 5641.33888
34.9000 1 4959.76448
35.0000 1 6239.0272
35.1000 1 5505.024
35.2000 1 4991.22176
35.3000 1 6197.08416
35.4000 1 5211.42272
35.5000 1 4613.7344
35.6000 1 6322.91328
35.7000 1 5305.79456
35.8000 1 4791.99232
35.9000 1 7277.11744
36.0000 1 5117.05088
36.1000 1 4445.96224
36.2000 1 6291.456
36.3000 1 5463.08096
36.4000 1 5924.4544
36.5000 1 6259.99872
36.6000 1 5305.79456
36.7000 1 5777.65376
36.8000 1 5746.19648
36.9000 1 5714.7392
37.0000 1 4739.56352
37.1000 1 6312.42752
37.2000 1 6207.56992
37.3000 1 4823.4496
37.4000 1 5746.19648
37.5000 1 5913.96864
37.6000 1 5127.53664
37.7000 1 5693.76768
37.8000 1 5882.51136
37.9000 1 5410.65216
38.0000 1 5421.13792
38.1000 1 6218.05568
38.2000 1 4697.62048
38.3000 1 5798.62528
38.4000 1 5798.62528
38.5000 1 5442.10944
38.6000 1 5505.024
38.7000 1 6480.19968
38.8000 1 5085.5936
38.9000 1 5578.42432
39.0000 1 6773.80096
39.1000 1 5179.96544
39.2000 1 5022.67904
39.3000 1 6249.51296
39.4000 1 4498.39104
39.5000 1 5337.25184
39.6000 1 6627.00032
39.7000 1 5546.96704
39.8000 1 5253.36576
39.9000 1 7098.85952
40.0000 1 5693.76768
40.1000 1 4089.4464
40.2000 1 6490.68544
40.3000 1 4362.07616
40.4000 1 5054.13632
40.5000 1 3995.07456
40.6000 1 4383.04768
40.7000 1 6543.11424
40.8000 1 5924.4544
40.9000 1 4288.67584
41.0000 1 5588.91008
41.1000 1 4529.84832
41.2000 1 6050.28352
41.3000 1 5672.79616
41.4000 1 6438.25664
41.5000 1 5567.93856
41.6000 1 7633.63328
41.7000 1 5452.5952
41.8000 1 4865.39264
41.9000 1 6868.1728
42.0000 1 4959.76448
42.1000 1 4582.27712
42.2000 1 7193.23136
42.3000 1 5473.56672
42.4000 1 4603.24864
42.5000 1 5945.42592
42.6000 1 5253.36576
42.7000 1 5945.42592
42.8000 1 6280.97024
42.9000 1 7623.14752
43.0000 1 5641.33888
43.1000 1 6574.57152
43.2000 1 5295.3088
43.3000 1 5515.50976
43.4000 1 5861.53984
43.5000 1 5421.13792
43.6000 1 6595.54304
43.7000 1 4592.76288
43.8000 1 5452.5952
43.9000 1 4634.70592
44.0000 1 4194.304
44.1000 1 7413.43232
44.2000 1 6008.34048
44.3000 1 6280.97024
44.4000 1 5022.67904
44.5000 1 7801.40544
44.6000 1 4896.84992
44.7000 1 4854.90688
44.8000 1 7581.20448
44.9000 1 5536.48128
45.0000 1 4519.36256
45.1000 1 5913.96864
45.2000 1 5442.10944
45.3000 1 5704.25344
45.4000 1 5997.85472
45.5000 1 4404.0192
45.6000 1 4508.8768
45.7000 1 6385.82784
45.8000 1 5221.90848
45.9000 1 6375.34208
46.0000 1 6721.37216
46.1000 1 5442.10944
46.2000 1 5190.4512
46.3000 1 6406.79936
46.4000 1 5651.82464
46.5000 1 5043.65056
46.6000 1 6039.79776
46.7000 1 6543.11424
46.8000 1 4959.76448
46.9000 1 5934.94016
47.0000 1 6773.80096
47.1000 1 4445.96224
47.2000 1 4907.33568
47.3000 1 6616.51456
47.4000 1 6532.62848
47.5000 1 5179.96544
47.6000 1 6721.37216
47.7000 1 7528.77568
47.8000 1 5945.42592
47.9000 1 5200.93696
48.0000 1 6459.22816
48.1000 1 8074.0352
48.2000 1 5033.1648
48.3000 1 4424.99072
48.4000 1 6794.77248
48.5000 1 5442.10944
48.6000 1 5725.22496
48.7000 1 6228.54144
48.8000 1 6218.05568
48.9000 1 6543.11424
49.0000 1 5505.024
49.1000 1 6973.0304
49.2000 1 6469.71392
49.3000 1 5001.70752
49.4000 1 6102.71232
49.5000 1 7507.80416
49.6000 1 5578.42432
49.7000 1 5484.05248
49.8000 1 5725.22496
49.9000 1 7885.29152
50.0000 1 5683.28192
50.1000 1 5746.19648
50.2000 1 5809.11104
50.3000 1 5117.05088
50.4000 1 4980.736
50.5000 1 5924.4544
50.6000 1 4812.96384
50.7000 1 5976.8832
50.8000 1 6595.54304
50.9000 1 7696.54784
51.0000 1 5358.22336
51.1000 1 4571.79136
51.2000 1 5872.0256
51.3000 1 4529.84832
51.4000 1 5525.99552
51.5000 1 7549.7472
51.6000 1 5672.79616
51.7000 1 5515.50976
51.8000 1 6396.3136
51.9000 1 5567.93856
52.0000 1 5106.56512
52.1000 1 6081.7408
52.2000 1 7539.26144
52.3000 1 5651.82464
52.4000 1 4676.64896
52.5000 1 6375.34208
52.6000 1 5494.53824
52.7000 1 5725.22496
52.8000 1 5934.94016
52.9000 1 4393.53344
53.0000 1 5714.7392
53.1000 1 6417.28512
53.2000 1 4341.10464
53.3000 1 5200.93696
53.4000 1 6029.312
53.5000 1 6427.77088
53.6000 1 6480.19968
53.7000 1 6385.82784
53.8000 1 6836.71552
53.9000 1 5672.79616
54.0000 1 4844.42112
54.1000 1 6113.19808
54.2000 1 4089.4464
54.3000 1 5148.50816
54.4000 1 4729.07776
54.5000 1 5316.28032
54.6000 1 6784.28672
54.7000 1 6920.6016
54.8000 1 5075.10784
54.9000 1 5368.70912
55.0000 1 7256.14592
55.1000 1 5463.08096
55.2000 1 5505.024
55.3000 1 6270.48448
55.4000 1 5966.39744
55.5000 1 4162.84672
55.6000 1 6616.51456
55.7000 1 6406.79936
55.8000 1 4341.10464
55.9000 1 5368.70912
56.0000 1 4456.448
56.1000 1 4896.84992
56.2000 1 5693.76768
56.3000 1 5536.48128
56.4000 1 6595.54304
56.5000 1 6742.34368
56.6000 1 5557.4528
56.7000 1 5505.024
56.8000 1 6113.19808
56.9000 1 6155.14112
57.0000 1 4120.90368
57.1000 1 6092.22656
57.2000 1 5368.70912
57.3000 1 5431.62368
57.4000 1 5662.3104
57.5000 1 5368.70912
57.6000 1 5609.8816
57.7000 1 6197.08416
57.8000 1 5148.50816
57.9000 1 5557.4528
58.0000 1 6071.25504
58.1000 1 5976.8832
58.2000 1 4634.70592
58.3000 1 6134.1696
58.4000 1 6511.65696
58.5000 1 4330.61888
58.6000 1 5725.22496
58.7000 1 6207.56992
58.8000 1 5767.168
58.9000 1 6480.19968
59.0000 1 6448.7424
59.1000 1 5179.96544
59.2000 1 6616.51456
59.3000 1 5368.70912
59.4000 1 5117.05088
59.5000 1 4194.304
59.6000 1 6836.71552
59.7000 1 5138.0224
59.8000 1 6564.08576
59.9000 1 5693.76768
60.0000 1 7287.6032
60.1000 1 4666.1632
60.2000 1 4697.62048
60.3000 1 7874.80576
60.4000 1 6113.19808
60.5000 1 5274.33728
60.6000 1 5872.0256
60.7000 1 6207.56992
60.8000 1 6469.71392
60.9000 1 5588.91008
61.0000 1 6868.1728
61.1000 1 5368.70912
61.2000 1 5211.42272
61.3000 1 6364.85632
61.4000 1 7874.80576
61.5000 1 5798.62528
61.6000 1 6700.40064
61.7000 1 5001.70752
61.8000 1 6941.57312
61.9000 1 4802.47808
62.0000 1 4613.7344
62.1000 1 5662.3104
62.2000 1 5714.7392
62.3000 1 6417.28512
62.4000 1 7350.51776
62.5000 1 5064.62208
62.6000 1 4435.47648
62.7000 1 7245.66016
62.8000 1 6396.3136
62.9000 1 5704.25344
63.0000 1 4655.67744
63.1000 1 5767.168
63.2000 1 4697.62048
63.3000 1 6511.65696
63.4000 1 5913.96864
63.5000 1 6574.57152
63.6000 1 6480.19968
63.7000 1 5924.4544
63.8000 1 6343.8848
63.9000 1 5284.82304
64.0000 1 5106.56512
64.1000 1 6385.82784
64.2000 1 6522.14272
64.3000 1 5578.42432
64.4000 1 6616.51456
64.5000 1 5536.48128
64.6000 1 4739.56352
64.7000 1 6532.62848
64.8000 1 6805.25824
64.9000 1 5043.65056
65.0000 1 6155.14112
65.1000 1 7130.3168
65.2000 1 5158.99392
65.3000 1 4697.62048
65.4000 1 5641.33888
65.5000 1 5704.25344
65.6000 1 5431.62368
65.7000 1 5997.85472
65.8000 1 4613.7344
65.9000 1 5630.85312
66.0000 1 6878.65856
66.1000 1 4592.76288
66.2000 1 5830.08256
66.3000 1 6878.65856
66.4000 1 5672.79616
66.5000 1 5326.76608
66.6000 1 5725.22496
66.7000 1 7402.94656
66.8000 1 5263.85152
66.9000 1 4582.27712
67.0000 1 7843.34848
67.1000 1 5253.36576
67.2000 1 6375.34208
67.3000 1 6511.65696
67.4000 1 6459.22816
67.5000 1 6459.22816
67.6000 1 5400.1664
67.7000 1 6155.14112
67.8000 1 7644.11904
67.9000 1 6689.91488
68.0000 1 4917.82144
68.1000 1 5358.22336
68.2000 1 6941.57312
68.3000 1 4666.1632
68.4000 1 5001.70752
68.5000 1 6469.71392
68.6000 1 4383.04768
68.7000 1 5567.93856
68.8000 1 4477.41952
68.9000 1 5347.7376
69.0000 1 7277.11744
69.1000 1 6375.34208
69.2000 1 6322.91328
69.3000 1 4750.04928
69.4000 1 7182.7456
69.5000 1 5588.91008
69.6000 1 4592.76288
69.7000 1 6910.11584
69.8000 1 5410.65216
69.9000 1 6322.91328
70.0000 1 5190.4512
70.1000 1 5997.85472
70.2000 1 6658.4576
70.3000 1 5326.76608
70.4000 1 6585.05728
70.5000 1 5452.5952
70.6000 1 6627.00032
70.7000 1 5221.90848
70.8000 1 7235.1744
70.9000 1 5484.05248
71.0000 1 4267.70432
71.1000 1 8199.86432
71.2000 1 5022.67904
71.3000 1 6176.11264
71.4000 1 5809.11104
71.5000 1 7235.1744
71.6000 1 5672.79616
71.7000 1 4131.38944
71.8000 1 7843.34848
71.9000 1 6522.14272
72.0000 1 5546.96704
72.1000 1 5305.79456
72.2000 1 7098.85952
72.3000 1 5148.50816
72.4000 1 5295.3088
72.5000 1 6920.6016
72.6000 1 4655.67744
72.7000 1 4718.592
72.8000 1 7203.71712
72.9000 1 5735.71072
73.0000 1 4791.99232
73.1000 1 6417.28512
73.2000 1 5924.4544
73.3000 1 5578.42432
73.4000 1 5284.82304
73.5000 1 6385.82784
73.6000 1 6417.28512
73.7000 1 4917.82144
73.8000 1 7434.40384
73.9000 1 6878.65856
74.0000 1 5913.96864
74.1000 1 5305.79456
74.2000 1 6941.57312
74.3000 1 5221.90848
74.4000 1 6113.19808
74.5000 1 5819.5968
74.6000 1 6962.54464
74.7000 1 5442.10944
74.8000 1 4078.96064
74.9000 1 5913.96864
75.0000 1 3963.61728
75.1000 1 5714.7392
75.2000 1 4550.81984
75.3000 1 5190.4512
75.4000 1 7885.29152
75.5000 1 5138.0224
75.6000 1 5882.51136
75.7000 1 6008.34048
75.8000 1 5494.53824
75.9000 1 6176.11264
76.0000 1 5253.36576
76.1000 1 5924.4544
76.2000 1 4393.53344
76.3000 1 6228.54144
76.4000 1 7549.7472
76.5000 1 6532.62848
76.6000 1 5106.56512
76.7000 1 6647.97184
76.8000 1 6469.71392
76.9000 1 5735.71072
77.0000 1 5892.99712
77.1000 1 6689.91488
77.2000 1 6155.14112
77.3000 1 4729.07776
77.4000 1 5525.99552
77.5000 1 7507.80416
77.6000 1 5913.96864
77.7000 1 5442.10944
77.8000 1 6050.28352
77.9000 1 4802.47808
78.0000 1 6501.1712
78.1000 1 5588.91008
78.2000 1 7507.80416
78.3000 1 5735.71072
78.4000 1 5012.19328
78.5000 1 6973.0304
78.6000 1 6259.99872
78.7000 1 4309.64736
78.8000 1 6197.08416
78.9000 1 7130.3168
79.0000 1 6595.54304
79.1000 1 4771.0208
79.2000 1 5913.96864
79.3000 1 6438.25664
79.4000 1 6322.91328
79.5000 1 5505.024
79.6000 1 5945.42592
79.7000 1 4445.96224
79.8000 1 5567.93856
79.9000 1 6239.0272
80.0000 1 5442.10944
80.1000 1 5075.10784
80.2000 1 6543.11424
80.3000 1 5704.25344
80.4000 1 5494.53824
80.5000 1 7423.91808
80.6000 1 6962.54464
80.7000 1 4236.24704
80.8000 1 5536.48128
80.9000 1 5641.33888
81.0000 1 4833.93536
81.1000 1 6270.48448
81.2000 1 7696.54784
81.3000 1 5693.76768
81.4000 1 4886.36416
81.5000 1 6826.22976
81.6000 1 6259.99872
81.7000 1 6637.48608
81.8000 1 5588.91008
81.9000 1 6658.4576
82.0000 1 5609.8816
82.1000 1 4959.76448
82.2000 1 6427.77088
82.3000 1 6815.744
82.4000 1 3879.7312
82.5000 1 5777.65376
82.6000 1 5525.99552
82.7000 1 5012.19328
82.8000 1 6249.51296
82.9000 1 7025.4592
83.0000 1 5484.05248
83.1000 1 5484.05248
83.2000 1 6039.79776
83.3000 1 4613.7344
83.4000 1 5819.5968
83.5000 1 7245.66016
83.6000 1 5515.50976
83.7000 1 6459.22816
83.8000 1 6008.34048
83.9000 1 6385.82784
84.0000 1 5085.5936
84.1000 1 4865.39264
84.2000 1 6920.6016
84.3000 1 6186.5984
84.4000 1 4886.36416
84.5000 1 6459.22816
84.6000 1 7004.48768
84.7000 1 6018.82624
84.8000 1 6071.25504
84.9000 1 6071.25504
85.0000 1 7214.20288
85.1000 1 5442.10944
85.2000 1 5200.93696
85.3000 1 7088.37376
85.4000 1 5200.93696
85.5000 1 6448.7424
85.6000 1 5305.79456
85.7000 1 7748.97664
85.8000 1 6008.34048
85.9000 1 6207.56992
86.0000 1 5158.99392
86.1000 1 6249.51296
86.2000 1 5651.82464
86.3000 1 4907.33568
86.4000 1 6574.57152
86.5000 1 6448.7424
86.6000 1 6522.14272
86.7000 1 5546.96704
86.8000 1 7392.4608
86.9000 1 5630.85312
87.0000 1 5389.68064
87.1000 1 6710.8864
87.2000 1 5976.8832
87.3000 1 5347.7376
87.4000 1 5630.85312
87.5000 1 7203.71712
87.6000 1 5200.93696
87.7000 1 5200.93696
87.8000 1 7371.48928
87.9000 1 7025.4592
88.0000 1 5714.7392
88.1000 1 5326.76608
88.2000 1 6197.08416
88.3000 1 6480.19968
88.4000 1 6522.14272
88.5000 1 6375.34208
88.6000 1 6134.1696
88.7000 1 5830.08256
88.8000 1 4571.79136
88.9000 1 5683.28192
89.0000 1 5043.65056
89.1000 1 5588.91008
89.2000 1 7287.6032
89.3000 1 5421.13792
89.4000 1 4781.50656
89.5000 1 6564.08576
89.6000 1 7266.63168
89.7000 1 5955.91168
89.8000 1 4833.93536
89.9000 1 7067.40224
90.0000 1 6322.91328
90.1000 1 5033.1648
90.2000 1 5284.82304
90.3000 1 5484.05248
90.4000 1 5966.39744
90.5000 1 5379.19488
90.6000 1 5913.96864
90.7000 1 4676.64896
90.8000 1 6218.05568
90.9000 1 4771.0208
91.0000 1 4519.36256
91.1000 1 7497.3184
91.2000 1 5347.7376
91.3000 1 4613.7344
91.4000 1 6794.77248
91.5000 1 7486.83264
91.6000 1 6165.62688
91.7000 1 4896.84992
91.8000 1 6553.6
91.9000 1 7151.28832
92.0000 1 5683.28192
92.1000 1 4949.27872
92.2000 1 5851.05408
92.3000 1 5609.8816
92.4000 1 4697.62048
92.5000 1 6826.22976
92.6000 1 4812.96384
92.7000 1 4781.50656
92.8000 1 7969.1776
92.9000 1 6427.77088
93.0000 1 5924.4544
93.1000 1 5777.65376
93.2000 1 7361.00352
93.3000 1 6113.19808
93.4000 1 6270.48448
93.5000 1 5169.47968
93.6000 1 7581.20448
93.7000 1 5473.56672
93.8000 1 5735.71072
93.9000 1 5525.99552
94.0000 1 7906.26304
94.1000 1 6459.22816
94.2000 1 5295.3088
94.3000 1 6176.11264
94.4000 1 6994.00192
94.5000 1 6029.312
94.6000 1 5200.93696
94.7000 1 6564.08576
94.8000 1 6406.79936
94.9000 1 6543.11424
95.0000 1 6574.57152
95.1000 1 5179.96544
95.2000 1 7843.34848
95.3000 1 6102.71232
95.4000 1 5966.39744
95.5000 1 5305.79456
95.6000 1 6375.34208
95.7000 1 6354.37056
95.8000 1 6606.0288
95.9000 1 5788.13952
96.0000 1 7340.032
96.1000 1 6511.65696
96.2000 1 6102.71232
96.3000 1 5138.0224
96.4000 1 7874.80576
96.5000 1 5242.88
96.6000 1 6647.97184
96.7000 1 5536.48128
96.8000 1 6364.85632
96.9000 1 6176.11264
97.0000 1 6480.19968
97.1000 1 6595.54304
97.2000 1 6574.57152
97.3000 1 6490.68544
97.4000 1 4844.42112
97.5000 1 6364.85632
97.6000 1 6448.7424
97.7000 1 6532.62848
97.8000 1 5190.4512
97.9000 1 6018.82624
98.0000 1 5379.19488
98.1000 1 5473.56672
98.2000 1 5588.91008
98.3000 1 5672.79616
98.4000 1 6364.85632
98.5000 1 6165.62688
98.6000 1 5861.53984
98.7000 1 5756.68224
98.8000 1 5179.96544
98.9000 1 6731.85792
99.0000 1 4865.39264
99.1000 1 6144.65536
99.2000 1 7119.83104
99.3000 1 5861.53984
99.4000 1 4582.27712
99.5000 1 6291.456
99.6000 1 6459.22816
99.7000 1 5211.42272
99.8000 1 5410.65216
99.9000 1 6218.05568
100.0000 1 5683.28192
100.1000 1 5138.0224
100.2000 1 7612.66176
100.3000 1 6343.8848
100.4000 1 5809.11104
100.5000 1 5085.5936
100.6000 1 5242.88
100.7000 1 5872.0256
100.8000 1 5693.76768
100.9000 1 7172.25984
101.0000 1 5221.90848
101.1000 1 6417.28512
101.2000 1 6333.39904
101.3000 1 7245.66016
101.4000 1 4508.8768
101.5000 1 5651.82464
101.6000 1 7654.6048
101.7000 1 5274.33728
101.8000 1 6354.37056
101.9000 1 6343.8848
102.0000 1 7140.80256
102.1000 1 5955.91168
102.2000 1 6270.48448
102.3000 1 5117.05088
102.4000 1 7853.83424
102.5000 1 5609.8816
102.6000 1 5945.42592
102.7000 1 6564.08576
102.8000 1 6931.08736
102.9000 1 6144.65536
103.0000 1 5599.39584
103.1000 1 6291.456
103.2000 1 6994.00192
103.3000 1 4708.10624
103.4000 1 6008.34048
103.5000 1 6417.28512
103.6000 1 7486.83264
103.7000 1 4771.0208
103.8000 1 5798.62528
103.9000 1 6857.68704
104.0000 1 7392.4608
104.1000 1 5054.13632
104.2000 1 5903.48288
104.3000 1 6815.744
104.4000 1 6889.14432
104.5000 1 4592.76288
104.6000 1 5672.79616
104.7000 1 7507.80416
104.8000 1 5704.25344
104.9000 1 5934.94016
105.0000 1 5515.50976
105.1000 1 5903.48288
105.2000 1 6574.57152
105.3000 1 5022.67904
105.4000 1 7780.43392
105.5000 1 5358.22336
105.6000 1 6102.71232
105.7000 1 6647.97184
105.8000 1 6647.97184
105.9000 1 5892.99712
106.0000 1 5379.19488
106.1000 1 5934.94016
106.2000 1 6721.37216
106.3000 1 6396.3136
106.4000 1 5022.67904
106.5000 1 6952.05888
106.6000 1 6218.05568
106.7000 1 4938.79296
106.8000 1 6459.22816
106.9000 1 6826.22976
107.0000 1 6134.1696
107.1000 1 6427.77088
107.2000 1 4833.93536
107.3000 1 6826.22976
107.4000 1 4896.84992
107.5000 1 6438.25664
107.6000 1 6941.57312
107.7000 1 5473.56672
107.8000 1 4718.592
107.9000 1 6501.1712
108.0000 1 6029.312
108.1000 1 5809.11104
108.2000 1 5735.71072
108.3000 1 5620.36736
108.4000 1 5609.8816
108.5000 1 4865.39264
108.6000 1 7780.43392
108.7000 1 5620.36736
108.8000 1 5609.8816
108.9000 1 6123.68384
109.0000 1 6459.22816
109.1000 1 5389.68064
109.2000 1 5620.36736
109.3000 1 7067.40224
109.4000 1 5347.7376
109.5000 1 5127.53664
109.6000 1 6889.14432
109.7000 1 7507.80416
109.8000 1 5777.65376
109.9000 1 5892.99712
110.0000 1 6280.97024
110.1000 1 6910.11584
110.2000 1 5578.42432
110.3000 1 5672.79616
110.4000 1 6689.91488
110.5000 1 6480.19968
110.6000 1 5431.62368
110.7000 1 6553.6
110.8000 1 6627.00032
110.9000 1 6868.1728
111.0000 1 6060.76928
111.1000 1 4970.25024
111.2000 1 6375.34208
111.3000 1 5379.19488
111.4000 1 5410.65216
111.5000 1 6868.1728
111.6000 1 6301.94176
111.7000 1 6553.6
111.8000 1 5830.08256
111.9000 1 6417.28512
112.0000 1 7067.40224
112.1000 1 6710.8864
112.2000 1 5536.48128
112.3000 1 6018.82624
112.4000 1 7654.6048
112.5000 1 5442.10944
112.6000 1 5976.8832
112.7000 1 6081.7408
112.8000 1 7172.25984
112.9000 1 6155.14112
113.0000 1 6658.4576
113.1000 1 5630.85312
113.2000 1 7623.14752
113.3000 1 5662.3104
113.4000 1 5494.53824
113.5000 1 5830.08256
113.6000 1 7717.51936
113.7000 1 5284.82304
113.8000 1 6700.40064
113.9000 1 5337.25184
114.0000 1 7759.4624
114.1000 1 6522.14272
114.2000 1 6239.0272
114.3000 1 5578.42432
114.4000 1 7570.71872
114.5000 1 5662.3104
114.6000 1 5211.42272
114.7000 1 5934.94016
114.8000 1 5966.39744
114.9000 1 5075.10784
115.0000 1 6396.3136
115.1000 1 7707.0336
115.2000 1 5337.25184
115.3000 1 5138.0224
115.4000 1 6469.71392
115.5000 1 6836.71552
115.6000 1 6375.34208
115.7000 1 5955.91168
115.8000 1 5714.7392
115.9000 1 6637.48608
116.0000 1 6595.54304
116.1000 1 5368.70912
116.2000 1 6553.6
116.3000 1 6721.37216
116.4000 1 6050.28352
116.5000 1 5830.08256
116.6000 1 6574.57152
116.7000 1 6060.76928
116.8000 1 6574.57152
116.9000 1 5693.76768
117.0000 1 6836.71552
117.1000 1 7035.94496
117.2000 1 5337.25184
117.3000 1 6532.62848
117.4000 1 6218.05568
117.5000 1 6910.11584
117.6000 1 5389.68064
117.7000 1 6144.65536
117.8000 1 6689.91488
117.9000 1 6396.3136
118.0000 1 6532.62848
118.1000 1 6564.08576
118.2000 1 5557.4528
118.3000 1 7927.23456
118.4000 1 6532.62848
118.5000 1 5997.85472
118.6000 1 5924.4544
118.7000 1 7224.68864
118.8000 1 5934.94016
118.9000 1 6490.68544
119.0000 1 5253.36576
119.1000 1 7486.83264
119.2000 1 6878.65856
119.3000 1 6134.1696
119.4000 1 5934.94016
119.5000 1 6291.456
119.6000 1 6794.77248
119.7000 1 6438.25664
119.8000 1 5295.3088
119.9000 1 6689.91488
120.0000 1 6826.22976
120.1000 1 6270.48448
120.2000 1 6050.28352
120.3000 1 5809.11104
120.4000 1 7497.3184
120.5000 1 6553.6
120.6000 1 5725.22496
120.7000 1 6406.79936
120.8000 1 7340.032
120.9000 1 6647.97184
121.0000 1 5620.36736
121.1000 1 6480.19968
121.2000 1 6406.79936
121.3000 1 6773.80096
121.4000 1 5672.79616
121.5000 1 6113.19808
121.6000 1 6574.57152
121.7000 1 6637.48608
121.8000 1 5316.28032
121.9000 1 5085.5936
122.0000 1 7769.94816
122.1000 1 5452.5952
122.2000 1 6176.11264
122.3000 1 6595.54304
122.4000 1 7256.14592
122.5000 1 5966.39744
122.6000 1 6627.00032
122.7000 1 5127.53664
122.8000 1 7423.91808
122.9000 1 6385.82784
123.0000 1 6029.312
123.1000 1 6134.1696
123.2000 1 6627.00032
123.3000 1 5536.48128
123.4000 1 6543.11424
123.5000 1 6480.19968
123.6000 1 6490.68544
123.7000 1 6794.77248
123.8000 1 5463.08096
123.9000 1 5085.5936
124.0000 1 7728.00512
124.1000 1 5725.22496
124.2000 1 6176.11264
124.3000 1 6522.14272
124.4000 1 6805.25824
124.5000 1 6564.08576
124.6000 1 6574.57152
124.7000 1 5337.25184
124.8000 1 6763.3152
124.9000 1 5976.8832
125.0000 1 6406.79936
125.1000 1 5316.28032
125.2000 1 6532.62848
125.3000 1 5138.0224
125.4000 1 6585.05728
125.5000 1 5987.36896
125.6000 1 5861.53984
125.7000 1 6501.1712
125.8000 1 5851.05408
125.9000 1 6627.00032
126.0000 1 5662.3104
126.1000 1 6385.82784
126.2000 1 5578.42432
126.3000 1 7801.40544
126.4000 1 5546.96704
126.5000 1 5400.1664
126.6000 1 6092.22656
126.7000 1 7140.80256
126.8000 1 5861.53984
126.9000 1 5452.5952
127.0000 1 6689.91488
127.1000 1 6312.42752
127.2000 1 6333.39904
127.3000 1 6532.62848
127.4000 1 6574.57152
127.5000 1 6773.80096
127.6000 1 5117.05088
127.7000 1 4917.82144
127.8000 1 6574.57152
127.9000 1 5043.65056
128.0000 1 4938.79296
128.1000 1 5693.76768
128.2000 1 5169.47968
128.3000 1 5148.50816
128.4000 1 5442.10944
128.5000 1 5714.7392
128.6000 1 5934.94016
128.7000 1 7277.11744
128.8000 1 6060.76928
128.9000 1 5714.7392
129.0000 1 6354.37056
129.1000 1 6847.20128
129.2000 1 5410.65216
129.3000 1 5316.28032
129.4000 1 7056.91648
129.5000 1 6249.51296
129.6000 1 5410.65216
129.7000 1 6564.08576
129.8000 1 6511.65696
129.9000 1 6564.08576
130.0000 1 5525.99552
130.1000 1 5976.8832
130.2000 1 7350.51776
130.3000 1 6018.82624
130.4000 1 6396.3136
130.5000 1 6763.3152
130.6000 1 6134.1696
130.7000 1 5609.8816
130.8000 1 6427.77088
130.9000 1 6438.25664
131.0000 1 6627.00032
131.1000 1 6721.37216
131.2000 1 6354.37056
131.3000 1 5253.36576
131.4000 1 6836.71552
131.5000 1 6259.99872
131.6000 1 6574.57152
131.7000 1 6249.51296
131.8000 1 6448.7424
131.9000 1 5735.71072
132.0000 1 4760.53504
132.1000 1 5756.68224
132.2000 1 6564.08576
132.3000 1 5473.56672
132.4000 1 5515.50976
132.5000 1 7109.34528
132.6000 1 6008.34048
132.7000 1 6301.94176
132.8000 1 5012.19328
132.9000 1 4865.39264
133.0000 1 5777.65376
133.1000 1 6123.68384
133.2000 1 6008.34048
133.3000 1 6071.25504
133.4000 1 6039.79776
133.5000 1 5809.11104
133.6000 1 5525.99552
133.7000 1 6018.82624
133.8000 1 6448.7424
133.9000 1 6280.97024
134.0000 1 5830.08256
134.1000 1 5347.7376
134.2000 1 7224.68864
134.3000 1 5389.68064
134.4000 1 5798.62528
134.5000 1 6008.34048
134.6000 1 6983.51616
134.7000 1 5494.53824
134.8000 1 5987.36896
134.9000 1 6490.68544
135.0000 1 4750.04928
135.1000 1 4162.84672
135.2000 1 5473.56672
135.3000 1 4362.07616
135.4000 1 6102.71232
135.5000 1 4005.56032
135.6000 1 4854.90688
135.7000 1 5557.4528
135.8000 1 4414.50496
135.9000 1 5714.7392
136.0000 1 4435.47648
136.1000 1 4949.27872
136.2000 1 5043.65056
136.3000 1 4424.99072
136.4000 1 6186.5984
136.5000 1 4278.19008
136.6000 1 5200.93696
136.7000 1 4603.24864
136.8000 1 4550.81984
136.9000 1 5505.024
137.0000 1 4571.79136
137.1000 1 5976.8832
137.2000 1 5987.36896
137.3000 1 5588.91008
137.4000 1 5515.50976
137.5000 1 7098.85952
137.6000 1 5473.56672
137.7000 1 5672.79616
137.8000 1 6553.6
137.9000 1 5903.48288
138.0000 1 5861.53984
138.1000 1 5263.85152
138.2000 1 6805.25824
138.3000 1 5662.3104
138.4000 1 5379.19488
138.5000 1 6889.14432
138.6000 1 6008.34048
138.7000 1 5316.28032
138.8000 1 5588.91008
138.9000 1 6595.54304
139.0000 1 5662.3104
139.1000 1 5494.53824
139.2000 1 6742.34368
139.3000 1 5903.48288
139.4000 1 5421.13792
139.5000 1 6113.19808
139.6000 1 5955.91168
139.7000 1 5976.8832
139.8000 1 5830.08256
139.9000 1 6973.0304
140.0000 1 5536.48128
140.1000 1 5442.10944
140.2000 1 6207.56992
140.3000 1 7109.34528
140.4000 1 5672.79616
140.5000 1 5714.7392
140.6000 1 6647.97184
140.7000 1 6029.312
140.8000 1 5987.36896
140.9000 1 5505.024
141.0000 1 7161.77408
141.1000 1 5830.08256
141.2000 1 5756.68224
141.3000 1 5630.85312
141.4000 1 6889.14432
141.5000 1 5924.4544
141.6000 1 5630.85312
141.7000 1 6710.8864
141.8000 1 5840.56832
141.9000 1 5400.1664
142.0000 1 5767.168
142.1000 1 6627.00032
142.2000 1 5872.0256
142.3000 1 5641.33888
142.4000 1 6564.08576
142.5000 1 5725.22496
142.6000 1 2044.7232
