Will transfer 1000 files
0.1000 16 0.0
0.2000 16 31981.568
0.3000 16 36259.75808
0.4000 16 35106.32448
0.5000 16 34204.54912
0.6000 16 21044.92032
0.7000 16 26518.48704
0.8000 16 33669.77536
0.9000 16 22083.01056
1.0000 16 13600.03072
1.1000 16 17238.58944
1.2000 16 13526.6304
1.3000 16 17165.18912
1.4000 16 12173.96736
1.5000 16 12037.65248
1.6000 16 13295.94368
1.7000 16 13704.88832
1.8000 16 17720.9344
1.9000 16 12866.02752
2.0000 16 12383.68256
2.1000 16 11429.4784
2.2000 16 11471.42144
2.3000 16 16294.87104
2.4000 16 17228.10368
2.5000 16 13107.2
2.6000 16 11293.16352
2.7000 16 15130.95168
2.8000 16 14166.26176
2.9000 16 16294.87104
3.0000 16 15560.86784
3.1000 16 15476.98176
3.2000 16 11146.36288
3.3000 16 15760.09728
3.4000 16 15340.66688
3.5000 16 15959.32672
3.6000 16 18402.5088
3.7000 16 19073.59744
3.8000 16 13809.74592
3.9000 16 13044.28544
4.0000 16 14585.69216
4.1000 16 11702.10816
4.2000 16 17238.58944
4.3000 16 11093.93408
4.4000 16 10422.84544
4.5000 16 11660.16512
4.6000 16 19167.96928
4.7000 16 13935.57504
4.8000 16 12194.93888
4.9000 16 12079.59552
5.0000 16 10947.13344
5.1000 16 19262.34112
5.2000 16 23519.55968
5.3000 16 20258.48832
5.4000 16 18182.30784
5.5000 16 21789.40928
5.6000 16 19084.0832
5.7000 16 11723.07968
5.8000 16 10548.67456
5.9000 16 14480.83456
6.0000 16 13809.74592
6.1000 16 18916.31104
6.2000 16 17458.7904
6.3000 16 17804.82048
6.4000 16 22450.01216
6.5000 16 16179.52768
6.6000 16 18759.02464
6.7000 16 26549.94432
6.8000 16 19765.6576
6.9000 16 13778.28864
7.0000 16 15917.38368
7.1000 16 16336.81408
7.2000 16 18675.13856
7.3000 16 14449.37728
7.4000 16 12383.68256
7.5000 16 12016.68096
7.6000 16 13904.11776
7.7000 16 15298.72384
7.8000 16 18507.3664
7.9000 16 19587.39968
8.0000 16 13023.31392
8.1000 16 21076.3776
8.2000 16 19178.45504
8.3000 16 17427.33312
8.4000 16 10485.76
8.5000 16 11880.36608
8.6000 16 13474.2016
8.7000 16 19084.0832
8.8000 16 20185.088
8.9000 16 17112.76032
9.0000 16 18171.82208
9.1000 16 15833.4976
9.2000 16 13904.11776
9.3000 16 14459.86304
9.4000 16 16053.69856
9.5000 16 18989.71136
9.6000 16 20227.03104
9.7000 16 18832.42496
9.8000 16 15990.784
9.9000 16 18161.33632
10.0000 16 15130.95168
10.1000 16 15969.81248
10.2000 16 21778.92352
10.3000 16 11827.93728
10.4000 16 12048.13824
10.5000 16 12582.912
10.6000 16 16378.75712
10.7000 16 17217.61792
10.8000 16 14659.09248
10.9000 16 14302.57664
11.0000 16 11125.39136
11.1000 16 15204.352
11.2000 16 13956.54656
11.3000 16 12677.28384
11.4000 16 17007.90272
11.5000 16 14428.40576
11.6000 16 16410.2144
11.7000 16 10653.53216
11.8000 16 14638.12096
11.9000 16 15288.23808
12.0000 16 14103.3472
12.1000 16 17112.76032
12.2000 16 10422.84544
12.3000 16 11555.30752
12.4000 16 11943.28064
12.5000 16 14438.89152
12.6000 16 13327.40096
12.7000 16 12918.45632
12.8000 16 14942.208
12.9000 16 17720.9344
13.0000 16 14732.4928
13.1000 16 17280.53248
13.2000 16 14302.57664
13.3000 16 13967.03232
13.4000 16 12467.56864
13.5000 16 13274.97216
13.6000 16 12949.9136
13.7000 16 12142.51008
13.8000 16 14292.09088
13.9000 16 13516.14464
14.0000 16 11890.85184
14.1000 16 14334.03392
14.2000 16 17972.59264
14.3000 16 12614.36928
14.4000 16 22638.75584
14.5000 16 19881.00096
14.6000 16 15372.12416
14.7000 16 16169.04192
14.8000 16 16525.55776
14.9000 16 19178.45504
15.0000 16 12572.42624
15.1000 16 13704.88832
15.2000 16 16001.26976
15.3000 16 16095.6416
15.4000 16 15497.95328
15.5000 16 12142.51008
15.6000 16 13568.57344
15.7000 16 16420.70016
15.8000 16 20069.74464
15.9000 16 20772.29056
16.0000 16 18329.10848
16.1000 16 18171.82208
16.2000 16 17217.61792
16.3000 16 14554.23488
16.4000 16 13495.17312
16.5000 16 13673.43104
16.6000 16 16043.2128
16.7000 16 12226.39616
16.8000 16 13369.344
16.9000 16 13547.60192
17.0000 16 17416.84736
17.1000 16 21642.60864
17.2000 16 22984.78592
17.3000 16 31111.24992
17.4000 16 22083.01056
17.5000 16 18454.9376
17.6000 16 16190.01344
17.7000 16 13316.9152
17.8000 16 20698.89024
17.9000 16 19115.54048
18.0000 16 18591.25248
18.1000 16 19755.17184
18.2000 16 14396.94848
18.3000 16 18475.90912
18.4000 16 20300.43136
18.5000 16 16787.70176
18.6000 16 13065.25696
18.7000 16 15686.69696
18.8000 16 12981.37088
18.9000 16 15854.46912
19.0000 16 14250.14784
19.1000 16 18643.68128
19.2000 16 12362.71104
19.3000 16 13379.82976
19.4000 16 15581.83936
19.5000 16 12677.28384
19.6000 16 12436.11136
19.7000 16 12499.02592
19.8000 16 12415.13984
19.9000 16 15340.66688
20.0000 16 15602.81088
20.1000 16 18339.59424
20.2000 16 13495.17312
20.3000 16 15697.18272
20.4000 16 14292.09088
20.5000 16 13369.344
20.6000 16 13453.23008
20.7000 16 17616.0768
20.8000 16 12362.71104
20.9000 16 12090.08128
21.0000 16 12383.68256
21.1000 16 12205.42464
21.2000 16 18108.90752
21.3000 16 19000.19712
21.4000 16 17878.2208
21.5000 16 18266.19392
21.6000 16 15089.00864
21.7000 16 12593.39776
21.8000 16 14900.26496
21.9000 16 15634.26816
22.0000 16 15330.18112
22.1000 16 12027.16672
22.2000 16 13736.3456
22.3000 16 14334.03392
22.4000 16 13788.7744
22.5000 16 17962.10688
22.6000 16 13998.4896
22.7000 16 17311.98976
22.8000 16 17972.59264
22.9000 16 12446.59712
23.0000 16 18035.5072
23.1000 16 15372.12416
23.2000 16 15372.12416
23.3000 16 15581.83936
23.4000 16 13799.26016
23.5000 16 13904.11776
23.6000 16 14690.54976
23.7000 16 15193.86624
23.8000 16 24368.90624
23.9000 16 18171.82208
24.0000 16 15613.29664
24.1000 16 19010.68288
24.2000 16 17395.87584
24.3000 16 13998.4896
24.4000 16 15875.44064
24.5000 16 14218.69056
24.6000 16 16536.04352
24.7000 16 14543.74912
24.8000 16 16347.29984
24.9000 16 12184.45312
25.0000 16 15613.29664
25.1000 16 17846.76352
25.2000 16 18947.76832
25.3000 16 10443.81696
25.4000 16 13075.74272
25.5000 16 14889.7792
25.6000 16 10559.16032
25.7000 16 15015.60832
25.8000 16 16714.30144
25.9000 16 17311.98976
26.0000 16 15068.03712
26.1000 16 16986.9312
26.2000 16 16336.81408
26.3000 16 14019.46112
26.4000 16 18717.0816
26.5000 16 14795.40736
26.6000 16 19797.11488
26.7000 16 26025.65632
26.8000 16 17511.2192
26.9000 16 18570.28096
27.0000 16 13988.00384
27.1000 16 13589.54496
27.2000 16 15015.60832
27.3000 16 13967.03232
27.4000 16 13851.68896
27.5000 16 15340.66688
27.6000 16 16294.87104
27.7000 16 15781.0688
27.8000 16 14281.60512
27.9000 16 19010.68288
28.0000 16 21684.55168
28.1000 16 26036.14208
28.2000 16 14763.95008
28.3000 16 14428.40576
28.4000 16 17762.87744
28.5000 16 14124.31872
28.6000 16 15183.38048
28.7000 16 15382.60992
28.8000 16 18171.82208
28.9000 16 23267.90144
29.0000 16 22429.04064
29.1000 16 23435.6736
29.2000 16 16525.55776
29.3000 16 16808.67328
29.4000 16 13820.23168
29.5000 16 22250.78272
29.6000 16 28835.84
29.7000 16 24400.36352
29.8000 16 23257.41568
29.9000 16 18717.0816
30.0000 16 18297.6512
30.1000 16 16735.27296
30.2000 16 15770.58304
30.3000 16 13086.22848
30.4000 16 15770.58304
30.5000 16 16850.61632
30.6000 16 13883.14624
30.7000 16 19818.0864
30.8000 16 15340.66688
30.9000 16 13621.00224
31.0000 16 14952.69376
31.1000 16 11219.7632
31.2000 16 12467.56864
31.3000 16 13484.68736
31.4000 16 17395.87584
31.5000 16 14722.00704
31.6000 16 12677.28384
31.7000 16 10810.81856
31.8000 16 13516.14464
31.9000 16 20950.54848
32.0000 16 17647.53408
32.1000 16 17825.792
32.2000 16 14071.88992
32.3000 16 14365.4912
32.4000 16 12886.99904
32.5000 16 16913.53088
32.6000 16 14889.7792
32.7000 16 16242.44224
32.8000 16 17395.87584
32.9000 16 14910.75072
33.0000 16 13725.85984
33.1000 16 15518.9248
33.2000 16 13442.74432
33.3000 16 11062.4768
33.4000 16 14334.03392
33.5000 16 13463.71584
33.6000 16 16095.6416
33.7000 16 17165.18912
33.8000 16 12226.39616
33.9000 16 11712.59392
34.0000 16 13526.6304
34.1000 16 15141.43744
34.2000 16 19157.48352
34.3000 16 17374.90432
34.4000 16 16473.12896
34.5000 16 15791.55456
34.6000 16 14124.31872
34.7000 16 15539.89632
34.8000 16 11586.7648
34.9000 16 11974.73792
35.0000 16 12603.88352
35.1000 16 16986.9312
35.2000 16 16483.61472
35.3000 16 14774.43584
35.4000 16 16997.41696
35.5000 16 13421.7728
35.6000 16 13547.60192
35.7000 16 15466.496
35.8000 16 10359.93088
35.9000 16 11649.67936
36.0000 16 16032.72704
36.1000 16 13096.71424
36.2000 16 14669.57824
36.3000 16 13327.40096
36.4000 16 9825.15712
36.5000 16 12404.65408
36.6000 16 12457.08288
36.7000 16 13652.45952
36.8000 16 20038.28736
36.9000 16 18129.87904
37.0000 16 13411.28704
37.1000 16 16368.27136
37.2000 16 19251.85536
37.3000 16 15466.496
37.4000 16 15246.29504
37.5000 16 12278.82496
37.6000 16 17616.0768
37.7000 16 12551.45472
37.8000 16 13107.2
37.9000 16 15634.26816
38.0000 16 12352.22528
38.1000 16 17521.70496
38.2000 16 13243.51488
38.3000 16 14680.064
38.4000 16 19503.5136
38.5000 16 13893.632
38.6000 16 18412.99456
38.7000 16 18077.45024
38.8000 16 18622.70976
38.9000 16 12247.36768
39.0000 16 10569.64608
39.1000 16 11062.4768
39.2000 16 12603.88352
39.3000 16 12362.71104
39.4000 16 11712.59392
39.5000 16 13432.25856
39.6000 16 14428.40576
39.7000 16 12090.08128
39.8000 16 16682.84416
39.9000 16 14847.83616
40.0000 16 14900.26496
40.1000 16 19671.28576
40.2000 16 18769.5104
40.3000 16 15361.6384
40.4000 16 18444.45184
40.5000 16 17353.9328
40.6000 16 17899.19232
40.7000 16 13484.68736
40.8000 16 13474.2016
40.9000 16 14501.80608
41.0000 16 12761.16992
41.1000 16 14061.40416
41.2000 16 13673.43104
41.3000 16 10527.70304
41.4000 16 11995.70944
41.5000 16 11272.192
41.6000 16 12457.08288
41.7000 16 10349.44512
41.8000 16 10464.78848
41.9000 16 13054.7712
42.0000 16 16798.18752
42.1000 16 18339.59424
42.2000 16 16630.41536
42.3000 16 12519.99744
42.4000 16 15697.18272
42.5000 16 10338.95936
42.6000 16 10412.35968
42.7000 16 12656.31232
42.8000 16 14166.26176
42.9000 16 12897.4848
43.0000 16 11418.99264
43.1000 16 11502.87872
43.2000 16 11660.16512
43.3000 16 14355.00544
43.4000 16 13254.00064
43.5000 16 14543.74912
43.6000 16 15781.0688
43.7000 16 16368.27136
43.8000 16 9877.58592
43.9000 16 12666.79808
44.0000 16 12016.68096
44.1000 16 17437.81888
44.2000 16 15057.55136
44.3000 16 15634.26816
44.4000 16 12876.51328
44.5000 16 17249.0752
44.6000 16 13295.94368
44.7000 16 15068.03712
44.8000 16 12373.1968
44.9000 16 13631.488
45.0000 16 18800.96768
45.1000 16 18979.2256
45.2000 16 17521.70496
45.3000 16 14910.75072
45.4000 16 13579.0592
45.5000 16 15351.15264
45.6000 16 10244.58752
45.7000 16 15686.69696
45.8000 16 10066.3296
45.9000 16 14428.40576
46.0000 16 17018.38848
46.1000 16 16913.53088
46.2000 16 14281.60512
46.3000 16 10632.56064
46.4000 16 10066.3296
46.5000 16 10244.58752
46.6000 16 9479.12704
46.7000 16 10181.67296
46.8000 16 11335.10656
46.9000 16 8839.49568
47.0000 16 9384.7552
47.1000 16 13065.25696
47.2000 16 14082.37568
47.3000 16 12226.39616
47.4000 16 13694.40256
47.5000 16 12614.36928
47.6000 16 12886.99904
47.7000 16 14071.88992
47.8000 16 17490.24768
47.9000 16 15487.46752
48.0000 16 12436.11136
48.1000 16 19901.97248
48.2000 16 21223.17824
48.3000 16 20761.8048
48.4000 16 19755.17184
48.5000 16 15351.15264
48.6000 16 13484.68736
48.7000 16 15204.352
48.8000 16 14145.29024
48.9000 16 12855.54176
49.0000 16 14470.3488
49.1000 16 13736.3456
49.2000 16 14470.3488
49.3000 16 19744.68608
49.4000 16 19734.20032
49.5000 16 16640.90112
49.6000 16 14082.37568
49.7000 16 12645.82656
49.8000 16 15770.58304
49.9000 16 17553.16224
50.0000 16 14218.69056
50.1000 16 12100.56704
50.2000 16 10789.84704
50.3000 16 11848.9088
50.4000 16 17332.96128
50.5000 16 15885.9264
50.6000 16 16504.58624
50.7000 16 15854.46912
50.8000 16 10632.56064
50.9000 16 14250.14784
51.0000 16 18769.5104
51.1000 16 14071.88992
51.2000 16 13379.82976
51.3000 16 16672.3584
51.4000 16 12530.4832
51.5000 16 14994.6368
51.6000 16 15424.55296
51.7000 16 11104.41984
51.8000 16 16808.67328
51.9000 16 12215.9104
52.0000 16 13295.94368
52.1000 16 9992.92928
52.2000 16 14302.57664
52.3000 16 11041.50528
52.4000 16 14197.71904
52.5000 16 13862.17472
52.6000 16 12677.28384
52.7000 16 14166.26176
52.8000 16 16116.61312
52.9000 16 11010.048
53.0000 16 14281.60512
53.1000 16 13107.2
53.2000 16 10265.55904
53.3000 16 15120.46592
53.4000 16 11010.048
53.5000 16 13033.79968
53.6000 16 10590.6176
53.7000 16 9468.64128
53.8000 16 11114.9056
53.9000 16 13935.57504
54.0000 16 17668.5056
54.1000 16 17228.10368
54.2000 16 14071.88992
54.3000 16 9867.10016
54.4000 16 5494.53824
Time 54489 ms
