Will transfer 1000 files
0.1000 16 0.0
0.2000 16 24683.47904
0.3000 16 26099.05664
0.4000 16 23603.44576
0.5000 16 27808.23552
0.6000 16 15864.95488
0.7000 16 16106.12736
0.8000 16 27315.4048
0.9000 16 28993.1264
1.0000 16 25543.31136
1.1000 16 16829.6448
1.2000 16 19220.39808
1.3000 16 22680.69888
1.4000 16 24159.19104
1.5000 16 17332.96128
1.6000 16 15560.86784
1.7000 16 34131.1488
1.8000 16 34603.008
1.9000 16 31142.7072
2.0000 16 27367.8336
2.1000 16 31698.45248
2.2000 16 23918.01856
2.3000 16 16577.98656
2.4000 16 23603.44576
2.5000 16 21044.92032
2.6000 16 16452.15744
2.7000 16 17857.24928
2.8000 16 18811.45344
2.9000 16 12278.82496
3.0000 16 14554.23488
3.1000 16 17332.96128
3.2000 16 15592.32512
3.3000 16 17689.47712
3.4000 16 20258.48832
3.5000 16 17490.24768
3.6000 16 14732.4928
3.7000 16 14837.3504
3.8000 16 12698.25536
3.9000 16 12016.68096
4.0000 16 16074.67008
4.1000 16 16221.47072
4.2000 16 13662.94528
4.3000 16 14313.0624
4.4000 16 20195.57376
4.5000 16 13967.03232
4.6000 16 12415.13984
4.7000 16 17353.9328
4.8000 16 19534.97088
4.9000 16 12194.93888
5.0000 16 16703.81568
5.1000 16 16294.87104
5.2000 16 20279.45984
5.3000 16 17112.76032
5.4000 16 12540.96896
5.5000 16 14281.60512
5.6000 16 18926.7968
5.7000 16 11890.85184
5.8000 16 11964.25216
5.9000 16 12991.85664
6.0000 16 13002.3424
6.1000 16 16598.95808
6.2000 16 16913.53088
6.3000 16 14407.43424
6.4000 16 12551.45472
6.5000 16 18884.85376
6.6000 16 18224.25088
6.7000 16 14019.46112
6.8000 16 17762.87744
6.9000 16 14617.14944
7.0000 16 12729.71264
7.1000 16 10905.1904
7.2000 16 16305.3568
7.3000 16 20331.88864
7.4000 16 18633.19552
7.5000 16 17720.9344
7.6000 16 16724.7872
7.7000 16 12970.88512
7.8000 16 14732.4928
7.9000 16 15319.69536
8.0000 16 13641.97376
8.1000 16 13631.488
8.2000 16 15204.352
8.3000 16 21684.55168
8.4000 16 19115.54048
8.5000 16 16085.15584
8.6000 16 18077.45024
8.7000 16 16483.61472
8.8000 16 13704.88832
8.9000 16 17364.41856
9.0000 16 14512.29184
9.1000 16 18895.33952
9.2000 16 19744.68608
9.3000 16 16137.58464
9.4000 16 17123.24608
9.5000 16 18633.19552
9.6000 16 13002.3424
9.7000 16 14050.9184
9.8000 16 18884.85376
9.9000 16 14826.86464
10.0000 16 15214.83776
10.1000 16 17720.9344
10.2000 16 22565.35552
10.3000 16 20499.6608
10.4000 16 16682.84416
10.5000 16 15602.81088
10.6000 16 20656.9472
10.7000 16 14596.17792
10.8000 16 14040.43264
10.9000 16 13568.57344
11.0000 16 13788.7744
11.1000 16 16598.95808
11.2000 16 17353.9328
11.3000 16 13841.2032
11.4000 16 15130.95168
11.5000 16 11880.36608
11.6000 16 13673.43104
11.7000 16 16829.6448
11.8000 16 15833.4976
11.9000 16 18266.19392
12.0000 16 14931.72224
12.1000 16 13925.08928
12.2000 16 10590.6176
12.3000 16 10947.13344
12.4000 16 10454.30272
12.5000 16 9363.78368
12.6000 16 10255.07328
12.7000 16 13537.11616
12.8000 16 12111.0528
12.9000 16 11398.02112
13.0000 16 13579.0592
13.1000 16 13841.2032
13.2000 16 15466.496
13.3000 16 18643.68128
13.4000 16 17343.44704
13.5000 16 15382.60992
13.6000 16 12373.1968
13.7000 16 13841.2032
13.8000 16 16378.75712
13.9000 16 16336.81408
14.0000 16 18129.87904
14.1000 16 13631.488
14.2000 16 14921.23648
14.3000 16 22743.61344
14.4000 16 22827.49952
14.5000 16 22198.35392
14.6000 16 18968.73984
14.7000 16 14669.57824
14.8000 16 16997.41696
14.9000 16 15235.80928
15.0000 16 15864.95488
15.1000 16 17773.3632
15.2000 16 16263.41376
15.3000 16 14250.14784
15.4000 16 18444.45184
15.5000 16 14973.66528
15.6000 16 16735.27296
15.7000 16 16557.01504
15.8000 16 15707.66848
15.9000 16 21527.26528
16.0000 16 22187.86816
16.1000 16 18475.90912
16.2000 16 13054.7712
16.3000 16 16064.18432
16.4000 16 16892.55936
16.5000 16 25291.65312
16.6000 16 20405.28896
16.7000 16 21485.32224
16.8000 16 16672.3584
16.9000 16 15267.26656
17.0000 16 17070.81728
17.1000 16 19409.14176
17.2000 16 17311.98976
17.3000 16 15560.86784
17.4000 16 17332.96128
17.5000 16 17972.59264
17.6000 16 15361.6384
17.7000 16 11156.84864
17.8000 16 10978.59072
17.9000 16 11576.27904
18.0000 16 17699.96288
18.1000 16 18350.08
18.2000 16 16557.01504
18.3000 16 15361.6384
18.4000 16 12006.1952
18.5000 16 14355.00544
18.6000 16 16210.98496
18.7000 16 12792.6272
18.8000 16 13809.74592
18.9000 16 14092.86144
19.0000 16 13537.11616
19.1000 16 14313.0624
19.2000 16 13767.80288
19.3000 16 22502.44096
19.4000 16 23016.2432
19.5000 16 20950.54848
19.6000 16 17888.70656
19.7000 16 15487.46752
19.8000 16 14701.03552
19.9000 16 19713.2288
20.0000 16 19513.99936
20.1000 16 15246.29504
20.2000 16 11607.73632
20.3000 16 10936.64768
20.4000 16 12991.85664
20.5000 16 17112.76032
20.6000 16 15015.60832
20.7000 16 14564.72064
20.8000 16 15414.0672
20.9000 16 25910.31296
21.0000 16 17049.84576
21.1000 16 16651.38688
21.2000 16 20835.20512
21.3000 16 15225.32352
21.4000 16 16546.52928
21.5000 16 18381.53728
21.6000 16 12803.11296
21.7000 16 16431.18592
21.8000 16 14942.208
21.9000 16 18895.33952
22.0000 16 25144.85248
22.1000 16 19975.3728
22.2000 16 19346.2272
22.3000 16 15854.46912
22.4000 16 16074.67008
22.5000 16 17815.30624
22.6000 16 18203.27936
22.7000 16 16997.41696
22.8000 16 11943.28064
22.9000 16 10768.87552
23.0000 16 12058.624
23.1000 16 11481.9072
23.2000 16 13652.45952
23.3000 16 12645.82656
23.4000 16 13872.66048
23.5000 16 13736.3456
23.6000 16 14659.09248
23.7000 16 14197.71904
23.8000 16 15487.46752
23.9000 16 16190.01344
24.0000 16 15833.4976
24.1000 16 15382.60992
24.2000 16 12855.54176
24.3000 16 14847.83616
24.4000 16 11754.53696
24.5000 16 12897.4848
24.6000 16 10947.13344
24.7000 16 12687.7696
24.8000 16 17332.96128
24.9000 16 14879.29344
25.0000 16 11513.36448
25.1000 16 9940.50048
25.2000 16 10580.13184
25.3000 16 13820.23168
25.4000 16 16766.73024
25.5000 16 12771.65568
25.6000 16 17595.10528
25.7000 16 13778.28864
25.8000 16 17678.99136
25.9000 16 11890.85184
26.0000 16 11471.42144
26.1000 16 12845.056
26.2000 16 12824.08448
26.3000 16 16158.55616
26.4000 16 16546.52928
26.5000 16 18182.30784
26.6000 16 10517.21728
26.7000 16 11943.28064
26.8000 16 14533.26336
26.9000 16 16682.84416
27.0000 16 17626.56256
27.1000 16 21600.6656
27.2000 16 14166.26176
27.3000 16 15099.4944
27.4000 16 20027.8016
27.5000 16 14344.51968
27.6000 16 14564.72064
27.7000 16 16672.3584
27.8000 16 13316.9152
27.9000 16 19692.25728
28.0000 16 17343.44704
28.1000 16 12740.1984
28.2000 16 13274.97216
28.3000 16 14701.03552
28.4000 16 11953.7664
28.5000 16 14197.71904
28.6000 16 17836.27776
28.7000 16 16022.24128
28.8000 16 11198.79168
28.9000 16 14396.94848
29.0000 16 13274.97216
29.1000 16 15550.38208
29.2000 16 18392.02304
29.3000 16 15351.15264
29.4000 16 12603.88352
29.5000 16 13652.45952
29.6000 16 17720.9344
29.7000 16 17857.24928
29.8000 16 17794.33472
29.9000 16 17437.81888
30.0000 16 14795.40736
30.1000 16 12603.88352
30.2000 16 14145.29024
30.3000 16 12278.82496
30.4000 16 17018.38848
30.5000 16 10653.53216
30.6000 16 11492.39296
30.7000 16 15382.60992
30.8000 16 16525.55776
30.9000 16 17972.59264
31.0000 16 15581.83936
31.1000 16 12803.11296
31.2000 16 14155.776
31.3000 16 16651.38688
31.4000 16 17762.87744
31.5000 16 17343.44704
31.6000 16 13610.51648
31.7000 16 13631.488
31.8000 16 15823.01184
31.9000 16 13369.344
32.0000 16 15393.09568
32.1000 16 12394.16832
32.2000 16 13107.2
32.3000 16 14050.9184
32.4000 16 12928.94208
32.5000 16 10821.30432
32.6000 16 10643.0464
32.7000 16 14826.86464
32.8000 16 16106.12736
32.9000 16 12582.912
33.0000 16 16200.4992
33.1000 16 14868.80768
33.2000 16 13358.85824
33.3000 16 17238.58944
33.4000 16 19209.91232
33.5000 16 13904.11776
33.6000 16 12603.88352
33.7000 16 16389.24288
33.8000 16 14774.43584
33.9000 16 13201.57184
34.0000 16 17668.5056
34.1000 16 13065.25696
34.2000 16 14050.9184
34.3000 16 14355.00544
34.4000 16 16368.27136
34.5000 16 14774.43584
34.6000 16 15739.12576
34.7000 16 14375.97696
34.8000 16 12876.51328
34.9000 16 15225.32352
35.0000 16 15214.83776
35.1000 16 16609.44384
35.2000 16 12991.85664
35.3000 16 13704.88832
35.4000 16 16483.61472
35.5000 16 16336.81408
35.6000 16 15298.72384
35.7000 16 19503.5136
35.8000 16 14208.2048
35.9000 16 16137.58464
36.0000 16 17920.16384
36.1000 16 19891.48672
36.2000 16 18549.30944
36.3000 16 13138.65728
36.4000 16 15686.69696
36.5000 16 13128.17152
36.6000 16 11177.82016
36.7000 16 14596.17792
36.8000 16 13851.68896
36.9000 16 13086.22848
37.0000 16 14784.9216
37.1000 16 14417.92
37.2000 16 16787.70176
37.3000 16 15267.26656
37.4000 16 16609.44384
37.5000 16 15319.69536
37.6000 16 16808.67328
37.7000 16 17217.61792
37.8000 16 12551.45472
37.9000 16 13369.344
38.0000 16 12446.59712
38.1000 16 12226.39616
38.2000 16 12048.13824
38.3000 16 11345.59232
38.4000 16 12582.912
38.5000 16 15875.44064
38.6000 16 13474.2016
38.7000 16 11523.85024
38.8000 16 14784.9216
38.9000 16 12813.59872
39.0000 16 12373.1968
39.1000 16 14753.46432
39.2000 16 14816.37888
39.3000 16 13778.28864
39.4000 16 15456.01024
39.5000 16 12499.02592
39.6000 16 15571.3536
39.7000 16 19052.62592
39.8000 16 13411.28704
39.9000 16 11911.82336
40.0000 16 15697.18272
40.1000 16 10643.0464
40.2000 16 10118.7584
40.3000 16 13012.82816
40.4000 16 12970.88512
40.5000 16 15634.26816
40.6000 16 16630.41536
40.7000 16 15634.26816
40.8000 16 15487.46752
40.9000 16 16022.24128
41.0000 16 10181.67296
41.1000 16 13841.2032
41.2000 16 13274.97216
41.3000 16 11010.048
41.4000 16 14795.40736
41.5000 16 15707.66848
41.6000 16 16483.61472
41.7000 16 11890.85184
41.8000 16 13285.45792
41.9000 16 13390.31552
42.0000 16 15435.03872
42.1000 16 15487.46752
42.2000 16 14323.54816
42.3000 16 15969.81248
42.4000 16 17144.2176
42.5000 16 19063.11168
42.6000 16 18989.71136
42.7000 16 17626.56256
42.8000 16 17867.73504
42.9000 16 15980.29824
43.0000 16 16169.04192
43.1000 16 13925.08928
43.2000 16 15172.89472
43.3000 16 15749.61152
43.4000 16 10108.27264
43.5000 16 15036.57984
43.6000 16 15214.83776
43.7000 16 14617.14944
43.8000 16 14543.74912
43.9000 16 15057.55136
44.0000 16 18108.90752
44.1000 16 15130.95168
44.2000 16 11848.9088
44.3000 16 18633.19552
44.4000 16 18056.47872
44.5000 16 14973.66528
44.6000 16 14092.86144
44.7000 16 13191.08608
44.8000 16 16640.90112
44.9000 16 19251.85536
45.0000 16 15623.7824
45.1000 16 16399.72864
45.2000 16 17133.73184
45.3000 16 14239.66208
45.4000 16 13516.14464
45.5000 16 13715.37408
45.6000 16 16378.75712
45.7000 16 16273.89952
45.8000 16 13830.71744
45.9000 16 10045.35808
46.0000 16 14334.03392
46.1000 16 17249.0752
46.2000 16 17794.33472
46.3000 16 15749.61152
46.4000 16 12394.16832
46.5000 16 11660.16512
46.6000 16 11020.53376
46.7000 16 14155.776
46.8000 16 14480.83456
46.9000 16 16221.47072
47.0000 16 17112.76032
47.1000 16 11492.39296
47.2000 16 12771.65568
47.3000 16 11995.70944
47.4000 16 15109.98016
47.5000 16 18108.90752
47.6000 16 13652.45952
47.7000 16 10999.56224
47.8000 16 12425.6256
47.9000 16 16106.12736
48.0000 16 16315.84256
48.1000 16 15078.52288
48.2000 16 12540.96896
48.3000 16 11555.30752
48.4000 16 12939.42784
48.5000 16 15235.80928
48.6000 16 12090.08128
48.7000 16 11848.9088
48.8000 16 18717.0816
48.9000 16 19314.76992
49.0000 16 15833.4976
49.1000 16 20625.48992
49.2000 16 18591.25248
49.3000 16 16693.32992
49.4000 16 16787.70176
49.5000 16 15539.89632
49.6000 16 17291.01824
49.7000 16 15644.75392
49.8000 16 15424.55296
49.9000 16 17322.47552
50.0000 16 13233.02912
50.1000 16 14533.26336
50.2000 16 20604.5184
50.3000 16 15309.2096
50.4000 16 18591.25248
50.5000 16 17930.6496
50.6000 16 14742.97856
50.7000 16 14638.12096
50.8000 16 12194.93888
50.9000 16 11859.39456
51.0000 16 19136.512
51.1000 16 17962.10688
51.2000 16 17028.87424
51.3000 16 14396.94848
51.4000 16 10768.87552
51.5000 16 12845.056
51.6000 16 13893.632
51.7000 16 15267.26656
51.8000 16 17888.70656
51.9000 16 12708.74112
52.0000 16 11492.39296
52.1000 16 12803.11296
52.2000 16 13589.54496
52.3000 16 15518.9248
52.4000 16 13023.31392
52.5000 16 11387.53536
52.6000 16 10601.10336
52.7000 16 10622.07488
52.8000 16 11597.25056
52.9000 16 9384.7552
53.0000 16 9772.72832
53.1000 16 8829.00992
53.2000 16 7895.77728
53.3000 16 11072.96256
53.4000 16 16473.12896
53.5000 16 13704.88832
53.6000 16 10705.96096
53.7000 16 8042.57792
Time 53810 ms
