1 1 0.0
2 2 3360.0
3 3 4328.0
4 4 4955.0
5 5 5284.0
6 6 5327.0
7 7 5681.0
8 8 5426.0
9 9 5864.0
10 10 5577.0
11 11 6500.0
12 12 6147.0
13 13 5722.0
14 14 5332.0
15 15 5947.0
16 16 5344.0
17 17 5831.0
18 18 5738.0
19 19 4909.0
20 20 5811.0
21 21 4128.0
22 22 4465.0
23 23 6250.0
24 24 5091.0
25 25 5593.0
26 26 5614.0
27 27 4988.0
28 28 5791.0
29 29 5917.0
30 30 5497.0
31 31 4561.0
32 32 4531.0
33 33 4749.0
34 34 5026.0
35 35 5408.0
36 36 6783.0
37 37 5668.0
38 38 5527.0
39 39 5464.0
40 40 5977.0
41 41 5734.0
42 42 6440.0
43 43 6280.0
44 44 4038.0
45 45 5190.0
46 46 3967.0
47 47 4389.0
48 48 4440.0
49 49 4996.0
50 50 5696.0
51 51 6365.0
52 52 6552.0
53 53 5602.0
54 54 4438.0
55 55 6440.0
56 56 5387.0
57 57 5722.0
58 58 6557.0
59 59 4996.0
60 60 5610.0
61 61 5352.0
62 62 6264.0
63 63 5641.0
64 64 6133.0
65 65 6029.0
66 66 6043.0
67 67 6371.0
68 68 5365.0
69 69 4867.0
70 70 3879.0
71 71 4560.0
72 72 4869.0
73 73 4768.0
74 74 4333.0
75 75 5255.0
76 76 6275.0
77 77 5945.0
78 78 6003.0
79 79 5622.0
80 80 4683.0
81 81 5481.0
82 82 5786.0
83 83 6416.0
84 84 6489.0
85 85 6077.0
86 86 6326.0
87 87 6090.0
88 88 5865.0
89 89 5876.0
90 90 4470.0
91 91 5882.0
92 92 6169.0
93 93 5447.0
94 94 5247.0
95 95 5808.0
96 96 5485.0
97 97 6247.0
98 98 6051.0
99 99 5119.0
100 100 5788.0
101 101 6336.0
102 102 6632.0
103 103 6125.0
104 104 5966.0
105 105 6137.0
106 106 6171.0
107 107 5702.0
108 108 6201.0
109 109 6089.0
110 110 6092.0
111 111 6010.0
112 112 5016.0
113 113 5700.0
114 114 6096.0
115 115 6141.0
116 116 6080.0
117 117 5797.0
118 118 6265.0
119 119 5767.0
120 120 5613.0
121 121 6440.0
122 122 4871.0
123 123 6448.0
124 124 6100.0
125 125 5999.0
126 126 6336.0
127 127 5462.0
128 128 5782.0
129 129 6296.0
130 130 6147.0
131 131 6609.0
132 132 5825.0
133 133 5119.0
134 134 6483.0
135 135 6426.0
136 136 6337.0
137 137 6271.0
138 138 6187.0
139 139 5711.0
140 140 6043.0
141 141 6177.0
142 142 6345.0
143 143 4600.0
144 144 6307.0
145 145 6347.0
146 146 5681.0
147 147 5874.0
148 148 6223.0
149 149 5964.0
150 150 6136.0
151 151 6082.0
152 152 5919.0
153 153 2961.0
