1 1 0.0
2 2 5388.0
3 3 4919.0
4 4 5532.0
5 5 4886.0
6 6 5070.0
7 7 5416.0
8 8 4815.0
9 9 5739.0
10 10 5559.0
11 11 4882.0
12 12 4034.0
13 13 4223.0
14 14 5571.0
15 15 3961.0
16 16 5988.0
17 17 5412.0
18 18 4870.0
19 19 6969.0
20 20 5966.0
21 21 5745.0
22 22 4348.0
23 23 4280.0
24 24 4420.0
25 25 5425.0
26 26 5647.0
27 27 6675.0
28 28 5954.0
29 29 5135.0
30 30 6150.0
31 31 5706.0
32 32 5700.0
33 33 5922.0
34 34 4612.0
35 35 4264.0
36 36 4501.0
37 37 5284.0
38 38 5265.0
39 39 4341.0
40 40 3332.0
41 41 4988.0
42 42 4873.0
43 43 5252.0
44 44 5748.0
45 45 5819.0
46 46 4993.0
47 47 5723.0
48 48 5860.0
49 49 5739.0
50 50 4817.0
51 51 4962.0
52 52 6415.0
53 53 6097.0
54 54 5085.0
55 55 5166.0
56 56 6576.0
57 57 4969.0
58 58 5626.0
59 59 6270.0
60 60 4481.0
61 61 3832.0
62 62 4057.0
63 63 3632.0
64 64 4070.0
65 65 4129.0
66 66 4371.0
67 67 3952.0
68 68 4150.0
69 69 5730.0
70 70 4373.0
71 71 3933.0
72 72 4177.0
73 73 4182.0
74 74 5049.0
75 75 3618.0
76 76 5081.0
77 77 5004.0
78 78 5619.0
79 79 5867.0
80 80 5432.0
81 81 5118.0
82 82 4997.0
83 83 6437.0
84 84 5335.0
85 85 5553.0
86 86 5023.0
87 87 4537.0
88 88 3631.0
89 89 6030.0
90 90 5998.0
91 91 5933.0
92 92 5954.0
93 93 5994.0
94 94 5422.0
95 95 5079.0
96 96 5925.0
97 97 5182.0
98 98 3825.0
99 99 4442.0
100 100 4758.0
101 101 4863.0
102 102 4803.0
103 103 4637.0
104 104 4470.0
105 105 6166.0
106 106 5117.0
107 107 4728.0
108 108 5740.0
109 109 5967.0
110 110 6188.0
111 111 6165.0
112 112 5412.0
113 113 5523.0
114 114 6504.0
115 115 6464.0
116 116 6258.0
117 117 6103.0
118 118 6544.0
119 119 6516.0
120 120 6412.0
121 121 6201.0
122 122 5578.0
123 123 6243.0
124 124 5800.0
125 125 6560.0
126 126 6246.0
127 127 4064.0
128 128 6171.0
129 129 6535.0
130 130 6312.0
131 131 5977.0
132 132 5662.0
133 133 6473.0
134 134 6513.0
135 135 6694.0
136 136 6464.0
137 137 6478.0
138 138 6015.0
139 139 6266.0
140 140 5766.0
141 141 4553.0
142 142 5842.0
143 143 6071.0
144 144 6197.0
145 145 6207.0
146 146 5086.0
147 147 4667.0
148 148 4240.0
149 149 4089.0
150 150 5111.0
151 151 4924.0
152 152 4223.0
153 153 4527.0
154 154 4582.0
155 155 4805.0
156 156 5735.0
157 157 6356.0
158 158 5578.0
159 159 5635.0
160 160 6186.0
161 161 6314.0
162 162 3801.0
163 163 662.0
