1 1 0.0
2 2 5827.0
3 3 5335.0
4 4 6047.0
5 5 6267.0
6 6 5495.0
7 7 5410.0
8 8 6582.0
9 9 4941.0
10 10 5654.0
11 11 6673.0
12 12 5901.0
13 13 5607.0
14 14 6762.0
15 15 5499.0
16 16 4889.0
17 17 6769.0
18 18 4905.0
19 19 3666.0
20 20 5227.0
21 21 4904.0
22 22 6350.0
23 23 5687.0
24 24 5622.0
25 25 5424.0
26 26 6114.0
27 27 5667.0
28 28 5869.0
29 29 3869.0
30 30 5508.0
31 31 6060.0
32 32 5762.0
33 33 5289.0
34 34 5359.0
35 35 6280.0
36 36 6334.0
37 37 5693.0
38 38 5444.0
39 39 4973.0
40 40 3914.0
41 41 6032.0
42 42 6273.0
43 43 5743.0
44 44 6069.0
45 45 5631.0
46 46 5997.0
47 47 5813.0
48 48 6487.0
49 49 5599.0
50 50 3625.0
51 51 3942.0
52 52 4477.0
53 53 5983.0
54 54 5116.0
55 55 5423.0
56 56 4787.0
57 57 5831.0
58 58 5775.0
59 59 5489.0
60 60 4149.0
61 61 4896.0
62 62 4564.0
63 63 4435.0
64 64 4815.0
65 65 6368.0
66 66 6128.0
67 67 6029.0
68 68 5807.0
69 69 4946.0
70 70 5172.0
71 71 4887.0
72 72 4128.0
73 73 4598.0
74 74 5497.0
75 75 5913.0
76 76 6165.0
77 77 6218.0
78 78 4951.0
79 79 5595.0
80 80 5271.0
81 81 6032.0
82 82 5773.0
83 83 5558.0
84 84 4674.0
85 85 5319.0
86 86 5696.0
87 87 6289.0
88 88 6205.0
89 89 5554.0
90 90 6100.0
91 91 5771.0
92 92 4975.0
93 93 4828.0
94 94 3964.0
95 95 4852.0
96 96 5123.0
97 97 6433.0
98 98 6341.0
99 99 6244.0
100 100 6132.0
101 101 6259.0
102 102 6125.0
103 103 5840.0
104 104 5986.0
105 105 6359.0
106 106 5486.0
107 107 5883.0
108 108 6247.0
109 109 5881.0
110 110 5538.0
111 111 6115.0
112 112 4325.0
113 113 5939.0
114 114 6174.0
115 115 5448.0
116 116 5730.0
117 117 6333.0
118 118 6062.0
119 119 6178.0
120 120 6147.0
121 121 6404.0
122 122 4611.0
123 123 5721.0
124 124 6513.0
125 125 6347.0
126 126 6420.0
127 127 6353.0
128 128 6155.0
129 129 5425.0
130 130 5917.0
131 131 5716.0
132 132 5505.0
133 133 4130.0
134 134 4931.0
135 135 4703.0
136 136 5789.0
137 137 6165.0
138 138 5948.0
139 139 5952.0
140 140 5740.0
141 141 5191.0
142 142 6242.0
143 143 4616.0
144 144 4907.0
145 145 5006.0
146 146 5959.0
147 147 5987.0
148 148 5730.0
149 149 5703.0
150 150 6235.0
151 151 5917.0
152 152 6184.0
153 153 4840.0
154 154 4298.0
155 155 4318.0
156 156 1092.0
