1 1 0.0
2 2 4519.0
3 3 4789.0
4 4 4623.0
5 5 4841.0
6 6 5679.0
7 7 5013.0
8 8 4936.0
9 9 4420.0
10 10 4955.0
11 11 5205.0
12 12 4314.0
13 13 6129.0
14 14 6471.0
15 15 5397.0
16 16 4246.0
17 17 5346.0
18 18 5315.0
19 19 6620.0
20 20 5657.0
21 21 5352.0
22 22 5283.0
23 23 4553.0
24 24 5316.0
25 25 5722.0
26 26 4270.0
27 27 7119.0
28 28 5668.0
29 29 4797.0
30 30 5525.0
31 31 5255.0
32 32 5847.0
33 33 5024.0
34 34 5483.0
35 35 5531.0
36 36 5728.0
37 37 6155.0
38 38 6284.0
39 39 5304.0
40 40 6188.0
41 41 6640.0
42 42 6593.0
43 43 4912.0
44 44 5034.0
45 45 5445.0
46 46 6531.0
47 47 6567.0
48 48 6581.0
49 49 5993.0
50 50 5049.0
51 51 4092.0
52 52 4658.0
53 53 6002.0
54 54 4575.0
55 55 4448.0
56 56 3963.0
57 57 4775.0
58 58 4016.0
59 59 4431.0
60 60 4672.0
61 61 5412.0
62 62 5607.0
63 63 5952.0
64 64 5295.0
65 65 6815.0
66 66 5641.0
67 67 5794.0
68 68 6438.0
69 69 6129.0
70 70 5434.0
71 71 5515.0
72 72 5593.0
73 73 3564.0
74 74 6221.0
75 75 6231.0
76 76 6176.0
77 77 6191.0
78 78 6099.0
79 79 5395.0
80 80 5846.0
81 81 6004.0
82 82 5184.0
83 83 6273.0
84 84 5125.0
85 85 6011.0
86 86 6437.0
87 87 6383.0
88 88 6444.0
89 89 5885.0
90 90 6315.0
91 91 5192.0
92 92 6504.0
93 93 5937.0
94 94 5971.0
95 95 5009.0
96 96 6288.0
97 97 5770.0
98 98 6170.0
99 99 6393.0
100 100 5710.0
101 101 5429.0
102 102 5833.0
103 103 6395.0
104 104 6399.0
105 105 6219.0
106 106 5152.0
107 107 5915.0
108 108 5336.0
109 109 5764.0
110 110 6268.0
111 111 6258.0
112 112 6361.0
113 113 5862.0
114 114 6248.0
115 115 6332.0
116 116 6126.0
117 117 3968.0
118 118 5126.0
119 119 4708.0
120 120 5079.0
121 121 4803.0
122 122 5303.0
123 123 5690.0
124 124 6213.0
125 125 6223.0
126 126 6187.0
127 127 6623.0
128 128 6536.0
129 129 6298.0
130 130 6340.0
131 131 6625.0
132 132 5904.0
133 133 6613.0
134 134 5184.0
135 135 4470.0
136 136 5055.0
137 137 4987.0
138 138 4656.0
139 139 4936.0
140 140 4567.0
141 141 4237.0
142 142 5040.0
143 143 4898.0
144 144 6039.0
145 145 6433.0
146 146 6420.0
147 147 6477.0
148 148 6478.0
149 149 6397.0
150 150 5860.0
151 151 6289.0
152 152 6332.0
153 153 6061.0
154 154 5336.0
155 155 260.0
