1 1 0.0
2 2 4842.0
3 3 4578.0
4 4 4544.0
5 5 4840.0
6 6 4991.0
7 7 4786.0
8 8 5728.0
9 9 4055.0
10 10 4665.0
11 11 5109.0
12 12 4127.0
13 13 4178.0
14 14 4498.0
15 15 4969.0
16 16 4897.0
17 17 4847.0
18 18 4428.0
19 19 5286.0
20 20 4198.0
21 21 4731.0
22 22 4080.0
23 23 4695.0
24 24 5183.0
25 25 5775.0
26 26 5370.0
27 27 3962.0
28 28 4955.0
29 29 4692.0
30 30 4416.0
31 31 5171.0
32 32 5513.0
33 33 6205.0
34 34 5791.0
35 35 4944.0
36 36 3859.0
37 37 4570.0
38 38 5044.0
39 39 4638.0
40 40 4667.0
41 41 4407.0
42 42 6054.0
43 43 6547.0
44 44 5743.0
45 45 5018.0
46 46 6025.0
47 47 5044.0
48 48 5671.0
49 49 6183.0
50 50 6111.0
51 51 6037.0
52 52 6062.0
53 53 3996.0
54 54 5854.0
55 55 5146.0
56 56 5609.0
57 57 6071.0
58 58 6040.0
59 59 5271.0
60 60 6142.0
61 61 6190.0
62 62 5638.0
63 63 6212.0
64 64 4493.0
65 65 5225.0
66 66 6074.0
67 67 5127.0
68 68 4447.0
69 69 7005.0
70 70 4742.0
71 71 5014.0
72 72 5644.0
73 73 5306.0
74 74 5005.0
75 75 5688.0
76 76 6133.0
77 77 5236.0
78 78 5478.0
79 79 6435.0
80 80 6270.0
81 81 6266.0
82 82 5761.0
83 83 6076.0
84 84 4031.0
85 85 4336.0
86 86 4404.0
87 87 4294.0
88 88 4368.0
89 89 4816.0
90 90 6162.0
91 91 4571.0
92 92 4870.0
93 93 4564.0
94 94 3883.0
95 95 4631.0
96 96 4059.0
97 97 4461.0
98 98 4054.0
99 99 4633.0
100 100 4941.0
101 101 6010.0
102 102 6229.0
103 103 6441.0
104 104 6386.0
105 105 3506.0
106 106 4807.0
107 107 3936.0
108 108 3990.0
109 109 4427.0
110 110 4067.0
111 111 4483.0
112 112 5018.0
113 113 5420.0
114 114 5622.0
115 115 5945.0
116 116 5801.0
117 117 5997.0
118 118 6181.0
119 119 6167.0
120 120 6139.0
121 121 6604.0
122 122 6468.0
123 123 5551.0
124 124 4897.0
125 125 4095.0
126 126 5414.0
127 127 6043.0
128 128 5918.0
129 129 5781.0
130 130 5992.0
131 131 5732.0
132 132 6064.0
133 133 6282.0
134 134 6376.0
135 135 4828.0
136 136 6064.0
137 137 6341.0
138 138 6008.0
139 139 6330.0
140 140 6356.0
141 141 6503.0
142 142 6366.0
143 143 6345.0
144 144 5556.0
145 145 4862.0
146 146 5738.0
147 147 6005.0
148 148 5938.0
149 149 6048.0
150 150 5946.0
151 151 6426.0
152 152 5869.0
153 153 5858.0
154 154 5915.0
155 155 4161.0
156 156 4013.0
157 157 4586.0
158 158 4785.0
159 159 4591.0
160 160 4820.0
161 161 4635.0
162 162 4615.0
163 163 4723.0
164 164 3307.0
