1 1 0.0
2 2 5911.0
3 3 5366.0
4 4 5765.0
5 5 6198.0
6 6 5278.0
7 7 5860.0
8 8 5730.0
9 9 4715.0
10 10 5385.0
11 11 5752.0
12 12 3276.0
13 13 4614.0
14 14 4806.0
15 15 4879.0
16 16 3872.0
17 17 5974.0
18 18 4936.0
19 19 5706.0
20 20 4480.0
21 21 4797.0
22 22 5190.0
23 23 4997.0
24 24 6230.0
25 25 6018.0
26 26 4992.0
27 27 5508.0
28 28 6308.0
29 29 5210.0
30 30 6327.0
31 31 6088.0
32 32 4538.0
33 33 6360.0
34 34 5924.0
35 35 5670.0
36 36 6301.0
37 37 5390.0
38 38 5632.0
39 39 6094.0
40 40 6474.0
41 41 6509.0
42 42 4612.0
43 43 5379.0
44 44 6277.0
45 45 6174.0
46 46 6134.0
47 47 6100.0
48 48 6020.0
49 49 6471.0
50 50 5886.0
51 51 5842.0
52 52 5615.0
53 53 5538.0
54 54 5484.0
55 55 6227.0
56 56 5809.0
57 57 5981.0
58 58 5826.0
59 59 5789.0
60 60 5564.0
61 61 5476.0
62 62 6532.0
63 63 5130.0
64 64 5540.0
65 65 5607.0
66 66 6263.0
67 67 5036.0
68 68 6142.0
69 69 6185.0
70 70 5935.0
71 71 6017.0
72 72 5311.0
73 73 5557.0
74 74 5600.0
75 75 5425.0
76 76 4969.0
77 77 4308.0
78 78 5533.0
79 79 6228.0
80 80 5724.0
81 81 5553.0
82 82 5449.0
83 83 5225.0
84 84 5368.0
85 85 5338.0
86 86 6080.0
87 87 5636.0
88 88 3449.0
89 89 4718.0
90 90 5468.0
91 91 5961.0
92 92 6167.0
93 93 5908.0
94 94 5707.0
95 95 5557.0
96 96 6265.0
97 97 6093.0
98 98 5604.0
99 99 5263.0
100 100 5240.0
101 101 5882.0
102 102 5971.0
103 103 3431.0
104 104 4989.0
105 105 4678.0
106 106 4839.0
107 107 4832.0
108 108 5090.0
109 109 5813.0
110 110 6109.0
111 111 5933.0
112 112 5527.0
113 113 3343.0
114 114 4514.0
115 115 4849.0
116 116 4860.0
117 117 4658.0
118 118 4974.0
119 119 4922.0
120 120 5002.0
121 121 4883.0
122 122 5362.0
123 123 6138.0
124 124 5845.0
125 125 6488.0
126 126 6020.0
127 127 4373.0
128 128 4233.0
129 129 5960.0
130 130 5739.0
131 131 5814.0
132 132 6230.0
133 133 5878.0
134 134 6226.0
135 135 6387.0
136 136 4263.0
137 137 4704.0
138 138 6101.0
139 139 5581.0
140 140 6245.0
141 141 6612.0
142 142 6256.0
143 143 6246.0
144 144 6178.0
145 145 6539.0
146 146 6201.0
147 147 6321.0
148 148 5431.0
149 149 4778.0
150 150 5096.0
151 151 6128.0
152 152 6030.0
153 153 5967.0
154 154 6556.0
155 155 6445.0
156 156 2938.0
