1 1 0.0
2 2 5709.0
3 3 5621.0
4 4 6314.0
5 5 5833.0
6 6 5519.0
7 7 6242.0
8 8 5889.0
9 9 5918.0
10 10 5444.0
11 11 5851.0
12 12 5196.0
13 13 5692.0
14 14 5938.0
15 15 3688.0
16 16 5855.0
17 17 4822.0
18 18 4765.0
19 19 5156.0
20 20 4826.0
21 21 6369.0
22 22 5667.0
23 23 5900.0
24 24 5775.0
25 25 4335.0
26 26 5453.0
27 27 6849.0
28 28 4955.0
29 29 5999.0
30 30 5907.0
31 31 6018.0
32 32 5611.0
33 33 6243.0
34 34 5295.0
35 35 4319.0
36 36 4819.0
37 37 5579.0
38 38 5769.0
39 39 5582.0
40 40 5354.0
41 41 5140.0
42 42 6045.0
43 43 6280.0
44 44 6144.0
45 45 4978.0
46 46 5667.0
47 47 5800.0
48 48 4993.0
49 49 5143.0
50 50 5648.0
51 51 4975.0
52 52 5464.0
53 53 5058.0
54 54 5669.0
55 55 5227.0
56 56 5606.0
57 57 5457.0
58 58 6957.0
59 59 5123.0
60 60 6162.0
61 61 6252.0
62 62 5514.0
63 63 3852.0
64 64 5376.0
65 65 4982.0
66 66 4722.0
67 67 4749.0
68 68 4862.0
69 69 4335.0
70 70 5082.0
71 71 5235.0
72 72 5800.0
73 73 6193.0
74 74 5427.0
75 75 6138.0
76 76 6655.0
77 77 6642.0
78 78 5883.0
79 79 6298.0
80 80 5808.0
81 81 5356.0
82 82 6019.0
83 83 6458.0
84 84 6165.0
85 85 5706.0
86 86 5791.0
87 87 5413.0
88 88 5472.0
89 89 5852.0
90 90 6302.0
91 91 5000.0
92 92 6062.0
93 93 5810.0
94 94 6359.0
95 95 5929.0
96 96 5851.0
97 97 5807.0
98 98 6020.0
99 99 6292.0
100 100 5736.0
101 101 6001.0
102 102 6155.0
103 103 6120.0
104 104 5224.0
105 105 6076.0
106 106 6312.0
107 107 6213.0
108 108 6036.0
109 109 4449.0
110 110 4567.0
111 111 5603.0
112 112 4487.0
113 113 5109.0
114 114 5027.0
115 115 6082.0
116 116 6121.0
117 117 5306.0
118 118 5125.0
119 119 5306.0
120 120 5147.0
121 121 5446.0
122 122 4573.0
123 123 6188.0
124 124 5975.0
125 125 6392.0
126 126 5934.0
127 127 5567.0
128 128 6128.0
129 129 5659.0
130 130 6300.0
131 131 6387.0
132 132 4840.0
133 133 6239.0
134 134 6288.0
135 135 6380.0
136 136 5788.0
137 137 6241.0
138 138 5740.0
139 139 5455.0
140 140 5982.0
141 141 6406.0
142 142 4434.0
143 143 5950.0
144 144 6355.0
145 145 6518.0
146 146 6502.0
147 147 6392.0
148 148 5988.0
149 149 5929.0
150 150 6149.0
151 151 6026.0
152 152 5011.0
153 153 4352.0
