1 1 0.0
2 2 5429.0
3 3 5515.0
4 4 5459.0
5 5 5791.0
6 6 5973.0
7 7 6628.0
8 8 6586.0
9 9 5335.0
10 10 5389.0
11 11 6441.0
12 12 5364.0
13 13 5984.0
14 14 6504.0
15 15 4714.0
16 16 5653.0
17 17 5822.0
18 18 5837.0
19 19 5838.0
20 20 6035.0
21 21 5921.0
22 22 5125.0
23 23 6911.0
24 24 5246.0
25 25 3934.0
26 26 6780.0
27 27 5757.0
28 28 5649.0
29 29 6425.0
30 30 5524.0
31 31 5414.0
32 32 6276.0
33 33 5034.0
34 34 4763.0
35 35 4649.0
36 36 5977.0
37 37 6448.0
38 38 6181.0
39 39 5876.0
40 40 5421.0
41 41 6965.0
42 42 5564.0
43 43 5819.0
44 44 6511.0
45 45 5945.0
46 46 5734.0
47 47 6096.0
48 48 6373.0
49 49 5314.0
50 50 6082.0
51 51 5337.0
52 52 5434.0
53 53 6020.0
54 54 5723.0
55 55 4069.0
56 56 5673.0
57 57 5343.0
58 58 4815.0
59 59 6350.0
60 60 5846.0
61 61 6243.0
62 62 6603.0
63 63 5745.0
64 64 6082.0
65 65 5995.0
66 66 6652.0
67 67 5206.0
68 68 5318.0
69 69 6009.0
70 70 3945.0
71 71 5494.0
72 72 5882.0
73 73 5584.0
74 74 5738.0
75 75 5244.0
76 76 6032.0
77 77 6019.0
78 78 6104.0
79 79 5610.0
80 80 6664.0
81 81 5242.0
82 82 6459.0
83 83 6488.0
84 84 6373.0
85 85 5724.0
86 86 5355.0
87 87 5552.0
88 88 5948.0
89 89 5691.0
90 90 5630.0
91 91 6047.0
92 92 6514.0
93 93 6313.0
94 94 5820.0
95 95 6347.0
96 96 5712.0
97 97 5442.0
98 98 5460.0
99 99 6163.0
100 100 6318.0
101 101 6137.0
102 102 6031.0
103 103 6344.0
104 104 6072.0
105 105 6026.0
106 106 5898.0
107 107 6653.0
108 108 6581.0
109 109 6179.0
110 110 6078.0
111 111 6154.0
112 112 4959.0
113 113 6236.0
114 114 5718.0
115 115 5919.0
116 116 6471.0
117 117 6416.0
118 118 5945.0
119 119 5395.0
120 120 6267.0
121 121 6125.0
122 122 5854.0
123 123 6183.0
124 124 6330.0
125 125 6088.0
126 126 5509.0
127 127 5431.0
128 128 6520.0
129 129 6228.0
130 130 6600.0
131 131 5943.0
132 132 5983.0
133 133 6421.0
134 134 6374.0
135 135 6231.0
136 136 5574.0
137 137 6431.0
138 138 5752.0
139 139 5829.0
140 140 5832.0
141 141 5967.0
142 142 5575.0
143 143 6097.0
144 144 5962.0
145 145 6270.0
146 146 6387.0
147 147 5982.0
148 148 418.0
