1 1 0.0
2 2 5494.0
3 3 5248.0
4 4 6464.0
5 5 5884.0
6 6 5835.0
7 7 6254.0
8 8 6625.0
9 9 5911.0
10 10 5271.0
11 11 6596.0
12 12 4602.0
13 13 5550.0
14 14 6652.0
15 15 5099.0
16 16 5042.0
17 17 6672.0
18 18 5212.0
19 19 6591.0
20 20 6544.0
21 21 5534.0
22 22 4973.0
23 23 5878.0
24 24 5921.0
25 25 6019.0
26 26 5174.0
27 27 5362.0
28 28 4831.0
29 29 6574.0
30 30 5117.0
31 31 5554.0
32 32 5422.0
33 33 5804.0
34 34 5557.0
35 35 6880.0
36 36 4063.0
37 37 5927.0
38 38 6017.0
39 39 6273.0
40 40 5919.0
41 41 6023.0
42 42 5252.0
43 43 5179.0
44 44 6824.0
45 45 4912.0
46 46 5403.0
47 47 6926.0
48 48 5916.0
49 49 5704.0
50 50 6556.0
51 51 5109.0
52 52 5549.0
53 53 6578.0
54 54 5896.0
55 55 5660.0
56 56 5951.0
57 57 5751.0
58 58 5126.0
59 59 6176.0
60 60 5444.0
61 61 4529.0
62 62 5625.0
63 63 6585.0
64 64 5730.0
65 65 5606.0
66 66 6415.0
67 67 5787.0
68 68 6295.0
69 69 6235.0
70 70 5361.0
71 71 5167.0
72 72 4863.0
73 73 6482.0
74 74 6394.0
75 75 6060.0
76 76 5346.0
77 77 6277.0
78 78 6554.0
79 79 6496.0
80 80 5904.0
81 81 6435.0
82 82 5252.0
83 83 5523.0
84 84 6460.0
85 85 6308.0
86 86 5207.0
87 87 5717.0
88 88 5610.0
89 89 5379.0
90 90 5356.0
91 91 4882.0
92 92 4355.0
93 93 5373.0
94 94 6191.0
95 95 6166.0
96 96 5975.0
97 97 6369.0
98 98 5788.0
99 99 6296.0
100 100 6487.0
101 101 6190.0
102 102 4947.0
103 103 6350.0
104 104 6172.0
105 105 6553.0
106 106 6421.0
107 107 6539.0
108 108 6457.0
109 109 6446.0
110 110 6424.0
111 111 6104.0
112 112 5804.0
113 113 6527.0
114 114 6415.0
115 115 4796.0
116 116 5343.0
117 117 6107.0
118 118 6435.0
119 119 6382.0
120 120 6551.0
121 121 6308.0
122 122 5757.0
123 123 6189.0
124 124 6421.0
125 125 5077.0
126 126 6172.0
127 127 5507.0
128 128 6177.0
129 129 6471.0
130 130 6634.0
131 131 5650.0
132 132 6419.0
133 133 6581.0
134 134 6090.0
135 135 6343.0
136 136 6323.0
137 137 6396.0
138 138 5304.0
139 139 5916.0
140 140 6383.0
141 141 5438.0
142 142 4867.0
143 143 6163.0
144 144 6439.0
145 145 5924.0
146 146 6458.0
147 147 5286.0
