1 1 0.0
2 2 5596.0
3 3 5481.0
4 4 6687.0
5 5 6009.0
6 6 5176.0
7 7 5438.0
8 8 6514.0
9 9 5845.0
10 10 6376.0
11 11 6725.0
12 12 4094.0
13 13 6523.0
14 14 6369.0
15 15 5812.0
16 16 5825.0
17 17 6010.0
18 18 5879.0
19 19 5415.0
20 20 5683.0
21 21 5105.0
22 22 4265.0
23 23 5834.0
24 24 5434.0
25 25 6283.0
26 26 6048.0
27 27 5950.0
28 28 5431.0
29 29 5950.0
30 30 5005.0
31 31 6476.0
32 32 6198.0
33 33 5653.0
34 34 5764.0
35 35 5878.0
36 36 6378.0
37 37 5334.0
38 38 5343.0
39 39 6079.0
40 40 5921.0
41 41 5860.0
42 42 5017.0
43 43 5852.0
44 44 6247.0
45 45 5939.0
46 46 6025.0
47 47 6274.0
48 48 5977.0
49 49 6465.0
50 50 5894.0
51 51 6239.0
52 52 3970.0
53 53 5570.0
54 54 5933.0
55 55 5185.0
56 56 5544.0
57 57 5874.0
58 58 5335.0
59 59 5843.0
60 60 5730.0
61 61 5680.0
62 62 4632.0
63 63 5401.0
64 64 6063.0
65 65 6441.0
66 66 5229.0
67 67 6119.0
68 68 6357.0
69 69 5974.0
70 70 5355.0
71 71 6405.0
72 72 4939.0
73 73 5287.0
74 74 5788.0
75 75 4925.0
76 76 6003.0
77 77 6504.0
78 78 6405.0
79 79 5657.0
80 80 5458.0
81 81 5502.0
82 82 5516.0
83 83 5681.0
84 84 6221.0
85 85 6197.0
86 86 6215.0
87 87 6286.0
88 88 6553.0
89 89 6155.0
90 90 6374.0
91 91 6261.0
92 92 5337.0
93 93 5001.0
94 94 5694.0
95 95 5135.0
96 96 6210.0
97 97 5581.0
98 98 6267.0
99 99 5466.0
100 100 5786.0
101 101 6242.0
102 102 6401.0
103 103 6612.0
104 104 6464.0
105 105 6407.0
106 106 6397.0
107 107 6518.0
108 108 6305.0
109 109 6030.0
110 110 6028.0
111 111 6245.0
112 112 6285.0
113 113 4894.0
114 114 6460.0
115 115 6496.0
116 116 5838.0
117 117 6243.0
118 118 6438.0
119 119 5328.0
120 120 5316.0
121 121 6388.0
122 122 6560.0
123 123 5357.0
124 124 5553.0
125 125 5788.0
126 126 6032.0
127 127 6301.0
128 128 5864.0
129 129 6032.0
130 130 5990.0
131 131 6055.0
132 132 5901.0
133 133 5065.0
134 134 5070.0
135 135 5021.0
136 136 5558.0
137 137 5635.0
138 138 5881.0
139 139 5758.0
140 140 4320.0
141 141 5784.0
142 142 6287.0
143 143 6638.0
144 144 5393.0
145 145 5780.0
146 146 5642.0
147 147 6096.0
148 148 6200.0
149 149 1276.0
