1 1 0.0
2 2 6008.0
3 3 6372.0
4 4 5934.0
5 5 6073.0
6 6 5552.0
7 7 5922.0
8 8 6678.0
9 9 4985.0
10 10 5860.0
11 11 6100.0
12 12 4984.0
13 13 5236.0
14 14 5432.0
15 15 5792.0
16 16 6091.0
17 17 6466.0
18 18 4519.0
19 19 5067.0
20 20 4909.0
21 21 4253.0
22 22 6042.0
23 23 4193.0
24 24 4745.0
25 25 4919.0
26 26 5889.0
27 27 6625.0
28 28 5676.0
29 29 5852.0
30 30 6285.0
31 31 5430.0
32 32 5671.0
33 33 6339.0
34 34 4700.0
35 35 5151.0
36 36 3678.0
37 37 4450.0
38 38 4429.0
39 39 4337.0
40 40 5572.0
41 41 4547.0
42 42 4513.0
43 43 4444.0
44 44 5216.0
45 45 5269.0
46 46 5919.0
47 47 5946.0
48 48 5218.0
49 49 5497.0
50 50 4713.0
51 51 5032.0
52 52 6085.0
53 53 5775.0
54 54 5251.0
55 55 5867.0
56 56 6422.0
57 57 5541.0
58 58 5497.0
59 59 4834.0
60 60 5105.0
61 61 5454.0
62 62 5650.0
63 63 6297.0
64 64 6235.0
65 65 6174.0
66 66 5958.0
67 67 6168.0
68 68 5930.0
69 69 6083.0
70 70 5538.0
71 71 6808.0
72 72 5640.0
73 73 5867.0
74 74 5776.0
75 75 5772.0
76 76 5645.0
77 77 6361.0
78 78 5578.0
79 79 5131.0
80 80 6572.0
81 81 5791.0
82 82 4929.0
83 83 5564.0
84 84 5426.0
85 85 6535.0
86 86 5244.0
87 87 6544.0
88 88 5971.0
89 89 5965.0
90 90 6349.0
91 91 5518.0
92 92 5906.0
93 93 6071.0
94 94 5363.0
95 95 6395.0
96 96 5143.0
97 97 5822.0
98 98 6464.0
99 99 6205.0
100 100 5987.0
101 101 6476.0
102 102 6198.0
103 103 6606.0
104 104 5964.0
105 105 6474.0
106 106 5006.0
107 107 5981.0
108 108 5953.0
109 109 5966.0
110 110 6058.0
111 111 6193.0
112 112 5865.0
113 113 6093.0
114 114 5711.0
115 115 5686.0
116 116 6539.0
117 117 5864.0
118 118 6291.0
119 119 5450.0
120 120 5756.0
121 121 6072.0
122 122 6468.0
123 123 6358.0
124 124 6363.0
125 125 5817.0
126 126 6566.0
127 127 6405.0
128 128 6251.0
129 129 5869.0
130 130 4563.0
131 131 6177.0
132 132 6314.0
133 133 6189.0
134 134 5920.0
135 135 5989.0
136 136 6624.0
137 137 6446.0
138 138 6356.0
139 139 5701.0
140 140 6536.0
141 141 5814.0
142 142 6116.0
143 143 6417.0
144 144 6526.0
145 145 6232.0
146 146 5099.0
147 147 6113.0
148 148 5971.0
149 149 5946.0
150 150 5833.0
151 151 817.0
