0.1000 8 0.0
0.2000 8 32013.02528
0.3000 8 25113.3952
0.4000 8 30419.18976
0.5000 8 22292.72576
0.6000 8 15466.496
0.7000 8 20447.232
0.8000 8 32516.34176
0.9000 8 24389.87776
1.0000 8 14931.72224
1.1000 8 20268.97408
1.2000 8 29978.78784
1.3000 8 20656.9472
1.4000 8 17857.24928
1.5000 8 26749.17376
1.6000 8 23781.70368
1.7000 8 23372.75904
1.8000 8 19472.05632
1.9000 8 18171.82208
2.0000 8 27493.66272
2.1000 8 28479.32416
2.2000 8 13306.42944
2.3000 8 23519.55968
2.4000 8 30492.59008
2.5000 8 16903.04512
2.6000 8 18339.59424
2.7000 8 28647.09632
2.8000 8 21139.29216
2.9000 8 18140.3648
3.0000 8 26686.2592
3.1000 8 22533.89824
3.2000 8 16892.55936
3.3000 8 26078.08512
3.4000 8 17647.53408
3.5000 8 26738.688
3.6000 8 24714.93632
3.7000 8 22062.03904
3.8000 8 20824.71936
3.9000 8 11062.4768
4.0000 8 23876.07552
4.1000 8 29118.95552
4.2000 8 24484.2496
4.3000 8 25102.90944
4.4000 8 17416.84736
4.5000 8 19513.99936
4.6000 8 20331.88864
4.7000 8 31121.73568
4.8000 8 20751.31904
4.9000 8 17983.0784
5.0000 8 24075.30496
5.1000 8 19534.97088
5.2000 8 18381.53728
5.3000 8 29412.5568
5.4000 8 28510.78144
5.5000 8 16829.6448
5.6000 8 10538.1888
5.7000 8 30796.67712
5.8000 8 31698.45248
5.9000 8 17752.39168
6.0000 8 9877.58592
6.1000 8 19975.3728
6.2000 8 36553.35936
6.3000 8 23959.9616
6.4000 8 10443.81696
6.5000 8 12603.88352
6.6000 8 36574.33088
6.7000 8 29139.92704
6.8000 8 10716.44672
6.9000 8 16179.52768
7.0000 8 27808.23552
7.1000 8 26906.46016
7.2000 8 28814.86848
7.3000 8 14984.15104
7.4000 8 11985.22368
7.5000 8 25585.2544
7.6000 8 25260.19584
7.7000 8 21076.3776
7.8000 8 31771.8528
7.9000 8 17668.5056
8.0000 8 10842.27584
8.1000 8 22481.46944
8.2000 8 32086.4256
8.3000 8 19440.59904
8.4000 8 17909.67808
8.5000 8 20635.97568
8.6000 8 20656.9472
8.7000 8 34236.0064
8.8000 8 15917.38368
8.9000 8 14564.72064
9.0000 8 22093.49632
9.1000 8 30178.01728
9.2000 8 27388.80512
9.3000 8 12866.02752
9.4000 8 15875.44064
9.5000 8 29318.18496
9.6000 8 26046.62784
9.7000 8 28259.1232
9.8000 8 10412.35968
9.9000 8 15864.95488
10.0000 8 25721.56928
10.1000 8 23005.75744
10.2000 8 26025.65632
10.3000 8 24735.90784
10.4000 8 12048.13824
10.5000 8 12478.0544
10.6000 8 28217.18016
10.7000 8 32537.31328
10.8000 8 24117.248
10.9000 8 18685.62432
11.0000 8 13956.54656
11.1000 8 26392.65792
11.2000 8 33030.144
11.3000 8 15508.43904
11.4000 8 12499.02592
11.5000 8 34791.75168
11.6000 8 23393.73056
11.7000 8 13033.79968
11.8000 8 17165.18912
11.9000 8 28552.72448
12.0000 8 16179.52768
12.1000 8 26707.23072
12.2000 8 26728.20224
12.3000 8 14176.74752
12.4000 8 22858.9568
12.5000 8 32306.62656
12.6000 8 14438.89152
12.7000 8 15424.55296
12.8000 8 27934.06464
12.9000 8 23498.58816
13.0000 8 19650.31424
13.1000 8 20111.68768
13.2000 8 23645.3888
13.3000 8 21380.46464
13.4000 8 21695.03744
13.5000 8 30723.2768
13.6000 8 17626.56256
13.7000 8 18035.5072
13.8000 8 3040.8704
13.9000 8 1814.03648
14.0000 8 4970.25024
14.1000 8 4141.8752
14.2000 8 42236.64128
14.3000 8 23624.41728
14.4000 8 19996.34432
14.5000 8 12352.22528
14.6000 8 34697.37984
14.7000 8 33009.17248
14.8000 8 18863.88224
14.9000 8 8619.29472
15.0000 8 29915.87328
15.1000 8 20426.26048
15.2000 8 19451.0848
15.3000 8 43442.50368
15.4000 8 25920.79872
15.5000 8 8441.0368
15.6000 8 30083.64544
15.7000 8 20415.77472
15.8000 8 20132.6592
15.9000 8 33743.17568
16.0000 8 23163.04384
16.1000 8 16577.98656
16.2000 8 20604.5184
16.3000 8 23697.8176
16.4000 8 27629.9776
16.5000 8 12656.31232
16.6000 8 16357.7856
16.7000 8 33386.65984
16.8000 8 27252.49024
16.9000 8 20258.48832
17.0000 8 16714.30144
17.1000 8 14061.40416
17.2000 8 32883.34336
17.3000 8 10653.53216
17.4000 8 26633.8304
17.5000 8 30513.5616
17.6000 8 21160.26368
17.7000 8 0.0
17.8000 8 1048.576
17.9000 8 0.0
18.0000 8 0.0
18.1000 8 37717.27872
18.2000 8 31341.93664
18.3000 8 25941.77024
18.4000 8 13820.23168
18.5000 8 22995.27168
18.6000 8 33585.88928
18.7000 8 34005.31968
18.8000 8 18119.39328
18.9000 8 24505.22112
19.0000 8 25239.22432
19.1000 8 1719.66464
19.2000 8 14994.6368
19.3000 8 12991.85664
