0.1000 8 0.0
0.2000 8 27934.06464
0.3000 8 30020.73088
0.4000 8 7623.14752
0.5000 8 524.288
0.6000 8 27567.06304
0.7000 8 29234.29888
0.8000 8 30817.64864
0.9000 8 30974.93504
1.0000 8 29852.95872
1.1000 8 25826.42688
1.2000 8 29003.61216
1.3000 8 33365.68832
1.4000 8 22324.18304
1.5000 8 24494.73536
1.6000 8 26382.17216
1.7000 8 29412.5568
1.8000 8 32673.62816
1.9000 8 28322.03776
2.0000 8 19146.99776
2.1000 8 31855.73888
2.2000 8 29884.416
2.3000 8 35536.24064
2.4000 8 28280.09472
2.5000 8 27200.06144
2.6000 8 30901.53472
2.7000 8 34309.40672
2.8000 8 19115.54048
2.9000 8 29831.9872
3.0000 8 33072.08704
3.1000 8 26581.4016
3.2000 8 21894.26688
3.3000 8 38168.1664
3.4000 8 5169.47968
3.5000 8 21537.75104
3.6000 8 31258.05056
3.7000 8 29517.4144
3.8000 8 26172.45696
3.9000 8 27493.66272
4.0000 8 23666.36032
4.1000 8 27535.60576
4.2000 8 23309.84448
4.3000 8 30125.58848
4.4000 8 19136.512
4.5000 8 26487.02976
4.6000 8 28070.37952
4.7000 8 34403.77856
4.8000 8 21338.5216
4.9000 8 28678.5536
5.0000 8 34194.06336
5.1000 8 22198.35392
5.2000 8 34917.5808
5.3000 8 24085.79072
5.4000 8 28919.72608
5.5000 8 30995.90656
5.6000 8 33376.17408
5.7000 8 18444.45184
5.8000 8 27650.94912
5.9000 8 32233.22624
6.0000 8 18706.59584
6.1000 8 20677.91872
6.2000 8 25742.5408
6.3000 8 27682.4064
6.4000 8 33900.46208
6.5000 8 30565.9904
6.6000 8 26245.85728
6.7000 8 26319.2576
6.8000 8 32652.65664
6.9000 8 31541.16608
7.0000 8 30429.67552
7.1000 8 32925.2864
7.2000 8 25291.65312
7.3000 8 30733.76256
7.4000 8 30775.7056
7.5000 8 25186.79552
7.6000 8 27567.06304
7.7000 8 31646.02368
7.8000 8 26728.20224
7.9000 8 28164.75136
8.0000 8 25249.71008
8.1000 8 29087.49824
8.2000 8 24578.62144
8.3000 8 27902.60736
8.4000 8 19765.6576
8.5000 8 37234.93376
8.6000 8 22701.6704
8.7000 8 25092.42368
8.8000 8 36081.50016
8.9000 8 36825.98912
9.0000 8 27483.17696
9.1000 8 28647.09632
9.2000 8 27262.976
9.3000 8 34225.52064
9.4000 8 26434.60096
9.5000 8 28500.29568
9.6000 8 29045.5552
9.7000 8 27881.63584
9.8000 8 23121.1008
9.9000 8 33051.11552
10.0000 8 29695.67232
10.1000 8 22691.18464
10.2000 8 22900.89984
10.3000 8 32967.22944
10.4000 8 29244.78464
10.5000 8 35651.584
10.6000 8 31646.02368
10.7000 8 31090.2784
10.8000 8 29894.90176
10.9000 8 32736.54272
11.0000 8 21369.97888
11.1000 8 35987.12832
11.2000 8 32170.31168
11.3000 8 24893.19424
11.4000 8 31677.48096
11.5000 8 25773.99808
11.6000 8 34131.1488
11.7000 8 24190.64832
11.8000 8 36186.35776
11.9000 8 9206.49728
12.0000 8 25469.91104
12.1000 8 31174.16448
12.2000 8 25438.45376
12.3000 8 30020.73088
12.4000 8 24410.84928
12.5000 8 30303.8464
12.6000 8 31299.9936
12.7000 8 24243.07712
12.8000 8 41324.38016
12.9000 8 27409.77664
13.0000 8 34623.97952
13.1000 8 24998.05184
13.2000 8 28101.8368
13.3000 8 29894.90176
13.4000 8 27116.17536
13.5000 8 26130.51392
13.6000 8 23970.44736
13.7000 8 31792.82432
13.8000 8 33376.17408
13.9000 8 33617.34656
14.0000 8 23750.2464
14.1000 8 30314.33216
14.2000 8 32075.93984
14.3000 8 34707.8656
14.4000 8 24473.76384
14.5000 8 24672.99328
14.6000 8 33963.37664
14.7000 8 22754.0992
14.8000 8 27367.8336
14.9000 8 27042.77504
15.0000 8 17574.13376
