0.1000 8 0.0
0.2000 8 41481.66656
0.3000 8 29192.35584
0.4000 8 14166.26176
0.5000 8 34477.17888
0.6000 8 29842.47296
0.7000 8 33659.2896
0.8000 8 35378.95424
0.9000 8 27158.1184
1.0000 8 32956.74368
1.1000 8 34246.49216
1.2000 8 26224.88576
1.3000 8 29685.18656
1.4000 8 37098.61888
1.5000 8 22848.47104
1.6000 8 32380.02688
1.7000 8 27011.31776
1.8000 8 25899.8272
1.9000 8 32222.74048
2.0000 8 18255.70816
2.1000 8 35064.38144
2.2000 8 21212.69248
2.3000 8 24180.16256
2.4000 8 33543.94624
2.5000 8 21873.29536
2.6000 8 35945.18528
2.7000 8 31583.10912
2.8000 8 15823.01184
2.9000 8 30974.93504
3.0000 8 29255.2704
3.1000 8 33785.11872
3.2000 8 20919.0912
3.3000 8 26738.688
3.4000 8 28867.29728
3.5000 8 22869.44256
3.6000 8 24851.2512
3.7000 8 31404.8512
3.8000 8 29947.33056
3.9000 8 32621.19936
4.0000 8 28647.09632
4.1000 8 27567.06304
4.2000 8 28122.80832
4.3000 8 31142.7072
4.4000 8 16441.67168
4.5000 8 30146.56
4.6000 8 33491.51744
4.7000 8 30901.53472
4.8000 8 32149.34016
4.9000 8 37234.93376
5.0000 8 20908.60544
5.1000 8 33680.26112
5.2000 8 32296.1408
5.3000 8 34728.83712
5.4000 8 28573.696
5.5000 8 34540.09344
5.6000 8 25627.19744
5.7000 8 32558.2848
5.8000 8 27913.09312
5.9000 8 34686.89408
6.0000 8 26927.43168
6.1000 8 33753.66144
6.2000 8 27671.92064
6.3000 8 33460.06016
6.4000 8 34928.06656
6.5000 8 26277.31456
6.6000 8 34949.03808
6.7000 8 37580.96384
6.8000 8 22240.29696
6.9000 8 27242.00448
7.0000 8 38010.88
7.1000 8 23980.93312
7.2000 8 24589.1072
7.3000 8 34351.34976
7.4000 8 28248.63744
7.5000 8 33176.94464
7.6000 8 29884.416
7.7000 8 19597.88544
7.8000 8 32159.82592
7.9000 8 30335.30368
8.0000 8 26371.6864
8.1000 8 37664.84992
8.2000 8 30345.78944
8.3000 8 26445.08672
8.4000 8 25585.2544
8.5000 8 25941.77024
8.6000 8 36637.24544
8.7000 8 29748.10112
8.8000 8 28259.1232
8.9000 8 31992.05376
9.0000 8 32558.2848
9.1000 8 27315.4048
9.2000 8 29737.61536
9.3000 8 27703.37792
9.4000 8 32652.65664
9.5000 8 28259.1232
9.6000 8 27881.63584
9.7000 8 33942.40512
9.8000 8 27860.66432
9.9000 8 32065.45408
10.0000 8 18203.27936
10.1000 8 28101.8368
10.2000 8 24232.59136
10.3000 8 27336.37632
10.4000 8 23918.01856
10.5000 8 29391.58528
10.6000 8 26172.45696
10.7000 8 30964.44928
10.8000 8 32610.7136
10.9000 8 29349.64224
11.0000 8 28961.66912
11.1000 8 33543.94624
11.2000 8 33176.94464
11.3000 8 32453.4272
11.4000 8 30314.33216
11.5000 8 30461.1328
11.6000 8 34561.06496
11.7000 8 23383.2448
11.8000 8 23771.21792
11.9000 8 30807.16288
12.0000 8 32054.96832
12.1000 8 21401.43616
12.2000 8 28846.32576
12.3000 8 32390.51264
12.4000 8 30041.7024
12.5000 8 24536.6784
12.6000 8 34351.34976
12.7000 8 23278.3872
12.8000 8 18696.11008
12.9000 8 37245.41952
13.0000 8 17930.6496
13.1000 8 32715.5712
13.2000 8 31394.36544
13.3000 8 23876.07552
13.4000 8 31425.82272
13.5000 8 30198.9888
13.6000 8 27965.52192
13.7000 8 28951.18336
13.8000 8 29097.984
13.9000 8 27483.17696
14.0000 8 34487.66464
14.1000 8 22953.32864
14.2000 8 22827.49952
14.3000 8 20919.0912
14.4000 8 9290.38336
