0.1000 8 0.0
0.2000 8 22764.58496
0.3000 8 26161.9712
0.4000 8 27640.46336
0.5000 8 31006.39232
0.6000 8 23750.2464
0.7000 8 28468.8384
0.8000 8 24442.30656
0.9000 8 25742.5408
1.0000 8 26350.71488
1.1000 8 23823.64672
1.2000 8 20782.77632
1.3000 8 30178.01728
1.4000 8 31279.02208
1.5000 8 24966.59456
1.6000 8 26487.02976
1.7000 8 23592.96
1.8000 8 27137.14688
1.9000 8 25260.19584
2.0000 8 19503.5136
2.1000 8 20478.68928
2.2000 8 27116.17536
2.3000 8 27546.09152
2.4000 8 22890.41408
2.5000 8 27409.77664
2.6000 8 20908.60544
2.7000 8 27986.49344
2.8000 8 30870.07744
2.9000 8 23456.64512
3.0000 8 28238.15168
3.1000 8 26937.91744
3.2000 8 27986.49344
3.3000 8 26990.34624
3.4000 8 24652.02176
3.5000 8 25029.50912
3.6000 8 32275.16928
3.7000 8 31121.73568
3.8000 8 25165.824
3.9000 8 27283.94752
4.0000 8 27588.03456
4.1000 8 26791.1168
4.2000 8 32935.77216
4.3000 8 30450.64704
4.4000 8 21401.43616
4.5000 8 28185.72288
4.6000 8 28940.6976
4.7000 8 24777.85088
4.8000 8 28626.1248
4.9000 8 29894.90176
5.0000 8 26717.71648
5.1000 8 17039.36
5.2000 8 25438.45376
5.3000 8 28070.37952
5.4000 8 22009.61024
5.5000 8 20090.71616
5.6000 8 27483.17696
5.7000 8 22041.06752
5.8000 8 23267.90144
5.9000 8 27619.49184
6.0000 8 13998.4896
6.1000 8 21873.29536
6.2000 8 24452.79232
6.3000 8 26004.6848
6.4000 8 25637.6832
6.5000 8 27315.4048
6.6000 8 31918.65344
6.7000 8 28227.66592
6.8000 8 26371.6864
6.9000 8 26308.77184
7.0000 8 21065.89184
7.1000 8 22219.32544
7.2000 8 24631.05024
7.3000 8 19975.3728
7.4000 8 25333.59616
7.5000 8 27084.71808
7.6000 8 28038.92224
7.7000 8 26224.88576
7.8000 8 32180.79744
7.9000 8 26906.46016
8.0000 8 17406.3616
8.1000 8 27514.63424
8.2000 8 25302.13888
8.3000 8 28017.95072
8.4000 8 25973.22752
8.5000 8 27588.03456
8.6000 8 25354.56768
8.7000 8 28521.2672
8.8000 8 36993.76128
8.9000 8 28028.43648
9.0000 8 37014.7328
9.1000 8 15120.46592
9.2000 8 31971.08224
9.3000 8 37926.99392
9.4000 8 28038.92224
9.5000 8 30922.50624
9.6000 8 32841.40032
9.7000 8 29318.18496
9.8000 8 36112.95744
9.9000 8 28877.78304
10.0000 8 21716.00896
10.1000 8 27294.43328
10.2000 8 29129.44128
10.3000 8 25899.8272
10.4000 8 19566.42816
10.5000 8 35525.75488
10.6000 8 28280.09472
10.7000 8 31299.9936
10.8000 8 31803.31008
10.9000 8 36511.41632
11.0000 8 24704.45056
11.1000 8 30377.24672
11.2000 8 32369.54112
11.3000 8 30618.4192
11.4000 8 30198.9888
11.5000 8 20174.60224
11.6000 8 32222.74048
11.7000 8 33722.20416
11.8000 8 29391.58528
11.9000 8 29538.38592
12.0000 8 29884.416
12.1000 8 30041.7024
12.2000 8 38273.024
12.3000 8 29433.52832
12.4000 8 22575.84128
12.5000 8 25522.33984
12.6000 8 25134.36672
12.7000 8 2202.0096
12.8000 8 14449.37728
12.9000 8 14019.46112
13.0000 8 25742.5408
13.1000 8 12970.88512
13.2000 8 30807.16288
13.3000 8 28605.15328
13.4000 8 11167.3344
13.5000 8 48276.43904
13.6000 8 26916.94592
13.7000 8 30503.07584
13.8000 8 42939.1872
13.9000 8 21988.63872
14.0000 8 21768.43776
14.1000 8 41177.57952
14.2000 8 10842.27584
14.3000 8 12687.7696
14.4000 8 0.0
14.5000 8 0.0
14.6000 8 27325.89056
14.7000 8 5484.05248
14.8000 8 22764.58496
14.9000 8 44512.0512
15.0000 8 22041.06752
15.1000 8 8178.8928
15.2000 8 38954.5984
15.3000 8 19199.42656
15.4000 8 26078.08512
15.5000 8 26549.94432
15.6000 8 31530.68032
15.7000 8 25889.34144
15.8000 8 33145.48736
15.9000 8 23288.87296
16.0000 8 7224.68864
16.1000 8 8451.52256
16.2000 8 1761.60768
