0.1000 8 0.0
0.2000 8 26078.08512
0.3000 8 29538.38592
0.4000 8 26822.57408
0.5000 8 13432.25856
0.6000 8 8157.92128
0.7000 8 20950.54848
0.8000 8 35284.5824
0.9000 8 23771.21792
1.0000 8 17165.18912
1.1000 8 14512.29184
1.2000 8 28059.89376
1.3000 8 30775.7056
1.4000 8 17605.59104
1.5000 8 14690.54976
1.6000 8 19660.8
1.7000 8 23938.99008
1.8000 8 24924.65152
1.9000 8 25480.3968
2.0000 8 25952.256
2.1000 8 26948.4032
2.2000 8 14029.94688
2.3000 8 16210.98496
2.4000 8 25994.19904
2.5000 8 28940.6976
2.6000 8 28605.15328
2.7000 8 17888.70656
2.8000 8 14575.2064
2.9000 8 15655.23968
3.0000 8 30628.90496
3.1000 8 21181.2352
3.2000 8 18433.96608
3.3000 8 19188.9408
3.4000 8 24893.19424
3.5000 8 26623.34464
3.6000 8 24117.248
3.7000 8 19597.88544
3.8000 8 25553.79712
3.9000 8 19744.68608
4.0000 8 17437.81888
4.1000 8 23813.16096
4.2000 8 24568.13568
4.3000 8 18255.70816
4.4000 8 23540.5312
4.5000 8 21946.69568
4.6000 8 22450.01216
4.7000 8 22733.12768
4.8000 8 20635.97568
4.9000 8 20248.00256
5.0000 8 27168.60416
5.1000 8 23530.04544
5.2000 8 11901.3376
5.3000 8 20195.57376
5.4000 8 26644.31616
5.5000 8 24473.76384
5.6000 8 20384.31744
5.7000 8 26319.2576
5.8000 8 15089.00864
5.9000 8 22103.98208
6.0000 8 26812.08832
6.1000 8 24442.30656
6.2000 8 19209.91232
6.3000 8 22030.58176
6.4000 8 23414.70208
6.5000 8 20185.088
6.6000 8 26099.05664
6.7000 8 21107.83488
6.8000 8 14952.69376
6.9000 8 21768.43776
7.0000 8 24096.27648
7.1000 8 16892.55936
7.2000 8 26235.37152
7.3000 8 22806.528
7.4000 8 18381.53728
7.5000 8 17595.10528
7.6000 8 20677.91872
7.7000 8 28017.95072
7.8000 8 15602.81088
7.9000 8 23477.61664
8.0000 8 16735.27296
8.1000 8 20101.20192
8.2000 8 25910.31296
8.3000 8 27231.51872
8.4000 8 28384.95232
8.5000 8 19199.42656
8.6000 8 11744.0512
8.7000 8 23970.44736
8.8000 8 27032.28928
8.9000 8 22974.30016
9.0000 8 20289.9456
9.1000 8 21296.57856
9.2000 8 23330.816
9.3000 8 27283.94752
9.4000 8 20038.28736
9.5000 8 17867.73504
9.6000 8 23299.35872
9.7000 8 23918.01856
9.8000 8 27755.80672
9.9000 8 17196.6464
10.0000 8 9573.49888
10.1000 8 24211.61984
10.2000 8 31027.36384
10.3000 8 18318.62272
10.4000 8 62.91456
10.5000 8 54284.77952
10.6000 8 21716.00896
10.7000 8 12698.25536
10.8000 8 16336.81408
10.9000 8 24578.62144
11.0000 8 20866.6624
11.1000 8 27420.2624
11.2000 8 22366.12608
11.3000 8 17951.62112
11.4000 8 9447.66976
11.5000 8 13170.11456
11.6000 8 3617.5872
11.7000 8 23079.15776
11.8000 8 8063.54944
11.9000 8 11083.44832
12.0000 8 31058.82112
12.1000 8 62.91456
12.2000 8 11848.9088
12.3000 8 40684.7488
12.4000 8 31436.30848
12.5000 8 18538.82368
12.6000 8 26696.74496
12.7000 8 31708.93824
12.8000 8 20111.68768
12.9000 8 9447.66976
13.0000 8 16745.75872
13.1000 8 39132.85632
13.2000 8 29213.32736
13.3000 8 23834.13248
13.4000 8 16986.9312
13.5000 8 20887.63392
13.6000 8 16787.70176
13.7000 8 33617.34656
13.8000 8 19765.6576
13.9000 8 18224.25088
14.0000 8 29181.87008
14.1000 8 24400.36352
14.2000 8 24966.59456
14.3000 8 27839.6928
14.4000 8 17154.70336
14.5000 8 14313.0624
14.6000 8 26340.22912
14.7000 8 23068.672
14.8000 8 29066.52672
14.9000 8 25092.42368
15.0000 8 16861.10208
15.1000 8 4414.50496
15.2000 8 24505.22112
15.3000 8 30115.10272
15.4000 8 21642.60864
15.5000 8 24064.8192
15.6000 8 31541.16608
15.7000 8 17374.90432
15.8000 8 23204.98688
15.9000 8 29559.35744
16.0000 8 21411.92192
16.1000 8 9500.09856
16.2000 8 12152.99584
16.3000 8 29066.52672
16.4000 8 32537.31328
16.5000 8 20992.49152
16.6000 8 12635.3408
16.7000 8 29643.24352
16.8000 8 34173.09184
16.9000 8 16672.3584
17.0000 8 16305.3568
17.1000 8 25186.79552
17.2000 8 23488.1024
17.3000 8 21820.86656
17.4000 8 14292.09088
17.5000 8 20730.34752
17.6000 8 20635.97568
17.7000 8 34215.03488
17.8000 8 31111.24992
17.9000 8 21212.69248
18.0000 8 8514.43712
18.1000 8 13065.25696
18.2000 8 31992.05376
18.3000 8 21212.69248
18.4000 8 22879.92832
18.5000 8 32956.74368
18.6000 8 16452.15744
18.7000 8 15382.60992
18.8000 8 23603.44576
18.9000 8 30251.4176
19.0000 8 15225.32352
19.1000 8 8252.29312
19.2000 8 10737.41824
19.3000 8 2485.12512
