0.1000 8 0.0
0.2000 8 30995.90656
0.3000 8 30639.39072
0.4000 8 17972.59264
0.5000 8 31394.36544
0.6000 8 23110.61504
0.7000 8 27598.52032
0.8000 8 25648.16896
0.9000 8 30817.64864
1.0000 8 22439.5264
1.1000 8 24431.8208
1.2000 8 28783.4112
1.3000 8 20772.29056
1.4000 8 28961.66912
1.5000 8 24851.2512
1.6000 8 23928.50432
1.7000 8 31918.65344
1.8000 8 25606.22592
1.9000 8 25260.19584
2.0000 8 27986.49344
2.1000 8 25627.19744
2.2000 8 18423.48032
2.3000 8 22187.86816
2.4000 8 38231.08096
2.5000 8 13316.9152
2.6000 8 7707.0336
2.7000 8 32390.51264
2.8000 8 27273.46176
2.9000 8 28888.2688
3.0000 8 26319.2576
3.1000 8 18517.85216
3.2000 8 25826.42688
3.3000 8 24861.73696
3.4000 8 31205.62176
3.5000 8 25386.02496
3.6000 8 29790.04416
3.7000 8 20415.77472
3.8000 8 21778.92352
3.9000 8 23708.30336
4.0000 8 26675.77344
4.1000 8 28248.63744
4.2000 8 29192.35584
4.3000 8 27892.1216
4.4000 8 25711.08352
4.5000 8 19136.512
4.6000 8 21778.92352
4.7000 8 28940.6976
4.8000 8 24610.07872
4.9000 8 27567.06304
5.0000 8 26654.80192
5.1000 8 21537.75104
5.2000 8 27546.09152
5.3000 8 24494.73536
5.4000 8 26046.62784
5.5000 8 31331.45088
5.6000 8 19587.39968
5.7000 8 19419.62752
5.8000 8 28909.24032
5.9000 8 25323.1104
6.0000 8 28343.00928
6.1000 8 26539.45856
6.2000 8 3565.1584
6.3000 8 22691.18464
6.4000 8 29716.64384
6.5000 8 28867.29728
6.6000 8 16347.29984
6.7000 8 25973.22752
6.8000 8 28909.24032
6.9000 8 21275.60704
7.0000 8 25941.77024
7.1000 8 30020.73088
7.2000 8 28059.89376
7.3000 8 29014.09792
7.4000 8 23739.76064
7.5000 8 21338.5216
7.6000 8 21107.83488
7.7000 8 29863.44448
7.8000 8 23907.5328
7.9000 8 26612.85888
8.0000 8 28049.408
8.1000 8 28479.32416
8.2000 8 26759.65952
8.3000 8 22554.86976
8.4000 8 23865.58976
8.5000 8 20625.48992
8.6000 8 30335.30368
8.7000 8 28951.18336
8.8000 8 19818.0864
8.9000 8 35074.8672
9.0000 8 20667.43296
9.1000 8 16798.18752
9.2000 8 30565.9904
9.3000 8 22334.6688
9.4000 8 30597.44768
9.5000 8 27179.08992
9.6000 8 22712.15616
9.7000 8 23897.04704
9.8000 8 22020.096
9.9000 8 22355.64032
10.0000 8 35368.46848
10.1000 8 16231.95648
10.2000 8 16661.87264
10.3000 8 23372.75904
10.4000 8 33659.2896
10.5000 8 26738.688
10.6000 8 20677.91872
10.7000 8 24641.536
10.8000 8 28479.32416
10.9000 8 25386.02496
11.0000 8 16106.12736
11.1000 8 671.08864
11.2000 8 17207.13216
11.3000 8 25606.22592
11.4000 8 18025.02144
11.5000 8 1226.83392
11.6000 8 2222.98112
11.7000 8 3271.55712
11.8000 8 18035.5072
11.9000 8 34990.98112
12.0000 8 34802.23744
12.1000 8 7088.37376
12.2000 8 34498.1504
12.3000 8 28573.696
12.4000 8 29202.8416
12.5000 8 29590.81472
12.6000 8 3837.78816
12.7000 8 25050.48064
12.8000 8 46682.60352
12.9000 8 15130.95168
13.0000 8 31090.2784
13.1000 8 31677.48096
13.2000 8 28762.43968
13.3000 8 26329.74336
13.4000 8 31845.25312
13.5000 8 10171.1872
13.6000 8 38346.42432
13.7000 8 31740.39552
13.8000 8 34970.0096
13.9000 8 24914.16576
14.0000 8 25532.8256
14.1000 8 20258.48832
14.2000 8 25218.2528
14.3000 8 26434.60096
14.4000 8 24882.70848
14.5000 8 28447.86688
14.6000 8 25071.45216
14.7000 8 18989.71136
14.8000 8 27294.43328
14.9000 8 20772.29056
15.0000 8 26266.8288
15.1000 8 28479.32416
15.2000 8 19597.88544
15.3000 8 41.94304
15.4000 8 36983.27552
15.5000 8 4959.76448
15.6000 8 3995.07456
15.7000 8 32023.51104
15.8000 8 18654.16704
15.9000 8 20206.05952
16.0000 8 2202.0096
16.1000 8 14564.72064
16.2000 8 6490.68544
16.3000 8 38598.08256
16.4000 8 33869.0048
16.5000 8 25595.74016
16.6000 8 27902.60736
16.7000 8 12383.68256
16.8000 8 37654.36416
16.9000 8 36091.98592
17.0000 8 27168.60416
17.1000 8 30870.07744
17.2000 8 11083.44832
17.3000 8 7235.1744
17.4000 8 1887.4368
