0.1000 8 0.0
0.2000 8 27294.43328
0.3000 8 28720.49664
0.4000 8 28017.95072
0.5000 8 22324.18304
0.6000 8 19241.3696
0.7000 8 23519.55968
0.8000 8 20604.5184
0.9000 8 37664.84992
1.0000 8 36081.50016
1.1000 8 29842.47296
1.2000 8 18129.87904
1.3000 8 32023.51104
1.4000 8 28374.46656
1.5000 8 22900.89984
1.6000 8 25805.45536
1.7000 8 28405.92384
1.8000 8 21464.35072
1.9000 8 29831.9872
2.0000 8 25039.99488
2.1000 8 18675.13856
2.2000 8 22334.6688
2.3000 8 27955.03616
2.4000 8 27567.06304
2.5000 8 25312.62464
2.6000 8 26990.34624
2.7000 8 28961.66912
2.8000 8 23834.13248
2.9000 8 26780.63104
3.0000 8 25092.42368
3.1000 8 24536.6784
3.2000 8 30125.58848
3.3000 8 31992.05376
3.4000 8 20730.34752
3.5000 8 20751.31904
3.6000 8 35955.67104
3.7000 8 17804.82048
3.8000 8 20667.43296
3.9000 8 30995.90656
4.0000 8 32788.97152
4.1000 8 22670.21312
4.2000 8 18077.45024
4.3000 8 34047.26272
4.4000 8 26193.42848
4.5000 8 33554.432
4.6000 8 17186.16064
4.7000 8 22932.35712
4.8000 8 36500.93056
4.9000 8 14187.23328
5.0000 8 25218.2528
5.1000 8 28877.78304
5.2000 8 32474.39872
5.3000 8 26172.45696
5.4000 8 20436.74624
5.5000 8 25186.79552
5.6000 8 25773.99808
5.7000 8 22303.21152
5.8000 8 22502.44096
5.9000 8 28972.15488
6.0000 8 21548.2368
6.1000 8 21495.808
6.2000 8 29129.44128
6.3000 8 27262.976
6.4000 8 28626.1248
6.5000 8 24893.19424
6.6000 8 24148.70528
6.7000 8 20709.376
6.8000 8 30219.96032
6.9000 8 20677.91872
7.0000 8 15099.4944
7.1000 8 20415.77472
7.2000 8 27923.57888
7.3000 8 24840.76544
7.4000 8 28363.9808
7.5000 8 24704.45056
7.6000 8 26382.17216
7.7000 8 24610.07872
7.8000 8 27441.23392
7.9000 8 25323.1104
8.0000 8 27713.86368
8.1000 8 27063.74656
8.2000 8 22219.32544
8.3000 8 24798.8224
8.4000 8 31016.87808
8.5000 8 23204.98688
8.6000 8 21810.3808
8.7000 8 22785.55648
8.8000 8 28814.86848
8.9000 8 21338.5216
9.0000 8 18832.42496
9.1000 8 24337.44896
9.2000 8 25344.08192
9.3000 8 24557.64992
9.4000 8 28741.46816
9.5000 8 22523.41248
9.6000 8 24893.19424
9.7000 8 27378.31936
9.8000 8 27451.71968
9.9000 8 25522.33984
10.0000 8 25973.22752
10.1000 8 19870.5152
10.2000 8 24998.05184
10.3000 8 24683.47904
10.4000 8 23781.70368
10.5000 8 18224.25088
10.6000 8 24966.59456
10.7000 8 32380.02688
10.8000 8 25102.90944
10.9000 8 25417.48224
11.0000 8 22827.49952
11.1000 8 28751.95392
11.2000 8 28940.6976
11.3000 8 25333.59616
11.4000 8 35074.8672
11.5000 8 21558.72256
11.6000 8 19209.91232
11.7000 8 26770.14528
11.8000 8 30083.64544
11.9000 8 25427.968
12.0000 8 31058.82112
12.1000 8 17783.84896
12.2000 8 30335.30368
12.3000 8 30545.01888
12.4000 8 21474.83648
12.5000 8 24798.8224
12.6000 8 28489.80992
12.7000 8 22680.69888
12.8000 8 25071.45216
12.9000 8 33648.80384
13.0000 8 18926.7968
13.1000 8 24777.85088
13.2000 8 29381.09952
13.3000 8 29569.8432
13.4000 8 28846.32576
13.5000 8 19608.3712
13.6000 8 20709.376
13.7000 8 28248.63744
13.8000 8 31530.68032
13.9000 8 15864.95488
14.0000 8 31520.19456
14.1000 8 32883.34336
14.2000 8 24222.1056
14.3000 8 18738.05312
14.4000 8 19975.3728
14.5000 8 31195.136
14.6000 8 33764.1472
14.7000 8 18643.68128
14.8000 8 23802.6752
14.9000 8 25899.8272
15.0000 8 28489.80992
15.1000 8 21128.8064
15.2000 8 28699.52512
15.3000 8 17406.3616
15.4000 8 24096.27648
15.5000 8 28426.89536
15.6000 8 24966.59456
15.7000 8 28133.29408
15.8000 8 24631.05024
15.9000 8 24148.70528
16.0000 8 23980.93312
16.1000 8 25427.968
16.2000 8 22282.24
16.3000 8 26770.14528
16.4000 8 10800.3328
16.5000 8 1688.20736
