0.1000 8 0.0
0.2000 8 28993.1264
0.3000 8 31887.19616
0.4000 8 27126.66112
0.5000 8 33984.34816
0.6000 8 20615.00416
0.7000 8 28080.86528
0.8000 8 34120.66304
0.9000 8 24264.04864
1.0000 8 25564.28288
1.1000 8 32820.4288
1.2000 8 15466.496
1.3000 8 20835.20512
1.4000 8 29328.67072
1.5000 8 27116.17536
1.6000 8 29748.10112
1.7000 8 22208.83968
1.8000 8 26109.5424
1.9000 8 27808.23552
2.0000 8 29517.4144
2.1000 8 28070.37952
2.2000 8 31488.73728
2.3000 8 27546.09152
2.4000 8 20300.43136
2.5000 8 30712.79104
2.6000 8 27808.23552
2.7000 8 28112.32256
2.8000 8 29286.72768
2.9000 8 22145.92512
3.0000 8 31163.67872
3.1000 8 28217.18016
3.2000 8 36039.55712
3.3000 8 23477.61664
3.4000 8 21369.97888
3.5000 8 27965.52192
3.6000 8 21988.63872
3.7000 8 21160.26368
3.8000 8 28762.43968
3.9000 8 23498.58816
4.0000 8 28458.35264
4.1000 8 30723.2768
4.2000 8 32065.45408
4.3000 8 28468.8384
4.4000 8 26979.86048
4.5000 8 27000.832
4.6000 8 30775.7056
4.7000 8 32369.54112
4.8000 8 23142.07232
4.9000 8 23561.50272
5.0000 8 35074.8672
5.1000 8 22124.9536
5.2000 8 20227.03104
5.3000 8 35945.18528
5.4000 8 36039.55712
5.5000 8 19943.91552
5.6000 8 20814.2336
5.7000 8 34036.77696
5.8000 8 27640.46336
5.9000 8 25910.31296
6.0000 8 24714.93632
6.1000 8 29978.78784
6.2000 8 35032.92416
6.3000 8 22596.8128
6.4000 8 31635.53792
6.5000 8 33103.54432
6.6000 8 15435.03872
6.7000 8 20698.89024
6.8000 8 34802.23744
6.9000 8 30104.61696
7.0000 8 24431.8208
7.1000 8 27556.57728
7.2000 8 24547.16416
7.3000 8 31992.05376
7.4000 8 27881.63584
7.5000 8 16840.13056
7.6000 8 34120.66304
7.7000 8 24578.62144
7.8000 8 29790.04416
7.9000 8 24484.2496
8.0000 8 26497.51552
8.1000 8 28164.75136
8.2000 8 29349.64224
8.3000 8 15151.9232
8.4000 8 33397.1456
8.5000 8 28657.58208
8.6000 8 27409.77664
8.7000 8 24830.27968
8.8000 8 25469.91104
8.9000 8 29548.87168
9.0000 8 31834.76736
9.1000 8 24756.87936
9.2000 8 24295.50592
9.3000 8 26780.63104
9.4000 8 25711.08352
9.5000 8 30251.4176
9.6000 8 25910.31296
9.7000 8 15099.4944
9.8000 8 24777.85088
9.9000 8 25721.56928
10.0000 8 23781.70368
10.1000 8 20772.29056
10.2000 8 24788.33664
10.3000 8 32956.74368
10.4000 8 20814.2336
10.5000 8 10947.13344
10.6000 8 27724.34944
10.7000 8 32096.91136
10.8000 8 26298.28608
10.9000 8 31.45728
11.0000 8 25847.3984
11.1000 8 28730.9824
11.2000 8 23519.55968
11.3000 8 9290.38336
11.4000 8 11953.7664
11.5000 8 13191.08608
11.6000 8 0.0
11.7000 8 30733.76256
11.8000 8 32757.51424
11.9000 8 29779.5584
12.0000 8 21369.97888
12.1000 8 28049.408
12.2000 8 6354.37056
12.3000 8 38556.13952
12.4000 8 1405.09184
12.5000 8 9353.29792
12.6000 8 346.03008
12.7000 8 0.0
12.8000 8 28877.78304
12.9000 8 12572.42624
13.0000 8 11880.36608
13.1000 8 41701.86752
13.2000 8 2820.66944
13.3000 8 8692.69504
13.4000 8 14050.9184
13.5000 8 17899.19232
13.6000 8 25889.34144
13.7000 8 19283.31264
13.8000 8 650.11712
13.9000 8 19430.11328
14.0000 8 41733.3248
14.1000 8 33009.17248
14.2000 8 24316.47744
14.3000 8 28468.8384
14.4000 8 32474.39872
14.5000 8 21537.75104
14.6000 8 34435.23584
14.7000 8 26046.62784
14.8000 8 19503.5136
14.9000 8 5075.10784
15.0000 8 25931.28448
15.1000 8 32516.34176
15.2000 8 3690.98752
15.3000 8 943.7184
15.4000 8 12268.3392
15.5000 8 0.0
15.6000 8 21244.14976
15.7000 8 24431.8208
15.8000 8 32820.4288
15.9000 8 26895.9744
16.0000 8 44365.25056
16.1000 8 23561.50272
16.2000 8 28395.43808
16.3000 8 32904.31488
16.4000 8 10643.0464
16.5000 8 13054.7712
16.6000 8 19943.91552
16.7000 8 3774.8736
16.8000 8 47164.94848
16.9000 8 25218.2528
17.0000 8 31520.19456
17.1000 8 15456.01024
17.2000 8 1824.52224
