0.1000 8 0.0
0.2000 8 27986.49344
0.3000 8 32138.8544
0.4000 8 11901.3376
0.5000 8 7623.14752
0.6000 8 25375.5392
0.7000 8 29611.78624
0.8000 8 19010.68288
0.9000 8 18150.85056
1.0000 8 7937.72032
1.1000 8 2600.46848
1.2000 8 94.37184
1.3000 8 18769.5104
1.4000 8 31876.7104
1.5000 8 26130.51392
1.6000 8 22628.27008
1.7000 8 14386.46272
1.8000 8 15571.3536
1.9000 8 35861.2992
2.0000 8 27210.5472
2.1000 8 18727.56736
2.2000 8 20363.34592
2.3000 8 24274.5344
2.4000 8 28059.89376
2.5000 8 24568.13568
2.6000 8 28426.89536
2.7000 8 23204.98688
2.8000 8 20143.14496
2.9000 8 15047.0656
3.0000 8 19136.512
3.1000 8 29831.9872
3.2000 8 20919.0912
3.3000 8 24735.90784
3.4000 8 18622.70976
3.5000 8 16116.61312
3.6000 8 21674.06592
3.7000 8 27074.23232
3.8000 8 24064.8192
3.9000 8 10695.4752
4.0000 8 25134.36672
4.1000 8 21726.49472
4.2000 8 20887.63392
4.3000 8 22324.18304
4.4000 8 17081.30304
4.5000 8 19901.97248
4.6000 8 18842.91072
4.7000 8 22512.92672
4.8000 8 23655.87456
4.9000 8 24809.30816
5.0000 8 20814.2336
5.1000 8 16588.47232
5.2000 8 22523.41248
5.3000 8 23928.50432
5.4000 8 23152.55808
5.5000 8 15120.46592
5.6000 8 24809.30816
5.7000 8 22586.32704
5.8000 8 24735.90784
5.9000 8 16273.89952
6.0000 8 12499.02592
6.1000 8 19985.85856
6.2000 8 30356.2752
6.3000 8 16148.0704
6.4000 8 24201.13408
6.5000 8 21621.63712
6.6000 8 17804.82048
6.7000 8 23928.50432
6.8000 8 23152.55808
6.9000 8 19356.71296
7.0000 8 18580.76672
7.1000 8 24977.08032
7.2000 8 19146.99776
7.3000 8 18087.936
7.4000 8 18905.82528
7.5000 8 23834.13248
7.6000 8 22953.32864
7.7000 8 26088.57088
7.8000 8 17773.3632
7.9000 8 14868.80768
8.0000 8 17752.39168
8.1000 8 28080.86528
8.2000 8 17458.7904
8.3000 8 20814.2336
8.4000 8 26623.34464
8.5000 8 20468.20352
8.6000 8 20153.63072
8.7000 8 26004.6848
8.8000 8 20038.28736
8.9000 8 12509.51168
9.0000 8 20017.31584
9.1000 8 28710.01088
9.2000 8 19524.48512
9.3000 8 21925.72416
9.4000 8 18392.02304
9.5000 8 17773.3632
9.6000 8 22177.3824
9.7000 8 15529.41056
9.8000 8 20415.77472
9.9000 8 22051.55328
10.0000 8 25711.08352
10.1000 8 18056.47872
10.2000 8 13212.0576
10.3000 8 19513.99936
10.4000 8 20635.97568
10.5000 8 25511.85408
10.6000 8 24872.22272
10.7000 8 18989.71136
10.8000 8 20877.14816
10.9000 8 24379.392
11.0000 8 27892.1216
11.1000 8 20656.9472
11.2000 8 15435.03872
11.3000 8 21841.83808
11.4000 8 19860.02944
11.5000 8 25081.93792
11.6000 8 24400.36352
11.7000 8 18517.85216
11.8000 8 22775.07072
11.9000 8 21726.49472
12.0000 8 15109.98016
12.1000 8 23970.44736
12.2000 8 22051.55328
12.3000 8 18056.47872
12.4000 8 22911.3856
12.5000 8 18203.27936
12.6000 8 24190.64832
12.7000 8 21726.49472
12.8000 8 19786.62912
12.9000 8 19356.71296
13.0000 8 20363.34592
13.1000 8 24022.87616
13.2000 8 23467.13088
13.3000 8 20698.89024
13.4000 8 15697.18272
13.5000 8 16787.70176
13.6000 8 26854.03136
13.7000 8 20321.40288
13.8000 8 17720.9344
13.9000 8 22072.5248
14.0000 8 22261.26848
14.1000 8 20730.34752
14.2000 8 22953.32864
14.3000 8 19388.17024
14.4000 8 21023.9488
14.5000 8 23477.61664
14.6000 8 18643.68128
14.7000 8 19335.74144
14.8000 8 19084.0832
14.9000 8 21653.0944
15.0000 8 20594.03264
15.1000 8 22900.89984
15.2000 8 23530.04544
15.3000 8 17437.81888
15.4000 8 22292.72576
15.5000 8 23079.15776
15.6000 8 18161.33632
15.7000 8 23802.6752
15.8000 8 15246.29504
15.9000 8 19692.25728
16.0000 8 18108.90752
16.1000 8 25155.33824
16.2000 8 22890.41408
16.3000 8 23351.78752
16.4000 8 21663.58016
16.5000 8 16882.0736
16.6000 8 19671.28576
16.7000 8 30104.61696
16.8000 8 16011.75552
16.9000 8 16326.32832
17.0000 8 25417.48224
17.1000 8 21831.35232
17.2000 8 17154.70336
17.3000 8 24515.70688
17.4000 8 14868.80768
17.5000 8 13977.51808
17.6000 8 30377.24672
17.7000 8 20740.83328
17.8000 8 16284.38528
17.9000 8 22240.29696
18.0000 8 23435.6736
18.1000 8 23645.3888
18.2000 8 18779.99616
18.3000 8 22009.61024
18.4000 8 21967.6672
18.5000 8 20677.91872
18.6000 8 26308.77184
18.7000 8 15781.0688
18.8000 8 15026.09408
18.9000 8 23477.61664
19.0000 8 24998.05184
19.1000 8 20688.40448
19.2000 8 23928.50432
19.3000 8 17186.16064
19.4000 8 15214.83776
19.5000 8 29118.95552
19.6000 8 24201.13408
19.7000 8 12813.59872
19.8000 8 17322.47552
19.9000 8 19409.14176
20.0000 8 7077.888
20.1000 8 5221.90848
20.2000 8 73.40032
