0.1000 8 0.0
0.2000 8 33648.80384
0.3000 8 36039.55712
0.4000 8 17731.42016
0.5000 8 12121.53856
0.6000 8 26361.20064
0.7000 8 16808.67328
0.8000 8 20688.40448
0.9000 8 29077.01248
1.0000 8 23530.04544
1.1000 8 20950.54848
1.2000 8 12656.31232
1.3000 8 22701.6704
1.4000 8 25532.8256
1.5000 8 20950.54848
1.6000 8 29265.75616
1.7000 8 26602.37312
1.8000 8 16368.27136
1.9000 8 14449.37728
2.0000 8 23907.5328
2.1000 8 33585.88928
2.2000 8 18937.28256
2.3000 8 11062.4768
2.4000 8 19723.71456
2.5000 8 30524.04736
2.6000 8 26895.9744
2.7000 8 16452.15744
2.8000 8 13568.57344
2.9000 8 27734.8352
3.0000 8 18696.11008
3.1000 8 24599.59296
3.2000 8 22345.15456
3.3000 8 18895.33952
3.4000 8 28259.1232
3.5000 8 27598.52032
3.6000 8 13096.71424
3.7000 8 13746.83136
3.8000 8 23005.75744
3.9000 8 28668.06784
4.0000 8 30513.5616
4.1000 8 10821.30432
4.2000 8 14963.17952
4.3000 8 27703.37792
4.4000 8 26654.80192
4.5000 8 19870.5152
4.6000 8 17322.47552
4.7000 8 22817.01376
4.8000 8 28059.89376
4.9000 8 18968.73984
5.0000 8 17731.42016
5.1000 8 16546.52928
5.2000 8 27074.23232
5.3000 8 25102.90944
5.4000 8 24872.22272
5.5000 8 12352.22528
5.6000 8 17563.648
5.7000 8 28500.29568
5.8000 8 25983.71328
5.9000 8 15948.84096
6.0000 8 20845.69088
6.1000 8 31415.33696
6.2000 8 20237.5168
6.3000 8 11785.99424
6.4000 8 22963.8144
6.5000 8 26791.1168
6.6000 8 23404.21632
6.7000 8 24138.21952
6.8000 8 7707.0336
6.9000 8 21191.72096
7.0000 8 29590.81472
7.1000 8 20373.83168
7.2000 8 21852.32384
7.3000 8 23949.47584
7.4000 8 15864.95488
7.5000 8 23163.04384
7.6000 8 14229.17632
7.7000 8 20814.2336
7.8000 8 20615.00416
7.9000 8 22701.6704
8.0000 8 20898.11968
8.1000 8 15141.43744
8.2000 8 24903.68
8.3000 8 26728.20224
8.4000 8 20489.17504
8.5000 8 17028.87424
8.6000 8 21999.12448
8.7000 8 24253.56288
8.8000 8 24589.1072
8.9000 8 23540.5312
9.0000 8 18958.25408
9.1000 8 14784.9216
9.2000 8 26161.9712
9.3000 8 26822.57408
9.4000 8 19922.944
9.5000 8 16630.41536
9.6000 8 25700.59776
9.7000 8 20174.60224
9.8000 8 0.0
9.9000 8 26350.71488
10.0000 8 29045.5552
10.1000 8 25050.48064
10.2000 8 12803.11296
10.3000 8 1814.03648
10.4000 8 3942.64576
10.5000 8 0.0
10.6000 8 34330.37824
10.7000 8 27850.17856
10.8000 8 21044.92032
10.9000 8 27829.20704
11.0000 8 20216.54528
11.1000 8 30639.39072
11.2000 8 40233.86112
11.3000 8 8524.92288
11.4000 8 1803.55072
11.5000 8 0.0
11.6000 8 15885.9264
11.7000 8 18266.19392
11.8000 8 6092.22656
11.9000 8 31289.50784
12.0000 8 38010.88
12.1000 8 27242.00448
12.2000 8 21894.26688
12.3000 8 31111.24992
12.4000 8 38692.4544
12.5000 8 26591.88736
12.6000 8 16630.41536
12.7000 8 26256.34304
12.8000 8 28689.03936
12.9000 8 14512.29184
13.0000 8 23005.75744
13.1000 8 9447.66976
13.2000 8 15728.64
13.3000 8 25773.99808
13.4000 8 8315.20768
13.5000 8 25616.71168
13.6000 8 41093.69344
13.7000 8 24767.36512
13.8000 8 19870.5152
13.9000 8 17081.30304
14.0000 8 21600.6656
14.1000 8 32432.45568
14.2000 8 24998.05184
14.3000 8 17144.2176
14.4000 8 13023.31392
14.5000 8 11041.50528
14.6000 8 22858.9568
14.7000 8 32705.08544
14.8000 8 27158.1184
14.9000 8 25197.28128
15.0000 8 21548.2368
15.1000 8 26371.6864
15.2000 8 30293.36064
15.3000 8 16431.18592
15.4000 8 17752.39168
15.5000 8 26581.4016
15.6000 8 26833.05984
15.7000 8 26675.77344
15.8000 8 16032.72704
15.9000 8 14061.40416
16.0000 8 22512.92672
16.1000 8 30586.96192
16.2000 8 24494.73536
16.3000 8 18937.28256
16.4000 8 21097.34912
16.5000 8 20153.63072
16.6000 8 26015.17056
16.7000 8 29643.24352
16.8000 8 15686.69696
16.9000 8 14281.60512
17.0000 8 34068.23424
17.1000 8 26696.74496
17.2000 8 17133.73184
17.3000 8 12142.51008
17.4000 8 26140.99968
17.5000 8 25543.31136
17.6000 8 18412.99456
17.7000 8 28143.77984
17.8000 8 27692.89216
17.9000 8 10705.96096
18.0000 8 12027.16672
18.1000 8 28636.61056
18.2000 8 17678.99136
18.3000 8 22418.55488
18.4000 8 25983.71328
18.5000 8 19167.96928
18.6000 8 12949.9136
18.7000 8 21202.20672
18.8000 8 23991.41888
18.9000 8 23341.30176
19.0000 8 20279.45984
19.1000 8 19126.02624
19.2000 8 20331.88864
19.3000 8 19660.8
19.4000 8 11660.16512
19.5000 8 1855.97952
19.6000 8 20.97152
