0.1000 8 0.0
0.2000 8 27923.57888
0.3000 8 24735.90784
0.4000 8 29695.67232
0.5000 8 36312.18688
0.6000 8 26906.46016
0.7000 8 15393.09568
0.8000 8 27514.63424
0.9000 8 28888.2688
1.0000 8 27493.66272
1.1000 8 29989.2736
1.2000 8 20604.5184
1.3000 8 28835.84
1.4000 8 27084.71808
1.5000 8 25459.42528
1.6000 8 24211.61984
1.7000 8 20929.57696
1.8000 8 32663.1424
1.9000 8 28227.66592
2.0000 8 21904.75264
2.1000 8 26214.4
2.2000 8 26518.48704
2.3000 8 20719.86176
2.4000 8 29569.8432
2.5000 8 29569.8432
2.6000 8 26508.00128
2.7000 8 24012.3904
2.8000 8 20457.71776
2.9000 8 23351.78752
3.0000 8 35043.40992
3.1000 8 26602.37312
3.2000 8 13526.6304
3.3000 8 31446.79424
3.4000 8 31205.62176
3.5000 8 19220.39808
3.6000 8 19063.11168
3.7000 8 28269.60896
3.8000 8 33827.06176
3.9000 8 27262.976
4.0000 8 18245.2224
4.1000 8 22596.8128
4.2000 8 28877.78304
4.3000 8 25962.74176
4.4000 8 30450.64704
4.5000 8 24589.1072
4.6000 8 26759.65952
4.7000 8 20006.83008
4.8000 8 26875.00288
4.9000 8 33543.94624
5.0000 8 24641.536
5.1000 8 12603.88352
5.2000 8 26151.48544
5.3000 8 29706.15808
5.4000 8 29056.04096
5.5000 8 23456.64512
5.6000 8 25144.85248
5.7000 8 25973.22752
5.8000 8 27409.77664
5.9000 8 22670.21312
6.0000 8 23236.44416
6.1000 8 32421.96992
6.2000 8 23414.70208
6.3000 8 23194.50112
6.4000 8 26675.77344
6.5000 8 24494.73536
6.6000 8 26235.37152
6.7000 8 25836.91264
6.8000 8 28510.78144
6.9000 8 25595.74016
7.0000 8 21600.6656
7.1000 8 21569.20832
7.2000 8 20772.29056
7.3000 8 31279.02208
7.4000 8 34917.5808
7.5000 8 13904.11776
7.6000 8 20604.5184
7.7000 8 29234.29888
7.8000 8 18182.30784
7.9000 8 20919.0912
8.0000 8 33082.5728
8.1000 8 17762.87744
8.2000 8 13306.42944
8.3000 8 5253.36576
8.4000 8 4141.8752
8.5000 8 12624.85504
8.6000 8 45906.65728
8.7000 8 30324.81792
8.8000 8 7371.48928
8.9000 8 30251.4176
9.0000 8 31100.76416
9.1000 8 17794.33472
9.2000 8 28458.35264
9.3000 8 34749.80864
9.4000 8 33543.94624
9.5000 8 25564.28288
9.6000 8 33166.45888
9.7000 8 21495.808
9.8000 8 17228.10368
9.9000 8 32998.68672
10.0000 8 26623.34464
10.1000 8 13463.71584
10.2000 8 26445.08672
10.3000 8 21747.46624
10.4000 8 31908.16768
10.5000 8 29003.61216
10.6000 8 0.0
10.7000 8 6742.34368
10.8000 8 450.88768
10.9000 8 2013.26592
11.0000 8 26665.28768
11.1000 8 40433.09056
11.2000 8 39038.48448
11.3000 8 34603.008
11.4000 8 20038.28736
11.5000 8 22376.61184
11.6000 8 32149.34016
11.7000 8 32411.48416
11.8000 8 33386.65984
11.9000 8 23131.58656
12.0000 8 18947.76832
12.1000 8 30293.36064
12.2000 8 29035.06944
12.3000 8 20069.74464
12.4000 8 24043.84768
12.5000 8 31436.30848
12.6000 8 9489.6128
12.7000 8 17532.19072
12.8000 8 15214.83776
12.9000 8 1583.34976
13.0000 8 44868.56704
13.1000 8 33135.0016
13.2000 8 28888.2688
13.3000 8 37885.05088
13.4000 8 34414.26432
13.5000 8 17395.87584
13.6000 8 23551.01696
13.7000 8 37088.13312
13.8000 8 25920.79872
13.9000 8 22219.32544
14.0000 8 25155.33824
14.1000 8 27986.49344
14.2000 8 26308.77184
14.3000 8 21202.20672
14.4000 8 28961.66912
14.5000 8 24106.76224
14.6000 8 27294.43328
14.7000 8 22240.29696
14.8000 8 24998.05184
14.9000 8 27734.8352
15.0000 8 27504.14848
15.1000 8 27629.9776
15.2000 8 23792.18944
15.3000 8 22030.58176
15.4000 8 32568.77056
15.5000 8 24410.84928
15.6000 8 17783.84896
15.7000 8 27210.5472
15.8000 8 31803.31008
15.9000 8 32369.54112
16.0000 8 15990.784
16.1000 8 17165.18912
16.2000 8 29548.87168
16.3000 8 32463.91296
16.4000 8 25019.02336
16.5000 8 32505.856
16.6000 8 15812.52608
16.7000 8 11681.13664
16.8000 8 12226.39616
16.9000 8 199.22944
