0.1000 8 0.0
0.2000 8 24274.5344
0.3000 8 13421.7728
0.4000 8 2663.38304
0.5000 8 3523.21536
0.6000 8 25186.79552
0.7000 8 17532.19072
0.8000 8 26958.88896
0.9000 8 31341.93664
1.0000 8 1614.80704
1.1000 8 1562.37824
1.2000 8 19524.48512
1.3000 8 10349.44512
1.4000 8 45256.54016
1.5000 8 20866.6624
1.6000 8 21453.86496
1.7000 8 11471.42144
1.8000 8 16378.75712
1.9000 8 23204.98688
2.0000 8 28594.66752
2.1000 8 50415.53408
2.2000 8 32138.8544
2.3000 8 33145.48736
2.4000 8 30492.59008
2.5000 8 34330.37824
2.6000 8 30062.67392
2.7000 8 24022.87616
2.8000 8 36626.75968
2.9000 8 32505.856
3.0000 8 32400.9984
3.1000 8 32421.96992
3.2000 8 29014.09792
3.3000 8 35158.75328
3.4000 8 20866.6624
3.5000 8 0.0
3.6000 8 660.60288
3.7000 8 115.34336
3.8000 8 0.0
3.9000 8 31834.76736
4.0000 8 17867.73504
4.1000 8 40904.94976
4.2000 8 33753.66144
4.3000 8 38587.5968
4.4000 8 39059.456
4.5000 8 8902.41024
4.6000 8 33564.91776
4.7000 8 35882.27072
4.8000 8 26057.1136
4.9000 8 30733.76256
5.0000 8 28982.64064
5.1000 8 32820.4288
5.2000 8 29527.90016
5.3000 8 29087.49824
5.4000 8 30136.07424
5.5000 8 35997.61408
5.6000 8 20856.17664
5.7000 8 26203.91424
5.8000 8 39321.6
5.9000 8 27063.74656
6.0000 8 31625.05216
6.1000 8 29811.01568
6.2000 8 27137.14688
6.3000 8 30178.01728
6.4000 8 25899.8272
6.5000 8 32736.54272
6.6000 8 29779.5584
6.7000 8 26812.08832
6.8000 8 29632.75776
6.9000 8 34110.17728
7.0000 8 21023.9488
7.1000 8 38660.99712
7.2000 8 26528.9728
7.3000 8 19839.05792
7.4000 8 31237.07904
7.5000 8 27462.20544
7.6000 8 36584.81664
7.7000 8 15309.2096
7.8000 8 20111.68768
7.9000 8 38598.08256
8.0000 8 25585.2544
8.1000 8 26581.4016
8.2000 8 33910.94784
8.3000 8 21244.14976
8.4000 8 25847.3984
8.5000 8 32925.2864
8.6000 8 23194.50112
8.7000 8 27336.37632
8.8000 8 33019.65824
8.9000 8 23676.84608
9.0000 8 23938.99008
9.1000 8 34970.0096
9.2000 8 26046.62784
9.3000 8 21380.46464
9.4000 8 35693.52704
9.5000 8 24641.536
9.6000 8 29066.52672
9.7000 8 26885.48864
9.8000 8 37067.1616
9.9000 8 25983.71328
10.0000 8 30943.47776
10.1000 8 24536.6784
10.2000 8 32663.1424
10.3000 8 29506.92864
10.4000 8 34057.74848
10.5000 8 24756.87936
10.6000 8 32275.16928
10.7000 8 29171.38432
10.8000 8 28730.9824
10.9000 8 29433.52832
11.0000 8 30702.30528
11.1000 8 30366.76096
11.2000 8 32369.54112
11.3000 8 30261.90336
11.4000 8 24547.16416
11.5000 8 30985.4208
11.6000 8 33176.94464
11.7000 8 15424.55296
11.8000 8 28825.35424
11.9000 8 30198.9888
12.0000 8 25669.14048
12.1000 8 32526.82752
12.2000 8 32946.25792
12.3000 8 30891.04896
12.4000 8 33323.74528
12.5000 8 31153.19296
12.6000 8 28248.63744
12.7000 8 28751.95392
12.8000 8 23634.90304
12.9000 8 27388.80512
13.0000 8 31719.424
13.1000 8 28468.8384
13.2000 8 28468.8384
13.3000 8 26371.6864
13.4000 8 26780.63104
13.5000 8 29611.78624
13.6000 8 32117.88288
13.7000 8 29276.24192
13.8000 8 33921.4336
13.9000 8 31006.39232
14.0000 8 17909.67808
14.1000 8 28059.89376
14.2000 8 28416.4096
14.3000 8 27084.71808
14.4000 8 29307.6992
14.5000 8 26224.88576
14.6000 8 28322.03776
14.7000 8 32233.22624
14.8000 8 22502.44096
14.9000 8 29559.35744
15.0000 8 28101.8368
15.1000 8 32935.77216
15.2000 8 27525.12
15.3000 8 26287.80032
15.4000 8 15812.52608
15.5000 8 10338.95936
