0.1000 8 0.0
0.2000 8 33921.4336
0.3000 8 29349.64224
0.4000 8 15141.43744
0.5000 8 19493.02784
0.6000 8 23121.1008
0.7000 8 28930.21184
0.8000 8 26948.4032
0.9000 8 19126.02624
1.0000 8 27021.80352
1.1000 8 28626.1248
1.2000 8 16640.90112
1.3000 8 18161.33632
1.4000 8 27755.80672
1.5000 8 21862.8096
1.6000 8 25071.45216
1.7000 8 24536.6784
1.8000 8 23666.36032
1.9000 8 14449.37728
2.0000 8 25920.79872
2.1000 8 27021.80352
2.2000 8 28059.89376
2.3000 8 18895.33952
2.4000 8 20782.77632
2.5000 8 21495.808
2.6000 8 27063.74656
2.7000 8 21349.00736
2.8000 8 23739.76064
2.9000 8 24431.8208
3.0000 8 24683.47904
3.1000 8 25522.33984
3.2000 8 22282.24
3.3000 8 12226.39616
3.4000 8 25931.28448
3.5000 8 27755.80672
3.6000 8 28835.84
3.7000 8 21674.06592
3.8000 8 18276.67968
3.9000 8 23414.70208
4.0000 8 18779.99616
4.1000 8 24756.87936
4.2000 8 18727.56736
4.3000 8 21076.3776
4.4000 8 30209.47456
4.5000 8 18905.82528
4.6000 8 17437.81888
4.7000 8 23823.64672
4.8000 8 17217.61792
4.9000 8 20174.60224
5.0000 8 19356.71296
5.1000 8 27797.74976
5.2000 8 24568.13568
5.3000 8 20604.5184
5.4000 8 14428.40576
5.5000 8 21349.00736
5.6000 8 29894.90176
5.7000 8 20877.14816
5.8000 8 19849.54368
5.9000 8 26476.544
6.0000 8 22324.18304
6.1000 8 21915.2384
6.2000 8 24536.6784
6.3000 8 20101.20192
6.4000 8 28038.92224
6.5000 8 28017.95072
6.6000 8 5484.05248
6.7000 8 15948.84096
6.8000 8 28699.52512
6.9000 8 28468.8384
7.0000 8 22481.46944
7.1000 8 30335.30368
7.2000 8 25155.33824
7.3000 8 25857.88416
7.4000 8 20478.68928
7.5000 8 13830.71744
7.6000 8 24693.9648
7.7000 8 29968.30208
7.8000 8 21170.74944
7.9000 8 24599.59296
8.0000 8 18392.02304
8.1000 8 22229.8112
8.2000 8 26665.28768
8.3000 8 26895.9744
8.4000 8 23792.18944
8.5000 8 20782.77632
8.6000 8 18884.85376
8.7000 8 23551.01696
8.8000 8 22502.44096
8.9000 8 22796.04224
9.0000 8 28730.9824
9.1000 8 15980.29824
9.2000 8 21946.69568
9.3000 8 23938.99008
9.4000 8 21726.49472
9.5000 8 24526.19264
9.6000 8 26004.6848
9.7000 8 23257.41568
9.8000 8 18591.25248
9.9000 8 21590.17984
10.0000 8 25700.59776
10.1000 8 28689.03936
10.2000 8 17395.87584
10.3000 8 19094.56896
10.4000 8 28919.72608
10.5000 8 25270.6816
10.6000 8 17385.39008
10.7000 8 25123.88096
10.8000 8 17353.9328
10.9000 8 20237.5168
11.0000 8 4435.47648
11.1000 8 429.91616
11.2000 8 964.68992
11.3000 8 5672.79616
11.4000 8 36259.75808
11.5000 8 29548.87168
11.6000 8 23918.01856
11.7000 8 19681.77152
11.8000 8 26791.1168
11.9000 8 29202.8416
12.0000 8 15330.18112
12.1000 8 35032.92416
12.2000 8 27221.03296
12.3000 8 21642.60864
12.4000 8 17479.76192
12.5000 8 32589.74208
12.6000 8 15068.03712
12.7000 8 524.288
12.8000 8 828.37504
12.9000 8 1541.40672
13.0000 8 18842.91072
13.1000 8 38965.08416
13.2000 8 25071.45216
13.3000 8 14470.3488
13.4000 8 30219.96032
13.5000 8 23760.73216
13.6000 8 24463.27808
13.7000 8 29506.92864
13.8000 8 26403.14368
13.9000 8 20961.03424
14.0000 8 21023.9488
14.1000 8 26549.94432
14.2000 8 25543.31136
14.3000 8 30083.64544
14.4000 8 25784.48384
14.5000 8 12939.42784
14.6000 8 6071.25504
14.7000 8 11796.48
14.8000 8 43945.82016
14.9000 8 26654.80192
15.0000 8 15802.04032
15.1000 8 21485.32224
15.2000 8 16011.75552
15.3000 8 14197.71904
15.4000 8 251.65824
15.5000 8 23446.15936
15.6000 8 17941.13536
15.7000 8 28678.5536
15.8000 8 35263.61088
15.9000 8 37056.67584
16.0000 8 29014.09792
16.1000 8 27137.14688
16.2000 8 16619.9296
16.3000 8 22796.04224
16.4000 8 41481.66656
16.5000 8 1551.89248
16.6000 8 28867.29728
16.7000 8 30366.76096
16.8000 8 21925.72416
16.9000 8 28384.95232
17.0000 8 28206.6944
17.1000 8 22093.49632
17.2000 8 19031.6544
17.3000 8 21369.97888
17.4000 8 31184.65024
17.5000 8 20541.60384
17.6000 8 22701.6704
17.7000 8 30157.04576
17.8000 8 23414.70208
17.9000 8 22334.6688
18.0000 8 20006.83008
18.1000 8 23184.01536
18.2000 8 25029.50912
18.3000 8 25994.19904
18.4000 8 25186.79552
18.5000 8 15476.98176
18.6000 8 7560.23296
18.7000 8 7738.49088
