0.1000 8 0.0
0.2000 8 31971.08224
0.3000 8 31247.5648
0.4000 8 24127.73376
0.5000 8 32715.5712
0.6000 8 23551.01696
0.7000 8 30366.76096
0.8000 8 30513.5616
0.9000 8 29517.4144
1.0000 8 13610.51648
1.1000 8 30136.07424
1.2000 8 19576.91392
1.3000 8 29307.6992
1.4000 8 25648.16896
1.5000 8 24610.07872
1.6000 8 25469.91104
1.7000 8 21401.43616
1.8000 8 16085.15584
1.9000 8 9573.49888
2.0000 8 2579.49696
2.1000 8 2212.49536
2.2000 8 33869.0048
2.3000 8 35274.09664
2.4000 8 28982.64064
2.5000 8 42194.69824
2.6000 8 26466.05824
2.7000 8 33701.23264
2.8000 8 30838.62016
2.9000 8 33061.60128
3.0000 8 30932.992
3.1000 8 24264.04864
3.2000 8 26466.05824
3.3000 8 32579.25632
3.4000 8 25836.91264
3.5000 8 32044.48256
3.6000 8 22009.61024
3.7000 8 28133.29408
3.8000 8 22921.87136
3.9000 8 23666.36032
4.0000 8 26266.8288
4.1000 8 23970.44736
4.2000 8 26822.57408
4.3000 8 20342.3744
4.4000 8 29045.5552
4.5000 8 20510.14656
4.6000 8 27252.49024
4.7000 8 22764.58496
4.8000 8 26812.08832
4.9000 8 23844.61824
5.0000 8 26560.43008
5.1000 8 25102.90944
5.2000 8 25857.88416
5.3000 8 24211.61984
5.4000 8 30828.1344
5.5000 8 33596.37504
5.6000 8 31478.25152
5.7000 8 22596.8128
5.8000 8 31090.2784
5.9000 8 28405.92384
6.0000 8 28573.696
6.1000 8 27262.976
6.2000 8 21317.55008
6.3000 8 25207.76704
6.4000 8 26969.37472
6.5000 8 29873.93024
6.6000 8 33795.60448
6.7000 8 20740.83328
6.8000 8 25836.91264
6.9000 8 28793.89696
7.0000 8 26067.59936
7.1000 8 21831.35232
7.2000 8 27084.71808
7.3000 8 24473.76384
7.4000 8 26476.544
7.5000 8 25281.16736
7.6000 8 29454.49984
7.7000 8 29559.35744
7.8000 8 26728.20224
7.9000 8 25123.88096
8.0000 8 23708.30336
8.1000 8 25732.05504
8.2000 8 24264.04864
8.3000 8 28762.43968
8.4000 8 14029.94688
8.5000 8 31132.22144
8.6000 8 27609.00608
8.7000 8 33082.5728
8.8000 8 26854.03136
8.9000 8 27200.06144
9.0000 8 27137.14688
9.1000 8 24840.76544
9.2000 8 23467.13088
9.3000 8 28112.32256
9.4000 8 26130.51392
9.5000 8 17238.58944
9.6000 8 20677.91872
9.7000 8 26812.08832
9.8000 8 27745.32096
9.9000 8 26088.57088
10.0000 8 19493.02784
10.1000 8 24012.3904
10.2000 8 16368.27136
10.3000 8 34938.55232
10.4000 8 25386.02496
10.5000 8 20069.74464
10.6000 8 37360.76288
10.7000 8 27032.28928
10.8000 8 26780.63104
10.9000 8 25365.05344
11.0000 8 27913.09312
11.1000 8 24578.62144
11.2000 8 25983.71328
11.3000 8 26382.17216
11.4000 8 21611.15136
11.5000 8 24316.47744
11.6000 8 27283.94752
11.7000 8 23855.104
11.8000 8 25826.42688
11.9000 8 25627.19744
12.0000 8 29559.35744
12.1000 8 32558.2848
12.2000 8 22837.98528
12.3000 8 32243.712
12.4000 8 27892.1216
12.5000 8 32306.62656
12.6000 8 28657.58208
12.7000 8 27944.5504
12.8000 8 30545.01888
12.9000 8 24494.73536
13.0000 8 26644.31616
13.1000 8 24935.13728
13.2000 8 24358.42048
13.3000 8 27892.1216
13.4000 8 17175.67488
13.5000 8 32484.88448
13.6000 8 24830.27968
13.7000 8 21642.60864
13.8000 8 32642.17088
13.9000 8 32747.02848
14.0000 8 28185.72288
14.1000 8 23823.64672
14.2000 8 32663.1424
14.3000 8 31478.25152
14.4000 8 29790.04416
14.5000 8 29989.2736
14.6000 8 24096.27648
14.7000 8 32663.1424
14.8000 8 27881.63584
14.9000 8 21852.32384
15.0000 8 34655.4368
15.1000 8 30178.01728
15.2000 8 27346.86208
15.3000 8 24064.8192
15.4000 8 26937.91744
15.5000 8 23991.41888
15.6000 8 26833.05984
15.7000 8 26570.91584
15.8000 8 10139.72992
15.9000 8 5945.42592
16.0000 8 2443.18208
