0.1000 8 0.0
0.2000 8 28710.01088
0.3000 8 31950.11072
0.4000 8 20656.9472
0.5000 8 28573.696
0.6000 8 21632.12288
0.7000 8 0.0
0.8000 8 5211.42272
0.9000 8 20877.14816
1.0000 8 22030.58176
1.1000 8 54012.14976
1.2000 8 31918.65344
1.3000 8 32998.68672
1.4000 8 19314.76992
1.5000 8 29286.72768
1.6000 8 13264.4864
1.7000 8 45780.82816
1.8000 8 30440.16128
1.9000 8 29643.24352
2.0000 8 30440.16128
2.1000 8 33575.40352
2.2000 8 22848.47104
2.3000 8 26140.99968
2.4000 8 28437.38112
2.5000 8 16703.81568
2.6000 8 31111.24992
2.7000 8 29381.09952
2.8000 8 30513.5616
2.9000 8 35483.81184
3.0000 8 26382.17216
3.1000 8 25029.50912
3.2000 8 27409.77664
3.3000 8 16137.58464
3.4000 8 11177.82016
3.5000 8 30010.24512
3.6000 8 31258.05056
3.7000 8 34298.92096
3.8000 8 31079.79264
3.9000 8 25784.48384
4.0000 8 28867.29728
4.1000 8 22187.86816
4.2000 8 23813.16096
4.3000 8 29339.15648
4.4000 8 22900.89984
4.5000 8 27671.92064
4.6000 8 1688.20736
4.7000 8 35829.84192
4.8000 8 8849.98144
4.9000 8 25008.5376
5.0000 8 27420.2624
5.1000 8 53236.20352
5.2000 8 24798.8224
5.3000 8 17385.39008
5.4000 8 30995.90656
5.5000 8 24421.33504
5.6000 8 22512.92672
5.7000 8 9688.84224
5.8000 8 15812.52608
5.9000 8 28961.66912
6.0000 8 18570.28096
6.1000 8 23708.30336
6.2000 8 32851.88608
6.3000 8 4750.04928
6.4000 8 20457.71776
6.5000 8 25847.3984
6.6000 8 35808.8704
6.7000 8 27409.77664
6.8000 8 32505.856
6.9000 8 27304.91904
7.0000 8 16609.44384
7.1000 8 26078.08512
7.2000 8 31646.02368
7.3000 8 29402.07104
7.4000 8 21506.29376
7.5000 8 18549.30944
7.6000 8 26497.51552
7.7000 8 25784.48384
7.8000 8 25323.1104
7.9000 8 24054.33344
8.0000 8 28217.18016
8.1000 8 30335.30368
8.2000 8 26182.94272
8.3000 8 20992.49152
8.4000 8 29181.87008
8.5000 8 26382.17216
8.6000 8 25543.31136
8.7000 8 27996.9792
8.8000 8 20940.06272
8.9000 8 25595.74016
9.0000 8 34959.52384
9.1000 8 21957.18144
9.2000 8 24631.05024
9.3000 8 27262.976
9.4000 8 28489.80992
9.5000 8 19797.11488
9.6000 8 17353.9328
9.7000 8 29569.8432
9.8000 8 27892.1216
9.9000 8 27304.91904
10.0000 8 21663.58016
10.1000 8 20415.77472
10.2000 8 29632.75776
10.3000 8 26822.57408
10.4000 8 21642.60864
10.5000 8 26382.17216
10.6000 8 27063.74656
10.7000 8 23184.01536
10.8000 8 23068.672
10.9000 8 22387.0976
11.0000 8 25480.3968
11.1000 8 25962.74176
11.2000 8 25501.36832
11.3000 8 18234.73664
11.4000 8 24431.8208
11.5000 8 28856.81152
11.6000 8 23026.72896
11.7000 8 28437.38112
11.8000 8 26948.4032
11.9000 8 28238.15168
12.0000 8 31750.88128
12.1000 8 26665.28768
12.2000 8 29653.72928
12.3000 8 32128.36864
12.4000 8 31803.31008
12.5000 8 31111.24992
12.6000 8 22858.9568
12.7000 8 30513.5616
12.8000 8 27766.29248
12.9000 8 25050.48064
13.0000 8 20698.89024
13.1000 8 30083.64544
13.2000 8 24704.45056
13.3000 8 29894.90176
13.4000 8 17490.24768
13.5000 8 23184.01536
13.6000 8 20615.00416
13.7000 8 23792.18944
13.8000 8 23184.01536
13.9000 8 20321.40288
14.0000 8 24148.70528
14.1000 8 27829.20704
14.2000 8 27609.00608
14.3000 8 32306.62656
14.4000 8 22869.44256
14.5000 8 29517.4144
14.6000 8 29947.33056
14.7000 8 29790.04416
14.8000 8 31572.62336
14.9000 8 29003.61216
15.0000 8 33439.08864
15.1000 8 31604.08064
15.2000 8 28961.66912
15.3000 8 25176.30976
15.4000 8 25490.88256
15.5000 8 29748.10112
15.6000 8 22638.75584
15.7000 8 29769.07264
15.8000 8 21978.15296
15.9000 8 24169.6768
16.0000 8 32841.40032
16.1000 8 14627.6352
16.2000 8 9510.58432
16.3000 8 262.144
