0.1000 8 0.0
0.2000 8 9542.0416
0.3000 8 50090.47552
0.4000 8 24326.9632
0.5000 8 23173.5296
0.6000 8 30796.67712
0.7000 8 450.88768
0.8000 8 0.0
0.9000 8 23823.64672
1.0000 8 5578.42432
1.1000 8 20478.68928
1.2000 8 43977.27744
1.3000 8 24368.90624
1.4000 8 22806.528
1.5000 8 39520.82944
1.6000 8 42131.78368
1.7000 8 26445.08672
1.8000 8 13170.11456
1.9000 8 429.91616
2.0000 8 3806.33088
2.1000 8 0.0
2.2000 8 3344.95744
2.3000 8 19251.85536
2.4000 8 12907.97056
2.5000 8 22911.3856
2.6000 8 38702.94016
2.7000 8 34236.0064
2.8000 8 10265.55904
2.9000 8 2726.2976
3.0000 8 14606.66368
3.1000 8 31960.59648
3.2000 8 33281.80224
3.3000 8 178.25792
3.4000 8 27797.74976
3.5000 8 33271.31648
3.6000 8 22418.55488
3.7000 8 47993.32352
3.8000 8 32600.22784
3.9000 8 31866.22464
4.0000 8 37192.99072
4.1000 8 37287.36256
4.2000 8 27000.832
4.3000 8 35095.83872
4.4000 8 13862.17472
4.5000 8 30209.47456
4.6000 8 27021.80352
4.7000 8 32474.39872
4.8000 8 32296.1408
4.9000 8 29014.09792
5.0000 8 34550.5792
5.1000 8 23089.64352
5.2000 8 24400.36352
5.3000 8 29685.18656
5.4000 8 28626.1248
5.5000 8 26916.94592
5.6000 8 29884.416
5.7000 8 26214.4
5.8000 8 22103.98208
5.9000 8 31635.53792
6.0000 8 26539.45856
6.1000 8 26728.20224
6.2000 8 35515.26912
6.3000 8 29024.58368
6.4000 8 25784.48384
6.5000 8 28825.35424
6.6000 8 34089.20576
6.7000 8 23634.90304
6.8000 8 20594.03264
6.9000 8 30891.04896
7.0000 8 28353.49504
7.1000 8 30198.9888
7.2000 8 21338.5216
7.3000 8 20677.91872
7.4000 8 32054.96832
7.5000 8 26497.51552
7.6000 8 28563.21024
7.7000 8 27682.4064
7.8000 8 23603.44576
7.9000 8 26791.1168
8.0000 8 31551.65184
8.1000 8 30597.44768
8.2000 8 29307.6992
8.3000 8 21978.15296
8.4000 8 31383.87968
8.5000 8 27200.06144
8.6000 8 23813.16096
8.7000 8 29915.87328
8.8000 8 31478.25152
8.9000 8 27598.52032
9.0000 8 32495.37024
9.1000 8 34194.06336
9.2000 8 23959.9616
9.3000 8 24977.08032
9.4000 8 33879.49056
9.5000 8 28888.2688
9.6000 8 24232.59136
9.7000 8 24557.64992
9.8000 8 31299.9936
9.9000 8 26979.86048
10.0000 8 24777.85088
10.1000 8 24662.50752
10.2000 8 29213.32736
10.3000 8 26759.65952
10.4000 8 19188.9408
10.5000 8 31666.9952
10.6000 8 25847.3984
10.7000 8 26277.31456
10.8000 8 23792.18944
10.9000 8 19388.17024
11.0000 8 25186.79552
11.1000 8 27902.60736
11.2000 8 32191.2832
11.3000 8 19954.40128
11.4000 8 25197.28128
11.5000 8 25815.94112
11.6000 8 29118.95552
11.7000 8 22219.32544
11.8000 8 26193.42848
11.9000 8 20415.77472
12.0000 8 35672.55552
12.1000 8 30545.01888
12.2000 8 30482.10432
12.3000 8 29653.72928
12.4000 8 32128.36864
12.5000 8 23425.18784
12.6000 8 25952.256
12.7000 8 30838.62016
12.8000 8 20090.71616
12.9000 8 27535.60576
13.0000 8 26371.6864
13.1000 8 34739.32288
13.2000 8 28238.15168
13.3000 8 34833.69472
13.4000 8 26707.23072
13.5000 8 27262.976
13.6000 8 23750.2464
13.7000 8 33722.20416
13.8000 8 29192.35584
13.9000 8 21548.2368
14.0000 8 25417.48224
14.1000 8 24893.19424
14.2000 8 32914.80064
14.3000 8 21432.89344
14.4000 8 27357.34784
14.5000 8 26224.88576
14.6000 8 25134.36672
14.7000 8 32642.17088
14.8000 8 25029.50912
14.9000 8 23341.30176
15.0000 8 36479.95904
15.1000 8 21810.3808
15.2000 8 25857.88416
15.3000 8 29485.95712
15.4000 8 25207.76704
15.5000 8 27797.74976
15.6000 8 29181.87008
15.7000 8 26665.28768
15.8000 8 32610.7136
15.9000 8 25081.93792
16.0000 8 8724.15232
16.1000 8 335.54432
