0.1000 8 0.0
0.2000 8 24389.87776
0.3000 8 26392.65792
0.4000 8 28699.52512
0.5000 8 30524.04736
0.6000 8 26906.46016
0.7000 8 25732.05504
0.8000 8 15739.12576
0.9000 8 24935.13728
1.0000 8 24190.64832
1.1000 8 29758.58688
1.2000 8 22858.9568
1.3000 8 28825.35424
1.4000 8 25281.16736
1.5000 8 15424.55296
1.6000 8 30272.38912
1.7000 8 29307.6992
1.8000 8 23876.07552
1.9000 8 20101.20192
2.0000 8 29202.8416
2.1000 8 21097.34912
2.2000 8 23582.47424
2.3000 8 27976.00768
2.4000 8 20331.88864
2.5000 8 25155.33824
2.6000 8 28972.15488
2.7000 8 26203.91424
2.8000 8 27252.49024
2.9000 8 18423.48032
3.0000 8 31677.48096
3.1000 8 28437.38112
3.2000 8 19524.48512
3.3000 8 28007.46496
3.4000 8 22649.2416
3.5000 8 24222.1056
3.6000 8 29391.58528
3.7000 8 25794.9696
3.8000 8 22607.29856
3.9000 8 20394.8032
4.0000 8 26203.91424
4.1000 8 21401.43616
4.2000 8 23100.12928
4.3000 8 27158.1184
4.4000 8 30377.24672
4.5000 8 26958.88896
4.6000 8 15183.38048
4.7000 8 22051.55328
4.8000 8 30398.21824
4.9000 8 17144.2176
5.0000 8 26623.34464
5.1000 8 34078.72
5.2000 8 19922.944
5.3000 8 14805.89312
5.4000 8 22659.72736
5.5000 8 838.8608
5.6000 8 25753.02656
5.7000 8 30628.90496
5.8000 8 5001.70752
5.9000 8 3659.53024
6.0000 8 33145.48736
6.1000 8 20363.34592
6.2000 8 41355.83744
6.3000 8 26927.43168
6.4000 8 31981.568
6.5000 8 8304.72192
6.6000 8 34665.92256
6.7000 8 30786.19136
6.8000 8 25050.48064
6.9000 8 15560.86784
7.0000 8 38891.68384
7.1000 8 29653.72928
7.2000 8 22250.78272
7.3000 8 18947.76832
7.4000 8 11177.82016
7.5000 8 33889.97632
7.6000 8 38734.39744
7.7000 8 20982.00576
7.8000 8 21181.2352
7.9000 8 23876.07552
8.0000 8 32935.77216
8.1000 8 23488.1024
8.2000 8 3670.016
8.3000 8 16378.75712
8.4000 8 19021.16864
8.5000 8 19545.45664
8.6000 8 22460.49792
8.7000 8 33785.11872
8.8000 8 40726.69184
8.9000 8 28070.37952
9.0000 8 22848.47104
9.1000 8 42414.8992
9.2000 8 30261.90336
9.3000 8 19304.28416
9.4000 8 22208.83968
9.5000 8 11062.4768
9.6000 8 4351.5904
9.7000 8 2977.95584
9.8000 8 7077.888
9.9000 8 20845.69088
10.0000 8 29014.09792
10.1000 8 22418.55488
10.2000 8 8241.80736
10.3000 8 29727.1296
10.4000 8 27451.71968
10.5000 8 22586.32704
10.6000 8 33669.77536
10.7000 8 10076.81536
10.8000 8 1719.66464
10.9000 8 11607.73632
11.0000 8 20373.83168
11.1000 8 36563.84512
11.2000 8 32380.02688
11.3000 8 23855.104
11.4000 8 29412.5568
11.5000 8 33103.54432
11.6000 8 31310.47936
11.7000 8 24672.99328
11.8000 8 20971.52
11.9000 8 23571.98848
12.0000 8 22502.44096
12.1000 8 18779.99616
12.2000 8 36458.98752
12.3000 8 30387.73248
12.4000 8 11723.07968
12.5000 8 23571.98848
12.6000 8 23645.3888
12.7000 8 30985.4208
12.8000 8 20950.54848
12.9000 8 25260.19584
13.0000 8 38681.96864
13.1000 8 22062.03904
13.2000 8 16588.47232
13.3000 8 31195.136
13.4000 8 37371.24864
13.5000 8 11198.79168
13.6000 8 19818.0864
13.7000 8 28363.9808
13.8000 8 35483.81184
13.9000 8 22554.86976
14.0000 8 18297.6512
14.1000 8 24578.62144
14.2000 8 34812.7232
14.3000 8 21349.00736
14.4000 8 16934.5024
14.5000 8 20426.26048
14.6000 8 27525.12
14.7000 8 26791.1168
14.8000 8 30136.07424
14.9000 8 21747.46624
15.0000 8 23760.73216
15.1000 8 22345.15456
15.2000 8 25826.42688
15.3000 8 29056.04096
15.4000 8 25721.56928
15.5000 8 25249.71008
15.6000 8 22271.75424
15.7000 8 24536.6784
15.8000 8 28741.46816
15.9000 8 24347.93472
16.0000 8 17196.6464
16.1000 8 28185.72288
16.2000 8 31216.10752
16.3000 8 25333.59616
16.4000 8 12425.6256
16.5000 8 23980.93312
16.6000 8 31939.62496
16.7000 8 26466.05824
16.8000 8 30786.19136
16.9000 8 18465.42336
17.0000 8 21600.6656
17.1000 8 25553.79712
17.2000 8 28091.35104
17.3000 8 17878.2208
17.4000 8 6794.77248
17.5000 8 4760.53504
