0.1000 8 0.0
0.2000 8 7014.97344
0.3000 8 19084.0832
0.4000 8 73.40032
0.5000 8 14512.29184
0.6000 8 35452.35456
0.7000 8 25480.3968
0.8000 8 27556.57728
0.9000 8 3072.32768
1.0000 8 38367.39584
1.1000 8 29003.61216
1.2000 8 13505.65888
1.3000 8 40842.0352
1.4000 8 31646.02368
1.5000 8 21988.63872
1.6000 8 33197.91616
1.7000 8 35777.41312
1.8000 8 22450.01216
1.9000 8 32138.8544
2.0000 8 23676.84608
2.1000 8 31572.62336
2.2000 8 26151.48544
2.3000 8 27860.66432
2.4000 8 33302.77376
2.5000 8 22282.24
2.6000 8 18633.19552
2.7000 8 14575.2064
2.8000 8 29936.8448
2.9000 8 29402.07104
3.0000 8 20143.14496
3.1000 8 30545.01888
3.2000 8 22439.5264
3.3000 8 40716.20608
3.4000 8 30440.16128
3.5000 8 28091.35104
3.6000 8 22932.35712
3.7000 8 34823.20896
3.8000 8 28185.72288
3.9000 8 26759.65952
4.0000 8 31876.7104
4.1000 8 30083.64544
4.2000 8 28007.46496
4.3000 8 30503.07584
4.4000 8 34330.37824
4.5000 8 29129.44128
4.6000 8 14082.37568
4.7000 8 28825.35424
4.8000 8 32264.68352
4.9000 8 28689.03936
5.0000 8 24421.33504
5.1000 8 27283.94752
5.2000 8 26833.05984
5.3000 8 27116.17536
5.4000 8 26990.34624
5.5000 8 31541.16608
5.6000 8 26371.6864
5.7000 8 31635.53792
5.8000 8 30104.61696
5.9000 8 21674.06592
6.0000 8 33680.26112
6.1000 8 29171.38432
6.2000 8 31069.30688
6.3000 8 27283.94752
6.4000 8 30555.50464
6.5000 8 28982.64064
6.6000 8 22649.2416
6.7000 8 31436.30848
6.8000 8 31614.5664
6.9000 8 27483.17696
7.0000 8 28374.46656
7.1000 8 31918.65344
7.2000 8 28059.89376
7.3000 8 30576.47616
7.4000 8 26466.05824
7.5000 8 24389.87776
7.6000 8 29936.8448
7.7000 8 28154.2656
7.8000 8 22334.6688
7.9000 8 30031.21664
8.0000 8 30565.9904
8.1000 8 27692.89216
8.2000 8 27063.74656
8.3000 8 28395.43808
8.4000 8 28353.49504
8.5000 8 22366.12608
8.6000 8 32883.34336
8.7000 8 29590.81472
8.8000 8 33418.11712
8.9000 8 28772.92544
9.0000 8 28238.15168
9.1000 8 22166.89664
9.2000 8 30073.15968
9.3000 8 29286.72768
9.4000 8 23236.44416
9.5000 8 30534.53312
9.6000 8 23079.15776
9.7000 8 28154.2656
9.8000 8 30586.96192
9.9000 8 32684.11392
10.0000 8 32086.4256
10.1000 8 23634.90304
10.2000 8 16064.18432
10.3000 8 23005.75744
10.4000 8 37727.76448
10.5000 8 26214.4
10.6000 8 27273.46176
10.7000 8 32180.79744
10.8000 8 32736.54272
10.9000 8 13379.82976
11.0000 8 19618.85696
11.1000 8 34047.26272
11.2000 8 32306.62656
11.3000 8 27084.71808
11.4000 8 31750.88128
11.5000 8 29475.47136
11.6000 8 31677.48096
11.7000 8 18905.82528
11.8000 8 28919.72608
11.9000 8 32096.91136
12.0000 8 23760.73216
12.1000 8 34603.008
12.2000 8 28227.66592
12.3000 8 31226.59328
12.4000 8 27609.00608
12.5000 8 29496.44288
12.6000 8 20709.376
12.7000 8 31761.36704
12.8000 8 35347.49696
12.9000 8 29464.9856
13.0000 8 28311.552
13.1000 8 36511.41632
13.2000 8 33323.74528
13.3000 8 25207.76704
13.4000 8 29485.95712
13.5000 8 29748.10112
13.6000 8 29318.18496
13.7000 8 31394.36544
13.8000 8 27210.5472
13.9000 8 33963.37664
14.0000 8 25008.5376
14.1000 8 32033.9968
14.2000 8 33260.83072
14.3000 8 24935.13728
14.4000 8 32694.59968
14.5000 8 23509.07392
14.6000 8 5819.5968
14.7000 8 32013.02528
14.8000 8 35200.69632
14.9000 8 29852.95872
15.0000 8 25260.19584
15.1000 8 14176.74752
15.2000 8 2464.1536
