0.1000 8 0.0
0.2000 8 3596.61568
0.3000 8 19042.14016
0.4000 8 0.0
0.5000 8 8105.49248
0.6000 8 32421.96992
0.7000 8 28594.66752
0.8000 8 36909.8752
0.9000 8 22617.78432
1.0000 8 29727.1296
1.1000 8 18025.02144
1.2000 8 26570.91584
1.3000 8 31761.36704
1.4000 8 17437.81888
1.5000 8 24033.36192
1.6000 8 28227.66592
1.7000 8 27871.15008
1.8000 8 15707.66848
1.9000 8 21726.49472
2.0000 8 49482.30144
2.1000 8 29139.92704
2.2000 8 20824.71936
2.3000 8 25952.256
2.4000 8 27441.23392
2.5000 8 33218.88768
2.6000 8 25239.22432
2.7000 8 33103.54432
2.8000 8 24578.62144
2.9000 8 32757.51424
3.0000 8 25490.88256
3.1000 8 27242.00448
3.2000 8 25406.99648
3.3000 8 34204.54912
3.4000 8 32013.02528
3.5000 8 26958.88896
3.6000 8 21369.97888
3.7000 8 23750.2464
3.8000 8 32306.62656
3.9000 8 26455.57248
4.0000 8 29213.32736
4.1000 8 17731.42016
4.2000 8 26036.14208
4.3000 8 32275.16928
4.4000 8 28521.2672
4.5000 8 28353.49504
4.6000 8 30366.76096
4.7000 8 22942.84288
4.8000 8 31425.82272
4.9000 8 27483.17696
5.0000 8 32799.45728
5.1000 8 31069.30688
5.2000 8 26109.5424
5.3000 8 24033.36192
5.4000 8 27388.80512
5.5000 8 29601.30048
5.6000 8 30607.93344
5.7000 8 23425.18784
5.8000 8 28353.49504
5.9000 8 33009.17248
6.0000 8 27283.94752
6.1000 8 28175.23712
6.2000 8 24704.45056
6.3000 8 21946.69568
6.4000 8 32159.82592
6.5000 8 25794.9696
6.6000 8 19765.6576
6.7000 8 29926.35904
6.8000 8 30020.73088
6.9000 8 32925.2864
7.0000 8 29297.21344
7.1000 8 21957.18144
7.2000 8 27441.23392
7.3000 8 32075.93984
7.4000 8 26172.45696
7.5000 8 19105.05472
7.6000 8 22775.07072
7.7000 8 27483.17696
7.8000 8 28185.72288
7.9000 8 29831.9872
8.0000 8 20604.5184
8.1000 8 18748.53888
8.2000 8 34644.95104
8.3000 8 33848.03328
8.4000 8 19891.48672
8.5000 8 23058.18624
8.6000 8 33281.80224
8.7000 8 19251.85536
8.8000 8 35987.12832
8.9000 8 30062.67392
9.0000 8 33124.51584
9.1000 8 21139.29216
9.2000 8 33690.74688
9.3000 8 26036.14208
9.4000 8 20751.31904
9.5000 8 28972.15488
9.6000 8 26707.23072
9.7000 8 27955.03616
9.8000 8 21925.72416
9.9000 8 24746.3936
10.0000 8 22271.75424
10.1000 8 22785.55648
10.2000 8 16169.04192
10.3000 8 20730.34752
10.4000 8 38409.33888
10.5000 8 31436.30848
10.6000 8 24012.3904
10.7000 8 28678.5536
10.8000 8 37035.70432
10.9000 8 24526.19264
11.0000 8 12677.28384
11.1000 8 23068.672
11.2000 8 28259.1232
11.3000 8 24201.13408
11.4000 8 22429.04064
11.5000 8 30293.36064
11.6000 8 27378.31936
11.7000 8 38566.62528
11.8000 8 21076.3776
11.9000 8 24851.2512
12.0000 8 30828.1344
12.1000 8 26329.74336
12.2000 8 28877.78304
12.3000 8 30849.10592
12.4000 8 20688.40448
12.5000 8 22083.01056
12.6000 8 30178.01728
12.7000 8 27965.52192
12.8000 8 26161.9712
12.9000 8 31572.62336
13.0000 8 30251.4176
13.1000 8 25092.42368
13.2000 8 31499.22304
13.3000 8 30450.64704
13.4000 8 27661.43488
13.5000 8 29181.87008
13.6000 8 27766.29248
13.7000 8 25805.45536
13.8000 8 27965.52192
13.9000 8 26791.1168
14.0000 8 31111.24992
14.1000 8 20132.6592
14.2000 8 22250.78272
14.3000 8 25574.76864
14.4000 8 22261.26848
14.5000 8 25344.08192
14.6000 8 22900.89984
14.7000 8 17060.33152
14.8000 8 19975.3728
14.9000 8 24494.73536
15.0000 8 24431.8208
15.1000 8 23676.84608
15.2000 8 16672.3584
15.3000 8 24809.30816
15.4000 8 24798.8224
15.5000 8 28395.43808
15.6000 8 23561.50272
15.7000 8 28930.21184
15.8000 8 16661.87264
15.9000 8 13054.7712
16.0000 8 13579.0592
16.1000 8 5064.62208
