0.1000 4 0.0
0.2000 4 16483.61472
0.3000 4 17018.38848
0.4000 4 10915.67616
0.5000 4 19587.39968
0.6000 4 12792.6272
0.7000 4 18087.936
0.8000 4 17479.76192
0.9000 4 15560.86784
1.0000 4 19251.85536
1.1000 4 15791.55456
1.2000 4 20352.86016
1.3000 4 16567.5008
1.4000 4 20677.91872
1.5000 4 16095.6416
1.6000 4 19178.45504
1.7000 4 17804.82048
1.8000 4 18339.59424
1.9000 4 16179.52768
2.0000 4 17532.19072
2.1000 4 17500.73344
2.2000 4 18255.70816
2.3000 4 14103.3472
2.4000 4 19912.45824
2.5000 4 13358.85824
2.6000 4 19660.8
2.7000 4 14491.32032
2.8000 4 16179.52768
2.9000 4 16829.6448
3.0000 4 13327.40096
3.1000 4 20258.48832
3.2000 4 11817.45152
3.3000 4 19084.0832
3.4000 4 14019.46112
3.5000 4 18654.16704
3.6000 4 15015.60832
3.7000 4 16903.04512
3.8000 4 17584.61952
3.9000 4 15571.3536
4.0000 4 18486.39488
4.1000 4 15592.32512
4.2000 4 18622.70976
4.3000 4 16043.2128
4.4000 4 18717.0816
4.5000 4 17301.504
4.6000 4 18098.42176
4.7000 4 17039.36
4.8000 4 19943.91552
4.9000 4 15980.29824
5.0000 4 19503.5136
5.1000 4 15351.15264
5.2000 4 19608.3712
5.3000 4 14763.95008
5.4000 4 18329.10848
5.5000 4 17825.792
5.6000 4 17542.67648
5.7000 4 18297.6512
5.8000 4 16955.47392
5.9000 4 18591.25248
6.0000 4 16158.55616
6.1000 4 16504.58624
6.2000 4 16934.5024
6.3000 4 16284.38528
6.4000 4 17144.2176
6.5000 4 16315.84256
6.6000 4 17469.27616
6.7000 4 18025.02144
6.8000 4 18947.76832
6.9000 4 18318.62272
7.0000 4 15749.61152
7.1000 4 16944.98816
7.2000 4 17595.10528
7.3000 4 18612.224
7.4000 4 16892.55936
7.5000 4 20405.28896
7.6000 4 16473.12896
7.7000 4 19692.25728
7.8000 4 17270.04672
7.9000 4 16210.98496
8.0000 4 18685.62432
8.1000 4 16777.216
8.2000 4 17500.73344
8.3000 4 17049.84576
8.4000 4 18821.9392
8.5000 4 15969.81248
8.6000 4 18140.3648
8.7000 4 16127.09888
8.8000 4 18203.27936
8.9000 4 18150.85056
9.0000 4 17605.59104
9.1000 4 19692.25728
9.2000 4 17007.90272
9.3000 4 20856.17664
9.4000 4 16022.24128
9.5000 4 20006.83008
9.6000 4 16106.12736
9.7000 4 18895.33952
9.8000 4 17521.70496
9.9000 4 18392.02304
10.0000 4 15466.496
10.1000 4 17532.19072
10.2000 4 18496.88064
10.3000 4 15005.12256
10.4000 4 20164.11648
10.5000 4 15539.89632
10.6000 4 20080.2304
10.7000 4 16819.15904
10.8000 4 19052.62592
10.9000 4 16965.95968
11.0000 4 17626.56256
11.1000 4 17301.504
11.2000 4 18035.5072
11.3000 4 17762.87744
11.4000 4 18381.53728
11.5000 4 19692.25728
11.6000 4 16441.67168
11.7000 4 20709.376
11.8000 4 15225.32352
11.9000 4 19692.25728
12.0000 4 16022.24128
12.1000 4 18926.7968
12.2000 4 14250.14784
12.3000 4 18821.9392
12.4000 4 18496.88064
12.5000 4 17196.6464
12.6000 4 20342.3744
12.7000 4 15456.01024
12.8000 4 20038.28736
12.9000 4 12079.59552
13.0000 4 17710.44864
13.1000 4 14229.17632
13.2000 4 17951.62112
13.3000 4 15959.32672
13.4000 4 17259.56096
13.5000 4 18045.99296
13.6000 4 15193.86624
13.7000 4 17595.10528
13.8000 4 18129.87904
13.9000 4 18905.82528
14.0000 4 17574.13376
14.1000 4 17951.62112
14.2000 4 17920.16384
14.3000 4 17521.70496
14.4000 4 17794.33472
14.5000 4 16735.27296
14.6000 4 16944.98816
14.7000 4 16043.2128
14.8000 4 15267.26656
14.9000 4 16808.67328
15.0000 4 16693.32992
15.1000 4 17972.59264
15.2000 4 17720.9344
15.3000 4 14428.40576
15.4000 4 20321.40288
15.5000 4 14784.9216
15.6000 4 19870.5152
15.7000 4 15403.58144
15.8000 4 18465.42336
15.9000 4 17993.56416
16.0000 4 18087.936
16.1000 4 18245.2224
16.2000 4 15130.95168
16.3000 4 16095.6416
16.4000 4 19608.3712
16.5000 4 14344.51968
16.6000 4 17815.30624
16.7000 4 17018.38848
16.8000 4 16148.0704
16.9000 4 18895.33952
17.0000 4 15151.9232
17.1000 4 20237.5168
17.2000 4 15833.4976
17.3000 4 20436.74624
17.4000 4 17448.30464
17.5000 4 19534.97088
17.6000 4 17689.47712
17.7000 4 17207.13216
17.8000 4 18727.56736
17.9000 4 19084.0832
18.0000 4 18496.88064
18.1000 4 18937.28256
18.2000 4 17909.67808
18.3000 4 17469.27616
18.4000 4 17825.792
18.5000 4 19063.11168
18.6000 4 18696.11008
18.7000 4 19126.02624
18.8000 4 15256.7808
18.9000 4 20331.88864
19.0000 4 17039.36
19.1000 4 18077.45024
19.2000 4 17207.13216
19.3000 4 17909.67808
19.4000 4 17962.10688
19.5000 4 16001.26976
19.6000 4 16284.38528
19.7000 4 17521.70496
19.8000 4 13411.28704
19.9000 4 20185.088
20.0000 4 15592.32512
20.1000 4 15875.44064
20.2000 4 15843.98336
20.3000 4 18779.99616
20.4000 4 16798.18752
20.5000 4 16661.87264
20.6000 4 18507.3664
20.7000 4 18486.39488
20.8000 4 18297.6512
20.9000 4 17207.13216
21.0000 4 19188.9408
21.1000 4 15246.29504
21.2000 4 19346.2272
21.3000 4 15267.26656
21.4000 4 17448.30464
21.5000 4 16473.12896
21.6000 4 17511.2192
21.7000 4 18937.28256
21.8000 4 17658.01984
21.9000 4 18727.56736
22.0000 4 16630.41536
22.1000 4 17018.38848
22.2000 4 18045.99296
22.3000 4 16473.12896
22.4000 4 17479.76192
22.5000 4 18738.05312
22.6000 4 17720.9344
22.7000 4 19335.74144
22.8000 4 17102.27456
22.9000 4 19545.45664
23.0000 4 18685.62432
23.1000 4 17028.87424
23.2000 4 19262.34112
23.3000 4 18098.42176
23.4000 4 18664.6528
23.5000 4 19209.91232
23.6000 4 18119.39328
23.7000 4 18161.33632
23.8000 4 16588.47232
23.9000 4 19063.11168
24.0000 4 15351.15264
24.1000 4 18549.30944
24.2000 4 16410.2144
24.3000 4 16819.15904
24.4000 4 19094.56896
24.5000 4 16703.81568
24.6000 4 20268.97408
24.7000 4 16137.58464
24.8000 4 18832.42496
24.9000 4 17332.96128
25.0000 4 18140.3648
25.1000 4 17144.2176
25.2000 4 19419.62752
25.3000 4 17783.84896
25.4000 4 17458.7904
25.5000 4 18402.5088
25.6000 4 15602.81088
25.7000 4 20017.31584
25.8000 4 17385.39008
25.9000 4 18381.53728
26.0000 4 16483.61472
26.1000 4 18748.53888
26.2000 4 17825.792
26.3000 4 17102.27456
26.4000 4 20604.5184
26.5000 4 14386.46272
26.6000 4 20426.26048
26.7000 4 17605.59104
26.8000 4 18287.16544
26.9000 4 17993.56416
27.0000 4 18507.3664
27.1000 4 17699.96288
27.2000 4 17825.792
27.3000 4 17469.27616
27.4000 4 18916.31104
27.5000 4 19933.42976
27.6000 4 16294.87104
27.7000 4 18507.3664
27.8000 4 16913.53088
27.9000 4 17867.73504
28.0000 4 17437.81888
28.1000 4 17175.67488
28.2000 4 19996.34432
28.3000 4 15015.60832
28.4000 4 19199.42656
28.5000 4 17259.56096
28.6000 4 16399.72864
28.7000 4 16934.5024
28.8000 4 18182.30784
28.9000 4 16567.5008
29.0000 4 17605.59104
29.1000 4 16032.72704
29.2000 4 19063.11168
29.3000 4 13956.54656
29.4000 4 19325.25568
29.5000 4 17175.67488
29.6000 4 17584.61952
29.7000 4 16882.0736
29.8000 4 18182.30784
29.9000 4 16588.47232
30.0000 4 16819.15904
30.1000 4 17920.16384
30.2000 4 17018.38848
30.3000 4 18570.28096
30.4000 4 18423.48032
30.5000 4 17280.53248
30.6000 4 18129.87904
30.7000 4 15938.3552
30.8000 4 18591.25248
30.9000 4 18853.39648
31.0000 4 19639.82848
31.1000 4 17595.10528
31.2000 4 17825.792
31.3000 4 18098.42176
31.4000 4 18234.73664
31.5000 4 15938.3552
31.6000 4 17479.76192
31.7000 4 18025.02144
31.8000 4 18654.16704
31.9000 4 17311.98976
32.0000 4 17637.04832
32.1000 4 16294.87104
32.2000 4 18685.62432
32.3000 4 18025.02144
32.4000 4 18538.82368
32.5000 4 19901.97248
32.6000 4 17815.30624
32.7000 4 16871.58784
32.8000 4 17469.27616
32.9000 4 18654.16704
33.0000 4 18538.82368
33.1000 4 13956.54656
33.2000 4 21034.43456
33.3000 4 16022.24128
33.4000 4 18738.05312
33.5000 4 18140.3648
33.6000 4 15969.81248
33.7000 4 18979.2256
33.8000 4 19000.19712
33.9000 4 16242.44224
34.0000 4 20478.68928
34.1000 4 15403.58144
34.2000 4 20164.11648
34.3000 4 18517.85216
34.4000 4 16955.47392
34.5000 4 17720.9344
34.6000 4 19377.68448
34.7000 4 17186.16064
34.8000 4 19576.91392
34.9000 4 16724.7872
35.0000 4 18371.05152
35.1000 4 18066.96448
35.2000 4 18066.96448
35.3000 4 18087.936
35.4000 4 16997.41696
35.5000 4 18790.48192
35.6000 4 17270.04672
35.7000 4 17899.19232
35.8000 4 17951.62112
35.9000 4 18066.96448
36.0000 4 17364.41856
36.1000 4 18161.33632
36.2000 4 18748.53888
36.3000 4 17416.84736
36.4000 4 19472.05632
36.5000 4 16965.95968
36.6000 4 19482.54208
36.7000 4 16808.67328
36.8000 4 19136.512
36.9000 4 16798.18752
37.0000 4 17878.2208
37.1000 4 18528.33792
37.2000 4 17605.59104
37.3000 4 18025.02144
37.4000 4 17406.3616
37.5000 4 16525.55776
37.6000 4 18832.42496
37.7000 4 18224.25088
37.8000 4 17532.19072
37.9000 4 17070.81728
38.0000 4 18245.2224
38.1000 4 14973.66528
38.2000 4 18895.33952
38.3000 4 15676.2112
38.4000 4 19398.656
38.5000 4 18308.13696
38.6000 4 19996.34432
38.7000 4 17815.30624
38.8000 4 18087.936
38.9000 4 18643.68128
39.0000 4 18895.33952
39.1000 4 18035.5072
39.2000 4 18077.45024
39.3000 4 18895.33952
39.4000 4 18371.05152
39.5000 4 20310.91712
39.6000 4 17532.19072
39.7000 4 19881.00096
39.8000 4 15445.52448
39.9000 4 20698.89024
40.0000 4 14103.3472
40.1000 4 19094.56896
40.2000 4 10401.87392
40.3000 4 21244.14976
40.4000 4 15592.32512
40.5000 4 20552.0896
40.6000 4 17731.42016
40.7000 4 19493.02784
40.8000 4 19304.28416
40.9000 4 15823.01184
41.0000 4 18056.47872
41.1000 4 17112.76032
41.2000 4 19755.17184
41.3000 4 15959.32672
41.4000 4 17427.33312
41.5000 4 17270.04672
41.6000 4 16106.12736
41.7000 4 18612.224
41.8000 4 16840.13056
41.9000 4 17133.73184
42.0000 4 16955.47392
42.1000 4 15298.72384
42.2000 4 18748.53888
42.3000 4 16200.4992
42.4000 4 20195.57376
42.5000 4 17186.16064
42.6000 4 19933.42976
42.7000 4 16903.04512
42.8000 4 19786.62912
42.9000 4 16693.32992
43.0000 4 17951.62112
43.1000 4 18234.73664
43.2000 4 17909.67808
43.3000 4 18905.82528
43.4000 4 17291.01824
43.5000 4 19723.71456
43.6000 4 16011.75552
43.7000 4 21212.69248
43.8000 4 17616.0768
43.9000 4 18759.02464
44.0000 4 16011.75552
44.1000 4 18496.88064
44.2000 4 17836.27776
44.3000 4 17951.62112
44.4000 4 16169.04192
44.5000 4 19713.2288
44.6000 4 14501.80608
44.7000 4 20520.63232
44.8000 4 15592.32512
44.9000 4 18182.30784
45.0000 4 17616.0768
45.1000 4 20132.6592
45.2000 4 17637.04832
45.3000 4 19146.99776
45.4000 4 19262.34112
45.5000 4 18182.30784
45.6000 4 19629.34272
45.7000 4 18098.42176
45.8000 4 17458.7904
45.9000 4 19639.82848
46.0000 4 18045.99296
46.1000 4 18832.42496
46.2000 4 16619.9296
46.3000 4 18035.5072
46.4000 4 17773.3632
46.5000 4 16924.01664
46.6000 4 17972.59264
46.7000 4 18528.33792
46.8000 4 17867.73504
46.9000 4 20394.8032
47.0000 4 16997.41696
47.1000 4 17458.7904
47.2000 4 16787.70176
47.3000 4 18496.88064
47.4000 4 18496.88064
47.5000 4 10013.9008
