0.1000 4 0.0
0.2000 4 18108.90752
0.3000 4 16137.58464
0.4000 4 12855.54176
0.5000 4 18433.96608
0.6000 4 15141.43744
0.7000 4 19587.39968
0.8000 4 14124.31872
0.9000 4 19943.91552
1.0000 4 16955.47392
1.1000 4 17752.39168
1.2000 4 19105.05472
1.3000 4 16064.18432
1.4000 4 20436.74624
1.5000 4 15330.18112
1.6000 4 20038.28736
1.7000 4 17521.70496
1.8000 4 17259.56096
1.9000 4 18255.70816
2.0000 4 17112.76032
2.1000 4 19398.656
2.2000 4 16368.27136
2.3000 4 19975.3728
2.4000 4 18045.99296
2.5000 4 19576.91392
2.6000 4 17962.10688
2.7000 4 18958.25408
2.8000 4 17458.7904
2.9000 4 17270.04672
3.0000 4 19094.56896
3.1000 4 15613.29664
3.2000 4 19178.45504
3.3000 4 17217.61792
3.4000 4 19388.17024
3.5000 4 19639.82848
3.6000 4 17511.2192
3.7000 4 18696.11008
3.8000 4 18140.3648
3.9000 4 18654.16704
4.0000 4 18087.936
4.1000 4 18402.5088
4.2000 4 17249.0752
4.3000 4 18077.45024
4.4000 4 17028.87424
4.5000 4 15435.03872
4.6000 4 17878.2208
4.7000 4 16546.52928
4.8000 4 19084.0832
4.9000 4 17479.76192
5.0000 4 19860.02944
5.1000 4 16284.38528
5.2000 4 20352.86016
5.3000 4 16609.44384
5.4000 4 16913.53088
5.5000 4 16315.84256
5.6000 4 17154.70336
5.7000 4 17909.67808
5.8000 4 18727.56736
5.9000 4 17930.6496
6.0000 4 20436.74624
6.1000 4 17186.16064
6.2000 4 20856.17664
6.3000 4 17353.9328
6.4000 4 18685.62432
6.5000 4 17783.84896
6.6000 4 18035.5072
6.7000 4 18926.7968
6.8000 4 18884.85376
6.9000 4 21086.86336
7.0000 4 15120.46592
7.1000 4 16766.73024
7.2000 4 18140.3648
7.3000 4 14742.97856
7.4000 4 18759.02464
7.5000 4 15361.6384
7.6000 4 17762.87744
7.7000 4 16630.41536
7.8000 4 18108.90752
7.9000 4 16431.18592
8.0000 4 18643.68128
8.1000 4 12415.13984
8.2000 4 21401.43616
8.3000 4 14648.60672
8.4000 4 19943.91552
8.5000 4 17846.76352
8.6000 4 20363.34592
8.7000 4 15644.75392
8.8000 4 19094.56896
8.9000 4 16148.0704
9.0000 4 21432.89344
9.1000 4 17626.56256
9.2000 4 17689.47712
9.3000 4 16777.216
9.4000 4 16305.3568
9.5000 4 17123.24608
9.6000 4 15172.89472
9.7000 4 19723.71456
9.8000 4 17301.504
9.9000 4 18129.87904
10.0000 4 17196.6464
10.1000 4 19985.85856
10.2000 4 19870.5152
10.3000 4 17364.41856
10.4000 4 18318.62272
10.5000 4 18905.82528
10.6000 4 16714.30144
10.7000 4 19461.57056
10.8000 4 19807.60064
10.9000 4 19126.02624
11.0000 4 19230.88384
11.1000 4 17301.504
11.2000 4 21128.8064
11.3000 4 17951.62112
11.4000 4 20331.88864
11.5000 4 18570.28096
11.6000 4 20436.74624
11.7000 4 18800.96768
11.8000 4 19042.14016
11.9000 4 17762.87744
12.0000 4 17521.70496
12.1000 4 20635.97568
12.2000 4 18989.71136
12.3000 4 18947.76832
12.4000 4 19576.91392
12.5000 4 18622.70976
12.6000 4 20436.74624
12.7000 4 17920.16384
12.8000 4 18234.73664
12.9000 4 15990.784
13.0000 4 18433.96608
13.1000 4 14386.46272
13.2000 4 18989.71136
13.3000 4 15036.57984
13.4000 4 19702.74304
13.5000 4 15592.32512
13.6000 4 17427.33312
13.7000 4 17699.96288
13.8000 4 18213.76512
13.9000 4 19220.39808
14.0000 4 18612.224
14.1000 4 21349.00736
14.2000 4 18004.04992
14.3000 4 19566.42816
14.4000 4 20080.2304
14.5000 4 16431.18592
14.6000 4 21296.57856
14.7000 4 17249.0752
14.8000 4 20919.0912
14.9000 4 18654.16704
15.0000 4 19828.57216
15.1000 4 15592.32512
15.2000 4 21097.34912
15.3000 4 14669.57824
15.4000 4 19398.656
15.5000 4 16861.10208
15.6000 4 19356.71296
15.7000 4 16871.58784
15.8000 4 20268.97408
15.9000 4 13851.68896
16.0000 4 21328.03584
16.1000 4 14774.43584
16.2000 4 21013.46304
16.3000 4 15686.69696
16.4000 4 20646.46144
16.5000 4 14533.26336
16.6000 4 18140.3648
16.7000 4 16766.73024
16.8000 4 18475.90912
16.9000 4 18297.6512
17.0000 4 16619.9296
17.1000 4 19272.82688
17.2000 4 15802.04032
17.3000 4 18612.224
17.4000 4 19241.3696
17.5000 4 19807.60064
17.6000 4 16504.58624
17.7000 4 20017.31584
17.8000 4 17175.67488
17.9000 4 16085.15584
18.0000 4 15456.01024
18.1000 4 19000.19712
18.2000 4 18454.9376
18.3000 4 19608.3712
18.4000 4 17165.18912
18.5000 4 21265.12128
18.6000 4 15613.29664
18.7000 4 18706.59584
18.8000 4 14900.26496
18.9000 4 20740.83328
19.0000 4 15057.55136
19.1000 4 18591.25248
19.2000 4 17563.648
19.3000 4 18884.85376
19.4000 4 17689.47712
19.5000 4 17280.53248
19.6000 4 17553.16224
19.7000 4 16798.18752
19.8000 4 19010.68288
19.9000 4 16557.01504
20.0000 4 18968.73984
20.1000 4 18968.73984
20.2000 4 14722.00704
20.3000 4 19157.48352
20.4000 4 17270.04672
20.5000 4 17846.76352
20.6000 4 16661.87264
20.7000 4 18727.56736
20.8000 4 18287.16544
20.9000 4 21065.89184
21.0000 4 17133.73184
21.1000 4 19943.91552
21.2000 4 17637.04832
21.3000 4 18234.73664
21.4000 4 18769.5104
21.5000 4 19010.68288
21.6000 4 17406.3616
21.7000 4 16536.04352
21.8000 4 20625.48992
21.9000 4 16179.52768
22.0000 4 18444.45184
22.1000 4 16305.3568
22.2000 4 18601.73824
22.3000 4 15151.9232
22.4000 4 19786.62912
22.5000 4 17207.13216
22.6000 4 20782.77632
22.7000 4 18486.39488
22.8000 4 19042.14016
22.9000 4 19912.45824
23.0000 4 17091.7888
23.1000 4 19660.8
23.2000 4 14323.54816
23.3000 4 17773.3632
23.4000 4 19356.71296
23.5000 4 20363.34592
23.6000 4 19377.68448
23.7000 4 15256.7808
23.8000 4 20059.25888
23.9000 4 17039.36
24.0000 4 17762.87744
24.1000 4 18759.02464
24.2000 4 13054.7712
24.3000 4 16840.13056
24.4000 4 17186.16064
24.5000 4 18748.53888
24.6000 4 16148.0704
24.7000 4 17783.84896
24.8000 4 19000.19712
24.9000 4 19451.0848
25.0000 4 19251.85536
25.1000 4 20583.54688
25.2000 4 17490.24768
25.3000 4 19818.0864
25.4000 4 20101.20192
25.5000 4 19115.54048
25.6000 4 20814.2336
25.7000 4 18329.10848
25.8000 4 20248.00256
25.9000 4 17794.33472
26.0000 4 16882.0736
26.1000 4 19870.5152
26.2000 4 13054.7712
26.3000 4 19199.42656
26.4000 4 13191.08608
26.5000 4 18538.82368
26.6000 4 16420.70016
26.7000 4 19975.3728
26.8000 4 18161.33632
26.9000 4 17102.27456
27.0000 4 17993.56416
27.1000 4 18402.5088
27.2000 4 16787.70176
27.3000 4 17762.87744
27.4000 4 19430.11328
27.5000 4 17154.70336
27.6000 4 18475.90912
27.7000 4 16389.24288
27.8000 4 16462.6432
27.9000 4 17081.30304
28.0000 4 16934.5024
28.1000 4 18014.53568
28.2000 4 17595.10528
28.3000 4 17154.70336
28.4000 4 14176.74752
28.5000 4 19870.5152
28.6000 4 16169.04192
28.7000 4 18266.19392
28.8000 4 17427.33312
28.9000 4 18308.13696
29.0000 4 18454.9376
29.1000 4 14910.75072
29.2000 4 20268.97408
29.3000 4 15508.43904
29.4000 4 19954.40128
29.5000 4 17228.10368
29.6000 4 16934.5024
29.7000 4 18528.33792
29.8000 4 17175.67488
29.9000 4 19409.14176
30.0000 4 17490.24768
30.1000 4 18287.16544
30.2000 4 18884.85376
30.3000 4 20321.40288
30.4000 4 17070.81728
30.5000 4 17647.53408
30.6000 4 17909.67808
30.7000 4 19524.48512
30.8000 4 17836.27776
30.9000 4 19325.25568
31.0000 4 16829.6448
31.1000 4 19084.0832
31.2000 4 19272.82688
31.3000 4 19639.82848
31.4000 4 19325.25568
31.5000 4 19335.74144
31.6000 4 18161.33632
31.7000 4 19566.42816
31.8000 4 17595.10528
31.9000 4 19828.57216
32.0000 4 18381.53728
32.1000 4 19975.3728
32.2000 4 16095.6416
32.3000 4 18475.90912
32.4000 4 17962.10688
32.5000 4 17941.13536
32.6000 4 17794.33472
32.7000 4 19084.0832
32.8000 4 17374.90432
32.9000 4 18727.56736
33.0000 4 19251.85536
33.1000 4 17060.33152
33.2000 4 18895.33952
33.3000 4 18108.90752
33.4000 4 19010.68288
33.5000 4 18696.11008
33.6000 4 18507.3664
33.7000 4 17542.67648
33.8000 4 20405.28896
33.9000 4 15172.89472
34.0000 4 19482.54208
34.1000 4 13348.37248
34.2000 4 19786.62912
34.3000 4 16252.928
34.4000 4 18465.42336
34.5000 4 17836.27776
34.6000 4 17039.36
34.7000 4 19262.34112
34.8000 4 18077.45024
34.9000 4 18570.28096
35.0000 4 19042.14016
35.1000 4 20195.57376
35.2000 4 18224.25088
35.3000 4 21118.32064
35.4000 4 17773.3632
35.5000 4 18863.88224
35.6000 4 18360.56576
35.7000 4 17941.13536
35.8000 4 20384.31744
35.9000 4 18213.76512
36.0000 4 20258.48832
36.1000 4 17427.33312
36.2000 4 19367.19872
36.3000 4 18014.53568
36.4000 4 17238.58944
36.5000 4 20908.60544
36.6000 4 13767.80288
36.7000 4 19335.74144
36.8000 4 16882.0736
36.9000 4 19933.42976
37.0000 4 19461.57056
37.1000 4 16410.2144
37.2000 4 19786.62912
37.3000 4 15508.43904
37.4000 4 21034.43456
37.5000 4 19597.88544
37.6000 4 19671.28576
37.7000 4 19524.48512
37.8000 4 17060.33152
37.9000 4 19209.91232
38.0000 4 16294.87104
38.1000 4 16389.24288
38.2000 4 18821.9392
38.3000 4 19555.9424
38.4000 4 17878.2208
38.5000 4 21663.58016
38.6000 4 18570.28096
38.7000 4 19440.59904
38.8000 4 20048.77312
38.9000 4 17123.24608
39.0000 4 19566.42816
39.1000 4 17469.27616
39.2000 4 20248.00256
39.3000 4 18308.13696
39.4000 4 18098.42176
39.5000 4 19430.11328
39.6000 4 18517.85216
39.7000 4 18759.02464
39.8000 4 17196.6464
39.9000 4 17605.59104
40.0000 4 18444.45184
40.1000 4 18423.48032
40.2000 4 18622.70976
40.3000 4 19534.97088
40.4000 4 17762.87744
40.5000 4 17983.0784
40.6000 4 17752.39168
40.7000 4 19126.02624
40.8000 4 18224.25088
40.9000 4 21044.92032
41.0000 4 18517.85216
41.1000 4 20531.11808
41.2000 4 19178.45504
41.3000 4 20426.26048
41.4000 4 17804.82048
41.5000 4 20835.20512
41.6000 4 18874.368
41.7000 4 18318.62272
41.8000 4 19503.5136
41.9000 4 18591.25248
42.0000 4 19765.6576
42.1000 4 17427.33312
42.2000 4 19325.25568
42.3000 4 18748.53888
42.4000 4 19094.56896
42.5000 4 16651.38688
42.6000 4 18832.42496
42.7000 4 13212.0576
42.8000 4 17857.24928
42.9000 4 16032.72704
43.0000 4 19084.0832
43.1000 4 16892.55936
43.2000 4 19660.8
43.3000 4 17280.53248
43.4000 4 19220.39808
43.5000 4 14921.23648
43.6000 4 21181.2352
43.7000 4 13505.65888
43.8000 4 18087.936
43.9000 4 14512.29184
44.0000 4 19461.57056
44.1000 4 17270.04672
44.2000 4 19891.48672
44.3000 4 17028.87424
44.4000 4 18905.82528
44.5000 4 17490.24768
44.6000 4 18989.71136
44.7000 4 19115.54048
44.8000 4 18863.88224
44.9000 4 17186.16064
45.0000 4 18800.96768
45.1000 4 19891.48672
45.2000 4 19513.99936
45.3000 4 18025.02144
45.4000 4 19346.2272
45.5000 4 18423.48032
45.6000 4 19818.0864
45.7000 4 16210.98496
45.8000 4 19493.02784
45.9000 4 17238.58944
46.0000 4 19482.54208
46.1000 4 19283.31264
46.2000 4 15057.55136
46.3000 4 3680.50176
