0.1000 4 0.0
0.2000 4 15099.4944
0.3000 4 16892.55936
0.4000 4 4026.53184
0.5000 4 18989.71136
0.6000 4 14900.26496
0.7000 4 19807.60064
0.8000 4 15204.352
0.9000 4 18842.91072
1.0000 4 19042.14016
1.1000 4 17836.27776
1.2000 4 15791.55456
1.3000 4 15005.12256
1.4000 4 19860.02944
1.5000 4 16231.95648
1.6000 4 17123.24608
1.7000 4 17343.44704
1.8000 4 19912.45824
1.9000 4 18937.28256
2.0000 4 18559.7952
2.1000 4 19419.62752
2.2000 4 18318.62272
2.3000 4 20352.86016
2.4000 4 17060.33152
2.5000 4 19534.97088
2.6000 4 17406.3616
2.7000 4 19901.97248
2.8000 4 16787.70176
2.9000 4 19629.34272
3.0000 4 16190.01344
3.1000 4 16494.10048
3.2000 4 17133.73184
3.3000 4 17144.2176
3.4000 4 16190.01344
3.5000 4 14407.43424
3.6000 4 20835.20512
3.7000 4 13421.7728
3.8000 4 20447.232
3.9000 4 18633.19552
4.0000 4 18014.53568
4.1000 4 19723.71456
4.2000 4 16011.75552
4.3000 4 20950.54848
4.4000 4 15036.57984
4.5000 4 20132.6592
4.6000 4 14659.09248
4.7000 4 20971.52
4.8000 4 16221.47072
4.9000 4 20132.6592
5.0000 4 16336.81408
5.1000 4 20677.91872
5.2000 4 18035.5072
5.3000 4 19031.6544
5.4000 4 17238.58944
5.5000 4 20227.03104
5.6000 4 19251.85536
5.7000 4 18423.48032
5.8000 4 16882.0736
5.9000 4 17962.10688
6.0000 4 18496.88064
6.1000 4 17458.7904
6.2000 4 17280.53248
6.3000 4 17311.98976
6.4000 4 17343.44704
6.5000 4 17951.62112
6.6000 4 18234.73664
6.7000 4 16997.41696
6.8000 4 12016.68096
6.9000 4 17899.19232
7.0000 4 14763.95008
7.1000 4 21695.03744
7.2000 4 17658.01984
7.3000 4 20814.2336
7.4000 4 20677.91872
7.5000 4 18622.70976
7.6000 4 20929.57696
7.7000 4 18895.33952
7.8000 4 19545.45664
7.9000 4 19849.54368
8.0000 4 19388.17024
8.1000 4 18591.25248
8.2000 4 20877.14816
8.3000 4 15476.98176
8.4000 4 21118.32064
8.5000 4 14701.03552
8.6000 4 18685.62432
8.7000 4 16924.01664
8.8000 4 19671.28576
8.9000 4 20195.57376
9.0000 4 17972.59264
9.1000 4 20405.28896
9.2000 4 16777.216
9.3000 4 18423.48032
9.4000 4 15445.52448
9.5000 4 13641.97376
9.6000 4 14931.72224
9.7000 4 14470.3488
9.8000 4 17070.81728
9.9000 4 17941.13536
10.0000 4 21946.69568
10.1000 4 17060.33152
10.2000 4 20447.232
10.3000 4 18119.39328
10.4000 4 17878.2208
10.5000 4 20929.57696
10.6000 4 18612.224
10.7000 4 19839.05792
10.8000 4 19063.11168
10.9000 4 18140.3648
11.0000 4 20132.6592
11.1000 4 16588.47232
11.2000 4 18832.42496
11.3000 4 19251.85536
11.4000 4 19524.48512
11.5000 4 19157.48352
11.6000 4 20090.71616
11.7000 4 18140.3648
11.8000 4 19922.944
11.9000 4 17846.76352
12.0000 4 17144.2176
12.1000 4 20761.8048
12.2000 4 18884.85376
12.3000 4 21558.72256
12.4000 4 13914.60352
12.5000 4 22775.07072
12.6000 4 14092.86144
12.7000 4 20321.40288
12.8000 4 15518.9248
12.9000 4 17406.3616
13.0000 4 20489.17504
13.1000 4 16934.5024
13.2000 4 19734.20032
13.3000 4 17878.2208
13.4000 4 18727.56736
13.5000 4 16745.75872
13.6000 4 17144.2176
13.7000 4 18496.88064
13.8000 4 18297.6512
13.9000 4 19954.40128
14.0000 4 20426.26048
14.1000 4 16085.15584
14.2000 4 20594.03264
14.3000 4 17186.16064
14.4000 4 19388.17024
14.5000 4 19356.71296
14.6000 4 17972.59264
14.7000 4 20751.31904
14.8000 4 15068.03712
14.9000 4 19912.45824
15.0000 4 14344.51968
15.1000 4 18423.48032
15.2000 4 16336.81408
15.3000 4 19765.6576
15.4000 4 20038.28736
15.5000 4 18926.7968
15.6000 4 17374.90432
15.7000 4 19513.99936
15.8000 4 16986.9312
15.9000 4 20206.05952
16.0000 4 18633.19552
16.1000 4 19367.19872
16.2000 4 16735.27296
16.3000 4 18108.90752
16.4000 4 19891.48672
16.5000 4 18685.62432
16.6000 4 18685.62432
16.7000 4 16871.58784
16.8000 4 18025.02144
16.9000 4 16630.41536
17.0000 4 19440.59904
17.1000 4 17102.27456
17.2000 4 19084.0832
17.3000 4 18234.73664
17.4000 4 18779.99616
17.5000 4 18591.25248
17.6000 4 19188.9408
17.7000 4 16305.3568
17.8000 4 18633.19552
17.9000 4 18224.25088
18.0000 4 18916.31104
18.1000 4 17647.53408
18.2000 4 18266.19392
18.3000 4 18255.70816
18.4000 4 17794.33472
18.5000 4 20352.86016
18.6000 4 15781.0688
18.7000 4 19293.7984
18.8000 4 17364.41856
18.9000 4 17511.2192
19.0000 4 14218.69056
19.1000 4 17972.59264
19.2000 4 17374.90432
19.3000 4 18308.13696
19.4000 4 18192.7936
19.5000 4 16672.3584
19.6000 4 18129.87904
19.7000 4 20038.28736
19.8000 4 15613.29664
19.9000 4 18895.33952
20.0000 4 16882.0736
20.1000 4 19870.5152
20.2000 4 16871.58784
20.3000 4 18454.9376
20.4000 4 17532.19072
20.5000 4 19188.9408
20.6000 4 15885.9264
20.7000 4 19629.34272
20.8000 4 18119.39328
20.9000 4 17385.39008
21.0000 4 18004.04992
21.1000 4 19576.91392
21.2000 4 18821.9392
21.3000 4 18696.11008
21.4000 4 18066.96448
21.5000 4 18853.39648
21.6000 4 16955.47392
21.7000 4 17836.27776
21.8000 4 18884.85376
21.9000 4 17616.0768
22.0000 4 18381.53728
22.1000 4 19430.11328
22.2000 4 17249.0752
22.3000 4 18255.70816
22.4000 4 16997.41696
22.5000 4 19220.39808
22.6000 4 14942.208
22.7000 4 18958.25408
22.8000 4 15497.95328
22.9000 4 19178.45504
23.0000 4 17458.7904
23.1000 4 19325.25568
23.2000 4 19440.59904
23.3000 4 18475.90912
23.4000 4 17511.2192
23.5000 4 18454.9376
23.6000 4 17616.0768
23.7000 4 20090.71616
23.8000 4 19304.28416
23.9000 4 22062.03904
24.0000 4 19493.02784
24.1000 4 19545.45664
24.2000 4 20824.71936
24.3000 4 17668.5056
24.4000 4 20583.54688
24.5000 4 18727.56736
24.6000 4 19839.05792
24.7000 4 16504.58624
24.8000 4 20038.28736
24.9000 4 16336.81408
25.0000 4 18108.90752
25.1000 4 18077.45024
25.2000 4 17941.13536
25.3000 4 18916.31104
25.4000 4 17899.19232
25.5000 4 18654.16704
25.6000 4 19451.0848
25.7000 4 18454.9376
25.8000 4 19398.656
25.9000 4 17322.47552
26.0000 4 19209.91232
26.1000 4 18790.48192
26.2000 4 17416.84736
26.3000 4 15393.09568
26.4000 4 16452.15744
26.5000 4 18979.2256
26.6000 4 19430.11328
26.7000 4 15225.32352
26.8000 4 19042.14016
26.9000 4 17857.24928
27.0000 4 18507.3664
27.1000 4 18402.5088
27.2000 4 18025.02144
27.3000 4 18685.62432
27.4000 4 16420.70016
27.5000 4 17993.56416
27.6000 4 17542.67648
27.7000 4 18329.10848
27.8000 4 17207.13216
27.9000 4 19870.5152
28.0000 4 16766.73024
28.1000 4 20227.03104
28.2000 4 18192.7936
28.3000 4 22628.27008
28.4000 4 16871.58784
28.5000 4 21936.20992
28.6000 4 18968.73984
28.7000 4 18371.05152
28.8000 4 21716.00896
28.9000 4 18654.16704
29.0000 4 21474.83648
29.1000 4 17658.01984
29.2000 4 19440.59904
29.3000 4 15414.0672
29.4000 4 17920.16384
29.5000 4 17291.01824
29.6000 4 16315.84256
29.7000 4 18066.96448
29.8000 4 18832.42496
29.9000 4 19513.99936
30.0000 4 16473.12896
30.1000 4 20090.71616
30.2000 4 18255.70816
30.3000 4 21034.43456
30.4000 4 21023.9488
30.5000 4 19849.54368
30.6000 4 15487.46752
30.7000 4 15760.09728
30.8000 4 18790.48192
30.9000 4 17133.73184
31.0000 4 17752.39168
31.1000 4 17301.504
31.2000 4 17857.24928
31.3000 4 19356.71296
31.4000 4 16043.2128
31.5000 4 18947.76832
31.6000 4 17846.76352
31.7000 4 21013.46304
31.8000 4 17542.67648
31.9000 4 21894.26688
32.0000 4 17165.18912
32.1000 4 20069.74464
32.2000 4 19629.34272
32.3000 4 18895.33952
32.4000 4 19115.54048
32.5000 4 18182.30784
32.6000 4 20258.48832
32.7000 4 18612.224
32.8000 4 17710.44864
32.9000 4 18035.5072
33.0000 4 13841.2032
33.1000 4 19786.62912
33.2000 4 14952.69376
33.3000 4 17983.0784
33.4000 4 17521.70496
33.5000 4 20531.11808
33.6000 4 17637.04832
33.7000 4 19545.45664
33.8000 4 16787.70176
33.9000 4 20929.57696
34.0000 4 18601.73824
34.1000 4 19723.71456
34.2000 4 21013.46304
34.3000 4 15288.23808
34.4000 4 19534.97088
34.5000 4 15172.89472
34.6000 4 20373.83168
34.7000 4 17165.18912
34.8000 4 18234.73664
34.9000 4 17899.19232
35.0000 4 19021.16864
35.1000 4 19797.11488
35.2000 4 19283.31264
35.3000 4 17207.13216
35.4000 4 19975.3728
35.5000 4 16787.70176
35.6000 4 22240.29696
35.7000 4 20101.20192
35.8000 4 20027.8016
35.9000 4 20489.17504
36.0000 4 18245.2224
36.1000 4 20237.5168
36.2000 4 18287.16544
36.3000 4 22187.86816
36.4000 4 18371.05152
36.5000 4 18874.368
36.6000 4 18874.368
36.7000 4 19293.7984
36.8000 4 18874.368
36.9000 4 18842.91072
37.0000 4 19283.31264
37.1000 4 18098.42176
37.2000 4 18339.59424
37.3000 4 17301.504
37.4000 4 20279.45984
37.5000 4 19398.656
37.6000 4 19524.48512
37.7000 4 18444.45184
37.8000 4 20111.68768
37.9000 4 17395.87584
38.0000 4 18654.16704
38.1000 4 19597.88544
38.2000 4 17196.6464
38.3000 4 19534.97088
38.4000 4 16850.61632
38.5000 4 18968.73984
38.6000 4 17574.13376
38.7000 4 19975.3728
38.8000 4 19367.19872
38.9000 4 17962.10688
39.0000 4 20740.83328
39.1000 4 18140.3648
39.2000 4 19377.68448
39.3000 4 19052.62592
39.4000 4 20164.11648
39.5000 4 21065.89184
39.6000 4 18989.71136
39.7000 4 19534.97088
39.8000 4 17678.99136
39.9000 4 18842.91072
40.0000 4 20541.60384
40.1000 4 19503.5136
40.2000 4 22020.096
40.3000 4 18821.9392
40.4000 4 19167.96928
40.5000 4 19503.5136
40.6000 4 15560.86784
40.7000 4 19314.76992
40.8000 4 16420.70016
40.9000 4 19576.91392
41.0000 4 18350.08
41.1000 4 18108.90752
41.2000 4 20531.11808
41.3000 4 18213.76512
41.4000 4 20268.97408
41.5000 4 14648.60672
41.6000 4 19293.7984
41.7000 4 15435.03872
41.8000 4 18916.31104
41.9000 4 16598.95808
42.0000 4 19409.14176
42.1000 4 19797.11488
42.2000 4 19828.57216
42.3000 4 18958.25408
42.4000 4 19587.39968
42.5000 4 17741.90592
42.6000 4 20122.17344
42.7000 4 16588.47232
42.8000 4 20143.14496
42.9000 4 17249.0752
43.0000 4 18245.2224
43.1000 4 18161.33632
43.2000 4 17741.90592
43.3000 4 19818.0864
43.4000 4 17584.61952
43.5000 4 18077.45024
43.6000 4 19545.45664
43.7000 4 19807.60064
43.8000 4 19440.59904
43.9000 4 18119.39328
44.0000 4 19377.68448
44.1000 4 17993.56416
44.2000 4 17605.59104
44.3000 4 20321.40288
44.4000 4 19115.54048
44.5000 4 20887.63392
44.6000 4 16536.04352
44.7000 4 20185.088
44.8000 4 18895.33952
44.9000 4 16724.7872
45.0000 4 18119.39328
45.1000 4 16294.87104
45.2000 4 19922.944
45.3000 4 17144.2176
45.4000 4 21978.15296
45.5000 4 16567.5008
45.6000 4 19681.77152
45.7000 4 9856.6144
45.8000 4 209.7152
