0.1000 4 0.0
0.2000 4 14795.40736
0.3000 4 17878.2208
0.4000 4 10611.58912
0.5000 4 20489.17504
0.6000 4 13862.17472
0.7000 4 20415.77472
0.8000 4 16651.38688
0.9000 4 19524.48512
1.0000 4 19042.14016
1.1000 4 17605.59104
1.2000 4 17836.27776
1.3000 4 20080.2304
1.4000 4 14575.2064
1.5000 4 20237.5168
1.6000 4 15728.64
1.7000 4 21380.46464
1.8000 4 15854.46912
1.9000 4 20835.20512
2.0000 4 18727.56736
2.1000 4 17836.27776
2.2000 4 19639.82848
2.3000 4 18108.90752
2.4000 4 16609.44384
2.5000 4 16640.90112
2.6000 4 18098.42176
2.7000 4 17490.24768
2.8000 4 19681.77152
2.9000 4 16997.41696
3.0000 4 19765.6576
3.1000 4 17270.04672
3.2000 4 20520.63232
3.3000 4 20048.77312
3.4000 4 18402.5088
3.5000 4 19534.97088
3.6000 4 15361.6384
3.7000 4 16494.10048
3.8000 4 19209.91232
3.9000 4 17741.90592
4.0000 4 19251.85536
4.1000 4 18297.6512
4.2000 4 17553.16224
4.3000 4 18842.91072
4.4000 4 17626.56256
4.5000 4 15351.15264
4.6000 4 17909.67808
4.7000 4 16095.6416
4.8000 4 20824.71936
4.9000 4 13495.17312
5.0000 4 19566.42816
5.1000 4 14082.37568
5.2000 4 18821.9392
5.3000 4 15361.6384
5.4000 4 17364.41856
5.5000 4 18171.82208
5.6000 4 18108.90752
5.7000 4 17385.39008
5.8000 4 20174.60224
5.9000 4 18087.936
6.0000 4 20489.17504
6.1000 4 15529.41056
6.2000 4 21600.6656
6.3000 4 14166.26176
6.4000 4 18570.28096
6.5000 4 15529.41056
6.6000 4 18821.9392
6.7000 4 19199.42656
6.8000 4 18182.30784
6.9000 4 20237.5168
7.0000 4 16169.04192
7.1000 4 18790.48192
7.2000 4 12666.79808
7.3000 4 19755.17184
7.4000 4 13033.79968
7.5000 4 20384.31744
7.6000 4 13862.17472
7.7000 4 20552.0896
7.8000 4 15099.4944
7.9000 4 19419.62752
8.0000 4 16976.44544
8.1000 4 18926.7968
8.2000 4 18454.9376
8.3000 4 17259.56096
8.4000 4 19555.9424
8.5000 4 16840.13056
8.6000 4 18517.85216
8.7000 4 18507.3664
8.8000 4 19922.944
8.9000 4 17186.16064
9.0000 4 20531.11808
9.1000 4 16798.18752
9.2000 4 19587.39968
9.3000 4 15613.29664
9.4000 4 18905.82528
9.5000 4 15235.80928
9.6000 4 18685.62432
9.7000 4 15739.12576
9.8000 4 19126.02624
9.9000 4 16515.072
10.0000 4 18538.82368
10.1000 4 17374.90432
10.2000 4 19262.34112
10.3000 4 18821.9392
10.4000 4 18832.42496
10.5000 4 19157.48352
10.6000 4 18266.19392
10.7000 4 18738.05312
10.8000 4 17039.36
10.9000 4 18087.936
11.0000 4 16452.15744
11.1000 4 18570.28096
11.2000 4 16861.10208
11.3000 4 20992.49152
11.4000 4 15026.09408
11.5000 4 16441.67168
11.6000 4 17060.33152
11.7000 4 17049.84576
11.8000 4 17091.7888
11.9000 4 15938.3552
12.0000 4 20384.31744
12.1000 4 12540.96896
12.2000 4 18633.19552
12.3000 4 16263.41376
12.4000 4 21223.17824
12.5000 4 17595.10528
12.6000 4 20268.97408
12.7000 4 18643.68128
12.8000 4 20069.74464
12.9000 4 18066.96448
13.0000 4 21558.72256
13.1000 4 16127.09888
13.2000 4 17689.47712
13.3000 4 19409.14176
13.4000 4 21296.57856
13.5000 4 19513.99936
13.6000 4 16242.44224
13.7000 4 20803.74784
13.8000 4 16053.69856
13.9000 4 17773.3632
14.0000 4 19335.74144
14.1000 4 13159.6288
14.2000 4 21894.26688
14.3000 4 14805.89312
14.4000 4 18769.5104
14.5000 4 16913.53088
14.6000 4 18266.19392
14.7000 4 20373.83168
14.8000 4 18842.91072
14.9000 4 18989.71136
15.0000 4 19031.6544
15.1000 4 18759.02464
15.2000 4 19597.88544
15.3000 4 17993.56416
15.4000 4 20950.54848
15.5000 4 16127.09888
15.6000 4 17668.5056
15.7000 4 18098.42176
15.8000 4 16567.5008
15.9000 4 18853.39648
16.0000 4 18171.82208
16.1000 4 19388.17024
16.2000 4 15948.84096
16.3000 4 16273.89952
16.4000 4 16473.12896
16.5000 4 20164.11648
16.6000 4 15351.15264
16.7000 4 18664.6528
16.8000 4 14763.95008
16.9000 4 19765.6576
17.0000 4 14868.80768
17.1000 4 20132.6592
17.2000 4 16315.84256
17.3000 4 19681.77152
17.4000 4 15382.60992
17.5000 4 20237.5168
17.6000 4 17406.3616
17.7000 4 18056.47872
17.8000 4 13736.3456
17.9000 4 21485.32224
18.0000 4 16252.928
18.1000 4 20384.31744
18.2000 4 19220.39808
18.3000 4 17773.3632
18.4000 4 18779.99616
18.5000 4 18832.42496
18.6000 4 19912.45824
18.7000 4 21202.20672
18.8000 4 18475.90912
18.9000 4 18465.42336
19.0000 4 19430.11328
19.1000 4 16410.2144
19.2000 4 16452.15744
19.3000 4 21244.14976
19.4000 4 19335.74144
19.5000 4 20174.60224
19.6000 4 18140.3648
19.7000 4 18318.62272
19.8000 4 18161.33632
19.9000 4 14355.00544
20.0000 4 18895.33952
20.1000 4 13715.37408
20.2000 4 20646.46144
20.3000 4 16242.44224
20.4000 4 17951.62112
20.5000 4 18035.5072
20.6000 4 16378.75712
20.7000 4 17238.58944
20.8000 4 18276.67968
20.9000 4 18559.7952
21.0000 4 19136.512
21.1000 4 21705.5232
21.2000 4 19534.97088
21.3000 4 20552.0896
21.4000 4 19597.88544
21.5000 4 18727.56736
21.6000 4 16882.0736
21.7000 4 21632.12288
21.8000 4 15781.0688
21.9000 4 22051.55328
22.0000 4 15414.0672
22.1000 4 18171.82208
22.2000 4 13746.83136
22.3000 4 17668.5056
22.4000 4 18507.3664
22.5000 4 18182.30784
22.6000 4 19314.76992
22.7000 4 16452.15744
22.8000 4 20436.74624
22.9000 4 16756.24448
23.0000 4 21202.20672
23.1000 4 16850.61632
23.2000 4 20059.25888
23.3000 4 17039.36
23.4000 4 19451.0848
23.5000 4 17637.04832
23.6000 4 18570.28096
23.7000 4 15372.12416
23.8000 4 19545.45664
23.9000 4 16777.216
24.0000 4 17574.13376
24.1000 4 17018.38848
24.2000 4 17846.76352
24.3000 4 19922.944
24.4000 4 17595.10528
24.5000 4 19828.57216
24.6000 4 17353.9328
24.7000 4 18685.62432
24.8000 4 21139.29216
24.9000 4 17752.39168
25.0000 4 17605.59104
25.1000 4 19073.59744
25.2000 4 17815.30624
25.3000 4 17668.5056
25.4000 4 18800.96768
25.5000 4 16536.04352
25.6000 4 16924.01664
25.7000 4 17448.30464
25.8000 4 18538.82368
25.9000 4 19964.88704
26.0000 4 20363.34592
26.1000 4 18119.39328
26.2000 4 21013.46304
26.3000 4 18171.82208
26.4000 4 21160.26368
26.5000 4 18622.70976
26.6000 4 18947.76832
26.7000 4 17249.0752
26.8000 4 19262.34112
26.9000 4 18360.56576
27.0000 4 18811.45344
27.1000 4 18423.48032
27.2000 4 18308.13696
27.3000 4 17836.27776
27.4000 4 18454.9376
27.5000 4 17794.33472
27.6000 4 17783.84896
27.7000 4 17207.13216
27.8000 4 19377.68448
27.9000 4 17301.504
28.0000 4 18517.85216
28.1000 4 15204.352
28.2000 4 18266.19392
28.3000 4 18014.53568
28.4000 4 17731.42016
28.5000 4 16829.6448
28.6000 4 19377.68448
28.7000 4 15277.75232
28.8000 4 20248.00256
28.9000 4 16431.18592
29.0000 4 20510.14656
29.1000 4 18486.39488
29.2000 4 20814.2336
29.3000 4 19744.68608
29.4000 4 18727.56736
29.5000 4 16011.75552
29.6000 4 18402.5088
29.7000 4 17521.70496
29.8000 4 20300.43136
29.9000 4 18287.16544
30.0000 4 17972.59264
30.1000 4 19713.2288
30.2000 4 16179.52768
30.3000 4 21789.40928
30.4000 4 13820.23168
30.5000 4 19398.656
30.6000 4 14155.776
30.7000 4 20698.89024
30.8000 4 15172.89472
30.9000 4 20615.00416
31.0000 4 18402.5088
31.1000 4 19419.62752
31.2000 4 18947.76832
31.3000 4 18077.45024
31.4000 4 19943.91552
31.5000 4 16619.9296
31.6000 4 21065.89184
31.7000 4 16934.5024
31.8000 4 19912.45824
31.9000 4 15623.7824
32.0000 4 19807.60064
32.1000 4 15435.03872
32.2000 4 18528.33792
32.3000 4 17249.0752
32.4000 4 21957.18144
32.5000 4 15393.09568
32.6000 4 20090.71616
32.7000 4 17123.24608
32.8000 4 19188.9408
32.9000 4 20122.17344
33.0000 4 20709.376
33.1000 4 16861.10208
33.2000 4 19136.512
33.3000 4 19000.19712
33.4000 4 17154.70336
33.5000 4 21642.60864
33.6000 4 12803.11296
33.7000 4 19912.45824
33.8000 4 17406.3616
33.9000 4 20331.88864
34.0000 4 18905.82528
34.1000 4 17741.90592
34.2000 4 18717.0816
34.3000 4 16944.98816
34.4000 4 21380.46464
34.5000 4 15676.2112
34.6000 4 20635.97568
34.7000 4 17217.61792
34.8000 4 20080.2304
34.9000 4 20625.48992
35.0000 4 18853.39648
35.1000 4 21936.20992
35.2000 4 19335.74144
35.3000 4 19671.28576
35.4000 4 20719.86176
35.5000 4 17007.90272
35.6000 4 19493.02784
35.7000 4 18140.3648
35.8000 4 19398.656
35.9000 4 19052.62592
36.0000 4 19597.88544
36.1000 4 18171.82208
36.2000 4 22229.8112
36.3000 4 17007.90272
36.4000 4 21915.2384
36.5000 4 16819.15904
36.6000 4 15802.04032
36.7000 4 15697.18272
36.8000 4 16431.18592
36.9000 4 17070.81728
37.0000 4 18412.99456
37.1000 4 17165.18912
37.2000 4 19115.54048
37.3000 4 18538.82368
37.4000 4 19922.944
37.5000 4 17699.96288
37.6000 4 20887.63392
37.7000 4 16934.5024
37.8000 4 21191.72096
37.9000 4 16735.27296
38.0000 4 17521.70496
38.1000 4 16137.58464
38.2000 4 17584.61952
38.3000 4 16808.67328
38.4000 4 17102.27456
38.5000 4 18842.91072
38.6000 4 18025.02144
38.7000 4 20090.71616
38.8000 4 16598.95808
38.9000 4 17731.42016
39.0000 4 17469.27616
39.1000 4 18098.42176
39.2000 4 18601.73824
39.3000 4 20132.6592
39.4000 4 18119.39328
39.5000 4 17049.84576
39.6000 4 18213.76512
39.7000 4 18433.96608
39.8000 4 21233.664
39.9000 4 15623.7824
40.0000 4 21632.12288
40.1000 4 12845.056
40.2000 4 18339.59424
40.3000 4 18350.08
40.4000 4 20352.86016
40.5000 4 14994.6368
40.6000 4 20059.25888
40.7000 4 19870.5152
40.8000 4 19430.11328
40.9000 4 21611.15136
41.0000 4 19178.45504
41.1000 4 20457.71776
41.2000 4 19482.54208
41.3000 4 19524.48512
41.4000 4 21097.34912
41.5000 4 19094.56896
41.6000 4 21044.92032
41.7000 4 20363.34592
41.8000 4 18570.28096
41.9000 4 21191.72096
42.0000 4 19996.34432
42.1000 4 20499.6608
42.2000 4 21506.29376
42.3000 4 20929.57696
42.4000 4 20898.11968
42.5000 4 20310.91712
42.6000 4 19325.25568
42.7000 4 21076.3776
42.8000 4 17899.19232
42.9000 4 18297.6512
43.0000 4 20929.57696
43.1000 4 16913.53088
43.2000 4 20478.68928
43.3000 4 19094.56896
43.4000 4 20751.31904
43.5000 4 20059.25888
43.6000 4 17133.73184
43.7000 4 18004.04992
43.8000 4 19042.14016
43.9000 4 19209.91232
44.0000 4 19765.6576
44.1000 4 20195.57376
44.2000 4 16598.95808
44.3000 4 20279.45984
44.4000 4 20069.74464
44.5000 4 18811.45344
44.6000 4 18486.39488
44.7000 4 14722.00704
44.8000 4 17773.3632
44.9000 4 17322.47552
45.0000 4 18276.67968
45.1000 4 18192.7936
45.2000 4 19440.59904
45.3000 4 19608.3712
45.4000 4 16976.44544
45.5000 4 18203.27936
45.6000 4 17678.99136
45.7000 4 19293.7984
45.8000 4 16871.58784
45.9000 4 4991.22176
