0.1000 4 0.0
0.2000 4 15435.03872
0.3000 4 19167.96928
0.4000 4 6931.08736
0.5000 4 21632.12288
0.6000 4 14722.00704
0.7000 4 20761.8048
0.8000 4 14816.37888
0.9000 4 19503.5136
1.0000 4 17332.96128
1.1000 4 18350.08
1.2000 4 18842.91072
1.3000 4 17500.73344
1.4000 4 19314.76992
1.5000 4 15592.32512
1.6000 4 18287.16544
1.7000 4 16357.7856
1.8000 4 19314.76992
1.9000 4 16137.58464
2.0000 4 18412.99456
2.1000 4 18412.99456
2.2000 4 17930.6496
2.3000 4 18832.42496
2.4000 4 17888.70656
2.5000 4 17018.38848
2.6000 4 16336.81408
2.7000 4 17511.2192
2.8000 4 19681.77152
2.9000 4 17888.70656
3.0000 4 20709.376
3.1000 4 17311.98976
3.2000 4 19650.31424
3.3000 4 17616.0768
3.4000 4 18486.39488
3.5000 4 19818.0864
3.6000 4 18580.76672
3.7000 4 20573.06112
3.8000 4 16777.216
3.9000 4 19639.82848
4.0000 4 18465.42336
4.1000 4 18423.48032
4.2000 4 19503.5136
4.3000 4 19377.68448
4.4000 4 19304.28416
4.5000 4 18402.5088
4.6000 4 15288.23808
4.7000 4 17301.504
4.8000 4 15781.0688
4.9000 4 18140.3648
5.0000 4 15456.01024
5.1000 4 19933.42976
5.2000 4 13096.71424
5.3000 4 18266.19392
5.4000 4 15917.38368
5.5000 4 19503.5136
5.6000 4 16693.32992
5.7000 4 19105.05472
5.8000 4 18759.02464
5.9000 4 19430.11328
6.0000 4 17731.42016
6.1000 4 18350.08
6.2000 4 16210.98496
6.3000 4 19713.2288
6.4000 4 15109.98016
6.5000 4 19283.31264
6.6000 4 16441.67168
6.7000 4 20059.25888
6.8000 4 15539.89632
6.9000 4 20719.86176
7.0000 4 16588.47232
7.1000 4 19461.57056
7.2000 4 16903.04512
7.3000 4 17270.04672
7.4000 4 16892.55936
7.5000 4 19472.05632
7.6000 4 14701.03552
7.7000 4 20898.11968
7.8000 4 14082.37568
7.9000 4 20814.2336
8.0000 4 15885.9264
8.1000 4 19262.34112
8.2000 4 16787.70176
8.3000 4 18633.19552
8.4000 4 17217.61792
8.5000 4 17437.81888
8.6000 4 17196.6464
8.7000 4 17007.90272
8.8000 4 18643.68128
8.9000 4 18601.73824
9.0000 4 17511.2192
9.1000 4 18738.05312
9.2000 4 17553.16224
9.3000 4 18161.33632
9.4000 4 19304.28416
9.5000 4 16871.58784
9.6000 4 19660.8
9.7000 4 15277.75232
9.8000 4 19587.39968
9.9000 4 17972.59264
10.0000 4 20751.31904
10.1000 4 18025.02144
10.2000 4 18318.62272
10.3000 4 18444.45184
10.4000 4 21118.32064
10.5000 4 13516.14464
10.6000 4 20562.57536
10.7000 4 13704.88832
10.8000 4 19377.68448
10.9000 4 14533.26336
11.0000 4 19954.40128
11.1000 4 16410.2144
11.2000 4 20541.60384
11.3000 4 18381.53728
11.4000 4 19818.0864
11.5000 4 16462.6432
11.6000 4 18968.73984
11.7000 4 18738.05312
11.8000 4 15676.2112
11.9000 4 22103.98208
12.0000 4 16420.70016
12.1000 4 20541.60384
12.2000 4 12215.9104
12.3000 4 18423.48032
12.4000 4 17416.84736
12.5000 4 16913.53088
12.6000 4 19084.0832
12.7000 4 17018.38848
12.8000 4 17311.98976
12.9000 4 17804.82048
13.0000 4 16378.75712
13.1000 4 21097.34912
13.2000 4 11953.7664
13.3000 4 20594.03264
13.4000 4 13683.9168
13.5000 4 20164.11648
13.6000 4 15015.60832
13.7000 4 20310.91712
13.8000 4 18329.10848
13.9000 4 15969.81248
14.0000 4 18266.19392
14.1000 4 18014.53568
14.2000 4 16410.2144
14.3000 4 20069.74464
14.4000 4 16913.53088
14.5000 4 21799.89504
14.6000 4 12310.28224
14.7000 4 21915.2384
14.8000 4 9909.0432
14.9000 4 19996.34432
15.0000 4 12226.39616
15.1000 4 20101.20192
15.2000 4 16787.70176
15.3000 4 19765.6576
15.4000 4 16913.53088
15.5000 4 17794.33472
15.6000 4 18507.3664
15.7000 4 17689.47712
15.8000 4 17280.53248
15.9000 4 18056.47872
16.0000 4 19272.82688
16.1000 4 17553.16224
16.2000 4 18475.90912
16.3000 4 18339.59424
16.4000 4 19251.85536
16.5000 4 18517.85216
16.6000 4 18926.7968
16.7000 4 19786.62912
16.8000 4 19000.19712
16.9000 4 19356.71296
17.0000 4 20363.34592
17.1000 4 18675.13856
17.2000 4 19430.11328
17.3000 4 16347.29984
17.4000 4 16808.67328
17.5000 4 16829.6448
17.6000 4 17448.30464
17.7000 4 19126.02624
17.8000 4 17605.59104
17.9000 4 19136.512
18.0000 4 19126.02624
18.1000 4 18968.73984
18.2000 4 18947.76832
18.3000 4 18696.11008
18.4000 4 20845.69088
18.5000 4 16777.216
18.6000 4 20866.6624
18.7000 4 19042.14016
18.8000 4 19912.45824
18.9000 4 19451.0848
19.0000 4 19482.54208
19.1000 4 20552.0896
19.2000 4 18832.42496
19.3000 4 20373.83168
19.4000 4 16462.6432
19.5000 4 21653.0944
19.6000 4 12782.14144
19.7000 4 18738.05312
19.8000 4 15256.7808
19.9000 4 19734.20032
20.0000 4 17060.33152
20.1000 4 19010.68288
20.2000 4 18287.16544
20.3000 4 19744.68608
20.4000 4 18454.9376
20.5000 4 18423.48032
20.6000 4 17668.5056
20.7000 4 19807.60064
20.8000 4 17689.47712
20.9000 4 19702.74304
21.0000 4 16263.41376
21.1000 4 19356.71296
21.2000 4 16745.75872
21.3000 4 17983.0784
21.4000 4 19010.68288
21.5000 4 17637.04832
21.6000 4 18538.82368
21.7000 4 16997.41696
21.8000 4 18832.42496
21.9000 4 14040.43264
22.0000 4 19440.59904
22.1000 4 18014.53568
22.2000 4 18538.82368
22.3000 4 19063.11168
22.4000 4 18318.62272
22.5000 4 17783.84896
22.6000 4 19807.60064
22.7000 4 18392.02304
22.8000 4 19922.944
22.9000 4 14984.15104
23.0000 4 21474.83648
23.1000 4 16787.70176
23.2000 4 20824.71936
23.3000 4 19251.85536
23.4000 4 20520.63232
23.5000 4 16871.58784
23.6000 4 20814.2336
23.7000 4 14889.7792
23.8000 4 21810.3808
23.9000 4 15749.61152
24.0000 4 20017.31584
24.1000 4 18916.31104
24.2000 4 17993.56416
24.3000 4 19021.16864
24.4000 4 16819.15904
24.5000 4 20510.14656
24.6000 4 16934.5024
24.7000 4 21107.83488
24.8000 4 15361.6384
24.9000 4 20384.31744
25.0000 4 17699.96288
25.1000 4 21128.8064
25.2000 4 16798.18752
25.3000 4 19451.0848
25.4000 4 17794.33472
25.5000 4 18203.27936
25.6000 4 17867.73504
25.7000 4 17133.73184
25.8000 4 20310.91712
25.9000 4 12698.25536
26.0000 4 19786.62912
26.1000 4 13893.632
26.2000 4 16431.18592
26.3000 4 17595.10528
26.4000 4 18066.96448
26.5000 4 19639.82848
26.6000 4 18486.39488
26.7000 4 19996.34432
26.8000 4 17437.81888
26.9000 4 20352.86016
27.0000 4 17605.59104
27.1000 4 20531.11808
27.2000 4 16557.01504
27.3000 4 21086.86336
27.4000 4 19230.88384
27.5000 4 18538.82368
27.6000 4 19419.62752
27.7000 4 16294.87104
27.8000 4 18465.42336
27.9000 4 17374.90432
28.0000 4 17867.73504
28.1000 4 20814.2336
28.2000 4 17500.73344
28.3000 4 20279.45984
28.4000 4 18454.9376
28.5000 4 19650.31424
28.6000 4 16903.04512
28.7000 4 20971.52
28.8000 4 20038.28736
28.9000 4 19052.62592
29.0000 4 20992.49152
29.1000 4 17857.24928
29.2000 4 20195.57376
29.3000 4 20824.71936
29.4000 4 18538.82368
29.5000 4 18643.68128
29.6000 4 18717.0816
29.7000 4 20520.63232
29.8000 4 19115.54048
29.9000 4 19954.40128
30.0000 4 18622.70976
30.1000 4 17144.2176
30.2000 4 19744.68608
30.3000 4 15026.09408
30.4000 4 20289.9456
30.5000 4 17049.84576
30.6000 4 16840.13056
30.7000 4 18759.02464
30.8000 4 19262.34112
30.9000 4 18486.39488
31.0000 4 18004.04992
31.1000 4 18601.73824
31.2000 4 19115.54048
31.3000 4 19860.02944
31.4000 4 19534.97088
31.5000 4 20185.088
31.6000 4 17249.0752
31.7000 4 20153.63072
31.8000 4 19482.54208
31.9000 4 19230.88384
32.0000 4 19209.91232
32.1000 4 15760.09728
32.2000 4 18884.85376
32.3000 4 15026.09408
32.4000 4 18108.90752
32.5000 4 15508.43904
32.6000 4 21380.46464
32.7000 4 18339.59424
32.8000 4 18287.16544
32.9000 4 16661.87264
33.0000 4 22355.64032
33.1000 4 14355.00544
33.2000 4 19430.11328
33.3000 4 16861.10208
33.4000 4 19440.59904
33.5000 4 19555.9424
33.6000 4 17783.84896
33.7000 4 19975.3728
33.8000 4 19010.68288
33.9000 4 16515.072
34.0000 4 19797.11488
34.1000 4 17007.90272
34.2000 4 20772.29056
34.3000 4 17794.33472
34.4000 4 19367.19872
34.5000 4 17112.76032
34.6000 4 17867.73504
34.7000 4 17574.13376
34.8000 4 18947.76832
34.9000 4 16934.5024
35.0000 4 17867.73504
35.1000 4 18224.25088
35.2000 4 16798.18752
35.3000 4 19178.45504
35.4000 4 18654.16704
35.5000 4 21128.8064
35.6000 4 17983.0784
35.7000 4 21275.60704
35.8000 4 19094.56896
35.9000 4 18318.62272
36.0000 4 19178.45504
36.1000 4 18360.56576
36.2000 4 20405.28896
36.3000 4 18077.45024
36.4000 4 17521.70496
36.5000 4 15414.0672
36.6000 4 17458.7904
36.7000 4 19314.76992
36.8000 4 18643.68128
36.9000 4 16284.38528
37.0000 4 19818.0864
37.1000 4 18171.82208
37.2000 4 16137.58464
37.3000 4 17385.39008
37.4000 4 19818.0864
37.5000 4 19534.97088
37.6000 4 15644.75392
37.7000 4 19702.74304
37.8000 4 16682.84416
37.9000 4 19566.42816
38.0000 4 16588.47232
38.1000 4 20080.2304
38.2000 4 17081.30304
38.3000 4 19377.68448
38.4000 4 19943.91552
38.5000 4 18140.3648
38.6000 4 20940.06272
38.7000 4 18685.62432
38.8000 4 16756.24448
38.9000 4 16462.6432
39.0000 4 19419.62752
39.1000 4 16588.47232
39.2000 4 16892.55936
39.3000 4 20300.43136
39.4000 4 18863.88224
39.5000 4 21065.89184
39.6000 4 17804.82048
39.7000 4 20961.03424
39.8000 4 19419.62752
39.9000 4 19671.28576
40.0000 4 19891.48672
40.1000 4 18696.11008
40.2000 4 20709.376
40.3000 4 19021.16864
40.4000 4 20625.48992
40.5000 4 19419.62752
40.6000 4 18968.73984
40.7000 4 21558.72256
40.8000 4 19964.88704
40.9000 4 20824.71936
41.0000 4 19681.77152
41.1000 4 18727.56736
41.2000 4 21170.74944
41.3000 4 18266.19392
41.4000 4 21464.35072
41.5000 4 19063.11168
41.6000 4 19597.88544
41.7000 4 20594.03264
41.8000 4 19084.0832
41.9000 4 21254.63552
42.0000 4 18570.28096
42.1000 4 20646.46144
42.2000 4 20625.48992
42.3000 4 18633.19552
42.4000 4 21411.92192
42.5000 4 18486.39488
42.6000 4 20698.89024
42.7000 4 19566.42816
42.8000 4 18947.76832
42.9000 4 21946.69568
43.0000 4 18245.2224
43.1000 4 21820.86656
43.2000 4 19472.05632
43.3000 4 19922.944
43.4000 4 20782.77632
43.5000 4 17972.59264
43.6000 4 21674.06592
43.7000 4 17595.10528
43.8000 4 19818.0864
43.9000 4 18759.02464
44.0000 4 18821.9392
44.1000 4 18811.45344
44.2000 4 19797.11488
44.3000 4 18717.0816
44.4000 4 18926.7968
44.5000 4 19178.45504
44.6000 4 18937.28256
44.7000 4 18234.73664
44.8000 4 16210.98496
44.9000 4 18601.73824
45.0000 4 17836.27776
45.1000 4 18087.936
45.2000 4 17574.13376
45.3000 4 16766.73024
45.4000 4 19367.19872
45.5000 4 17626.56256
45.6000 4 15288.23808
45.7000 4 5012.19328
