0.1000 4 0.0
0.2000 4 17825.792
0.3000 4 14522.7776
0.4000 4 13610.51648
0.5000 4 17731.42016
0.6000 4 12320.768
0.7000 4 16127.09888
0.8000 4 7423.91808
0.9000 4 19797.11488
1.0000 4 12519.99744
1.1000 4 17448.30464
1.2000 4 16252.928
1.3000 4 19807.60064
1.4000 4 17186.16064
1.5000 4 20457.71776
1.6000 4 17039.36
1.7000 4 17196.6464
1.8000 4 17070.81728
1.9000 4 16661.87264
2.0000 4 17511.2192
2.1000 4 16032.72704
2.2000 4 20363.34592
2.3000 4 18098.42176
2.4000 4 18937.28256
2.5000 4 19870.5152
2.6000 4 17584.61952
2.7000 4 16536.04352
2.8000 4 17720.9344
2.9000 4 19681.77152
3.0000 4 20415.77472
3.1000 4 18035.5072
3.2000 4 21999.12448
3.3000 4 17909.67808
3.4000 4 20656.9472
3.5000 4 19650.31424
3.6000 4 18014.53568
3.7000 4 20195.57376
3.8000 4 16504.58624
3.9000 4 19073.59744
4.0000 4 15602.81088
4.1000 4 18958.25408
4.2000 4 16305.3568
4.3000 4 18371.05152
4.4000 4 18266.19392
4.5000 4 18224.25088
4.6000 4 18821.9392
4.7000 4 14858.32192
4.8000 4 18245.2224
4.9000 4 13694.40256
5.0000 4 18486.39488
5.1000 4 15466.496
5.2000 4 18087.936
5.3000 4 16252.928
5.4000 4 17280.53248
5.5000 4 15749.61152
5.6000 4 19167.96928
5.7000 4 13002.3424
5.8000 4 18769.5104
5.9000 4 16735.27296
6.0000 4 20268.97408
6.1000 4 18287.16544
6.2000 4 17773.3632
6.3000 4 18853.39648
6.4000 4 15235.80928
6.5000 4 19105.05472
6.6000 4 15172.89472
6.7000 4 19440.59904
6.8000 4 19629.34272
6.9000 4 19188.9408
7.0000 4 20478.68928
7.1000 4 18203.27936
7.2000 4 20961.03424
7.3000 4 18098.42176
7.4000 4 20961.03424
7.5000 4 16462.6432
7.6000 4 21432.89344
7.7000 4 19304.28416
7.8000 4 17521.70496
7.9000 4 20457.71776
8.0000 4 15854.46912
8.1000 4 17741.90592
8.2000 4 17616.0768
8.3000 4 18255.70816
8.4000 4 19618.85696
8.5000 4 15823.01184
8.6000 4 15948.84096
8.7000 4 15781.0688
8.8000 4 20258.48832
8.9000 4 13977.51808
9.0000 4 20583.54688
9.1000 4 16200.4992
9.2000 4 17574.13376
9.3000 4 18989.71136
9.4000 4 18821.9392
9.5000 4 18633.19552
9.6000 4 18255.70816
9.7000 4 20153.63072
9.8000 4 17846.76352
9.9000 4 19776.14336
10.0000 4 14071.88992
10.1000 4 19870.5152
10.2000 4 18360.56576
10.3000 4 18748.53888
10.4000 4 18853.39648
10.5000 4 19587.39968
10.6000 4 16693.32992
10.7000 4 20667.43296
10.8000 4 16378.75712
10.9000 4 19073.59744
11.0000 4 17983.0784
11.1000 4 18402.5088
11.2000 4 20069.74464
11.3000 4 17385.39008
11.4000 4 19503.5136
11.5000 4 15330.18112
11.6000 4 19849.54368
11.7000 4 16724.7872
11.8000 4 19639.82848
11.9000 4 17752.39168
12.0000 4 17270.04672
12.1000 4 18025.02144
12.2000 4 15665.72544
12.3000 4 17469.27616
12.4000 4 17291.01824
12.5000 4 18203.27936
12.6000 4 17448.30464
12.7000 4 16682.84416
12.8000 4 18968.73984
12.9000 4 17448.30464
13.0000 4 19681.77152
13.1000 4 16032.72704
13.2000 4 18874.368
13.3000 4 18779.99616
13.4000 4 18496.88064
13.5000 4 18591.25248
13.6000 4 17815.30624
13.7000 4 21097.34912
13.8000 4 16032.72704
13.9000 4 18947.76832
14.0000 4 15382.60992
14.1000 4 17993.56416
14.2000 4 16148.0704
14.3000 4 16808.67328
14.4000 4 15288.23808
14.5000 4 18591.25248
14.6000 4 19052.62592
14.7000 4 18004.04992
14.8000 4 17626.56256
14.9000 4 16557.01504
15.0000 4 17144.2176
15.1000 4 15739.12576
15.2000 4 19220.39808
15.3000 4 17395.87584
15.4000 4 19367.19872
15.5000 4 17458.7904
15.6000 4 19251.85536
15.7000 4 19398.656
15.8000 4 20216.54528
15.9000 4 19566.42816
16.0000 4 17291.01824
16.1000 4 16944.98816
16.2000 4 18863.88224
16.3000 4 15749.61152
16.4000 4 15246.29504
16.5000 4 15896.41216
16.6000 4 16357.7856
16.7000 4 15697.18272
16.8000 4 17584.61952
16.9000 4 17039.36
17.0000 4 17521.70496
17.1000 4 17448.30464
17.2000 4 16378.75712
17.3000 4 18308.13696
17.4000 4 17395.87584
17.5000 4 17930.6496
17.6000 4 17741.90592
17.7000 4 19251.85536
17.8000 4 13537.11616
17.9000 4 19472.05632
18.0000 4 15833.4976
18.1000 4 20384.31744
18.2000 4 14040.43264
18.3000 4 19587.39968
18.4000 4 16483.61472
18.5000 4 18947.76832
18.6000 4 16609.44384
18.7000 4 18329.10848
18.8000 4 19220.39808
18.9000 4 15655.23968
19.0000 4 19692.25728
19.1000 4 17154.70336
19.2000 4 19220.39808
19.3000 4 19650.31424
19.4000 4 16326.32832
19.5000 4 19493.02784
19.6000 4 15235.80928
19.7000 4 18591.25248
19.8000 4 15644.75392
19.9000 4 20216.54528
20.0000 4 16630.41536
20.1000 4 18570.28096
20.2000 4 19377.68448
20.3000 4 16787.70176
20.4000 4 19765.6576
20.5000 4 18738.05312
20.6000 4 17427.33312
20.7000 4 17416.84736
20.8000 4 16766.73024
20.9000 4 18580.76672
21.0000 4 18308.13696
21.1000 4 17112.76032
21.2000 4 19314.76992
21.3000 4 20698.89024
21.4000 4 16158.55616
21.5000 4 17773.3632
21.6000 4 17605.59104
21.7000 4 18339.59424
21.8000 4 16179.52768
21.9000 4 19021.16864
22.0000 4 18853.39648
22.1000 4 14606.66368
22.2000 4 17343.44704
22.3000 4 15959.32672
22.4000 4 19744.68608
22.5000 4 18842.91072
22.6000 4 18748.53888
22.7000 4 18192.7936
22.8000 4 15781.0688
22.9000 4 16148.0704
23.0000 4 17909.67808
23.1000 4 16651.38688
23.2000 4 17941.13536
23.3000 4 17542.67648
23.4000 4 17720.9344
23.5000 4 18192.7936
23.6000 4 18350.08
23.7000 4 16735.27296
23.8000 4 19881.00096
23.9000 4 18056.47872
24.0000 4 19681.77152
24.1000 4 15770.58304
24.2000 4 20468.20352
24.3000 4 16011.75552
24.4000 4 19660.8
24.5000 4 16913.53088
24.6000 4 18905.82528
24.7000 4 17353.9328
24.8000 4 17416.84736
24.9000 4 17028.87424
25.0000 4 15896.41216
25.1000 4 19797.11488
25.2000 4 14638.12096
25.3000 4 21128.8064
25.4000 4 15403.58144
25.5000 4 19094.56896
25.6000 4 20237.5168
25.7000 4 14963.17952
25.8000 4 18591.25248
25.9000 4 15267.26656
26.0000 4 18622.70976
26.1000 4 17186.16064
26.2000 4 19063.11168
26.3000 4 19293.7984
26.4000 4 17825.792
26.5000 4 19692.25728
26.6000 4 17018.38848
26.7000 4 19440.59904
26.8000 4 18748.53888
26.9000 4 19325.25568
27.0000 4 20520.63232
27.1000 4 20384.31744
27.2000 4 18255.70816
27.3000 4 18392.02304
27.4000 4 16536.04352
27.5000 4 19272.82688
27.6000 4 18056.47872
27.7000 4 17270.04672
27.8000 4 17941.13536
27.9000 4 18465.42336
28.0000 4 20415.77472
28.1000 4 18717.0816
28.2000 4 21191.72096
28.3000 4 18549.30944
28.4000 4 21390.9504
28.5000 4 19325.25568
28.6000 4 18759.02464
28.7000 4 18832.42496
28.8000 4 17752.39168
28.9000 4 18916.31104
29.0000 4 17983.0784
29.1000 4 19660.8
29.2000 4 17353.9328
29.3000 4 19922.944
29.4000 4 18035.5072
29.5000 4 16190.01344
29.6000 4 18685.62432
29.7000 4 15686.69696
29.8000 4 17301.504
29.9000 4 16148.0704
30.0000 4 19671.28576
30.1000 4 18675.13856
30.2000 4 20195.57376
30.3000 4 16525.55776
30.4000 4 20426.26048
30.5000 4 18045.99296
30.6000 4 17343.44704
30.7000 4 18832.42496
30.8000 4 16661.87264
30.9000 4 19356.71296
31.0000 4 17752.39168
31.1000 4 16032.72704
31.2000 4 18276.67968
31.3000 4 21149.77792
31.4000 4 18601.73824
31.5000 4 19870.5152
31.6000 4 19367.19872
31.7000 4 17584.61952
31.8000 4 19901.97248
31.9000 4 15718.15424
32.0000 4 21254.63552
32.1000 4 17783.84896
32.2000 4 20677.91872
32.3000 4 16913.53088
32.4000 4 20048.77312
32.5000 4 21244.14976
32.6000 4 18958.25408
32.7000 4 20982.00576
32.8000 4 13956.54656
32.9000 4 19325.25568
33.0000 4 17406.3616
33.1000 4 15686.69696
33.2000 4 20069.74464
33.3000 4 18004.04992
33.4000 4 20394.8032
33.5000 4 15938.3552
33.6000 4 17825.792
33.7000 4 19105.05472
33.8000 4 16609.44384
33.9000 4 21328.03584
34.0000 4 16903.04512
34.1000 4 21369.97888
34.2000 4 15875.44064
34.3000 4 19167.96928
34.4000 4 18580.76672
34.5000 4 18402.5088
34.6000 4 18108.90752
34.7000 4 21789.40928
34.8000 4 15351.15264
34.9000 4 19293.7984
35.0000 4 12813.59872
35.1000 4 19901.97248
35.2000 4 15204.352
35.3000 4 20310.91712
35.4000 4 17490.24768
35.5000 4 19828.57216
35.6000 4 20038.28736
35.7000 4 17783.84896
35.8000 4 21181.2352
35.9000 4 12761.16992
36.0000 4 18182.30784
36.1000 4 13914.60352
36.2000 4 20646.46144
36.3000 4 14826.86464
36.4000 4 19503.5136
36.5000 4 16378.75712
36.6000 4 19566.42816
36.7000 4 18339.59424
36.8000 4 17951.62112
36.9000 4 19440.59904
37.0000 4 18727.56736
37.1000 4 19440.59904
37.2000 4 17028.87424
37.3000 4 19220.39808
37.4000 4 17962.10688
37.5000 4 20195.57376
37.6000 4 15917.38368
37.7000 4 18308.13696
37.8000 4 19629.34272
37.9000 4 15770.58304
38.0000 4 19157.48352
38.1000 4 16766.73024
38.2000 4 19105.05472
38.3000 4 18675.13856
38.4000 4 18811.45344
38.5000 4 20143.14496
38.6000 4 16598.95808
38.7000 4 20384.31744
38.8000 4 16326.32832
38.9000 4 19692.25728
39.0000 4 16672.3584
39.1000 4 18580.76672
39.2000 4 19922.944
39.3000 4 17416.84736
39.4000 4 18832.42496
39.5000 4 17448.30464
39.6000 4 18979.2256
39.7000 4 19629.34272
39.8000 4 18098.42176
39.9000 4 19126.02624
40.0000 4 17616.0768
40.1000 4 19430.11328
40.2000 4 18287.16544
40.3000 4 17311.98976
40.4000 4 18947.76832
40.5000 4 18570.28096
40.6000 4 19409.14176
40.7000 4 20562.57536
40.8000 4 18706.59584
40.9000 4 17710.44864
41.0000 4 17490.24768
41.1000 4 19188.9408
41.2000 4 20101.20192
41.3000 4 19996.34432
41.4000 4 16903.04512
41.5000 4 19304.28416
41.6000 4 19251.85536
41.7000 4 21359.49312
41.8000 4 17385.39008
41.9000 4 16577.98656
42.0000 4 18297.6512
42.1000 4 19849.54368
42.2000 4 16001.26976
42.3000 4 19870.5152
42.4000 4 16588.47232
42.5000 4 19692.25728
42.6000 4 18161.33632
42.7000 4 18811.45344
42.8000 4 20132.6592
42.9000 4 15047.0656
43.0000 4 21317.55008
43.1000 4 16735.27296
43.2000 4 21086.86336
43.3000 4 17574.13376
43.4000 4 18675.13856
43.5000 4 19461.57056
43.6000 4 19356.71296
43.7000 4 20331.88864
43.8000 4 17941.13536
43.9000 4 19293.7984
44.0000 4 16672.3584
44.1000 4 17322.47552
44.2000 4 15896.41216
44.3000 4 17364.41856
44.4000 4 14428.40576
44.5000 4 19346.2272
44.6000 4 14197.71904
44.7000 4 19188.9408
44.8000 4 16305.3568
44.9000 4 18350.08
45.0000 4 15539.89632
45.1000 4 18182.30784
45.2000 4 16892.55936
45.3000 4 17951.62112
45.4000 4 16976.44544
45.5000 4 18517.85216
45.6000 4 17301.504
45.7000 4 19293.7984
45.8000 4 19126.02624
45.9000 4 20531.11808
46.0000 4 17427.33312
46.1000 4 20971.52
46.2000 4 17741.90592
46.3000 4 19629.34272
46.4000 4 16525.55776
46.5000 4 10108.27264
