0.1000 4 0.0
0.2000 4 16651.38688
0.3000 4 16892.55936
0.4000 4 13086.22848
0.5000 4 18937.28256
0.6000 4 15225.32352
0.7000 4 19126.02624
0.8000 4 12991.85664
0.9000 4 18790.48192
1.0000 4 12194.93888
1.1000 4 20415.77472
1.2000 4 13621.00224
1.3000 4 20017.31584
1.4000 4 17658.01984
1.5000 4 18612.224
1.6000 4 15592.32512
1.7000 4 21107.83488
1.8000 4 12226.39616
1.9000 4 20268.97408
2.0000 4 15078.52288
2.1000 4 19881.00096
2.2000 4 16924.01664
2.3000 4 18004.04992
2.4000 4 15613.29664
2.5000 4 16735.27296
2.6000 4 17762.87744
2.7000 4 16242.44224
2.8000 4 17374.90432
2.9000 4 17102.27456
3.0000 4 16997.41696
3.1000 4 18329.10848
3.2000 4 18234.73664
3.3000 4 19031.6544
3.4000 4 15623.7824
3.5000 4 19744.68608
3.6000 4 15644.75392
3.7000 4 18654.16704
3.8000 4 16819.15904
3.9000 4 17196.6464
4.0000 4 18528.33792
4.1000 4 16882.0736
4.2000 4 18224.25088
4.3000 4 16577.98656
4.4000 4 18926.7968
4.5000 4 18759.02464
4.6000 4 20111.68768
4.7000 4 17154.70336
4.8000 4 18926.7968
4.9000 4 19251.85536
5.0000 4 16294.87104
5.1000 4 15655.23968
5.2000 4 17962.10688
5.3000 4 17049.84576
5.4000 4 18360.56576
5.5000 4 15812.52608
5.6000 4 18150.85056
5.7000 4 15760.09728
5.8000 4 18832.42496
5.9000 4 18538.82368
6.0000 4 18035.5072
6.1000 4 17332.96128
6.2000 4 18182.30784
6.3000 4 16903.04512
6.4000 4 20132.6592
6.5000 4 17668.5056
6.6000 4 19356.71296
6.7000 4 16410.2144
6.8000 4 18748.53888
6.9000 4 17668.5056
7.0000 4 17783.84896
7.1000 4 16955.47392
7.2000 4 16441.67168
7.3000 4 17469.27616
7.4000 4 19555.9424
7.5000 4 18853.39648
7.6000 4 17605.59104
7.7000 4 16640.90112
7.8000 4 17165.18912
7.9000 4 17584.61952
8.0000 4 20552.0896
8.1000 4 16294.87104
8.2000 4 18381.53728
8.3000 4 17217.61792
8.4000 4 18234.73664
8.5000 4 17374.90432
8.6000 4 18727.56736
8.7000 4 14826.86464
8.8000 4 16462.6432
8.9000 4 18077.45024
9.0000 4 17448.30464
9.1000 4 16357.7856
9.2000 4 20898.11968
9.3000 4 17406.3616
9.4000 4 18350.08
9.5000 4 15518.9248
9.6000 4 19933.42976
9.7000 4 16305.3568
9.8000 4 17374.90432
9.9000 4 17658.01984
10.0000 4 18622.70976
10.1000 4 18591.25248
10.2000 4 15707.66848
10.3000 4 19021.16864
10.4000 4 17647.53408
10.5000 4 18601.73824
10.6000 4 18161.33632
10.7000 4 18402.5088
10.8000 4 19293.7984
10.9000 4 19010.68288
11.0000 4 18591.25248
11.1000 4 16504.58624
11.2000 4 18412.99456
11.3000 4 14554.23488
11.4000 4 20531.11808
11.5000 4 16179.52768
11.6000 4 21128.8064
11.7000 4 15833.4976
11.8000 4 17710.44864
11.9000 4 17406.3616
12.0000 4 14711.52128
12.1000 4 17500.73344
12.2000 4 17133.73184
12.3000 4 19388.17024
12.4000 4 18863.88224
12.5000 4 19335.74144
12.6000 4 19325.25568
12.7000 4 16903.04512
12.8000 4 16504.58624
12.9000 4 18727.56736
13.0000 4 14187.23328
13.1000 4 21149.77792
13.2000 4 16944.98816
13.3000 4 16263.41376
13.4000 4 19146.99776
13.5000 4 16095.6416
13.6000 4 19335.74144
13.7000 4 16724.7872
13.8000 4 20289.9456
13.9000 4 17343.44704
14.0000 4 18329.10848
14.1000 4 19262.34112
14.2000 4 17752.39168
14.3000 4 21023.9488
14.4000 4 17028.87424
14.5000 4 18863.88224
14.6000 4 17217.61792
14.7000 4 20552.0896
14.8000 4 19576.91392
14.9000 4 19472.05632
15.0000 4 17280.53248
15.1000 4 17658.01984
15.2000 4 18454.9376
15.3000 4 19482.54208
15.4000 4 15927.86944
15.5000 4 20237.5168
15.6000 4 16944.98816
15.7000 4 19398.656
15.8000 4 16934.5024
15.9000 4 20489.17504
16.0000 4 16137.58464
16.1000 4 21023.9488
16.2000 4 18423.48032
16.3000 4 18779.99616
16.4000 4 18937.28256
16.5000 4 19922.944
16.6000 4 20688.40448
16.7000 4 19272.82688
16.8000 4 19964.88704
16.9000 4 20038.28736
17.0000 4 18371.05152
17.1000 4 20594.03264
17.2000 4 18696.11008
17.3000 4 20782.77632
17.4000 4 18559.7952
17.5000 4 20898.11968
17.6000 4 19063.11168
17.7000 4 19461.57056
17.8000 4 19178.45504
17.9000 4 18475.90912
18.0000 4 17437.81888
18.1000 4 20887.63392
18.2000 4 20457.71776
18.3000 4 16410.2144
18.4000 4 18077.45024
18.5000 4 18224.25088
18.6000 4 19692.25728
18.7000 4 18842.91072
18.8000 4 18045.99296
18.9000 4 22240.29696
19.0000 4 14816.37888
19.1000 4 22156.41088
19.2000 4 17511.2192
19.3000 4 20227.03104
19.4000 4 18727.56736
19.5000 4 16053.69856
19.6000 4 21883.78112
19.7000 4 17154.70336
19.8000 4 21978.15296
19.9000 4 17804.82048
20.0000 4 18968.73984
20.1000 4 15917.38368
20.2000 4 20447.232
20.3000 4 16043.2128
20.4000 4 20027.8016
20.5000 4 16850.61632
20.6000 4 19084.0832
20.7000 4 19000.19712
20.8000 4 18570.28096
20.9000 4 20352.86016
21.0000 4 18360.56576
21.1000 4 19671.28576
21.2000 4 20352.86016
21.3000 4 16903.04512
21.4000 4 20845.69088
21.5000 4 20101.20192
21.6000 4 20919.0912
21.7000 4 17699.96288
21.8000 4 20552.0896
21.9000 4 18842.91072
22.0000 4 20310.91712
22.1000 4 19314.76992
22.2000 4 17490.24768
22.3000 4 21527.26528
22.4000 4 18916.31104
22.5000 4 21160.26368
22.6000 4 19325.25568
22.7000 4 19115.54048
22.8000 4 19702.74304
22.9000 4 19188.9408
23.0000 4 19545.45664
23.1000 4 19828.57216
23.2000 4 19419.62752
23.3000 4 20887.63392
23.4000 4 19513.99936
23.5000 4 19618.85696
23.6000 4 21265.12128
23.7000 4 14029.94688
23.8000 4 19367.19872
23.9000 4 16001.26976
24.0000 4 18842.91072
24.1000 4 16210.98496
24.2000 4 17951.62112
24.3000 4 17060.33152
24.4000 4 16326.32832
24.5000 4 16861.10208
24.6000 4 18098.42176
24.7000 4 18779.99616
24.8000 4 18318.62272
24.9000 4 17175.67488
25.0000 4 20279.45984
25.1000 4 16221.47072
25.2000 4 19021.16864
25.3000 4 16756.24448
25.4000 4 18643.68128
25.5000 4 18444.45184
25.6000 4 16892.55936
25.7000 4 20782.77632
25.8000 4 12729.71264
25.9000 4 19912.45824
26.0000 4 16640.90112
26.1000 4 19188.9408
26.2000 4 17678.99136
26.3000 4 18129.87904
26.4000 4 17563.648
26.5000 4 17941.13536
26.6000 4 17175.67488
26.7000 4 19167.96928
26.8000 4 19576.91392
26.9000 4 18706.59584
27.0000 4 18591.25248
27.1000 4 20363.34592
27.2000 4 19597.88544
27.3000 4 19335.74144
27.4000 4 19818.0864
27.5000 4 19513.99936
27.6000 4 19126.02624
27.7000 4 18276.67968
27.8000 4 19734.20032
27.9000 4 19839.05792
28.0000 4 17678.99136
28.1000 4 19933.42976
28.2000 4 17416.84736
28.3000 4 17270.04672
28.4000 4 17228.10368
28.5000 4 17406.3616
28.6000 4 17049.84576
28.7000 4 15026.09408
28.8000 4 17458.7904
28.9000 4 16986.9312
29.0000 4 18423.48032
29.1000 4 18129.87904
29.2000 4 18371.05152
29.3000 4 19188.9408
29.4000 4 17731.42016
29.5000 4 18968.73984
29.6000 4 16766.73024
29.7000 4 19010.68288
29.8000 4 16273.89952
29.9000 4 18580.76672
30.0000 4 18119.39328
30.1000 4 18570.28096
30.2000 4 16840.13056
30.3000 4 19943.91552
30.4000 4 17102.27456
30.5000 4 19126.02624
30.6000 4 11901.3376
30.7000 4 19167.96928
30.8000 4 14124.31872
30.9000 4 19702.74304
31.0000 4 16661.87264
31.1000 4 19398.656
31.2000 4 19325.25568
31.3000 4 18968.73984
31.4000 4 19681.77152
31.5000 4 20510.14656
31.6000 4 18350.08
31.7000 4 18612.224
31.8000 4 18675.13856
31.9000 4 17469.27616
32.0000 4 19493.02784
32.1000 4 18706.59584
32.2000 4 17395.87584
32.3000 4 18045.99296
32.4000 4 16011.75552
32.5000 4 18717.0816
32.6000 4 18633.19552
32.7000 4 18486.39488
32.8000 4 19597.88544
32.9000 4 18475.90912
33.0000 4 21097.34912
33.1000 4 18842.91072
33.2000 4 19755.17184
33.3000 4 21317.55008
33.4000 4 17018.38848
33.5000 4 22879.92832
33.6000 4 15267.26656
33.7000 4 20164.11648
33.8000 4 17983.0784
33.9000 4 18853.39648
34.0000 4 21013.46304
34.1000 4 18738.05312
34.2000 4 20824.71936
34.3000 4 16819.15904
34.4000 4 20835.20512
34.5000 4 18507.3664
34.6000 4 18748.53888
34.7000 4 20803.74784
34.8000 4 18056.47872
34.9000 4 22250.78272
35.0000 4 16619.9296
35.1000 4 20069.74464
35.2000 4 18706.59584
35.3000 4 17437.81888
35.4000 4 19828.57216
35.5000 4 17259.56096
35.6000 4 20059.25888
35.7000 4 18203.27936
35.8000 4 20761.8048
35.9000 4 17353.9328
36.0000 4 19566.42816
36.1000 4 17741.90592
36.2000 4 20929.57696
36.3000 4 16850.61632
36.4000 4 21873.29536
36.5000 4 16850.61632
36.6000 4 20751.31904
36.7000 4 17437.81888
36.8000 4 19115.54048
36.9000 4 19021.16864
37.0000 4 17993.56416
37.1000 4 21128.8064
37.2000 4 17521.70496
37.3000 4 21757.952
37.4000 4 18580.76672
37.5000 4 19702.74304
37.6000 4 20206.05952
37.7000 4 18150.85056
37.8000 4 21369.97888
37.9000 4 16567.5008
38.0000 4 19765.6576
38.1000 4 18517.85216
38.2000 4 19430.11328
38.3000 4 20363.34592
38.4000 4 17406.3616
38.5000 4 21716.00896
38.6000 4 17563.648
38.7000 4 20919.0912
38.8000 4 17752.39168
38.9000 4 19713.2288
39.0000 4 18779.99616
39.1000 4 15456.01024
39.2000 4 19629.34272
39.3000 4 18087.936
39.4000 4 19639.82848
39.5000 4 16965.95968
39.6000 4 20185.088
39.7000 4 16693.32992
39.8000 4 20562.57536
39.9000 4 17658.01984
40.0000 4 17584.61952
40.1000 4 18717.0816
40.2000 4 19126.02624
40.3000 4 18140.3648
40.4000 4 18475.90912
40.5000 4 19251.85536
40.6000 4 17416.84736
40.7000 4 18633.19552
40.8000 4 18842.91072
40.9000 4 18035.5072
41.0000 4 18004.04992
41.1000 4 21076.3776
41.2000 4 18025.02144
41.3000 4 20038.28736
41.4000 4 17783.84896
41.5000 4 18360.56576
41.6000 4 20216.54528
41.7000 4 18507.3664
41.8000 4 19094.56896
41.9000 4 17228.10368
42.0000 4 20730.34752
42.1000 4 17018.38848
42.2000 4 19451.0848
42.3000 4 14753.46432
42.4000 4 19262.34112
42.5000 4 16305.3568
42.6000 4 18423.48032
42.7000 4 16504.58624
42.8000 4 19073.59744
42.9000 4 16473.12896
43.0000 4 19451.0848
43.1000 4 18025.02144
43.2000 4 19272.82688
43.3000 4 17133.73184
43.4000 4 18507.3664
43.5000 4 19692.25728
43.6000 4 17102.27456
43.7000 4 19167.96928
43.8000 4 13568.57344
43.9000 4 22062.03904
44.0000 4 16294.87104
44.1000 4 20478.68928
44.2000 4 18926.7968
44.3000 4 19964.88704
44.4000 4 18937.28256
44.5000 4 19042.14016
44.6000 4 20950.54848
44.7000 4 18245.2224
44.8000 4 19178.45504
44.9000 4 16598.95808
45.0000 4 19209.91232
45.1000 4 14438.89152
45.2000 4 20164.11648
45.3000 4 16085.15584
45.4000 4 19639.82848
45.5000 4 16567.5008
45.6000 4 19776.14336
45.7000 4 12792.6272
45.8000 4 3984.5888
