0.1000 4 0.0
0.2000 4 16347.29984
0.3000 4 17385.39008
0.4000 4 10894.70464
0.5000 4 18329.10848
0.6000 4 15068.03712
0.7000 4 20761.8048
0.8000 4 16116.61312
0.9000 4 20436.74624
1.0000 4 17783.84896
1.1000 4 19639.82848
1.2000 4 19482.54208
1.3000 4 21118.32064
1.4000 4 17144.2176
1.5000 4 20447.232
1.6000 4 17133.73184
1.7000 4 19419.62752
1.8000 4 15361.6384
1.9000 4 22345.15456
2.0000 4 14784.9216
2.1000 4 19555.9424
2.2000 4 15560.86784
2.3000 4 19063.11168
2.4000 4 16703.81568
2.5000 4 19000.19712
2.6000 4 18213.76512
2.7000 4 15917.38368
2.8000 4 16347.29984
2.9000 4 19000.19712
3.0000 4 16777.216
3.1000 4 18800.96768
3.2000 4 18779.99616
3.3000 4 19073.59744
3.4000 4 16567.5008
3.5000 4 18916.31104
3.6000 4 18654.16704
3.7000 4 17091.7888
3.8000 4 16840.13056
3.9000 4 16315.84256
4.0000 4 19587.39968
4.1000 4 17678.99136
4.2000 4 19094.56896
4.3000 4 16619.9296
4.4000 4 20898.11968
4.5000 4 17511.2192
4.6000 4 21139.29216
4.7000 4 18171.82208
4.8000 4 18381.53728
4.9000 4 19849.54368
5.0000 4 15089.00864
5.1000 4 20992.49152
5.2000 4 12320.768
5.3000 4 19681.77152
5.4000 4 14176.74752
5.5000 4 21495.808
5.6000 4 15047.0656
5.7000 4 21170.74944
5.8000 4 17689.47712
5.9000 4 21139.29216
6.0000 4 17364.41856
6.1000 4 20709.376
6.2000 4 15833.4976
6.3000 4 19964.88704
6.4000 4 15560.86784
6.5000 4 20740.83328
6.6000 4 16557.01504
6.7000 4 20373.83168
6.8000 4 16158.55616
6.9000 4 20447.232
7.0000 4 15466.496
7.1000 4 19534.97088
7.2000 4 14879.29344
7.3000 4 18549.30944
7.4000 4 11387.53536
7.5000 4 21349.00736
7.6000 4 15277.75232
7.7000 4 19199.42656
7.8000 4 17186.16064
7.9000 4 18475.90912
8.0000 4 17678.99136
8.1000 4 16011.75552
8.2000 4 19073.59744
8.3000 4 16630.41536
8.4000 4 21097.34912
8.5000 4 13673.43104
8.6000 4 21244.14976
8.7000 4 16410.2144
8.8000 4 18245.2224
8.9000 4 19629.34272
9.0000 4 17720.9344
9.1000 4 18842.91072
9.2000 4 19849.54368
9.3000 4 18842.91072
9.4000 4 19860.02944
9.5000 4 17637.04832
9.6000 4 16273.89952
9.7000 4 20730.34752
9.8000 4 15403.58144
9.9000 4 18979.2256
10.0000 4 12215.9104
10.1000 4 18769.5104
10.2000 4 17060.33152
10.3000 4 16661.87264
10.4000 4 18087.936
10.5000 4 15414.0672
10.6000 4 17406.3616
10.7000 4 18905.82528
10.8000 4 16672.3584
10.9000 4 19744.68608
11.0000 4 15330.18112
11.1000 4 19325.25568
11.2000 4 15518.9248
11.3000 4 20017.31584
11.4000 4 16735.27296
11.5000 4 20457.71776
11.6000 4 17091.7888
11.7000 4 19356.71296
11.8000 4 18234.73664
11.9000 4 19377.68448
12.0000 4 17385.39008
12.1000 4 19073.59744
12.2000 4 15518.9248
12.3000 4 17469.27616
12.4000 4 19943.91552
12.5000 4 18423.48032
12.6000 4 18916.31104
12.7000 4 17521.70496
12.8000 4 20268.97408
12.9000 4 15445.52448
13.0000 4 20730.34752
13.1000 4 15005.12256
13.2000 4 18486.39488
13.3000 4 19178.45504
13.4000 4 18947.76832
13.5000 4 19660.8
13.6000 4 18129.87904
13.7000 4 18035.5072
13.8000 4 18119.39328
13.9000 4 15906.89792
14.0000 4 17500.73344
14.1000 4 14145.29024
14.2000 4 21307.06432
14.3000 4 12708.74112
14.4000 4 20059.25888
14.5000 4 15351.15264
14.6000 4 18381.53728
14.7000 4 18811.45344
14.8000 4 18706.59584
14.9000 4 18308.13696
15.0000 4 16473.12896
15.1000 4 17070.81728
15.2000 4 18140.3648
15.3000 4 15718.15424
15.4000 4 17689.47712
15.5000 4 17752.39168
15.6000 4 19262.34112
15.7000 4 17469.27616
15.8000 4 18517.85216
15.9000 4 18077.45024
16.0000 4 19283.31264
16.1000 4 17941.13536
16.2000 4 18203.27936
16.3000 4 18549.30944
16.4000 4 17542.67648
16.5000 4 16494.10048
16.6000 4 17930.6496
16.7000 4 15560.86784
16.8000 4 21307.06432
16.9000 4 12792.6272
17.0000 4 22124.9536
17.1000 4 14711.52128
17.2000 4 16619.9296
17.3000 4 18245.2224
17.4000 4 16546.52928
17.5000 4 19199.42656
17.6000 4 16766.73024
17.7000 4 20132.6592
17.8000 4 14292.09088
17.9000 4 19524.48512
18.0000 4 18276.67968
18.1000 4 17951.62112
18.2000 4 17637.04832
18.3000 4 19241.3696
18.4000 4 16032.72704
18.5000 4 21107.83488
18.6000 4 17385.39008
18.7000 4 18664.6528
18.8000 4 19335.74144
18.9000 4 17228.10368
19.0000 4 18874.368
19.1000 4 19115.54048
19.2000 4 16190.01344
19.3000 4 19115.54048
19.4000 4 15802.04032
19.5000 4 19377.68448
19.6000 4 18161.33632
19.7000 4 18685.62432
19.8000 4 20730.34752
19.9000 4 16965.95968
20.0000 4 21202.20672
20.1000 4 14134.80448
20.2000 4 18171.82208
20.3000 4 15697.18272
20.4000 4 19346.2272
20.5000 4 16892.55936
20.6000 4 16850.61632
20.7000 4 17993.56416
20.8000 4 19052.62592
20.9000 4 17574.13376
21.0000 4 19608.3712
21.1000 4 18266.19392
21.2000 4 16536.04352
21.3000 4 18800.96768
21.4000 4 17605.59104
21.5000 4 18884.85376
21.6000 4 14774.43584
21.7000 4 18958.25408
21.8000 4 19555.9424
21.9000 4 21023.9488
22.0000 4 20321.40288
22.1000 4 16389.24288
22.2000 4 13254.00064
22.3000 4 18360.56576
22.4000 4 16997.41696
22.5000 4 19482.54208
22.6000 4 16294.87104
22.7000 4 17825.792
22.8000 4 18266.19392
22.9000 4 19136.512
23.0000 4 17280.53248
23.1000 4 17668.5056
23.2000 4 18255.70816
23.3000 4 18475.90912
23.4000 4 18706.59584
23.5000 4 17678.99136
23.6000 4 18926.7968
23.7000 4 17542.67648
23.8000 4 18748.53888
23.9000 4 18643.68128
24.0000 4 17888.70656
24.1000 4 19052.62592
24.2000 4 15529.41056
24.3000 4 20300.43136
24.4000 4 14826.86464
24.5000 4 19723.71456
24.6000 4 17909.67808
24.7000 4 20310.91712
24.8000 4 16651.38688
24.9000 4 18433.96608
25.0000 4 18276.67968
25.1000 4 17720.9344
25.2000 4 17511.2192
25.3000 4 20310.91712
25.4000 4 14082.37568
25.5000 4 21055.40608
25.6000 4 11251.22048
25.7000 4 19220.39808
25.8000 4 12561.94048
25.9000 4 19839.05792
26.0000 4 16336.81408
26.1000 4 19461.57056
26.2000 4 18769.5104
26.3000 4 18129.87904
26.4000 4 17112.76032
26.5000 4 17741.90592
26.6000 4 16431.18592
26.7000 4 19167.96928
26.8000 4 19063.11168
26.9000 4 18454.9376
27.0000 4 19807.60064
27.1000 4 20604.5184
27.2000 4 20698.89024
27.3000 4 18465.42336
27.4000 4 18098.42176
27.5000 4 18916.31104
27.6000 4 17374.90432
27.7000 4 18444.45184
27.8000 4 18717.0816
27.9000 4 19503.5136
28.0000 4 19073.59744
28.1000 4 20248.00256
28.2000 4 16861.10208
28.3000 4 16515.072
28.4000 4 20992.49152
28.5000 4 17112.76032
28.6000 4 20562.57536
28.7000 4 17322.47552
28.8000 4 19503.5136
28.9000 4 16326.32832
29.0000 4 19985.85856
29.1000 4 18182.30784
29.2000 4 17332.96128
29.3000 4 20426.26048
29.4000 4 15718.15424
29.5000 4 21181.2352
29.6000 4 16284.38528
29.7000 4 20164.11648
29.8000 4 17521.70496
29.9000 4 22030.58176
30.0000 4 17207.13216
30.1000 4 19713.2288
30.2000 4 18297.6512
30.3000 4 16515.072
30.4000 4 18685.62432
30.5000 4 18664.6528
30.6000 4 19388.17024
30.7000 4 17731.42016
30.8000 4 19524.48512
30.9000 4 18182.30784
31.0000 4 20300.43136
31.1000 4 19545.45664
31.2000 4 19440.59904
31.3000 4 19870.5152
31.4000 4 20730.34752
31.5000 4 18790.48192
31.6000 4 19797.11488
31.7000 4 17689.47712
31.8000 4 17542.67648
31.9000 4 20436.74624
32.0000 4 18224.25088
32.1000 4 20342.3744
32.2000 4 18874.368
32.3000 4 15424.55296
32.4000 4 18454.9376
32.5000 4 19849.54368
32.6000 4 18664.6528
32.7000 4 18842.91072
32.8000 4 20027.8016
32.9000 4 18538.82368
33.0000 4 17647.53408
33.1000 4 18989.71136
33.2000 4 19042.14016
33.3000 4 18077.45024
33.4000 4 20289.9456
33.5000 4 18517.85216
33.6000 4 21380.46464
33.7000 4 17658.01984
33.8000 4 20279.45984
33.9000 4 17406.3616
34.0000 4 20489.17504
34.1000 4 16640.90112
34.2000 4 17406.3616
34.3000 4 16903.04512
34.4000 4 16903.04512
34.5000 4 18633.19552
34.6000 4 18884.85376
34.7000 4 16777.216
34.8000 4 16924.01664
34.9000 4 15707.66848
35.0000 4 17060.33152
35.1000 4 18077.45024
35.2000 4 18800.96768
35.3000 4 16158.55616
35.4000 4 19671.28576
35.5000 4 17595.10528
35.6000 4 18171.82208
35.7000 4 18717.0816
35.8000 4 16368.27136
35.9000 4 19671.28576
36.0000 4 14942.208
36.1000 4 19388.17024
36.2000 4 18916.31104
36.3000 4 18318.62272
36.4000 4 19105.05472
36.5000 4 17102.27456
36.6000 4 17794.33472
36.7000 4 17553.16224
36.8000 4 18098.42176
36.9000 4 15843.98336
37.0000 4 17794.33472
37.1000 4 10024.38656
37.2000 4 20940.06272
37.3000 4 16022.24128
37.4000 4 20499.6608
37.5000 4 16336.81408
37.6000 4 19765.6576
37.7000 4 17280.53248
37.8000 4 18360.56576
37.9000 4 17133.73184
38.0000 4 21023.9488
38.1000 4 19692.25728
38.2000 4 17322.47552
38.3000 4 16640.90112
38.4000 4 17804.82048
38.5000 4 18570.28096
38.6000 4 18245.2224
38.7000 4 17794.33472
38.8000 4 18045.99296
38.9000 4 20803.74784
39.0000 4 16242.44224
39.1000 4 19996.34432
39.2000 4 16630.41536
39.3000 4 20384.31744
39.4000 4 15906.89792
39.5000 4 17993.56416
39.6000 4 18706.59584
39.7000 4 18832.42496
39.8000 4 16986.9312
39.9000 4 20520.63232
40.0000 4 16819.15904
40.1000 4 16986.9312
40.2000 4 19849.54368
40.3000 4 18685.62432
40.4000 4 18958.25408
40.5000 4 16452.15744
40.6000 4 19597.88544
40.7000 4 16798.18752
40.8000 4 19367.19872
40.9000 4 19881.00096
41.0000 4 17825.792
41.1000 4 20436.74624
41.2000 4 17584.61952
41.3000 4 18821.9392
41.4000 4 16997.41696
41.5000 4 20331.88864
41.6000 4 18276.67968
41.7000 4 19367.19872
41.8000 4 18318.62272
41.9000 4 17238.58944
42.0000 4 19126.02624
42.1000 4 15246.29504
42.2000 4 18748.53888
42.3000 4 18182.30784
42.4000 4 19220.39808
42.5000 4 16714.30144
42.6000 4 18045.99296
42.7000 4 16043.2128
42.8000 4 18842.91072
42.9000 4 17941.13536
43.0000 4 20478.68928
43.1000 4 16997.41696
43.2000 4 17018.38848
43.3000 4 17972.59264
43.4000 4 19870.5152
43.5000 4 16577.98656
43.6000 4 19188.9408
43.7000 4 17249.0752
43.8000 4 21317.55008
43.9000 4 19010.68288
44.0000 4 20206.05952
44.1000 4 17867.73504
44.2000 4 20656.9472
44.3000 4 21957.18144
44.4000 4 17794.33472
44.5000 4 21579.69408
44.6000 4 18381.53728
44.7000 4 19209.91232
44.8000 4 20761.8048
44.9000 4 16326.32832
45.0000 4 20342.3744
45.1000 4 16924.01664
45.2000 4 19629.34272
45.3000 4 18832.42496
45.4000 4 19105.05472
45.5000 4 16955.47392
45.6000 4 18056.47872
45.7000 4 17741.90592
45.8000 4 20709.376
45.9000 4 16179.52768
46.0000 4 21160.26368
46.1000 4 15508.43904
46.2000 4 16651.38688
46.3000 4 6448.7424
