0.1000 4 0.0
0.2000 4 12907.97056
0.3000 4 18255.70816
0.4000 4 13925.08928
0.5000 4 20279.45984
0.6000 4 9730.78528
0.7000 4 18958.25408
0.8000 4 13851.68896
0.9000 4 18654.16704
1.0000 4 15109.98016
1.1000 4 19587.39968
1.2000 4 15214.83776
1.3000 4 19272.82688
1.4000 4 14973.66528
1.5000 4 20038.28736
1.6000 4 18339.59424
1.7000 4 18591.25248
1.8000 4 16882.0736
1.9000 4 18423.48032
2.0000 4 15015.60832
2.1000 4 20289.9456
2.2000 4 16892.55936
2.3000 4 18119.39328
2.4000 4 18119.39328
2.5000 4 16221.47072
2.6000 4 18811.45344
2.7000 4 18706.59584
2.8000 4 18329.10848
2.9000 4 20698.89024
3.0000 4 16127.09888
3.1000 4 21107.83488
3.2000 4 18287.16544
3.3000 4 20373.83168
3.4000 4 19660.8
3.5000 4 16819.15904
3.6000 4 18454.9376
3.7000 4 16661.87264
3.8000 4 15497.95328
3.9000 4 19000.19712
4.0000 4 14585.69216
4.1000 4 20520.63232
4.2000 4 12079.59552
4.3000 4 20625.48992
4.4000 4 14250.14784
4.5000 4 20677.91872
4.6000 4 14659.09248
4.7000 4 17458.7904
4.8000 4 15005.12256
4.9000 4 17018.38848
5.0000 4 17070.81728
5.1000 4 18318.62272
5.2000 4 19629.34272
5.3000 4 17070.81728
5.4000 4 19241.3696
5.5000 4 18433.96608
5.6000 4 20153.63072
5.7000 4 15718.15424
5.8000 4 19377.68448
5.9000 4 18507.3664
6.0000 4 17332.96128
6.1000 4 19912.45824
6.2000 4 15068.03712
6.3000 4 19566.42816
6.4000 4 18496.88064
6.5000 4 18350.08
6.6000 4 19440.59904
6.7000 4 15718.15424
6.8000 4 17951.62112
6.9000 4 17993.56416
7.0000 4 16882.0736
7.1000 4 15550.38208
7.2000 4 18937.28256
7.3000 4 17972.59264
7.4000 4 16221.47072
7.5000 4 17595.10528
7.6000 4 18108.90752
7.7000 4 17427.33312
7.8000 4 18863.88224
7.9000 4 19451.0848
8.0000 4 16473.12896
8.1000 4 20174.60224
8.2000 4 16431.18592
8.3000 4 18066.96448
8.4000 4 17458.7904
8.5000 4 17899.19232
8.6000 4 18622.70976
8.7000 4 17825.792
8.8000 4 20520.63232
8.9000 4 18947.76832
9.0000 4 19377.68448
9.1000 4 18077.45024
9.2000 4 19335.74144
9.3000 4 16829.6448
9.4000 4 19136.512
9.5000 4 16085.15584
9.6000 4 19084.0832
9.7000 4 17081.30304
9.8000 4 17595.10528
9.9000 4 18926.7968
10.0000 4 17364.41856
10.1000 4 18171.82208
10.2000 4 19367.19872
10.3000 4 19870.5152
10.4000 4 18811.45344
10.5000 4 20195.57376
10.6000 4 17699.96288
10.7000 4 20520.63232
10.8000 4 17836.27776
10.9000 4 19241.3696
11.0000 4 16347.29984
11.1000 4 17972.59264
11.2000 4 16986.9312
11.3000 4 16903.04512
11.4000 4 18402.5088
11.5000 4 18559.7952
11.6000 4 17301.504
11.7000 4 16924.01664
11.8000 4 18465.42336
11.9000 4 15089.00864
12.0000 4 16787.70176
12.1000 4 12215.9104
12.2000 4 21789.40928
12.3000 4 14931.72224
12.4000 4 20677.91872
12.5000 4 16106.12736
12.6000 4 21223.17824
12.7000 4 13054.7712
12.8000 4 20877.14816
12.9000 4 12803.11296
13.0000 4 16693.32992
13.1000 4 16441.67168
13.2000 4 17521.70496
13.3000 4 17542.67648
13.4000 4 18779.99616
13.5000 4 18643.68128
13.6000 4 19618.85696
13.7000 4 18916.31104
13.8000 4 18580.76672
13.9000 4 18549.30944
14.0000 4 20793.26208
14.1000 4 17479.76192
14.2000 4 20384.31744
14.3000 4 18549.30944
14.4000 4 21107.83488
14.5000 4 19545.45664
14.6000 4 18717.0816
14.7000 4 21485.32224
14.8000 4 16882.0736
14.9000 4 21716.00896
15.0000 4 16525.55776
15.1000 4 20803.74784
15.2000 4 17605.59104
15.3000 4 19964.88704
15.4000 4 18727.56736
15.5000 4 19335.74144
15.6000 4 21034.43456
15.7000 4 17238.58944
15.8000 4 19723.71456
15.9000 4 16588.47232
16.0000 4 20898.11968
16.1000 4 19818.0864
16.2000 4 19933.42976
16.3000 4 18748.53888
16.4000 4 16661.87264
16.5000 4 18171.82208
16.6000 4 20552.0896
16.7000 4 17804.82048
16.8000 4 19356.71296
16.9000 4 17563.648
17.0000 4 19356.71296
17.1000 4 21275.60704
17.2000 4 17983.0784
17.3000 4 19618.85696
17.4000 4 18947.76832
17.5000 4 20384.31744
17.6000 4 18423.48032
17.7000 4 17553.16224
17.8000 4 16965.95968
17.9000 4 15812.52608
18.0000 4 18454.9376
18.1000 4 14606.66368
18.2000 4 19199.42656
18.3000 4 15539.89632
18.4000 4 18339.59424
18.5000 4 17301.504
18.6000 4 20468.20352
18.7000 4 17154.70336
18.8000 4 19367.19872
18.9000 4 17521.70496
19.0000 4 17888.70656
19.1000 4 19356.71296
19.2000 4 16787.70176
19.3000 4 18821.9392
19.4000 4 17049.84576
19.5000 4 18559.7952
19.6000 4 15109.98016
19.7000 4 22114.46784
19.8000 4 13946.0608
19.9000 4 21548.2368
20.0000 4 19052.62592
20.1000 4 19052.62592
20.2000 4 20436.74624
20.3000 4 17773.3632
20.4000 4 20111.68768
20.5000 4 18486.39488
20.6000 4 18266.19392
20.7000 4 19985.85856
20.8000 4 18633.19552
20.9000 4 20468.20352
21.0000 4 18381.53728
21.1000 4 17028.87424
21.2000 4 20342.3744
21.3000 4 16085.15584
21.4000 4 19891.48672
21.5000 4 16116.61312
21.6000 4 21212.69248
21.7000 4 13463.71584
21.8000 4 18622.70976
21.9000 4 16043.2128
22.0000 4 19954.40128
22.1000 4 17563.648
22.2000 4 19335.74144
22.3000 4 16252.928
22.4000 4 19430.11328
22.5000 4 16651.38688
22.6000 4 19860.02944
22.7000 4 18318.62272
22.8000 4 20059.25888
22.9000 4 20069.74464
23.0000 4 19409.14176
23.1000 4 18255.70816
23.2000 4 18643.68128
23.3000 4 17951.62112
23.4000 4 21967.6672
23.5000 4 17794.33472
23.6000 4 19451.0848
23.7000 4 20436.74624
23.8000 4 15172.89472
23.9000 4 18360.56576
24.0000 4 16808.67328
24.1000 4 19513.99936
24.2000 4 15309.2096
24.3000 4 18339.59424
24.4000 4 17280.53248
24.5000 4 16252.928
24.6000 4 18402.5088
24.7000 4 17920.16384
24.8000 4 20615.00416
24.9000 4 16483.61472
25.0000 4 18790.48192
25.1000 4 18255.70816
25.2000 4 20164.11648
25.3000 4 18811.45344
25.4000 4 19335.74144
25.5000 4 14711.52128
25.6000 4 19230.88384
25.7000 4 18150.85056
25.8000 4 18748.53888
25.9000 4 19702.74304
26.0000 4 16609.44384
26.1000 4 18318.62272
26.2000 4 17741.90592
26.3000 4 17081.30304
26.4000 4 19230.88384
26.5000 4 16064.18432
26.6000 4 19629.34272
26.7000 4 17930.6496
26.8000 4 18769.5104
26.9000 4 19975.3728
27.0000 4 17626.56256
27.1000 4 18192.7936
27.2000 4 17500.73344
27.3000 4 20740.83328
27.4000 4 16273.89952
27.5000 4 20153.63072
27.6000 4 15802.04032
27.7000 4 19262.34112
27.8000 4 19786.62912
27.9000 4 17458.7904
28.0000 4 19545.45664
28.1000 4 15508.43904
28.2000 4 20919.0912
28.3000 4 17490.24768
28.4000 4 19786.62912
28.5000 4 20027.8016
28.6000 4 17762.87744
28.7000 4 21495.808
28.8000 4 18014.53568
28.9000 4 18392.02304
29.0000 4 17479.76192
29.1000 4 15875.44064
29.2000 4 19671.28576
29.3000 4 17049.84576
29.4000 4 19765.6576
29.5000 4 17825.792
29.6000 4 21328.03584
29.7000 4 18874.368
29.8000 4 20447.232
29.9000 4 19000.19712
30.0000 4 21401.43616
30.1000 4 19776.14336
30.2000 4 19776.14336
30.3000 4 20027.8016
30.4000 4 18905.82528
30.5000 4 19629.34272
30.6000 4 18056.47872
30.7000 4 19440.59904
30.8000 4 18287.16544
30.9000 4 16819.15904
31.0000 4 19178.45504
31.1000 4 16903.04512
31.2000 4 20919.0912
31.3000 4 17605.59104
31.4000 4 20059.25888
31.5000 4 19954.40128
31.6000 4 18643.68128
31.7000 4 18759.02464
31.8000 4 18685.62432
31.9000 4 19702.74304
32.0000 4 15676.2112
32.1000 4 16399.72864
32.2000 4 14868.80768
32.3000 4 17511.2192
32.4000 4 17091.7888
32.5000 4 17196.6464
32.6000 4 18559.7952
32.7000 4 15277.75232
32.8000 4 19493.02784
32.9000 4 16588.47232
33.0000 4 18989.71136
33.1000 4 18717.0816
33.2000 4 16210.98496
33.3000 4 20227.03104
33.4000 4 17563.648
33.5000 4 18706.59584
33.6000 4 19671.28576
33.7000 4 16043.2128
33.8000 4 19954.40128
33.9000 4 18465.42336
34.0000 4 18706.59584
34.1000 4 18863.88224
34.2000 4 17647.53408
34.3000 4 20352.86016
34.4000 4 18245.2224
34.5000 4 17899.19232
34.6000 4 17228.10368
34.7000 4 18318.62272
34.8000 4 18706.59584
34.9000 4 19272.82688
35.0000 4 18412.99456
35.1000 4 19891.48672
35.2000 4 18224.25088
35.3000 4 19409.14176
35.4000 4 19849.54368
35.5000 4 17175.67488
35.6000 4 18968.73984
35.7000 4 19839.05792
35.8000 4 20279.45984
35.9000 4 19167.96928
36.0000 4 20258.48832
36.1000 4 19283.31264
36.2000 4 20751.31904
36.3000 4 18035.5072
36.4000 4 19377.68448
36.5000 4 19513.99936
36.6000 4 17311.98976
36.7000 4 21296.57856
36.8000 4 16651.38688
36.9000 4 22072.5248
37.0000 4 16473.12896
37.1000 4 20677.91872
37.2000 4 18339.59424
37.3000 4 18035.5072
37.4000 4 20740.83328
37.5000 4 16808.67328
37.6000 4 20961.03424
37.7000 4 14858.32192
37.8000 4 19251.85536
37.9000 4 16231.95648
38.0000 4 19671.28576
38.1000 4 15864.95488
38.2000 4 16693.32992
38.3000 4 16368.27136
38.4000 4 19545.45664
38.5000 4 17133.73184
38.6000 4 17972.59264
38.7000 4 18360.56576
38.8000 4 18077.45024
38.9000 4 19660.8
39.0000 4 18570.28096
39.1000 4 18706.59584
39.2000 4 18203.27936
39.3000 4 18035.5072
39.4000 4 17962.10688
39.5000 4 15644.75392
39.6000 4 19398.656
39.7000 4 16032.72704
39.8000 4 20929.57696
39.9000 4 17406.3616
40.0000 4 21328.03584
40.1000 4 18392.02304
40.2000 4 18454.9376
40.3000 4 20164.11648
40.4000 4 16064.18432
40.5000 4 21202.20672
40.6000 4 18266.19392
40.7000 4 20646.46144
40.8000 4 18979.2256
40.9000 4 19734.20032
41.0000 4 18161.33632
41.1000 4 21820.86656
41.2000 4 16955.47392
41.3000 4 21757.952
41.4000 4 14281.60512
41.5000 4 20835.20512
41.6000 4 15686.69696
41.7000 4 19723.71456
41.8000 4 16452.15744
41.9000 4 18748.53888
42.0000 4 14627.6352
42.1000 4 17983.0784
42.2000 4 15770.58304
42.3000 4 17762.87744
42.4000 4 18811.45344
42.5000 4 16892.55936
42.6000 4 19901.97248
42.7000 4 17783.84896
42.8000 4 19776.14336
42.9000 4 15225.32352
43.0000 4 19881.00096
43.1000 4 16903.04512
43.2000 4 19031.6544
43.3000 4 17825.792
43.4000 4 17458.7904
43.5000 4 19472.05632
43.6000 4 18591.25248
43.7000 4 19650.31424
43.8000 4 18150.85056
43.9000 4 19639.82848
44.0000 4 19209.91232
44.1000 4 19629.34272
44.2000 4 19744.68608
44.3000 4 20227.03104
44.4000 4 20552.0896
44.5000 4 19346.2272
44.6000 4 17899.19232
44.7000 4 18392.02304
44.8000 4 19251.85536
44.9000 4 18444.45184
45.0000 4 18821.9392
45.1000 4 18025.02144
45.2000 4 19167.96928
45.3000 4 18559.7952
45.4000 4 15990.784
45.5000 4 19797.11488
45.6000 4 17773.3632
45.7000 4 19021.16864
45.8000 4 14826.86464
45.9000 4 7077.888
