0.1000 4 0.0
0.2000 4 20027.8016
0.3000 4 14659.09248
0.4000 4 13065.25696
0.5000 4 19367.19872
0.6000 4 14984.15104
0.7000 4 18350.08
0.8000 4 16714.30144
0.9000 4 19209.91232
1.0000 4 18570.28096
1.1000 4 18580.76672
1.2000 4 17574.13376
1.3000 4 18842.91072
1.4000 4 17259.56096
1.5000 4 14302.57664
1.6000 4 18245.2224
1.7000 4 17815.30624
1.8000 4 18098.42176
1.9000 4 17731.42016
2.0000 4 19576.91392
2.1000 4 17039.36
2.2000 4 20090.71616
2.3000 4 16882.0736
2.4000 4 18182.30784
2.5000 4 16619.9296
2.6000 4 17532.19072
2.7000 4 19063.11168
2.8000 4 18402.5088
2.9000 4 19660.8
3.0000 4 17385.39008
3.1000 4 17395.87584
3.2000 4 18119.39328
3.3000 4 16934.5024
3.4000 4 19881.00096
3.5000 4 13233.02912
3.6000 4 19723.71456
3.7000 4 16504.58624
3.8000 4 18423.48032
3.9000 4 19493.02784
4.0000 4 16305.3568
4.1000 4 16536.04352
4.2000 4 14564.72064
4.3000 4 19199.42656
4.4000 4 16137.58464
4.5000 4 17930.6496
4.6000 4 16515.072
4.7000 4 19126.02624
4.8000 4 18381.53728
4.9000 4 17353.9328
5.0000 4 18905.82528
5.1000 4 14784.9216
5.2000 4 19996.34432
5.3000 4 15089.00864
5.4000 4 18947.76832
5.5000 4 15319.69536
5.6000 4 13138.65728
5.7000 4 21862.8096
5.8000 4 12907.97056
5.9000 4 19419.62752
6.0000 4 15802.04032
6.1000 4 18255.70816
6.2000 4 12530.4832
6.3000 4 18612.224
6.4000 4 10632.56064
6.5000 4 20877.14816
6.6000 4 12897.4848
6.7000 4 20080.2304
6.8000 4 14564.72064
6.9000 4 17270.04672
7.0000 4 18832.42496
7.1000 4 17616.0768
7.2000 4 18066.96448
7.3000 4 15047.0656
7.4000 4 19063.11168
7.5000 4 14407.43424
7.6000 4 20331.88864
7.7000 4 15760.09728
7.8000 4 19409.14176
7.9000 4 16148.0704
8.0000 4 18402.5088
8.1000 4 16473.12896
8.2000 4 17857.24928
8.3000 4 16231.95648
8.4000 4 17731.42016
8.5000 4 17710.44864
8.6000 4 17144.2176
8.7000 4 16368.27136
8.8000 4 18444.45184
8.9000 4 16871.58784
9.0000 4 16861.10208
9.1000 4 18800.96768
9.2000 4 18633.19552
9.3000 4 18465.42336
9.4000 4 19587.39968
9.5000 4 18612.224
9.6000 4 19870.5152
9.7000 4 17899.19232
9.8000 4 18004.04992
9.9000 4 16924.01664
10.0000 4 18287.16544
10.1000 4 17899.19232
10.2000 4 18853.39648
10.3000 4 19587.39968
10.4000 4 12656.31232
10.5000 4 21422.40768
10.6000 4 14722.00704
10.7000 4 19314.76992
10.8000 4 15099.4944
10.9000 4 20677.91872
11.0000 4 16441.67168
11.1000 4 19534.97088
11.2000 4 11167.3344
11.3000 4 17689.47712
11.4000 4 15015.60832
11.5000 4 18832.42496
11.6000 4 17574.13376
11.7000 4 17909.67808
11.8000 4 17899.19232
11.9000 4 17270.04672
12.0000 4 17899.19232
12.1000 4 14669.57824
12.2000 4 20667.43296
12.3000 4 17437.81888
12.4000 4 19178.45504
12.5000 4 18161.33632
12.6000 4 20017.31584
12.7000 4 18308.13696
12.8000 4 19629.34272
12.9000 4 20174.60224
13.0000 4 19922.944
13.1000 4 18371.05152
13.2000 4 17458.7904
13.3000 4 16085.15584
13.4000 4 17542.67648
13.5000 4 18958.25408
13.6000 4 18538.82368
13.7000 4 16231.95648
13.8000 4 18066.96448
13.9000 4 17762.87744
14.0000 4 18895.33952
14.1000 4 16924.01664
14.2000 4 19367.19872
14.3000 4 20101.20192
14.4000 4 16829.6448
14.5000 4 16903.04512
14.6000 4 17427.33312
14.7000 4 19283.31264
14.8000 4 16389.24288
14.9000 4 18444.45184
15.0000 4 18224.25088
15.1000 4 16263.41376
15.2000 4 17091.7888
15.3000 4 15770.58304
15.4000 4 20059.25888
15.5000 4 19734.20032
15.6000 4 21149.77792
15.7000 4 19346.2272
15.8000 4 19220.39808
15.9000 4 19188.9408
16.0000 4 20677.91872
16.1000 4 17259.56096
16.2000 4 20038.28736
16.3000 4 20331.88864
16.4000 4 18549.30944
16.5000 4 18444.45184
16.6000 4 19503.5136
16.7000 4 19419.62752
16.8000 4 20310.91712
16.9000 4 18087.936
17.0000 4 16965.95968
17.1000 4 19587.39968
17.2000 4 17773.3632
17.3000 4 17752.39168
17.4000 4 20132.6592
17.5000 4 16106.12736
17.6000 4 19692.25728
17.7000 4 17186.16064
17.8000 4 17563.648
17.9000 4 19901.97248
18.0000 4 17112.76032
18.1000 4 21296.57856
18.2000 4 15225.32352
18.3000 4 20237.5168
18.4000 4 14428.40576
18.5000 4 19818.0864
18.6000 4 18706.59584
18.7000 4 17804.82048
18.8000 4 17878.2208
18.9000 4 18591.25248
19.0000 4 18392.02304
19.1000 4 16200.4992
19.2000 4 18433.96608
19.3000 4 17322.47552
19.4000 4 19755.17184
19.5000 4 18224.25088
19.6000 4 17490.24768
19.7000 4 20153.63072
19.8000 4 18360.56576
19.9000 4 18821.9392
20.0000 4 19126.02624
20.1000 4 18486.39488
20.2000 4 18496.88064
20.3000 4 18989.71136
20.4000 4 19220.39808
20.5000 4 16745.75872
20.6000 4 16619.9296
20.7000 4 18696.11008
20.8000 4 17584.61952
20.9000 4 19472.05632
21.0000 4 18811.45344
21.1000 4 18350.08
21.2000 4 18035.5072
21.3000 4 19597.88544
21.4000 4 15948.84096
21.5000 4 18570.28096
21.6000 4 17553.16224
21.7000 4 19860.02944
21.8000 4 18517.85216
21.9000 4 17144.2176
22.0000 4 19031.6544
22.1000 4 14680.064
22.2000 4 20961.03424
22.3000 4 16630.41536
22.4000 4 18748.53888
22.5000 4 17311.98976
22.6000 4 19493.02784
22.7000 4 16127.09888
22.8000 4 19870.5152
22.9000 4 18895.33952
23.0000 4 19042.14016
23.1000 4 17207.13216
23.2000 4 16924.01664
23.3000 4 19786.62912
23.4000 4 16567.5008
23.5000 4 20625.48992
23.6000 4 18612.224
23.7000 4 20688.40448
23.8000 4 17678.99136
23.9000 4 20090.71616
24.0000 4 17238.58944
24.1000 4 19325.25568
24.2000 4 18412.99456
24.3000 4 18465.42336
24.4000 4 20101.20192
24.5000 4 18339.59424
24.6000 4 20919.0912
24.7000 4 17280.53248
24.8000 4 19797.11488
24.9000 4 19157.48352
25.0000 4 16924.01664
25.1000 4 20415.77472
25.2000 4 16840.13056
25.3000 4 20520.63232
25.4000 4 17930.6496
25.5000 4 16630.41536
25.6000 4 18182.30784
25.7000 4 19220.39808
25.8000 4 20919.0912
25.9000 4 18863.88224
26.0000 4 18056.47872
26.1000 4 18675.13856
26.2000 4 18412.99456
26.3000 4 19786.62912
26.4000 4 15812.52608
26.5000 4 19178.45504
26.6000 4 15676.2112
26.7000 4 17521.70496
26.8000 4 18108.90752
26.9000 4 18129.87904
27.0000 4 18717.0816
27.1000 4 18203.27936
27.2000 4 17165.18912
27.3000 4 16724.7872
27.4000 4 18570.28096
27.5000 4 17395.87584
27.6000 4 17311.98976
27.7000 4 16955.47392
27.8000 4 18958.25408
27.9000 4 15560.86784
28.0000 4 18654.16704
28.1000 4 18035.5072
28.2000 4 18622.70976
28.3000 4 19943.91552
28.4000 4 19157.48352
28.5000 4 19608.3712
28.6000 4 17332.96128
28.7000 4 18633.19552
28.8000 4 17448.30464
28.9000 4 18056.47872
29.0000 4 15812.52608
29.1000 4 18454.9376
29.2000 4 16777.216
29.3000 4 20615.00416
29.4000 4 16242.44224
29.5000 4 18643.68128
29.6000 4 17741.90592
29.7000 4 18475.90912
29.8000 4 18738.05312
29.9000 4 17637.04832
30.0000 4 19409.14176
30.1000 4 15896.41216
30.2000 4 19503.5136
30.3000 4 18098.42176
30.4000 4 20090.71616
30.5000 4 17007.90272
30.6000 4 20845.69088
30.7000 4 17353.9328
30.8000 4 18979.2256
30.9000 4 18685.62432
31.0000 4 18423.48032
31.1000 4 19734.20032
31.2000 4 17825.792
31.3000 4 20562.57536
31.4000 4 17479.76192
31.5000 4 21170.74944
31.6000 4 19199.42656
31.7000 4 19209.91232
31.8000 4 20090.71616
31.9000 4 16252.928
32.0000 4 21181.2352
32.1000 4 14931.72224
32.2000 4 21139.29216
32.3000 4 13065.25696
32.4000 4 20227.03104
32.5000 4 16284.38528
32.6000 4 21076.3776
32.7000 4 18056.47872
32.8000 4 19440.59904
32.9000 4 20027.8016
33.0000 4 15938.3552
33.1000 4 19744.68608
33.2000 4 17616.0768
33.3000 4 21107.83488
33.4000 4 18234.73664
33.5000 4 18905.82528
33.6000 4 18140.3648
33.7000 4 20394.8032
33.8000 4 15980.29824
33.9000 4 20845.69088
34.0000 4 16263.41376
34.1000 4 20038.28736
34.2000 4 21149.77792
34.3000 4 17542.67648
34.4000 4 21181.2352
34.5000 4 19681.77152
34.6000 4 20594.03264
34.7000 4 17899.19232
34.8000 4 17815.30624
34.9000 4 17060.33152
35.0000 4 18329.10848
35.1000 4 19702.74304
35.2000 4 18140.3648
35.3000 4 18989.71136
35.4000 4 19230.88384
35.5000 4 16305.3568
35.6000 4 20038.28736
35.7000 4 17196.6464
35.8000 4 20468.20352
35.9000 4 16682.84416
36.0000 4 17815.30624
36.1000 4 20164.11648
36.2000 4 17280.53248
36.3000 4 20206.05952
36.4000 4 19157.48352
36.5000 4 18842.91072
36.6000 4 20436.74624
36.7000 4 14669.57824
36.8000 4 19419.62752
36.9000 4 14302.57664
37.0000 4 17983.0784
37.1000 4 19681.77152
37.2000 4 18570.28096
37.3000 4 16798.18752
37.4000 4 19084.0832
37.5000 4 19860.02944
37.6000 4 14690.54976
37.7000 4 20394.8032
37.8000 4 15529.41056
37.9000 4 19566.42816
38.0000 4 18444.45184
38.1000 4 17899.19232
38.2000 4 18779.99616
38.3000 4 17018.38848
38.4000 4 17322.47552
38.5000 4 18790.48192
38.6000 4 19776.14336
38.7000 4 20373.83168
38.8000 4 20782.77632
38.9000 4 19419.62752
39.0000 4 19681.77152
39.1000 4 15980.29824
39.2000 4 19681.77152
39.3000 4 15697.18272
39.4000 4 20069.74464
39.5000 4 11943.28064
39.6000 4 19451.0848
39.7000 4 17133.73184
39.8000 4 19650.31424
39.9000 4 17437.81888
40.0000 4 18937.28256
40.1000 4 18507.3664
40.2000 4 18182.30784
40.3000 4 19167.96928
40.4000 4 17626.56256
40.5000 4 19230.88384
40.6000 4 17458.7904
40.7000 4 17332.96128
40.8000 4 19409.14176
40.9000 4 19031.6544
41.0000 4 19734.20032
41.1000 4 19335.74144
41.2000 4 20248.00256
41.3000 4 19555.9424
41.4000 4 18738.05312
41.5000 4 21432.89344
41.6000 4 16619.9296
41.7000 4 21286.0928
41.8000 4 17825.792
41.9000 4 17049.84576
42.0000 4 19597.88544
42.1000 4 17511.2192
42.2000 4 19765.6576
42.3000 4 15990.784
42.4000 4 18958.25408
42.5000 4 18192.7936
42.6000 4 19650.31424
42.7000 4 15214.83776
42.8000 4 19713.2288
42.9000 4 13526.6304
43.0000 4 19325.25568
43.1000 4 16944.98816
43.2000 4 18287.16544
43.3000 4 21244.14976
43.4000 4 16347.29984
43.5000 4 21202.20672
43.6000 4 15130.95168
43.7000 4 19052.62592
43.8000 4 17291.01824
43.9000 4 20122.17344
44.0000 4 19797.11488
44.1000 4 19146.99776
44.2000 4 20017.31584
44.3000 4 19241.3696
44.4000 4 20845.69088
44.5000 4 17605.59104
44.6000 4 18454.9376
44.7000 4 17532.19072
44.8000 4 19031.6544
44.9000 4 18402.5088
45.0000 4 15917.38368
45.1000 4 17490.24768
45.2000 4 19209.91232
45.3000 4 18056.47872
45.4000 4 21107.83488
45.5000 4 17825.792
45.6000 4 20258.48832
45.7000 4 14816.37888
45.8000 4 17773.3632
45.9000 4 16336.81408
46.0000 4 16452.15744
46.1000 4 15885.9264
46.2000 4 12100.56704
46.3000 4 2076.18048
