0.1000 4 0.0
0.2000 4 15581.83936
0.3000 4 16106.12736
0.4000 4 14648.60672
0.5000 4 17689.47712
0.6000 4 20415.77472
0.7000 4 17972.59264
0.8000 4 18790.48192
0.9000 4 17668.5056
1.0000 4 20038.28736
1.1000 4 15906.89792
1.2000 4 19188.9408
1.3000 4 19115.54048
1.4000 4 17616.0768
1.5000 4 20090.71616
1.6000 4 16525.55776
1.7000 4 21086.86336
1.8000 4 16756.24448
1.9000 4 20709.376
2.0000 4 17112.76032
2.1000 4 19146.99776
2.2000 4 18192.7936
2.3000 4 19828.57216
2.4000 4 17133.73184
2.5000 4 18496.88064
2.6000 4 17322.47552
2.7000 4 19146.99776
2.8000 4 17458.7904
2.9000 4 19314.76992
3.0000 4 18287.16544
3.1000 4 19807.60064
3.2000 4 15445.52448
3.3000 4 16703.81568
3.4000 4 17479.76192
3.5000 4 17102.27456
3.6000 4 20080.2304
3.7000 4 14355.00544
3.8000 4 18874.368
3.9000 4 16682.84416
4.0000 4 19094.56896
4.1000 4 16431.18592
4.2000 4 20027.8016
4.3000 4 17521.70496
4.4000 4 18496.88064
4.5000 4 21055.40608
4.6000 4 17731.42016
4.7000 4 20363.34592
4.8000 4 17563.648
4.9000 4 18738.05312
5.0000 4 17291.01824
5.1000 4 19608.3712
5.2000 4 17322.47552
5.3000 4 19912.45824
5.4000 4 13453.23008
5.5000 4 19534.97088
5.6000 4 13862.17472
5.7000 4 19681.77152
5.8000 4 16043.2128
5.9000 4 17993.56416
6.0000 4 18549.30944
6.1000 4 19818.0864
6.2000 4 16903.04512
6.3000 4 20268.97408
6.4000 4 16536.04352
6.5000 4 20562.57536
6.6000 4 17479.76192
6.7000 4 20908.60544
6.8000 4 17458.7904
6.9000 4 17658.01984
7.0000 4 15697.18272
7.1000 4 17479.76192
7.2000 4 15948.84096
7.3000 4 21139.29216
7.4000 4 18706.59584
7.5000 4 19409.14176
7.6000 4 16473.12896
7.7000 4 17364.41856
7.8000 4 20793.26208
7.9000 4 16368.27136
8.0000 4 20090.71616
8.1000 4 15015.60832
8.2000 4 18989.71136
8.3000 4 17102.27456
8.4000 4 19010.68288
8.5000 4 18245.2224
8.6000 4 17647.53408
8.7000 4 17720.9344
8.8000 4 15340.66688
8.9000 4 15330.18112
9.0000 4 17343.44704
9.1000 4 19629.34272
9.2000 4 19115.54048
9.3000 4 18926.7968
9.4000 4 17899.19232
9.5000 4 20227.03104
9.6000 4 16389.24288
9.7000 4 20027.8016
9.8000 4 17595.10528
9.9000 4 18790.48192
10.0000 4 17762.87744
10.1000 4 17238.58944
10.2000 4 14543.74912
10.3000 4 18717.0816
10.4000 4 15099.4944
10.5000 4 17857.24928
10.6000 4 15141.43744
10.7000 4 17511.2192
10.8000 4 16032.72704
10.9000 4 18119.39328
11.0000 4 16315.84256
11.1000 4 18811.45344
11.2000 4 17385.39008
11.3000 4 19000.19712
11.4000 4 16001.26976
11.5000 4 18591.25248
11.6000 4 17647.53408
11.7000 4 19230.88384
11.8000 4 18947.76832
11.9000 4 17972.59264
12.0000 4 19618.85696
12.1000 4 17794.33472
12.2000 4 19314.76992
12.3000 4 19209.91232
12.4000 4 20048.77312
12.5000 4 18182.30784
12.6000 4 21328.03584
12.7000 4 15739.12576
12.8000 4 21286.0928
12.9000 4 18056.47872
13.0000 4 18769.5104
13.1000 4 18821.9392
13.2000 4 17920.16384
13.3000 4 19681.77152
13.4000 4 17710.44864
13.5000 4 19377.68448
13.6000 4 16829.6448
13.7000 4 19272.82688
13.8000 4 19304.28416
13.9000 4 16504.58624
14.0000 4 21359.49312
14.1000 4 16169.04192
14.2000 4 22523.41248
14.3000 4 12582.912
14.4000 4 19818.0864
14.5000 4 13998.4896
14.6000 4 19073.59744
14.7000 4 12740.1984
14.8000 4 20342.3744
14.9000 4 11817.45152
15.0000 4 21695.03744
15.1000 4 13830.71744
15.2000 4 19367.19872
15.3000 4 16955.47392
15.4000 4 19692.25728
15.5000 4 17783.84896
15.6000 4 19010.68288
15.7000 4 17752.39168
15.8000 4 21149.77792
15.9000 4 17647.53408
16.0000 4 19555.9424
16.1000 4 17731.42016
16.2000 4 18066.96448
16.3000 4 17311.98976
16.4000 4 21055.40608
16.5000 4 17490.24768
16.6000 4 21296.57856
16.7000 4 17374.90432
16.8000 4 19178.45504
16.9000 4 18486.39488
17.0000 4 16001.26976
17.1000 4 16536.04352
17.2000 4 15099.4944
17.3000 4 15718.15424
17.4000 4 17699.96288
17.5000 4 15267.26656
17.6000 4 17699.96288
17.7000 4 14984.15104
17.8000 4 16703.81568
17.9000 4 16294.87104
18.0000 4 21558.72256
18.1000 4 17112.76032
18.2000 4 20006.83008
18.3000 4 14638.12096
18.4000 4 21768.43776
18.5000 4 15843.98336
18.6000 4 19230.88384
18.7000 4 17018.38848
18.8000 4 19881.00096
18.9000 4 20206.05952
19.0000 4 16777.216
19.1000 4 19860.02944
19.2000 4 18968.73984
19.3000 4 20730.34752
19.4000 4 17804.82048
19.5000 4 20027.8016
19.6000 4 18496.88064
19.7000 4 20248.00256
19.8000 4 18496.88064
19.9000 4 20111.68768
20.0000 4 18182.30784
20.1000 4 19146.99776
20.2000 4 18392.02304
20.3000 4 17343.44704
20.4000 4 20908.60544
20.5000 4 16494.10048
20.6000 4 22051.55328
20.7000 4 16231.95648
20.8000 4 19031.6544
20.9000 4 17154.70336
21.0000 4 18392.02304
21.1000 4 11859.39456
21.2000 4 18475.90912
21.3000 4 11806.96576
21.4000 4 19576.91392
21.5000 4 10684.98944
21.6000 4 18234.73664
21.7000 4 11324.6208
21.8000 4 17899.19232
21.9000 4 15277.75232
22.0000 4 14208.2048
22.1000 4 16127.09888
22.2000 4 16766.73024
22.3000 4 15613.29664
22.4000 4 18392.02304
22.5000 4 16043.2128
22.6000 4 18297.6512
22.7000 4 17060.33152
22.8000 4 19115.54048
22.9000 4 16158.55616
23.0000 4 18203.27936
23.1000 4 17521.70496
23.2000 4 17699.96288
23.3000 4 18874.368
23.4000 4 16525.55776
23.5000 4 18958.25408
23.6000 4 19052.62592
23.7000 4 18968.73984
23.8000 4 20080.2304
23.9000 4 16263.41376
24.0000 4 20373.83168
24.1000 4 15980.29824
24.2000 4 19283.31264
24.3000 4 19115.54048
24.4000 4 18895.33952
24.5000 4 20164.11648
24.6000 4 13914.60352
24.7000 4 20478.68928
24.8000 4 14344.51968
24.9000 4 19996.34432
25.0000 4 14606.66368
25.1000 4 20048.77312
25.2000 4 17028.87424
25.3000 4 20908.60544
25.4000 4 19000.19712
25.5000 4 18381.53728
25.6000 4 20489.17504
25.7000 4 18612.224
25.8000 4 21611.15136
25.9000 4 19115.54048
26.0000 4 18738.05312
26.1000 4 21118.32064
26.2000 4 19042.14016
26.3000 4 21223.17824
26.4000 4 19073.59744
26.5000 4 18884.85376
26.6000 4 21149.77792
26.7000 4 18371.05152
26.8000 4 21978.15296
26.9000 4 17689.47712
27.0000 4 20310.91712
27.1000 4 19860.02944
27.2000 4 18056.47872
27.3000 4 20908.60544
27.4000 4 18140.3648
27.5000 4 20929.57696
27.6000 4 19021.16864
27.7000 4 20719.86176
27.8000 4 17762.87744
27.9000 4 20164.11648
28.0000 4 18696.11008
28.1000 4 19283.31264
28.2000 4 20185.088
28.3000 4 19346.2272
28.4000 4 21055.40608
28.5000 4 19608.3712
28.6000 4 18161.33632
28.7000 4 18255.70816
28.8000 4 19503.5136
28.9000 4 18255.70816
29.0000 4 17112.76032
29.1000 4 19534.97088
29.2000 4 15749.61152
29.3000 4 18507.3664
29.4000 4 17007.90272
29.5000 4 20856.17664
29.6000 4 14763.95008
29.7000 4 19052.62592
29.8000 4 16064.18432
29.9000 4 21873.29536
30.0000 4 13568.57344
30.1000 4 19262.34112
30.2000 4 17521.70496
30.3000 4 17668.5056
30.4000 4 14847.83616
30.5000 4 19419.62752
30.6000 4 18161.33632
30.7000 4 18926.7968
30.8000 4 18706.59584
30.9000 4 18926.7968
31.0000 4 18465.42336
31.1000 4 17846.76352
31.2000 4 19262.34112
31.3000 4 15172.89472
31.4000 4 20803.74784
31.5000 4 16074.67008
31.6000 4 19555.9424
31.7000 4 14753.46432
31.8000 4 17133.73184
31.9000 4 18759.02464
32.0000 4 15980.29824
32.1000 4 19650.31424
32.2000 4 14659.09248
32.3000 4 20646.46144
32.4000 4 17616.0768
32.5000 4 17983.0784
32.6000 4 19692.25728
32.7000 4 17637.04832
32.8000 4 18496.88064
32.9000 4 16001.26976
33.0000 4 19650.31424
33.1000 4 15487.46752
33.2000 4 18842.91072
33.3000 4 18706.59584
33.4000 4 19839.05792
33.5000 4 18675.13856
33.6000 4 19419.62752
33.7000 4 18360.56576
33.8000 4 18412.99456
33.9000 4 19283.31264
34.0000 4 16766.73024
34.1000 4 18937.28256
34.2000 4 14386.46272
34.3000 4 18968.73984
34.4000 4 19063.11168
34.5000 4 18098.42176
34.6000 4 18622.70976
34.7000 4 18874.368
34.8000 4 18895.33952
34.9000 4 17542.67648
35.0000 4 19115.54048
35.1000 4 17752.39168
35.2000 4 17857.24928
35.3000 4 18245.2224
35.4000 4 16976.44544
35.5000 4 19272.82688
35.6000 4 20174.60224
35.7000 4 18874.368
35.8000 4 19639.82848
35.9000 4 18329.10848
36.0000 4 20520.63232
36.1000 4 18224.25088
36.2000 4 17678.99136
36.3000 4 20772.29056
36.4000 4 17741.90592
36.5000 4 20279.45984
36.6000 4 19304.28416
36.7000 4 19639.82848
36.8000 4 20793.26208
36.9000 4 18444.45184
37.0000 4 21233.664
37.1000 4 18800.96768
37.2000 4 20101.20192
37.3000 4 19094.56896
37.4000 4 17857.24928
37.5000 4 19251.85536
37.6000 4 19776.14336
37.7000 4 20363.34592
37.8000 4 16053.69856
37.9000 4 18633.19552
38.0000 4 13925.08928
38.1000 4 20667.43296
38.2000 4 16106.12736
38.3000 4 17825.792
38.4000 4 16504.58624
38.5000 4 18643.68128
38.6000 4 12750.68416
38.7000 4 18433.96608
38.8000 4 15990.784
38.9000 4 18182.30784
39.0000 4 18308.13696
39.1000 4 19126.02624
39.2000 4 18077.45024
39.3000 4 20730.34752
39.4000 4 18958.25408
39.5000 4 20164.11648
39.6000 4 16735.27296
39.7000 4 18968.73984
39.8000 4 18580.76672
39.9000 4 17595.10528
40.0000 4 18937.28256
40.1000 4 17741.90592
40.2000 4 17616.0768
40.3000 4 14334.03392
40.4000 4 18004.04992
40.5000 4 15466.496
40.6000 4 18863.88224
40.7000 4 16840.13056
40.8000 4 18790.48192
40.9000 4 16053.69856
41.0000 4 18643.68128
41.1000 4 19199.42656
41.2000 4 19545.45664
41.3000 4 19272.82688
41.4000 4 17909.67808
41.5000 4 19534.97088
41.6000 4 19304.28416
41.7000 4 14900.26496
41.8000 4 18266.19392
41.9000 4 17574.13376
42.0000 4 18381.53728
42.1000 4 18371.05152
42.2000 4 18738.05312
42.3000 4 17878.2208
42.4000 4 20227.03104
42.5000 4 17207.13216
42.6000 4 21328.03584
42.7000 4 15172.89472
42.8000 4 17710.44864
42.9000 4 16294.87104
43.0000 4 15267.26656
43.1000 4 17070.81728
43.2000 4 17270.04672
43.3000 4 16357.7856
43.4000 4 17941.13536
43.5000 4 17511.2192
43.6000 4 17699.96288
43.7000 4 17165.18912
43.8000 4 18654.16704
43.9000 4 16032.72704
44.0000 4 18077.45024
44.1000 4 18203.27936
44.2000 4 20709.376
44.3000 4 18287.16544
44.4000 4 19534.97088
44.5000 4 20615.00416
44.6000 4 18287.16544
44.7000 4 20719.86176
44.8000 4 19839.05792
44.9000 4 18255.70816
45.0000 4 19493.02784
45.1000 4 15026.09408
45.2000 4 19251.85536
45.3000 4 16032.72704
45.4000 4 18769.5104
45.5000 4 18245.2224
45.6000 4 20677.91872
45.7000 4 15099.4944
45.8000 4 19618.85696
45.9000 4 18045.99296
46.0000 4 20027.8016
46.1000 4 19545.45664
46.2000 4 11618.22208
46.3000 4 3019.89888
