0.1000 4 0.0
0.2000 4 17689.47712
0.3000 4 16221.47072
0.4000 4 16745.75872
0.5000 4 17165.18912
0.6000 4 15518.9248
0.7000 4 19021.16864
0.8000 4 20206.05952
0.9000 4 17888.70656
1.0000 4 21894.26688
1.1000 4 16158.55616
1.2000 4 21579.69408
1.3000 4 13757.31712
1.4000 4 16903.04512
1.5000 4 16871.58784
1.6000 4 18947.76832
1.7000 4 16557.01504
1.8000 4 21464.35072
1.9000 4 16483.61472
2.0000 4 18727.56736
2.1000 4 19524.48512
2.2000 4 13704.88832
2.3000 4 21254.63552
2.4000 4 14554.23488
2.5000 4 20709.376
2.6000 4 16420.70016
2.7000 4 17846.76352
2.8000 4 17836.27776
2.9000 4 17322.47552
3.0000 4 19723.71456
3.1000 4 16703.81568
3.2000 4 21002.97728
3.3000 4 17007.90272
3.4000 4 21485.32224
3.5000 4 17720.9344
3.6000 4 19555.9424
3.7000 4 19660.8
3.8000 4 18863.88224
3.9000 4 21233.664
4.0000 4 18087.936
4.1000 4 20436.74624
4.2000 4 15665.72544
4.3000 4 19524.48512
4.4000 4 15812.52608
4.5000 4 20761.8048
4.6000 4 18077.45024
4.7000 4 18287.16544
4.8000 4 19755.17184
4.9000 4 18056.47872
5.0000 4 17186.16064
5.1000 4 18171.82208
5.2000 4 22198.35392
5.3000 4 18622.70976
5.4000 4 20206.05952
5.5000 4 16200.4992
5.6000 4 19346.2272
5.7000 4 19126.02624
5.8000 4 16766.73024
5.9000 4 20195.57376
6.0000 4 16766.73024
6.1000 4 21390.9504
6.2000 4 15959.32672
6.3000 4 22303.21152
6.4000 4 17144.2176
6.5000 4 19629.34272
6.6000 4 18108.90752
6.7000 4 19031.6544
6.8000 4 21065.89184
6.9000 4 18287.16544
7.0000 4 20667.43296
7.1000 4 18234.73664
7.2000 4 19472.05632
7.3000 4 18203.27936
7.4000 4 18979.2256
7.5000 4 19566.42816
7.6000 4 17154.70336
7.7000 4 19251.85536
7.8000 4 16840.13056
7.9000 4 19513.99936
8.0000 4 18056.47872
8.1000 4 19251.85536
8.2000 4 18507.3664
8.3000 4 15581.83936
8.4000 4 16252.928
8.5000 4 16871.58784
8.6000 4 19786.62912
8.7000 4 16525.55776
8.8000 4 17563.648
8.9000 4 18895.33952
9.0000 4 17311.98976
9.1000 4 17007.90272
9.2000 4 19534.97088
9.3000 4 15351.15264
9.4000 4 18779.99616
9.5000 4 15948.84096
9.6000 4 18108.90752
9.7000 4 16399.72864
9.8000 4 16913.53088
9.9000 4 19209.91232
10.0000 4 16378.75712
10.1000 4 20258.48832
10.2000 4 16924.01664
10.3000 4 18832.42496
10.4000 4 16441.67168
10.5000 4 18182.30784
10.6000 4 15665.72544
10.7000 4 16724.7872
10.8000 4 18486.39488
10.9000 4 15518.9248
11.0000 4 18601.73824
11.1000 4 17804.82048
11.2000 4 17647.53408
11.3000 4 19786.62912
11.4000 4 16106.12736
11.5000 4 18601.73824
11.6000 4 11282.67776
11.7000 4 20342.3744
11.8000 4 16158.55616
11.9000 4 16483.61472
12.0000 4 16829.6448
12.1000 4 18570.28096
12.2000 4 17144.2176
12.3000 4 16703.81568
12.4000 4 20373.83168
12.5000 4 15089.00864
12.6000 4 19283.31264
12.7000 4 15697.18272
12.8000 4 20604.5184
12.9000 4 14617.14944
13.0000 4 20153.63072
13.1000 4 12048.13824
13.2000 4 18045.99296
13.3000 4 14281.60512
13.4000 4 15864.95488
13.5000 4 14449.37728
13.6000 4 16588.47232
13.7000 4 17899.19232
13.8000 4 18276.67968
13.9000 4 16504.58624
14.0000 4 19534.97088
14.1000 4 17154.70336
14.2000 4 19524.48512
14.3000 4 16494.10048
14.4000 4 20373.83168
14.5000 4 15277.75232
14.6000 4 18161.33632
14.7000 4 17867.73504
14.8000 4 18045.99296
14.9000 4 19891.48672
15.0000 4 17888.70656
15.1000 4 20667.43296
15.2000 4 18412.99456
15.3000 4 19472.05632
15.4000 4 19325.25568
15.5000 4 17490.24768
15.6000 4 19021.16864
15.7000 4 15529.41056
15.8000 4 19325.25568
15.9000 4 16756.24448
16.0000 4 19167.96928
16.1000 4 17794.33472
16.2000 4 19293.7984
16.3000 4 19178.45504
16.4000 4 18706.59584
16.5000 4 15026.09408
16.6000 4 16955.47392
16.7000 4 16567.5008
16.8000 4 17951.62112
16.9000 4 17175.67488
17.0000 4 17416.84736
17.1000 4 15141.43744
17.2000 4 20069.74464
17.3000 4 16756.24448
17.4000 4 20300.43136
17.5000 4 18077.45024
17.6000 4 19503.5136
17.7000 4 18161.33632
17.8000 4 19220.39808
17.9000 4 18570.28096
18.0000 4 19251.85536
18.1000 4 17238.58944
18.2000 4 19964.88704
18.3000 4 16577.98656
18.4000 4 20478.68928
18.5000 4 14952.69376
18.6000 4 19010.68288
18.7000 4 16179.52768
18.8000 4 19126.02624
18.9000 4 14627.6352
19.0000 4 18549.30944
19.1000 4 18842.91072
19.2000 4 18318.62272
19.3000 4 17416.84736
19.4000 4 17049.84576
19.5000 4 16158.55616
19.6000 4 19860.02944
19.7000 4 14176.74752
19.8000 4 20174.60224
19.9000 4 14302.57664
20.0000 4 18759.02464
20.1000 4 15613.29664
20.2000 4 20677.91872
20.3000 4 16483.61472
20.4000 4 20793.26208
20.5000 4 17469.27616
20.6000 4 19461.57056
20.7000 4 19241.3696
20.8000 4 17332.96128
20.9000 4 20048.77312
21.0000 4 17962.10688
21.1000 4 21684.55168
21.2000 4 13348.37248
21.3000 4 21957.18144
21.4000 4 14145.29024
21.5000 4 20646.46144
21.6000 4 12582.912
21.7000 4 20059.25888
21.8000 4 13757.31712
21.9000 4 18412.99456
22.0000 4 16252.928
22.1000 4 14166.26176
22.2000 4 18066.96448
22.3000 4 17637.04832
22.4000 4 16305.3568
22.5000 4 17102.27456
22.6000 4 16462.6432
22.7000 4 19126.02624
22.8000 4 15193.86624
22.9000 4 18297.6512
23.0000 4 15602.81088
23.1000 4 20552.0896
23.2000 4 14459.86304
23.3000 4 17332.96128
23.4000 4 17406.3616
23.5000 4 20090.71616
23.6000 4 20279.45984
23.7000 4 17091.7888
23.8000 4 19566.42816
23.9000 4 18119.39328
24.0000 4 17637.04832
24.1000 4 20216.54528
24.2000 4 16598.95808
24.3000 4 20268.97408
24.4000 4 16431.18592
24.5000 4 19881.00096
24.6000 4 17857.24928
24.7000 4 19220.39808
24.8000 4 19786.62912
24.9000 4 17154.70336
25.0000 4 18790.48192
25.1000 4 16693.32992
25.2000 4 19052.62592
25.3000 4 19283.31264
25.4000 4 18276.67968
25.5000 4 19367.19872
25.6000 4 15644.75392
25.7000 4 20300.43136
25.8000 4 18727.56736
25.9000 4 18853.39648
26.0000 4 17060.33152
26.1000 4 18234.73664
26.2000 4 18412.99456
26.3000 4 13096.71424
26.4000 4 18045.99296
26.5000 4 16861.10208
26.6000 4 15256.7808
26.7000 4 17857.24928
26.8000 4 16399.72864
26.9000 4 15896.41216
27.0000 4 16494.10048
27.1000 4 19052.62592
27.2000 4 19639.82848
27.3000 4 18014.53568
27.4000 4 20604.5184
27.5000 4 13683.9168
27.6000 4 19367.19872
27.7000 4 15833.4976
27.8000 4 17291.01824
27.9000 4 17878.2208
28.0000 4 18182.30784
28.1000 4 18800.96768
28.2000 4 17511.2192
28.3000 4 17825.792
28.4000 4 18486.39488
28.5000 4 18412.99456
28.6000 4 18570.28096
28.7000 4 19430.11328
28.8000 4 15864.95488
28.9000 4 18832.42496
29.0000 4 17028.87424
29.1000 4 17280.53248
29.2000 4 17175.67488
29.3000 4 17574.13376
29.4000 4 14019.46112
29.5000 4 17941.13536
29.6000 4 15686.69696
29.7000 4 18884.85376
29.8000 4 15529.41056
29.9000 4 19157.48352
30.0000 4 17175.67488
30.1000 4 17322.47552
30.2000 4 18087.936
30.3000 4 17133.73184
30.4000 4 19167.96928
30.5000 4 19377.68448
30.6000 4 17762.87744
30.7000 4 19199.42656
30.8000 4 16389.24288
30.9000 4 20279.45984
31.0000 4 15760.09728
31.1000 4 20321.40288
31.2000 4 14795.40736
31.3000 4 18979.2256
31.4000 4 16955.47392
31.5000 4 21107.83488
31.6000 4 17888.70656
31.7000 4 20656.9472
31.8000 4 15896.41216
31.9000 4 18161.33632
32.0000 4 11785.99424
32.1000 4 20688.40448
32.2000 4 16462.6432
32.3000 4 20384.31744
32.4000 4 17458.7904
32.5000 4 18570.28096
32.6000 4 16252.928
32.7000 4 17951.62112
32.8000 4 18622.70976
32.9000 4 18245.2224
33.0000 4 18842.91072
33.1000 4 18601.73824
33.2000 4 18769.5104
33.3000 4 18958.25408
33.4000 4 18371.05152
33.5000 4 19587.39968
33.6000 4 18790.48192
33.7000 4 20321.40288
33.8000 4 17301.504
33.9000 4 19681.77152
34.0000 4 16588.47232
34.1000 4 17406.3616
34.2000 4 20405.28896
34.3000 4 18800.96768
34.4000 4 19985.85856
34.5000 4 19346.2272
34.6000 4 19860.02944
34.7000 4 16001.26976
34.8000 4 20520.63232
34.9000 4 14858.32192
35.0000 4 18675.13856
35.1000 4 17836.27776
35.2000 4 20457.71776
35.3000 4 15487.46752
35.4000 4 18800.96768
35.5000 4 17144.2176
35.6000 4 17406.3616
35.7000 4 20216.54528
35.8000 4 18832.42496
35.9000 4 20982.00576
36.0000 4 16305.3568
36.1000 4 20877.14816
36.2000 4 14732.4928
36.3000 4 19545.45664
36.4000 4 17039.36
36.5000 4 18538.82368
36.6000 4 18601.73824
36.7000 4 17616.0768
36.8000 4 16567.5008
36.9000 4 19608.3712
37.0000 4 18087.936
37.1000 4 20447.232
37.2000 4 19241.3696
37.3000 4 20373.83168
37.4000 4 15372.12416
37.5000 4 21212.69248
37.6000 4 19188.9408
37.7000 4 19451.0848
37.8000 4 18874.368
37.9000 4 19146.99776
38.0000 4 18486.39488
38.1000 4 16148.0704
38.2000 4 19451.0848
38.3000 4 18549.30944
38.4000 4 19388.17024
38.5000 4 19639.82848
38.6000 4 20090.71616
38.7000 4 19503.5136
38.8000 4 19849.54368
38.9000 4 19105.05472
39.0000 4 20929.57696
39.1000 4 16808.67328
39.2000 4 18790.48192
39.3000 4 18717.0816
39.4000 4 15130.95168
39.5000 4 17574.13376
39.6000 4 15204.352
39.7000 4 18444.45184
39.8000 4 15812.52608
39.9000 4 19063.11168
40.0000 4 15791.55456
40.1000 4 19461.57056
40.2000 4 16148.0704
40.3000 4 18360.56576
40.4000 4 17920.16384
40.5000 4 18454.9376
40.6000 4 18591.25248
40.7000 4 17343.44704
40.8000 4 17626.56256
40.9000 4 18884.85376
41.0000 4 19220.39808
41.1000 4 18916.31104
41.2000 4 17028.87424
41.3000 4 17406.3616
41.4000 4 17668.5056
41.5000 4 18821.9392
41.6000 4 18517.85216
41.7000 4 19272.82688
41.8000 4 17783.84896
41.9000 4 17710.44864
42.0000 4 19472.05632
42.1000 4 18087.936
42.2000 4 20164.11648
42.3000 4 17930.6496
42.4000 4 20132.6592
42.5000 4 17343.44704
42.6000 4 19356.71296
42.7000 4 18874.368
42.8000 4 18696.11008
42.9000 4 19084.0832
43.0000 4 19283.31264
43.1000 4 18077.45024
43.2000 4 17490.24768
43.3000 4 20153.63072
43.4000 4 17039.36
43.5000 4 19776.14336
43.6000 4 17165.18912
43.7000 4 20248.00256
43.8000 4 18622.70976
43.9000 4 18842.91072
44.0000 4 20478.68928
44.1000 4 17311.98976
44.2000 4 18171.82208
44.3000 4 17563.648
44.4000 4 16661.87264
44.5000 4 15938.3552
44.6000 4 18633.19552
44.7000 4 18528.33792
44.8000 4 18350.08
44.9000 4 18685.62432
45.0000 4 17553.16224
45.1000 4 18769.5104
45.2000 4 15550.38208
45.3000 4 19010.68288
45.4000 4 15948.84096
45.5000 4 19356.71296
45.6000 4 16630.41536
45.7000 4 19576.91392
45.8000 4 17060.33152
45.9000 4 19262.34112
46.0000 4 19146.99776
46.1000 4 20751.31904
46.2000 4 20090.71616
46.3000 4 17458.7904
46.4000 4 20405.28896
46.5000 4 6574.57152
