0.1000 4 0.0
0.2000 4 19146.99776
0.3000 4 14522.7776
0.4000 4 14963.17952
0.5000 4 18454.9376
0.6000 4 10863.24736
0.7000 4 20740.83328
0.8000 4 14973.66528
0.9000 4 18266.19392
1.0000 4 17899.19232
1.1000 4 15843.98336
1.2000 4 18591.25248
1.3000 4 13967.03232
1.4000 4 19052.62592
1.5000 4 14522.7776
1.6000 4 19105.05472
1.7000 4 17783.84896
1.8000 4 18129.87904
1.9000 4 19377.68448
2.0000 4 17154.70336
2.1000 4 20982.00576
2.2000 4 17112.76032
2.3000 4 17888.70656
2.4000 4 16231.95648
2.5000 4 18475.90912
2.6000 4 18465.42336
2.7000 4 17500.73344
2.8000 4 18507.3664
2.9000 4 18549.30944
3.0000 4 17720.9344
3.1000 4 17930.6496
3.2000 4 16127.09888
3.3000 4 18842.91072
3.4000 4 18675.13856
3.5000 4 18905.82528
3.6000 4 18748.53888
3.7000 4 17311.98976
3.8000 4 20227.03104
3.9000 4 14638.12096
4.0000 4 19681.77152
4.1000 4 15948.84096
4.2000 4 19797.11488
4.3000 4 18025.02144
4.4000 4 20164.11648
4.5000 4 16116.61312
4.6000 4 19021.16864
4.7000 4 17773.3632
4.8000 4 19618.85696
4.9000 4 17007.90272
5.0000 4 15665.72544
5.1000 4 16536.04352
5.2000 4 15456.01024
5.3000 4 17815.30624
5.4000 4 16399.72864
5.5000 4 19272.82688
5.6000 4 13778.28864
5.7000 4 20227.03104
5.8000 4 14292.09088
5.9000 4 19513.99936
6.0000 4 16651.38688
6.1000 4 18056.47872
6.2000 4 17794.33472
6.3000 4 16179.52768
6.4000 4 19021.16864
6.5000 4 15917.38368
6.6000 4 19587.39968
6.7000 4 14292.09088
6.8000 4 17720.9344
6.9000 4 17154.70336
7.0000 4 18077.45024
7.1000 4 17762.87744
7.2000 4 16577.98656
7.3000 4 18171.82208
7.4000 4 16840.13056
7.5000 4 17385.39008
7.6000 4 18947.76832
7.7000 4 18192.7936
7.8000 4 18329.10848
7.9000 4 17028.87424
8.0000 4 18853.39648
8.1000 4 17249.0752
8.2000 4 20478.68928
8.3000 4 17941.13536
8.4000 4 18717.0816
8.5000 4 14826.86464
8.6000 4 21757.952
8.7000 4 17028.87424
8.8000 4 20478.68928
8.9000 4 15969.81248
9.0000 4 19639.82848
9.1000 4 16567.5008
9.2000 4 19167.96928
9.3000 4 17490.24768
9.4000 4 18171.82208
9.5000 4 18203.27936
9.6000 4 18926.7968
9.7000 4 19188.9408
9.8000 4 17469.27616
9.9000 4 18213.76512
10.0000 4 19283.31264
10.1000 4 17395.87584
10.2000 4 19167.96928
10.3000 4 18612.224
10.4000 4 17804.82048
10.5000 4 20782.77632
10.6000 4 15120.46592
10.7000 4 19503.5136
10.8000 4 15340.66688
10.9000 4 19702.74304
11.0000 4 12320.768
11.1000 4 20929.57696
11.2000 4 13264.4864
11.3000 4 20814.2336
11.4000 4 13641.97376
11.5000 4 20310.91712
11.6000 4 17028.87424
11.7000 4 19283.31264
11.8000 4 18129.87904
11.9000 4 17616.0768
12.0000 4 19220.39808
12.1000 4 18507.3664
12.2000 4 18098.42176
12.3000 4 16263.41376
12.4000 4 16043.2128
12.5000 4 15497.95328
12.6000 4 18318.62272
12.7000 4 17322.47552
12.8000 4 18161.33632
12.9000 4 17647.53408
13.0000 4 17070.81728
13.1000 4 17437.81888
13.2000 4 18800.96768
13.3000 4 16651.38688
13.4000 4 20069.74464
13.5000 4 18224.25088
13.6000 4 19031.6544
13.7000 4 20164.11648
13.8000 4 18171.82208
13.9000 4 19493.02784
14.0000 4 17270.04672
14.1000 4 19367.19872
14.2000 4 18769.5104
14.3000 4 16609.44384
14.4000 4 19797.11488
14.5000 4 14984.15104
14.6000 4 18171.82208
14.7000 4 16336.81408
14.8000 4 19985.85856
14.9000 4 14742.97856
15.0000 4 19440.59904
15.1000 4 15760.09728
15.2000 4 19356.71296
15.3000 4 14365.4912
15.4000 4 21212.69248
15.5000 4 16944.98816
15.6000 4 20447.232
15.7000 4 14847.83616
15.8000 4 18738.05312
15.9000 4 18297.6512
16.0000 4 16462.6432
16.1000 4 19702.74304
16.2000 4 14575.2064
16.3000 4 17951.62112
16.4000 4 17007.90272
16.5000 4 15969.81248
16.6000 4 20950.54848
16.7000 4 15298.72384
16.8000 4 20625.48992
16.9000 4 13421.7728
17.0000 4 21328.03584
17.1000 4 16452.15744
17.2000 4 17794.33472
17.3000 4 16787.70176
17.4000 4 16410.2144
17.5000 4 19566.42816
17.6000 4 18727.56736
17.7000 4 20216.54528
17.8000 4 19839.05792
17.9000 4 17920.16384
18.0000 4 19776.14336
18.1000 4 15571.3536
18.2000 4 20740.83328
18.3000 4 13054.7712
18.4000 4 20195.57376
18.5000 4 15057.55136
18.6000 4 20761.8048
18.7000 4 17049.84576
18.8000 4 20352.86016
18.9000 4 19503.5136
19.0000 4 18192.7936
19.1000 4 18549.30944
19.2000 4 17689.47712
19.3000 4 17395.87584
19.4000 4 18318.62272
19.5000 4 18654.16704
19.6000 4 17899.19232
19.7000 4 20719.86176
19.8000 4 16368.27136
19.9000 4 20594.03264
20.0000 4 15330.18112
20.1000 4 19681.77152
20.2000 4 16536.04352
20.3000 4 18947.76832
20.4000 4 17941.13536
20.5000 4 20216.54528
20.6000 4 12373.1968
20.7000 4 21883.78112
20.8000 4 14774.43584
20.9000 4 20635.97568
21.0000 4 15791.55456
21.1000 4 20562.57536
21.2000 4 14113.83296
21.3000 4 20027.8016
21.4000 4 15162.40896
21.5000 4 17846.76352
21.6000 4 15823.01184
21.7000 4 20541.60384
21.8000 4 17689.47712
21.9000 4 20667.43296
22.0000 4 17836.27776
22.1000 4 16871.58784
22.2000 4 18203.27936
22.3000 4 16567.5008
22.4000 4 19419.62752
22.5000 4 15896.41216
22.6000 4 19031.6544
22.7000 4 16200.4992
22.8000 4 19608.3712
22.9000 4 18035.5072
23.0000 4 16955.47392
23.1000 4 18161.33632
23.2000 4 17532.19072
23.3000 4 18759.02464
23.4000 4 17899.19232
23.5000 4 18884.85376
23.6000 4 15581.83936
23.7000 4 19314.76992
23.8000 4 17867.73504
23.9000 4 18863.88224
24.0000 4 17280.53248
24.1000 4 20237.5168
24.2000 4 14732.4928
24.3000 4 21936.20992
24.4000 4 13631.488
24.5000 4 21453.86496
24.6000 4 14522.7776
24.7000 4 21296.57856
24.8000 4 14071.88992
24.9000 4 19776.14336
25.0000 4 18025.02144
25.1000 4 19451.0848
25.2000 4 18926.7968
25.3000 4 18035.5072
25.4000 4 19650.31424
25.5000 4 18192.7936
25.6000 4 19933.42976
25.7000 4 18444.45184
25.8000 4 20321.40288
25.9000 4 17154.70336
26.0000 4 19377.68448
26.1000 4 17186.16064
26.2000 4 18696.11008
26.3000 4 20111.68768
26.4000 4 18077.45024
26.5000 4 20971.52
26.6000 4 17112.76032
26.7000 4 20531.11808
26.8000 4 17972.59264
26.9000 4 19472.05632
27.0000 4 17311.98976
27.1000 4 15791.55456
27.2000 4 17154.70336
27.3000 4 17091.7888
27.4000 4 20059.25888
27.5000 4 18161.33632
27.6000 4 20940.06272
27.7000 4 19272.82688
27.8000 4 17773.3632
27.9000 4 19440.59904
28.0000 4 18496.88064
28.1000 4 19115.54048
28.2000 4 19472.05632
28.3000 4 20143.14496
28.4000 4 20143.14496
28.5000 4 19618.85696
28.6000 4 18790.48192
28.7000 4 21160.26368
28.8000 4 17532.19072
28.9000 4 18203.27936
29.0000 4 17563.648
29.1000 4 18727.56736
29.2000 4 17175.67488
29.3000 4 17920.16384
29.4000 4 19702.74304
29.5000 4 19241.3696
29.6000 4 18622.70976
29.7000 4 18266.19392
29.8000 4 19251.85536
29.9000 4 18004.04992
30.0000 4 17091.7888
30.1000 4 17364.41856
30.2000 4 18371.05152
30.3000 4 19430.11328
30.4000 4 17542.67648
30.5000 4 19702.74304
30.6000 4 17930.6496
30.7000 4 19209.91232
30.8000 4 20153.63072
30.9000 4 18234.73664
31.0000 4 20384.31744
31.1000 4 19178.45504
31.2000 4 20132.6592
31.3000 4 21328.03584
31.4000 4 18947.76832
31.5000 4 18916.31104
31.6000 4 18601.73824
31.7000 4 19430.11328
31.8000 4 17962.10688
31.9000 4 18056.47872
32.0000 4 18643.68128
32.1000 4 18863.88224
32.2000 4 17238.58944
32.3000 4 20415.77472
32.4000 4 17689.47712
32.5000 4 20447.232
32.6000 4 20268.97408
32.7000 4 18968.73984
32.8000 4 21548.2368
32.9000 4 18779.99616
33.0000 4 20426.26048
33.1000 4 20971.52
33.2000 4 18706.59584
33.3000 4 21181.2352
33.4000 4 18968.73984
33.5000 4 18517.85216
33.6000 4 21034.43456
33.7000 4 16598.95808
33.8000 4 22953.32864
33.9000 4 15875.44064
34.0000 4 20740.83328
34.1000 4 15372.12416
34.2000 4 19744.68608
34.3000 4 17385.39008
34.4000 4 20478.68928
34.5000 4 18465.42336
34.6000 4 18392.02304
34.7000 4 19262.34112
34.8000 4 18947.76832
34.9000 4 16955.47392
35.0000 4 21338.5216
35.1000 4 16452.15744
35.2000 4 19356.71296
35.3000 4 17605.59104
35.4000 4 18486.39488
35.5000 4 17678.99136
35.6000 4 16965.95968
35.7000 4 20027.8016
35.8000 4 19157.48352
35.9000 4 14344.51968
36.0000 4 20006.83008
36.1000 4 17144.2176
36.2000 4 20541.60384
36.3000 4 17270.04672
36.4000 4 20069.74464
36.5000 4 16714.30144
36.6000 4 21883.78112
36.7000 4 13254.00064
36.8000 4 20143.14496
36.9000 4 16242.44224
37.0000 4 20677.91872
37.1000 4 17553.16224
37.2000 4 17102.27456
37.3000 4 16903.04512
37.4000 4 19975.3728
37.5000 4 15980.29824
37.6000 4 19000.19712
37.7000 4 18811.45344
37.8000 4 17133.73184
37.9000 4 18842.91072
38.0000 4 17857.24928
38.1000 4 18937.28256
38.2000 4 17993.56416
38.3000 4 19576.91392
38.4000 4 18329.10848
38.5000 4 18916.31104
38.6000 4 18234.73664
38.7000 4 15655.23968
38.8000 4 17888.70656
38.9000 4 16567.5008
39.0000 4 17207.13216
39.1000 4 16043.2128
39.2000 4 20080.2304
39.3000 4 16924.01664
39.4000 4 21537.75104
39.5000 4 16745.75872
39.6000 4 21065.89184
39.7000 4 18339.59424
39.8000 4 19094.56896
39.9000 4 16085.15584
40.0000 4 18947.76832
40.1000 4 16787.70176
40.2000 4 19304.28416
40.3000 4 15823.01184
40.4000 4 19650.31424
40.5000 4 16777.216
40.6000 4 20814.2336
40.7000 4 18832.42496
40.8000 4 19576.91392
40.9000 4 17825.792
41.0000 4 18654.16704
41.1000 4 18664.6528
41.2000 4 17930.6496
41.3000 4 20394.8032
41.4000 4 17783.84896
41.5000 4 21107.83488
41.6000 4 18266.19392
41.7000 4 19839.05792
41.8000 4 17658.01984
41.9000 4 16609.44384
42.0000 4 18507.3664
42.1000 4 19964.88704
42.2000 4 19293.7984
42.3000 4 20195.57376
42.4000 4 16536.04352
42.5000 4 18150.85056
42.6000 4 17427.33312
42.7000 4 16808.67328
42.8000 4 19346.2272
42.9000 4 16693.32992
43.0000 4 19660.8
43.1000 4 18287.16544
43.2000 4 18570.28096
43.3000 4 16210.98496
43.4000 4 18329.10848
43.5000 4 18832.42496
43.6000 4 16546.52928
43.7000 4 21044.92032
43.8000 4 17018.38848
43.9000 4 20310.91712
44.0000 4 18108.90752
44.1000 4 19513.99936
44.2000 4 19377.68448
44.3000 4 18329.10848
44.4000 4 19765.6576
44.5000 4 17437.81888
44.6000 4 21862.8096
44.7000 4 17479.76192
44.8000 4 19367.19872
44.9000 4 19534.97088
45.0000 4 17752.39168
45.1000 4 19608.3712
45.2000 4 17511.2192
45.3000 4 21191.72096
45.4000 4 16986.9312
45.5000 4 20667.43296
45.6000 4 18926.7968
45.7000 4 17406.3616
45.8000 4 20248.00256
45.9000 4 17291.01824
46.0000 4 20321.40288
46.1000 4 6092.22656
