0.1000 4 0.0
0.2000 4 16357.7856
0.3000 4 15581.83936
0.4000 4 17563.648
0.5000 4 13872.66048
0.6000 4 19639.82848
0.7000 4 16074.67008
0.8000 4 19555.9424
0.9000 4 19996.34432
1.0000 4 18612.224
1.1000 4 19388.17024
1.2000 4 16777.216
1.3000 4 19283.31264
1.4000 4 16378.75712
1.5000 4 21579.69408
1.6000 4 17437.81888
1.7000 4 19021.16864
1.8000 4 18748.53888
1.9000 4 16169.04192
2.0000 4 19262.34112
2.1000 4 15613.29664
2.2000 4 18947.76832
2.3000 4 16997.41696
2.4000 4 16137.58464
2.5000 4 17668.5056
2.6000 4 19031.6544
2.7000 4 17920.16384
2.8000 4 17406.3616
2.9000 4 18748.53888
3.0000 4 17039.36
3.1000 4 18381.53728
3.2000 4 18591.25248
3.3000 4 18140.3648
3.4000 4 19618.85696
3.5000 4 16011.75552
3.6000 4 18297.6512
3.7000 4 17154.70336
3.8000 4 16546.52928
3.9000 4 14355.00544
4.0000 4 20153.63072
4.1000 4 15823.01184
4.2000 4 20961.03424
4.3000 4 13170.11456
4.4000 4 19776.14336
4.5000 4 14847.83616
4.6000 4 20447.232
4.7000 4 15414.0672
4.8000 4 21527.26528
4.9000 4 13558.08768
5.0000 4 20656.9472
5.1000 4 13337.88672
5.2000 4 17993.56416
5.3000 4 15435.03872
5.4000 4 16378.75712
5.5000 4 18748.53888
5.6000 4 16693.32992
5.7000 4 18161.33632
5.8000 4 17658.01984
5.9000 4 18926.7968
6.0000 4 18926.7968
6.1000 4 19356.71296
6.2000 4 20615.00416
6.3000 4 17123.24608
6.4000 4 18433.96608
6.5000 4 18140.3648
6.6000 4 19713.2288
6.7000 4 18538.82368
6.8000 4 19650.31424
6.9000 4 16557.01504
7.0000 4 18213.76512
7.1000 4 18538.82368
7.2000 4 17909.67808
7.3000 4 17458.7904
7.4000 4 17154.70336
7.5000 4 14260.6336
7.6000 4 16693.32992
7.7000 4 18098.42176
7.8000 4 18790.48192
7.9000 4 17144.2176
8.0000 4 15969.81248
8.1000 4 17133.73184
8.2000 4 17857.24928
8.3000 4 17007.90272
8.4000 4 19482.54208
8.5000 4 16231.95648
8.6000 4 17584.61952
8.7000 4 16640.90112
8.8000 4 17878.2208
8.9000 4 18717.0816
9.0000 4 15917.38368
9.1000 4 18465.42336
9.2000 4 17888.70656
9.3000 4 17102.27456
9.4000 4 19178.45504
9.5000 4 18308.13696
9.6000 4 17962.10688
9.7000 4 20059.25888
9.8000 4 19461.57056
9.9000 4 20740.83328
10.0000 4 19524.48512
10.1000 4 19650.31424
10.2000 4 19755.17184
10.3000 4 19608.3712
10.4000 4 19545.45664
10.5000 4 18916.31104
10.6000 4 20069.74464
10.7000 4 19975.3728
10.8000 4 17595.10528
10.9000 4 20835.20512
11.0000 4 18045.99296
11.1000 4 17920.16384
11.2000 4 20950.54848
11.3000 4 15665.72544
11.4000 4 18507.3664
11.5000 4 18517.85216
11.6000 4 14984.15104
11.7000 4 18245.2224
11.8000 4 17458.7904
11.9000 4 17437.81888
12.0000 4 17804.82048
12.1000 4 18108.90752
12.2000 4 19073.59744
12.3000 4 20143.14496
12.4000 4 18454.9376
12.5000 4 17941.13536
12.6000 4 17322.47552
12.7000 4 18968.73984
12.8000 4 19377.68448
12.9000 4 17668.5056
13.0000 4 18675.13856
13.1000 4 16756.24448
13.2000 4 20709.376
13.3000 4 17605.59104
13.4000 4 19555.9424
13.5000 4 17962.10688
13.6000 4 20677.91872
13.7000 4 17794.33472
13.8000 4 15655.23968
13.9000 4 16651.38688
14.0000 4 19681.77152
14.1000 4 16116.61312
14.2000 4 16515.072
14.3000 4 18004.04992
14.4000 4 18486.39488
14.5000 4 19681.77152
14.6000 4 19084.0832
14.7000 4 19314.76992
14.8000 4 18287.16544
14.9000 4 19849.54368
15.0000 4 19881.00096
15.1000 4 16703.81568
15.2000 4 19744.68608
15.3000 4 18150.85056
15.4000 4 18287.16544
15.5000 4 19188.9408
15.6000 4 18329.10848
15.7000 4 18874.368
15.8000 4 18790.48192
15.9000 4 20384.31744
16.0000 4 17637.04832
16.1000 4 18224.25088
16.2000 4 18779.99616
16.3000 4 17112.76032
16.4000 4 20478.68928
16.5000 4 15476.98176
16.6000 4 19209.91232
16.7000 4 17060.33152
16.8000 4 17553.16224
16.9000 4 16557.01504
17.0000 4 15183.38048
17.1000 4 19220.39808
17.2000 4 18444.45184
17.3000 4 16661.87264
17.4000 4 18423.48032
17.5000 4 18392.02304
17.6000 4 20709.376
17.7000 4 19744.68608
17.8000 4 18800.96768
17.9000 4 17186.16064
18.0000 4 17678.99136
18.1000 4 16882.0736
18.2000 4 18759.02464
18.3000 4 17395.87584
18.4000 4 19115.54048
18.5000 4 18444.45184
18.6000 4 16766.73024
18.7000 4 19325.25568
18.8000 4 18371.05152
18.9000 4 18255.70816
19.0000 4 15770.58304
19.1000 4 19335.74144
19.2000 4 17825.792
19.3000 4 17993.56416
19.4000 4 19870.5152
19.5000 4 19021.16864
19.6000 4 18738.05312
19.7000 4 19555.9424
19.8000 4 17490.24768
19.9000 4 19398.656
20.0000 4 16557.01504
20.1000 4 18916.31104
20.2000 4 19031.6544
20.3000 4 17186.16064
20.4000 4 18129.87904
20.5000 4 18339.59424
20.6000 4 16441.67168
20.7000 4 19283.31264
20.8000 4 19660.8
20.9000 4 17951.62112
21.0000 4 18842.91072
21.1000 4 20006.83008
21.2000 4 19922.944
21.3000 4 21831.35232
21.4000 4 17762.87744
21.5000 4 17427.33312
21.6000 4 20069.74464
21.7000 4 17752.39168
21.8000 4 20625.48992
21.9000 4 16892.55936
22.0000 4 21705.5232
22.1000 4 16410.2144
22.2000 4 18832.42496
22.3000 4 19734.20032
22.4000 4 18738.05312
22.5000 4 21632.12288
22.6000 4 17500.73344
22.7000 4 21307.06432
22.8000 4 20405.28896
22.9000 4 19272.82688
23.0000 4 20646.46144
23.1000 4 18150.85056
23.2000 4 21432.89344
23.3000 4 19681.77152
23.4000 4 21013.46304
23.5000 4 18045.99296
23.6000 4 19870.5152
23.7000 4 20080.2304
23.8000 4 17238.58944
23.9000 4 18853.39648
24.0000 4 18087.936
24.1000 4 18496.88064
24.2000 4 18916.31104
24.3000 4 17521.70496
24.4000 4 18203.27936
24.5000 4 16158.55616
24.6000 4 19272.82688
24.7000 4 16525.55776
24.8000 4 15676.2112
24.9000 4 19493.02784
25.0000 4 15256.7808
25.1000 4 20090.71616
25.2000 4 15497.95328
25.3000 4 22470.98368
25.4000 4 16640.90112
25.5000 4 17395.87584
25.6000 4 17311.98976
25.7000 4 19461.57056
25.8000 4 17584.61952
25.9000 4 19776.14336
26.0000 4 14543.74912
26.1000 4 20992.49152
26.2000 4 14942.208
26.3000 4 21338.5216
26.4000 4 17616.0768
26.5000 4 20531.11808
26.6000 4 19860.02944
26.7000 4 18087.936
26.8000 4 19734.20032
26.9000 4 17710.44864
27.0000 4 18381.53728
27.1000 4 16861.10208
27.2000 4 19451.0848
27.3000 4 18087.936
27.4000 4 19828.57216
27.5000 4 18717.0816
27.6000 4 19042.14016
27.7000 4 17962.10688
27.8000 4 17867.73504
27.9000 4 18465.42336
28.0000 4 18989.71136
28.1000 4 17794.33472
28.2000 4 19419.62752
28.3000 4 16525.55776
28.4000 4 19472.05632
28.5000 4 16598.95808
28.6000 4 18035.5072
28.7000 4 18140.3648
28.8000 4 17993.56416
28.9000 4 19534.97088
29.0000 4 18685.62432
29.1000 4 20908.60544
29.2000 4 18329.10848
29.3000 4 20971.52
29.4000 4 17941.13536
29.5000 4 18759.02464
29.6000 4 19115.54048
29.7000 4 18350.08
29.8000 4 20782.77632
29.9000 4 15969.81248
30.0000 4 20090.71616
30.1000 4 17091.7888
30.2000 4 19566.42816
30.3000 4 19744.68608
30.4000 4 17752.39168
30.5000 4 18958.25408
30.6000 4 19545.45664
30.7000 4 17091.7888
30.8000 4 20761.8048
30.9000 4 20248.00256
31.0000 4 20520.63232
31.1000 4 19409.14176
31.2000 4 17668.5056
31.3000 4 20090.71616
31.4000 4 17668.5056
31.5000 4 21233.664
31.6000 4 20761.8048
31.7000 4 19755.17184
31.8000 4 20751.31904
31.9000 4 20258.48832
32.0000 4 17846.76352
32.1000 4 20908.60544
32.2000 4 18192.7936
32.3000 4 19860.02944
32.4000 4 18056.47872
32.5000 4 19513.99936
32.6000 4 16095.6416
32.7000 4 19650.31424
32.8000 4 15539.89632
32.9000 4 18392.02304
33.0000 4 17385.39008
33.1000 4 18612.224
33.2000 4 15655.23968
33.3000 4 18769.5104
33.4000 4 17815.30624
33.5000 4 19891.48672
33.6000 4 16043.2128
33.7000 4 19356.71296
33.8000 4 17102.27456
33.9000 4 18360.56576
34.0000 4 18308.13696
34.1000 4 16085.15584
34.2000 4 18245.2224
34.3000 4 18863.88224
34.4000 4 17479.76192
34.5000 4 19010.68288
34.6000 4 18224.25088
34.7000 4 21852.32384
34.8000 4 17322.47552
34.9000 4 22072.5248
35.0000 4 17993.56416
35.1000 4 19587.39968
35.2000 4 19901.97248
35.3000 4 14711.52128
35.4000 4 16588.47232
35.5000 4 16808.67328
35.6000 4 16882.0736
35.7000 4 19786.62912
35.8000 4 13809.74592
35.9000 4 17595.10528
36.0000 4 16651.38688
36.1000 4 17920.16384
36.2000 4 19503.5136
36.3000 4 16913.53088
36.4000 4 20740.83328
36.5000 4 16231.95648
36.6000 4 20405.28896
36.7000 4 14627.6352
36.8000 4 17238.58944
36.9000 4 15707.66848
37.0000 4 18350.08
37.1000 4 11796.48
37.2000 4 13925.08928
37.3000 4 15476.98176
37.4000 4 19367.19872
37.5000 4 18045.99296
37.6000 4 19021.16864
37.7000 4 17857.24928
37.8000 4 16598.95808
37.9000 4 19377.68448
38.0000 4 14407.43424
38.1000 4 18685.62432
38.2000 4 13337.88672
38.3000 4 18496.88064
38.4000 4 16011.75552
38.5000 4 17773.3632
38.6000 4 18108.90752
38.7000 4 17962.10688
38.8000 4 17773.3632
38.9000 4 16609.44384
39.0000 4 16965.95968
39.1000 4 17511.2192
39.2000 4 19839.05792
39.3000 4 17448.30464
39.4000 4 20122.17344
39.5000 4 19912.45824
39.6000 4 19786.62912
39.7000 4 19472.05632
39.8000 4 20950.54848
39.9000 4 19524.48512
40.0000 4 19335.74144
40.1000 4 18863.88224
40.2000 4 19828.57216
40.3000 4 19524.48512
40.4000 4 17930.6496
40.5000 4 19776.14336
40.6000 4 19419.62752
40.7000 4 19964.88704
40.8000 4 19325.25568
40.9000 4 20447.232
41.0000 4 17920.16384
41.1000 4 18245.2224
41.2000 4 20740.83328
41.3000 4 18580.76672
41.4000 4 21401.43616
41.5000 4 17238.58944
41.6000 4 19660.8
41.7000 4 18538.82368
41.8000 4 19335.74144
41.9000 4 17972.59264
42.0000 4 18790.48192
42.1000 4 17479.76192
42.2000 4 16420.70016
42.3000 4 17595.10528
42.4000 4 16577.98656
42.5000 4 17196.6464
42.6000 4 16473.12896
42.7000 4 18266.19392
42.8000 4 16798.18752
42.9000 4 16473.12896
43.0000 4 19985.85856
43.1000 4 18496.88064
43.2000 4 18507.3664
43.3000 4 17647.53408
43.4000 4 17867.73504
43.5000 4 18790.48192
43.6000 4 17228.10368
43.7000 4 19734.20032
43.8000 4 16148.0704
43.9000 4 18056.47872
44.0000 4 15466.496
44.1000 4 18475.90912
44.2000 4 17091.7888
44.3000 4 18727.56736
44.4000 4 18664.6528
44.5000 4 19105.05472
44.6000 4 16252.928
44.7000 4 19010.68288
44.8000 4 16347.29984
44.9000 4 20111.68768
45.0000 4 18853.39648
45.1000 4 18066.96448
45.2000 4 18287.16544
45.3000 4 16787.70176
45.4000 4 17511.2192
45.5000 4 15760.09728
45.6000 4 20573.06112
45.7000 4 15697.18272
45.8000 4 20195.57376
45.9000 4 11439.96416
46.0000 4 6396.3136
