0.1000 4 0.0
0.2000 4 16210.98496
0.3000 4 17930.6496
0.4000 4 8074.0352
0.5000 4 17804.82048
0.6000 4 14008.97536
0.7000 4 21349.00736
0.8000 4 14365.4912
0.9000 4 18643.68128
1.0000 4 16043.2128
1.1000 4 19493.02784
1.2000 4 16127.09888
1.3000 4 17406.3616
1.4000 4 18140.3648
1.5000 4 18444.45184
1.6000 4 19440.59904
1.7000 4 18664.6528
1.8000 4 20552.0896
1.9000 4 15518.9248
2.0000 4 18329.10848
2.1000 4 17154.70336
2.2000 4 17332.96128
2.3000 4 20122.17344
2.4000 4 17385.39008
2.5000 4 19692.25728
2.6000 4 18150.85056
2.7000 4 19073.59744
2.8000 4 17972.59264
2.9000 4 15476.98176
3.0000 4 20887.63392
3.1000 4 17039.36
3.2000 4 18213.76512
3.3000 4 17511.2192
3.4000 4 17804.82048
3.5000 4 18423.48032
3.6000 4 17637.04832
3.7000 4 20090.71616
3.8000 4 16473.12896
3.9000 4 19430.11328
4.0000 4 17322.47552
4.1000 4 17049.84576
4.2000 4 18696.11008
4.3000 4 16378.75712
4.4000 4 19031.6544
4.5000 4 14701.03552
4.6000 4 20101.20192
4.7000 4 16577.98656
4.8000 4 20394.8032
4.9000 4 17658.01984
5.0000 4 18266.19392
5.1000 4 17836.27776
5.2000 4 18245.2224
5.3000 4 18884.85376
5.4000 4 17018.38848
5.5000 4 17983.0784
5.6000 4 17448.30464
5.7000 4 18821.9392
5.8000 4 17437.81888
5.9000 4 16976.44544
6.0000 4 17710.44864
6.1000 4 18339.59424
6.2000 4 17532.19072
6.3000 4 18402.5088
6.4000 4 19912.45824
6.5000 4 18371.05152
6.6000 4 19881.00096
6.7000 4 17406.3616
6.8000 4 18664.6528
6.9000 4 19126.02624
7.0000 4 18129.87904
7.1000 4 20321.40288
7.2000 4 18853.39648
7.3000 4 18192.7936
7.4000 4 20048.77312
7.5000 4 16494.10048
7.6000 4 20531.11808
7.7000 4 13872.66048
7.8000 4 21925.72416
7.9000 4 9206.49728
8.0000 4 20258.48832
8.1000 4 14029.94688
8.2000 4 19262.34112
8.3000 4 14575.2064
8.4000 4 19105.05472
8.5000 4 18108.90752
8.6000 4 21380.46464
8.7000 4 16494.10048
8.8000 4 20111.68768
8.9000 4 13369.344
9.0000 4 19629.34272
9.1000 4 15435.03872
9.2000 4 18077.45024
9.3000 4 17762.87744
9.4000 4 16053.69856
9.5000 4 19723.71456
9.6000 4 18224.25088
9.7000 4 20027.8016
9.8000 4 15445.52448
9.9000 4 20048.77312
10.0000 4 17385.39008
10.1000 4 17049.84576
10.2000 4 20667.43296
10.3000 4 15351.15264
10.4000 4 18685.62432
10.5000 4 17039.36
10.6000 4 19943.91552
10.7000 4 16693.32992
10.8000 4 20027.8016
10.9000 4 17511.2192
11.0000 4 18087.936
11.1000 4 20237.5168
11.2000 4 16315.84256
11.3000 4 21170.74944
11.4000 4 17532.19072
11.5000 4 20709.376
11.6000 4 15718.15424
11.7000 4 20174.60224
11.8000 4 17553.16224
11.9000 4 17668.5056
12.0000 4 20027.8016
12.1000 4 17626.56256
12.2000 4 19157.48352
12.3000 4 19167.96928
12.4000 4 19398.656
12.5000 4 16944.98816
12.6000 4 20656.9472
12.7000 4 15906.89792
12.8000 4 20646.46144
12.9000 4 13379.82976
13.0000 4 20845.69088
13.1000 4 13662.94528
13.2000 4 19975.3728
13.3000 4 16756.24448
13.4000 4 18916.31104
13.5000 4 17899.19232
13.6000 4 17207.13216
13.7000 4 18004.04992
13.8000 4 17437.81888
13.9000 4 19251.85536
14.0000 4 18759.02464
14.1000 4 17406.3616
14.2000 4 19786.62912
14.3000 4 16703.81568
14.4000 4 18853.39648
14.5000 4 17867.73504
14.6000 4 16001.26976
14.7000 4 14753.46432
14.8000 4 18570.28096
14.9000 4 17867.73504
15.0000 4 14197.71904
15.1000 4 17846.76352
15.2000 4 16116.61312
15.3000 4 19293.7984
15.4000 4 17018.38848
15.5000 4 17878.2208
15.6000 4 17385.39008
15.7000 4 15749.61152
15.8000 4 21558.72256
15.9000 4 17574.13376
16.0000 4 19167.96928
16.1000 4 16210.98496
16.2000 4 18790.48192
16.3000 4 16336.81408
16.4000 4 20436.74624
16.5000 4 18045.99296
16.6000 4 17249.0752
16.7000 4 15445.52448
16.8000 4 18318.62272
16.9000 4 17259.56096
17.0000 4 18329.10848
17.1000 4 17343.44704
17.2000 4 19084.0832
17.3000 4 17028.87424
17.4000 4 17322.47552
17.5000 4 14134.80448
17.6000 4 20279.45984
17.7000 4 16095.6416
17.8000 4 20457.71776
17.9000 4 16976.44544
18.0000 4 19713.2288
18.1000 4 17437.81888
18.2000 4 17941.13536
18.3000 4 15393.09568
18.4000 4 19283.31264
18.5000 4 18371.05152
18.6000 4 17899.19232
18.7000 4 18213.76512
18.8000 4 19524.48512
18.9000 4 18119.39328
19.0000 4 19860.02944
19.1000 4 18989.71136
19.2000 4 16494.10048
19.3000 4 16389.24288
19.4000 4 18276.67968
19.5000 4 15938.3552
19.6000 4 16808.67328
19.7000 4 18591.25248
19.8000 4 17815.30624
19.9000 4 17993.56416
20.0000 4 17322.47552
20.1000 4 18685.62432
20.2000 4 16557.01504
20.3000 4 19996.34432
20.4000 4 17553.16224
20.5000 4 20793.26208
20.6000 4 18339.59424
20.7000 4 19524.48512
20.8000 4 17238.58944
20.9000 4 17794.33472
21.0000 4 18339.59424
21.1000 4 15980.29824
21.2000 4 15906.89792
21.3000 4 20027.8016
21.4000 4 12184.45312
21.5000 4 17238.58944
21.6000 4 16871.58784
21.7000 4 16315.84256
21.8000 4 17867.73504
21.9000 4 16378.75712
22.0000 4 16913.53088
22.1000 4 18129.87904
22.2000 4 18916.31104
22.3000 4 18056.47872
22.4000 4 20206.05952
22.5000 4 18234.73664
22.6000 4 21181.2352
22.7000 4 16273.89952
22.8000 4 21076.3776
22.9000 4 17752.39168
23.0000 4 20080.2304
23.1000 4 18066.96448
23.2000 4 21170.74944
23.3000 4 17060.33152
23.4000 4 17102.27456
23.5000 4 19713.2288
23.6000 4 15749.61152
23.7000 4 18538.82368
23.8000 4 16619.9296
23.9000 4 19629.34272
24.0000 4 17196.6464
24.1000 4 17343.44704
24.2000 4 16735.27296
24.3000 4 18412.99456
24.4000 4 17207.13216
24.5000 4 19126.02624
24.6000 4 18066.96448
24.7000 4 17637.04832
24.8000 4 17836.27776
24.9000 4 17815.30624
25.0000 4 15298.72384
25.1000 4 16766.73024
25.2000 4 18769.5104
25.3000 4 16819.15904
25.4000 4 18821.9392
25.5000 4 16294.87104
25.6000 4 18129.87904
25.7000 4 17332.96128
25.8000 4 18517.85216
25.9000 4 15802.04032
26.0000 4 18612.224
26.1000 4 18654.16704
26.2000 4 18402.5088
26.3000 4 19073.59744
26.4000 4 16819.15904
26.5000 4 19272.82688
26.6000 4 17857.24928
26.7000 4 21118.32064
26.8000 4 17804.82048
26.9000 4 18245.2224
27.0000 4 20625.48992
27.1000 4 20541.60384
27.2000 4 18287.16544
27.3000 4 19870.5152
27.4000 4 15791.55456
27.5000 4 18045.99296
27.6000 4 17207.13216
27.7000 4 17857.24928
27.8000 4 19010.68288
27.9000 4 14795.40736
28.0000 4 19891.48672
28.1000 4 17175.67488
28.2000 4 19440.59904
28.3000 4 18182.30784
28.4000 4 20289.9456
28.5000 4 18014.53568
28.6000 4 19325.25568
28.7000 4 16158.55616
28.8000 4 20038.28736
28.9000 4 18759.02464
29.0000 4 20143.14496
29.1000 4 18685.62432
29.2000 4 18255.70816
29.3000 4 19146.99776
29.4000 4 18066.96448
29.5000 4 19692.25728
29.6000 4 19430.11328
29.7000 4 19356.71296
29.8000 4 17899.19232
29.9000 4 18287.16544
30.0000 4 17710.44864
30.1000 4 20489.17504
30.2000 4 16263.41376
30.3000 4 20793.26208
30.4000 4 16546.52928
30.5000 4 18433.96608
30.6000 4 17678.99136
30.7000 4 17930.6496
30.8000 4 17532.19072
30.9000 4 14103.3472
31.0000 4 18234.73664
31.1000 4 16986.9312
31.2000 4 17542.67648
31.3000 4 20698.89024
31.4000 4 18989.71136
31.5000 4 19933.42976
31.6000 4 18947.76832
31.7000 4 18171.82208
31.8000 4 20069.74464
31.9000 4 17374.90432
32.0000 4 19681.77152
32.1000 4 18664.6528
32.2000 4 20237.5168
32.3000 4 17909.67808
32.4000 4 19472.05632
32.5000 4 16221.47072
32.6000 4 18119.39328
32.7000 4 21223.17824
32.8000 4 18371.05152
32.9000 4 20447.232
33.0000 4 17878.2208
33.1000 4 17626.56256
33.2000 4 21558.72256
33.3000 4 18643.68128
33.4000 4 20038.28736
33.5000 4 18004.04992
33.6000 4 18192.7936
33.7000 4 19503.5136
33.8000 4 20006.83008
33.9000 4 19199.42656
34.0000 4 18203.27936
34.1000 4 20562.57536
34.2000 4 18811.45344
34.3000 4 20447.232
34.4000 4 17144.2176
34.5000 4 18989.71136
34.6000 4 18119.39328
34.7000 4 18412.99456
34.8000 4 19839.05792
34.9000 4 18245.2224
35.0000 4 16462.6432
35.1000 4 20541.60384
35.2000 4 17007.90272
35.3000 4 19650.31424
35.4000 4 18129.87904
35.5000 4 17332.96128
35.6000 4 18255.70816
35.7000 4 14889.7792
35.8000 4 16798.18752
35.9000 4 15602.81088
36.0000 4 18108.90752
36.1000 4 15068.03712
36.2000 4 16766.73024
36.3000 4 18392.02304
36.4000 4 18759.02464
36.5000 4 18255.70816
36.6000 4 18853.39648
36.7000 4 18580.76672
36.8000 4 19734.20032
36.9000 4 17699.96288
37.0000 4 18622.70976
37.1000 4 18308.13696
37.2000 4 19482.54208
37.3000 4 20803.74784
37.4000 4 18444.45184
37.5000 4 20740.83328
37.6000 4 14889.7792
37.7000 4 21464.35072
37.8000 4 18203.27936
37.9000 4 19178.45504
38.0000 4 20279.45984
38.1000 4 18035.5072
38.2000 4 22659.72736
38.3000 4 18958.25408
38.4000 4 20321.40288
38.5000 4 21170.74944
38.6000 4 18287.16544
38.7000 4 20740.83328
38.8000 4 17930.6496
38.9000 4 20719.86176
39.0000 4 19839.05792
39.1000 4 17962.10688
39.2000 4 21632.12288
39.3000 4 17553.16224
39.4000 4 21307.06432
39.5000 4 18412.99456
39.6000 4 19629.34272
39.7000 4 20887.63392
39.8000 4 17951.62112
39.9000 4 22292.72576
40.0000 4 18014.53568
40.1000 4 19681.77152
40.2000 4 20751.31904
40.3000 4 19555.9424
40.4000 4 20625.48992
40.5000 4 15382.60992
40.6000 4 20919.0912
40.7000 4 19188.9408
40.8000 4 18926.7968
40.9000 4 21128.8064
41.0000 4 18392.02304
41.1000 4 21139.29216
41.2000 4 19713.2288
41.3000 4 21202.20672
41.4000 4 18748.53888
41.5000 4 18559.7952
41.6000 4 18947.76832
41.7000 4 16106.12736
41.8000 4 20436.74624
41.9000 4 16829.6448
42.0000 4 19493.02784
42.1000 4 17720.9344
42.2000 4 14805.89312
42.3000 4 19461.57056
42.4000 4 14155.776
42.5000 4 19482.54208
42.6000 4 15980.29824
42.7000 4 17930.6496
42.8000 4 16840.13056
42.9000 4 18224.25088
43.0000 4 19534.97088
43.1000 4 17437.81888
43.2000 4 19293.7984
43.3000 4 13526.6304
43.4000 4 21128.8064
43.5000 4 13537.11616
43.6000 4 19388.17024
43.7000 4 20300.43136
43.8000 4 20761.8048
43.9000 4 20887.63392
44.0000 4 18800.96768
44.1000 4 18119.39328
44.2000 4 19849.54368
44.3000 4 17804.82048
44.4000 4 19849.54368
44.5000 4 17542.67648
44.6000 4 18381.53728
44.7000 4 19419.62752
44.8000 4 20384.31744
44.9000 4 15508.43904
45.0000 4 21474.83648
45.1000 4 15823.01184
45.2000 4 21432.89344
45.3000 4 18392.02304
45.4000 4 17395.87584
45.5000 4 19461.57056
45.6000 4 18045.99296
45.7000 4 20405.28896
45.8000 4 16022.24128
45.9000 4 18853.39648
46.0000 4 10129.24416
46.1000 4 5578.42432
