0.1000 4 0.0
0.2000 4 17311.98976
0.3000 4 16336.81408
0.4000 4 16588.47232
0.5000 4 17207.13216
0.6000 4 16273.89952
0.7000 4 16829.6448
0.8000 4 17689.47712
0.9000 4 17395.87584
1.0000 4 15382.60992
1.1000 4 18612.224
1.2000 4 16169.04192
1.3000 4 16598.95808
1.4000 4 21086.86336
1.5000 4 16661.87264
1.6000 4 20856.17664
1.7000 4 18129.87904
1.8000 4 20080.2304
1.9000 4 13746.83136
2.0000 4 19933.42976
2.1000 4 13956.54656
2.2000 4 18958.25408
2.3000 4 14323.54816
2.4000 4 18475.90912
2.5000 4 17542.67648
2.6000 4 18979.2256
2.7000 4 18182.30784
2.8000 4 19283.31264
2.9000 4 14029.94688
3.0000 4 20803.74784
3.1000 4 15518.9248
3.2000 4 17364.41856
3.3000 4 18538.82368
3.4000 4 19765.6576
3.5000 4 18402.5088
3.6000 4 19713.2288
3.7000 4 17448.30464
3.8000 4 17951.62112
3.9000 4 17972.59264
4.0000 4 18444.45184
4.1000 4 18150.85056
4.2000 4 16745.75872
4.3000 4 18318.62272
4.4000 4 18968.73984
4.5000 4 16735.27296
4.6000 4 18192.7936
4.7000 4 17374.90432
4.8000 4 19188.9408
4.9000 4 16651.38688
5.0000 4 19272.82688
5.1000 4 19084.0832
5.2000 4 15781.0688
5.3000 4 17647.53408
5.4000 4 16106.12736
5.5000 4 16357.7856
5.6000 4 19545.45664
5.7000 4 18119.39328
5.8000 4 20352.86016
5.9000 4 17207.13216
6.0000 4 18821.9392
6.1000 4 17395.87584
6.2000 4 18371.05152
6.3000 4 16735.27296
6.4000 4 16829.6448
6.5000 4 16798.18752
6.6000 4 17081.30304
6.7000 4 17637.04832
6.8000 4 17668.5056
6.9000 4 16043.2128
7.0000 4 19167.96928
7.1000 4 13977.51808
7.2000 4 20069.74464
7.3000 4 14784.9216
7.4000 4 19597.88544
7.5000 4 16703.81568
7.6000 4 18402.5088
7.7000 4 17165.18912
7.8000 4 17018.38848
7.9000 4 17783.84896
8.0000 4 13180.60032
8.1000 4 19167.96928
8.2000 4 15613.29664
8.3000 4 18601.73824
8.4000 4 17962.10688
8.5000 4 20373.83168
8.6000 4 17259.56096
8.7000 4 20929.57696
8.8000 4 17049.84576
8.9000 4 20940.06272
9.0000 4 17311.98976
9.1000 4 18098.42176
9.2000 4 17228.10368
9.3000 4 17815.30624
9.4000 4 19933.42976
9.5000 4 18035.5072
9.6000 4 19723.71456
9.7000 4 14239.66208
9.8000 4 19660.8
9.9000 4 16378.75712
10.0000 4 17511.2192
10.1000 4 15791.55456
10.2000 4 18308.13696
10.3000 4 17899.19232
10.4000 4 17941.13536
10.5000 4 19839.05792
10.6000 4 17238.58944
10.7000 4 20310.91712
10.8000 4 16483.61472
10.9000 4 19178.45504
11.0000 4 16693.32992
11.1000 4 18087.936
11.2000 4 18664.6528
11.3000 4 15487.46752
11.4000 4 18842.91072
11.5000 4 16074.67008
11.6000 4 17972.59264
11.7000 4 17175.67488
11.8000 4 19513.99936
11.9000 4 17091.7888
12.0000 4 19052.62592
12.1000 4 17112.76032
12.2000 4 17867.73504
12.3000 4 19188.9408
12.4000 4 18727.56736
12.5000 4 17301.504
12.6000 4 17270.04672
12.7000 4 18528.33792
12.8000 4 18905.82528
12.9000 4 17039.36
13.0000 4 18119.39328
13.1000 4 17458.7904
13.2000 4 18287.16544
13.3000 4 17563.648
13.4000 4 18811.45344
13.5000 4 17165.18912
13.6000 4 18287.16544
13.7000 4 17395.87584
13.8000 4 19388.17024
13.9000 4 17311.98976
14.0000 4 19440.59904
14.1000 4 17112.76032
14.2000 4 19230.88384
14.3000 4 18486.39488
14.4000 4 16661.87264
14.5000 4 19608.3712
14.6000 4 15047.0656
14.7000 4 18926.7968
14.8000 4 18203.27936
14.9000 4 15602.81088
15.0000 4 18350.08
15.1000 4 17311.98976
15.2000 4 17364.41856
15.3000 4 18895.33952
15.4000 4 17217.61792
15.5000 4 18937.28256
15.6000 4 14229.17632
15.7000 4 21307.06432
15.8000 4 16997.41696
15.9000 4 19293.7984
16.0000 4 16546.52928
16.1000 4 17710.44864
16.2000 4 17553.16224
16.3000 4 16441.67168
16.4000 4 20258.48832
16.5000 4 19230.88384
16.6000 4 19755.17184
16.7000 4 18108.90752
16.8000 4 18276.67968
16.9000 4 17553.16224
17.0000 4 16766.73024
17.1000 4 16158.55616
17.2000 4 17395.87584
17.3000 4 17500.73344
17.4000 4 18612.224
17.5000 4 19985.85856
17.6000 4 15634.26816
17.7000 4 20667.43296
17.8000 4 16462.6432
17.9000 4 18517.85216
18.0000 4 14292.09088
18.1000 4 18486.39488
18.2000 4 15718.15424
18.3000 4 19702.74304
18.4000 4 16808.67328
18.5000 4 19912.45824
18.6000 4 14575.2064
18.7000 4 20761.8048
18.8000 4 17867.73504
18.9000 4 17920.16384
19.0000 4 16903.04512
19.1000 4 19042.14016
19.2000 4 16462.6432
19.3000 4 18192.7936
19.4000 4 18916.31104
19.5000 4 18717.0816
19.6000 4 19157.48352
19.7000 4 18685.62432
19.8000 4 21034.43456
19.9000 4 16504.58624
20.0000 4 21862.8096
20.1000 4 17364.41856
20.2000 4 20761.8048
20.3000 4 18276.67968
20.4000 4 18685.62432
20.5000 4 18738.05312
20.6000 4 19388.17024
20.7000 4 18937.28256
20.8000 4 20510.14656
20.9000 4 19335.74144
21.0000 4 18874.368
21.1000 4 20772.29056
21.2000 4 16997.41696
21.3000 4 21516.77952
21.4000 4 18098.42176
21.5000 4 19922.944
21.6000 4 20111.68768
21.7000 4 18077.45024
21.8000 4 21485.32224
21.9000 4 15550.38208
22.0000 4 22366.12608
22.1000 4 11345.59232
22.2000 4 19943.91552
22.3000 4 13474.2016
22.4000 4 19597.88544
22.5000 4 16651.38688
22.6000 4 18318.62272
22.7000 4 19398.656
22.8000 4 16651.38688
22.9000 4 17186.16064
23.0000 4 19618.85696
23.1000 4 17039.36
23.2000 4 20059.25888
23.3000 4 18706.59584
23.4000 4 21747.46624
23.5000 4 18601.73824
23.6000 4 20059.25888
23.7000 4 20793.26208
23.8000 4 15623.7824
23.9000 4 19597.88544
24.0000 4 17836.27776
24.1000 4 19566.42816
24.2000 4 20132.6592
24.3000 4 19063.11168
24.4000 4 20898.11968
24.5000 4 18182.30784
24.6000 4 18255.70816
24.7000 4 17584.61952
24.8000 4 17154.70336
24.9000 4 12394.16832
25.0000 4 17196.6464
25.1000 4 18591.25248
25.2000 4 18622.70976
25.3000 4 19094.56896
25.4000 4 17689.47712
25.5000 4 19964.88704
25.6000 4 16787.70176
25.7000 4 19702.74304
25.8000 4 20363.34592
25.9000 4 17836.27776
26.0000 4 20352.86016
26.1000 4 18884.85376
26.2000 4 19209.91232
26.3000 4 19482.54208
26.4000 4 19849.54368
26.5000 4 17395.87584
26.6000 4 21065.89184
26.7000 4 11911.82336
26.8000 4 20730.34752
26.9000 4 17720.9344
27.0000 4 18570.28096
27.1000 4 17259.56096
27.2000 4 18989.71136
27.3000 4 16294.87104
27.4000 4 21055.40608
27.5000 4 18213.76512
27.6000 4 20447.232
27.7000 4 19482.54208
27.8000 4 16965.95968
27.9000 4 20793.26208
28.0000 4 15833.4976
28.1000 4 21086.86336
28.2000 4 16766.73024
28.3000 4 18570.28096
28.4000 4 19534.97088
28.5000 4 17941.13536
28.6000 4 19115.54048
28.7000 4 17301.504
28.8000 4 19084.0832
28.9000 4 20363.34592
29.0000 4 16766.73024
29.1000 4 21139.29216
29.2000 4 17081.30304
29.3000 4 18381.53728
29.4000 4 17878.2208
29.5000 4 17374.90432
29.6000 4 18916.31104
29.7000 4 18727.56736
29.8000 4 18947.76832
29.9000 4 20604.5184
30.0000 4 17941.13536
30.1000 4 19524.48512
30.2000 4 19367.19872
30.3000 4 19566.42816
30.4000 4 20289.9456
30.5000 4 19797.11488
30.6000 4 20174.60224
30.7000 4 19493.02784
30.8000 4 20604.5184
30.9000 4 18087.936
31.0000 4 18727.56736
31.1000 4 19084.0832
31.2000 4 19692.25728
31.3000 4 19115.54048
31.4000 4 19713.2288
31.5000 4 19283.31264
31.6000 4 18066.96448
31.7000 4 20310.91712
31.8000 4 18622.70976
31.9000 4 19472.05632
32.0000 4 20310.91712
32.1000 4 16200.4992
32.2000 4 20615.00416
32.3000 4 19209.91232
32.4000 4 20227.03104
32.5000 4 19734.20032
32.6000 4 20625.48992
32.7000 4 18528.33792
32.8000 4 19975.3728
32.9000 4 19608.3712
33.0000 4 20489.17504
33.1000 4 19597.88544
33.2000 4 17196.6464
33.3000 4 21223.17824
33.4000 4 17416.84736
33.5000 4 20992.49152
33.6000 4 17039.36
33.7000 4 18245.2224
33.8000 4 18444.45184
33.9000 4 16609.44384
34.0000 4 19084.0832
34.1000 4 18821.9392
34.2000 4 19283.31264
34.3000 4 20908.60544
34.4000 4 17112.76032
34.5000 4 20740.83328
34.6000 4 17616.0768
34.7000 4 20992.49152
34.8000 4 18339.59424
34.9000 4 17815.30624
35.0000 4 21160.26368
35.1000 4 16871.58784
35.2000 4 21663.58016
35.3000 4 16756.24448
35.4000 4 18601.73824
35.5000 4 18119.39328
35.6000 4 19734.20032
35.7000 4 19744.68608
35.8000 4 18297.6512
35.9000 4 19660.8
36.0000 4 20625.48992
36.1000 4 17175.67488
36.2000 4 21443.3792
36.3000 4 13694.40256
36.4000 4 19482.54208
36.5000 4 16567.5008
36.6000 4 20080.2304
36.7000 4 18297.6512
36.8000 4 19723.71456
36.9000 4 21474.83648
37.0000 4 18245.2224
37.1000 4 19723.71456
37.2000 4 18025.02144
37.3000 4 18675.13856
37.4000 4 18182.30784
37.5000 4 17920.16384
37.6000 4 19503.5136
37.7000 4 17658.01984
37.8000 4 18318.62272
37.9000 4 18591.25248
38.0000 4 19304.28416
38.1000 4 19094.56896
38.2000 4 18633.19552
38.3000 4 18916.31104
38.4000 4 17427.33312
38.5000 4 20877.14816
38.6000 4 16567.5008
38.7000 4 19451.0848
38.8000 4 17217.61792
38.9000 4 18203.27936
39.0000 4 18433.96608
39.1000 4 18738.05312
39.2000 4 21223.17824
39.3000 4 15560.86784
39.4000 4 20227.03104
39.5000 4 14942.208
39.6000 4 19964.88704
39.7000 4 17165.18912
39.8000 4 19021.16864
39.9000 4 17196.6464
40.0000 4 20772.29056
40.1000 4 19199.42656
40.2000 4 18717.0816
40.3000 4 18633.19552
40.4000 4 18045.99296
40.5000 4 16693.32992
40.6000 4 18853.39648
40.7000 4 18402.5088
40.8000 4 20478.68928
40.9000 4 18517.85216
41.0000 4 19524.48512
41.1000 4 19713.2288
41.2000 4 18643.68128
41.3000 4 19849.54368
41.4000 4 17259.56096
41.5000 4 21600.6656
41.6000 4 17469.27616
41.7000 4 19472.05632
41.8000 4 18392.02304
41.9000 4 20321.40288
42.0000 4 19262.34112
42.1000 4 18738.05312
42.2000 4 19618.85696
42.3000 4 17521.70496
42.4000 4 19356.71296
42.5000 4 17186.16064
42.6000 4 19304.28416
42.7000 4 16766.73024
42.8000 4 17720.9344
42.9000 4 17930.6496
43.0000 4 17123.24608
43.1000 4 19430.11328
43.2000 4 18486.39488
43.3000 4 15518.9248
43.4000 4 19629.34272
43.5000 4 16693.32992
43.6000 4 22303.21152
43.7000 4 16294.87104
43.8000 4 19073.59744
43.9000 4 15005.12256
44.0000 4 18800.96768
44.1000 4 18454.9376
44.2000 4 19503.5136
44.3000 4 20164.11648
44.4000 4 18255.70816
44.5000 4 19881.00096
44.6000 4 20006.83008
44.7000 4 19209.91232
44.8000 4 20331.88864
44.9000 4 15644.75392
45.0000 4 20541.60384
45.1000 4 19031.6544
45.2000 4 18790.48192
45.3000 4 18832.42496
45.4000 4 19818.0864
45.5000 4 19597.88544
45.6000 4 18759.02464
45.7000 4 10989.07648
