0.1000 4 0.0
0.2000 4 16525.55776
0.3000 4 17479.76192
0.4000 4 11513.36448
0.5000 4 18329.10848
0.6000 4 9196.01152
0.7000 4 18685.62432
0.8000 4 9563.01312
0.9000 4 18402.5088
1.0000 4 14784.9216
1.1000 4 12656.31232
1.2000 4 19251.85536
1.3000 4 7161.77408
1.4000 4 18014.53568
1.5000 4 13914.60352
1.6000 4 18675.13856
1.7000 4 15130.95168
1.8000 4 19251.85536
1.9000 4 16148.0704
2.0000 4 19272.82688
2.1000 4 16714.30144
2.2000 4 17165.18912
2.3000 4 16808.67328
2.4000 4 19618.85696
2.5000 4 15665.72544
2.6000 4 19377.68448
2.7000 4 16473.12896
2.8000 4 18496.88064
2.9000 4 17878.2208
3.0000 4 18171.82208
3.1000 4 17249.0752
3.2000 4 18769.5104
3.3000 4 17228.10368
3.4000 4 17437.81888
3.5000 4 17720.9344
3.6000 4 17511.2192
3.7000 4 18738.05312
3.8000 4 17081.30304
3.9000 4 18475.90912
4.0000 4 17196.6464
4.1000 4 17941.13536
4.2000 4 16798.18752
4.3000 4 18234.73664
4.4000 4 16651.38688
4.5000 4 19031.6544
4.6000 4 13358.85824
4.7000 4 19472.05632
4.8000 4 14082.37568
4.9000 4 17710.44864
5.0000 4 16441.67168
5.1000 4 19912.45824
5.2000 4 17270.04672
5.3000 4 18255.70816
5.4000 4 18905.82528
5.5000 4 16986.9312
5.6000 4 18685.62432
5.7000 4 17469.27616
5.8000 4 18297.6512
5.9000 4 18968.73984
6.0000 4 19262.34112
6.1000 4 18087.936
6.2000 4 17731.42016
6.3000 4 18255.70816
6.4000 4 17752.39168
6.5000 4 20877.14816
6.6000 4 16294.87104
6.7000 4 19597.88544
6.8000 4 14858.32192
6.9000 4 19534.97088
7.0000 4 16588.47232
7.1000 4 17542.67648
7.2000 4 16053.69856
7.3000 4 16861.10208
7.4000 4 13128.17152
7.5000 4 16127.09888
7.6000 4 17909.67808
7.7000 4 17070.81728
7.8000 4 16504.58624
7.9000 4 19534.97088
8.0000 4 17521.70496
8.1000 4 18433.96608
8.2000 4 18423.48032
8.3000 4 16976.44544
8.4000 4 18318.62272
8.5000 4 17123.24608
8.6000 4 18853.39648
8.7000 4 18182.30784
8.8000 4 18014.53568
8.9000 4 19251.85536
9.0000 4 19262.34112
9.1000 4 15456.01024
9.2000 4 20919.0912
9.3000 4 16252.928
9.4000 4 20279.45984
9.5000 4 17731.42016
9.6000 4 19975.3728
9.7000 4 18601.73824
9.8000 4 17238.58944
9.9000 4 19157.48352
10.0000 4 18496.88064
10.1000 4 18004.04992
10.2000 4 17930.6496
10.3000 4 18287.16544
10.4000 4 15718.15424
10.5000 4 20384.31744
10.6000 4 16326.32832
10.7000 4 18234.73664
10.8000 4 17720.9344
10.9000 4 19115.54048
11.0000 4 18916.31104
11.1000 4 16640.90112
11.2000 4 18287.16544
11.3000 4 17175.67488
11.4000 4 17678.99136
11.5000 4 17532.19072
11.6000 4 18266.19392
11.7000 4 18014.53568
11.8000 4 19797.11488
11.9000 4 19618.85696
12.0000 4 16714.30144
12.1000 4 20164.11648
12.2000 4 18192.7936
12.3000 4 20478.68928
12.4000 4 13159.6288
12.5000 4 18759.02464
12.6000 4 14113.83296
12.7000 4 19839.05792
12.8000 4 16515.072
12.9000 4 19608.3712
13.0000 4 17112.76032
13.1000 4 18339.59424
13.2000 4 12603.88352
13.3000 4 18874.368
13.4000 4 15078.52288
13.5000 4 18633.19552
13.6000 4 18559.7952
13.7000 4 17909.67808
13.8000 4 18192.7936
13.9000 4 17710.44864
14.0000 4 18234.73664
14.1000 4 15529.41056
14.2000 4 17762.87744
14.3000 4 17343.44704
14.4000 4 16336.81408
14.5000 4 17825.792
14.6000 4 14931.72224
14.7000 4 18874.368
14.8000 4 16022.24128
14.9000 4 20971.52
15.0000 4 15435.03872
15.1000 4 20520.63232
15.2000 4 16252.928
15.3000 4 17448.30464
15.4000 4 16347.29984
15.5000 4 20101.20192
15.6000 4 19776.14336
15.7000 4 20027.8016
15.8000 4 18968.73984
15.9000 4 20384.31744
16.0000 4 17731.42016
16.1000 4 20709.376
16.2000 4 19650.31424
16.3000 4 19272.82688
16.4000 4 19513.99936
16.5000 4 18654.16704
16.6000 4 20111.68768
16.7000 4 19849.54368
16.8000 4 19042.14016
16.9000 4 20048.77312
17.0000 4 16577.98656
17.1000 4 21202.20672
17.2000 4 15120.46592
17.3000 4 19503.5136
17.4000 4 15749.61152
17.5000 4 18496.88064
17.6000 4 19230.88384
17.7000 4 17238.58944
17.8000 4 19167.96928
17.9000 4 15938.3552
18.0000 4 20195.57376
18.1000 4 18224.25088
18.2000 4 18811.45344
18.3000 4 17920.16384
18.4000 4 18475.90912
18.5000 4 18937.28256
18.6000 4 17637.04832
18.7000 4 17490.24768
18.8000 4 17270.04672
18.9000 4 17217.61792
19.0000 4 18779.99616
19.1000 4 18412.99456
19.2000 4 18654.16704
19.3000 4 17291.01824
19.4000 4 17081.30304
19.5000 4 18916.31104
19.6000 4 17416.84736
19.7000 4 20342.3744
19.8000 4 16819.15904
19.9000 4 18884.85376
20.0000 4 17448.30464
20.1000 4 19314.76992
20.2000 4 19650.31424
20.3000 4 17374.90432
20.4000 4 19136.512
20.5000 4 16410.2144
20.6000 4 18161.33632
20.7000 4 17123.24608
20.8000 4 19534.97088
20.9000 4 18612.224
21.0000 4 18559.7952
21.1000 4 18612.224
21.2000 4 18255.70816
21.3000 4 17647.53408
21.4000 4 16536.04352
21.5000 4 20080.2304
21.6000 4 18056.47872
21.7000 4 17899.19232
21.8000 4 18433.96608
21.9000 4 19241.3696
22.0000 4 18580.76672
22.1000 4 16640.90112
22.2000 4 17574.13376
22.3000 4 18444.45184
22.4000 4 16913.53088
22.5000 4 20059.25888
22.6000 4 17311.98976
22.7000 4 19618.85696
22.8000 4 19608.3712
22.9000 4 16766.73024
23.0000 4 18507.3664
23.1000 4 17458.7904
23.2000 4 17196.6464
23.3000 4 17070.81728
23.4000 4 17511.2192
23.5000 4 19031.6544
23.6000 4 15864.95488
23.7000 4 16315.84256
23.8000 4 20006.83008
23.9000 4 17972.59264
24.0000 4 20237.5168
24.1000 4 18234.73664
24.2000 4 16798.18752
24.3000 4 16431.18592
24.4000 4 14145.29024
24.5000 4 19356.71296
24.6000 4 16284.38528
24.7000 4 19503.5136
24.8000 4 16263.41376
24.9000 4 19545.45664
25.0000 4 18989.71136
25.1000 4 17070.81728
25.2000 4 18717.0816
25.3000 4 17511.2192
25.4000 4 17804.82048
25.5000 4 17091.7888
25.6000 4 19985.85856
25.7000 4 14449.37728
25.8000 4 19891.48672
25.9000 4 17070.81728
26.0000 4 18381.53728
26.1000 4 18119.39328
26.2000 4 17154.70336
26.3000 4 17637.04832
26.4000 4 17500.73344
26.5000 4 16745.75872
26.6000 4 19346.2272
26.7000 4 16494.10048
26.8000 4 19220.39808
26.9000 4 16976.44544
27.0000 4 18937.28256
27.1000 4 18570.28096
27.2000 4 17406.3616
27.3000 4 19073.59744
27.4000 4 15183.38048
27.5000 4 19807.60064
27.6000 4 15508.43904
27.7000 4 18025.02144
27.8000 4 18549.30944
27.9000 4 19849.54368
28.0000 4 17595.10528
28.1000 4 19251.85536
28.2000 4 17322.47552
28.3000 4 21023.9488
28.4000 4 14512.29184
28.5000 4 19304.28416
28.6000 4 17846.76352
28.7000 4 18769.5104
28.8000 4 18675.13856
28.9000 4 17511.2192
29.0000 4 17154.70336
29.1000 4 19314.76992
29.2000 4 17762.87744
29.3000 4 17930.6496
29.4000 4 16745.75872
29.5000 4 18507.3664
29.6000 4 16389.24288
29.7000 4 16798.18752
29.8000 4 16724.7872
29.9000 4 18255.70816
30.0000 4 19031.6544
30.1000 4 18507.3664
30.2000 4 19021.16864
30.3000 4 16410.2144
30.4000 4 18517.85216
30.5000 4 19293.7984
30.6000 4 16347.29984
30.7000 4 17511.2192
30.8000 4 15990.784
30.9000 4 18800.96768
31.0000 4 16368.27136
31.1000 4 17574.13376
31.2000 4 17647.53408
31.3000 4 19996.34432
31.4000 4 19776.14336
31.5000 4 20268.97408
31.6000 4 16273.89952
31.7000 4 20961.03424
31.8000 4 16242.44224
31.9000 4 20352.86016
32.0000 4 15823.01184
32.1000 4 19797.11488
32.2000 4 17144.2176
32.3000 4 19618.85696
32.4000 4 18308.13696
32.5000 4 21852.32384
32.6000 4 16106.12736
32.7000 4 19503.5136
32.8000 4 13736.3456
32.9000 4 19199.42656
33.0000 4 16001.26976
33.1000 4 19335.74144
33.2000 4 16756.24448
33.3000 4 18832.42496
33.4000 4 17699.96288
33.5000 4 18675.13856
33.6000 4 15057.55136
33.7000 4 19073.59744
33.8000 4 16619.9296
33.9000 4 17983.0784
34.0000 4 17500.73344
34.1000 4 21359.49312
34.2000 4 15382.60992
34.3000 4 21432.89344
34.4000 4 17542.67648
34.5000 4 20248.00256
34.6000 4 17920.16384
34.7000 4 18213.76512
34.8000 4 17479.76192
34.9000 4 19461.57056
35.0000 4 17175.67488
35.1000 4 19094.56896
35.2000 4 16368.27136
35.3000 4 19797.11488
35.4000 4 16326.32832
35.5000 4 20688.40448
35.6000 4 18108.90752
35.7000 4 19513.99936
35.8000 4 18685.62432
35.9000 4 19167.96928
36.0000 4 18811.45344
36.1000 4 18496.88064
36.2000 4 17794.33472
36.3000 4 19618.85696
36.4000 4 15676.2112
36.5000 4 18748.53888
36.6000 4 17532.19072
36.7000 4 19178.45504
36.8000 4 16619.9296
36.9000 4 21359.49312
37.0000 4 16284.38528
37.1000 4 20185.088
37.2000 4 14994.6368
37.3000 4 17511.2192
37.4000 4 17311.98976
37.5000 4 17741.90592
37.6000 4 17395.87584
37.7000 4 19272.82688
37.8000 4 18968.73984
37.9000 4 19388.17024
38.0000 4 19031.6544
38.1000 4 17941.13536
38.2000 4 20185.088
38.3000 4 16661.87264
38.4000 4 20006.83008
38.5000 4 16221.47072
38.6000 4 19084.0832
38.7000 4 15539.89632
38.8000 4 20552.0896
38.9000 4 16032.72704
39.0000 4 18821.9392
39.1000 4 18842.91072
39.2000 4 17595.10528
39.3000 4 17563.648
39.4000 4 17846.76352
39.5000 4 19325.25568
39.6000 4 16032.72704
39.7000 4 19534.97088
39.8000 4 17773.3632
39.9000 4 18339.59424
40.0000 4 17416.84736
40.1000 4 16787.70176
40.2000 4 16609.44384
40.3000 4 18580.76672
40.4000 4 15896.41216
40.5000 4 18905.82528
40.6000 4 15424.55296
40.7000 4 18790.48192
40.8000 4 13935.57504
40.9000 4 18140.3648
41.0000 4 16840.13056
41.1000 4 17857.24928
41.2000 4 17647.53408
41.3000 4 19660.8
41.4000 4 17175.67488
41.5000 4 21736.98048
41.6000 4 14816.37888
41.7000 4 20059.25888
41.8000 4 16284.38528
41.9000 4 18926.7968
42.0000 4 15130.95168
42.1000 4 17731.42016
42.2000 4 16661.87264
42.3000 4 18402.5088
42.4000 4 17752.39168
42.5000 4 17500.73344
42.6000 4 17836.27776
42.7000 4 17899.19232
42.8000 4 18654.16704
42.9000 4 17154.70336
43.0000 4 17941.13536
43.1000 4 21244.14976
43.2000 4 17752.39168
43.3000 4 22114.46784
43.4000 4 17553.16224
43.5000 4 17186.16064
43.6000 4 18633.19552
43.7000 4 18622.70976
43.8000 4 20069.74464
43.9000 4 16787.70176
44.0000 4 20447.232
44.1000 4 18402.5088
44.2000 4 19629.34272
44.3000 4 18517.85216
44.4000 4 18811.45344
44.5000 4 19367.19872
44.6000 4 18685.62432
44.7000 4 19283.31264
44.8000 4 20279.45984
44.9000 4 17049.84576
45.0000 4 20919.0912
45.1000 4 12761.16992
45.2000 4 20709.376
45.3000 4 17070.81728
45.4000 4 17154.70336
45.5000 4 15843.98336
45.6000 4 18926.7968
45.7000 4 17595.10528
45.8000 4 16504.58624
45.9000 4 19797.11488
46.0000 4 17878.2208
46.1000 4 20143.14496
46.2000 4 15665.72544
46.3000 4 18423.48032
46.4000 4 17920.16384
46.5000 4 20153.63072
46.6000 4 18549.30944
46.7000 4 18266.19392
46.8000 4 12289.31072
46.9000 4 1866.46528
