0.1000 4 0.0
0.2000 4 17710.44864
0.3000 4 15193.86624
0.4000 4 17364.41856
0.5000 4 15193.86624
0.6000 4 17962.10688
0.7000 4 17511.2192
0.8000 4 18664.6528
0.9000 4 18140.3648
1.0000 4 19765.6576
1.1000 4 15676.2112
1.2000 4 19964.88704
1.3000 4 14428.40576
1.4000 4 20541.60384
1.5000 4 17846.76352
1.6000 4 18643.68128
1.7000 4 17616.0768
1.8000 4 15204.352
1.9000 4 18276.67968
2.0000 4 16137.58464
2.1000 4 16252.928
2.2000 4 16179.52768
2.3000 4 21044.92032
2.4000 4 15896.41216
2.5000 4 17521.70496
2.6000 4 17720.9344
2.7000 4 16116.61312
2.8000 4 18350.08
2.9000 4 16504.58624
3.0000 4 19734.20032
3.1000 4 17616.0768
3.2000 4 19881.00096
3.3000 4 17605.59104
3.4000 4 19063.11168
3.5000 4 18769.5104
3.6000 4 19084.0832
3.7000 4 19555.9424
3.8000 4 19126.02624
3.9000 4 16944.98816
4.0000 4 18255.70816
4.1000 4 16840.13056
4.2000 4 18591.25248
4.3000 4 15571.3536
4.4000 4 18035.5072
4.5000 4 14428.40576
4.6000 4 20069.74464
4.7000 4 15697.18272
4.8000 4 18979.2256
4.9000 4 17102.27456
5.0000 4 19482.54208
5.1000 4 18517.85216
5.2000 4 17899.19232
5.3000 4 17448.30464
5.4000 4 16997.41696
5.5000 4 18622.70976
5.6000 4 15151.9232
5.7000 4 19912.45824
5.8000 4 14952.69376
5.9000 4 18790.48192
6.0000 4 15309.2096
6.1000 4 19063.11168
6.2000 4 14774.43584
6.3000 4 18853.39648
6.4000 4 13222.54336
6.5000 4 18968.73984
6.6000 4 15445.52448
6.7000 4 18140.3648
6.8000 4 17752.39168
6.9000 4 18549.30944
7.0000 4 18308.13696
7.1000 4 18496.88064
7.2000 4 17867.73504
7.3000 4 18087.936
7.4000 4 17028.87424
7.5000 4 17846.76352
7.6000 4 19430.11328
7.7000 4 17364.41856
7.8000 4 21170.74944
7.9000 4 16053.69856
8.0000 4 19849.54368
8.1000 4 13222.54336
8.2000 4 22387.0976
8.3000 4 12383.68256
8.4000 4 21778.92352
8.5000 4 18192.7936
8.6000 4 19398.656
8.7000 4 18486.39488
8.8000 4 19251.85536
8.9000 4 18392.02304
9.0000 4 20426.26048
9.1000 4 17479.76192
9.2000 4 19975.3728
9.3000 4 17658.01984
9.4000 4 18832.42496
9.5000 4 18486.39488
9.6000 4 19650.31424
9.7000 4 16808.67328
9.8000 4 18853.39648
9.9000 4 19021.16864
10.0000 4 18014.53568
10.1000 4 17741.90592
10.2000 4 16944.98816
10.3000 4 20478.68928
10.4000 4 14784.9216
10.5000 4 20457.71776
10.6000 4 17395.87584
10.7000 4 19818.0864
10.8000 4 19430.11328
10.9000 4 19901.97248
11.0000 4 20153.63072
11.1000 4 17993.56416
11.2000 4 20289.9456
11.3000 4 18444.45184
11.4000 4 20604.5184
11.5000 4 17207.13216
11.6000 4 20635.97568
11.7000 4 15382.60992
11.8000 4 18318.62272
11.9000 4 17899.19232
12.0000 4 18759.02464
12.1000 4 20615.00416
12.2000 4 15781.0688
12.3000 4 18234.73664
12.4000 4 18811.45344
12.5000 4 19713.2288
12.6000 4 18276.67968
12.7000 4 18339.59424
12.8000 4 18329.10848
12.9000 4 18098.42176
13.0000 4 19042.14016
13.1000 4 17490.24768
13.2000 4 17553.16224
13.3000 4 19136.512
13.4000 4 19094.56896
13.5000 4 18580.76672
13.6000 4 18549.30944
13.7000 4 18486.39488
13.8000 4 19797.11488
13.9000 4 17626.56256
14.0000 4 20143.14496
14.1000 4 17930.6496
14.2000 4 19063.11168
14.3000 4 18318.62272
14.4000 4 18821.9392
14.5000 4 19241.3696
14.6000 4 17532.19072
14.7000 4 19073.59744
14.8000 4 19325.25568
14.9000 4 19839.05792
15.0000 4 20394.8032
15.1000 4 18318.62272
15.2000 4 18423.48032
15.3000 4 19188.9408
15.4000 4 19377.68448
15.5000 4 20248.00256
15.6000 4 18444.45184
15.7000 4 20940.06272
15.8000 4 20227.03104
15.9000 4 19576.91392
16.0000 4 19975.3728
16.1000 4 19314.76992
16.2000 4 20237.5168
16.3000 4 18486.39488
16.4000 4 19042.14016
16.5000 4 21516.77952
16.6000 4 18444.45184
16.7000 4 20615.00416
16.8000 4 18129.87904
16.9000 4 19031.6544
17.0000 4 20499.6608
17.1000 4 16190.01344
17.2000 4 18706.59584
17.3000 4 15634.26816
17.4000 4 18213.76512
17.5000 4 13925.08928
17.6000 4 20447.232
17.7000 4 12488.54016
17.8000 4 20541.60384
17.9000 4 16148.0704
18.0000 4 19524.48512
18.1000 4 17773.3632
18.2000 4 18475.90912
18.3000 4 20887.63392
18.4000 4 16588.47232
18.5000 4 22596.8128
18.6000 4 18507.3664
18.7000 4 19283.31264
18.8000 4 18570.28096
18.9000 4 15277.75232
19.0000 4 15403.58144
19.1000 4 17364.41856
19.2000 4 14292.09088
19.3000 4 19021.16864
19.4000 4 14921.23648
19.5000 4 18633.19552
19.6000 4 16829.6448
19.7000 4 19608.3712
19.8000 4 17249.0752
19.9000 4 20206.05952
20.0000 4 18213.76512
20.1000 4 20531.11808
20.2000 4 17867.73504
20.3000 4 18842.91072
20.4000 4 20069.74464
20.5000 4 15550.38208
20.6000 4 18454.9376
20.7000 4 17815.30624
20.8000 4 18979.2256
20.9000 4 18748.53888
21.0000 4 17301.504
21.1000 4 19126.02624
21.2000 4 16944.98816
21.3000 4 17815.30624
21.4000 4 17584.61952
21.5000 4 19597.88544
21.6000 4 17846.76352
21.7000 4 17857.24928
21.8000 4 18150.85056
21.9000 4 18580.76672
22.0000 4 17280.53248
22.1000 4 18643.68128
22.2000 4 19597.88544
22.3000 4 15151.9232
22.4000 4 18717.0816
22.5000 4 17584.61952
22.6000 4 19000.19712
22.7000 4 17773.3632
22.8000 4 20520.63232
22.9000 4 15718.15424
23.0000 4 19943.91552
23.1000 4 12194.93888
23.2000 4 18150.85056
23.3000 4 15068.03712
23.4000 4 18675.13856
23.5000 4 18748.53888
23.6000 4 19409.14176
23.7000 4 17521.70496
23.8000 4 19943.91552
23.9000 4 16431.18592
24.0000 4 21212.69248
24.1000 4 14124.31872
24.2000 4 20929.57696
24.3000 4 18570.28096
24.4000 4 19251.85536
24.5000 4 19084.0832
24.6000 4 18853.39648
24.7000 4 18423.48032
24.8000 4 17144.2176
24.9000 4 20656.9472
25.0000 4 17007.90272
25.1000 4 20268.97408
25.2000 4 17951.62112
25.3000 4 18496.88064
25.4000 4 15697.18272
25.5000 4 18056.47872
25.6000 4 18958.25408
25.7000 4 18224.25088
25.8000 4 20468.20352
25.9000 4 16714.30144
26.0000 4 20342.3744
26.1000 4 19734.20032
26.2000 4 18958.25408
26.3000 4 19901.97248
26.4000 4 17542.67648
26.5000 4 19807.60064
26.6000 4 17207.13216
26.7000 4 20457.71776
26.8000 4 18538.82368
26.9000 4 18874.368
27.0000 4 18014.53568
27.1000 4 19765.6576
27.2000 4 18517.85216
27.3000 4 19430.11328
27.4000 4 19566.42816
27.5000 4 19503.5136
27.6000 4 18392.02304
27.7000 4 18329.10848
27.8000 4 17165.18912
27.9000 4 20227.03104
28.0000 4 19975.3728
28.1000 4 19094.56896
28.2000 4 17353.9328
28.3000 4 18538.82368
28.4000 4 20531.11808
28.5000 4 18769.5104
28.6000 4 20069.74464
28.7000 4 17857.24928
28.8000 4 20552.0896
28.9000 4 17962.10688
29.0000 4 18821.9392
29.1000 4 17270.04672
29.2000 4 18989.71136
29.3000 4 19849.54368
29.4000 4 17259.56096
29.5000 4 19650.31424
29.6000 4 19996.34432
29.7000 4 16515.072
29.8000 4 20740.83328
29.9000 4 18800.96768
30.0000 4 19650.31424
30.1000 4 19524.48512
30.2000 4 17028.87424
30.3000 4 17626.56256
30.4000 4 16861.10208
30.5000 4 18287.16544
30.6000 4 17720.9344
30.7000 4 18077.45024
30.8000 4 17804.82048
30.9000 4 17647.53408
31.0000 4 20090.71616
31.1000 4 15309.2096
31.2000 4 18612.224
31.3000 4 16913.53088
31.4000 4 19513.99936
31.5000 4 18339.59424
31.6000 4 15843.98336
31.7000 4 19451.0848
31.8000 4 17144.2176
31.9000 4 22240.29696
32.0000 4 17081.30304
32.1000 4 21160.26368
32.2000 4 19430.11328
32.3000 4 17699.96288
32.4000 4 20090.71616
32.5000 4 14417.92
32.6000 4 22030.58176
32.7000 4 17385.39008
32.8000 4 20971.52
32.9000 4 18350.08
33.0000 4 19010.68288
33.1000 4 18832.42496
33.2000 4 18392.02304
33.3000 4 17836.27776
33.4000 4 17532.19072
33.5000 4 16934.5024
33.6000 4 19472.05632
33.7000 4 18821.9392
33.8000 4 17616.0768
33.9000 4 19713.2288
34.0000 4 16871.58784
34.1000 4 21443.3792
34.2000 4 15277.75232
34.3000 4 21055.40608
34.4000 4 17270.04672
34.5000 4 19839.05792
34.6000 4 21002.97728
34.7000 4 15823.01184
34.8000 4 16724.7872
34.9000 4 16598.95808
35.0000 4 19828.57216
35.1000 4 17437.81888
35.2000 4 19021.16864
35.3000 4 18811.45344
35.4000 4 20289.9456
35.5000 4 19346.2272
35.6000 4 19524.48512
35.7000 4 18329.10848
35.8000 4 20761.8048
35.9000 4 17993.56416
36.0000 4 20101.20192
36.1000 4 15843.98336
36.2000 4 19199.42656
36.3000 4 10674.50368
36.4000 4 19251.85536
36.5000 4 16252.928
36.6000 4 18350.08
36.7000 4 17637.04832
36.8000 4 16043.2128
36.9000 4 20090.71616
37.0000 4 16871.58784
37.1000 4 20950.54848
37.2000 4 18853.39648
37.3000 4 18339.59424
37.4000 4 19545.45664
37.5000 4 18622.70976
37.6000 4 20940.06272
37.7000 4 16577.98656
37.8000 4 19534.97088
37.9000 4 19440.59904
38.0000 4 16200.4992
38.1000 4 18392.02304
38.2000 4 17616.0768
38.3000 4 19126.02624
38.4000 4 20908.60544
38.5000 4 18538.82368
38.6000 4 20594.03264
38.7000 4 17165.18912
38.8000 4 20772.29056
38.9000 4 16934.5024
39.0000 4 19010.68288
39.1000 4 17878.2208
39.2000 4 16116.61312
39.3000 4 21590.17984
39.4000 4 18528.33792
39.5000 4 20866.6624
39.6000 4 18612.224
39.7000 4 19912.45824
39.8000 4 19084.0832
39.9000 4 18947.76832
40.0000 4 19513.99936
40.1000 4 16756.24448
40.2000 4 17825.792
40.3000 4 19723.71456
40.4000 4 18580.76672
40.5000 4 15938.3552
40.6000 4 18119.39328
40.7000 4 18790.48192
40.8000 4 20384.31744
40.9000 4 17720.9344
41.0000 4 20258.48832
41.1000 4 19493.02784
41.2000 4 19000.19712
41.3000 4 19839.05792
41.4000 4 18884.85376
41.5000 4 18800.96768
41.6000 4 18350.08
41.7000 4 15760.09728
41.8000 4 18412.99456
41.9000 4 18004.04992
42.0000 4 18308.13696
42.1000 4 18863.88224
42.2000 4 16913.53088
42.3000 4 19943.91552
42.4000 4 18633.19552
42.5000 4 20363.34592
42.6000 4 17783.84896
42.7000 4 20279.45984
42.8000 4 19776.14336
42.9000 4 17920.16384
43.0000 4 21474.83648
43.1000 4 16263.41376
43.2000 4 20300.43136
43.3000 4 18748.53888
43.4000 4 20772.29056
43.5000 4 18643.68128
43.6000 4 16609.44384
43.7000 4 20321.40288
43.8000 4 17574.13376
43.9000 4 21432.89344
44.0000 4 17039.36
44.1000 4 17301.504
44.2000 4 18213.76512
44.3000 4 18559.7952
44.4000 4 19975.3728
44.5000 4 17039.36
44.6000 4 20394.8032
44.7000 4 15854.46912
44.8000 4 21422.40768
44.9000 4 15414.0672
45.0000 4 19126.02624
45.1000 4 16661.87264
45.2000 4 19430.11328
45.3000 4 17133.73184
45.4000 4 19555.9424
45.5000 4 16158.55616
45.6000 4 15760.09728
45.7000 4 6773.80096
