0.1000 4 0.0
0.2000 4 16735.27296
0.3000 4 16577.98656
0.4000 4 14292.09088
0.5000 4 19818.0864
0.6000 4 13704.88832
0.7000 4 16137.58464
0.8000 4 15823.01184
0.9000 4 19157.48352
1.0000 4 16032.72704
1.1000 4 17951.62112
1.2000 4 17343.44704
1.3000 4 17238.58944
1.4000 4 18329.10848
1.5000 4 16903.04512
1.6000 4 19325.25568
1.7000 4 17280.53248
1.8000 4 18150.85056
1.9000 4 17899.19232
2.0000 4 16284.38528
2.1000 4 20457.71776
2.2000 4 14187.23328
2.3000 4 19849.54368
2.4000 4 15130.95168
2.5000 4 18444.45184
2.6000 4 18056.47872
2.7000 4 18433.96608
2.8000 4 16861.10208
2.9000 4 18454.9376
3.0000 4 19849.54368
3.1000 4 20101.20192
3.2000 4 19472.05632
3.3000 4 15130.95168
3.4000 4 20615.00416
3.5000 4 13967.03232
3.6000 4 21736.98048
3.7000 4 15403.58144
3.8000 4 19314.76992
3.9000 4 19084.0832
4.0000 4 17511.2192
4.1000 4 17039.36
4.2000 4 21275.60704
4.3000 4 18465.42336
4.4000 4 20342.3744
4.5000 4 18874.368
4.6000 4 19000.19712
4.7000 4 17637.04832
4.8000 4 17689.47712
4.9000 4 16630.41536
5.0000 4 15823.01184
5.1000 4 18171.82208
5.2000 4 14973.66528
5.3000 4 18842.91072
5.4000 4 11460.93568
5.5000 4 18580.76672
5.6000 4 13306.42944
5.7000 4 18664.6528
5.8000 4 17301.504
5.9000 4 17951.62112
6.0000 4 17228.10368
6.1000 4 16630.41536
6.2000 4 18224.25088
6.3000 4 17500.73344
6.4000 4 16210.98496
6.5000 4 17846.76352
6.6000 4 15770.58304
6.7000 4 17678.99136
6.8000 4 14407.43424
6.9000 4 19105.05472
7.0000 4 16598.95808
7.1000 4 19576.91392
7.2000 4 16944.98816
7.3000 4 18077.45024
7.4000 4 19000.19712
7.5000 4 18465.42336
7.6000 4 18759.02464
7.7000 4 18035.5072
7.8000 4 18926.7968
7.9000 4 18045.99296
8.0000 4 17658.01984
8.1000 4 18601.73824
8.2000 4 18297.6512
8.3000 4 19493.02784
8.4000 4 18433.96608
8.5000 4 18570.28096
8.6000 4 18224.25088
8.7000 4 18664.6528
8.8000 4 19167.96928
8.9000 4 16368.27136
9.0000 4 17311.98976
9.1000 4 17532.19072
9.2000 4 19534.97088
9.3000 4 19105.05472
9.4000 4 19178.45504
9.5000 4 16944.98816
9.6000 4 18454.9376
9.7000 4 19021.16864
9.8000 4 19513.99936
9.9000 4 18381.53728
10.0000 4 18633.19552
10.1000 4 17689.47712
10.2000 4 18412.99456
10.3000 4 17343.44704
10.4000 4 17710.44864
10.5000 4 18318.62272
10.6000 4 17867.73504
10.7000 4 19199.42656
10.8000 4 18538.82368
10.9000 4 18507.3664
11.0000 4 17406.3616
11.1000 4 18329.10848
11.2000 4 17930.6496
11.3000 4 17196.6464
11.4000 4 19461.57056
11.5000 4 16200.4992
11.6000 4 20604.5184
11.7000 4 16682.84416
11.8000 4 20394.8032
11.9000 4 15403.58144
12.0000 4 19755.17184
12.1000 4 18926.7968
12.2000 4 19021.16864
12.3000 4 17710.44864
12.4000 4 17605.59104
12.5000 4 16850.61632
12.6000 4 17658.01984
12.7000 4 18224.25088
12.8000 4 18224.25088
12.9000 4 19367.19872
13.0000 4 16745.75872
13.1000 4 19178.45504
13.2000 4 17878.2208
13.3000 4 16882.0736
13.4000 4 17280.53248
13.5000 4 17626.56256
13.6000 4 18748.53888
13.7000 4 17626.56256
13.8000 4 18559.7952
13.9000 4 17469.27616
14.0000 4 18339.59424
14.1000 4 19660.8
14.2000 4 18538.82368
14.3000 4 18800.96768
14.4000 4 16137.58464
14.5000 4 20080.2304
14.6000 4 13851.68896
14.7000 4 19776.14336
14.8000 4 12184.45312
14.9000 4 20164.11648
15.0000 4 15120.46592
15.1000 4 19755.17184
15.2000 4 17983.0784
15.3000 4 19167.96928
15.4000 4 17699.96288
15.5000 4 17595.10528
15.6000 4 18717.0816
15.7000 4 15539.89632
15.8000 4 20552.0896
15.9000 4 16934.5024
16.0000 4 18423.48032
16.1000 4 14921.23648
16.2000 4 20206.05952
16.3000 4 16965.95968
16.4000 4 18423.48032
16.5000 4 17951.62112
16.6000 4 17815.30624
16.7000 4 20310.91712
16.8000 4 16745.75872
16.9000 4 21831.35232
17.0000 4 16420.70016
17.1000 4 20552.0896
17.2000 4 11890.85184
17.3000 4 20656.9472
17.4000 4 16462.6432
17.5000 4 18800.96768
17.6000 4 18800.96768
17.7000 4 17280.53248
17.8000 4 18412.99456
17.9000 4 16944.98816
18.0000 4 17353.9328
18.1000 4 17532.19072
18.2000 4 19430.11328
18.3000 4 16766.73024
18.4000 4 19136.512
18.5000 4 19513.99936
18.6000 4 17962.10688
18.7000 4 19409.14176
18.8000 4 16672.3584
18.9000 4 20248.00256
19.0000 4 16064.18432
19.1000 4 20635.97568
19.2000 4 14092.86144
19.3000 4 19744.68608
19.4000 4 17574.13376
19.5000 4 19723.71456
19.6000 4 17595.10528
19.7000 4 20740.83328
19.8000 4 19178.45504
19.9000 4 16703.81568
20.0000 4 17374.90432
20.1000 4 19000.19712
20.2000 4 18926.7968
20.3000 4 15927.86944
20.4000 4 19671.28576
20.5000 4 17385.39008
20.6000 4 20478.68928
20.7000 4 16011.75552
20.8000 4 20782.77632
20.9000 4 17154.70336
21.0000 4 20006.83008
21.1000 4 16305.3568
21.2000 4 20216.54528
21.3000 4 16609.44384
21.4000 4 20992.49152
21.5000 4 15875.44064
21.6000 4 21034.43456
21.7000 4 17448.30464
21.8000 4 19849.54368
21.9000 4 18696.11008
22.0000 4 19073.59744
22.1000 4 18371.05152
22.2000 4 17332.96128
22.3000 4 18045.99296
22.4000 4 18958.25408
22.5000 4 16892.55936
22.6000 4 18119.39328
22.7000 4 18937.28256
22.8000 4 16735.27296
22.9000 4 18570.28096
23.0000 4 15414.0672
23.1000 4 16640.90112
23.2000 4 14176.74752
23.3000 4 19115.54048
23.4000 4 14375.97696
23.5000 4 18601.73824
23.6000 4 17783.84896
23.7000 4 19755.17184
23.8000 4 16976.44544
23.9000 4 19094.56896
24.0000 4 19220.39808
24.1000 4 17658.01984
24.2000 4 18182.30784
24.3000 4 18570.28096
24.4000 4 15812.52608
24.5000 4 18874.368
24.6000 4 17060.33152
24.7000 4 19419.62752
24.8000 4 17102.27456
24.9000 4 17888.70656
25.0000 4 15456.01024
25.1000 4 19513.99936
25.2000 4 17196.6464
25.3000 4 17385.39008
25.4000 4 18979.2256
25.5000 4 17616.0768
25.6000 4 18591.25248
25.7000 4 17364.41856
25.8000 4 18979.2256
25.9000 4 18308.13696
26.0000 4 18884.85376
26.1000 4 19702.74304
26.2000 4 18350.08
26.3000 4 16766.73024
26.4000 4 17909.67808
26.5000 4 15864.95488
26.6000 4 21296.57856
26.7000 4 16703.81568
26.8000 4 20216.54528
26.9000 4 17836.27776
27.0000 4 18643.68128
27.1000 4 19493.02784
27.2000 4 17133.73184
27.3000 4 20635.97568
27.4000 4 17060.33152
27.5000 4 21086.86336
27.6000 4 16808.67328
27.7000 4 19461.57056
27.8000 4 14795.40736
27.9000 4 17616.0768
28.0000 4 19713.2288
28.1000 4 15990.784
28.2000 4 19912.45824
28.3000 4 17060.33152
28.4000 4 18800.96768
28.5000 4 17500.73344
28.6000 4 18570.28096
28.7000 4 19482.54208
28.8000 4 18853.39648
28.9000 4 17479.76192
29.0000 4 18360.56576
29.1000 4 15864.95488
29.2000 4 20289.9456
29.3000 4 15802.04032
29.4000 4 19230.88384
29.5000 4 17479.76192
29.6000 4 20698.89024
29.7000 4 16483.61472
29.8000 4 19356.71296
29.9000 4 15875.44064
30.0000 4 19566.42816
30.1000 4 17238.58944
30.2000 4 18360.56576
30.3000 4 19335.74144
30.4000 4 16640.90112
30.5000 4 20143.14496
30.6000 4 16378.75712
30.7000 4 21223.17824
30.8000 4 15802.04032
30.9000 4 19639.82848
31.0000 4 15078.52288
31.1000 4 21474.83648
31.2000 4 18643.68128
31.3000 4 20027.8016
31.4000 4 19167.96928
31.5000 4 16315.84256
31.6000 4 20426.26048
31.7000 4 20038.28736
31.8000 4 18779.99616
31.9000 4 17637.04832
32.0000 4 18643.68128
32.1000 4 19839.05792
32.2000 4 17416.84736
32.3000 4 19293.7984
32.4000 4 16850.61632
32.5000 4 19587.39968
32.6000 4 9667.87072
32.7000 4 18738.05312
32.8000 4 17280.53248
32.9000 4 19430.11328
33.0000 4 21296.57856
33.1000 4 17930.6496
33.2000 4 20111.68768
33.3000 4 17511.2192
33.4000 4 18769.5104
33.5000 4 14984.15104
33.6000 4 20531.11808
33.7000 4 13925.08928
33.8000 4 20761.8048
33.9000 4 12478.0544
34.0000 4 17238.58944
34.1000 4 12708.74112
34.2000 4 19063.11168
34.3000 4 16420.70016
34.4000 4 20310.91712
34.5000 4 18025.02144
34.6000 4 19964.88704
34.7000 4 19398.656
34.8000 4 18329.10848
34.9000 4 19451.0848
35.0000 4 19901.97248
35.1000 4 16399.72864
35.2000 4 19671.28576
35.3000 4 16714.30144
35.4000 4 18717.0816
35.5000 4 16420.70016
35.6000 4 18517.85216
35.7000 4 18748.53888
35.8000 4 18696.11008
35.9000 4 17511.2192
36.0000 4 16871.58784
36.1000 4 17374.90432
36.2000 4 19167.96928
36.3000 4 17165.18912
36.4000 4 18664.6528
36.5000 4 19377.68448
36.6000 4 18140.3648
36.7000 4 20845.69088
36.8000 4 16431.18592
36.9000 4 20258.48832
37.0000 4 16619.9296
37.1000 4 18696.11008
37.2000 4 17710.44864
37.3000 4 20761.8048
37.4000 4 16598.95808
37.5000 4 19975.3728
37.6000 4 14375.97696
37.7000 4 19388.17024
37.8000 4 14858.32192
37.9000 4 18454.9376
38.0000 4 15560.86784
38.1000 4 19922.944
38.2000 4 18004.04992
38.3000 4 21464.35072
38.4000 4 16085.15584
38.5000 4 18287.16544
38.6000 4 19985.85856
38.7000 4 13327.40096
38.8000 4 20677.91872
38.9000 4 15875.44064
39.0000 4 18979.2256
39.1000 4 17406.3616
39.2000 4 18077.45024
39.3000 4 19251.85536
39.4000 4 16473.12896
39.5000 4 17039.36
39.6000 4 17521.70496
39.7000 4 19901.97248
39.8000 4 17741.90592
39.9000 4 19335.74144
40.0000 4 20216.54528
40.1000 4 19954.40128
40.2000 4 18738.05312
40.3000 4 18496.88064
40.4000 4 19975.3728
40.5000 4 16064.18432
40.6000 4 20268.97408
40.7000 4 18475.90912
40.8000 4 19293.7984
40.9000 4 19587.39968
41.0000 4 18549.30944
41.1000 4 19199.42656
41.2000 4 18392.02304
41.3000 4 18433.96608
41.4000 4 18171.82208
41.5000 4 17028.87424
41.6000 4 17972.59264
41.7000 4 16965.95968
41.8000 4 19073.59744
41.9000 4 17060.33152
42.0000 4 20101.20192
42.1000 4 17804.82048
42.2000 4 20845.69088
42.3000 4 18528.33792
42.4000 4 17112.76032
42.5000 4 19566.42816
42.6000 4 17343.44704
42.7000 4 19692.25728
42.8000 4 16420.70016
42.9000 4 19765.6576
43.0000 4 18654.16704
43.1000 4 19650.31424
43.2000 4 20499.6608
43.3000 4 18979.2256
43.4000 4 18748.53888
43.5000 4 19912.45824
43.6000 4 19105.05472
43.7000 4 19052.62592
43.8000 4 17878.2208
43.9000 4 20090.71616
44.0000 4 19230.88384
44.1000 4 18800.96768
44.2000 4 16200.4992
44.3000 4 20457.71776
44.4000 4 13757.31712
44.5000 4 19178.45504
44.6000 4 16777.216
44.7000 4 19178.45504
44.8000 4 17049.84576
44.9000 4 19881.00096
45.0000 4 18150.85056
45.1000 4 21202.20672
45.2000 4 16777.216
45.3000 4 20782.77632
45.4000 4 16766.73024
45.5000 4 18371.05152
45.6000 4 21055.40608
45.7000 4 18811.45344
45.8000 4 19241.3696
45.9000 4 20457.71776
46.0000 4 17741.90592
46.1000 4 22324.18304
46.2000 4 15162.40896
46.3000 4 19367.19872
46.4000 4 325.05856
