0.1000 4 0.0
0.2000 4 18004.04992
0.3000 4 14491.32032
0.4000 4 13033.79968
0.5000 4 18685.62432
0.6000 4 12111.0528
0.7000 4 20824.71936
0.8000 4 11293.16352
0.9000 4 19503.5136
1.0000 4 11156.84864
1.1000 4 17710.44864
1.2000 4 15026.09408
1.3000 4 21537.75104
1.4000 4 17678.99136
1.5000 4 19482.54208
1.6000 4 18045.99296
1.7000 4 18633.19552
1.8000 4 15718.15424
1.9000 4 17637.04832
2.0000 4 16305.3568
2.1000 4 20122.17344
2.2000 4 13484.68736
2.3000 4 21097.34912
2.4000 4 13830.71744
2.5000 4 17385.39008
2.6000 4 14627.6352
2.7000 4 15005.12256
2.8000 4 16819.15904
2.9000 4 18192.7936
3.0000 4 18496.88064
3.1000 4 17469.27616
3.2000 4 19818.0864
3.3000 4 16756.24448
3.4000 4 21023.9488
3.5000 4 16483.61472
3.6000 4 21495.808
3.7000 4 12981.37088
3.8000 4 18580.76672
3.9000 4 12540.96896
4.0000 4 20237.5168
4.1000 4 17280.53248
4.2000 4 21275.60704
4.3000 4 15728.64
4.4000 4 20447.232
4.5000 4 19314.76992
4.6000 4 18916.31104
4.7000 4 18004.04992
4.8000 4 18853.39648
4.9000 4 18528.33792
5.0000 4 17385.39008
5.1000 4 17637.04832
5.2000 4 18056.47872
5.3000 4 20583.54688
5.4000 4 16944.98816
5.5000 4 21223.17824
5.6000 4 16200.4992
5.7000 4 20268.97408
5.8000 4 17678.99136
5.9000 4 20394.8032
6.0000 4 20824.71936
6.1000 4 18664.6528
6.2000 4 20772.29056
6.3000 4 18989.71136
6.4000 4 19618.85696
6.5000 4 17993.56416
6.6000 4 19744.68608
6.7000 4 18706.59584
6.8000 4 19063.11168
6.9000 4 20363.34592
7.0000 4 18821.9392
7.1000 4 16420.70016
7.2000 4 15781.0688
7.3000 4 21149.77792
7.4000 4 16347.29984
7.5000 4 20730.34752
7.6000 4 16001.26976
7.7000 4 20132.6592
7.8000 4 16284.38528
7.9000 4 19943.91552
8.0000 4 18727.56736
8.1000 4 20824.71936
8.2000 4 18192.7936
8.3000 4 19010.68288
8.4000 4 18203.27936
8.5000 4 18979.2256
8.6000 4 18916.31104
8.7000 4 19325.25568
8.8000 4 18538.82368
8.9000 4 17521.70496
9.0000 4 19797.11488
9.1000 4 20017.31584
9.2000 4 19084.0832
9.3000 4 15990.784
9.4000 4 14239.66208
9.5000 4 18056.47872
9.6000 4 16179.52768
9.7000 4 19744.68608
9.8000 4 16127.09888
9.9000 4 18528.33792
10.0000 4 17930.6496
10.1000 4 13495.17312
10.2000 4 18821.9392
10.3000 4 17951.62112
10.4000 4 17207.13216
10.5000 4 17427.33312
10.6000 4 16137.58464
10.7000 4 16850.61632
10.8000 4 16378.75712
10.9000 4 20782.77632
11.0000 4 13767.80288
11.1000 4 18203.27936
11.2000 4 14701.03552
11.3000 4 19304.28416
11.4000 4 16504.58624
11.5000 4 21076.3776
11.6000 4 14197.71904
11.7000 4 19136.512
11.8000 4 15382.60992
11.9000 4 17616.0768
12.0000 4 17154.70336
12.1000 4 16515.072
12.2000 4 18958.25408
12.3000 4 15120.46592
12.4000 4 19922.944
12.5000 4 16724.7872
12.6000 4 18276.67968
12.7000 4 17081.30304
12.8000 4 17542.67648
12.9000 4 18769.5104
13.0000 4 19314.76992
13.1000 4 15917.38368
13.2000 4 17500.73344
13.3000 4 16221.47072
13.4000 4 17301.504
13.5000 4 15833.4976
13.6000 4 17563.648
13.7000 4 16798.18752
13.8000 4 19199.42656
13.9000 4 15665.72544
14.0000 4 18832.42496
14.1000 4 17836.27776
14.2000 4 18318.62272
14.3000 4 19576.91392
14.4000 4 17731.42016
14.5000 4 21097.34912
14.6000 4 18612.224
14.7000 4 19335.74144
14.8000 4 19776.14336
14.9000 4 19157.48352
15.0000 4 19262.34112
15.1000 4 21097.34912
15.2000 4 19000.19712
15.3000 4 19052.62592
15.4000 4 18412.99456
15.5000 4 19870.5152
15.6000 4 19377.68448
15.7000 4 18465.42336
15.8000 4 19786.62912
15.9000 4 17154.70336
16.0000 4 17972.59264
16.1000 4 18685.62432
16.2000 4 17301.504
16.3000 4 16609.44384
16.4000 4 15613.29664
16.5000 4 18255.70816
16.6000 4 16976.44544
16.7000 4 18496.88064
16.8000 4 18790.48192
16.9000 4 17825.792
17.0000 4 18433.96608
17.1000 4 19052.62592
17.2000 4 17846.76352
17.3000 4 19346.2272
17.4000 4 17794.33472
17.5000 4 21107.83488
17.6000 4 18979.2256
17.7000 4 19964.88704
17.8000 4 18727.56736
17.9000 4 17983.0784
18.0000 4 18045.99296
18.1000 4 17962.10688
18.2000 4 18014.53568
18.3000 4 17049.84576
18.4000 4 19335.74144
18.5000 4 15550.38208
18.6000 4 17165.18912
18.7000 4 16315.84256
18.8000 4 18056.47872
18.9000 4 13463.71584
19.0000 4 14512.29184
19.1000 4 16420.70016
19.2000 4 19220.39808
19.3000 4 18612.224
19.4000 4 17532.19072
19.5000 4 18381.53728
19.6000 4 17060.33152
19.7000 4 17448.30464
19.8000 4 19052.62592
19.9000 4 18748.53888
20.0000 4 21569.20832
20.1000 4 19105.05472
20.2000 4 19797.11488
20.3000 4 19335.74144
20.4000 4 18444.45184
20.5000 4 19293.7984
20.6000 4 19094.56896
20.7000 4 19723.71456
20.8000 4 20908.60544
20.9000 4 17678.99136
21.0000 4 17993.56416
21.1000 4 16494.10048
21.2000 4 21349.00736
21.3000 4 17794.33472
21.4000 4 20898.11968
21.5000 4 14417.92
21.6000 4 21191.72096
21.7000 4 14459.86304
21.8000 4 22124.9536
21.9000 4 14512.29184
22.0000 4 21716.00896
22.1000 4 15015.60832
22.2000 4 20059.25888
22.3000 4 16169.04192
22.4000 4 21265.12128
22.5000 4 13274.97216
22.6000 4 17332.96128
22.7000 4 13610.51648
22.8000 4 21065.89184
22.9000 4 17563.648
23.0000 4 17228.10368
23.1000 4 17962.10688
23.2000 4 20625.48992
23.3000 4 18738.05312
23.4000 4 19146.99776
23.5000 4 20195.57376
23.6000 4 17311.98976
23.7000 4 21904.75264
23.8000 4 16661.87264
23.9000 4 20814.2336
24.0000 4 16693.32992
24.1000 4 20803.74784
24.2000 4 16263.41376
24.3000 4 20080.2304
24.4000 4 17825.792
24.5000 4 19881.00096
24.6000 4 18570.28096
24.7000 4 20090.71616
24.8000 4 16273.89952
24.9000 4 17154.70336
25.0000 4 18727.56736
25.1000 4 16567.5008
25.2000 4 19493.02784
25.3000 4 16924.01664
25.4000 4 20185.088
25.5000 4 14459.86304
25.6000 4 20111.68768
25.7000 4 18507.3664
25.8000 4 18108.90752
25.9000 4 17920.16384
26.0000 4 19671.28576
26.1000 4 18234.73664
26.2000 4 19304.28416
26.3000 4 16462.6432
26.4000 4 19293.7984
26.5000 4 17322.47552
26.6000 4 18863.88224
26.7000 4 19398.656
26.8000 4 18486.39488
26.9000 4 19545.45664
27.0000 4 18140.3648
27.1000 4 21223.17824
27.2000 4 15497.95328
27.3000 4 18612.224
27.4000 4 20635.97568
27.5000 4 16336.81408
27.6000 4 19000.19712
27.7000 4 16210.98496
27.8000 4 21590.17984
27.9000 4 15885.9264
28.0000 4 21118.32064
28.1000 4 14250.14784
28.2000 4 20069.74464
28.3000 4 14386.46272
28.4000 4 19943.91552
28.5000 4 13128.17152
28.6000 4 18853.39648
28.7000 4 15340.66688
28.8000 4 20017.31584
28.9000 4 17332.96128
29.0000 4 21128.8064
29.1000 4 17668.5056
29.2000 4 20321.40288
29.3000 4 15864.95488
29.4000 4 18570.28096
29.5000 4 16850.61632
29.6000 4 17595.10528
29.7000 4 20405.28896
29.8000 4 14386.46272
29.9000 4 18108.90752
30.0000 4 16242.44224
30.1000 4 20258.48832
30.2000 4 15927.86944
30.3000 4 18129.87904
30.4000 4 19650.31424
30.5000 4 16483.61472
30.6000 4 21359.49312
30.7000 4 19304.28416
30.8000 4 18853.39648
30.9000 4 20835.20512
31.0000 4 19367.19872
31.1000 4 21401.43616
31.2000 4 20363.34592
31.3000 4 19807.60064
31.4000 4 21065.89184
31.5000 4 19860.02944
31.6000 4 20310.91712
31.7000 4 20111.68768
31.8000 4 17720.9344
31.9000 4 16158.55616
32.0000 4 18129.87904
32.1000 4 16924.01664
32.2000 4 19126.02624
32.3000 4 20845.69088
32.4000 4 18989.71136
32.5000 4 18717.0816
32.6000 4 21065.89184
32.7000 4 18821.9392
32.8000 4 22429.04064
32.9000 4 16661.87264
33.0000 4 18517.85216
33.1000 4 17720.9344
33.2000 4 17909.67808
33.3000 4 19702.74304
33.4000 4 17291.01824
33.5000 4 20017.31584
33.6000 4 17951.62112
33.7000 4 19734.20032
33.8000 4 18035.5072
33.9000 4 19996.34432
34.0000 4 18580.76672
34.1000 4 17930.6496
34.2000 4 18832.42496
34.3000 4 18580.76672
34.4000 4 17395.87584
34.5000 4 17720.9344
34.6000 4 16997.41696
34.7000 4 17783.84896
34.8000 4 19388.17024
34.9000 4 20289.9456
35.0000 4 16735.27296
35.1000 4 21013.46304
35.2000 4 15518.9248
35.3000 4 17207.13216
35.4000 4 18119.39328
35.5000 4 16882.0736
35.6000 4 19052.62592
35.7000 4 15707.66848
35.8000 4 18486.39488
35.9000 4 17416.84736
36.0000 4 18245.2224
36.1000 4 19555.9424
36.2000 4 19126.02624
36.3000 4 20268.97408
36.4000 4 18895.33952
36.5000 4 17983.0784
36.6000 4 20132.6592
36.7000 4 20457.71776
36.8000 4 17804.82048
36.9000 4 20405.28896
37.0000 4 18832.42496
37.1000 4 20531.11808
37.2000 4 19975.3728
37.3000 4 19262.34112
37.4000 4 20541.60384
37.5000 4 19010.68288
37.6000 4 21044.92032
37.7000 4 20059.25888
37.8000 4 18779.99616
37.9000 4 19419.62752
38.0000 4 19136.512
38.1000 4 19084.0832
38.2000 4 17867.73504
38.3000 4 16483.61472
38.4000 4 15791.55456
38.5000 4 21569.20832
38.6000 4 14805.89312
38.7000 4 15728.64
38.8000 4 21149.77792
38.9000 4 15749.61152
39.0000 4 21915.2384
39.1000 4 16389.24288
39.2000 4 19555.9424
39.3000 4 19388.17024
39.4000 4 17993.56416
39.5000 4 20698.89024
39.6000 4 18423.48032
39.7000 4 20782.77632
39.8000 4 19943.91552
39.9000 4 19587.39968
40.0000 4 20258.48832
40.1000 4 18297.6512
40.2000 4 22187.86816
40.3000 4 19304.28416
40.4000 4 20531.11808
40.5000 4 21097.34912
40.6000 4 17731.42016
40.7000 4 22649.2416
40.8000 4 19755.17184
40.9000 4 19178.45504
41.0000 4 18989.71136
41.1000 4 16420.70016
41.2000 4 17574.13376
41.3000 4 18895.33952
41.4000 4 19335.74144
41.5000 4 18696.11008
41.6000 4 18769.5104
41.7000 4 18779.99616
41.8000 4 19587.39968
41.9000 4 18066.96448
42.0000 4 20090.71616
42.1000 4 17207.13216
42.2000 4 19975.3728
42.3000 4 17542.67648
42.4000 4 20457.71776
42.5000 4 17941.13536
42.6000 4 20499.6608
42.7000 4 13967.03232
42.8000 4 19629.34272
42.9000 4 15676.2112
43.0000 4 17521.70496
43.1000 4 16294.87104
43.2000 4 18654.16704
43.3000 4 13809.74592
43.4000 4 18979.2256
43.5000 4 15749.61152
43.6000 4 18633.19552
43.7000 4 16682.84416
43.8000 4 18496.88064
43.9000 4 19566.42816
44.0000 4 17783.84896
44.1000 4 18654.16704
44.2000 4 18035.5072
44.3000 4 15906.89792
44.4000 4 18926.7968
44.5000 4 20520.63232
44.6000 4 18004.04992
44.7000 4 20510.14656
44.8000 4 18821.9392
44.9000 4 18612.224
45.0000 4 19555.9424
45.1000 4 19084.0832
45.2000 4 18119.39328
45.3000 4 21338.5216
45.4000 4 14805.89312
45.5000 4 22282.24
45.6000 4 8818.52416
45.7000 4 18811.45344
45.8000 4 14774.43584
45.9000 4 13495.17312
46.0000 4 471.8592
