0.1000 4 0.0
0.2000 4 17930.6496
0.3000 4 16546.52928
0.4000 4 15980.29824
0.5000 4 15969.81248
0.6000 4 15151.9232
0.7000 4 17448.30464
0.8000 4 15078.52288
0.9000 4 19105.05472
1.0000 4 18402.5088
1.1000 4 16745.75872
1.2000 4 19985.85856
1.3000 4 16934.5024
1.4000 4 19472.05632
1.5000 4 15151.9232
1.6000 4 19105.05472
1.7000 4 17081.30304
1.8000 4 19346.2272
1.9000 4 16986.9312
2.0000 4 18759.02464
2.1000 4 17343.44704
2.2000 4 18517.85216
2.3000 4 18601.73824
2.4000 4 18350.08
2.5000 4 18276.67968
2.6000 4 16724.7872
2.7000 4 15655.23968
2.8000 4 18549.30944
2.9000 4 17249.0752
3.0000 4 17794.33472
3.1000 4 18433.96608
3.2000 4 19031.6544
3.3000 4 19178.45504
3.4000 4 16577.98656
3.5000 4 18863.88224
3.6000 4 16326.32832
3.7000 4 19199.42656
3.8000 4 17804.82048
3.9000 4 17007.90272
4.0000 4 17752.39168
4.1000 4 17291.01824
4.2000 4 18329.10848
4.3000 4 19220.39808
4.4000 4 15875.44064
4.5000 4 19534.97088
4.6000 4 15277.75232
4.7000 4 19755.17184
4.8000 4 16536.04352
4.9000 4 18077.45024
5.0000 4 18392.02304
5.1000 4 14208.2048
5.2000 4 18538.82368
5.3000 4 16567.5008
5.4000 4 20132.6592
5.5000 4 15697.18272
5.6000 4 20363.34592
5.7000 4 15938.3552
5.8000 4 19849.54368
5.9000 4 16032.72704
6.0000 4 18811.45344
6.1000 4 14837.3504
6.2000 4 18392.02304
6.3000 4 15739.12576
6.4000 4 20531.11808
6.5000 4 15246.29504
6.6000 4 19293.7984
6.7000 4 16630.41536
6.8000 4 16473.12896
6.9000 4 18517.85216
7.0000 4 16515.072
7.1000 4 19052.62592
7.2000 4 15686.69696
7.3000 4 18696.11008
7.4000 4 16892.55936
7.5000 4 17962.10688
7.6000 4 17039.36
7.7000 4 17857.24928
7.8000 4 15330.18112
7.9000 4 16714.30144
8.0000 4 17710.44864
8.1000 4 12855.54176
8.2000 4 20384.31744
8.3000 4 15109.98016
8.4000 4 18528.33792
8.5000 4 16777.216
8.6000 4 16714.30144
8.7000 4 16001.26976
8.8000 4 17217.61792
8.9000 4 18947.76832
9.0000 4 18014.53568
9.1000 4 16976.44544
9.2000 4 17783.84896
9.3000 4 16798.18752
9.4000 4 17951.62112
9.5000 4 18392.02304
9.6000 4 18161.33632
9.7000 4 17584.61952
9.8000 4 18454.9376
9.9000 4 18119.39328
10.0000 4 15613.29664
10.1000 4 18140.3648
10.2000 4 16263.41376
10.3000 4 17699.96288
10.4000 4 17574.13376
10.5000 4 18045.99296
10.6000 4 18570.28096
10.7000 4 17825.792
10.8000 4 18612.224
10.9000 4 19597.88544
11.0000 4 15529.41056
11.1000 4 17322.47552
11.2000 4 16829.6448
11.3000 4 17930.6496
11.4000 4 18203.27936
11.5000 4 18339.59424
11.6000 4 17479.76192
11.7000 4 20415.77472
11.8000 4 17186.16064
11.9000 4 18171.82208
12.0000 4 16672.3584
12.1000 4 17448.30464
12.2000 4 17102.27456
12.3000 4 20331.88864
12.4000 4 15655.23968
12.5000 4 19304.28416
12.6000 4 17207.13216
12.7000 4 19272.82688
12.8000 4 16378.75712
12.9000 4 17647.53408
13.0000 4 17123.24608
13.1000 4 17668.5056
13.2000 4 19964.88704
13.3000 4 16148.0704
13.4000 4 19000.19712
13.5000 4 15581.83936
13.6000 4 19167.96928
13.7000 4 13925.08928
13.8000 4 20489.17504
13.9000 4 14302.57664
14.0000 4 19723.71456
14.1000 4 12478.0544
14.2000 4 19094.56896
14.3000 4 16598.95808
14.4000 4 19860.02944
14.5000 4 17217.61792
14.6000 4 20195.57376
14.7000 4 18035.5072
14.8000 4 19503.5136
14.9000 4 17217.61792
15.0000 4 20688.40448
15.1000 4 16714.30144
15.2000 4 19241.3696
15.3000 4 18255.70816
15.4000 4 18622.70976
15.5000 4 17500.73344
15.6000 4 18916.31104
15.7000 4 17238.58944
15.8000 4 18612.224
15.9000 4 17972.59264
16.0000 4 17689.47712
16.1000 4 16651.38688
16.2000 4 18108.90752
16.3000 4 15906.89792
16.4000 4 17804.82048
16.5000 4 16598.95808
16.6000 4 18161.33632
16.7000 4 15655.23968
16.8000 4 18182.30784
16.9000 4 15739.12576
17.0000 4 17280.53248
17.1000 4 17605.59104
17.2000 4 17867.73504
17.3000 4 16462.6432
17.4000 4 17490.24768
17.5000 4 16745.75872
17.6000 4 17616.0768
17.7000 4 17228.10368
17.8000 4 15560.86784
17.9000 4 17846.76352
18.0000 4 14323.54816
18.1000 4 16127.09888
18.2000 4 19335.74144
18.3000 4 16399.72864
18.4000 4 17616.0768
18.5000 4 17605.59104
18.6000 4 17584.61952
18.7000 4 17060.33152
18.8000 4 15676.2112
18.9000 4 16483.61472
19.0000 4 15539.89632
19.1000 4 16577.98656
19.2000 4 14606.66368
19.3000 4 18968.73984
19.4000 4 11911.82336
19.5000 4 19241.3696
19.6000 4 13149.14304
19.7000 4 20059.25888
19.8000 4 16410.2144
19.9000 4 18895.33952
20.0000 4 17332.96128
20.1000 4 19639.82848
20.2000 4 16441.67168
20.3000 4 18318.62272
20.4000 4 17416.84736
20.5000 4 19566.42816
20.6000 4 16085.15584
20.7000 4 20289.9456
20.8000 4 16997.41696
20.9000 4 18926.7968
21.0000 4 16703.81568
21.1000 4 17301.504
21.2000 4 18769.5104
21.3000 4 17364.41856
21.4000 4 18066.96448
21.5000 4 17007.90272
21.6000 4 18035.5072
21.7000 4 15802.04032
21.8000 4 18465.42336
21.9000 4 17458.7904
22.0000 4 18140.3648
22.1000 4 17888.70656
22.2000 4 18685.62432
22.3000 4 17175.67488
22.4000 4 20111.68768
22.5000 4 16053.69856
22.6000 4 19618.85696
22.7000 4 16127.09888
22.8000 4 18276.67968
22.9000 4 13526.6304
23.0000 4 20373.83168
23.1000 4 15864.95488
23.2000 4 21967.6672
23.3000 4 14984.15104
23.4000 4 19954.40128
23.5000 4 16106.12736
23.6000 4 19566.42816
23.7000 4 16221.47072
23.8000 4 18727.56736
23.9000 4 15089.00864
24.0000 4 18234.73664
24.1000 4 15843.98336
24.2000 4 18685.62432
24.3000 4 15309.2096
24.4000 4 19272.82688
24.5000 4 15707.66848
24.6000 4 19314.76992
24.7000 4 17301.504
24.8000 4 18339.59424
24.9000 4 16284.38528
25.0000 4 20122.17344
25.1000 4 15739.12576
25.2000 4 20594.03264
25.3000 4 15330.18112
25.4000 4 18958.25408
25.5000 4 16221.47072
25.6000 4 18968.73984
25.7000 4 14847.83616
25.8000 4 19188.9408
25.9000 4 18633.19552
26.0000 4 18381.53728
26.1000 4 19209.91232
26.2000 4 18706.59584
26.3000 4 18916.31104
26.4000 4 16200.4992
26.5000 4 16452.15744
26.6000 4 19115.54048
26.7000 4 19251.85536
26.8000 4 20080.2304
26.9000 4 16913.53088
27.0000 4 20006.83008
27.1000 4 16053.69856
27.2000 4 20740.83328
27.3000 4 18234.73664
27.4000 4 18465.42336
27.5000 4 18287.16544
27.6000 4 17920.16384
27.7000 4 19430.11328
27.8000 4 18926.7968
27.9000 4 19010.68288
28.0000 4 18769.5104
28.1000 4 17332.96128
28.2000 4 20677.91872
28.3000 4 16200.4992
28.4000 4 21726.49472
28.5000 4 17060.33152
28.6000 4 19503.5136
28.7000 4 17574.13376
28.8000 4 19241.3696
28.9000 4 18234.73664
29.0000 4 18570.28096
29.1000 4 19975.3728
29.2000 4 16106.12736
29.3000 4 18108.90752
29.4000 4 18087.936
29.5000 4 18895.33952
29.6000 4 19545.45664
29.7000 4 18937.28256
29.8000 4 19136.512
29.9000 4 18549.30944
30.0000 4 20562.57536
30.1000 4 18371.05152
30.2000 4 19776.14336
30.3000 4 18696.11008
30.4000 4 18077.45024
30.5000 4 20101.20192
30.6000 4 18161.33632
30.7000 4 16525.55776
30.8000 4 17542.67648
30.9000 4 19503.5136
31.0000 4 17207.13216
31.1000 4 18423.48032
31.2000 4 18486.39488
31.3000 4 18140.3648
31.4000 4 19618.85696
31.5000 4 16871.58784
31.6000 4 19388.17024
31.7000 4 17857.24928
31.8000 4 16357.7856
31.9000 4 19293.7984
32.0000 4 16840.13056
32.1000 4 21716.00896
32.2000 4 16116.61312
32.3000 4 19367.19872
32.4000 4 15592.32512
32.5000 4 19220.39808
32.6000 4 18937.28256
32.7000 4 19744.68608
32.8000 4 19167.96928
32.9000 4 16630.41536
33.0000 4 20038.28736
33.1000 4 17804.82048
33.2000 4 19608.3712
33.3000 4 15036.57984
33.4000 4 18192.7936
33.5000 4 20510.14656
33.6000 4 18129.87904
33.7000 4 19870.5152
33.8000 4 17804.82048
33.9000 4 20258.48832
34.0000 4 18465.42336
34.1000 4 18528.33792
34.2000 4 20006.83008
34.3000 4 16148.0704
34.4000 4 20268.97408
34.5000 4 16095.6416
34.6000 4 20174.60224
34.7000 4 15791.55456
34.8000 4 19881.00096
34.9000 4 15760.09728
35.0000 4 20950.54848
35.1000 4 16200.4992
35.2000 4 20604.5184
35.3000 4 15078.52288
35.4000 4 19807.60064
35.5000 4 16861.10208
35.6000 4 20038.28736
35.7000 4 17783.84896
35.8000 4 18654.16704
35.9000 4 18329.10848
36.0000 4 18433.96608
36.1000 4 16179.52768
36.2000 4 18937.28256
36.3000 4 16882.0736
36.4000 4 17332.96128
36.5000 4 19388.17024
36.6000 4 14690.54976
36.7000 4 18129.87904
36.8000 4 18276.67968
36.9000 4 17039.36
37.0000 4 18591.25248
37.1000 4 16546.52928
37.2000 4 17752.39168
37.3000 4 18392.02304
37.4000 4 16944.98816
37.5000 4 18025.02144
37.6000 4 16483.61472
37.7000 4 18759.02464
37.8000 4 16682.84416
37.9000 4 20373.83168
38.0000 4 16651.38688
38.1000 4 19346.2272
38.2000 4 16263.41376
38.3000 4 21275.60704
38.4000 4 13516.14464
38.5000 4 20185.088
38.6000 4 16672.3584
38.7000 4 19178.45504
38.8000 4 16504.58624
38.9000 4 17563.648
39.0000 4 19188.9408
39.1000 4 15728.64
39.2000 4 19199.42656
39.3000 4 16944.98816
39.4000 4 19314.76992
39.5000 4 16305.3568
39.6000 4 16965.95968
39.7000 4 17469.27616
39.8000 4 19000.19712
39.9000 4 17658.01984
40.0000 4 18266.19392
40.1000 4 17521.70496
40.2000 4 19377.68448
40.3000 4 16567.5008
40.4000 4 19356.71296
40.5000 4 13453.23008
40.6000 4 18874.368
40.7000 4 16085.15584
40.8000 4 17605.59104
40.9000 4 18811.45344
41.0000 4 17532.19072
41.1000 4 18947.76832
41.2000 4 17311.98976
41.3000 4 19650.31424
41.4000 4 17710.44864
41.5000 4 20835.20512
41.6000 4 17878.2208
41.7000 4 19272.82688
41.8000 4 17270.04672
41.9000 4 18622.70976
42.0000 4 18884.85376
42.1000 4 18025.02144
42.2000 4 21632.12288
42.3000 4 16462.6432
42.4000 4 21485.32224
42.5000 4 15518.9248
42.6000 4 20268.97408
42.7000 4 16913.53088
42.8000 4 18884.85376
42.9000 4 19105.05472
43.0000 4 16819.15904
43.1000 4 19608.3712
43.2000 4 17867.73504
43.3000 4 21139.29216
43.4000 4 18371.05152
43.5000 4 20426.26048
43.6000 4 18255.70816
43.7000 4 20615.00416
43.8000 4 18392.02304
43.9000 4 19188.9408
44.0000 4 16179.52768
44.1000 4 17983.0784
44.2000 4 16305.3568
44.3000 4 18779.99616
44.4000 4 17542.67648
44.5000 4 19021.16864
44.6000 4 17951.62112
44.7000 4 18203.27936
44.8000 4 20908.60544
44.9000 4 14722.00704
45.0000 4 19818.0864
45.1000 4 13505.65888
45.2000 4 20310.91712
45.3000 4 13149.14304
45.4000 4 19136.512
45.5000 4 13516.14464
45.6000 4 18591.25248
45.7000 4 15298.72384
45.8000 4 19199.42656
45.9000 4 16829.6448
46.0000 4 17427.33312
46.1000 4 17752.39168
46.2000 4 17972.59264
46.3000 4 19105.05472
46.4000 4 18412.99456
46.5000 4 16525.55776
46.6000 4 19629.34272
46.7000 4 17972.59264
46.8000 4 20111.68768
46.9000 4 19283.31264
47.0000 4 15739.12576
47.1000 4 891.2896
