0.1000 4 0.0
0.2000 4 18045.99296
0.3000 4 17353.9328
0.4000 4 14858.32192
0.5000 4 17584.61952
0.6000 4 16200.4992
0.7000 4 18779.99616
0.8000 4 16756.24448
0.9000 4 19901.97248
1.0000 4 16976.44544
1.1000 4 18685.62432
1.2000 4 16588.47232
1.3000 4 18507.3664
1.4000 4 18245.2224
1.5000 4 16158.55616
1.6000 4 17458.7904
1.7000 4 14512.29184
1.8000 4 18454.9376
1.9000 4 18402.5088
2.0000 4 18507.3664
2.1000 4 17699.96288
2.2000 4 19482.54208
2.3000 4 17899.19232
2.4000 4 17605.59104
2.5000 4 17794.33472
2.6000 4 19031.6544
2.7000 4 17920.16384
2.8000 4 16724.7872
2.9000 4 19943.91552
3.0000 4 16944.98816
3.1000 4 20248.00256
3.2000 4 16997.41696
3.3000 4 20562.57536
3.4000 4 18350.08
3.5000 4 18454.9376
3.6000 4 15466.496
3.7000 4 19073.59744
3.8000 4 19042.14016
3.9000 4 19744.68608
4.0000 4 17102.27456
4.1000 4 19482.54208
4.2000 4 18276.67968
4.3000 4 20017.31584
4.4000 4 18706.59584
4.5000 4 17741.90592
4.6000 4 16903.04512
4.7000 4 16210.98496
4.8000 4 18738.05312
4.9000 4 14879.29344
5.0000 4 19241.3696
5.1000 4 17291.01824
5.2000 4 17574.13376
5.3000 4 15959.32672
5.4000 4 16703.81568
5.5000 4 16431.18592
5.6000 4 18140.3648
5.7000 4 17374.90432
5.8000 4 17196.6464
5.9000 4 17458.7904
6.0000 4 18234.73664
6.1000 4 18077.45024
6.2000 4 19849.54368
6.3000 4 19650.31424
6.4000 4 17637.04832
6.5000 4 18926.7968
6.6000 4 20206.05952
6.7000 4 18329.10848
6.8000 4 20195.57376
6.9000 4 16420.70016
7.0000 4 18066.96448
7.1000 4 16567.5008
7.2000 4 19639.82848
7.3000 4 17574.13376
7.4000 4 19084.0832
7.5000 4 19702.74304
7.6000 4 19105.05472
7.7000 4 18035.5072
7.8000 4 17616.0768
7.9000 4 18958.25408
8.0000 4 20373.83168
8.1000 4 16494.10048
8.2000 4 19943.91552
8.3000 4 15456.01024
8.4000 4 17794.33472
8.5000 4 19199.42656
8.6000 4 16294.87104
8.7000 4 18423.48032
8.8000 4 17154.70336
8.9000 4 19776.14336
9.0000 4 17427.33312
9.1000 4 20289.9456
9.2000 4 15277.75232
9.3000 4 20573.06112
9.4000 4 19115.54048
9.5000 4 19084.0832
9.6000 4 18266.19392
9.7000 4 19031.6544
9.8000 4 19513.99936
9.9000 4 18570.28096
10.0000 4 17102.27456
10.1000 4 21034.43456
10.2000 4 19493.02784
10.3000 4 20038.28736
10.4000 4 19188.9408
10.5000 4 19115.54048
10.6000 4 19922.944
10.7000 4 18224.25088
10.8000 4 17228.10368
10.9000 4 18979.2256
11.0000 4 16850.61632
11.1000 4 19126.02624
11.2000 4 19713.2288
11.3000 4 17825.792
11.4000 4 15539.89632
11.5000 4 18150.85056
11.6000 4 15497.95328
11.7000 4 17301.504
11.8000 4 17689.47712
11.9000 4 15172.89472
12.0000 4 17217.61792
12.1000 4 18622.70976
12.2000 4 18266.19392
12.3000 4 17909.67808
12.4000 4 19566.42816
12.5000 4 16106.12736
12.6000 4 20289.9456
12.7000 4 17595.10528
12.8000 4 20782.77632
12.9000 4 19283.31264
13.0000 4 18308.13696
13.1000 4 19555.9424
13.2000 4 17983.0784
13.3000 4 19451.0848
13.4000 4 17500.73344
13.5000 4 18266.19392
13.6000 4 19220.39808
13.7000 4 21390.9504
13.8000 4 14931.72224
13.9000 4 17710.44864
14.0000 4 16462.6432
14.1000 4 19272.82688
14.2000 4 16808.67328
14.3000 4 16924.01664
14.4000 4 18287.16544
14.5000 4 17228.10368
14.6000 4 18329.10848
14.7000 4 16305.3568
14.8000 4 19272.82688
14.9000 4 17123.24608
15.0000 4 18077.45024
15.1000 4 17983.0784
15.2000 4 16965.95968
15.3000 4 21328.03584
15.4000 4 17070.81728
15.5000 4 16441.67168
15.6000 4 18077.45024
15.7000 4 16714.30144
15.8000 4 17972.59264
15.9000 4 18077.45024
16.0000 4 17395.87584
16.1000 4 17584.61952
16.2000 4 16661.87264
16.3000 4 16672.3584
16.4000 4 17123.24608
16.5000 4 17888.70656
16.6000 4 18580.76672
16.7000 4 16441.67168
16.8000 4 22387.0976
16.9000 4 16148.0704
17.0000 4 21076.3776
17.1000 4 16630.41536
17.2000 4 18874.368
17.3000 4 17637.04832
17.4000 4 19367.19872
17.5000 4 16567.5008
17.6000 4 21485.32224
17.7000 4 15990.784
17.8000 4 19723.71456
17.9000 4 15917.38368
18.0000 4 21223.17824
18.1000 4 16252.928
18.2000 4 20814.2336
18.3000 4 16703.81568
18.4000 4 19975.3728
18.5000 4 19272.82688
18.6000 4 17825.792
18.7000 4 14208.2048
18.8000 4 19818.0864
18.9000 4 18863.88224
19.0000 4 16640.90112
19.1000 4 18339.59424
19.2000 4 15026.09408
19.3000 4 15728.64
19.4000 4 18234.73664
19.5000 4 17186.16064
19.6000 4 18371.05152
19.7000 4 15707.66848
19.8000 4 20090.71616
19.9000 4 18182.30784
20.0000 4 18329.10848
20.1000 4 19545.45664
20.2000 4 15770.58304
20.3000 4 18087.936
20.4000 4 15602.81088
20.5000 4 18213.76512
20.6000 4 18633.19552
20.7000 4 15655.23968
20.8000 4 20195.57376
20.9000 4 18559.7952
21.0000 4 18507.3664
21.1000 4 18192.7936
21.2000 4 17154.70336
21.3000 4 20730.34752
21.4000 4 17469.27616
21.5000 4 18150.85056
21.6000 4 18612.224
21.7000 4 17364.41856
21.8000 4 18874.368
21.9000 4 17678.99136
22.0000 4 18308.13696
22.1000 4 18004.04992
22.2000 4 18706.59584
22.3000 4 17616.0768
22.4000 4 18706.59584
22.5000 4 18779.99616
22.6000 4 18612.224
22.7000 4 18140.3648
22.8000 4 19734.20032
22.9000 4 15193.86624
23.0000 4 22229.8112
23.1000 4 15770.58304
23.2000 4 19975.3728
23.3000 4 17511.2192
23.4000 4 19451.0848
23.5000 4 18423.48032
23.6000 4 21086.86336
23.7000 4 17899.19232
23.8000 4 19094.56896
23.9000 4 19587.39968
24.0000 4 16882.0736
24.1000 4 18161.33632
24.2000 4 18329.10848
24.3000 4 19241.3696
24.4000 4 17731.42016
24.5000 4 17710.44864
24.6000 4 19084.0832
24.7000 4 18224.25088
24.8000 4 19052.62592
24.9000 4 17259.56096
25.0000 4 18287.16544
25.1000 4 18276.67968
25.2000 4 19157.48352
25.3000 4 15288.23808
25.4000 4 15476.98176
25.5000 4 14879.29344
25.6000 4 19618.85696
25.7000 4 17595.10528
25.8000 4 20510.14656
25.9000 4 20373.83168
26.0000 4 16368.27136
26.1000 4 17993.56416
26.2000 4 18454.9376
26.3000 4 17857.24928
26.4000 4 18989.71136
26.5000 4 17207.13216
26.6000 4 20048.77312
26.7000 4 18475.90912
26.8000 4 18612.224
26.9000 4 19765.6576
27.0000 4 17437.81888
27.1000 4 19398.656
27.2000 4 19964.88704
27.3000 4 19576.91392
27.4000 4 18056.47872
27.5000 4 17773.3632
27.6000 4 19209.91232
27.7000 4 17752.39168
27.8000 4 19010.68288
27.9000 4 18454.9376
28.0000 4 18979.2256
28.1000 4 19126.02624
28.2000 4 16892.55936
28.3000 4 18832.42496
28.4000 4 16955.47392
28.5000 4 17280.53248
28.6000 4 18371.05152
28.7000 4 17490.24768
28.8000 4 18958.25408
28.9000 4 18496.88064
29.0000 4 19409.14176
29.1000 4 18066.96448
29.2000 4 17395.87584
29.3000 4 18570.28096
29.4000 4 20195.57376
29.5000 4 17301.504
29.6000 4 18066.96448
29.7000 4 16808.67328
29.8000 4 17741.90592
29.9000 4 18895.33952
30.0000 4 18654.16704
30.1000 4 19545.45664
30.2000 4 18182.30784
30.3000 4 17616.0768
30.4000 4 19996.34432
30.5000 4 16756.24448
30.6000 4 20331.88864
30.7000 4 16116.61312
30.8000 4 19021.16864
30.9000 4 17962.10688
31.0000 4 19839.05792
31.1000 4 18171.82208
31.2000 4 19776.14336
31.3000 4 14134.80448
31.4000 4 20216.54528
31.5000 4 17165.18912
31.6000 4 18528.33792
31.7000 4 16672.3584
31.8000 4 16252.928
31.9000 4 19293.7984
32.0000 4 17815.30624
32.1000 4 20793.26208
32.2000 4 19251.85536
32.3000 4 19597.88544
32.4000 4 18853.39648
32.5000 4 19409.14176
32.6000 4 20520.63232
32.7000 4 18863.88224
32.8000 4 19451.0848
32.9000 4 18622.70976
33.0000 4 20132.6592
33.1000 4 19744.68608
33.2000 4 18884.85376
33.3000 4 19513.99936
33.4000 4 19692.25728
33.5000 4 19419.62752
33.6000 4 19891.48672
33.7000 4 20048.77312
33.8000 4 20342.3744
33.9000 4 19807.60064
34.0000 4 19493.02784
34.1000 4 19608.3712
34.2000 4 18863.88224
34.3000 4 15005.12256
34.4000 4 19786.62912
34.5000 4 19797.11488
34.6000 4 20719.86176
34.7000 4 19482.54208
34.8000 4 17731.42016
34.9000 4 20132.6592
35.0000 4 18475.90912
35.1000 4 19409.14176
35.2000 4 19723.71456
35.3000 4 20436.74624
35.4000 4 20164.11648
35.5000 4 18129.87904
35.6000 4 20478.68928
35.7000 4 19660.8
35.8000 4 21411.92192
35.9000 4 19272.82688
36.0000 4 18748.53888
36.1000 4 20866.6624
36.2000 4 19314.76992
36.3000 4 21422.40768
36.4000 4 19000.19712
36.5000 4 18245.2224
36.6000 4 17972.59264
36.7000 4 15581.83936
36.8000 4 18423.48032
36.9000 4 17993.56416
37.0000 4 18087.936
37.1000 4 17794.33472
37.2000 4 19209.91232
37.3000 4 16515.072
37.4000 4 18675.13856
37.5000 4 13631.488
37.6000 4 18727.56736
37.7000 4 18832.42496
37.8000 4 18842.91072
37.9000 4 17846.76352
38.0000 4 17196.6464
38.1000 4 16294.87104
38.2000 4 18759.02464
38.3000 4 16871.58784
38.4000 4 17479.76192
38.5000 4 16483.61472
38.6000 4 17909.67808
38.7000 4 15256.7808
38.8000 4 19597.88544
38.9000 4 14522.7776
39.0000 4 17888.70656
39.1000 4 17815.30624
39.2000 4 19325.25568
39.3000 4 18622.70976
39.4000 4 16829.6448
39.5000 4 17867.73504
39.6000 4 18140.3648
39.7000 4 17762.87744
39.8000 4 19335.74144
39.9000 4 16305.3568
40.0000 4 19482.54208
40.1000 4 17930.6496
40.2000 4 18643.68128
40.3000 4 17678.99136
40.4000 4 18916.31104
40.5000 4 15613.29664
40.6000 4 19807.60064
40.7000 4 15560.86784
40.8000 4 19702.74304
40.9000 4 17930.6496
41.0000 4 20426.26048
41.1000 4 16871.58784
41.2000 4 17773.3632
41.3000 4 16452.15744
41.4000 4 18475.90912
41.5000 4 19021.16864
41.6000 4 18612.224
41.7000 4 19996.34432
41.8000 4 19576.91392
41.9000 4 19094.56896
42.0000 4 20101.20192
42.1000 4 19461.57056
42.2000 4 21044.92032
42.3000 4 20164.11648
42.4000 4 20478.68928
42.5000 4 18748.53888
42.6000 4 19964.88704
42.7000 4 19797.11488
42.8000 4 17332.96128
42.9000 4 17500.73344
43.0000 4 14837.3504
43.1000 4 21663.58016
43.2000 4 13820.23168
43.3000 4 18842.91072
43.4000 4 19744.68608
43.5000 4 18287.16544
43.6000 4 18475.90912
43.7000 4 19702.74304
43.8000 4 16221.47072
43.9000 4 16389.24288
44.0000 4 21516.77952
44.1000 4 14512.29184
44.2000 4 18517.85216
44.3000 4 17857.24928
44.4000 4 18675.13856
44.5000 4 18266.19392
44.6000 4 17553.16224
44.7000 4 17280.53248
44.8000 4 16682.84416
44.9000 4 18937.28256
45.0000 4 16745.75872
45.1000 4 18905.82528
45.2000 4 16871.58784
45.3000 4 19786.62912
45.4000 4 16703.81568
45.5000 4 21181.2352
45.6000 4 16336.81408
45.7000 4 20940.06272
45.8000 4 18014.53568
45.9000 4 14931.72224
46.0000 4 786.432
