0.1000 4 0.0
0.2000 4 20006.83008
0.3000 4 14428.40576
0.4000 4 15256.7808
0.5000 4 17542.67648
0.6000 4 16347.29984
0.7000 4 18423.48032
0.8000 4 18717.0816
0.9000 4 16913.53088
1.0000 4 19052.62592
1.1000 4 17060.33152
1.2000 4 19220.39808
1.3000 4 18108.90752
1.4000 4 19503.5136
1.5000 4 16619.9296
1.6000 4 18381.53728
1.7000 4 19063.11168
1.8000 4 18622.70976
1.9000 4 19430.11328
2.0000 4 16410.2144
2.1000 4 18884.85376
2.2000 4 18066.96448
2.3000 4 18129.87904
2.4000 4 19922.944
2.5000 4 16001.26976
2.6000 4 21883.78112
2.7000 4 14438.89152
2.8000 4 22062.03904
2.9000 4 16976.44544
3.0000 4 21128.8064
3.1000 4 17374.90432
3.2000 4 19157.48352
3.3000 4 18528.33792
3.4000 4 19094.56896
3.5000 4 19482.54208
3.6000 4 17228.10368
3.7000 4 19545.45664
3.8000 4 19744.68608
3.9000 4 19073.59744
4.0000 4 18276.67968
4.1000 4 20373.83168
4.2000 4 16273.89952
4.3000 4 21411.92192
4.4000 4 14596.17792
4.5000 4 20709.376
4.6000 4 18853.39648
4.7000 4 19954.40128
4.8000 4 19272.82688
4.9000 4 17983.0784
5.0000 4 20174.60224
5.1000 4 13778.28864
5.2000 4 19755.17184
5.3000 4 17815.30624
5.4000 4 18433.96608
5.5000 4 19388.17024
5.6000 4 18203.27936
5.7000 4 20520.63232
5.8000 4 19115.54048
5.9000 4 18528.33792
6.0000 4 18528.33792
6.1000 4 18612.224
6.2000 4 16640.90112
6.3000 4 13820.23168
6.4000 4 15938.3552
6.5000 4 16315.84256
6.6000 4 19681.77152
6.7000 4 15802.04032
6.8000 4 19608.3712
6.9000 4 16787.70176
7.0000 4 20279.45984
7.1000 4 16294.87104
7.2000 4 17899.19232
7.3000 4 17857.24928
7.4000 4 19629.34272
7.5000 4 17427.33312
7.6000 4 19000.19712
7.7000 4 16850.61632
7.8000 4 18308.13696
7.9000 4 18045.99296
8.0000 4 17081.30304
8.1000 4 16871.58784
8.2000 4 17416.84736
8.3000 4 16200.4992
8.4000 4 17175.67488
8.5000 4 18339.59424
8.6000 4 17154.70336
8.7000 4 17773.3632
8.8000 4 19377.68448
8.9000 4 17165.18912
9.0000 4 19493.02784
9.1000 4 12677.28384
9.2000 4 20038.28736
9.3000 4 14386.46272
9.4000 4 20111.68768
9.5000 4 17825.792
9.6000 4 19031.6544
9.7000 4 18297.6512
9.8000 4 17511.2192
9.9000 4 20164.11648
10.0000 4 15812.52608
10.1000 4 18643.68128
10.2000 4 16200.4992
10.3000 4 19807.60064
10.4000 4 16703.81568
10.5000 4 19639.82848
10.6000 4 17710.44864
10.7000 4 19975.3728
10.8000 4 19010.68288
10.9000 4 17983.0784
11.0000 4 15592.32512
11.1000 4 21474.83648
11.2000 4 16273.89952
11.3000 4 18308.13696
11.4000 4 18643.68128
11.5000 4 16022.24128
11.6000 4 19251.85536
11.7000 4 16494.10048
11.8000 4 18759.02464
11.9000 4 16273.89952
12.0000 4 19576.91392
12.1000 4 16053.69856
12.2000 4 20499.6608
12.3000 4 16273.89952
12.4000 4 20594.03264
12.5000 4 15550.38208
12.6000 4 19524.48512
12.7000 4 18559.7952
12.8000 4 18800.96768
12.9000 4 18947.76832
13.0000 4 18234.73664
13.1000 4 17291.01824
13.2000 4 18203.27936
13.3000 4 17301.504
13.4000 4 19786.62912
13.5000 4 18528.33792
13.6000 4 19451.0848
13.7000 4 14984.15104
13.8000 4 19209.91232
13.9000 4 13495.17312
14.0000 4 18276.67968
14.1000 4 16305.3568
14.2000 4 19513.99936
14.3000 4 17175.67488
14.4000 4 19524.48512
14.5000 4 16305.3568
14.6000 4 20090.71616
14.7000 4 15707.66848
14.8000 4 20111.68768
14.9000 4 13704.88832
15.0000 4 18664.6528
15.1000 4 14019.46112
15.2000 4 18570.28096
15.3000 4 15843.98336
15.4000 4 17028.87424
15.5000 4 19807.60064
15.6000 4 18454.9376
15.7000 4 18601.73824
15.8000 4 19555.9424
15.9000 4 18098.42176
16.0000 4 18612.224
16.1000 4 18234.73664
16.2000 4 18706.59584
16.3000 4 17773.3632
16.4000 4 18213.76512
16.5000 4 17563.648
16.6000 4 18182.30784
16.7000 4 18234.73664
16.8000 4 17207.13216
16.9000 4 19503.5136
17.0000 4 17720.9344
17.1000 4 18203.27936
17.2000 4 18318.62272
17.3000 4 21307.06432
17.4000 4 17804.82048
17.5000 4 20719.86176
17.6000 4 16242.44224
17.7000 4 19545.45664
17.8000 4 15445.52448
17.9000 4 19734.20032
18.0000 4 18056.47872
18.1000 4 19398.656
18.2000 4 17385.39008
18.3000 4 18475.90912
18.4000 4 18433.96608
18.5000 4 17857.24928
18.6000 4 17521.70496
18.7000 4 18465.42336
18.8000 4 17605.59104
18.9000 4 19786.62912
19.0000 4 19272.82688
19.1000 4 19734.20032
19.2000 4 16494.10048
19.3000 4 16965.95968
19.4000 4 16263.41376
19.5000 4 21139.29216
19.6000 4 17186.16064
19.7000 4 19734.20032
19.8000 4 19860.02944
19.9000 4 19126.02624
20.0000 4 19954.40128
20.1000 4 17678.99136
20.2000 4 19744.68608
20.3000 4 16777.216
20.4000 4 17458.7904
20.5000 4 17385.39008
20.6000 4 18748.53888
20.7000 4 18045.99296
20.8000 4 17720.9344
20.9000 4 16903.04512
21.0000 4 18392.02304
21.1000 4 16315.84256
21.2000 4 20143.14496
21.3000 4 16525.55776
21.4000 4 20908.60544
21.5000 4 16735.27296
21.6000 4 18433.96608
21.7000 4 19377.68448
21.8000 4 19042.14016
21.9000 4 19293.7984
22.0000 4 18087.936
22.1000 4 19377.68448
22.2000 4 18392.02304
22.3000 4 18329.10848
22.4000 4 17584.61952
22.5000 4 20195.57376
22.6000 4 16347.29984
22.7000 4 21149.77792
22.8000 4 16787.70176
22.9000 4 20562.57536
23.0000 4 17521.70496
23.1000 4 20761.8048
23.2000 4 18035.5072
23.3000 4 19713.2288
23.4000 4 16368.27136
23.5000 4 18297.6512
23.6000 4 18213.76512
23.7000 4 17469.27616
23.8000 4 18255.70816
23.9000 4 16546.52928
24.0000 4 18759.02464
24.1000 4 15927.86944
24.2000 4 20027.8016
24.3000 4 18129.87904
24.4000 4 21894.26688
24.5000 4 18633.19552
24.6000 4 16494.10048
24.7000 4 19031.6544
24.8000 4 17857.24928
24.9000 4 18087.936
25.0000 4 15256.7808
25.1000 4 19576.91392
25.2000 4 18538.82368
25.3000 4 16242.44224
25.4000 4 19901.97248
25.5000 4 17081.30304
25.6000 4 20300.43136
25.7000 4 17123.24608
25.8000 4 19146.99776
25.9000 4 16756.24448
26.0000 4 18035.5072
26.1000 4 16965.95968
26.2000 4 17416.84736
26.3000 4 17521.70496
26.4000 4 18412.99456
26.5000 4 19472.05632
26.6000 4 17301.504
26.7000 4 20835.20512
26.8000 4 16924.01664
26.9000 4 19828.57216
27.0000 4 15592.32512
27.1000 4 18664.6528
27.2000 4 16724.7872
27.3000 4 18119.39328
27.4000 4 17500.73344
27.5000 4 19912.45824
27.6000 4 19639.82848
27.7000 4 17773.3632
27.8000 4 21495.808
27.9000 4 16934.5024
28.0000 4 17259.56096
28.1000 4 20751.31904
28.2000 4 19241.3696
28.3000 4 19262.34112
28.4000 4 18203.27936
28.5000 4 17689.47712
28.6000 4 18811.45344
28.7000 4 18025.02144
28.8000 4 19797.11488
28.9000 4 17332.96128
29.0000 4 19178.45504
29.1000 4 17123.24608
29.2000 4 20562.57536
29.3000 4 18224.25088
29.4000 4 19513.99936
29.5000 4 19639.82848
29.6000 4 19167.96928
29.7000 4 19702.74304
29.8000 4 19723.71456
29.9000 4 18087.936
30.0000 4 20331.88864
30.1000 4 17689.47712
30.2000 4 20017.31584
30.3000 4 17689.47712
30.4000 4 18842.91072
30.5000 4 17521.70496
30.6000 4 17081.30304
30.7000 4 19377.68448
30.8000 4 16378.75712
30.9000 4 20730.34752
31.0000 4 16347.29984
31.1000 4 20237.5168
31.2000 4 18654.16704
31.3000 4 20447.232
31.4000 4 18601.73824
31.5000 4 18696.11008
31.6000 4 21160.26368
31.7000 4 16651.38688
31.8000 4 20552.0896
31.9000 4 18213.76512
32.0000 4 19325.25568
32.1000 4 18087.936
32.2000 4 20615.00416
32.3000 4 18612.224
32.4000 4 19943.91552
32.5000 4 18895.33952
32.6000 4 19230.88384
32.7000 4 18538.82368
32.8000 4 18161.33632
32.9000 4 18769.5104
33.0000 4 21338.5216
33.1000 4 16410.2144
33.2000 4 21873.29536
33.3000 4 17637.04832
33.4000 4 15529.41056
33.5000 4 16840.13056
33.6000 4 19094.56896
33.7000 4 17154.70336
33.8000 4 20153.63072
33.9000 4 16074.67008
34.0000 4 18811.45344
34.1000 4 19723.71456
34.2000 4 17815.30624
34.3000 4 19451.0848
34.4000 4 15833.4976
34.5000 4 16693.32992
34.6000 4 17710.44864
34.7000 4 17668.5056
34.8000 4 16735.27296
34.9000 4 17406.3616
35.0000 4 19461.57056
35.1000 4 17018.38848
35.2000 4 19860.02944
35.3000 4 16001.26976
35.4000 4 18245.2224
35.5000 4 19472.05632
35.6000 4 19178.45504
35.7000 4 18402.5088
35.8000 4 19503.5136
35.9000 4 18412.99456
36.0000 4 19021.16864
36.1000 4 20132.6592
36.2000 4 18549.30944
36.3000 4 18895.33952
36.4000 4 20153.63072
36.5000 4 17930.6496
36.6000 4 19493.02784
36.7000 4 19461.57056
36.8000 4 19933.42976
36.9000 4 18570.28096
37.0000 4 18119.39328
37.1000 4 17039.36
37.2000 4 18884.85376
37.3000 4 18423.48032
37.4000 4 17920.16384
37.5000 4 18066.96448
37.6000 4 17123.24608
37.7000 4 20195.57376
37.8000 4 17154.70336
37.9000 4 18507.3664
38.0000 4 15770.58304
38.1000 4 19650.31424
38.2000 4 17773.3632
38.3000 4 17186.16064
38.4000 4 15120.46592
38.5000 4 19922.944
38.6000 4 14554.23488
38.7000 4 20164.11648
38.8000 4 13621.00224
38.9000 4 20143.14496
39.0000 4 12729.71264
39.1000 4 21002.97728
39.2000 4 17427.33312
39.3000 4 19461.57056
39.4000 4 17301.504
39.5000 4 19765.6576
39.6000 4 17741.90592
39.7000 4 19891.48672
39.8000 4 17804.82048
39.9000 4 20258.48832
40.0000 4 16557.01504
40.1000 4 18989.71136
40.2000 4 15697.18272
40.3000 4 19084.0832
40.4000 4 15435.03872
40.5000 4 20101.20192
40.6000 4 16148.0704
40.7000 4 20426.26048
40.8000 4 18685.62432
40.9000 4 20625.48992
41.0000 4 18486.39488
41.1000 4 19933.42976
41.2000 4 18947.76832
41.3000 4 20405.28896
41.4000 4 19052.62592
41.5000 4 19304.28416
41.6000 4 18863.88224
41.7000 4 19146.99776
41.8000 4 18549.30944
41.9000 4 18276.67968
42.0000 4 19451.0848
42.1000 4 19188.9408
42.2000 4 20268.97408
42.3000 4 19744.68608
42.4000 4 19587.39968
42.5000 4 20405.28896
42.6000 4 18486.39488
42.7000 4 20111.68768
42.8000 4 20237.5168
42.9000 4 19472.05632
43.0000 4 20006.83008
43.1000 4 18454.9376
43.2000 4 20929.57696
43.3000 4 18517.85216
43.4000 4 19692.25728
43.5000 4 19744.68608
43.6000 4 17815.30624
43.7000 4 20688.40448
43.8000 4 18412.99456
43.9000 4 20992.49152
44.0000 4 17616.0768
44.1000 4 20394.8032
44.2000 4 16829.6448
44.3000 4 18329.10848
44.4000 4 17888.70656
44.5000 4 20164.11648
44.6000 4 18087.936
44.7000 4 17899.19232
44.8000 4 17825.792
44.9000 4 18528.33792
45.0000 4 18968.73984
45.1000 4 19828.57216
45.2000 4 18014.53568
45.3000 4 19912.45824
45.4000 4 17647.53408
45.5000 4 19639.82848
45.6000 4 14648.60672
45.7000 4 14722.00704
45.8000 4 5368.70912
