0.1000 4 0.0
0.2000 4 18108.90752
0.3000 4 15508.43904
0.4000 4 13254.00064
0.5000 4 19618.85696
0.6000 4 12761.16992
0.7000 4 19482.54208
0.8000 4 14208.2048
0.9000 4 17605.59104
1.0000 4 14512.29184
1.1000 4 19335.74144
1.2000 4 15235.80928
1.3000 4 17007.90272
1.4000 4 17720.9344
1.5000 4 16127.09888
1.6000 4 19975.3728
1.7000 4 18433.96608
1.8000 4 18538.82368
1.9000 4 18601.73824
2.0000 4 18968.73984
2.1000 4 15047.0656
2.2000 4 20059.25888
2.3000 4 13746.83136
2.4000 4 20038.28736
2.5000 4 14763.95008
2.6000 4 21275.60704
2.7000 4 14407.43424
2.8000 4 18350.08
2.9000 4 12656.31232
3.0000 4 19367.19872
3.1000 4 16231.95648
3.2000 4 17416.84736
3.3000 4 15938.3552
3.4000 4 17332.96128
3.5000 4 19639.82848
3.6000 4 18517.85216
3.7000 4 20426.26048
3.8000 4 16819.15904
3.9000 4 20426.26048
4.0000 4 16462.6432
4.1000 4 19367.19872
4.2000 4 19996.34432
4.3000 4 19335.74144
4.4000 4 19010.68288
4.5000 4 19398.656
4.6000 4 19136.512
4.7000 4 17532.19072
4.8000 4 19723.71456
4.9000 4 15948.84096
5.0000 4 21611.15136
5.1000 4 15172.89472
5.2000 4 19230.88384
5.3000 4 18601.73824
5.4000 4 17699.96288
5.5000 4 19493.02784
5.6000 4 18433.96608
5.7000 4 18087.936
5.8000 4 17102.27456
5.9000 4 21254.63552
6.0000 4 16829.6448
6.1000 4 18643.68128
6.2000 4 18350.08
6.3000 4 19472.05632
6.4000 4 18842.91072
6.5000 4 18937.28256
6.6000 4 18066.96448
6.7000 4 17857.24928
6.8000 4 20352.86016
6.9000 4 16473.12896
7.0000 4 20730.34752
7.1000 4 16871.58784
7.2000 4 21002.97728
7.3000 4 16913.53088
7.4000 4 19639.82848
7.5000 4 14690.54976
7.6000 4 21894.26688
7.7000 4 13537.11616
7.8000 4 19765.6576
7.9000 4 12436.11136
8.0000 4 19692.25728
8.1000 4 13778.28864
8.2000 4 20352.86016
8.3000 4 15267.26656
8.4000 4 19713.2288
8.5000 4 18234.73664
8.6000 4 19692.25728
8.7000 4 20405.28896
8.8000 4 20646.46144
8.9000 4 19073.59744
9.0000 4 19702.74304
9.1000 4 18874.368
9.2000 4 20489.17504
9.3000 4 18444.45184
9.4000 4 19881.00096
9.5000 4 19430.11328
9.6000 4 19440.59904
9.7000 4 19126.02624
9.8000 4 19010.68288
9.9000 4 18989.71136
10.0000 4 18842.91072
10.1000 4 19524.48512
10.2000 4 18025.02144
10.3000 4 20122.17344
10.4000 4 17479.76192
10.5000 4 18392.02304
10.6000 4 18108.90752
10.7000 4 17469.27616
10.8000 4 17490.24768
10.9000 4 16871.58784
11.0000 4 15393.09568
11.1000 4 16053.69856
11.2000 4 18161.33632
11.3000 4 13505.65888
11.4000 4 17532.19072
11.5000 4 17836.27776
11.6000 4 16368.27136
11.7000 4 16735.27296
11.8000 4 17091.7888
11.9000 4 20248.00256
12.0000 4 16200.4992
12.1000 4 20174.60224
12.2000 4 17217.61792
12.3000 4 21202.20672
12.4000 4 17018.38848
12.5000 4 20069.74464
12.6000 4 17804.82048
12.7000 4 18989.71136
12.8000 4 18360.56576
12.9000 4 18748.53888
13.0000 4 17070.81728
13.1000 4 16221.47072
13.2000 4 20174.60224
13.3000 4 14522.7776
13.4000 4 17658.01984
13.5000 4 14407.43424
13.6000 4 19451.0848
13.7000 4 17353.9328
13.8000 4 19681.77152
13.9000 4 18874.368
14.0000 4 18255.70816
14.1000 4 19964.88704
14.2000 4 19493.02784
14.3000 4 14889.7792
14.4000 4 16179.52768
14.5000 4 16452.15744
14.6000 4 17752.39168
14.7000 4 18549.30944
14.8000 4 18591.25248
14.9000 4 17930.6496
15.0000 4 19398.656
15.1000 4 16661.87264
15.2000 4 21422.40768
15.3000 4 16536.04352
15.4000 4 19367.19872
15.5000 4 17584.61952
15.6000 4 17133.73184
15.7000 4 19430.11328
15.8000 4 17626.56256
15.9000 4 19398.656
16.0000 4 18601.73824
16.1000 4 18475.90912
16.2000 4 19251.85536
16.3000 4 19115.54048
16.4000 4 15529.41056
16.5000 4 20017.31584
16.6000 4 14176.74752
16.7000 4 20730.34752
16.8000 4 16735.27296
16.9000 4 18454.9376
17.0000 4 16577.98656
17.1000 4 19293.7984
17.2000 4 16473.12896
17.3000 4 19555.9424
17.4000 4 11859.39456
17.5000 4 19933.42976
17.6000 4 15927.86944
17.7000 4 18475.90912
17.8000 4 16640.90112
17.9000 4 17343.44704
18.0000 4 18989.71136
18.1000 4 16630.41536
18.2000 4 17427.33312
18.3000 4 17888.70656
18.4000 4 16462.6432
18.5000 4 19094.56896
18.6000 4 14145.29024
18.7000 4 20531.11808
18.8000 4 13725.85984
18.9000 4 20195.57376
19.0000 4 17605.59104
19.1000 4 19922.944
19.2000 4 19513.99936
19.3000 4 17039.36
19.4000 4 18475.90912
19.5000 4 17154.70336
19.6000 4 18905.82528
19.7000 4 17720.9344
19.8000 4 18853.39648
19.9000 4 18874.368
20.0000 4 17500.73344
20.1000 4 17238.58944
20.2000 4 20688.40448
20.3000 4 17207.13216
20.4000 4 17762.87744
20.5000 4 18454.9376
20.6000 4 17028.87424
20.7000 4 20080.2304
20.8000 4 17605.59104
20.9000 4 20268.97408
21.0000 4 18507.3664
21.1000 4 18884.85376
21.2000 4 18045.99296
21.3000 4 19870.5152
21.4000 4 16137.58464
21.5000 4 18706.59584
21.6000 4 16169.04192
21.7000 4 16903.04512
21.8000 4 15812.52608
21.9000 4 19503.5136
22.0000 4 15728.64
22.1000 4 20562.57536
22.2000 4 15403.58144
22.3000 4 19377.68448
22.4000 4 18350.08
22.5000 4 17186.16064
22.6000 4 17941.13536
22.7000 4 15005.12256
22.8000 4 19105.05472
22.9000 4 15225.32352
23.0000 4 18402.5088
23.1000 4 18224.25088
23.2000 4 17553.16224
23.3000 4 18035.5072
23.4000 4 18779.99616
23.5000 4 16431.18592
23.6000 4 19430.11328
23.7000 4 17479.76192
23.8000 4 19272.82688
23.9000 4 15613.29664
24.0000 4 19964.88704
24.1000 4 15497.95328
24.2000 4 20069.74464
24.3000 4 15424.55296
24.4000 4 18360.56576
24.5000 4 17406.3616
24.6000 4 15707.66848
24.7000 4 18570.28096
24.8000 4 16148.0704
24.9000 4 20363.34592
25.0000 4 17563.648
25.1000 4 18979.2256
25.2000 4 18433.96608
25.3000 4 18958.25408
25.4000 4 19901.97248
25.5000 4 18350.08
25.6000 4 19860.02944
25.7000 4 17762.87744
25.8000 4 21076.3776
25.9000 4 16777.216
26.0000 4 19692.25728
26.1000 4 15823.01184
26.2000 4 20017.31584
26.3000 4 16944.98816
26.4000 4 18664.6528
26.5000 4 18381.53728
26.6000 4 18287.16544
26.7000 4 20573.06112
26.8000 4 17637.04832
26.9000 4 20635.97568
27.0000 4 18895.33952
27.1000 4 19241.3696
27.2000 4 19482.54208
27.3000 4 19367.19872
27.4000 4 17018.38848
27.5000 4 20132.6592
27.6000 4 19105.05472
27.7000 4 20248.00256
27.8000 4 17574.13376
27.9000 4 19377.68448
28.0000 4 20562.57536
28.1000 4 19388.17024
28.2000 4 19692.25728
28.3000 4 18161.33632
28.4000 4 20667.43296
28.5000 4 15823.01184
28.6000 4 21002.97728
28.7000 4 13306.42944
28.8000 4 19933.42976
28.9000 4 15707.66848
29.0000 4 19461.57056
29.1000 4 18402.5088
29.2000 4 19251.85536
29.3000 4 20782.77632
29.4000 4 19671.28576
29.5000 4 20300.43136
29.6000 4 18276.67968
29.7000 4 18790.48192
29.8000 4 19839.05792
29.9000 4 19671.28576
30.0000 4 21118.32064
30.1000 4 19524.48512
30.2000 4 19031.6544
30.3000 4 21191.72096
30.4000 4 18832.42496
30.5000 4 20803.74784
30.6000 4 18528.33792
30.7000 4 18685.62432
30.8000 4 20510.14656
30.9000 4 16085.15584
31.0000 4 20405.28896
31.1000 4 13254.00064
31.2000 4 20153.63072
31.3000 4 16808.67328
31.4000 4 17521.70496
31.5000 4 15906.89792
31.6000 4 17091.7888
31.7000 4 17039.36
31.8000 4 18580.76672
31.9000 4 17291.01824
32.0000 4 18035.5072
32.1000 4 16410.2144
32.2000 4 16651.38688
32.3000 4 17605.59104
32.4000 4 18549.30944
32.5000 4 16934.5024
32.6000 4 19136.512
32.7000 4 16431.18592
32.8000 4 19178.45504
32.9000 4 18087.936
33.0000 4 18213.76512
33.1000 4 19084.0832
33.2000 4 18444.45184
33.3000 4 16494.10048
33.4000 4 19325.25568
33.5000 4 16976.44544
33.6000 4 19440.59904
33.7000 4 18496.88064
33.8000 4 18224.25088
33.9000 4 19031.6544
34.0000 4 18360.56576
34.1000 4 20048.77312
34.2000 4 17899.19232
34.3000 4 20709.376
34.4000 4 19755.17184
34.5000 4 20195.57376
34.6000 4 20132.6592
34.7000 4 18790.48192
34.8000 4 18538.82368
34.9000 4 20227.03104
35.0000 4 18224.25088
35.1000 4 19755.17184
35.2000 4 17983.0784
35.3000 4 18234.73664
35.4000 4 18287.16544
35.5000 4 16703.81568
35.6000 4 19073.59744
35.7000 4 18381.53728
35.8000 4 19943.91552
35.9000 4 18004.04992
36.0000 4 20803.74784
36.1000 4 17374.90432
36.2000 4 22041.06752
36.3000 4 16399.72864
36.4000 4 20677.91872
36.5000 4 15938.3552
36.6000 4 19576.91392
36.7000 4 18685.62432
36.8000 4 18234.73664
36.9000 4 18759.02464
37.0000 4 18035.5072
37.1000 4 17490.24768
37.2000 4 20143.14496
37.3000 4 17332.96128
37.4000 4 20625.48992
37.5000 4 15414.0672
37.6000 4 19534.97088
37.7000 4 18129.87904
37.8000 4 19702.74304
37.9000 4 20268.97408
38.0000 4 18633.19552
38.1000 4 21453.86496
38.2000 4 16986.9312
38.3000 4 21716.00896
38.4000 4 15026.09408
38.5000 4 20604.5184
38.6000 4 15518.9248
38.7000 4 19597.88544
38.8000 4 19388.17024
38.9000 4 17899.19232
39.0000 4 20552.0896
39.1000 4 17762.87744
39.2000 4 20772.29056
39.3000 4 18182.30784
39.4000 4 21820.86656
39.5000 4 16200.4992
39.6000 4 20992.49152
39.7000 4 18475.90912
39.8000 4 19608.3712
39.9000 4 19031.6544
40.0000 4 16882.0736
40.1000 4 17930.6496
40.2000 4 19493.02784
40.3000 4 16011.75552
40.4000 4 19618.85696
40.5000 4 16294.87104
40.6000 4 18486.39488
40.7000 4 16473.12896
40.8000 4 17165.18912
40.9000 4 18654.16704
41.0000 4 18444.45184
41.1000 4 18517.85216
41.2000 4 19870.5152
41.3000 4 15833.4976
41.4000 4 20342.3744
41.5000 4 15927.86944
41.6000 4 19901.97248
41.7000 4 17595.10528
41.8000 4 17962.10688
41.9000 4 17962.10688
42.0000 4 17186.16064
42.1000 4 19660.8
42.2000 4 17437.81888
42.3000 4 20719.86176
42.4000 4 17951.62112
42.5000 4 17311.98976
42.6000 4 16976.44544
42.7000 4 17574.13376
42.8000 4 18738.05312
42.9000 4 18842.91072
43.0000 4 18066.96448
43.1000 4 19513.99936
43.2000 4 17731.42016
43.3000 4 19440.59904
43.4000 4 17741.90592
43.5000 4 16127.09888
43.6000 4 19901.97248
43.7000 4 18129.87904
43.8000 4 19660.8
43.9000 4 16840.13056
44.0000 4 18580.76672
44.1000 4 17752.39168
44.2000 4 16242.44224
44.3000 4 19283.31264
44.4000 4 17374.90432
44.5000 4 18863.88224
44.6000 4 19629.34272
44.7000 4 18591.25248
44.8000 4 19681.77152
44.9000 4 17343.44704
45.0000 4 19786.62912
45.1000 4 18182.30784
45.2000 4 19136.512
45.3000 4 19304.28416
45.4000 4 19608.3712
45.5000 4 19325.25568
45.6000 4 20782.77632
45.7000 4 18308.13696
45.8000 4 18538.82368
45.9000 4 20101.20192
46.0000 4 6092.22656
