0.1000 4 0.0
0.2000 4 17406.3616
0.3000 4 17752.39168
0.4000 4 18182.30784
0.5000 4 17322.47552
0.6000 4 16777.216
0.7000 4 19943.91552
0.8000 4 17846.76352
0.9000 4 19650.31424
1.0000 4 17007.90272
1.1000 4 18234.73664
1.2000 4 16871.58784
1.3000 4 17647.53408
1.4000 4 19199.42656
1.5000 4 17091.7888
1.6000 4 20562.57536
1.7000 4 17626.56256
1.8000 4 19021.16864
1.9000 4 16661.87264
2.0000 4 19314.76992
2.1000 4 16525.55776
2.2000 4 17668.5056
2.3000 4 18874.368
2.4000 4 18654.16704
2.5000 4 16808.67328
2.6000 4 19713.2288
2.7000 4 18014.53568
2.8000 4 19587.39968
2.9000 4 17144.2176
3.0000 4 20279.45984
3.1000 4 16494.10048
3.2000 4 19996.34432
3.3000 4 14816.37888
3.4000 4 20331.88864
3.5000 4 14407.43424
3.6000 4 20961.03424
3.7000 4 15823.01184
3.8000 4 17699.96288
3.9000 4 19042.14016
4.0000 4 16022.24128
4.1000 4 19042.14016
4.2000 4 18664.6528
4.3000 4 17542.67648
4.4000 4 19314.76992
4.5000 4 18318.62272
4.6000 4 18045.99296
4.7000 4 18570.28096
4.8000 4 18276.67968
4.9000 4 19314.76992
5.0000 4 16882.0736
5.1000 4 17888.70656
5.2000 4 17878.2208
5.3000 4 17731.42016
5.4000 4 19031.6544
5.5000 4 19356.71296
5.6000 4 18098.42176
5.7000 4 17217.61792
5.8000 4 20646.46144
5.9000 4 18108.90752
6.0000 4 19555.9424
6.1000 4 17532.19072
6.2000 4 17804.82048
6.3000 4 18234.73664
6.4000 4 19702.74304
6.5000 4 16965.95968
6.6000 4 19933.42976
6.7000 4 16557.01504
6.8000 4 20426.26048
6.9000 4 15739.12576
7.0000 4 18863.88224
7.1000 4 18360.56576
7.2000 4 18769.5104
7.3000 4 18150.85056
7.4000 4 19230.88384
7.5000 4 16221.47072
7.6000 4 19818.0864
7.7000 4 16158.55616
7.8000 4 20803.74784
7.9000 4 15508.43904
8.0000 4 20803.74784
8.1000 4 14407.43424
8.2000 4 21380.46464
8.3000 4 17689.47712
8.4000 4 21548.2368
8.5000 4 15372.12416
8.6000 4 20258.48832
8.7000 4 18276.67968
8.8000 4 17710.44864
8.9000 4 18224.25088
9.0000 4 17280.53248
9.1000 4 15896.41216
9.2000 4 18570.28096
9.3000 4 18350.08
9.4000 4 14512.29184
9.5000 4 18549.30944
9.6000 4 16441.67168
9.7000 4 19451.0848
9.8000 4 18465.42336
9.9000 4 18087.936
10.0000 4 18654.16704
10.1000 4 19136.512
10.2000 4 18465.42336
10.3000 4 17920.16384
10.4000 4 20122.17344
10.5000 4 17752.39168
10.6000 4 17479.76192
10.7000 4 17595.10528
10.8000 4 16315.84256
10.9000 4 16850.61632
11.0000 4 17416.84736
11.1000 4 17437.81888
11.2000 4 20594.03264
11.3000 4 15120.46592
11.4000 4 20866.6624
11.5000 4 14606.66368
11.6000 4 20436.74624
11.7000 4 17364.41856
11.8000 4 22628.27008
11.9000 4 14113.83296
12.0000 4 19786.62912
12.1000 4 15781.0688
12.2000 4 17899.19232
12.3000 4 15256.7808
12.4000 4 19524.48512
12.5000 4 13159.6288
12.6000 4 18738.05312
12.7000 4 12436.11136
12.8000 4 19524.48512
12.9000 4 13547.60192
13.0000 4 19052.62592
13.1000 4 16525.55776
13.2000 4 19220.39808
13.3000 4 16494.10048
13.4000 4 18759.02464
13.5000 4 18570.28096
13.6000 4 17448.30464
13.7000 4 19230.88384
13.8000 4 15613.29664
13.9000 4 20195.57376
14.0000 4 15068.03712
14.1000 4 19608.3712
14.2000 4 17930.6496
14.3000 4 19136.512
14.4000 4 18129.87904
14.5000 4 17280.53248
14.6000 4 20950.54848
14.7000 4 16200.4992
14.8000 4 20258.48832
14.9000 4 14648.60672
15.0000 4 17238.58944
15.1000 4 14271.11936
15.2000 4 19503.5136
15.3000 4 16431.18592
15.4000 4 18234.73664
15.5000 4 15372.12416
15.6000 4 20111.68768
15.7000 4 16840.13056
15.8000 4 19021.16864
15.9000 4 16158.55616
16.0000 4 19755.17184
16.1000 4 15351.15264
16.2000 4 17060.33152
16.3000 4 16536.04352
16.4000 4 18769.5104
16.5000 4 18287.16544
16.6000 4 15246.29504
16.7000 4 17773.3632
16.8000 4 20174.60224
16.9000 4 17951.62112
17.0000 4 19650.31424
17.1000 4 18874.368
17.2000 4 20048.77312
17.3000 4 17343.44704
17.4000 4 19964.88704
17.5000 4 18842.91072
17.6000 4 21191.72096
17.7000 4 18140.3648
17.8000 4 19671.28576
17.9000 4 17238.58944
18.0000 4 21820.86656
18.1000 4 17752.39168
18.2000 4 18832.42496
18.3000 4 17605.59104
18.4000 4 15917.38368
18.5000 4 16619.9296
18.6000 4 15193.86624
18.7000 4 14145.29024
18.8000 4 17794.33472
18.9000 4 17668.5056
19.0000 4 14407.43424
19.1000 4 20751.31904
19.2000 4 15875.44064
19.3000 4 18675.13856
19.4000 4 15560.86784
19.5000 4 19398.656
19.6000 4 18759.02464
19.7000 4 19681.77152
19.8000 4 20667.43296
19.9000 4 19199.42656
20.0000 4 20898.11968
20.1000 4 18308.13696
20.2000 4 20216.54528
20.3000 4 19398.656
20.4000 4 18706.59584
20.5000 4 19377.68448
20.6000 4 20195.57376
20.7000 4 19409.14176
20.8000 4 20887.63392
20.9000 4 18559.7952
21.0000 4 20594.03264
21.1000 4 20101.20192
21.2000 4 20017.31584
21.3000 4 19293.7984
21.4000 4 17532.19072
21.5000 4 20510.14656
21.6000 4 15875.44064
21.7000 4 18727.56736
21.8000 4 17175.67488
21.9000 4 19618.85696
22.0000 4 16619.9296
22.1000 4 19849.54368
22.2000 4 17196.6464
22.3000 4 19146.99776
22.4000 4 18538.82368
22.5000 4 19440.59904
22.6000 4 16892.55936
22.7000 4 18549.30944
22.8000 4 18423.48032
22.9000 4 19964.88704
23.0000 4 18486.39488
23.1000 4 19996.34432
23.2000 4 18958.25408
23.3000 4 16913.53088
23.4000 4 18570.28096
23.5000 4 15571.3536
23.6000 4 19524.48512
23.7000 4 17385.39008
23.8000 4 19472.05632
23.9000 4 17993.56416
24.0000 4 18423.48032
24.1000 4 18549.30944
24.2000 4 18454.9376
24.3000 4 18528.33792
24.4000 4 18014.53568
24.5000 4 16441.67168
24.6000 4 19126.02624
24.7000 4 15550.38208
24.8000 4 18905.82528
24.9000 4 17049.84576
25.0000 4 20038.28736
25.1000 4 18549.30944
25.2000 4 20499.6608
25.3000 4 18213.76512
25.4000 4 19964.88704
25.5000 4 18811.45344
25.6000 4 19199.42656
25.7000 4 16609.44384
25.8000 4 17920.16384
25.9000 4 17406.3616
26.0000 4 16745.75872
26.1000 4 17972.59264
26.2000 4 18045.99296
26.3000 4 20730.34752
26.4000 4 18412.99456
26.5000 4 20866.6624
26.6000 4 16861.10208
26.7000 4 20646.46144
26.8000 4 16242.44224
26.9000 4 18769.5104
27.0000 4 16347.29984
27.1000 4 17343.44704
27.2000 4 17941.13536
27.3000 4 16892.55936
27.4000 4 16756.24448
27.5000 4 16955.47392
27.6000 4 19503.5136
27.7000 4 14543.74912
27.8000 4 19597.88544
27.9000 4 17280.53248
28.0000 4 15760.09728
28.1000 4 18811.45344
28.2000 4 13411.28704
28.3000 4 20227.03104
28.4000 4 14124.31872
28.5000 4 19702.74304
28.6000 4 16305.3568
28.7000 4 19639.82848
28.8000 4 17658.01984
28.9000 4 20835.20512
29.0000 4 17437.81888
29.1000 4 18895.33952
29.2000 4 16368.27136
29.3000 4 17741.90592
29.4000 4 17972.59264
29.5000 4 19786.62912
29.6000 4 19199.42656
29.7000 4 17626.56256
29.8000 4 18832.42496
29.9000 4 19251.85536
30.0000 4 16892.55936
30.1000 4 19430.11328
30.2000 4 14774.43584
30.3000 4 17018.38848
30.4000 4 16148.0704
30.5000 4 17521.70496
30.6000 4 19828.57216
30.7000 4 17647.53408
30.8000 4 20122.17344
30.9000 4 19713.2288
31.0000 4 19115.54048
31.1000 4 16871.58784
31.2000 4 17217.61792
31.3000 4 20604.5184
31.4000 4 17605.59104
31.5000 4 20206.05952
31.6000 4 16798.18752
31.7000 4 19975.3728
31.8000 4 17039.36
31.9000 4 17322.47552
32.0000 4 18098.42176
32.1000 4 15445.52448
32.2000 4 20017.31584
32.3000 4 16221.47072
32.4000 4 20877.14816
32.5000 4 17574.13376
32.6000 4 20111.68768
32.7000 4 16819.15904
32.8000 4 18748.53888
32.9000 4 19031.6544
33.0000 4 18612.224
33.1000 4 17699.96288
33.2000 4 20080.2304
33.3000 4 18392.02304
33.4000 4 20489.17504
33.5000 4 16515.072
33.6000 4 20541.60384
33.7000 4 17773.3632
33.8000 4 20363.34592
33.9000 4 20656.9472
34.0000 4 18559.7952
34.1000 4 21023.9488
34.2000 4 15969.81248
34.3000 4 22177.3824
34.4000 4 17364.41856
34.5000 4 18517.85216
34.6000 4 18255.70816
34.7000 4 19157.48352
34.8000 4 20111.68768
34.9000 4 16619.9296
35.0000 4 20992.49152
35.1000 4 17291.01824
35.2000 4 20006.83008
35.3000 4 19828.57216
35.4000 4 20531.11808
35.5000 4 17678.99136
35.6000 4 20394.8032
35.7000 4 17280.53248
35.8000 4 20803.74784
35.9000 4 15676.2112
36.0000 4 17207.13216
36.1000 4 18014.53568
36.2000 4 17857.24928
36.3000 4 18308.13696
36.4000 4 15864.95488
36.5000 4 19430.11328
36.6000 4 15885.9264
36.7000 4 19063.11168
36.8000 4 18392.02304
36.9000 4 17668.5056
37.0000 4 18926.7968
37.1000 4 18444.45184
37.2000 4 17018.38848
37.3000 4 20646.46144
37.4000 4 17731.42016
37.5000 4 19734.20032
37.6000 4 15466.496
37.7000 4 21453.86496
37.8000 4 17311.98976
37.9000 4 19587.39968
38.0000 4 18266.19392
38.1000 4 18842.91072
38.2000 4 18874.368
38.3000 4 18182.30784
38.4000 4 19073.59744
38.5000 4 20090.71616
38.6000 4 17794.33472
38.7000 4 20248.00256
38.8000 4 15739.12576
38.9000 4 20635.97568
39.0000 4 15508.43904
39.1000 4 19241.3696
39.2000 4 17920.16384
39.3000 4 18045.99296
39.4000 4 18895.33952
39.5000 4 17930.6496
39.6000 4 17741.90592
39.7000 4 18643.68128
39.8000 4 14690.54976
39.9000 4 19524.48512
40.0000 4 14459.86304
40.1000 4 16210.98496
40.2000 4 18287.16544
40.3000 4 18601.73824
40.4000 4 18266.19392
40.5000 4 19000.19712
40.6000 4 16515.072
40.7000 4 18454.9376
40.8000 4 17972.59264
40.9000 4 18538.82368
41.0000 4 17175.67488
41.1000 4 19482.54208
41.2000 4 18266.19392
41.3000 4 19681.77152
41.4000 4 18234.73664
41.5000 4 19209.91232
41.6000 4 18696.11008
41.7000 4 18454.9376
41.8000 4 20499.6608
41.9000 4 17102.27456
42.0000 4 18129.87904
42.1000 4 19524.48512
42.2000 4 17595.10528
42.3000 4 19440.59904
42.4000 4 19807.60064
42.5000 4 16221.47072
42.6000 4 21160.26368
42.7000 4 16588.47232
42.8000 4 22345.15456
42.9000 4 16504.58624
43.0000 4 20237.5168
43.1000 4 19430.11328
43.2000 4 17878.2208
43.3000 4 19377.68448
43.4000 4 19597.88544
43.5000 4 17783.84896
43.6000 4 18989.71136
43.7000 4 20206.05952
43.8000 4 17752.39168
43.9000 4 20499.6608
44.0000 4 18654.16704
44.1000 4 18454.9376
44.2000 4 17270.04672
44.3000 4 19807.60064
44.4000 4 18549.30944
44.5000 4 21600.6656
44.6000 4 16294.87104
44.7000 4 20877.14816
44.8000 4 15644.75392
44.9000 4 20059.25888
45.0000 4 11041.50528
45.1000 4 20520.63232
45.2000 4 14784.9216
45.3000 4 19587.39968
45.4000 4 18056.47872
45.5000 4 16515.072
45.6000 4 19671.28576
45.7000 4 18475.90912
45.8000 4 19650.31424
45.9000 4 19010.68288
46.0000 4 14868.80768
46.1000 4 775.94624
