0.1000 4 0.0
0.2000 4 16336.81408
0.3000 4 17311.98976
0.4000 4 13484.68736
0.5000 4 20310.91712
0.6000 4 14722.00704
0.7000 4 20646.46144
0.8000 4 17511.2192
0.9000 4 19335.74144
1.0000 4 18182.30784
1.1000 4 18004.04992
1.2000 4 17406.3616
1.3000 4 18150.85056
1.4000 4 19608.3712
1.5000 4 18800.96768
1.6000 4 18171.82208
1.7000 4 19377.68448
1.8000 4 18276.67968
1.9000 4 17647.53408
2.0000 4 17291.01824
2.1000 4 19262.34112
2.2000 4 16976.44544
2.3000 4 18496.88064
2.4000 4 15309.2096
2.5000 4 19367.19872
2.6000 4 15162.40896
2.7000 4 19933.42976
2.8000 4 16871.58784
2.9000 4 18779.99616
3.0000 4 17364.41856
3.1000 4 19251.85536
3.2000 4 16515.072
3.3000 4 19021.16864
3.4000 4 12205.42464
3.5000 4 19377.68448
3.6000 4 16431.18592
3.7000 4 18528.33792
3.8000 4 17186.16064
3.9000 4 19167.96928
4.0000 4 18989.71136
4.1000 4 16011.75552
4.2000 4 18087.936
4.3000 4 18496.88064
4.4000 4 19073.59744
4.5000 4 16955.47392
4.6000 4 20667.43296
4.7000 4 15875.44064
4.8000 4 19744.68608
4.9000 4 17049.84576
5.0000 4 18989.71136
5.1000 4 15760.09728
5.2000 4 19346.2272
5.3000 4 19597.88544
5.4000 4 18580.76672
5.5000 4 18234.73664
5.6000 4 18706.59584
5.7000 4 20289.9456
5.8000 4 17133.73184
5.9000 4 16955.47392
6.0000 4 18633.19552
6.1000 4 19430.11328
6.2000 4 18842.91072
6.3000 4 16273.89952
6.4000 4 19755.17184
6.5000 4 16808.67328
6.6000 4 19576.91392
6.7000 4 19084.0832
6.8000 4 17804.82048
6.9000 4 18004.04992
7.0000 4 17427.33312
7.1000 4 20090.71616
7.2000 4 19304.28416
7.3000 4 17018.38848
7.4000 4 19283.31264
7.5000 4 16672.3584
7.6000 4 21453.86496
7.7000 4 13400.80128
7.8000 4 20887.63392
7.9000 4 14868.80768
8.0000 4 20300.43136
8.1000 4 16598.95808
8.2000 4 20059.25888
8.3000 4 15518.9248
8.4000 4 20982.00576
8.5000 4 16347.29984
8.6000 4 20531.11808
8.7000 4 13935.57504
8.8000 4 21390.9504
8.9000 4 16693.32992
9.0000 4 20373.83168
9.1000 4 20961.03424
9.2000 4 17752.39168
9.3000 4 20573.06112
9.4000 4 16137.58464
9.5000 4 18968.73984
9.6000 4 18192.7936
9.7000 4 20919.0912
9.8000 4 18381.53728
9.9000 4 15854.46912
10.0000 4 21359.49312
10.1000 4 17794.33472
10.2000 4 19461.57056
10.3000 4 18517.85216
10.4000 4 18045.99296
10.5000 4 17385.39008
10.6000 4 18979.2256
10.7000 4 17605.59104
10.8000 4 16326.32832
10.9000 4 20677.91872
11.0000 4 11901.3376
11.1000 4 21380.46464
11.2000 4 15906.89792
11.3000 4 19000.19712
11.4000 4 18926.7968
11.5000 4 16294.87104
11.6000 4 19262.34112
11.7000 4 17311.98976
11.8000 4 20331.88864
11.9000 4 16965.95968
12.0000 4 19776.14336
12.1000 4 18119.39328
12.2000 4 18790.48192
12.3000 4 19419.62752
12.4000 4 19713.2288
12.5000 4 19849.54368
12.6000 4 20342.3744
12.7000 4 17794.33472
12.8000 4 18559.7952
12.9000 4 18171.82208
13.0000 4 15707.66848
13.1000 4 21254.63552
13.2000 4 13348.37248
13.3000 4 21244.14976
13.4000 4 14596.17792
13.5000 4 18329.10848
13.6000 4 17049.84576
13.7000 4 17416.84736
13.8000 4 17479.76192
13.9000 4 17637.04832
14.0000 4 19839.05792
14.1000 4 20268.97408
14.2000 4 18004.04992
14.3000 4 19063.11168
14.4000 4 20164.11648
14.5000 4 19534.97088
14.6000 4 20447.232
14.7000 4 14281.60512
14.8000 4 18475.90912
14.9000 4 16158.55616
15.0000 4 16546.52928
15.1000 4 17144.2176
15.2000 4 15854.46912
15.3000 4 18360.56576
15.4000 4 16326.32832
15.5000 4 19482.54208
15.6000 4 14900.26496
15.7000 4 21286.0928
15.8000 4 15665.72544
15.9000 4 20206.05952
16.0000 4 16210.98496
16.1000 4 19398.656
16.2000 4 18213.76512
16.3000 4 19513.99936
16.4000 4 18035.5072
16.5000 4 18832.42496
16.6000 4 19052.62592
16.7000 4 16693.32992
16.8000 4 15130.95168
16.9000 4 16619.9296
17.0000 4 15393.09568
17.1000 4 17007.90272
17.2000 4 19587.39968
17.3000 4 17962.10688
17.4000 4 17458.7904
17.5000 4 18203.27936
17.6000 4 19461.57056
17.7000 4 18937.28256
17.8000 4 20331.88864
17.9000 4 18905.82528
18.0000 4 18066.96448
18.1000 4 19314.76992
18.2000 4 18108.90752
18.3000 4 20761.8048
18.4000 4 16829.6448
18.5000 4 18727.56736
18.6000 4 17395.87584
18.7000 4 19744.68608
18.8000 4 16609.44384
18.9000 4 17322.47552
19.0000 4 17888.70656
19.1000 4 16326.32832
19.2000 4 20646.46144
19.3000 4 14197.71904
19.4000 4 19765.6576
19.5000 4 15823.01184
19.6000 4 19094.56896
19.7000 4 15948.84096
19.8000 4 20185.088
19.9000 4 16148.0704
20.0000 4 19702.74304
20.1000 4 15739.12576
20.2000 4 16399.72864
20.3000 4 17406.3616
20.4000 4 16861.10208
20.5000 4 19335.74144
20.6000 4 18213.76512
20.7000 4 20132.6592
20.8000 4 16305.3568
20.9000 4 20499.6608
21.0000 4 16640.90112
21.1000 4 20195.57376
21.2000 4 17605.59104
21.3000 4 17301.504
21.4000 4 19325.25568
21.5000 4 17500.73344
21.6000 4 18979.2256
21.7000 4 16850.61632
21.8000 4 17049.84576
21.9000 4 19618.85696
22.0000 4 17395.87584
22.1000 4 19251.85536
22.2000 4 14239.66208
22.3000 4 18769.5104
22.4000 4 13652.45952
22.5000 4 18350.08
22.6000 4 13149.14304
22.7000 4 19335.74144
22.8000 4 16965.95968
22.9000 4 18591.25248
23.0000 4 15057.55136
23.1000 4 17070.81728
23.2000 4 16577.98656
23.3000 4 18402.5088
23.4000 4 14984.15104
23.5000 4 18968.73984
23.6000 4 17217.61792
23.7000 4 19419.62752
23.8000 4 17018.38848
23.9000 4 17175.67488
24.0000 4 19272.82688
24.1000 4 16714.30144
24.2000 4 18811.45344
24.3000 4 20185.088
24.4000 4 17091.7888
24.5000 4 19346.2272
24.6000 4 18433.96608
24.7000 4 17511.2192
24.8000 4 19230.88384
24.9000 4 18507.3664
25.0000 4 19021.16864
25.1000 4 19713.2288
25.2000 4 17563.648
25.3000 4 21328.03584
25.4000 4 15267.26656
25.5000 4 22282.24
25.6000 4 14669.57824
25.7000 4 21002.97728
25.8000 4 16808.67328
25.9000 4 19503.5136
26.0000 4 18622.70976
26.1000 4 20206.05952
26.2000 4 19996.34432
26.3000 4 18486.39488
26.4000 4 17563.648
26.5000 4 17574.13376
26.6000 4 15602.81088
26.7000 4 18161.33632
26.8000 4 17584.61952
26.9000 4 18664.6528
27.0000 4 17479.76192
27.1000 4 18675.13856
27.2000 4 17731.42016
27.3000 4 19042.14016
27.4000 4 14512.29184
27.5000 4 19262.34112
27.6000 4 15770.58304
27.7000 4 19755.17184
27.8000 4 14061.40416
27.9000 4 19713.2288
28.0000 4 16536.04352
28.1000 4 19000.19712
28.2000 4 14921.23648
28.3000 4 19073.59744
28.4000 4 16378.75712
28.5000 4 19472.05632
28.6000 4 16294.87104
28.7000 4 18706.59584
28.8000 4 17144.2176
28.9000 4 17311.98976
29.0000 4 19367.19872
29.1000 4 16609.44384
29.2000 4 18989.71136
29.3000 4 15728.64
29.4000 4 18108.90752
29.5000 4 16619.9296
29.6000 4 16661.87264
29.7000 4 19304.28416
29.8000 4 17752.39168
29.9000 4 17647.53408
30.0000 4 18308.13696
30.1000 4 20059.25888
30.2000 4 17259.56096
30.3000 4 19933.42976
30.4000 4 18979.2256
30.5000 4 19052.62592
30.6000 4 18738.05312
30.7000 4 17018.38848
30.8000 4 20877.14816
30.9000 4 15938.3552
31.0000 4 20227.03104
31.1000 4 15697.18272
31.2000 4 21432.89344
31.3000 4 18077.45024
31.4000 4 19314.76992
31.5000 4 18465.42336
31.6000 4 19178.45504
31.7000 4 19608.3712
31.8000 4 16504.58624
31.9000 4 21034.43456
32.0000 4 18842.91072
32.1000 4 20814.2336
32.2000 4 18895.33952
32.3000 4 19146.99776
32.4000 4 18580.76672
32.5000 4 19304.28416
32.6000 4 17217.61792
32.7000 4 18287.16544
32.8000 4 10034.87232
32.9000 4 16546.52928
33.0000 4 16515.072
33.1000 4 16546.52928
33.2000 4 18318.62272
33.3000 4 17783.84896
33.4000 4 18832.42496
33.5000 4 19199.42656
33.6000 4 16871.58784
33.7000 4 19398.656
33.8000 4 17553.16224
33.9000 4 19639.82848
34.0000 4 17678.99136
34.1000 4 17395.87584
34.2000 4 18161.33632
34.3000 4 20950.54848
34.4000 4 18035.5072
34.5000 4 19293.7984
34.6000 4 19262.34112
34.7000 4 19482.54208
34.8000 4 21726.49472
34.9000 4 14973.66528
35.0000 4 19136.512
35.1000 4 16609.44384
35.2000 4 20363.34592
35.3000 4 18612.224
35.4000 4 19377.68448
35.5000 4 19188.9408
35.6000 4 17301.504
35.7000 4 19084.0832
35.8000 4 17291.01824
35.9000 4 19063.11168
36.0000 4 18245.2224
36.1000 4 17280.53248
36.2000 4 19723.71456
36.3000 4 16934.5024
36.4000 4 18685.62432
36.5000 4 18748.53888
36.6000 4 16976.44544
36.7000 4 19136.512
36.8000 4 19513.99936
36.9000 4 18842.91072
37.0000 4 19262.34112
37.1000 4 17469.27616
37.2000 4 19356.71296
37.3000 4 17374.90432
37.4000 4 18538.82368
37.5000 4 16903.04512
37.6000 4 18339.59424
37.7000 4 17217.61792
37.8000 4 17836.27776
37.9000 4 17102.27456
38.0000 4 19881.00096
38.1000 4 15938.3552
38.2000 4 18895.33952
38.3000 4 15592.32512
38.4000 4 15843.98336
38.5000 4 18905.82528
38.6000 4 20111.68768
38.7000 4 17322.47552
38.8000 4 20824.71936
38.9000 4 15581.83936
39.0000 4 19000.19712
39.1000 4 18580.76672
39.2000 4 19828.57216
39.3000 4 18570.28096
39.4000 4 18192.7936
39.5000 4 18517.85216
39.6000 4 17532.19072
39.7000 4 18696.11008
39.8000 4 17668.5056
39.9000 4 19178.45504
40.0000 4 17658.01984
40.1000 4 19105.05472
40.2000 4 16200.4992
40.3000 4 17123.24608
40.4000 4 14606.66368
40.5000 4 19597.88544
40.6000 4 17291.01824
40.7000 4 18392.02304
40.8000 4 17909.67808
40.9000 4 18675.13856
41.0000 4 17395.87584
41.1000 4 17416.84736
41.2000 4 19933.42976
41.3000 4 14417.92
41.4000 4 20468.20352
41.5000 4 14459.86304
41.6000 4 20248.00256
41.7000 4 16410.2144
41.8000 4 21107.83488
41.9000 4 18528.33792
42.0000 4 19283.31264
42.1000 4 18821.9392
42.2000 4 18570.28096
42.3000 4 17028.87424
42.4000 4 16431.18592
42.5000 4 17102.27456
42.6000 4 15581.83936
42.7000 4 18842.91072
42.8000 4 16420.70016
42.9000 4 19419.62752
43.0000 4 16368.27136
43.1000 4 20468.20352
43.2000 4 16326.32832
43.3000 4 19220.39808
43.4000 4 17490.24768
43.5000 4 17123.24608
43.6000 4 16965.95968
43.7000 4 18412.99456
43.8000 4 17616.0768
43.9000 4 17144.2176
44.0000 4 18150.85056
44.1000 4 19115.54048
44.2000 4 17490.24768
44.3000 4 17511.2192
44.4000 4 17532.19072
44.5000 4 16798.18752
44.6000 4 15351.15264
44.7000 4 18664.6528
44.8000 4 16619.9296
44.9000 4 18433.96608
45.0000 4 17228.10368
45.1000 4 18559.7952
45.2000 4 16473.12896
45.3000 4 19010.68288
45.4000 4 16903.04512
45.5000 4 18329.10848
45.6000 4 16619.9296
45.7000 4 18496.88064
45.8000 4 16850.61632
45.9000 4 18465.42336
46.0000 4 16473.12896
46.1000 4 19493.02784
46.2000 4 17228.10368
46.3000 4 19545.45664
46.4000 4 14921.23648
46.5000 4 8734.63808
