0.1000 4 0.0
0.2000 4 16777.216
0.3000 4 17689.47712
0.4000 4 17930.6496
0.5000 4 14994.6368
0.6000 4 18318.62272
0.7000 4 14543.74912
0.8000 4 13002.3424
0.9000 4 21086.86336
1.0000 4 9772.72832
1.1000 4 18926.7968
1.2000 4 11775.50848
1.3000 4 21548.2368
1.4000 4 13358.85824
1.5000 4 21999.12448
1.6000 4 13547.60192
1.7000 4 21107.83488
1.8000 4 15340.66688
1.9000 4 19356.71296
2.0000 4 16819.15904
2.1000 4 17458.7904
2.2000 4 17972.59264
2.3000 4 18171.82208
2.4000 4 16420.70016
2.5000 4 19723.71456
2.6000 4 14722.00704
2.7000 4 19776.14336
2.8000 4 16137.58464
2.9000 4 19461.57056
3.0000 4 15864.95488
3.1000 4 18675.13856
3.2000 4 15330.18112
3.3000 4 19587.39968
3.4000 4 16294.87104
3.5000 4 18863.88224
3.6000 4 15896.41216
3.7000 4 20090.71616
3.8000 4 16672.3584
3.9000 4 18926.7968
4.0000 4 18433.96608
4.1000 4 17542.67648
4.2000 4 18454.9376
4.3000 4 15267.26656
4.4000 4 18433.96608
4.5000 4 15948.84096
4.6000 4 18412.99456
4.7000 4 14061.40416
4.8000 4 19021.16864
4.9000 4 17270.04672
5.0000 4 17993.56416
5.1000 4 17385.39008
5.2000 4 19744.68608
5.3000 4 17448.30464
5.4000 4 19304.28416
5.5000 4 18308.13696
5.6000 4 18045.99296
5.7000 4 18800.96768
5.8000 4 16682.84416
5.9000 4 17238.58944
6.0000 4 16745.75872
6.1000 4 16221.47072
6.2000 4 18643.68128
6.3000 4 16483.61472
6.4000 4 19126.02624
6.5000 4 17794.33472
6.6000 4 20132.6592
6.7000 4 15267.26656
6.8000 4 20803.74784
6.9000 4 15340.66688
7.0000 4 18706.59584
7.1000 4 14994.6368
7.2000 4 20656.9472
7.3000 4 15508.43904
7.4000 4 17710.44864
7.5000 4 17993.56416
7.6000 4 16850.61632
7.7000 4 19314.76992
7.8000 4 15571.3536
7.9000 4 18077.45024
8.0000 4 15770.58304
8.1000 4 17605.59104
8.2000 4 16242.44224
8.3000 4 17102.27456
8.4000 4 18234.73664
8.5000 4 16557.01504
8.6000 4 16598.95808
8.7000 4 19493.02784
8.8000 4 19744.68608
8.9000 4 17490.24768
9.0000 4 19178.45504
9.1000 4 18612.224
9.2000 4 18989.71136
9.3000 4 19105.05472
9.4000 4 15990.784
9.5000 4 18077.45024
9.6000 4 18339.59424
9.7000 4 19010.68288
9.8000 4 17951.62112
9.9000 4 19157.48352
10.0000 4 20038.28736
10.1000 4 16022.24128
10.2000 4 18937.28256
10.3000 4 18412.99456
10.4000 4 19241.3696
10.5000 4 17364.41856
10.6000 4 18800.96768
10.7000 4 16777.216
10.8000 4 20342.3744
10.9000 4 17028.87424
11.0000 4 20908.60544
11.1000 4 15204.352
11.2000 4 18182.30784
11.3000 4 14585.69216
11.4000 4 20342.3744
11.5000 4 17427.33312
11.6000 4 18612.224
11.7000 4 17846.76352
11.8000 4 17018.38848
11.9000 4 18245.2224
12.0000 4 17532.19072
12.1000 4 16903.04512
12.2000 4 17752.39168
12.3000 4 17301.504
12.4000 4 18129.87904
12.5000 4 19220.39808
12.6000 4 17647.53408
12.7000 4 16871.58784
12.8000 4 16714.30144
12.9000 4 15843.98336
13.0000 4 16399.72864
13.1000 4 18633.19552
13.2000 4 18486.39488
13.3000 4 16336.81408
13.4000 4 17332.96128
13.5000 4 17825.792
13.6000 4 18444.45184
13.7000 4 16598.95808
13.8000 4 18318.62272
13.9000 4 14984.15104
14.0000 4 18119.39328
14.1000 4 18287.16544
14.2000 4 17249.0752
14.3000 4 16473.12896
14.4000 4 18853.39648
14.5000 4 15854.46912
14.6000 4 17448.30464
14.7000 4 16682.84416
14.8000 4 17270.04672
14.9000 4 17553.16224
15.0000 4 17825.792
15.1000 4 17259.56096
15.2000 4 16116.61312
15.3000 4 18591.25248
15.4000 4 17322.47552
15.5000 4 18266.19392
15.6000 4 18821.9392
15.7000 4 17490.24768
15.8000 4 16850.61632
15.9000 4 16766.73024
16.0000 4 16976.44544
16.1000 4 19105.05472
16.2000 4 15676.2112
16.3000 4 18245.2224
16.4000 4 16724.7872
16.5000 4 19901.97248
16.6000 4 15906.89792
16.7000 4 21191.72096
16.8000 4 14690.54976
16.9000 4 22754.0992
17.0000 4 10506.73152
17.1000 4 20940.06272
17.2000 4 12897.4848
17.3000 4 20992.49152
17.4000 4 13589.54496
17.5000 4 19765.6576
17.6000 4 15319.69536
17.7000 4 20289.9456
17.8000 4 16861.10208
17.9000 4 18916.31104
18.0000 4 18664.6528
18.1000 4 15529.41056
18.2000 4 19220.39808
18.3000 4 17741.90592
18.4000 4 17385.39008
18.5000 4 19325.25568
18.6000 4 17238.58944
18.7000 4 17762.87744
18.8000 4 17825.792
18.9000 4 18968.73984
19.0000 4 17857.24928
19.1000 4 19891.48672
19.2000 4 16598.95808
19.3000 4 17972.59264
19.4000 4 16452.15744
19.5000 4 17972.59264
19.6000 4 15539.89632
19.7000 4 21359.49312
19.8000 4 15623.7824
19.9000 4 18654.16704
20.0000 4 15047.0656
20.1000 4 19828.57216
20.2000 4 16452.15744
20.3000 4 18821.9392
20.4000 4 17207.13216
20.5000 4 18066.96448
20.6000 4 13715.37408
20.7000 4 19430.11328
20.8000 4 13956.54656
20.9000 4 21401.43616
21.0000 4 12037.65248
21.1000 4 20489.17504
21.2000 4 12509.51168
21.3000 4 19283.31264
21.4000 4 16378.75712
21.5000 4 19692.25728
21.6000 4 17521.70496
21.7000 4 16326.32832
21.8000 4 18905.82528
21.9000 4 18979.2256
22.0000 4 19618.85696
22.1000 4 18622.70976
22.2000 4 18570.28096
22.3000 4 17972.59264
22.4000 4 19167.96928
22.5000 4 18654.16704
22.6000 4 17511.2192
22.7000 4 17553.16224
22.8000 4 18318.62272
22.9000 4 18098.42176
23.0000 4 20583.54688
23.1000 4 18412.99456
23.2000 4 20908.60544
23.3000 4 15644.75392
23.4000 4 18748.53888
23.5000 4 18297.6512
23.6000 4 17878.2208
23.7000 4 19419.62752
23.8000 4 17804.82048
23.9000 4 18171.82208
24.0000 4 16357.7856
24.1000 4 18989.71136
24.2000 4 18266.19392
24.3000 4 19314.76992
24.4000 4 19409.14176
24.5000 4 19461.57056
24.6000 4 18895.33952
24.7000 4 17311.98976
24.8000 4 17888.70656
24.9000 4 16861.10208
25.0000 4 19755.17184
25.1000 4 19597.88544
25.2000 4 19430.11328
25.3000 4 18496.88064
25.4000 4 18591.25248
25.5000 4 18045.99296
25.6000 4 19000.19712
25.7000 4 19167.96928
25.8000 4 17930.6496
25.9000 4 17804.82048
26.0000 4 19849.54368
26.1000 4 19346.2272
26.2000 4 18664.6528
26.3000 4 19534.97088
26.4000 4 16494.10048
26.5000 4 19755.17184
26.6000 4 16074.67008
26.7000 4 20268.97408
26.8000 4 16861.10208
26.9000 4 15560.86784
27.0000 4 21002.97728
27.1000 4 16871.58784
27.2000 4 19262.34112
27.3000 4 18150.85056
27.4000 4 15141.43744
27.5000 4 16714.30144
27.6000 4 18308.13696
27.7000 4 19304.28416
27.8000 4 18329.10848
27.9000 4 18329.10848
28.0000 4 19849.54368
28.1000 4 19744.68608
28.2000 4 21495.808
28.3000 4 17595.10528
28.4000 4 20478.68928
28.5000 4 18559.7952
28.6000 4 17259.56096
28.7000 4 21233.664
28.8000 4 17878.2208
28.9000 4 17773.3632
29.0000 4 18381.53728
29.1000 4 14103.3472
29.2000 4 19901.97248
29.3000 4 17238.58944
29.4000 4 18486.39488
29.5000 4 18832.42496
29.6000 4 18213.76512
29.7000 4 17343.44704
29.8000 4 18108.90752
29.9000 4 17270.04672
30.0000 4 18570.28096
30.1000 4 20583.54688
30.2000 4 19188.9408
30.3000 4 18528.33792
30.4000 4 19849.54368
30.5000 4 16473.12896
30.6000 4 17311.98976
30.7000 4 19734.20032
30.8000 4 16515.072
30.9000 4 19451.0848
31.0000 4 17741.90592
31.1000 4 18779.99616
31.2000 4 19576.91392
31.3000 4 18465.42336
31.4000 4 21768.43776
31.5000 4 18077.45024
31.6000 4 18979.2256
31.7000 4 18517.85216
31.8000 4 18979.2256
31.9000 4 18612.224
32.0000 4 17720.9344
32.1000 4 18182.30784
32.2000 4 18203.27936
32.3000 4 16473.12896
32.4000 4 16064.18432
32.5000 4 16882.0736
32.6000 4 19126.02624
32.7000 4 18465.42336
32.8000 4 17878.2208
32.9000 4 18433.96608
33.0000 4 18591.25248
33.1000 4 17490.24768
33.2000 4 20761.8048
33.3000 4 16567.5008
33.4000 4 20216.54528
33.5000 4 15592.32512
33.6000 4 21757.952
33.7000 4 18779.99616
33.8000 4 20248.00256
33.9000 4 20625.48992
34.0000 4 17710.44864
34.1000 4 19461.57056
34.2000 4 18339.59424
34.3000 4 16315.84256
34.4000 4 19377.68448
34.5000 4 19650.31424
34.6000 4 18192.7936
34.7000 4 19828.57216
34.8000 4 16882.0736
34.9000 4 18895.33952
35.0000 4 16567.5008
35.1000 4 18916.31104
35.2000 4 17081.30304
35.3000 4 20384.31744
35.4000 4 17951.62112
35.5000 4 20940.06272
35.6000 4 14491.32032
35.7000 4 18979.2256
35.8000 4 15026.09408
35.9000 4 20405.28896
36.0000 4 14166.26176
36.1000 4 19734.20032
36.2000 4 17762.87744
36.3000 4 19052.62592
36.4000 4 17647.53408
36.5000 4 19063.11168
36.6000 4 19220.39808
36.7000 4 19566.42816
36.8000 4 20027.8016
36.9000 4 18979.2256
37.0000 4 19975.3728
37.1000 4 18318.62272
37.2000 4 18066.96448
37.3000 4 19126.02624
37.4000 4 17710.44864
37.5000 4 19660.8
37.6000 4 16882.0736
37.7000 4 21810.3808
37.8000 4 16882.0736
37.9000 4 18402.5088
38.0000 4 18622.70976
38.1000 4 15026.09408
38.2000 4 17794.33472
38.3000 4 17878.2208
38.4000 4 16913.53088
38.5000 4 17720.9344
38.6000 4 17427.33312
38.7000 4 19419.62752
38.8000 4 19912.45824
38.9000 4 16504.58624
39.0000 4 17511.2192
39.1000 4 16997.41696
39.2000 4 18675.13856
39.3000 4 16766.73024
39.4000 4 14250.14784
39.5000 4 19524.48512
39.6000 4 16567.5008
39.7000 4 22072.5248
39.8000 4 16273.89952
39.9000 4 22250.78272
40.0000 4 16766.73024
40.1000 4 16284.38528
40.2000 4 19555.9424
40.3000 4 16127.09888
40.4000 4 20373.83168
40.5000 4 17951.62112
40.6000 4 20615.00416
40.7000 4 18517.85216
40.8000 4 17616.0768
40.9000 4 20258.48832
41.0000 4 16221.47072
41.1000 4 19608.3712
41.2000 4 19765.6576
41.3000 4 18748.53888
41.4000 4 18916.31104
41.5000 4 19241.3696
41.6000 4 18423.48032
41.7000 4 16850.61632
41.8000 4 15927.86944
41.9000 4 17584.61952
42.0000 4 16483.61472
42.1000 4 18234.73664
42.2000 4 17081.30304
42.3000 4 18706.59584
42.4000 4 18224.25088
42.5000 4 18905.82528
42.6000 4 18633.19552
42.7000 4 18465.42336
42.8000 4 18297.6512
42.9000 4 19325.25568
43.0000 4 20793.26208
43.1000 4 16106.12736
43.2000 4 17626.56256
43.3000 4 17731.42016
43.4000 4 19084.0832
43.5000 4 18832.42496
43.6000 4 18968.73984
43.7000 4 19744.68608
43.8000 4 19272.82688
43.9000 4 18276.67968
44.0000 4 18947.76832
44.1000 4 16515.072
44.2000 4 17941.13536
44.3000 4 18245.2224
44.4000 4 20289.9456
44.5000 4 19597.88544
44.6000 4 18538.82368
44.7000 4 19010.68288
44.8000 4 21579.69408
44.9000 4 19451.0848
45.0000 4 20971.52
45.1000 4 19912.45824
45.2000 4 17773.3632
45.3000 4 18087.936
45.4000 4 18612.224
45.5000 4 17783.84896
45.6000 4 20394.8032
45.7000 4 19000.19712
45.8000 4 21118.32064
45.9000 4 17930.6496
46.0000 4 20289.9456
46.1000 4 17867.73504
46.2000 4 19534.97088
46.3000 4 20017.31584
46.4000 4 16640.90112
46.5000 4 10831.79008
46.6000 4 2023.75168
