0.1000 4 0.0
0.2000 4 17270.04672
0.3000 4 16976.44544
0.4000 4 19073.59744
0.5000 4 17647.53408
0.6000 4 18108.90752
0.7000 4 17616.0768
0.8000 4 17941.13536
0.9000 4 17364.41856
1.0000 4 17637.04832
1.1000 4 17479.76192
1.2000 4 15707.66848
1.3000 4 20080.2304
1.4000 4 15445.52448
1.5000 4 20562.57536
1.6000 4 16619.9296
1.7000 4 15151.9232
1.8000 4 18045.99296
1.9000 4 11356.07808
2.0000 4 19073.59744
2.1000 4 13809.74592
2.2000 4 16651.38688
2.3000 4 16892.55936
2.4000 4 11901.3376
2.5000 4 20908.60544
2.6000 4 14061.40416
2.7000 4 17574.13376
2.8000 4 17521.70496
2.9000 4 16368.27136
3.0000 4 19031.6544
3.1000 4 15424.55296
3.2000 4 18392.02304
3.3000 4 18685.62432
3.4000 4 17112.76032
3.5000 4 19713.2288
3.6000 4 19734.20032
3.7000 4 19555.9424
3.8000 4 20730.34752
3.9000 4 12572.42624
4.0000 4 17836.27776
4.1000 4 17658.01984
4.2000 4 18014.53568
4.3000 4 19650.31424
4.4000 4 17532.19072
4.5000 4 18779.99616
4.6000 4 15099.4944
4.7000 4 21191.72096
4.8000 4 16882.0736
4.9000 4 19786.62912
5.0000 4 11555.30752
5.1000 4 20552.0896
5.2000 4 15686.69696
5.3000 4 19136.512
5.4000 4 16703.81568
5.5000 4 18266.19392
5.6000 4 16064.18432
5.7000 4 19975.3728
5.8000 4 16169.04192
5.9000 4 21034.43456
6.0000 4 15602.81088
6.1000 4 20824.71936
6.2000 4 12939.42784
6.3000 4 20038.28736
6.4000 4 15508.43904
6.5000 4 19513.99936
6.6000 4 16284.38528
6.7000 4 16724.7872
6.8000 4 16934.5024
6.9000 4 17490.24768
7.0000 4 17731.42016
7.1000 4 16389.24288
7.2000 4 18350.08
7.3000 4 19042.14016
7.4000 4 18025.02144
7.5000 4 18171.82208
7.6000 4 18224.25088
7.7000 4 18800.96768
7.8000 4 16724.7872
7.9000 4 19472.05632
8.0000 4 18318.62272
8.1000 4 20258.48832
8.2000 4 18025.02144
8.3000 4 19461.57056
8.4000 4 17070.81728
8.5000 4 19063.11168
8.6000 4 18654.16704
8.7000 4 17710.44864
8.8000 4 17605.59104
8.9000 4 18245.2224
9.0000 4 19388.17024
9.1000 4 16819.15904
9.2000 4 20363.34592
9.3000 4 18108.90752
9.4000 4 20363.34592
9.5000 4 16515.072
9.6000 4 19409.14176
9.7000 4 17500.73344
9.8000 4 17983.0784
9.9000 4 19377.68448
10.0000 4 16745.75872
10.1000 4 19241.3696
10.2000 4 16200.4992
10.3000 4 20677.91872
10.4000 4 15781.0688
10.5000 4 19388.17024
10.6000 4 16116.61312
10.7000 4 18706.59584
10.8000 4 17479.76192
10.9000 4 17825.792
11.0000 4 18444.45184
11.1000 4 16640.90112
11.2000 4 18486.39488
11.3000 4 16651.38688
11.4000 4 18433.96608
11.5000 4 16546.52928
11.6000 4 19209.91232
11.7000 4 17196.6464
11.8000 4 19503.5136
11.9000 4 13327.40096
12.0000 4 17532.19072
12.1000 4 14795.40736
12.2000 4 20604.5184
12.3000 4 12866.02752
12.4000 4 19388.17024
12.5000 4 16882.0736
12.6000 4 19073.59744
12.7000 4 16871.58784
12.8000 4 17007.90272
12.9000 4 19209.91232
13.0000 4 16986.9312
13.1000 4 20111.68768
13.2000 4 18213.76512
13.3000 4 16557.01504
13.4000 4 19566.42816
13.5000 4 17049.84576
13.6000 4 20310.91712
13.7000 4 20038.28736
13.8000 4 17616.0768
13.9000 4 20069.74464
14.0000 4 15592.32512
14.1000 4 22785.55648
14.2000 4 16494.10048
14.3000 4 20038.28736
14.4000 4 17867.73504
14.5000 4 17406.3616
14.6000 4 19084.0832
14.7000 4 17741.90592
14.8000 4 20520.63232
14.9000 4 14596.17792
15.0000 4 23121.1008
15.1000 4 13400.80128
15.2000 4 19734.20032
15.3000 4 16808.67328
15.4000 4 19482.54208
15.5000 4 16598.95808
15.6000 4 18968.73984
15.7000 4 17322.47552
15.8000 4 19367.19872
15.9000 4 17626.56256
16.0000 4 17888.70656
16.1000 4 19314.76992
16.2000 4 16536.04352
16.3000 4 18759.02464
16.4000 4 17238.58944
16.5000 4 18465.42336
16.6000 4 18203.27936
16.7000 4 19849.54368
16.8000 4 19126.02624
16.9000 4 17353.9328
17.0000 4 19241.3696
17.1000 4 14826.86464
17.2000 4 21149.77792
17.3000 4 15340.66688
17.4000 4 21841.83808
17.5000 4 18853.39648
17.6000 4 21086.86336
17.7000 4 19052.62592
17.8000 4 18350.08
17.9000 4 16127.09888
18.0000 4 19650.31424
18.1000 4 18465.42336
18.2000 4 16903.04512
18.3000 4 20594.03264
18.4000 4 18119.39328
18.5000 4 21894.26688
18.6000 4 14994.6368
18.7000 4 21170.74944
18.8000 4 18947.76832
18.9000 4 18066.96448
19.0000 4 16326.32832
19.1000 4 18108.90752
19.2000 4 17647.53408
19.3000 4 21013.46304
19.4000 4 16347.29984
19.5000 4 19314.76992
19.6000 4 17343.44704
19.7000 4 19388.17024
19.8000 4 19587.39968
19.9000 4 17186.16064
20.0000 4 21642.60864
20.1000 4 13526.6304
20.2000 4 20845.69088
20.3000 4 16085.15584
20.4000 4 19891.48672
20.5000 4 17500.73344
20.6000 4 18947.76832
20.7000 4 18444.45184
20.8000 4 17647.53408
20.9000 4 19608.3712
21.0000 4 17584.61952
21.1000 4 19063.11168
21.2000 4 19283.31264
21.3000 4 18087.936
21.4000 4 19901.97248
21.5000 4 15602.81088
21.6000 4 17511.2192
21.7000 4 18790.48192
21.8000 4 16829.6448
21.9000 4 18905.82528
22.0000 4 18580.76672
22.1000 4 17343.44704
22.2000 4 20845.69088
22.3000 4 15592.32512
22.4000 4 20017.31584
22.5000 4 15403.58144
22.6000 4 21736.98048
22.7000 4 16420.70016
22.8000 4 21674.06592
22.9000 4 17804.82048
23.0000 4 21265.12128
23.1000 4 16630.41536
23.2000 4 18381.53728
23.3000 4 18108.90752
23.4000 4 18423.48032
23.5000 4 17228.10368
23.6000 4 17574.13376
23.7000 4 19230.88384
23.8000 4 16064.18432
23.9000 4 16462.6432
24.0000 4 20646.46144
24.1000 4 16158.55616
24.2000 4 20310.91712
24.3000 4 16001.26976
24.4000 4 18926.7968
24.5000 4 18517.85216
24.6000 4 18203.27936
24.7000 4 17259.56096
24.8000 4 15927.86944
24.9000 4 16263.41376
25.0000 4 19167.96928
25.1000 4 18014.53568
25.2000 4 17993.56416
25.3000 4 16410.2144
25.4000 4 17165.18912
25.5000 4 17332.96128
25.6000 4 16190.01344
25.7000 4 18591.25248
25.8000 4 17815.30624
25.9000 4 20373.83168
26.0000 4 18035.5072
26.1000 4 18643.68128
26.2000 4 17490.24768
26.3000 4 17920.16384
26.4000 4 19618.85696
26.5000 4 17280.53248
26.6000 4 19451.0848
26.7000 4 19723.71456
26.8000 4 19000.19712
26.9000 4 19346.2272
27.0000 4 18863.88224
27.1000 4 19545.45664
27.2000 4 19597.88544
27.3000 4 16074.67008
27.4000 4 19734.20032
27.5000 4 16137.58464
27.6000 4 19933.42976
27.7000 4 18287.16544
27.8000 4 18832.42496
27.9000 4 20143.14496
28.0000 4 17249.0752
28.1000 4 21160.26368
28.2000 4 17616.0768
28.3000 4 21369.97888
28.4000 4 19115.54048
28.5000 4 19042.14016
28.6000 4 19734.20032
28.7000 4 15529.41056
28.8000 4 22093.49632
28.9000 4 16452.15744
29.0000 4 19377.68448
29.1000 4 17280.53248
29.2000 4 19650.31424
29.3000 4 18140.3648
29.4000 4 19786.62912
29.5000 4 17605.59104
29.6000 4 19409.14176
29.7000 4 20866.6624
29.8000 4 18255.70816
29.9000 4 19398.656
30.0000 4 16997.41696
30.1000 4 18811.45344
30.2000 4 16850.61632
30.3000 4 18276.67968
30.4000 4 19178.45504
30.5000 4 16043.2128
30.6000 4 19912.45824
30.7000 4 17238.58944
30.8000 4 18444.45184
30.9000 4 19010.68288
31.0000 4 14386.46272
31.1000 4 17311.98976
31.2000 4 16756.24448
31.3000 4 19335.74144
31.4000 4 18129.87904
31.5000 4 18004.04992
31.6000 4 18486.39488
31.7000 4 17448.30464
31.8000 4 16693.32992
31.9000 4 18035.5072
32.0000 4 17343.44704
32.1000 4 16997.41696
32.2000 4 18150.85056
32.3000 4 17186.16064
32.4000 4 18800.96768
32.5000 4 19188.9408
32.6000 4 19901.97248
32.7000 4 20111.68768
32.8000 4 17532.19072
32.9000 4 20698.89024
33.0000 4 18486.39488
33.1000 4 19063.11168
33.2000 4 18937.28256
33.3000 4 18098.42176
33.4000 4 21674.06592
33.5000 4 13904.11776
33.6000 4 16536.04352
33.7000 4 15770.58304
33.8000 4 19975.3728
33.9000 4 19052.62592
34.0000 4 18266.19392
34.1000 4 19283.31264
34.2000 4 17490.24768
34.3000 4 19063.11168
34.4000 4 17511.2192
34.5000 4 19618.85696
34.6000 4 18968.73984
34.7000 4 19430.11328
34.8000 4 20258.48832
34.9000 4 19870.5152
35.0000 4 19513.99936
35.1000 4 17731.42016
35.2000 4 19597.88544
35.3000 4 16777.216
35.4000 4 20111.68768
35.5000 4 19283.31264
35.6000 4 19293.7984
35.7000 4 18696.11008
35.8000 4 16724.7872
35.9000 4 17616.0768
36.0000 4 17595.10528
36.1000 4 17154.70336
36.2000 4 17689.47712
36.3000 4 14071.88992
36.4000 4 18811.45344
36.5000 4 15403.58144
36.6000 4 18559.7952
36.7000 4 17678.99136
36.8000 4 18717.0816
36.9000 4 17846.76352
37.0000 4 18224.25088
37.1000 4 20656.9472
37.2000 4 16441.67168
37.3000 4 18538.82368
37.4000 4 16577.98656
37.5000 4 18444.45184
37.6000 4 19272.82688
37.7000 4 18444.45184
37.8000 4 19996.34432
37.9000 4 19094.56896
38.0000 4 21695.03744
38.1000 4 18853.39648
38.2000 4 16924.01664
38.3000 4 19314.76992
38.4000 4 15990.784
38.5000 4 21495.808
38.6000 4 16871.58784
38.7000 4 21055.40608
38.8000 4 17270.04672
38.9000 4 20898.11968
39.0000 4 19744.68608
39.1000 4 18968.73984
39.2000 4 19524.48512
39.3000 4 19891.48672
39.4000 4 20059.25888
39.5000 4 19094.56896
39.6000 4 20415.77472
39.7000 4 18392.02304
39.8000 4 18800.96768
39.9000 4 18643.68128
40.0000 4 18821.9392
40.1000 4 19755.17184
40.2000 4 13610.51648
40.3000 4 20216.54528
40.4000 4 16924.01664
40.5000 4 20824.71936
40.6000 4 19335.74144
40.7000 4 19692.25728
40.8000 4 19996.34432
40.9000 4 18549.30944
41.0000 4 21086.86336
41.1000 4 18947.76832
41.2000 4 18004.04992
41.3000 4 15393.09568
41.4000 4 21820.86656
41.5000 4 17878.2208
41.6000 4 19430.11328
41.7000 4 18381.53728
41.8000 4 19042.14016
41.9000 4 16955.47392
42.0000 4 18916.31104
42.1000 4 18895.33952
42.2000 4 18958.25408
42.3000 4 18968.73984
42.4000 4 18287.16544
42.5000 4 18308.13696
42.6000 4 18517.85216
42.7000 4 17825.792
42.8000 4 18423.48032
42.9000 4 17186.16064
43.0000 4 18433.96608
43.1000 4 18035.5072
43.2000 4 19860.02944
43.3000 4 19870.5152
43.4000 4 18696.11008
43.5000 4 19293.7984
43.6000 4 15456.01024
43.7000 4 20447.232
43.8000 4 12939.42784
43.9000 4 17909.67808
44.0000 4 16609.44384
44.1000 4 19723.71456
44.2000 4 17112.76032
44.3000 4 19996.34432
44.4000 4 18486.39488
44.5000 4 18182.30784
44.6000 4 20279.45984
44.7000 4 19430.11328
44.8000 4 17563.648
44.9000 4 17553.16224
45.0000 4 19031.6544
45.1000 4 15256.7808
45.2000 4 20719.86176
45.3000 4 14973.66528
45.4000 4 20352.86016
45.5000 4 15885.9264
45.6000 4 19346.2272
45.7000 4 17815.30624
45.8000 4 16315.84256
45.9000 4 18738.05312
46.0000 4 17993.56416
46.1000 4 10160.70144
46.2000 4 838.8608
