0.1000 4 0.0
0.2000 4 15864.95488
0.3000 4 17710.44864
0.4000 4 14984.15104
0.5000 4 17710.44864
0.6000 4 14208.2048
0.7000 4 19398.656
0.8000 4 15089.00864
0.9000 4 18696.11008
1.0000 4 14826.86464
1.1000 4 17941.13536
1.2000 4 18350.08
1.3000 4 18339.59424
1.4000 4 18738.05312
1.5000 4 18675.13856
1.6000 4 18979.2256
1.7000 4 18035.5072
1.8000 4 18643.68128
1.9000 4 19115.54048
2.0000 4 17301.504
2.1000 4 19797.11488
2.2000 4 18947.76832
2.3000 4 18821.9392
2.4000 4 15613.29664
2.5000 4 18308.13696
2.6000 4 16777.216
2.7000 4 17930.6496
2.8000 4 17752.39168
2.9000 4 16787.70176
3.0000 4 19524.48512
3.1000 4 18245.2224
3.2000 4 21013.46304
3.3000 4 16022.24128
3.4000 4 22177.3824
3.5000 4 17154.70336
3.6000 4 18905.82528
3.7000 4 17479.76192
3.8000 4 19199.42656
3.9000 4 20499.6608
4.0000 4 16032.72704
4.1000 4 21726.49472
4.2000 4 16252.928
4.3000 4 20195.57376
4.4000 4 16577.98656
4.5000 4 19933.42976
4.6000 4 17637.04832
4.7000 4 18077.45024
4.8000 4 17783.84896
4.9000 4 19922.944
5.0000 4 15718.15424
5.1000 4 19839.05792
5.2000 4 16158.55616
5.3000 4 18675.13856
5.4000 4 18759.02464
5.5000 4 18119.39328
5.6000 4 20268.97408
5.7000 4 16598.95808
5.8000 4 20489.17504
5.9000 4 18360.56576
6.0000 4 17699.96288
6.1000 4 20069.74464
6.2000 4 16022.24128
6.3000 4 20164.11648
6.4000 4 13872.66048
6.5000 4 20237.5168
6.6000 4 15005.12256
6.7000 4 19545.45664
6.8000 4 18832.42496
6.9000 4 18339.59424
7.0000 4 20048.77312
7.1000 4 16714.30144
7.2000 4 19021.16864
7.3000 4 18979.2256
7.4000 4 15130.95168
7.5000 4 20772.29056
7.6000 4 15351.15264
7.7000 4 20835.20512
7.8000 4 16210.98496
7.9000 4 20216.54528
8.0000 4 15424.55296
8.1000 4 18696.11008
8.2000 4 18769.5104
8.3000 4 19241.3696
8.4000 4 19419.62752
8.5000 4 16955.47392
8.6000 4 18297.6512
8.7000 4 18863.88224
8.8000 4 18821.9392
8.9000 4 19723.71456
9.0000 4 17637.04832
9.1000 4 19042.14016
9.2000 4 17846.76352
9.3000 4 17144.2176
9.4000 4 20541.60384
9.5000 4 18779.99616
9.6000 4 21244.14976
9.7000 4 18559.7952
9.8000 4 18800.96768
9.9000 4 18926.7968
10.0000 4 19681.77152
10.1000 4 19587.39968
10.2000 4 18759.02464
10.3000 4 19052.62592
10.4000 4 17962.10688
10.5000 4 21883.78112
10.6000 4 15697.18272
10.7000 4 20719.86176
10.8000 4 16714.30144
10.9000 4 18633.19552
11.0000 4 19199.42656
11.1000 4 18842.91072
11.2000 4 19188.9408
11.3000 4 18559.7952
11.4000 4 18517.85216
11.5000 4 18150.85056
11.6000 4 18108.90752
11.7000 4 20258.48832
11.8000 4 17804.82048
11.9000 4 19188.9408
12.0000 4 20143.14496
12.1000 4 18213.76512
12.2000 4 17332.96128
12.3000 4 19912.45824
12.4000 4 15854.46912
12.5000 4 19167.96928
12.6000 4 19472.05632
12.7000 4 20604.5184
12.8000 4 18842.91072
12.9000 4 19797.11488
13.0000 4 18696.11008
13.1000 4 18392.02304
13.2000 4 18266.19392
13.3000 4 12761.16992
13.4000 4 17689.47712
13.5000 4 19220.39808
13.6000 4 18853.39648
13.7000 4 19639.82848
13.8000 4 18255.70816
13.9000 4 19964.88704
14.0000 4 17710.44864
14.1000 4 18538.82368
14.2000 4 16924.01664
14.3000 4 18339.59424
14.4000 4 19021.16864
14.5000 4 18748.53888
14.6000 4 17532.19072
14.7000 4 17343.44704
14.8000 4 17416.84736
14.9000 4 18968.73984
15.0000 4 17395.87584
15.1000 4 19272.82688
15.2000 4 15151.9232
15.3000 4 18664.6528
15.4000 4 16315.84256
15.5000 4 20111.68768
15.6000 4 17154.70336
15.7000 4 19115.54048
15.8000 4 17574.13376
15.9000 4 17678.99136
16.0000 4 18559.7952
16.1000 4 19503.5136
16.2000 4 17165.18912
16.3000 4 18779.99616
16.4000 4 18696.11008
16.5000 4 19881.00096
16.6000 4 18821.9392
16.7000 4 19356.71296
16.8000 4 19283.31264
16.9000 4 17731.42016
17.0000 4 19178.45504
17.1000 4 18685.62432
17.2000 4 19440.59904
17.3000 4 18465.42336
17.4000 4 20489.17504
17.5000 4 17888.70656
17.6000 4 18339.59424
17.7000 4 17196.6464
17.8000 4 17595.10528
17.9000 4 17280.53248
18.0000 4 16745.75872
18.1000 4 17207.13216
18.2000 4 19451.0848
18.3000 4 18759.02464
18.4000 4 20153.63072
18.5000 4 18203.27936
18.6000 4 19031.6544
18.7000 4 20132.6592
18.8000 4 17112.76032
18.9000 4 22324.18304
19.0000 4 14742.97856
19.1000 4 20583.54688
19.2000 4 15036.57984
19.3000 4 20635.97568
19.4000 4 19146.99776
19.5000 4 16095.6416
19.6000 4 19052.62592
19.7000 4 17458.7904
19.8000 4 19912.45824
19.9000 4 16787.70176
20.0000 4 20405.28896
20.1000 4 15697.18272
20.2000 4 20384.31744
20.3000 4 16242.44224
20.4000 4 19943.91552
20.5000 4 16273.89952
20.6000 4 20961.03424
20.7000 4 18297.6512
20.8000 4 19765.6576
20.9000 4 18958.25408
21.0000 4 19943.91552
21.1000 4 16745.75872
21.2000 4 19220.39808
21.3000 4 14617.14944
21.4000 4 20237.5168
21.5000 4 15466.496
21.6000 4 18287.16544
21.7000 4 16640.90112
21.8000 4 14596.17792
21.9000 4 18308.13696
22.0000 4 15277.75232
22.1000 4 19776.14336
22.2000 4 18842.91072
22.3000 4 16347.29984
22.4000 4 17783.84896
22.5000 4 20227.03104
22.6000 4 15078.52288
22.7000 4 19094.56896
22.8000 4 17500.73344
22.9000 4 19629.34272
23.0000 4 18779.99616
23.1000 4 16452.15744
23.2000 4 18979.2256
23.3000 4 17322.47552
23.4000 4 20248.00256
23.5000 4 17899.19232
23.6000 4 19744.68608
23.7000 4 17941.13536
23.8000 4 18863.88224
23.9000 4 18832.42496
24.0000 4 17406.3616
24.1000 4 18392.02304
24.2000 4 19000.19712
24.3000 4 18675.13856
24.4000 4 20342.3744
24.5000 4 18371.05152
24.6000 4 20237.5168
24.7000 4 19146.99776
24.8000 4 18916.31104
24.9000 4 17794.33472
25.0000 4 18350.08
25.1000 4 17605.59104
25.2000 4 17301.504
25.3000 4 19430.11328
25.4000 4 17186.16064
25.5000 4 22355.64032
25.6000 4 14669.57824
25.7000 4 18475.90912
25.8000 4 17175.67488
25.9000 4 19807.60064
26.0000 4 17689.47712
26.1000 4 18580.76672
26.2000 4 14218.69056
26.3000 4 17888.70656
26.4000 4 17154.70336
26.5000 4 16473.12896
26.6000 4 16557.01504
26.7000 4 18119.39328
26.8000 4 17563.648
26.9000 4 18045.99296
27.0000 4 18916.31104
27.1000 4 16210.98496
27.2000 4 19472.05632
27.3000 4 13243.51488
27.4000 4 19262.34112
27.5000 4 17815.30624
27.6000 4 17553.16224
27.7000 4 18654.16704
27.8000 4 16252.928
27.9000 4 19975.3728
28.0000 4 15885.9264
28.1000 4 19503.5136
28.2000 4 18213.76512
28.3000 4 19828.57216
28.4000 4 20048.77312
28.5000 4 18790.48192
28.6000 4 19377.68448
28.7000 4 18675.13856
28.8000 4 19597.88544
28.9000 4 19325.25568
29.0000 4 18297.6512
29.1000 4 19755.17184
29.2000 4 17374.90432
29.3000 4 19660.8
29.4000 4 17972.59264
29.5000 4 19545.45664
29.6000 4 17815.30624
29.7000 4 19262.34112
29.8000 4 17123.24608
29.9000 4 19356.71296
30.0000 4 19167.96928
30.1000 4 17678.99136
30.2000 4 17658.01984
30.3000 4 18465.42336
30.4000 4 18570.28096
30.5000 4 19063.11168
30.6000 4 17343.44704
30.7000 4 19021.16864
30.8000 4 16515.072
30.9000 4 18612.224
31.0000 4 17500.73344
31.1000 4 18538.82368
31.2000 4 20667.43296
31.3000 4 19440.59904
31.4000 4 19870.5152
31.5000 4 18339.59424
31.6000 4 19335.74144
31.7000 4 19304.28416
31.8000 4 21726.49472
31.9000 4 18098.42176
32.0000 4 19513.99936
32.1000 4 20268.97408
32.2000 4 19157.48352
32.3000 4 20447.232
32.4000 4 18276.67968
32.5000 4 19807.60064
32.6000 4 17500.73344
32.7000 4 20740.83328
32.8000 4 18045.99296
32.9000 4 19922.944
33.0000 4 17752.39168
33.1000 4 21432.89344
33.2000 4 15550.38208
33.3000 4 19671.28576
33.4000 4 16305.3568
33.5000 4 21286.0928
33.6000 4 17165.18912
33.7000 4 20101.20192
33.8000 4 13967.03232
33.9000 4 18612.224
34.0000 4 18004.04992
34.1000 4 19692.25728
34.2000 4 18696.11008
34.3000 4 18507.3664
34.4000 4 19472.05632
34.5000 4 17794.33472
34.6000 4 16483.61472
34.7000 4 18014.53568
34.8000 4 20006.83008
34.9000 4 17888.70656
35.0000 4 18045.99296
35.1000 4 16777.216
35.2000 4 18350.08
35.3000 4 16924.01664
35.4000 4 16976.44544
35.5000 4 21432.89344
35.6000 4 16389.24288
35.7000 4 18528.33792
35.8000 4 16661.87264
35.9000 4 18171.82208
36.0000 4 18444.45184
36.1000 4 16714.30144
36.2000 4 19314.76992
36.3000 4 16525.55776
36.4000 4 21590.17984
36.5000 4 17532.19072
36.6000 4 20468.20352
36.7000 4 18517.85216
36.8000 4 19283.31264
36.9000 4 18454.9376
37.0000 4 18486.39488
37.1000 4 18979.2256
37.2000 4 18087.936
37.3000 4 20143.14496
37.4000 4 17637.04832
37.5000 4 20887.63392
37.6000 4 17406.3616
37.7000 4 20793.26208
37.8000 4 19398.656
37.9000 4 19912.45824
38.0000 4 20090.71616
38.1000 4 18066.96448
38.2000 4 20027.8016
38.3000 4 17909.67808
38.4000 4 19304.28416
38.5000 4 19021.16864
38.6000 4 18035.5072
38.7000 4 17909.67808
38.8000 4 17993.56416
38.9000 4 18025.02144
39.0000 4 18968.73984
39.1000 4 18350.08
39.2000 4 20321.40288
39.3000 4 18559.7952
39.4000 4 20782.77632
39.5000 4 18916.31104
39.6000 4 19566.42816
39.7000 4 20373.83168
39.8000 4 19996.34432
39.9000 4 18475.90912
40.0000 4 16315.84256
40.1000 4 16231.95648
40.2000 4 18444.45184
40.3000 4 12383.68256
40.4000 4 20457.71776
40.5000 4 19524.48512
40.6000 4 19839.05792
40.7000 4 18727.56736
40.8000 4 18790.48192
40.9000 4 19430.11328
41.0000 4 18895.33952
41.1000 4 17448.30464
41.2000 4 18748.53888
41.3000 4 18895.33952
41.4000 4 20363.34592
41.5000 4 19409.14176
41.6000 4 18947.76832
41.7000 4 18045.99296
41.8000 4 15969.81248
41.9000 4 19797.11488
42.0000 4 18203.27936
42.1000 4 22450.01216
42.2000 4 17175.67488
42.3000 4 19555.9424
42.4000 4 17322.47552
42.5000 4 19283.31264
42.6000 4 19639.82848
42.7000 4 19042.14016
42.8000 4 20562.57536
42.9000 4 18654.16704
43.0000 4 20310.91712
43.1000 4 18549.30944
43.2000 4 19346.2272
43.3000 4 15823.01184
43.4000 4 19146.99776
43.5000 4 19209.91232
43.6000 4 18821.9392
43.7000 4 19828.57216
43.8000 4 18895.33952
43.9000 4 18895.33952
44.0000 4 17500.73344
44.1000 4 18517.85216
44.2000 4 19178.45504
44.3000 4 17920.16384
44.4000 4 17668.5056
44.5000 4 19964.88704
44.6000 4 19451.0848
44.7000 4 18779.99616
44.8000 4 18140.3648
44.9000 4 18947.76832
45.0000 4 18748.53888
45.1000 4 19251.85536
45.2000 4 19692.25728
45.3000 4 19409.14176
45.4000 4 17951.62112
45.5000 4 8105.49248
45.6000 4 387.97312
