0.1000 4 0.0
0.2000 4 18947.76832
0.3000 4 13484.68736
0.4000 4 19860.02944
0.5000 4 16022.24128
0.6000 4 20227.03104
0.7000 4 16871.58784
0.8000 4 18989.71136
0.9000 4 17878.2208
1.0000 4 18465.42336
1.1000 4 17993.56416
1.2000 4 18947.76832
1.3000 4 19545.45664
1.4000 4 17332.96128
1.5000 4 19839.05792
1.6000 4 17867.73504
1.7000 4 19304.28416
1.8000 4 19367.19872
1.9000 4 18056.47872
2.0000 4 20415.77472
2.1000 4 15120.46592
2.2000 4 18570.28096
2.3000 4 16619.9296
2.4000 4 18696.11008
2.5000 4 19293.7984
2.6000 4 17521.70496
2.7000 4 18706.59584
2.8000 4 16158.55616
2.9000 4 17144.2176
3.0000 4 18129.87904
3.1000 4 19891.48672
3.2000 4 16389.24288
3.3000 4 21128.8064
3.4000 4 19440.59904
3.5000 4 17951.62112
3.6000 4 15036.57984
3.7000 4 18790.48192
3.8000 4 12886.99904
3.9000 4 20625.48992
4.0000 4 17720.9344
4.1000 4 20206.05952
4.2000 4 16032.72704
4.3000 4 18056.47872
4.4000 4 16389.24288
4.5000 4 20468.20352
4.6000 4 16640.90112
4.7000 4 18580.76672
4.8000 4 19136.512
4.9000 4 16934.5024
5.0000 4 19325.25568
5.1000 4 16494.10048
5.2000 4 19461.57056
5.3000 4 18895.33952
5.4000 4 19534.97088
5.5000 4 16745.75872
5.6000 4 18234.73664
5.7000 4 16452.15744
5.8000 4 21023.9488
5.9000 4 17028.87424
6.0000 4 20541.60384
6.1000 4 17154.70336
6.2000 4 20101.20192
6.3000 4 19262.34112
6.4000 4 19954.40128
6.5000 4 19010.68288
6.6000 4 19209.91232
6.7000 4 17416.84736
6.8000 4 17070.81728
6.9000 4 18538.82368
7.0000 4 16735.27296
7.1000 4 19073.59744
7.2000 4 17060.33152
7.3000 4 16294.87104
7.4000 4 18717.0816
7.5000 4 20059.25888
7.6000 4 16032.72704
7.7000 4 18528.33792
7.8000 4 17280.53248
7.9000 4 19398.656
8.0000 4 16651.38688
8.1000 4 19503.5136
8.2000 4 17920.16384
8.3000 4 20499.6608
8.4000 4 18612.224
8.5000 4 18486.39488
8.6000 4 20310.91712
8.7000 4 16305.3568
8.8000 4 20772.29056
8.9000 4 16064.18432
9.0000 4 18779.99616
9.1000 4 18958.25408
9.2000 4 17637.04832
9.3000 4 18717.0816
9.4000 4 19314.76992
9.5000 4 16777.216
9.6000 4 18759.02464
9.7000 4 17710.44864
9.8000 4 17857.24928
9.9000 4 18234.73664
10.0000 4 16871.58784
10.1000 4 19419.62752
10.2000 4 17878.2208
10.3000 4 18675.13856
10.4000 4 19377.68448
10.5000 4 17249.0752
10.6000 4 18947.76832
10.7000 4 18224.25088
10.8000 4 19692.25728
10.9000 4 17867.73504
11.0000 4 19314.76992
11.1000 4 20132.6592
11.2000 4 17731.42016
11.3000 4 20740.83328
11.4000 4 14732.4928
11.5000 4 21118.32064
11.6000 4 18297.6512
11.7000 4 20258.48832
11.8000 4 17951.62112
11.9000 4 19681.77152
12.0000 4 16965.95968
12.1000 4 19692.25728
12.2000 4 18570.28096
12.3000 4 20877.14816
12.4000 4 17364.41856
12.5000 4 21621.63712
12.6000 4 15843.98336
12.7000 4 21401.43616
12.8000 4 18329.10848
12.9000 4 20447.232
13.0000 4 15686.69696
13.1000 4 21170.74944
13.2000 4 18245.2224
13.3000 4 20164.11648
13.4000 4 17343.44704
13.5000 4 19314.76992
13.6000 4 19461.57056
13.7000 4 19188.9408
13.8000 4 19734.20032
13.9000 4 16756.24448
14.0000 4 20782.77632
14.1000 4 16745.75872
14.2000 4 19335.74144
14.3000 4 19325.25568
14.4000 4 20352.86016
14.5000 4 17689.47712
14.6000 4 19975.3728
14.7000 4 16882.0736
14.8000 4 19293.7984
14.9000 4 14952.69376
15.0000 4 16934.5024
15.1000 4 19734.20032
15.2000 4 15277.75232
15.3000 4 20258.48832
15.4000 4 14019.46112
15.5000 4 18601.73824
15.6000 4 18108.90752
15.7000 4 19220.39808
15.8000 4 18486.39488
15.9000 4 18538.82368
16.0000 4 17637.04832
16.1000 4 18371.05152
16.2000 4 17259.56096
16.3000 4 19052.62592
16.4000 4 19094.56896
16.5000 4 19776.14336
16.6000 4 17689.47712
16.7000 4 18087.936
16.8000 4 18664.6528
16.9000 4 20017.31584
17.0000 4 18612.224
17.1000 4 19346.2272
17.2000 4 17972.59264
17.3000 4 19314.76992
17.4000 4 18255.70816
17.5000 4 20048.77312
17.6000 4 18392.02304
17.7000 4 19660.8
17.8000 4 18108.90752
17.9000 4 20562.57536
18.0000 4 17511.2192
18.1000 4 20164.11648
18.2000 4 17794.33472
18.3000 4 18559.7952
18.4000 4 21055.40608
18.5000 4 16420.70016
18.6000 4 20615.00416
18.7000 4 14994.6368
18.8000 4 18213.76512
18.9000 4 18423.48032
19.0000 4 17605.59104
19.1000 4 18622.70976
19.2000 4 14501.80608
19.3000 4 19776.14336
19.4000 4 15739.12576
19.5000 4 19325.25568
19.6000 4 17374.90432
19.7000 4 17238.58944
19.8000 4 19209.91232
19.9000 4 17259.56096
20.0000 4 16577.98656
20.1000 4 19241.3696
20.2000 4 17930.6496
20.3000 4 19671.28576
20.4000 4 17616.0768
20.5000 4 19943.91552
20.6000 4 19660.8
20.7000 4 17458.7904
20.8000 4 17993.56416
20.9000 4 20615.00416
21.0000 4 13044.28544
21.1000 4 18371.05152
21.2000 4 16473.12896
21.3000 4 19713.2288
21.4000 4 17804.82048
21.5000 4 20268.97408
21.6000 4 17060.33152
21.7000 4 17144.2176
21.8000 4 15938.3552
21.9000 4 18203.27936
22.0000 4 17448.30464
22.1000 4 17332.96128
22.2000 4 19304.28416
22.3000 4 17930.6496
22.4000 4 17542.67648
22.5000 4 18350.08
22.6000 4 19440.59904
22.7000 4 17825.792
22.8000 4 18213.76512
22.9000 4 18528.33792
23.0000 4 18213.76512
23.1000 4 20132.6592
23.2000 4 17553.16224
23.3000 4 19461.57056
23.4000 4 16724.7872
23.5000 4 19650.31424
23.6000 4 18129.87904
23.7000 4 19105.05472
23.8000 4 16871.58784
23.9000 4 17846.76352
24.0000 4 19115.54048
24.1000 4 19052.62592
24.2000 4 19146.99776
24.3000 4 19451.0848
24.4000 4 17395.87584
24.5000 4 16976.44544
24.6000 4 16452.15744
24.7000 4 17039.36
24.8000 4 20017.31584
24.9000 4 17238.58944
25.0000 4 17385.39008
25.1000 4 18738.05312
25.2000 4 18077.45024
25.3000 4 17406.3616
25.4000 4 17081.30304
25.5000 4 19513.99936
25.6000 4 17081.30304
25.7000 4 20248.00256
25.8000 4 19136.512
25.9000 4 15592.32512
26.0000 4 16504.58624
26.1000 4 19241.3696
26.2000 4 17154.70336
26.3000 4 18559.7952
26.4000 4 16284.38528
26.5000 4 19849.54368
26.6000 4 16861.10208
26.7000 4 18748.53888
26.8000 4 18297.6512
26.9000 4 19157.48352
27.0000 4 18077.45024
27.1000 4 18339.59424
27.2000 4 16714.30144
27.3000 4 15414.0672
27.4000 4 20698.89024
27.5000 4 15361.6384
27.6000 4 20069.74464
27.7000 4 14134.80448
27.8000 4 20730.34752
27.9000 4 17720.9344
28.0000 4 18119.39328
28.1000 4 19126.02624
28.2000 4 20038.28736
28.3000 4 20814.2336
28.4000 4 19052.62592
28.5000 4 20174.60224
28.6000 4 20373.83168
28.7000 4 19272.82688
28.8000 4 21506.29376
28.9000 4 19377.68448
29.0000 4 19073.59744
29.1000 4 19367.19872
29.2000 4 22093.49632
29.3000 4 18591.25248
29.4000 4 17878.2208
29.5000 4 20373.83168
29.6000 4 16567.5008
29.7000 4 22240.29696
29.8000 4 15005.12256
29.9000 4 18035.5072
30.0000 4 18203.27936
30.1000 4 17028.87424
30.2000 4 19524.48512
30.3000 4 17500.73344
30.4000 4 16515.072
30.5000 4 21432.89344
30.6000 4 15823.01184
30.7000 4 20447.232
30.8000 4 17437.81888
30.9000 4 17500.73344
31.0000 4 17972.59264
31.1000 4 17007.90272
31.2000 4 18266.19392
31.3000 4 19178.45504
31.4000 4 19996.34432
31.5000 4 18622.70976
31.6000 4 19031.6544
31.7000 4 15812.52608
31.8000 4 18486.39488
31.9000 4 18507.3664
32.0000 4 19650.31424
32.1000 4 18224.25088
32.2000 4 18507.3664
32.3000 4 19283.31264
32.4000 4 18203.27936
32.5000 4 19241.3696
32.6000 4 19199.42656
32.7000 4 18192.7936
32.8000 4 20185.088
32.9000 4 14805.89312
33.0000 4 19755.17184
33.1000 4 18150.85056
33.2000 4 20552.0896
33.3000 4 19136.512
33.4000 4 19084.0832
33.5000 4 16714.30144
33.6000 4 21464.35072
33.7000 4 15833.4976
33.8000 4 18779.99616
33.9000 4 16148.0704
34.0000 4 18475.90912
34.1000 4 16473.12896
34.2000 4 20216.54528
34.3000 4 13138.65728
34.4000 4 19597.88544
34.5000 4 15068.03712
34.6000 4 19503.5136
34.7000 4 18150.85056
34.8000 4 17741.90592
34.9000 4 20709.376
35.0000 4 17018.38848
35.1000 4 20615.00416
35.2000 4 17783.84896
35.3000 4 18245.2224
35.4000 4 16882.0736
35.5000 4 19524.48512
35.6000 4 19734.20032
35.7000 4 19702.74304
35.8000 4 18486.39488
35.9000 4 15833.4976
36.0000 4 17794.33472
36.1000 4 18696.11008
36.2000 4 19702.74304
36.3000 4 18371.05152
36.4000 4 19839.05792
36.5000 4 19671.28576
36.6000 4 17144.2176
36.7000 4 18601.73824
36.8000 4 20206.05952
36.9000 4 19084.0832
37.0000 4 19409.14176
37.1000 4 17658.01984
37.2000 4 18727.56736
37.3000 4 17720.9344
37.4000 4 19314.76992
37.5000 4 16997.41696
37.6000 4 18035.5072
37.7000 4 20027.8016
37.8000 4 16577.98656
37.9000 4 19482.54208
38.0000 4 17983.0784
38.1000 4 19881.00096
38.2000 4 18654.16704
38.3000 4 20971.52
38.4000 4 18025.02144
38.5000 4 21023.9488
38.6000 4 20143.14496
38.7000 4 20006.83008
38.8000 4 21265.12128
38.9000 4 17637.04832
39.0000 4 19660.8
39.1000 4 18968.73984
39.2000 4 16766.73024
39.3000 4 17458.7904
39.4000 4 17112.76032
39.5000 4 17626.56256
39.6000 4 14187.23328
39.7000 4 17553.16224
39.8000 4 17972.59264
39.9000 4 19943.91552
40.0000 4 16577.98656
40.1000 4 18958.25408
40.2000 4 19199.42656
40.3000 4 17951.62112
40.4000 4 20950.54848
40.5000 4 18916.31104
40.6000 4 18045.99296
40.7000 4 19167.96928
40.8000 4 18905.82528
40.9000 4 19639.82848
41.0000 4 19681.77152
41.1000 4 18245.2224
41.2000 4 17175.67488
41.3000 4 19021.16864
41.4000 4 17941.13536
41.5000 4 19755.17184
41.6000 4 18496.88064
41.7000 4 18423.48032
41.8000 4 18486.39488
41.9000 4 18675.13856
42.0000 4 19692.25728
42.1000 4 18266.19392
42.2000 4 12792.6272
42.3000 4 19105.05472
42.4000 4 17983.0784
42.5000 4 17259.56096
42.6000 4 18108.90752
42.7000 4 18748.53888
42.8000 4 20394.8032
42.9000 4 20552.0896
43.0000 4 19105.05472
43.1000 4 20877.14816
43.2000 4 18979.2256
43.3000 4 19178.45504
43.4000 4 20310.91712
43.5000 4 17259.56096
43.6000 4 20793.26208
43.7000 4 19188.9408
43.8000 4 21485.32224
43.9000 4 21862.8096
44.0000 4 18622.70976
44.1000 4 20835.20512
44.2000 4 15330.18112
44.3000 4 17207.13216
44.4000 4 14742.97856
44.5000 4 14732.4928
44.6000 4 18255.70816
44.7000 4 14323.54816
44.8000 4 18811.45344
44.9000 4 15948.84096
45.0000 4 20552.0896
45.1000 4 17762.87744
45.2000 4 17574.13376
45.3000 4 19021.16864
45.4000 4 16357.7856
45.5000 4 17280.53248
45.6000 4 11607.73632
45.7000 4 3009.41312
