0.1000 2 0.0
0.2000 2 10464.78848
0.3000 2 6574.57152
0.4000 2 12058.624
0.5000 2 10045.35808
0.6000 2 10496.24576
0.7000 2 12635.3408
0.8000 2 11177.82016
0.9000 2 10349.44512
1.0000 2 13914.60352
1.1000 2 9080.66816
1.2000 2 10695.4752
1.3000 2 13243.51488
1.4000 2 10129.24416
1.5000 2 9374.26944
1.6000 2 13369.344
1.7000 2 6805.25824
1.8000 2 10422.84544
1.9000 2 9573.49888
2.0000 2 10957.6192
2.1000 2 9971.95776
2.2000 2 10527.70304
2.3000 2 9877.58592
2.4000 2 11576.27904
2.5000 2 11618.22208
2.6000 2 9363.78368
2.7000 2 10517.21728
2.8000 2 11230.24896
2.9000 2 8388.608
3.0000 2 12069.10976
3.1000 2 8619.29472
3.2000 2 10370.41664
3.3000 2 11534.336
3.4000 2 7581.20448
3.5000 2 11974.73792
3.6000 2 7602.176
3.7000 2 10831.79008
3.8000 2 9657.38496
3.9000 2 10705.96096
4.0000 2 12373.1968
4.1000 2 9017.7536
4.2000 2 10443.81696
4.3000 2 12425.6256
4.4000 2 9930.01472
4.5000 2 10139.72992
4.6000 2 12142.51008
4.7000 2 9542.0416
4.8000 2 11335.10656
4.9000 2 11083.44832
5.0000 2 9594.4704
5.1000 2 11901.3376
5.2000 2 11261.70624
5.3000 2 10181.67296
5.4000 2 11408.50688
5.5000 2 11492.39296
5.6000 2 9227.4688
5.7000 2 11618.22208
5.8000 2 9741.27104
5.9000 2 11051.99104
6.0000 2 10548.67456
6.1000 2 10349.44512
6.2000 2 10789.84704
6.3000 2 10527.70304
6.4000 2 11744.0512
6.5000 2 9552.52736
6.6000 2 10066.3296
6.7000 2 10580.13184
6.8000 2 9028.23936
6.9000 2 13306.42944
7.0000 2 7560.23296
7.1000 2 9888.07168
7.2000 2 12132.02432
7.3000 2 8954.83904
7.4000 2 11922.30912
7.5000 2 11660.16512
7.6000 2 9950.98624
7.7000 2 11010.048
7.8000 2 11995.70944
7.9000 2 9793.69984
8.0000 2 11932.79488
8.1000 2 10789.84704
8.2000 2 9175.04
8.3000 2 12740.1984
8.4000 2 10223.616
8.5000 2 8755.6096
8.6000 2 12719.22688
8.7000 2 9248.44032
8.8000 2 11576.27904
8.9000 2 10852.7616
9.0000 2 9269.41184
9.1000 2 11219.7632
9.2000 2 10548.67456
9.3000 2 9825.15712
9.4000 2 11062.4768
9.5000 2 11198.79168
9.6000 2 11953.7664
9.7000 2 9552.52736
9.8000 2 11597.25056
9.9000 2 10548.67456
10.0000 2 10108.27264
10.1000 2 10580.13184
10.2000 2 10370.41664
10.3000 2 11230.24896
10.4000 2 9835.64288
10.5000 2 9300.86912
10.6000 2 10559.16032
10.7000 2 10947.13344
10.8000 2 10779.36128
10.9000 2 11272.192
11.0000 2 11062.4768
11.1000 2 9542.0416
11.2000 2 12530.4832
11.3000 2 9552.52736
11.4000 2 10338.95936
11.5000 2 12289.31072
11.6000 2 6689.91488
11.7000 2 11261.70624
11.8000 2 8378.12224
11.9000 2 10926.16192
12.0000 2 10611.58912
12.1000 2 8902.41024
12.2000 2 12834.57024
12.3000 2 10359.93088
12.4000 2 7885.29152
12.5000 2 12740.1984
12.6000 2 8849.98144
12.7000 2 11586.7648
12.8000 2 9521.07008
12.9000 2 9950.98624
13.0000 2 12163.4816
13.1000 2 10349.44512
13.2000 2 10695.4752
13.3000 2 12205.42464
13.4000 2 9531.55584
13.5000 2 9206.49728
13.6000 2 11156.84864
13.7000 2 7413.43232
13.8000 2 13988.00384
13.9000 2 10234.10176
14.0000 2 9227.4688
14.1000 2 13421.7728
14.2000 2 9447.66976
14.3000 2 11146.36288
14.4000 2 12771.65568
14.5000 2 11450.44992
14.6000 2 9237.95456
14.7000 2 13956.54656
14.8000 2 10097.78688
14.9000 2 7298.08896
15.0000 2 11744.0512
15.1000 2 10401.87392
15.2000 2 10632.56064
15.3000 2 11366.56384
15.4000 2 12289.31072
15.5000 2 12394.16832
15.6000 2 11240.73472
15.7000 2 11607.73632
15.8000 2 11911.82336
15.9000 2 10548.67456
16.0000 2 11324.6208
16.1000 2 11156.84864
16.2000 2 9447.66976
16.3000 2 12656.31232
16.4000 2 11922.30912
16.5000 2 6784.28672
16.6000 2 13379.82976
16.7000 2 10003.41504
16.8000 2 11597.25056
16.9000 2 12069.10976
17.0000 2 11251.22048
17.1000 2 11513.36448
17.2000 2 12824.08448
17.3000 2 12268.3392
17.4000 2 9940.50048
17.5000 2 11618.22208
17.6000 2 10150.21568
17.7000 2 11093.93408
17.8000 2 11859.39456
17.9000 2 11429.4784
18.0000 2 11544.82176
18.1000 2 11408.50688
18.2000 2 10517.21728
18.3000 2 10664.01792
18.4000 2 11691.6224
18.5000 2 11576.27904
18.6000 2 9825.15712
18.7000 2 12645.82656
18.8000 2 10359.93088
18.9000 2 11974.73792
19.0000 2 11848.9088
19.1000 2 10852.7616
19.2000 2 13044.28544
19.3000 2 11555.30752
19.4000 2 10747.904
19.5000 2 11544.82176
19.6000 2 12383.68256
19.7000 2 12121.53856
19.8000 2 10538.1888
19.9000 2 12540.96896
20.0000 2 11513.36448
20.1000 2 11062.4768
20.2000 2 11901.3376
20.3000 2 12257.85344
20.4000 2 9521.07008
20.5000 2 12394.16832
20.6000 2 13379.82976
20.7000 2 10338.95936
20.8000 2 9793.69984
20.9000 2 12960.39936
21.0000 2 10338.95936
21.1000 2 10905.1904
21.2000 2 12635.3408
21.3000 2 9867.10016
21.4000 2 11901.3376
21.5000 2 12152.99584
21.6000 2 12132.02432
21.7000 2 11408.50688
21.8000 2 12236.88192
21.9000 2 12121.53856
22.0000 2 9814.67136
22.1000 2 12645.82656
22.2000 2 10905.1904
22.3000 2 12310.28224
22.4000 2 11597.25056
22.5000 2 11261.70624
22.6000 2 11051.99104
22.7000 2 11859.39456
22.8000 2 11607.73632
22.9000 2 11817.45152
23.0000 2 9143.58272
23.1000 2 13180.60032
23.2000 2 10223.616
23.3000 2 10716.44672
23.4000 2 10894.70464
23.5000 2 12100.56704
23.6000 2 10915.67616
23.7000 2 11670.65088
23.8000 2 11932.79488
23.9000 2 10632.56064
24.0000 2 12750.68416
24.1000 2 9374.26944
24.2000 2 9416.21248
24.3000 2 13212.0576
24.4000 2 6469.71392
24.5000 2 10118.7584
24.6000 2 13233.02912
24.7000 2 10380.9024
24.8000 2 11366.56384
24.9000 2 12152.99584
25.0000 2 11691.6224
25.1000 2 12016.68096
25.2000 2 9793.69984
25.3000 2 10947.13344
25.4000 2 12037.65248
25.5000 2 9898.55744
25.6000 2 11943.28064
25.7000 2 10905.1904
25.8000 2 10622.07488
25.9000 2 13159.6288
26.0000 2 10569.64608
26.1000 2 10129.24416
26.2000 2 12813.59872
26.3000 2 12226.39616
26.4000 2 7340.032
26.5000 2 10129.24416
26.6000 2 9175.04
26.7000 2 13002.3424
26.8000 2 11796.48
26.9000 2 11481.9072
27.0000 2 9531.55584
27.1000 2 11681.13664
27.2000 2 8640.26624
27.3000 2 11775.50848
27.4000 2 11408.50688
27.5000 2 10034.87232
27.6000 2 12289.31072
27.7000 2 10873.73312
27.8000 2 9049.21088
27.9000 2 13683.9168
28.0000 2 9783.21408
28.1000 2 9489.6128
28.2000 2 11953.7664
28.3000 2 7853.83424
28.4000 2 10947.13344
28.5000 2 9468.64128
28.6000 2 10328.4736
28.7000 2 12551.45472
28.8000 2 9479.12704
28.9000 2 9730.78528
29.0000 2 12037.65248
29.1000 2 10034.87232
29.2000 2 10391.38816
29.3000 2 10999.56224
29.4000 2 8629.78048
29.5000 2 11785.99424
29.6000 2 8776.58112
29.7000 2 10118.7584
29.8000 2 11765.02272
29.9000 2 6983.51616
30.0000 2 13295.94368
30.1000 2 9867.10016
30.2000 2 10359.93088
30.3000 2 12079.59552
30.4000 2 9930.01472
30.5000 2 11230.24896
30.6000 2 11020.53376
30.7000 2 10705.96096
30.8000 2 10968.10496
30.9000 2 8881.43872
31.0000 2 12331.25376
31.1000 2 10664.01792
31.2000 2 10150.21568
31.3000 2 12939.42784
31.4000 2 6973.0304
31.5000 2 12069.10976
31.6000 2 9279.8976
31.7000 2 8399.09376
31.8000 2 12383.68256
31.9000 2 6480.19968
32.0000 2 12886.99904
32.1000 2 7717.51936
32.2000 2 10055.84384
32.3000 2 9028.23936
32.4000 2 8420.06528
32.5000 2 9898.55744
32.6000 2 9720.29952
32.7000 2 8776.58112
32.8000 2 10527.70304
32.9000 2 11072.96256
33.0000 2 9384.7552
33.1000 2 11314.13504
33.2000 2 11314.13504
33.3000 2 12184.45312
33.4000 2 11859.39456
33.5000 2 10590.6176
33.6000 2 11198.79168
33.7000 2 12519.99744
33.8000 2 10674.50368
33.9000 2 9531.55584
34.0000 2 13442.74432
34.1000 2 10873.73312
34.2000 2 11251.22048
34.3000 2 12918.45632
34.4000 2 11890.85184
34.5000 2 10915.67616
34.6000 2 12278.82496
34.7000 2 11618.22208
34.8000 2 9825.15712
34.9000 2 12499.02592
35.0000 2 12006.1952
35.1000 2 10978.59072
35.2000 2 10968.10496
35.3000 2 11523.85024
35.4000 2 10884.21888
35.5000 2 11618.22208
35.6000 2 12803.11296
35.7000 2 12624.85504
35.8000 2 11471.42144
35.9000 2 11146.36288
36.0000 2 12069.10976
36.1000 2 9206.49728
36.2000 2 11901.3376
36.3000 2 12981.37088
36.4000 2 10150.21568
36.5000 2 11188.30592
36.6000 2 13809.74592
36.7000 2 11377.0496
36.8000 2 10464.78848
36.9000 2 12782.14144
37.0000 2 9080.66816
37.1000 2 9227.4688
37.2000 2 11702.10816
37.3000 2 11010.048
37.4000 2 12079.59552
37.5000 2 11565.79328
37.6000 2 11943.28064
37.7000 2 11691.6224
37.8000 2 12614.36928
37.9000 2 11492.39296
38.0000 2 12561.94048
38.1000 2 11429.4784
38.2000 2 10066.3296
38.3000 2 13002.3424
38.4000 2 11848.9088
38.5000 2 10789.84704
38.6000 2 11880.36608
38.7000 2 13033.79968
38.8000 2 10034.87232
38.9000 2 11660.16512
39.0000 2 12907.97056
39.1000 2 11534.336
39.2000 2 11345.59232
39.3000 2 11806.96576
39.4000 2 12519.99744
39.5000 2 11156.84864
39.6000 2 10863.24736
39.7000 2 13128.17152
39.8000 2 11450.44992
39.9000 2 10999.56224
40.0000 2 13600.03072
40.1000 2 11544.82176
40.2000 2 9070.1824
40.3000 2 12205.42464
40.4000 2 8860.4672
40.5000 2 9542.0416
40.6000 2 11492.39296
40.7000 2 10307.50208
40.8000 2 10276.0448
40.9000 2 10632.56064
41.0000 2 10632.56064
41.1000 2 11209.27744
41.2000 2 12194.93888
41.3000 2 10831.79008
41.4000 2 10873.73312
41.5000 2 10485.76
41.6000 2 10768.87552
41.7000 2 10255.07328
41.8000 2 11586.7648
41.9000 2 12132.02432
42.0000 2 11083.44832
42.1000 2 12215.9104
42.2000 2 10884.21888
42.3000 2 10349.44512
42.4000 2 12027.16672
42.5000 2 11429.4784
42.6000 2 10317.98784
42.7000 2 11041.50528
42.8000 2 11838.42304
42.9000 2 10422.84544
43.0000 2 11597.25056
43.1000 2 12236.88192
43.2000 2 10716.44672
43.3000 2 10947.13344
43.4000 2 12991.85664
43.5000 2 10726.93248
43.6000 2 9930.01472
43.7000 2 12771.65568
43.8000 2 10968.10496
43.9000 2 10737.41824
44.0000 2 13107.2
44.1000 2 13002.3424
44.2000 2 10737.41824
44.3000 2 11901.3376
44.4000 2 13264.4864
44.5000 2 11765.02272
44.6000 2 11418.99264
44.7000 2 12048.13824
44.8000 2 12866.02752
44.9000 2 11125.39136
45.0000 2 12404.65408
45.1000 2 11744.0512
45.2000 2 11869.88032
45.3000 2 9971.95776
45.4000 2 12981.37088
45.5000 2 12247.36768
45.6000 2 11198.79168
45.7000 2 11597.25056
45.8000 2 12048.13824
45.9000 2 11544.82176
46.0000 2 11806.96576
46.1000 2 11513.36448
46.2000 2 11272.192
46.3000 2 11198.79168
46.4000 2 11681.13664
46.5000 2 12184.45312
46.6000 2 11345.59232
46.7000 2 11765.02272
46.8000 2 11366.56384
46.9000 2 10391.38816
47.0000 2 12320.768
47.1000 2 12876.51328
47.2000 2 11408.50688
47.3000 2 10307.50208
47.4000 2 12876.51328
47.5000 2 8105.49248
47.6000 2 10506.73152
47.7000 2 10810.81856
47.8000 2 10768.87552
47.9000 2 12981.37088
48.0000 2 12677.28384
48.1000 2 10611.58912
48.2000 2 10810.81856
48.3000 2 11723.07968
48.4000 2 11125.39136
48.5000 2 12079.59552
48.6000 2 12320.768
48.7000 2 12478.0544
48.8000 2 10108.27264
48.9000 2 11471.42144
49.0000 2 11576.27904
49.1000 2 11565.79328
49.2000 2 10223.616
49.3000 2 11114.9056
49.4000 2 13935.57504
49.5000 2 10255.07328
49.6000 2 11010.048
49.7000 2 13484.68736
49.8000 2 11398.02112
49.9000 2 11796.48
50.0000 2 12551.45472
50.1000 2 12939.42784
50.2000 2 11660.16512
50.3000 2 10926.16192
50.4000 2 11104.41984
50.5000 2 13149.14304
50.6000 2 11765.02272
50.7000 2 11702.10816
50.8000 2 12006.1952
50.9000 2 11806.96576
51.0000 2 11649.67936
51.1000 2 10873.73312
51.2000 2 12845.056
51.3000 2 10821.30432
51.4000 2 12121.53856
51.5000 2 12803.11296
51.6000 2 11576.27904
51.7000 2 12907.97056
51.8000 2 11219.7632
51.9000 2 12698.25536
52.0000 2 13002.3424
52.1000 2 11838.42304
52.2000 2 10496.24576
52.3000 2 12876.51328
52.4000 2 12813.59872
52.5000 2 11230.24896
52.6000 2 11020.53376
52.7000 2 13264.4864
52.8000 2 11681.13664
52.9000 2 10622.07488
53.0000 2 13348.37248
53.1000 2 9930.01472
53.2000 2 11691.6224
53.3000 2 12320.768
53.4000 2 12163.4816
53.5000 2 10338.95936
53.6000 2 11775.50848
53.7000 2 13474.2016
53.8000 2 10276.0448
53.9000 2 11733.56544
54.0000 2 12729.71264
54.1000 2 12142.51008
54.2000 2 11272.192
54.3000 2 12666.79808
54.4000 2 12415.13984
54.5000 2 12499.02592
54.6000 2 10118.7584
54.7000 2 7570.71872
54.8000 2 12090.08128
54.9000 2 9342.81216
55.0000 2 9846.12864
55.1000 2 10359.93088
55.2000 2 8168.40704
55.3000 2 13683.9168
55.4000 2 8220.83584
55.5000 2 10664.01792
55.6000 2 13757.31712
55.7000 2 11314.13504
55.8000 2 10684.98944
55.9000 2 13505.65888
56.0000 2 11230.24896
56.1000 2 11460.93568
56.2000 2 11439.96416
56.3000 2 12740.1984
56.4000 2 11618.22208
56.5000 2 11083.44832
56.6000 2 12876.51328
56.7000 2 12488.54016
56.8000 2 11188.30592
56.9000 2 12142.51008
57.0000 2 12834.57024
57.1000 2 11188.30592
57.2000 2 10894.70464
57.3000 2 12687.7696
57.4000 2 12215.9104
57.5000 2 11356.07808
57.6000 2 12687.7696
57.7000 2 12509.51168
57.8000 2 11146.36288
57.9000 2 11177.82016
58.0000 2 12960.39936
58.1000 2 12289.31072
58.2000 2 11398.02112
58.3000 2 11356.07808
58.4000 2 12499.02592
58.5000 2 11723.07968
58.6000 2 11555.30752
58.7000 2 13075.74272
58.8000 2 10695.4752
58.9000 2 7581.20448
59.0000 2 12383.68256
59.1000 2 10370.41664
59.2000 2 10989.07648
59.3000 2 12173.96736
59.4000 2 11230.24896
59.5000 2 11744.0512
59.6000 2 12698.25536
59.7000 2 11649.67936
59.8000 2 10852.7616
59.9000 2 11932.79488
60.0000 2 10443.81696
60.1000 2 8357.15072
60.2000 2 13222.54336
60.3000 2 11775.50848
60.4000 2 10926.16192
60.5000 2 13400.80128
60.6000 2 10433.3312
60.7000 2 10915.67616
60.8000 2 12100.56704
60.9000 2 9888.07168
61.0000 2 9678.35648
61.1000 2 11618.22208
61.2000 2 11251.22048
61.3000 2 10580.13184
61.4000 2 10548.67456
61.5000 2 11890.85184
61.6000 2 9563.01312
61.7000 2 10150.21568
61.8000 2 11775.50848
61.9000 2 11356.07808
62.0000 2 11649.67936
62.1000 2 10160.70144
62.2000 2 10800.3328
62.3000 2 11156.84864
62.4000 2 9395.24096
62.5000 2 11576.27904
62.6000 2 11523.85024
62.7000 2 11051.99104
62.8000 2 10842.27584
62.9000 2 10517.21728
63.0000 2 12320.768
63.1000 2 8451.52256
63.2000 2 10139.72992
63.3000 2 9353.29792
63.4000 2 9216.98304
63.5000 2 10024.38656
63.6000 2 8986.29632
63.7000 2 12761.16992
63.8000 2 10213.13024
63.9000 2 10936.64768
64.0000 2 11293.16352
64.1000 2 11314.13504
64.2000 2 10947.13344
64.3000 2 11198.79168
64.4000 2 11806.96576
64.5000 2 12645.82656
64.6000 2 10800.3328
64.7000 2 9479.12704
64.8000 2 9552.52736
64.9000 2 10359.93088
65.0000 2 12719.22688
65.1000 2 12876.51328
65.2000 2 11083.44832
65.3000 2 12100.56704
65.4000 2 12719.22688
65.5000 2 10894.70464
65.6000 2 11576.27904
65.7000 2 12572.42624
65.8000 2 11890.85184
65.9000 2 11597.25056
66.0000 2 11586.7648
66.1000 2 13641.97376
66.2000 2 7319.06048
66.3000 2 12037.65248
66.4000 2 13285.45792
66.5000 2 11565.79328
66.6000 2 10863.24736
66.7000 2 13054.7712
66.8000 2 8147.43552
66.9000 2 10034.87232
67.0000 2 10401.87392
67.1000 2 10338.95936
67.2000 2 13212.0576
67.3000 2 12886.99904
67.4000 2 11282.67776
67.5000 2 9028.23936
67.6000 2 10359.93088
67.7000 2 8703.1808
67.8000 2 12970.88512
67.9000 2 10789.84704
68.0000 2 9646.8992
68.1000 2 10213.13024
68.2000 2 8734.63808
68.3000 2 12215.9104
68.4000 2 11062.4768
68.5000 2 11324.6208
68.6000 2 11555.30752
68.7000 2 12960.39936
68.8000 2 10496.24576
68.9000 2 10758.38976
69.0000 2 13841.2032
69.1000 2 11135.87712
69.2000 2 10905.1904
69.3000 2 13180.60032
69.4000 2 12289.31072
69.5000 2 11156.84864
69.6000 2 11314.13504
69.7000 2 11649.67936
69.8000 2 11481.9072
69.9000 2 11251.22048
70.0000 2 11114.9056
70.1000 2 12142.51008
70.2000 2 11859.39456
70.3000 2 12079.59552
70.4000 2 11230.24896
70.5000 2 11597.25056
70.6000 2 12268.3392
70.7000 2 11754.53696
70.8000 2 11303.64928
70.9000 2 12540.96896
71.0000 2 11953.7664
71.1000 2 12866.02752
71.2000 2 11377.0496
71.3000 2 12687.7696
71.4000 2 11502.87872
71.5000 2 12519.99744
71.6000 2 12027.16672
71.7000 2 12090.08128
71.8000 2 11890.85184
71.9000 2 10894.70464
72.0000 2 11104.41984
72.1000 2 11366.56384
72.2000 2 12729.71264
72.3000 2 12488.54016
72.4000 2 11660.16512
72.5000 2 13065.25696
72.6000 2 11356.07808
72.7000 2 11785.99424
72.8000 2 11660.16512
72.9000 2 12687.7696
73.0000 2 11251.22048
73.1000 2 11544.82176
73.2000 2 12939.42784
73.3000 2 11429.4784
73.4000 2 10559.16032
73.5000 2 11293.16352
73.6000 2 13862.17472
73.7000 2 11681.13664
73.8000 2 11880.36608
73.9000 2 11859.39456
74.0000 2 12614.36928
74.1000 2 11702.10816
74.2000 2 11544.82176
74.3000 2 12719.22688
74.4000 2 11523.85024
74.5000 2 11083.44832
74.6000 2 12069.10976
74.7000 2 12866.02752
74.8000 2 11649.67936
74.9000 2 11167.3344
75.0000 2 12394.16832
75.1000 2 859.83232
