0.1000 2 0.0
0.2000 2 8545.8944
0.3000 2 8766.09536
0.4000 2 9028.23936
0.5000 2 9416.21248
0.6000 2 11083.44832
0.7000 2 9919.52896
0.8000 2 10045.35808
0.9000 2 11502.87872
1.0000 2 8598.3232
1.1000 2 12677.28384
1.2000 2 9583.98464
1.3000 2 8724.15232
1.4000 2 11282.67776
1.5000 2 10548.67456
1.6000 2 10758.38976
1.7000 2 10894.70464
1.8000 2 10422.84544
1.9000 2 12236.88192
2.0000 2 9384.7552
2.1000 2 8168.40704
2.2000 2 9615.44192
2.3000 2 8074.0352
2.4000 2 8661.23776
2.5000 2 8881.43872
2.6000 2 8619.29472
2.7000 2 9542.0416
2.8000 2 8650.752
2.9000 2 13012.82816
3.0000 2 8241.80736
3.1000 2 8703.1808
3.2000 2 12289.31072
3.3000 2 9646.8992
3.4000 2 11387.53536
3.5000 2 8273.26464
3.6000 2 8944.35328
3.7000 2 10915.67616
3.8000 2 9982.44352
3.9000 2 12173.96736
4.0000 2 10758.38976
4.1000 2 9615.44192
4.2000 2 12383.68256
4.3000 2 7906.26304
4.4000 2 9563.01312
4.5000 2 11209.27744
4.6000 2 9101.63968
4.7000 2 12866.02752
4.8000 2 6878.65856
4.9000 2 10160.70144
5.0000 2 11576.27904
5.1000 2 8493.4656
5.2000 2 12383.68256
5.3000 2 10443.81696
5.4000 2 10852.7616
5.5000 2 11618.22208
5.6000 2 12069.10976
5.7000 2 10810.81856
5.8000 2 12289.31072
5.9000 2 12163.4816
6.0000 2 10317.98784
6.1000 2 10926.16192
6.2000 2 11460.93568
6.3000 2 9992.92928
6.4000 2 11114.9056
6.5000 2 12079.59552
6.6000 2 10108.27264
6.7000 2 11628.70784
6.8000 2 11251.22048
6.9000 2 9961.472
7.0000 2 11660.16512
7.1000 2 12362.71104
7.2000 2 9416.21248
7.3000 2 12446.59712
7.4000 2 11985.22368
7.5000 2 9133.09696
7.6000 2 12803.11296
7.7000 2 12121.53856
7.8000 2 9856.6144
7.9000 2 11586.7648
8.0000 2 13306.42944
8.1000 2 10013.9008
8.2000 2 11125.39136
8.3000 2 12383.68256
8.4000 2 10422.84544
8.5000 2 11565.79328
8.6000 2 12488.54016
8.7000 2 10747.904
8.8000 2 12048.13824
8.9000 2 11723.07968
9.0000 2 12467.56864
9.1000 2 10464.78848
9.2000 2 11429.4784
9.3000 2 11230.24896
9.4000 2 7518.28992
9.5000 2 11492.39296
9.6000 2 5798.62528
9.7000 2 12834.57024
9.8000 2 10758.38976
9.9000 2 9196.01152
10.0000 2 14040.43264
10.1000 2 11261.70624
10.2000 2 9982.44352
10.3000 2 13442.74432
10.4000 2 11314.13504
10.5000 2 10726.93248
10.6000 2 11513.36448
10.7000 2 10055.84384
10.8000 2 8870.95296
10.9000 2 12069.10976
11.0000 2 8661.23776
11.1000 2 10580.13184
11.2000 2 10643.0464
11.3000 2 9720.29952
11.4000 2 12750.68416
11.5000 2 10034.87232
11.6000 2 9909.0432
11.7000 2 13044.28544
11.8000 2 11408.50688
11.9000 2 9311.35488
12.0000 2 12603.88352
12.1000 2 11869.88032
12.2000 2 10842.27584
12.3000 2 11817.45152
12.4000 2 10517.21728
12.5000 2 10297.01632
12.6000 2 10538.1888
12.7000 2 11261.70624
12.8000 2 11272.192
12.9000 2 10978.59072
13.0000 2 12729.71264
13.1000 2 11314.13504
13.2000 2 10684.98944
13.3000 2 11953.7664
13.4000 2 9709.81376
13.5000 2 11093.93408
13.6000 2 11146.36288
13.7000 2 10957.6192
13.8000 2 10611.58912
13.9000 2 12561.94048
14.0000 2 11534.336
14.1000 2 10475.27424
14.2000 2 12845.056
14.3000 2 10422.84544
14.4000 2 10684.98944
14.5000 2 12928.94208
14.6000 2 9678.35648
14.7000 2 12970.88512
14.8000 2 12142.51008
14.9000 2 9867.10016
15.0000 2 10255.07328
15.1000 2 13568.57344
15.2000 2 7843.34848
15.3000 2 11429.4784
15.4000 2 8954.83904
15.5000 2 9405.72672
15.6000 2 13526.6304
15.7000 2 10359.93088
15.8000 2 10202.64448
15.9000 2 12698.25536
16.0000 2 9531.55584
16.1000 2 9122.6112
16.2000 2 10674.50368
16.3000 2 6637.48608
16.4000 2 12069.10976
16.5000 2 8933.86752
16.6000 2 9510.58432
16.7000 2 9028.23936
16.8000 2 10978.59072
16.9000 2 9133.09696
17.0000 2 11702.10816
17.1000 2 8231.3216
17.2000 2 10747.904
17.3000 2 10192.15872
17.4000 2 10496.24576
17.5000 2 9405.72672
17.6000 2 10223.616
17.7000 2 7025.4592
17.8000 2 9133.09696
17.9000 2 10213.13024
18.0000 2 7182.7456
18.1000 2 9070.1824
18.2000 2 8766.09536
18.3000 2 8776.58112
18.4000 2 9615.44192
18.5000 2 9636.41344
18.6000 2 9091.15392
18.7000 2 11481.9072
18.8000 2 8619.29472
18.9000 2 10695.4752
19.0000 2 8849.98144
19.1000 2 10433.3312
19.2000 2 8912.896
19.3000 2 12173.96736
19.4000 2 8703.1808
19.5000 2 10684.98944
19.6000 2 10506.73152
19.7000 2 11072.96256
19.8000 2 10475.27424
19.9000 2 10276.0448
20.0000 2 10664.01792
20.1000 2 9992.92928
20.2000 2 10286.53056
20.3000 2 9667.87072
20.4000 2 9940.50048
20.5000 2 9720.29952
20.6000 2 12457.08288
20.7000 2 9762.24256
20.8000 2 10653.53216
20.9000 2 12257.85344
21.0000 2 8682.20928
21.1000 2 11251.22048
21.2000 2 9804.1856
21.3000 2 7193.23136
21.4000 2 10559.16032
21.5000 2 8556.38016
21.6000 2 11702.10816
21.7000 2 7843.34848
21.8000 2 10821.30432
21.9000 2 9940.50048
22.0000 2 11219.7632
22.1000 2 7539.26144
22.2000 2 12173.96736
22.3000 2 10150.21568
22.4000 2 9552.52736
22.5000 2 9636.41344
22.6000 2 9080.66816
22.7000 2 9678.35648
22.8000 2 11219.7632
22.9000 2 9017.7536
23.0000 2 8829.00992
23.1000 2 13180.60032
23.2000 2 7748.97664
23.3000 2 12499.02592
23.4000 2 9919.52896
23.5000 2 8283.7504
23.6000 2 12960.39936
23.7000 2 9500.09856
23.8000 2 10307.50208
23.9000 2 12331.25376
24.0000 2 10370.41664
24.1000 2 11534.336
24.2000 2 11765.02272
24.3000 2 9762.24256
24.4000 2 11031.01952
24.5000 2 11429.4784
24.6000 2 10223.616
24.7000 2 11062.4768
24.8000 2 12163.4816
24.9000 2 10716.44672
25.0000 2 11775.50848
25.1000 2 11093.93408
25.2000 2 10307.50208
25.3000 2 11702.10816
25.4000 2 10548.67456
25.5000 2 12226.39616
25.6000 2 11429.4784
25.7000 2 10181.67296
25.8000 2 12373.1968
25.9000 2 11261.70624
26.0000 2 10517.21728
26.1000 2 11408.50688
26.2000 2 10234.10176
26.3000 2 10758.38976
26.4000 2 12111.0528
26.5000 2 10024.38656
26.6000 2 9982.44352
26.7000 2 12561.94048
26.8000 2 8755.6096
26.9000 2 10548.67456
27.0000 2 8472.49408
27.1000 2 10527.70304
27.2000 2 10915.67616
27.3000 2 10643.0464
27.4000 2 11953.7664
27.5000 2 11293.16352
27.6000 2 11188.30592
27.7000 2 11282.67776
27.8000 2 10202.64448
27.9000 2 10559.16032
28.0000 2 11597.25056
28.1000 2 8965.3248
28.2000 2 9992.92928
28.3000 2 10999.56224
28.4000 2 11345.59232
28.5000 2 11995.70944
28.6000 2 9038.72512
28.7000 2 11167.3344
28.8000 2 11387.53536
28.9000 2 10034.87232
29.0000 2 9971.95776
29.1000 2 10873.73312
29.2000 2 10622.07488
29.3000 2 11251.22048
29.4000 2 9888.07168
29.5000 2 11460.93568
29.6000 2 11785.99424
29.7000 2 10338.95936
29.8000 2 11576.27904
29.9000 2 11691.6224
30.0000 2 9300.86912
30.1000 2 11072.96256
30.2000 2 11964.25216
30.3000 2 8713.66656
30.4000 2 12226.39616
30.5000 2 10632.56064
30.6000 2 10779.36128
30.7000 2 11188.30592
30.8000 2 10726.93248
30.9000 2 10590.6176
31.0000 2 12205.42464
31.1000 2 11282.67776
31.2000 2 10317.98784
31.3000 2 11932.79488
31.4000 2 10433.3312
31.5000 2 10674.50368
31.6000 2 12519.99744
31.7000 2 10538.1888
31.8000 2 10328.4736
31.9000 2 12635.3408
32.0000 2 9992.92928
32.1000 2 10265.55904
32.2000 2 11827.93728
32.3000 2 11093.93408
32.4000 2 10894.70464
32.5000 2 11366.56384
32.6000 2 10003.41504
32.7000 2 11031.01952
32.8000 2 10863.24736
32.9000 2 10936.64768
33.0000 2 10905.1904
33.1000 2 11901.3376
33.2000 2 10087.30112
33.3000 2 11471.42144
33.4000 2 11649.67936
33.5000 2 9730.78528
33.6000 2 11031.01952
33.7000 2 10789.84704
33.8000 2 9521.07008
33.9000 2 9185.52576
34.0000 2 10632.56064
34.1000 2 11345.59232
34.2000 2 11020.53376
34.3000 2 10527.70304
34.4000 2 11806.96576
34.5000 2 10244.58752
34.6000 2 9909.0432
34.7000 2 8891.92448
34.8000 2 11282.67776
34.9000 2 11901.3376
35.0000 2 9500.09856
35.1000 2 10213.13024
35.2000 2 9017.7536
35.3000 2 10328.4736
35.4000 2 10559.16032
35.5000 2 8587.83744
35.6000 2 12813.59872
35.7000 2 10213.13024
35.8000 2 10234.10176
35.9000 2 12436.11136
36.0000 2 10611.58912
36.1000 2 10747.904
36.2000 2 11901.3376
36.3000 2 11072.96256
36.4000 2 11481.9072
36.5000 2 12635.3408
36.6000 2 11387.53536
36.7000 2 11156.84864
36.8000 2 12352.22528
36.9000 2 12362.71104
37.0000 2 10601.10336
37.1000 2 12173.96736
37.2000 2 11188.30592
37.3000 2 9856.6144
37.4000 2 10276.0448
37.5000 2 10611.58912
37.6000 2 8975.81056
37.7000 2 12362.71104
37.8000 2 11859.39456
37.9000 2 9563.01312
38.0000 2 11513.36448
38.1000 2 11744.0512
38.2000 2 10307.50208
38.3000 2 11471.42144
38.4000 2 11293.16352
38.5000 2 10926.16192
38.6000 2 11681.13664
38.7000 2 10695.4752
38.8000 2 10181.67296
38.9000 2 10747.904
39.0000 2 10873.73312
39.1000 2 11565.79328
39.2000 2 10129.24416
39.3000 2 9919.52896
39.4000 2 11712.59392
39.5000 2 12079.59552
39.6000 2 10097.78688
39.7000 2 11974.73792
39.8000 2 10999.56224
39.9000 2 10045.35808
40.0000 2 10936.64768
40.1000 2 11890.85184
40.2000 2 8724.15232
40.3000 2 10601.10336
40.4000 2 11754.53696
40.5000 2 10779.36128
40.6000 2 10989.07648
40.7000 2 11964.25216
40.8000 2 10978.59072
40.9000 2 10328.4736
41.0000 2 11335.10656
41.1000 2 11418.99264
41.2000 2 10978.59072
41.3000 2 11219.7632
41.4000 2 11911.82336
41.5000 2 9699.328
41.6000 2 11093.93408
41.7000 2 11974.73792
41.8000 2 10884.21888
41.9000 2 12100.56704
42.0000 2 11209.27744
42.1000 2 9961.472
42.2000 2 12058.624
42.3000 2 11460.93568
42.4000 2 10108.27264
42.5000 2 11838.42304
42.6000 2 11817.45152
42.7000 2 10915.67616
42.8000 2 11303.64928
42.9000 2 11439.96416
43.0000 2 10548.67456
43.1000 2 10852.7616
43.2000 2 12037.65248
43.3000 2 10223.616
43.4000 2 11251.22048
43.5000 2 9867.10016
43.6000 2 9950.98624
43.7000 2 12845.056
43.8000 2 9992.92928
43.9000 2 10244.58752
44.0000 2 13075.74272
44.1000 2 10160.70144
44.2000 2 9510.58432
44.3000 2 12761.16992
44.4000 2 9730.78528
44.5000 2 9625.92768
44.6000 2 13023.31392
44.7000 2 10391.38816
44.8000 2 10087.30112
44.9000 2 12530.4832
45.0000 2 10842.27584
45.1000 2 11209.27744
45.2000 2 12436.11136
45.3000 2 10926.16192
45.4000 2 11303.64928
45.5000 2 11272.192
45.6000 2 11639.1936
45.7000 2 11188.30592
45.8000 2 11398.02112
45.9000 2 11723.07968
46.0000 2 11156.84864
46.1000 2 11261.70624
46.2000 2 11670.65088
46.3000 2 11502.87872
46.4000 2 11345.59232
46.5000 2 11219.7632
46.6000 2 11964.25216
46.7000 2 10580.13184
46.8000 2 10118.7584
46.9000 2 12184.45312
47.0000 2 9814.67136
47.1000 2 9835.64288
47.2000 2 9563.01312
47.3000 2 10265.55904
47.4000 2 10758.38976
47.5000 2 10276.0448
47.6000 2 9479.12704
47.7000 2 9395.24096
47.8000 2 9447.66976
47.9000 2 9657.38496
48.0000 2 10538.1888
48.1000 2 9122.6112
48.2000 2 10622.07488
48.3000 2 8797.55264
48.4000 2 10087.30112
48.5000 2 10276.0448
48.6000 2 10695.4752
48.7000 2 9678.35648
48.8000 2 8923.38176
48.9000 2 11146.36288
49.0000 2 10045.35808
49.1000 2 11534.336
49.2000 2 11765.02272
49.3000 2 10475.27424
49.4000 2 12100.56704
49.5000 2 11911.82336
49.6000 2 11324.6208
49.7000 2 11586.7648
49.8000 2 11418.99264
49.9000 2 12425.6256
50.0000 2 12069.10976
50.1000 2 11209.27744
50.2000 2 12163.4816
50.3000 2 12090.08128
50.4000 2 11062.4768
50.5000 2 11418.99264
50.6000 2 12478.0544
50.7000 2 11691.6224
50.8000 2 11418.99264
50.9000 2 12457.08288
51.0000 2 12656.31232
51.1000 2 11240.73472
51.2000 2 11502.87872
51.3000 2 12635.3408
51.4000 2 9667.87072
51.5000 2 9479.12704
51.6000 2 12226.39616
51.7000 2 11093.93408
51.8000 2 12090.08128
51.9000 2 12048.13824
52.0000 2 12582.912
52.1000 2 11649.67936
52.2000 2 12582.912
52.3000 2 11062.4768
52.4000 2 12173.96736
52.5000 2 10852.7616
52.6000 2 9185.52576
52.7000 2 9636.41344
52.8000 2 12226.39616
52.9000 2 12310.28224
53.0000 2 11177.82016
53.1000 2 12415.13984
53.2000 2 11785.99424
53.3000 2 11188.30592
53.4000 2 11785.99424
53.5000 2 10664.01792
53.6000 2 11418.99264
53.7000 2 11681.13664
53.8000 2 11177.82016
53.9000 2 12173.96736
54.0000 2 12299.79648
54.1000 2 11198.79168
54.2000 2 11167.3344
54.3000 2 13149.14304
54.4000 2 11387.53536
54.5000 2 11429.4784
54.6000 2 11817.45152
54.7000 2 11953.7664
54.8000 2 9741.27104
54.9000 2 11785.99424
55.0000 2 10632.56064
55.1000 2 9300.86912
55.2000 2 12048.13824
55.3000 2 7151.28832
55.4000 2 11314.13504
55.5000 2 11177.82016
55.6000 2 9678.35648
55.7000 2 11723.07968
55.8000 2 9321.84064
55.9000 2 10632.56064
56.0000 2 13516.14464
56.1000 2 10926.16192
56.2000 2 11471.42144
56.3000 2 11838.42304
56.4000 2 12100.56704
56.5000 2 9699.328
56.6000 2 11670.65088
56.7000 2 9730.78528
56.8000 2 8105.49248
56.9000 2 12194.93888
57.0000 2 9678.35648
57.1000 2 11324.6208
57.2000 2 11251.22048
57.3000 2 10055.84384
57.4000 2 10999.56224
57.5000 2 10726.93248
57.6000 2 10234.10176
57.7000 2 10297.01632
57.8000 2 10758.38976
57.9000 2 10884.21888
58.0000 2 9542.0416
58.1000 2 11911.82336
58.2000 2 11775.50848
58.3000 2 10863.24736
58.4000 2 11691.6224
58.5000 2 11796.48
58.6000 2 9992.92928
58.7000 2 11964.25216
58.8000 2 11775.50848
58.9000 2 10674.50368
59.0000 2 11618.22208
59.1000 2 11848.9088
59.2000 2 10695.4752
59.3000 2 11901.3376
59.4000 2 11345.59232
59.5000 2 10905.1904
59.6000 2 11513.36448
59.7000 2 11639.1936
59.8000 2 10359.93088
59.9000 2 11093.93408
60.0000 2 11219.7632
60.1000 2 9804.1856
60.2000 2 11712.59392
60.3000 2 11744.0512
60.4000 2 10097.78688
60.5000 2 11817.45152
60.6000 2 11744.0512
60.7000 2 10653.53216
60.8000 2 11492.39296
60.9000 2 11324.6208
61.0000 2 10800.3328
61.1000 2 11062.4768
61.2000 2 11586.7648
61.3000 2 10338.95936
61.4000 2 11796.48
61.5000 2 11251.22048
61.6000 2 10590.6176
61.7000 2 11020.53376
61.8000 2 11282.67776
61.9000 2 11523.85024
62.0000 2 10989.07648
62.1000 2 11104.41984
62.2000 2 11502.87872
62.3000 2 11209.27744
62.4000 2 10863.24736
62.5000 2 10664.01792
62.6000 2 8619.29472
62.7000 2 10433.3312
62.8000 2 7444.8896
62.9000 2 9604.95616
63.0000 2 9206.49728
63.1000 2 9856.6144
63.2000 2 9143.58272
63.3000 2 10643.0464
63.4000 2 8126.464
63.5000 2 11293.16352
63.6000 2 9479.12704
63.7000 2 10076.81536
63.8000 2 12824.08448
63.9000 2 10202.64448
64.0000 2 10569.64608
64.1000 2 12939.42784
64.2000 2 10915.67616
64.3000 2 10359.93088
64.4000 2 12394.16832
64.5000 2 11188.30592
64.6000 2 10737.41824
64.7000 2 11628.70784
64.8000 2 12111.0528
64.9000 2 10517.21728
65.0000 2 11083.44832
65.1000 2 12006.1952
65.2000 2 11031.01952
65.3000 2 11838.42304
65.4000 2 11597.25056
65.5000 2 11219.7632
65.6000 2 10181.67296
65.7000 2 11586.7648
65.8000 2 11481.9072
65.9000 2 11198.79168
66.0000 2 11156.84864
66.1000 2 11691.6224
66.2000 2 10580.13184
66.3000 2 11031.01952
66.4000 2 12132.02432
66.5000 2 11135.87712
66.6000 2 10370.41664
66.7000 2 12645.82656
66.8000 2 11167.3344
66.9000 2 11093.93408
67.0000 2 12478.0544
67.1000 2 10401.87392
67.2000 2 10076.81536
67.3000 2 12761.16992
67.4000 2 10674.50368
67.5000 2 9804.1856
67.6000 2 13065.25696
67.7000 2 8357.15072
67.8000 2 8472.49408
67.9000 2 8357.15072
68.0000 2 10926.16192
68.1000 2 12132.02432
68.2000 2 10873.73312
68.3000 2 11775.50848
68.4000 2 13274.97216
68.5000 2 11607.73632
68.6000 2 9500.09856
68.7000 2 12834.57024
68.8000 2 8954.83904
68.9000 2 9730.78528
69.0000 2 11460.93568
69.1000 2 9363.78368
69.2000 2 11649.67936
69.3000 2 10915.67616
69.4000 2 11492.39296
69.5000 2 12299.79648
69.6000 2 11502.87872
69.7000 2 11450.44992
69.8000 2 11586.7648
69.9000 2 11314.13504
70.0000 2 12069.10976
70.1000 2 11806.96576
70.2000 2 9730.78528
70.3000 2 11051.99104
70.4000 2 12173.96736
70.5000 2 12163.4816
70.6000 2 11817.45152
70.7000 2 12173.96736
70.8000 2 12656.31232
70.9000 2 10475.27424
71.0000 2 12048.13824
71.1000 2 12761.16992
71.2000 2 11439.96416
71.3000 2 10726.93248
71.4000 2 13704.88832
71.5000 2 10506.73152
71.6000 2 10024.38656
71.7000 2 13316.9152
71.8000 2 12184.45312
71.9000 2 10821.30432
72.0000 2 11555.30752
72.1000 2 12058.624
72.2000 2 10370.41664
72.3000 2 10915.67616
72.4000 2 11083.44832
72.5000 2 9353.29792
72.6000 2 13075.74272
72.7000 2 8472.49408
72.8000 2 10276.0448
72.9000 2 13327.40096
73.0000 2 11597.25056
73.1000 2 11188.30592
73.2000 2 12121.53856
73.3000 2 12331.25376
73.4000 2 10255.07328
73.5000 2 11733.56544
73.6000 2 12603.88352
73.7000 2 11335.10656
73.8000 2 9730.78528
73.9000 2 10926.16192
74.0000 2 8682.20928
74.1000 2 12142.51008
74.2000 2 10517.21728
74.3000 2 10601.10336
74.4000 2 12069.10976
74.5000 2 10506.73152
74.6000 2 10328.4736
74.7000 2 11880.36608
74.8000 2 10013.9008
74.9000 2 10747.904
75.0000 2 10821.30432
75.1000 2 10569.64608
75.2000 2 11932.79488
75.3000 2 10643.0464
75.4000 2 10580.13184
75.5000 2 11765.02272
75.6000 2 10569.64608
75.7000 2 10726.93248
75.8000 2 10370.41664
75.9000 2 9196.01152
76.0000 2 11733.56544
76.1000 2 7832.86272
76.2000 2 10055.84384
76.3000 2 8766.09536
76.4000 2 11618.22208
76.5000 2 12383.68256
76.6000 2 10171.1872
76.7000 2 11806.96576
76.8000 2 10664.01792
76.9000 2 9059.69664
77.0000 2 10433.3312
77.1000 2 11377.0496
77.2000 2 11534.336
77.3000 2 10559.16032
77.4000 2 8493.4656
77.5000 2 775.94624
