0.1000 2 0.0
0.2000 2 10506.73152
0.3000 2 8262.77888
0.4000 2 12897.4848
0.5000 2 10926.16192
0.6000 2 11167.3344
0.7000 2 11723.07968
0.8000 2 11293.16352
0.9000 2 10276.0448
1.0000 2 12090.08128
1.1000 2 12320.768
1.2000 2 10024.38656
1.3000 2 11890.85184
1.4000 2 12467.56864
1.5000 2 10422.84544
1.6000 2 11534.336
1.7000 2 12509.51168
1.8000 2 10349.44512
1.9000 2 12687.7696
2.0000 2 10087.30112
2.1000 2 12205.42464
2.2000 2 12320.768
2.3000 2 11775.50848
2.4000 2 10978.59072
2.5000 2 12928.94208
2.6000 2 11639.1936
2.7000 2 10297.01632
2.8000 2 13191.08608
2.9000 2 10936.64768
3.0000 2 9594.4704
3.1000 2 11754.53696
3.2000 2 10674.50368
3.3000 2 10024.38656
3.4000 2 13180.60032
3.5000 2 9479.12704
3.6000 2 10989.07648
3.7000 2 13149.14304
3.8000 2 11156.84864
3.9000 2 10055.84384
4.0000 2 12173.96736
4.1000 2 12079.59552
4.2000 2 10653.53216
4.3000 2 11995.70944
4.4000 2 10768.87552
4.5000 2 12163.4816
4.6000 2 10590.6176
4.7000 2 10580.13184
4.8000 2 12509.51168
4.9000 2 10716.44672
5.0000 2 10538.1888
5.1000 2 13348.37248
5.2000 2 6385.82784
5.3000 2 11072.96256
5.4000 2 11618.22208
5.5000 2 9940.50048
5.6000 2 12320.768
5.7000 2 11806.96576
5.8000 2 10496.24576
5.9000 2 11765.02272
6.0000 2 12425.6256
6.1000 2 11198.79168
6.2000 2 10674.50368
6.3000 2 12886.99904
6.4000 2 10737.41824
6.5000 2 10894.70464
6.6000 2 12090.08128
6.7000 2 13086.22848
6.8000 2 11712.59392
6.9000 2 11618.22208
7.0000 2 12205.42464
7.1000 2 10989.07648
7.2000 2 10234.10176
7.3000 2 12771.65568
7.4000 2 7686.06208
7.5000 2 10171.1872
7.6000 2 11282.67776
7.7000 2 11377.0496
7.8000 2 12331.25376
7.9000 2 11775.50848
8.0000 2 9646.8992
8.1000 2 11377.0496
8.2000 2 11618.22208
8.3000 2 11156.84864
8.4000 2 11702.10816
8.5000 2 12677.28384
8.6000 2 9825.15712
8.7000 2 10548.67456
8.8000 2 10045.35808
8.9000 2 7707.0336
9.0000 2 13725.85984
9.1000 2 8881.43872
9.2000 2 9437.184
9.3000 2 11702.10816
9.4000 2 11282.67776
9.5000 2 11198.79168
9.6000 2 11911.82336
9.7000 2 10653.53216
9.8000 2 12677.28384
9.9000 2 10716.44672
10.0000 2 10968.10496
10.1000 2 11146.36288
10.2000 2 10338.95936
10.3000 2 12100.56704
10.4000 2 10989.07648
10.5000 2 10643.0464
10.6000 2 10632.56064
10.7000 2 11167.3344
10.8000 2 9227.4688
10.9000 2 13704.88832
11.0000 2 10223.616
11.1000 2 9583.98464
11.2000 2 13463.71584
11.3000 2 10076.81536
11.4000 2 10632.56064
11.5000 2 13337.88672
11.6000 2 11471.42144
11.7000 2 9112.12544
11.8000 2 11377.0496
11.9000 2 8808.0384
12.0000 2 11303.64928
12.1000 2 13180.60032
12.2000 2 9730.78528
12.3000 2 10873.73312
12.4000 2 13715.37408
12.5000 2 10506.73152
12.6000 2 9783.21408
12.7000 2 12708.74112
12.8000 2 9101.63968
12.9000 2 9699.328
13.0000 2 10160.70144
13.1000 2 8566.86592
13.2000 2 13358.85824
13.3000 2 8818.52416
13.4000 2 10401.87392
13.5000 2 12645.82656
13.6000 2 11481.9072
13.7000 2 11439.96416
13.8000 2 12111.0528
13.9000 2 12184.45312
14.0000 2 11083.44832
14.1000 2 11230.24896
14.2000 2 12121.53856
14.3000 2 12037.65248
14.4000 2 11272.192
14.5000 2 9825.15712
14.6000 2 12079.59552
14.7000 2 12404.65408
14.8000 2 11702.10816
14.9000 2 10475.27424
15.0000 2 11240.73472
15.1000 2 11765.02272
15.2000 2 11125.39136
15.3000 2 12845.056
15.4000 2 8682.20928
15.5000 2 11251.22048
15.6000 2 11104.41984
15.7000 2 10768.87552
15.8000 2 11544.82176
15.9000 2 11765.02272
16.0000 2 11031.01952
16.1000 2 12729.71264
16.2000 2 10139.72992
16.3000 2 12341.73952
16.4000 2 12184.45312
16.5000 2 9846.12864
16.6000 2 11377.0496
16.7000 2 11219.7632
16.8000 2 10674.50368
16.9000 2 12341.73952
17.0000 2 11827.93728
17.1000 2 9919.52896
17.2000 2 11911.82336
17.3000 2 11576.27904
17.4000 2 9164.55424
17.5000 2 10737.41824
17.6000 2 9804.1856
17.7000 2 12404.65408
17.8000 2 10370.41664
17.9000 2 11639.1936
18.0000 2 10947.13344
18.1000 2 11765.02272
18.2000 2 11460.93568
18.3000 2 11586.7648
18.4000 2 11943.28064
18.5000 2 11649.67936
18.6000 2 10863.24736
18.7000 2 13044.28544
18.8000 2 12593.39776
18.9000 2 10045.35808
19.0000 2 12436.11136
19.1000 2 12236.88192
19.2000 2 11597.25056
19.3000 2 9751.7568
19.4000 2 12614.36928
19.5000 2 11744.0512
19.6000 2 9185.52576
19.7000 2 13222.54336
19.8000 2 10569.64608
19.9000 2 9678.35648
20.0000 2 12981.37088
20.1000 2 11513.36448
20.2000 2 7780.43392
20.3000 2 14071.88992
20.4000 2 9185.52576
20.5000 2 11502.87872
20.6000 2 12090.08128
20.7000 2 11618.22208
20.8000 2 10066.3296
20.9000 2 12163.4816
21.0000 2 12593.39776
21.1000 2 11712.59392
21.2000 2 11723.07968
21.3000 2 11848.9088
21.4000 2 10726.93248
21.5000 2 12058.624
21.6000 2 10181.67296
21.7000 2 12016.68096
21.8000 2 11251.22048
21.9000 2 10213.13024
22.0000 2 11890.85184
22.1000 2 7539.26144
22.2000 2 10422.84544
22.3000 2 13358.85824
22.4000 2 10328.4736
22.5000 2 9646.8992
22.6000 2 13621.00224
22.7000 2 8755.6096
22.8000 2 10464.78848
22.9000 2 13096.71424
23.0000 2 10192.15872
23.1000 2 10705.96096
23.2000 2 12268.3392
23.3000 2 10548.67456
23.4000 2 10349.44512
23.5000 2 11366.56384
23.6000 2 10181.67296
23.7000 2 11041.50528
23.8000 2 11062.4768
23.9000 2 11398.02112
24.0000 2 12677.28384
24.1000 2 11597.25056
24.2000 2 10548.67456
24.3000 2 12677.28384
24.4000 2 12278.82496
24.5000 2 11219.7632
24.6000 2 9468.64128
24.7000 2 11901.3376
24.8000 2 9258.92608
24.9000 2 10590.6176
25.0000 2 11943.28064
25.1000 2 9992.92928
25.2000 2 11513.36448
25.3000 2 11754.53696
25.4000 2 7256.14592
25.5000 2 10936.64768
25.6000 2 9007.26784
25.7000 2 10244.58752
25.8000 2 10810.81856
25.9000 2 10905.1904
26.0000 2 12257.85344
26.1000 2 11995.70944
26.2000 2 9888.07168
26.3000 2 11335.10656
26.4000 2 10171.1872
26.5000 2 10643.0464
26.6000 2 7780.43392
26.7000 2 12813.59872
26.8000 2 8839.49568
26.9000 2 9185.52576
27.0000 2 13117.68576
27.1000 2 10076.81536
27.2000 2 11261.70624
27.3000 2 10297.01632
27.4000 2 10422.84544
27.5000 2 12509.51168
27.6000 2 11744.0512
27.7000 2 10622.07488
27.8000 2 10192.15872
27.9000 2 12488.54016
28.0000 2 9007.26784
28.1000 2 11943.28064
28.2000 2 12194.93888
28.3000 2 10601.10336
28.4000 2 12289.31072
28.5000 2 12824.08448
28.6000 2 10150.21568
28.7000 2 9552.52736
28.8000 2 12331.25376
28.9000 2 8105.49248
29.0000 2 11586.7648
29.1000 2 11869.88032
29.2000 2 10664.01792
29.3000 2 11995.70944
29.4000 2 12603.88352
29.5000 2 9437.184
29.6000 2 11324.6208
29.7000 2 12918.45632
29.8000 2 9825.15712
29.9000 2 12708.74112
30.0000 2 12058.624
30.1000 2 12247.36768
30.2000 2 10664.01792
30.3000 2 11471.42144
30.4000 2 12404.65408
30.5000 2 10789.84704
30.6000 2 11597.25056
30.7000 2 11177.82016
30.8000 2 13012.82816
30.9000 2 12352.22528
31.0000 2 11188.30592
31.1000 2 11555.30752
31.2000 2 12792.6272
31.3000 2 7937.72032
31.4000 2 9269.41184
31.5000 2 10391.38816
31.6000 2 11670.65088
31.7000 2 11565.79328
31.8000 2 12069.10976
31.9000 2 11953.7664
32.0000 2 10852.7616
32.1000 2 11093.93408
32.2000 2 11702.10816
32.3000 2 9720.29952
32.4000 2 11125.39136
32.5000 2 9793.69984
32.6000 2 8724.15232
32.7000 2 13012.82816
32.8000 2 11649.67936
32.9000 2 10905.1904
33.0000 2 13107.2
33.1000 2 11345.59232
33.2000 2 10307.50208
33.3000 2 11796.48
33.4000 2 11418.99264
33.5000 2 8849.98144
33.6000 2 13096.71424
33.7000 2 10831.79008
33.8000 2 10800.3328
33.9000 2 12016.68096
34.0000 2 12247.36768
34.1000 2 10978.59072
34.2000 2 10915.67616
34.3000 2 13233.02912
34.4000 2 10831.79008
34.5000 2 10213.13024
34.6000 2 13505.65888
34.7000 2 10989.07648
34.8000 2 9227.4688
34.9000 2 13390.31552
35.0000 2 11481.9072
35.1000 2 11586.7648
35.2000 2 11439.96416
35.3000 2 12677.28384
35.4000 2 10779.36128
35.5000 2 11586.7648
35.6000 2 12194.93888
35.7000 2 10758.38976
35.8000 2 10936.64768
35.9000 2 13736.3456
36.0000 2 11723.07968
36.1000 2 10370.41664
36.2000 2 12876.51328
36.3000 2 12310.28224
36.4000 2 9363.78368
36.5000 2 11964.25216
36.6000 2 10034.87232
36.7000 2 11366.56384
36.8000 2 12184.45312
36.9000 2 11943.28064
37.0000 2 10684.98944
37.1000 2 12603.88352
37.2000 2 11534.336
37.3000 2 11869.88032
37.4000 2 12886.99904
37.5000 2 11031.01952
37.6000 2 11188.30592
37.7000 2 12614.36928
37.8000 2 10412.35968
37.9000 2 9678.35648
38.0000 2 9604.95616
38.1000 2 9573.49888
38.2000 2 10747.904
38.3000 2 11450.44992
38.4000 2 11754.53696
38.5000 2 11806.96576
38.6000 2 12404.65408
38.7000 2 11387.53536
38.8000 2 12593.39776
38.9000 2 10810.81856
39.0000 2 10905.1904
39.1000 2 11198.79168
39.2000 2 11031.01952
39.3000 2 12436.11136
39.4000 2 11733.56544
39.5000 2 9699.328
39.6000 2 12268.3392
39.7000 2 10947.13344
39.8000 2 10433.3312
39.9000 2 11450.44992
40.0000 2 9971.95776
40.1000 2 9688.84224
40.2000 2 9846.12864
40.3000 2 9311.35488
40.4000 2 11712.59392
40.5000 2 10601.10336
40.6000 2 10758.38976
40.7000 2 9447.66976
40.8000 2 10412.35968
40.9000 2 11481.9072
41.0000 2 9384.7552
41.1000 2 11901.3376
41.2000 2 9678.35648
41.3000 2 10401.87392
41.4000 2 12415.13984
41.5000 2 10684.98944
41.6000 2 11167.3344
41.7000 2 12415.13984
41.8000 2 10737.41824
41.9000 2 11335.10656
42.0000 2 11209.27744
42.1000 2 10758.38976
42.2000 2 9143.58272
42.3000 2 10181.67296
42.4000 2 10905.1904
42.5000 2 11010.048
42.6000 2 10716.44672
42.7000 2 11251.22048
42.8000 2 8860.4672
42.9000 2 11765.02272
43.0000 2 11964.25216
43.1000 2 10475.27424
43.2000 2 12215.9104
43.3000 2 12173.96736
43.4000 2 10569.64608
43.5000 2 11293.16352
43.6000 2 13537.11616
43.7000 2 11377.0496
43.8000 2 11114.9056
43.9000 2 11597.25056
44.0000 2 12425.6256
44.1000 2 10171.1872
44.2000 2 11544.82176
44.3000 2 11398.02112
44.4000 2 11901.3376
44.5000 2 11765.02272
44.6000 2 11293.16352
44.7000 2 12540.96896
44.8000 2 12624.85504
44.9000 2 11072.96256
45.0000 2 11010.048
45.1000 2 13201.57184
45.2000 2 11156.84864
45.3000 2 11156.84864
45.4000 2 13421.7728
45.5000 2 10517.21728
45.6000 2 10684.98944
45.7000 2 12509.51168
45.8000 2 9688.84224
45.9000 2 9888.07168
46.0000 2 12603.88352
46.1000 2 9646.8992
46.2000 2 10496.24576
46.3000 2 12897.4848
46.4000 2 11135.87712
46.5000 2 11230.24896
46.6000 2 12582.912
46.7000 2 11869.88032
46.8000 2 11156.84864
46.9000 2 12215.9104
47.0000 2 12373.1968
47.1000 2 10779.36128
47.2000 2 11806.96576
47.3000 2 11817.45152
47.4000 2 11744.0512
47.5000 2 11398.02112
47.6000 2 11712.59392
47.7000 2 12467.56864
47.8000 2 10884.21888
47.9000 2 12656.31232
48.0000 2 10957.6192
48.1000 2 12698.25536
48.2000 2 12509.51168
48.3000 2 11062.4768
48.4000 2 11838.42304
48.5000 2 12750.68416
48.6000 2 11345.59232
48.7000 2 11513.36448
48.8000 2 12278.82496
48.9000 2 11838.42304
49.0000 2 10391.38816
49.1000 2 11429.4784
49.2000 2 10747.904
49.3000 2 10569.64608
49.4000 2 12478.0544
49.5000 2 12341.73952
49.6000 2 10129.24416
49.7000 2 12561.94048
49.8000 2 12247.36768
49.9000 2 11660.16512
50.0000 2 11261.70624
50.1000 2 11869.88032
50.2000 2 12278.82496
50.3000 2 11481.9072
50.4000 2 11974.73792
50.5000 2 11062.4768
50.6000 2 11880.36608
50.7000 2 12373.1968
50.8000 2 11544.82176
50.9000 2 12268.3392
51.0000 2 12467.56864
51.1000 2 11051.99104
51.2000 2 11555.30752
51.3000 2 12478.0544
51.4000 2 12236.88192
51.5000 2 10831.79008
51.6000 2 11733.56544
51.7000 2 10317.98784
51.8000 2 9395.24096
51.9000 2 11093.93408
52.0000 2 11901.3376
52.1000 2 11848.9088
52.2000 2 11534.336
52.3000 2 11848.9088
52.4000 2 11366.56384
52.5000 2 12320.768
52.6000 2 11670.65088
52.7000 2 11974.73792
52.8000 2 12268.3392
52.9000 2 11387.53536
53.0000 2 11974.73792
53.1000 2 11744.0512
53.2000 2 11460.93568
53.3000 2 10548.67456
53.4000 2 11555.30752
53.5000 2 8829.00992
53.6000 2 11335.10656
53.7000 2 11880.36608
53.8000 2 11366.56384
53.9000 2 11733.56544
54.0000 2 12845.056
54.1000 2 10873.73312
54.2000 2 10674.50368
54.3000 2 11209.27744
54.4000 2 10380.9024
54.5000 2 11995.70944
54.6000 2 10695.4752
54.7000 2 12310.28224
54.8000 2 12373.1968
54.9000 2 11303.64928
55.0000 2 11754.53696
55.1000 2 12645.82656
55.2000 2 10496.24576
55.3000 2 8965.3248
55.4000 2 12582.912
55.5000 2 10527.70304
55.6000 2 11114.9056
55.7000 2 12519.99744
55.8000 2 11754.53696
55.9000 2 11146.36288
56.0000 2 10926.16192
56.1000 2 11429.4784
56.2000 2 11460.93568
56.3000 2 10034.87232
56.4000 2 11576.27904
56.5000 2 10150.21568
56.6000 2 10045.35808
56.7000 2 12488.54016
56.8000 2 10045.35808
56.9000 2 7990.14912
57.0000 2 11838.42304
57.1000 2 10328.4736
57.2000 2 11072.96256
57.3000 2 10873.73312
57.4000 2 11418.99264
57.5000 2 10265.55904
57.6000 2 9227.4688
57.7000 2 11555.30752
57.8000 2 10055.84384
57.9000 2 11744.0512
58.0000 2 12037.65248
58.1000 2 10559.16032
58.2000 2 11995.70944
58.3000 2 13547.60192
58.4000 2 10643.0464
58.5000 2 9793.69984
58.6000 2 12446.59712
58.7000 2 8808.0384
58.8000 2 10863.24736
58.9000 2 12593.39776
59.0000 2 10695.4752
59.1000 2 11261.70624
59.2000 2 13285.45792
59.3000 2 8902.41024
59.4000 2 10338.95936
59.5000 2 11177.82016
59.6000 2 10412.35968
59.7000 2 11418.99264
59.8000 2 11796.48
59.9000 2 10034.87232
60.0000 2 13023.31392
60.1000 2 12729.71264
60.2000 2 11439.96416
60.3000 2 11607.73632
60.4000 2 12037.65248
60.5000 2 12519.99744
60.6000 2 10538.1888
60.7000 2 12519.99744
60.8000 2 12834.57024
60.9000 2 10234.10176
61.0000 2 11607.73632
61.1000 2 13254.00064
61.2000 2 11702.10816
61.3000 2 10768.87552
61.4000 2 12918.45632
61.5000 2 11324.6208
61.6000 2 10810.81856
61.7000 2 11618.22208
61.8000 2 13191.08608
61.9000 2 10276.0448
62.0000 2 10380.9024
62.1000 2 12855.54176
62.2000 2 10905.1904
62.3000 2 10401.87392
62.4000 2 14407.43424
62.5000 2 9237.95456
62.6000 2 10255.07328
62.7000 2 13851.68896
62.8000 2 11639.1936
62.9000 2 10055.84384
63.0000 2 12803.11296
63.1000 2 8367.63648
63.2000 2 8692.69504
63.3000 2 10506.73152
63.4000 2 9049.21088
63.5000 2 12866.02752
63.6000 2 10003.41504
63.7000 2 9930.01472
63.8000 2 12111.0528
63.9000 2 10150.21568
64.0000 2 11335.10656
64.1000 2 12152.99584
64.2000 2 10936.64768
64.3000 2 10842.27584
64.4000 2 12079.59552
64.5000 2 11230.24896
64.6000 2 10643.0464
64.7000 2 11492.39296
64.8000 2 11702.10816
64.9000 2 10527.70304
65.0000 2 10779.36128
65.1000 2 11670.65088
65.2000 2 11502.87872
65.3000 2 11114.9056
65.4000 2 12100.56704
65.5000 2 11125.39136
65.6000 2 11209.27744
65.7000 2 11754.53696
65.8000 2 11104.41984
65.9000 2 11450.44992
66.0000 2 11838.42304
66.1000 2 10842.27584
66.2000 2 11880.36608
66.3000 2 10978.59072
66.4000 2 11031.01952
66.5000 2 11890.85184
66.6000 2 10968.10496
66.7000 2 11492.39296
66.8000 2 11597.25056
66.9000 2 10632.56064
67.0000 2 11377.0496
67.1000 2 11670.65088
67.2000 2 10758.38976
67.3000 2 11366.56384
67.4000 2 11911.82336
67.5000 2 10726.93248
67.6000 2 11754.53696
67.7000 2 11356.07808
67.8000 2 10674.50368
67.9000 2 11660.16512
68.0000 2 11932.79488
68.1000 2 10747.904
68.2000 2 11660.16512
68.3000 2 11765.02272
68.4000 2 10716.44672
68.5000 2 11261.70624
68.6000 2 11356.07808
68.7000 2 10978.59072
68.8000 2 11618.22208
68.9000 2 12100.56704
69.0000 2 10695.4752
69.1000 2 10968.10496
69.2000 2 12446.59712
69.3000 2 10884.21888
69.4000 2 10726.93248
69.5000 2 12855.54176
69.6000 2 10852.7616
69.7000 2 10422.84544
69.8000 2 12561.94048
69.9000 2 11072.96256
70.0000 2 10611.58912
70.1000 2 12331.25376
70.2000 2 10601.10336
70.3000 2 10726.93248
70.4000 2 12404.65408
70.5000 2 10863.24736
70.6000 2 10905.1904
70.7000 2 12121.53856
70.8000 2 10999.56224
70.9000 2 10863.24736
71.0000 2 11932.79488
71.1000 2 11838.42304
71.2000 2 10632.56064
71.3000 2 11597.25056
71.4000 2 12111.0528
71.5000 2 11083.44832
71.6000 2 10580.13184
71.7000 2 12540.96896
71.8000 2 10307.50208
71.9000 2 10894.70464
72.0000 2 12457.08288
72.1000 2 10171.1872
72.2000 2 10800.3328
72.3000 2 12299.79648
72.4000 2 9741.27104
72.5000 2 11093.93408
72.6000 2 12278.82496
72.7000 2 10286.53056
72.8000 2 10800.3328
72.9000 2 11974.73792
73.0000 2 10307.50208
73.1000 2 11051.99104
73.2000 2 11869.88032
73.3000 2 8839.49568
73.4000 2 10034.87232
73.5000 2 9971.95776
73.6000 2 10601.10336
73.7000 2 9489.6128
73.8000 2 10747.904
73.9000 2 11282.67776
74.0000 2 10905.1904
74.1000 2 10810.81856
74.2000 2 10747.904
74.3000 2 12614.36928
74.4000 2 10884.21888
74.5000 2 11691.6224
74.6000 2 6228.54144
74.7000 2 356.51584
