0.1000 2 0.0
0.2000 2 9835.64288
0.3000 2 7518.28992
0.4000 2 10527.70304
0.5000 2 7203.71712
0.6000 2 11765.02272
0.7000 2 9930.01472
0.8000 2 11135.87712
0.9000 2 11093.93408
1.0000 2 10307.50208
1.1000 2 11492.39296
1.2000 2 10359.93088
1.3000 2 9940.50048
1.4000 2 11450.44992
1.5000 2 9741.27104
1.6000 2 10978.59072
1.7000 2 10968.10496
1.8000 2 9521.07008
1.9000 2 10926.16192
2.0000 2 8021.6064
2.1000 2 8713.66656
2.2000 2 11838.42304
2.3000 2 9206.49728
2.4000 2 11744.0512
2.5000 2 10705.96096
2.6000 2 9877.58592
2.7000 2 11345.59232
2.8000 2 11282.67776
2.9000 2 10034.87232
3.0000 2 11848.9088
3.1000 2 10255.07328
3.2000 2 9709.81376
3.3000 2 11114.9056
3.4000 2 9730.78528
3.5000 2 11188.30592
3.6000 2 11481.9072
3.7000 2 10097.78688
3.8000 2 12079.59552
3.9000 2 11513.36448
4.0000 2 9426.69824
4.1000 2 11785.99424
4.2000 2 9919.52896
4.3000 2 9751.7568
4.4000 2 13023.31392
4.5000 2 8283.7504
4.6000 2 9846.12864
4.7000 2 10569.64608
4.8000 2 8640.26624
4.9000 2 13065.25696
5.0000 2 8829.00992
5.1000 2 10087.30112
5.2000 2 12352.22528
5.3000 2 10055.84384
5.4000 2 10852.7616
5.5000 2 11796.48
5.6000 2 10150.21568
5.7000 2 10768.87552
5.8000 2 10422.84544
5.9000 2 10475.27424
6.0000 2 12436.11136
6.1000 2 9919.52896
6.2000 2 8430.55104
6.3000 2 11723.07968
6.4000 2 8933.86752
6.5000 2 10695.4752
6.6000 2 12257.85344
6.7000 2 10789.84704
6.8000 2 10684.98944
6.9000 2 10003.41504
7.0000 2 9930.01472
7.1000 2 12834.57024
7.2000 2 12341.73952
7.3000 2 10810.81856
7.4000 2 11072.96256
7.5000 2 12362.71104
7.6000 2 9741.27104
7.7000 2 11303.64928
7.8000 2 10611.58912
7.9000 2 9405.72672
8.0000 2 13180.60032
8.1000 2 11618.22208
8.2000 2 9101.63968
8.3000 2 12792.6272
8.4000 2 9133.09696
8.5000 2 10548.67456
8.6000 2 13012.82816
8.7000 2 11324.6208
8.8000 2 8199.86432
8.9000 2 14250.14784
9.0000 2 9038.72512
9.1000 2 9248.44032
9.2000 2 13757.31712
9.3000 2 7738.49088
9.4000 2 11020.53376
9.5000 2 11041.50528
9.6000 2 9856.6144
9.7000 2 12069.10976
9.8000 2 12048.13824
9.9000 2 10454.30272
10.0000 2 12645.82656
10.1000 2 10989.07648
10.2000 2 11314.13504
10.3000 2 12058.624
10.4000 2 9688.84224
10.5000 2 11880.36608
10.6000 2 11209.27744
10.7000 2 11177.82016
10.8000 2 11513.36448
10.9000 2 12687.7696
11.0000 2 11083.44832
11.1000 2 11345.59232
11.2000 2 12194.93888
11.3000 2 10265.55904
11.4000 2 10559.16032
11.5000 2 12845.056
11.6000 2 9730.78528
11.7000 2 10580.13184
11.8000 2 13558.08768
11.9000 2 8881.43872
12.0000 2 11072.96256
12.1000 2 9594.4704
12.2000 2 9300.86912
12.3000 2 13222.54336
12.4000 2 8965.3248
12.5000 2 9237.95456
12.6000 2 12194.93888
12.7000 2 9793.69984
12.8000 2 11093.93408
12.9000 2 10255.07328
13.0000 2 10034.87232
13.1000 2 12132.02432
13.2000 2 11335.10656
13.3000 2 9489.6128
13.4000 2 11303.64928
13.5000 2 10936.64768
13.6000 2 11251.22048
13.7000 2 10359.93088
13.8000 2 10789.84704
13.9000 2 12016.68096
14.0000 2 10800.3328
14.1000 2 10779.36128
14.2000 2 11209.27744
14.3000 2 9699.328
14.4000 2 12236.88192
14.5000 2 9070.1824
14.6000 2 9070.1824
14.7000 2 13012.82816
14.8000 2 8881.43872
14.9000 2 11345.59232
15.0000 2 10789.84704
15.1000 2 8252.29312
15.2000 2 12949.9136
15.3000 2 9930.01472
15.4000 2 9825.15712
15.5000 2 11272.192
15.6000 2 8713.66656
15.7000 2 11953.7664
15.8000 2 10978.59072
15.9000 2 9657.38496
16.0000 2 11702.10816
16.1000 2 11324.6208
16.2000 2 10454.30272
16.3000 2 11114.9056
16.4000 2 11177.82016
16.5000 2 10171.1872
16.6000 2 11817.45152
16.7000 2 11439.96416
16.8000 2 9437.184
16.9000 2 12027.16672
17.0000 2 10475.27424
17.1000 2 10957.6192
17.2000 2 10475.27424
17.3000 2 10716.44672
17.4000 2 11628.70784
17.5000 2 10139.72992
17.6000 2 10338.95936
17.7000 2 10622.07488
17.8000 2 10737.41824
17.9000 2 10821.30432
18.0000 2 9028.23936
18.1000 2 10842.27584
18.2000 2 10884.21888
18.3000 2 10192.15872
18.4000 2 11681.13664
18.5000 2 10810.81856
18.6000 2 10674.50368
18.7000 2 11125.39136
18.8000 2 10779.36128
18.9000 2 10737.41824
19.0000 2 12813.59872
19.1000 2 10810.81856
19.2000 2 10758.38976
19.3000 2 12698.25536
19.4000 2 9667.87072
19.5000 2 7759.4624
19.6000 2 8000.63488
19.7000 2 9657.38496
19.8000 2 11775.50848
19.9000 2 8818.52416
20.0000 2 11723.07968
20.1000 2 8503.95136
20.2000 2 9405.72672
20.3000 2 12750.68416
20.4000 2 9269.41184
20.5000 2 11219.7632
20.6000 2 10936.64768
20.7000 2 10800.3328
20.8000 2 11817.45152
20.9000 2 12540.96896
21.0000 2 10464.78848
21.1000 2 10485.76
21.2000 2 11303.64928
21.3000 2 11010.048
21.4000 2 12635.3408
21.5000 2 11670.65088
21.6000 2 12100.56704
21.7000 2 12205.42464
21.8000 2 11125.39136
21.9000 2 11932.79488
22.0000 2 11072.96256
22.1000 2 10496.24576
22.2000 2 12048.13824
22.3000 2 10894.70464
22.4000 2 10255.07328
22.5000 2 11859.39456
22.6000 2 10863.24736
22.7000 2 11387.53536
22.8000 2 11806.96576
22.9000 2 11303.64928
23.0000 2 12215.9104
23.1000 2 10758.38976
23.2000 2 11618.22208
23.3000 2 10789.84704
23.4000 2 10601.10336
23.5000 2 12645.82656
23.6000 2 10957.6192
23.7000 2 10538.1888
23.8000 2 13012.82816
23.9000 2 11618.22208
24.0000 2 10307.50208
24.1000 2 12058.624
24.2000 2 8923.38176
24.3000 2 8881.43872
24.4000 2 13505.65888
24.5000 2 10926.16192
24.6000 2 10307.50208
24.7000 2 14218.69056
24.8000 2 10118.7584
24.9000 2 9437.184
25.0000 2 13012.82816
25.1000 2 9500.09856
25.2000 2 8671.72352
25.3000 2 14082.37568
25.4000 2 7224.68864
25.5000 2 10601.10336
25.6000 2 10391.38816
25.7000 2 10517.21728
25.8000 2 12866.02752
25.9000 2 11880.36608
26.0000 2 9919.52896
26.1000 2 12635.3408
26.2000 2 11272.192
26.3000 2 11639.1936
26.4000 2 11597.25056
26.5000 2 13820.23168
26.6000 2 9437.184
26.7000 2 9615.44192
26.8000 2 12415.13984
26.9000 2 8042.57792
27.0000 2 11869.88032
27.1000 2 10485.76
27.2000 2 11356.07808
27.3000 2 12289.31072
27.4000 2 12341.73952
27.5000 2 9898.55744
27.6000 2 11198.79168
27.7000 2 9290.38336
27.8000 2 7392.4608
27.9000 2 12509.51168
28.0000 2 10108.27264
28.1000 2 11010.048
28.2000 2 11817.45152
28.3000 2 11156.84864
28.4000 2 11104.41984
28.5000 2 12698.25536
28.6000 2 10747.904
28.7000 2 10716.44672
28.8000 2 11911.82336
28.9000 2 10443.81696
29.0000 2 11010.048
29.1000 2 12289.31072
29.2000 2 11555.30752
29.3000 2 12226.39616
29.4000 2 11681.13664
29.5000 2 12320.768
29.6000 2 11387.53536
29.7000 2 12845.056
29.8000 2 11576.27904
29.9000 2 12142.51008
30.0000 2 12813.59872
30.1000 2 10433.3312
30.2000 2 12152.99584
30.3000 2 10989.07648
30.4000 2 12415.13984
30.5000 2 10611.58912
30.6000 2 11859.39456
30.7000 2 10695.4752
30.8000 2 9793.69984
30.9000 2 13778.28864
31.0000 2 11953.7664
31.1000 2 9290.38336
31.2000 2 13526.6304
31.3000 2 7990.14912
31.4000 2 10947.13344
31.5000 2 11481.9072
31.6000 2 11377.0496
31.7000 2 11429.4784
31.8000 2 11911.82336
31.9000 2 12499.02592
32.0000 2 10024.38656
32.1000 2 12373.1968
32.2000 2 11838.42304
32.3000 2 10737.41824
32.4000 2 11146.36288
32.5000 2 11031.01952
32.6000 2 11901.3376
32.7000 2 8482.97984
32.8000 2 7948.20608
32.9000 2 10276.0448
33.0000 2 10978.59072
33.1000 2 10433.3312
33.2000 2 11660.16512
33.3000 2 11114.9056
33.4000 2 10737.41824
33.5000 2 11314.13504
33.6000 2 11146.36288
33.7000 2 10223.616
33.8000 2 12373.1968
33.9000 2 10286.53056
34.0000 2 7853.83424
34.1000 2 12897.4848
34.2000 2 8126.464
34.3000 2 12362.71104
34.4000 2 9080.66816
34.5000 2 10192.15872
34.6000 2 12572.42624
34.7000 2 10947.13344
34.8000 2 10087.30112
34.9000 2 10915.67616
35.0000 2 11702.10816
35.1000 2 10884.21888
35.2000 2 10286.53056
35.3000 2 11712.59392
35.4000 2 11670.65088
35.5000 2 10234.10176
35.6000 2 11660.16512
35.7000 2 11492.39296
35.8000 2 10999.56224
35.9000 2 11838.42304
36.0000 2 11219.7632
36.1000 2 9992.92928
36.2000 2 11167.3344
36.3000 2 11041.50528
36.4000 2 10674.50368
36.5000 2 9384.7552
36.6000 2 9615.44192
36.7000 2 10328.4736
36.8000 2 10989.07648
36.9000 2 12383.68256
37.0000 2 10317.98784
37.1000 2 11324.6208
37.2000 2 10810.81856
37.3000 2 11450.44992
37.4000 2 11031.01952
37.5000 2 10664.01792
37.6000 2 11691.6224
37.7000 2 11345.59232
37.8000 2 10936.64768
37.9000 2 10779.36128
38.0000 2 11177.82016
38.1000 2 11293.16352
38.2000 2 11597.25056
38.3000 2 11272.192
38.4000 2 10810.81856
38.5000 2 12016.68096
38.6000 2 10401.87392
38.7000 2 10559.16032
38.8000 2 11806.96576
38.9000 2 11670.65088
39.0000 2 9804.1856
39.1000 2 10548.67456
39.2000 2 11135.87712
39.3000 2 10475.27424
39.4000 2 11702.10816
39.5000 2 11492.39296
39.6000 2 9783.21408
39.7000 2 11974.73792
39.8000 2 10936.64768
39.9000 2 10150.21568
40.0000 2 12320.768
40.1000 2 7591.69024
40.2000 2 10863.24736
40.3000 2 9982.44352
40.4000 2 7539.26144
40.5000 2 11303.64928
40.6000 2 10349.44512
40.7000 2 11985.22368
40.8000 2 11387.53536
40.9000 2 11712.59392
41.0000 2 12708.74112
41.1000 2 11240.73472
41.2000 2 12142.51008
41.3000 2 10286.53056
41.4000 2 12132.02432
41.5000 2 12855.54176
41.6000 2 10317.98784
41.7000 2 11712.59392
41.8000 2 12331.25376
41.9000 2 10433.3312
42.0000 2 11513.36448
42.1000 2 11314.13504
42.2000 2 10108.27264
42.3000 2 11104.41984
42.4000 2 11513.36448
42.5000 2 10118.7584
42.6000 2 11859.39456
42.7000 2 11974.73792
42.8000 2 10129.24416
42.9000 2 11806.96576
43.0000 2 12918.45632
43.1000 2 11377.0496
43.2000 2 11041.50528
43.3000 2 13516.14464
43.4000 2 11051.99104
43.5000 2 9846.12864
43.6000 2 12331.25376
43.7000 2 9604.95616
43.8000 2 11408.50688
43.9000 2 12719.22688
44.0000 2 11104.41984
44.1000 2 10978.59072
44.2000 2 13107.2
44.3000 2 11754.53696
44.4000 2 10747.904
44.5000 2 12949.9136
44.6000 2 12016.68096
44.7000 2 11817.45152
44.8000 2 11272.192
44.9000 2 12834.57024
45.0000 2 10559.16032
45.1000 2 10475.27424
45.2000 2 10716.44672
45.3000 2 11817.45152
45.4000 2 11848.9088
45.5000 2 10842.27584
45.6000 2 10097.78688
45.7000 2 13086.22848
45.8000 2 10443.81696
45.9000 2 8860.4672
46.0000 2 10517.21728
46.1000 2 8587.83744
46.2000 2 12173.96736
46.3000 2 11114.9056
46.4000 2 11156.84864
46.5000 2 9846.12864
46.6000 2 11922.30912
46.7000 2 10989.07648
46.8000 2 11020.53376
46.9000 2 10496.24576
47.0000 2 10884.21888
47.1000 2 10276.0448
47.2000 2 10915.67616
47.3000 2 11114.9056
47.4000 2 9762.24256
47.5000 2 11901.3376
47.6000 2 9279.8976
47.7000 2 10884.21888
47.8000 2 12624.85504
47.9000 2 11209.27744
48.0000 2 11628.70784
48.1000 2 12299.79648
48.2000 2 11020.53376
48.3000 2 10223.616
48.4000 2 13369.344
48.5000 2 11261.70624
48.6000 2 11660.16512
48.7000 2 12415.13984
48.8000 2 12677.28384
48.9000 2 10443.81696
49.0000 2 10129.24416
49.1000 2 13841.2032
49.2000 2 11062.4768
49.3000 2 9405.72672
49.4000 2 13925.08928
49.5000 2 11481.9072
49.6000 2 11565.79328
49.7000 2 12184.45312
49.8000 2 11303.64928
49.9000 2 9950.98624
50.0000 2 12079.59552
50.1000 2 12457.08288
50.2000 2 11523.85024
50.3000 2 11639.1936
50.4000 2 13306.42944
50.5000 2 10936.64768
50.6000 2 9342.81216
50.7000 2 12446.59712
50.8000 2 10171.1872
50.9000 2 9290.38336
51.0000 2 11492.39296
51.1000 2 9112.12544
51.2000 2 11880.36608
51.3000 2 10726.93248
51.4000 2 9583.98464
51.5000 2 12939.42784
51.6000 2 8430.55104
51.7000 2 10884.21888
51.8000 2 13788.7744
51.9000 2 11576.27904
52.0000 2 11093.93408
52.1000 2 11922.30912
52.2000 2 12404.65408
52.3000 2 9552.52736
52.4000 2 11628.70784
52.5000 2 12719.22688
52.6000 2 11639.1936
52.7000 2 11303.64928
52.8000 2 12939.42784
52.9000 2 12299.79648
53.0000 2 11534.336
53.1000 2 11785.99424
53.2000 2 13516.14464
53.3000 2 11335.10656
53.4000 2 8923.38176
53.5000 2 11932.79488
53.6000 2 10013.9008
53.7000 2 11398.02112
53.8000 2 12907.97056
53.9000 2 11041.50528
54.0000 2 11125.39136
54.1000 2 12111.0528
54.2000 2 9688.84224
54.3000 2 9699.328
54.4000 2 12037.65248
54.5000 2 9657.38496
54.6000 2 11639.1936
54.7000 2 12960.39936
54.8000 2 11293.16352
54.9000 2 11135.87712
55.0000 2 13442.74432
55.1000 2 11492.39296
55.2000 2 11324.6208
55.3000 2 11922.30912
55.4000 2 9888.07168
55.5000 2 10276.0448
55.6000 2 13390.31552
55.7000 2 12572.42624
55.8000 2 10349.44512
55.9000 2 11345.59232
56.0000 2 13799.26016
56.1000 2 10328.4736
56.2000 2 10747.904
56.3000 2 13212.0576
56.4000 2 11995.70944
56.5000 2 11523.85024
56.6000 2 12383.68256
56.7000 2 13086.22848
56.8000 2 11240.73472
56.9000 2 11723.07968
57.0000 2 12016.68096
57.1000 2 11985.22368
57.2000 2 11712.59392
57.3000 2 11702.10816
57.4000 2 12226.39616
57.5000 2 11387.53536
57.6000 2 11156.84864
57.7000 2 14208.2048
57.8000 2 10087.30112
57.9000 2 11104.41984
58.0000 2 12886.99904
58.1000 2 12708.74112
58.2000 2 10317.98784
58.3000 2 11827.93728
58.4000 2 12383.68256
58.5000 2 11083.44832
58.6000 2 11492.39296
58.7000 2 11502.87872
58.8000 2 12886.99904
58.9000 2 10359.93088
59.0000 2 12247.36768
59.1000 2 12048.13824
59.2000 2 10779.36128
59.3000 2 12205.42464
59.4000 2 11681.13664
59.5000 2 12614.36928
59.6000 2 11702.10816
59.7000 2 9133.09696
59.8000 2 8661.23776
59.9000 2 11649.67936
60.0000 2 12194.93888
60.1000 2 11618.22208
60.2000 2 11607.73632
60.3000 2 11806.96576
60.4000 2 12907.97056
60.5000 2 12478.0544
60.6000 2 11618.22208
60.7000 2 11796.48
60.8000 2 11502.87872
60.9000 2 7738.49088
61.0000 2 10978.59072
61.1000 2 11314.13504
61.2000 2 10957.6192
61.3000 2 12016.68096
61.4000 2 11785.99424
61.5000 2 10884.21888
61.6000 2 11513.36448
61.7000 2 10905.1904
61.8000 2 11345.59232
61.9000 2 12740.1984
62.0000 2 11964.25216
62.1000 2 12981.37088
62.2000 2 11544.82176
62.3000 2 11880.36608
62.4000 2 12058.624
62.5000 2 11806.96576
62.6000 2 12341.73952
62.7000 2 11660.16512
62.8000 2 12677.28384
62.9000 2 11272.192
63.0000 2 12666.79808
63.1000 2 11492.39296
63.2000 2 13054.7712
63.3000 2 12540.96896
63.4000 2 11418.99264
63.5000 2 11502.87872
63.6000 2 13505.65888
63.7000 2 11429.4784
63.8000 2 10989.07648
63.9000 2 11272.192
64.0000 2 13149.14304
64.1000 2 11083.44832
64.2000 2 9258.92608
64.3000 2 9793.69984
64.4000 2 8608.80896
64.5000 2 11471.42144
64.6000 2 9342.81216
64.7000 2 10611.58912
64.8000 2 10380.9024
64.9000 2 10139.72992
65.0000 2 9709.81376
65.1000 2 12027.16672
65.2000 2 10863.24736
65.3000 2 10936.64768
65.4000 2 11922.30912
65.5000 2 11565.79328
65.6000 2 10443.81696
65.7000 2 9888.07168
65.8000 2 11051.99104
65.9000 2 12897.4848
66.0000 2 10569.64608
66.1000 2 10297.01632
66.2000 2 13274.97216
66.3000 2 10517.21728
66.4000 2 8650.752
66.5000 2 13295.94368
66.6000 2 10286.53056
66.7000 2 10317.98784
66.8000 2 11597.25056
66.9000 2 10297.01632
67.0000 2 12184.45312
67.1000 2 10905.1904
67.2000 2 11922.30912
67.3000 2 12320.768
67.4000 2 9909.0432
67.5000 2 9437.184
67.6000 2 9468.64128
67.7000 2 11450.44992
67.8000 2 12824.08448
67.9000 2 11618.22208
68.0000 2 10433.3312
68.1000 2 12981.37088
68.2000 2 10957.6192
68.3000 2 10705.96096
68.4000 2 12750.68416
68.5000 2 12331.25376
68.6000 2 11523.85024
68.7000 2 10894.70464
68.8000 2 13589.54496
68.9000 2 11544.82176
69.0000 2 11345.59232
69.1000 2 12614.36928
69.2000 2 12006.1952
69.3000 2 10842.27584
69.4000 2 10737.41824
69.5000 2 12561.94048
69.6000 2 8535.40864
69.7000 2 11324.6208
69.8000 2 9971.95776
69.9000 2 9521.07008
70.0000 2 11031.01952
70.1000 2 10034.87232
70.2000 2 11806.96576
70.3000 2 11450.44992
70.4000 2 11429.4784
70.5000 2 11114.9056
70.6000 2 10559.16032
70.7000 2 12048.13824
70.8000 2 12006.1952
70.9000 2 10664.01792
71.0000 2 11282.67776
71.1000 2 11901.3376
71.2000 2 10831.79008
71.3000 2 11785.99424
71.4000 2 12027.16672
71.5000 2 10936.64768
71.6000 2 11114.9056
71.7000 2 10569.64608
71.8000 2 11460.93568
71.9000 2 11051.99104
72.0000 2 10852.7616
72.1000 2 12383.68256
72.2000 2 11104.41984
72.3000 2 10978.59072
72.4000 2 12226.39616
72.5000 2 11628.70784
72.6000 2 10831.79008
72.7000 2 11712.59392
72.8000 2 11943.28064
72.9000 2 10118.7584
73.0000 2 11429.4784
73.1000 2 11953.7664
73.2000 2 9342.81216
73.3000 2 12016.68096
73.4000 2 7381.97504
73.5000 2 9646.8992
73.6000 2 11702.10816
73.7000 2 10139.72992
73.8000 2 11398.02112
73.9000 2 11765.02272
74.0000 2 8818.52416
74.1000 2 10915.67616
74.2000 2 7990.14912
74.3000 2 10684.98944
74.4000 2 9636.41344
74.5000 2 9531.55584
74.6000 2 12299.79648
74.7000 2 9447.66976
74.8000 2 10380.9024
74.9000 2 11324.6208
75.0000 2 10705.96096
75.1000 2 11418.99264
75.2000 2 11691.6224
75.3000 2 10181.67296
75.4000 2 11932.79488
75.5000 2 11387.53536
75.6000 2 9720.29952
75.7000 2 1793.06496
