0.1000 2 0.0
0.2000 2 10024.38656
0.3000 2 9783.21408
0.4000 2 10684.98944
0.5000 2 10055.84384
0.6000 2 10317.98784
0.7000 2 9196.01152
0.8000 2 11607.73632
0.9000 2 8703.1808
1.0000 2 11198.79168
1.1000 2 10454.30272
1.2000 2 9468.64128
1.3000 2 12310.28224
1.4000 2 10517.21728
1.5000 2 10066.3296
1.6000 2 11156.84864
1.7000 2 10076.81536
1.8000 2 11723.07968
1.9000 2 10978.59072
2.0000 2 9667.87072
2.1000 2 11104.41984
2.2000 2 10003.41504
2.3000 2 9730.78528
2.4000 2 9521.07008
2.5000 2 11901.3376
2.6000 2 8724.15232
2.7000 2 9552.52736
2.8000 2 9741.27104
2.9000 2 8640.26624
3.0000 2 11723.07968
3.1000 2 9122.6112
3.2000 2 11219.7632
3.3000 2 10066.3296
3.4000 2 9017.7536
3.5000 2 11586.7648
3.6000 2 9667.87072
3.7000 2 10653.53216
3.8000 2 9521.07008
3.9000 2 9353.29792
4.0000 2 10569.64608
4.1000 2 10496.24576
4.2000 2 11827.93728
4.3000 2 10422.84544
4.4000 2 10150.21568
4.5000 2 11146.36288
4.6000 2 10947.13344
4.7000 2 9196.01152
4.8000 2 10821.30432
4.9000 2 11439.96416
5.0000 2 10947.13344
5.1000 2 9992.92928
5.2000 2 9835.64288
5.3000 2 10129.24416
5.4000 2 8493.4656
5.5000 2 13033.79968
5.6000 2 8587.83744
5.7000 2 10905.1904
5.8000 2 10810.81856
5.9000 2 9321.84064
6.0000 2 12027.16672
6.1000 2 11167.3344
6.2000 2 9447.66976
6.3000 2 11660.16512
6.4000 2 10443.81696
6.5000 2 11125.39136
6.6000 2 9332.3264
6.7000 2 12509.51168
6.8000 2 9227.4688
6.9000 2 8357.15072
7.0000 2 12593.39776
7.1000 2 8671.72352
7.2000 2 11765.02272
7.3000 2 10496.24576
7.4000 2 10150.21568
7.5000 2 11502.87872
7.6000 2 10947.13344
7.7000 2 9636.41344
7.8000 2 12792.6272
7.9000 2 10181.67296
8.0000 2 10370.41664
8.1000 2 12866.02752
8.2000 2 10139.72992
8.3000 2 9426.69824
8.4000 2 12771.65568
8.5000 2 9332.3264
8.6000 2 11198.79168
8.7000 2 11565.79328
8.8000 2 9468.64128
8.9000 2 9625.92768
9.0000 2 12205.42464
9.1000 2 10443.81696
9.2000 2 10632.56064
9.3000 2 12205.42464
9.4000 2 11093.93408
9.5000 2 11072.96256
9.6000 2 11481.9072
9.7000 2 10359.93088
9.8000 2 9888.07168
9.9000 2 11387.53536
10.0000 2 11261.70624
10.1000 2 10192.15872
10.2000 2 11261.70624
10.3000 2 11051.99104
10.4000 2 9468.64128
10.5000 2 12729.71264
10.6000 2 10527.70304
10.7000 2 9646.8992
10.8000 2 11104.41984
10.9000 2 9583.98464
11.0000 2 9898.55744
11.1000 2 11209.27744
11.2000 2 9489.6128
11.3000 2 11051.99104
11.4000 2 11796.48
11.5000 2 9657.38496
11.6000 2 12834.57024
11.7000 2 8661.23776
11.8000 2 9657.38496
11.9000 2 12457.08288
12.0000 2 10517.21728
12.1000 2 10852.7616
12.2000 2 13285.45792
12.3000 2 10160.70144
12.4000 2 8975.81056
12.5000 2 13379.82976
12.6000 2 7056.91648
12.7000 2 11135.87712
12.8000 2 7245.66016
12.9000 2 11041.50528
13.0000 2 7696.54784
13.1000 2 10349.44512
13.2000 2 12614.36928
13.3000 2 7434.40384
13.4000 2 12121.53856
13.5000 2 9101.63968
13.6000 2 8168.40704
13.7000 2 11460.93568
13.8000 2 7570.71872
13.9000 2 10401.87392
14.0000 2 9038.72512
14.1000 2 11356.07808
14.2000 2 10999.56224
14.3000 2 8126.464
14.4000 2 13306.42944
14.5000 2 12058.624
14.6000 2 10674.50368
14.7000 2 12194.93888
14.8000 2 11995.70944
14.9000 2 9604.95616
15.0000 2 10957.6192
15.1000 2 11702.10816
15.2000 2 11366.56384
15.3000 2 10611.58912
15.4000 2 10538.1888
15.5000 2 13799.26016
15.6000 2 10433.3312
15.7000 2 8629.78048
15.8000 2 13662.94528
15.9000 2 10370.41664
16.0000 2 10548.67456
16.1000 2 11817.45152
16.2000 2 10684.98944
16.3000 2 10485.76
16.4000 2 11366.56384
16.5000 2 11020.53376
16.6000 2 11356.07808
16.7000 2 11691.6224
16.8000 2 10580.13184
16.9000 2 10653.53216
17.0000 2 12645.82656
17.1000 2 10873.73312
17.2000 2 10664.01792
17.3000 2 13463.71584
17.4000 2 10999.56224
17.5000 2 9919.52896
17.6000 2 13075.74272
17.7000 2 12698.25536
17.8000 2 8996.78208
17.9000 2 11670.65088
18.0000 2 11377.0496
18.1000 2 9909.0432
18.2000 2 12572.42624
18.3000 2 11523.85024
18.4000 2 10705.96096
18.5000 2 12037.65248
18.6000 2 10181.67296
18.7000 2 10947.13344
18.8000 2 11377.0496
18.9000 2 12740.1984
19.0000 2 10286.53056
19.1000 2 11282.67776
19.2000 2 12446.59712
19.3000 2 9028.23936
19.4000 2 11167.3344
19.5000 2 11303.64928
19.6000 2 10024.38656
19.7000 2 11607.73632
19.8000 2 12352.22528
19.9000 2 11167.3344
20.0000 2 10936.64768
20.1000 2 12478.0544
20.2000 2 11869.88032
20.3000 2 10255.07328
20.4000 2 13579.0592
20.5000 2 9804.1856
20.6000 2 9814.67136
20.7000 2 14134.80448
20.8000 2 9919.52896
20.9000 2 9919.52896
21.0000 2 14019.46112
21.1000 2 7392.4608
21.2000 2 10747.904
21.3000 2 12614.36928
21.4000 2 7780.43392
21.5000 2 11670.65088
21.6000 2 8283.7504
21.7000 2 9646.8992
21.8000 2 10087.30112
21.9000 2 9521.07008
22.0000 2 11712.59392
22.1000 2 9290.38336
22.2000 2 10758.38976
22.3000 2 10643.0464
22.4000 2 9426.69824
22.5000 2 10852.7616
22.6000 2 10611.58912
22.7000 2 10108.27264
22.8000 2 9594.4704
22.9000 2 10716.44672
23.0000 2 11492.39296
23.1000 2 9583.98464
23.2000 2 11848.9088
23.3000 2 9122.6112
23.4000 2 10276.0448
23.5000 2 11093.93408
23.6000 2 9604.95616
23.7000 2 11303.64928
23.8000 2 10569.64608
23.9000 2 9909.0432
24.0000 2 10789.84704
24.1000 2 10905.1904
24.2000 2 9825.15712
24.3000 2 11041.50528
24.4000 2 9720.29952
24.5000 2 10202.64448
24.6000 2 9762.24256
24.7000 2 11010.048
24.8000 2 9636.41344
24.9000 2 12132.02432
25.0000 2 10506.73152
25.1000 2 8441.0368
25.2000 2 12582.912
25.3000 2 7969.1776
25.4000 2 11377.0496
25.5000 2 8441.0368
25.6000 2 9426.69824
25.7000 2 12132.02432
25.8000 2 8891.92448
25.9000 2 11261.70624
26.0000 2 9500.09856
26.1000 2 10380.9024
26.2000 2 10307.50208
26.3000 2 11345.59232
26.4000 2 10800.3328
26.5000 2 10265.55904
26.6000 2 10338.95936
26.7000 2 11806.96576
26.8000 2 10768.87552
26.9000 2 10894.70464
27.0000 2 9992.92928
27.1000 2 10653.53216
27.2000 2 11838.42304
27.3000 2 10171.1872
27.4000 2 10873.73312
27.5000 2 10968.10496
27.6000 2 10192.15872
27.7000 2 12090.08128
27.8000 2 11681.13664
27.9000 2 10055.84384
28.0000 2 11209.27744
28.1000 2 11387.53536
28.2000 2 10433.3312
28.3000 2 10538.1888
28.4000 2 11775.50848
28.5000 2 11293.16352
28.6000 2 11093.93408
28.7000 2 11597.25056
28.8000 2 11691.6224
28.9000 2 10884.21888
29.0000 2 12415.13984
29.1000 2 11880.36608
29.2000 2 11481.9072
29.3000 2 11911.82336
29.4000 2 12278.82496
29.5000 2 11366.56384
29.6000 2 11020.53376
29.7000 2 12215.9104
29.8000 2 10664.01792
29.9000 2 9563.01312
30.0000 2 11408.50688
30.1000 2 9154.06848
30.2000 2 8598.3232
30.3000 2 11356.07808
30.4000 2 9059.69664
30.5000 2 11324.6208
30.6000 2 9982.44352
30.7000 2 9846.12864
30.8000 2 10611.58912
30.9000 2 10475.27424
31.0000 2 10611.58912
31.1000 2 9971.95776
31.2000 2 11261.70624
31.3000 2 8912.896
31.4000 2 10464.78848
31.5000 2 10632.56064
31.6000 2 9038.72512
31.7000 2 12121.53856
31.8000 2 8493.4656
31.9000 2 10464.78848
32.0000 2 7497.3184
32.1000 2 8713.66656
32.2000 2 10758.38976
32.3000 2 8818.52416
32.4000 2 11167.3344
32.5000 2 7465.86112
32.6000 2 9772.72832
32.7000 2 9615.44192
32.8000 2 8808.0384
32.9000 2 10947.13344
33.0000 2 10108.27264
33.1000 2 10443.81696
33.2000 2 11198.79168
33.3000 2 11838.42304
33.4000 2 10433.3312
33.5000 2 11922.30912
33.6000 2 11041.50528
33.7000 2 10108.27264
33.8000 2 10978.59072
33.9000 2 10873.73312
34.0000 2 10884.21888
34.1000 2 11387.53536
34.2000 2 11377.0496
34.3000 2 10695.4752
34.4000 2 11911.82336
34.5000 2 11282.67776
34.6000 2 9688.84224
34.7000 2 12593.39776
34.8000 2 9604.95616
34.9000 2 9867.10016
35.0000 2 12121.53856
35.1000 2 9730.78528
35.2000 2 9542.0416
35.3000 2 11125.39136
35.4000 2 7014.97344
35.5000 2 12069.10976
35.6000 2 8032.09216
35.7000 2 11995.70944
35.8000 2 9458.15552
35.9000 2 8357.15072
36.0000 2 13254.00064
36.1000 2 10643.0464
36.2000 2 9248.44032
36.3000 2 12404.65408
36.4000 2 10664.01792
36.5000 2 10747.904
36.6000 2 10548.67456
36.7000 2 9971.95776
36.8000 2 11471.42144
36.9000 2 11345.59232
37.0000 2 10789.84704
37.1000 2 9793.69984
37.2000 2 12635.3408
37.3000 2 10989.07648
37.4000 2 11502.87872
37.5000 2 11314.13504
37.6000 2 10989.07648
37.7000 2 11859.39456
37.8000 2 11922.30912
37.9000 2 10192.15872
38.0000 2 11366.56384
38.1000 2 11041.50528
38.2000 2 10181.67296
38.3000 2 11492.39296
38.4000 2 11439.96416
38.5000 2 11041.50528
38.6000 2 11460.93568
38.7000 2 10863.24736
38.8000 2 9741.27104
38.9000 2 11219.7632
39.0000 2 11765.02272
39.1000 2 11051.99104
39.2000 2 10485.76
39.3000 2 11670.65088
39.4000 2 10255.07328
39.5000 2 11890.85184
39.6000 2 11072.96256
39.7000 2 9992.92928
39.8000 2 12488.54016
39.9000 2 9856.6144
40.0000 2 9227.4688
40.1000 2 12886.99904
40.2000 2 10223.616
40.3000 2 10831.79008
40.4000 2 12677.28384
40.5000 2 10255.07328
40.6000 2 10611.58912
40.7000 2 12457.08288
40.8000 2 10359.93088
40.9000 2 10989.07648
41.0000 2 11985.22368
41.1000 2 10265.55904
41.2000 2 9699.328
41.3000 2 11974.73792
41.4000 2 9258.92608
41.5000 2 12394.16832
41.6000 2 10485.76
41.7000 2 10139.72992
41.8000 2 11796.48
41.9000 2 10852.7616
42.0000 2 10475.27424
42.1000 2 12750.68416
42.2000 2 11010.048
42.3000 2 9542.0416
42.4000 2 13149.14304
42.5000 2 9038.72512
42.6000 2 8944.35328
42.7000 2 12949.9136
42.8000 2 10076.81536
42.9000 2 10978.59072
43.0000 2 12152.99584
43.1000 2 9919.52896
43.2000 2 11869.88032
43.3000 2 11408.50688
43.4000 2 10674.50368
43.5000 2 11995.70944
43.6000 2 11093.93408
43.7000 2 11219.7632
43.8000 2 11114.9056
43.9000 2 11439.96416
44.0000 2 11377.0496
44.1000 2 11848.9088
44.2000 2 10538.1888
44.3000 2 12048.13824
44.4000 2 11576.27904
44.5000 2 10034.87232
44.6000 2 11597.25056
44.7000 2 11450.44992
44.8000 2 10548.67456
44.9000 2 11985.22368
45.0000 2 11785.99424
45.1000 2 10852.7616
45.2000 2 10957.6192
45.3000 2 12111.0528
45.4000 2 10559.16032
45.5000 2 11303.64928
45.6000 2 11838.42304
45.7000 2 10810.81856
45.8000 2 10747.904
45.9000 2 12509.51168
46.0000 2 10737.41824
46.1000 2 10611.58912
46.2000 2 12960.39936
46.3000 2 10622.07488
46.4000 2 10391.38816
46.5000 2 12803.11296
46.6000 2 10192.15872
46.7000 2 10810.81856
46.8000 2 12006.1952
46.9000 2 10800.3328
47.0000 2 10653.53216
47.1000 2 12163.4816
47.2000 2 11240.73472
47.3000 2 10968.10496
47.4000 2 12331.25376
47.5000 2 11261.70624
47.6000 2 9961.472
47.7000 2 12152.99584
47.8000 2 11293.16352
47.9000 2 10160.70144
48.0000 2 11628.70784
48.1000 2 10989.07648
48.2000 2 11020.53376
48.3000 2 12069.10976
48.4000 2 11953.7664
48.5000 2 10076.81536
48.6000 2 11335.10656
48.7000 2 11135.87712
48.8000 2 9825.15712
48.9000 2 13075.74272
49.0000 2 10234.10176
49.1000 2 10307.50208
49.2000 2 11890.85184
49.3000 2 10580.13184
49.4000 2 9636.41344
49.5000 2 13274.97216
49.6000 2 10978.59072
49.7000 2 10255.07328
49.8000 2 12509.51168
49.9000 2 11261.70624
50.0000 2 10884.21888
50.1000 2 11628.70784
50.2000 2 11293.16352
50.3000 2 10768.87552
50.4000 2 12205.42464
50.5000 2 11261.70624
50.6000 2 10863.24736
50.7000 2 11765.02272
50.8000 2 12090.08128
50.9000 2 10653.53216
51.0000 2 10863.24736
51.1000 2 12320.768
51.2000 2 10779.36128
51.3000 2 10768.87552
51.4000 2 12970.88512
51.5000 2 10076.81536
51.6000 2 10527.70304
51.7000 2 12719.22688
51.8000 2 9793.69984
51.9000 2 11177.82016
52.0000 2 11167.3344
52.1000 2 10863.24736
52.2000 2 11744.0512
52.3000 2 12425.6256
52.4000 2 10842.27584
52.5000 2 10695.4752
52.6000 2 13075.74272
52.7000 2 10810.81856
52.8000 2 10800.3328
52.9000 2 13128.17152
53.0000 2 10391.38816
53.1000 2 10234.10176
53.2000 2 12352.22528
53.3000 2 10181.67296
53.4000 2 10412.35968
53.5000 2 12331.25376
53.6000 2 11010.048
53.7000 2 10684.98944
53.8000 2 12740.1984
53.9000 2 10726.93248
54.0000 2 10076.81536
54.1000 2 12813.59872
54.2000 2 11387.53536
54.3000 2 10684.98944
54.4000 2 11995.70944
54.5000 2 11712.59392
54.6000 2 10328.4736
54.7000 2 11827.93728
54.8000 2 8713.66656
54.9000 2 8294.23616
55.0000 2 11282.67776
55.1000 2 9783.21408
55.2000 2 12194.93888
55.3000 2 11492.39296
55.4000 2 11471.42144
55.5000 2 11911.82336
55.6000 2 12079.59552
55.7000 2 9898.55744
55.8000 2 10129.24416
55.9000 2 13390.31552
56.0000 2 9909.0432
56.1000 2 10506.73152
56.2000 2 13547.60192
56.3000 2 9856.6144
56.4000 2 9992.92928
56.5000 2 13621.00224
56.6000 2 7423.91808
56.7000 2 12226.39616
56.8000 2 11366.56384
56.9000 2 11806.96576
57.0000 2 12079.59552
57.1000 2 12970.88512
57.2000 2 12383.68256
57.3000 2 10695.4752
57.4000 2 11586.7648
57.5000 2 13054.7712
57.6000 2 11565.79328
57.7000 2 12310.28224
57.8000 2 11345.59232
57.9000 2 12970.88512
58.0000 2 12069.10976
58.1000 2 12069.10976
58.2000 2 11135.87712
58.3000 2 12215.9104
58.4000 2 12666.79808
58.5000 2 6668.94336
58.6000 2 9877.58592
58.7000 2 9237.95456
58.8000 2 12792.6272
58.9000 2 11460.93568
59.0000 2 10905.1904
59.1000 2 12247.36768
59.2000 2 13453.23008
59.3000 2 11639.1936
59.4000 2 10978.59072
59.5000 2 12750.68416
59.6000 2 12299.79648
59.7000 2 10307.50208
59.8000 2 12897.4848
59.9000 2 12163.4816
60.0000 2 11785.99424
60.1000 2 12488.54016
60.2000 2 11848.9088
60.3000 2 11335.10656
60.4000 2 11785.99424
60.5000 2 12551.45472
60.6000 2 11439.96416
60.7000 2 11555.30752
60.8000 2 12907.97056
60.9000 2 11827.93728
61.0000 2 11188.30592
61.1000 2 12824.08448
61.2000 2 11618.22208
61.3000 2 11607.73632
61.4000 2 11702.10816
61.5000 2 12645.82656
61.6000 2 10653.53216
61.7000 2 11859.39456
61.8000 2 13054.7712
61.9000 2 11502.87872
62.0000 2 10213.13024
62.1000 2 13757.31712
62.2000 2 10150.21568
62.3000 2 11272.192
62.4000 2 12436.11136
62.5000 2 11188.30592
62.6000 2 11733.56544
62.7000 2 11869.88032
62.8000 2 13065.25696
62.9000 2 11167.3344
63.0000 2 10821.30432
63.1000 2 13988.00384
63.2000 2 10695.4752
63.3000 2 9080.66816
63.4000 2 11481.9072
63.5000 2 10370.41664
63.6000 2 11314.13504
63.7000 2 12897.4848
63.8000 2 12184.45312
63.9000 2 11723.07968
64.0000 2 11702.10816
64.1000 2 12425.6256
64.2000 2 10580.13184
64.3000 2 9992.92928
64.4000 2 11051.99104
64.5000 2 10999.56224
64.6000 2 11156.84864
64.7000 2 11670.65088
64.8000 2 11209.27744
64.9000 2 11439.96416
65.0000 2 10202.64448
65.1000 2 11502.87872
65.2000 2 10716.44672
65.3000 2 11020.53376
65.4000 2 12488.54016
65.5000 2 9489.6128
65.6000 2 9552.52736
65.7000 2 13306.42944
65.8000 2 9930.01472
65.9000 2 11031.01952
66.0000 2 12530.4832
66.1000 2 10328.4736
66.2000 2 10737.41824
66.3000 2 11303.64928
66.4000 2 10705.96096
66.5000 2 10999.56224
66.6000 2 10244.58752
66.7000 2 12792.6272
66.8000 2 10024.38656
66.9000 2 8650.752
67.0000 2 10926.16192
67.1000 2 8724.15232
67.2000 2 10244.58752
67.3000 2 10139.72992
67.4000 2 10076.81536
67.5000 2 8336.1792
67.6000 2 10716.44672
67.7000 2 10181.67296
67.8000 2 11460.93568
67.9000 2 11639.1936
68.0000 2 10622.07488
68.1000 2 11796.48
68.2000 2 12194.93888
68.3000 2 10286.53056
68.4000 2 11051.99104
68.5000 2 11785.99424
68.6000 2 10873.73312
68.7000 2 11775.50848
68.8000 2 11723.07968
68.9000 2 10412.35968
69.0000 2 11450.44992
69.1000 2 11523.85024
69.2000 2 11125.39136
69.3000 2 11806.96576
69.4000 2 10559.16032
69.5000 2 11911.82336
69.6000 2 12079.59552
69.7000 2 10527.70304
69.8000 2 11576.27904
69.9000 2 12100.56704
70.0000 2 10873.73312
70.1000 2 10842.27584
70.2000 2 10580.13184
70.3000 2 9101.63968
70.4000 2 12530.4832
70.5000 2 10359.93088
70.6000 2 10800.3328
70.7000 2 12152.99584
70.8000 2 11272.192
70.9000 2 9909.0432
71.0000 2 11513.36448
71.1000 2 7874.80576
71.2000 2 12467.56864
71.3000 2 12719.22688
71.4000 2 11859.39456
71.5000 2 11345.59232
71.6000 2 12614.36928
71.7000 2 13002.3424
71.8000 2 11450.44992
71.9000 2 13065.25696
72.0000 2 10957.6192
72.1000 2 12614.36928
72.2000 2 11901.3376
72.3000 2 12331.25376
72.4000 2 11534.336
72.5000 2 13316.9152
72.6000 2 11418.99264
72.7000 2 11628.70784
72.8000 2 12173.96736
72.9000 2 11859.39456
73.0000 2 11460.93568
73.1000 2 11439.96416
73.2000 2 11534.336
73.3000 2 12257.85344
73.4000 2 11586.7648
73.5000 2 13023.31392
73.6000 2 12163.4816
73.7000 2 11670.65088
73.8000 2 11670.65088
73.9000 2 12803.11296
74.0000 2 12824.08448
74.1000 2 11806.96576
74.2000 2 11418.99264
74.3000 2 12352.22528
74.4000 2 11041.50528
74.5000 2 11471.42144
74.6000 2 12897.4848
74.7000 2 12373.1968
74.8000 2 11513.36448
74.9000 2 11754.53696
75.0000 2 12845.056
75.1000 2 10632.56064
75.2000 2 11817.45152
75.3000 2 11785.99424
75.4000 2 12341.73952
75.5000 2 11618.22208
75.6000 2 12299.79648
75.7000 2 12499.02592
75.8000 2 11723.07968
75.9000 2 11377.0496
76.0000 2 12184.45312
76.1000 2 12561.94048
76.2000 2 10150.21568
76.3000 2 9762.24256
76.4000 2 870.31808
