0.1000 2 0.0
0.2000 2 9028.23936
0.3000 2 8210.35008
0.4000 2 10202.64448
0.5000 2 9321.84064
0.6000 2 13033.79968
0.7000 2 9783.21408
0.8000 2 10066.3296
0.9000 2 12624.85504
1.0000 2 9804.1856
1.1000 2 9122.6112
1.2000 2 12761.16992
1.3000 2 10370.41664
1.4000 2 10873.73312
1.5000 2 11377.0496
1.6000 2 10003.41504
1.7000 2 11544.82176
1.8000 2 11230.24896
1.9000 2 8829.00992
2.0000 2 13002.3424
2.1000 2 9216.98304
2.2000 2 9521.07008
2.3000 2 11607.73632
2.4000 2 9311.35488
2.5000 2 10716.44672
2.6000 2 11880.36608
2.7000 2 9248.44032
2.8000 2 11135.87712
2.9000 2 9248.44032
3.0000 2 9216.98304
3.1000 2 12551.45472
3.2000 2 10129.24416
3.3000 2 10202.64448
3.4000 2 10359.93088
3.5000 2 7654.6048
3.6000 2 11775.50848
3.7000 2 9196.01152
3.8000 2 11806.96576
3.9000 2 11618.22208
4.0000 2 9290.38336
4.1000 2 11785.99424
4.2000 2 11020.53376
4.3000 2 10160.70144
4.4000 2 12352.22528
4.5000 2 11114.9056
4.6000 2 8839.49568
4.7000 2 12792.6272
4.8000 2 7235.1744
4.9000 2 10223.616
5.0000 2 9573.49888
5.1000 2 7560.23296
5.2000 2 10496.24576
5.3000 2 9405.72672
5.4000 2 12855.54176
5.5000 2 7560.23296
5.6000 2 9573.49888
5.7000 2 9772.72832
5.8000 2 10538.1888
5.9000 2 9185.52576
6.0000 2 10401.87392
6.1000 2 10873.73312
6.2000 2 9751.7568
6.3000 2 12970.88512
6.4000 2 8703.1808
6.5000 2 10548.67456
6.6000 2 12897.4848
6.7000 2 10789.84704
6.8000 2 9846.12864
6.9000 2 11922.30912
7.0000 2 8776.58112
7.1000 2 11513.36448
7.2000 2 11167.3344
7.3000 2 10160.70144
7.4000 2 11943.28064
7.5000 2 10338.95936
7.6000 2 8189.37856
7.7000 2 11607.73632
7.8000 2 8944.35328
7.9000 2 11576.27904
8.0000 2 11995.70944
8.1000 2 10863.24736
8.2000 2 11523.85024
8.3000 2 8577.35168
8.4000 2 11093.93408
8.5000 2 8870.95296
8.6000 2 9804.1856
8.7000 2 9583.98464
8.8000 2 9500.09856
8.9000 2 13358.85824
9.0000 2 9080.66816
9.1000 2 10601.10336
9.2000 2 9049.21088
9.3000 2 9615.44192
9.4000 2 11565.79328
9.5000 2 8829.00992
9.6000 2 11146.36288
9.7000 2 10726.93248
9.8000 2 8944.35328
9.9000 2 12142.51008
10.0000 2 8797.55264
10.1000 2 10370.41664
10.2000 2 10884.21888
10.3000 2 8860.4672
10.4000 2 10234.10176
10.5000 2 10705.96096
10.6000 2 10338.95936
10.7000 2 9133.09696
10.8000 2 12184.45312
10.9000 2 8545.8944
11.0000 2 10150.21568
11.1000 2 13075.74272
11.2000 2 8661.23776
11.3000 2 11765.02272
11.4000 2 10213.13024
11.5000 2 9154.06848
11.6000 2 11985.22368
11.7000 2 10496.24576
11.8000 2 10842.27584
11.9000 2 12215.9104
12.0000 2 10422.84544
12.1000 2 10422.84544
12.2000 2 12257.85344
12.3000 2 10108.27264
12.4000 2 10013.9008
12.5000 2 12132.02432
12.6000 2 9175.04
12.7000 2 11177.82016
12.8000 2 11146.36288
12.9000 2 10223.616
13.0000 2 11387.53536
13.1000 2 11156.84864
13.2000 2 10957.6192
13.3000 2 11282.67776
13.4000 2 11618.22208
13.5000 2 10737.41824
13.6000 2 10968.10496
13.7000 2 11261.70624
13.8000 2 11282.67776
13.9000 2 10999.56224
14.0000 2 12069.10976
14.1000 2 10622.07488
14.2000 2 11660.16512
14.3000 2 10370.41664
14.4000 2 12425.6256
14.5000 2 11429.4784
14.6000 2 9940.50048
14.7000 2 12897.4848
14.8000 2 9720.29952
14.9000 2 8608.80896
15.0000 2 12677.28384
15.1000 2 9437.184
15.2000 2 10915.67616
15.3000 2 9625.92768
15.4000 2 10013.9008
15.5000 2 9300.86912
15.6000 2 10968.10496
15.7000 2 10601.10336
15.8000 2 10517.21728
15.9000 2 12635.3408
16.0000 2 10548.67456
16.1000 2 10454.30272
16.2000 2 11492.39296
16.3000 2 10338.95936
16.4000 2 10915.67616
16.5000 2 12205.42464
16.6000 2 10517.21728
16.7000 2 11681.13664
16.8000 2 11345.59232
16.9000 2 11083.44832
17.0000 2 11062.4768
17.1000 2 10989.07648
17.2000 2 10297.01632
17.3000 2 11314.13504
17.4000 2 11712.59392
17.5000 2 10705.96096
17.6000 2 11104.41984
17.7000 2 11377.0496
17.8000 2 10045.35808
17.9000 2 10643.0464
18.0000 2 11964.25216
18.1000 2 10223.616
18.2000 2 11660.16512
18.3000 2 11450.44992
18.4000 2 9028.23936
18.5000 2 11450.44992
18.6000 2 11282.67776
18.7000 2 9950.98624
18.8000 2 11806.96576
18.9000 2 10726.93248
19.0000 2 10695.4752
19.1000 2 9720.29952
19.2000 2 10139.72992
19.3000 2 12079.59552
19.4000 2 9940.50048
19.5000 2 11481.9072
19.6000 2 11576.27904
19.7000 2 10391.38816
19.8000 2 11848.9088
19.9000 2 11744.0512
20.0000 2 9730.78528
20.1000 2 11597.25056
20.2000 2 11681.13664
20.3000 2 10705.96096
20.4000 2 11576.27904
20.5000 2 11051.99104
20.6000 2 10947.13344
20.7000 2 10349.44512
20.8000 2 11429.4784
20.9000 2 9772.72832
21.0000 2 12173.96736
21.1000 2 10328.4736
21.2000 2 11177.82016
21.3000 2 11964.25216
21.4000 2 11230.24896
21.5000 2 9594.4704
21.6000 2 12698.25536
21.7000 2 8032.09216
21.8000 2 11387.53536
21.9000 2 10852.7616
22.0000 2 9793.69984
22.1000 2 11502.87872
22.2000 2 11398.02112
22.3000 2 10412.35968
22.4000 2 11093.93408
22.5000 2 12100.56704
22.6000 2 10789.84704
22.7000 2 11135.87712
22.8000 2 12205.42464
22.9000 2 9384.7552
23.0000 2 12247.36768
23.1000 2 11167.3344
23.2000 2 10789.84704
23.3000 2 11838.42304
23.4000 2 10758.38976
23.5000 2 11628.70784
23.6000 2 10223.616
23.7000 2 11408.50688
23.8000 2 10317.98784
23.9000 2 11293.16352
24.0000 2 11125.39136
24.1000 2 11062.4768
24.2000 2 10202.64448
24.3000 2 12079.59552
24.4000 2 12142.51008
24.5000 2 10108.27264
24.6000 2 10213.13024
24.7000 2 11104.41984
24.8000 2 10475.27424
24.9000 2 11765.02272
25.0000 2 11062.4768
25.1000 2 10317.98784
25.2000 2 10506.73152
25.3000 2 12215.9104
25.4000 2 10338.95936
25.5000 2 11282.67776
25.6000 2 11890.85184
25.7000 2 10664.01792
25.8000 2 11796.48
25.9000 2 10496.24576
26.0000 2 9447.66976
26.1000 2 11523.85024
26.2000 2 10580.13184
26.3000 2 11523.85024
26.4000 2 11513.36448
26.5000 2 9395.24096
26.6000 2 9720.29952
26.7000 2 11733.56544
26.8000 2 9426.69824
26.9000 2 11806.96576
27.0000 2 10989.07648
27.1000 2 9930.01472
27.2000 2 12981.37088
27.3000 2 8482.97984
27.4000 2 8294.23616
27.5000 2 12289.31072
27.6000 2 9636.41344
27.7000 2 11104.41984
27.8000 2 10653.53216
27.9000 2 9363.78368
28.0000 2 12886.99904
28.1000 2 9867.10016
28.2000 2 10695.4752
28.3000 2 12299.79648
28.4000 2 10234.10176
28.5000 2 10926.16192
28.6000 2 11628.70784
28.7000 2 10055.84384
28.8000 2 11534.336
28.9000 2 9856.6144
29.0000 2 10003.41504
29.1000 2 12016.68096
29.2000 2 10852.7616
29.3000 2 11261.70624
29.4000 2 11544.82176
29.5000 2 10768.87552
29.6000 2 11848.9088
29.7000 2 10328.4736
29.8000 2 9772.72832
29.9000 2 12698.25536
30.0000 2 10538.1888
30.1000 2 9783.21408
30.2000 2 13170.11456
30.3000 2 8713.66656
30.4000 2 10401.87392
30.5000 2 11324.6208
30.6000 2 10842.27584
30.7000 2 11534.336
30.8000 2 11565.79328
30.9000 2 9783.21408
31.0000 2 11240.73472
31.1000 2 11702.10816
31.2000 2 10569.64608
31.3000 2 11198.79168
31.4000 2 11880.36608
31.5000 2 10852.7616
31.6000 2 11901.3376
31.7000 2 11492.39296
31.8000 2 11335.10656
31.9000 2 12027.16672
32.0000 2 10391.38816
32.1000 2 11335.10656
32.2000 2 10810.81856
32.3000 2 10810.81856
32.4000 2 11502.87872
32.5000 2 11293.16352
32.6000 2 10674.50368
32.7000 2 11125.39136
32.8000 2 10705.96096
32.9000 2 11398.02112
33.0000 2 11471.42144
33.1000 2 11051.99104
33.2000 2 10726.93248
33.3000 2 11859.39456
33.4000 2 10852.7616
33.5000 2 11523.85024
33.6000 2 10779.36128
33.7000 2 12152.99584
33.8000 2 10328.4736
33.9000 2 11869.88032
34.0000 2 11324.6208
34.1000 2 10779.36128
34.2000 2 12027.16672
34.3000 2 11618.22208
34.4000 2 10255.07328
34.5000 2 11943.28064
34.6000 2 10181.67296
34.7000 2 9772.72832
34.8000 2 11848.9088
34.9000 2 11072.96256
35.0000 2 9038.72512
35.1000 2 11041.50528
35.2000 2 8157.92128
35.3000 2 12352.22528
35.4000 2 9489.6128
35.5000 2 9730.78528
35.6000 2 12960.39936
35.7000 2 10454.30272
35.8000 2 10213.13024
35.9000 2 12918.45632
36.0000 2 9604.95616
36.1000 2 10968.10496
36.2000 2 12373.1968
36.3000 2 9583.98464
36.4000 2 10370.41664
36.5000 2 11114.9056
36.6000 2 10087.30112
36.7000 2 11649.67936
36.8000 2 10401.87392
36.9000 2 9290.38336
37.0000 2 12436.11136
37.1000 2 9594.4704
37.2000 2 8608.80896
37.3000 2 11324.6208
37.4000 2 9133.09696
37.5000 2 12540.96896
37.6000 2 9699.328
37.7000 2 8713.66656
37.8000 2 12624.85504
37.9000 2 9741.27104
38.0000 2 11198.79168
38.1000 2 10643.0464
38.2000 2 9468.64128
38.3000 2 10538.1888
38.4000 2 11031.01952
38.5000 2 11481.9072
38.6000 2 9898.55744
38.7000 2 11555.30752
38.8000 2 11324.6208
38.9000 2 10569.64608
39.0000 2 10118.7584
39.1000 2 10936.64768
39.2000 2 10768.87552
39.3000 2 9898.55744
39.4000 2 11670.65088
39.5000 2 10265.55904
39.6000 2 12310.28224
39.7000 2 11104.41984
39.8000 2 10129.24416
39.9000 2 12436.11136
40.0000 2 11293.16352
40.1000 2 10255.07328
40.2000 2 12509.51168
40.3000 2 11156.84864
40.4000 2 10800.3328
40.5000 2 11565.79328
40.6000 2 11429.4784
40.7000 2 10653.53216
40.8000 2 11953.7664
40.9000 2 11765.02272
41.0000 2 10747.904
41.1000 2 11576.27904
41.2000 2 12184.45312
41.3000 2 9688.84224
41.4000 2 11670.65088
41.5000 2 8671.72352
41.6000 2 8325.69344
41.7000 2 11481.9072
41.8000 2 10674.50368
41.9000 2 11293.16352
42.0000 2 11796.48
42.1000 2 10412.35968
42.2000 2 10936.64768
42.3000 2 11702.10816
42.4000 2 10087.30112
42.5000 2 11712.59392
42.6000 2 10527.70304
42.7000 2 7843.34848
42.8000 2 11398.02112
42.9000 2 8157.92128
43.0000 2 10674.50368
43.1000 2 11733.56544
43.2000 2 10957.6192
43.3000 2 12677.28384
43.4000 2 12677.28384
43.5000 2 10684.98944
43.6000 2 11251.22048
43.7000 2 13075.74272
43.8000 2 10831.79008
43.9000 2 10611.58912
44.0000 2 12928.94208
44.1000 2 8325.69344
44.2000 2 9982.44352
44.3000 2 9311.35488
44.4000 2 9762.24256
44.5000 2 7486.83264
44.6000 2 12205.42464
44.7000 2 9646.8992
44.8000 2 10391.38816
44.9000 2 9982.44352
45.0000 2 9804.1856
45.1000 2 12289.31072
45.2000 2 11660.16512
45.3000 2 9825.15712
45.4000 2 12016.68096
45.5000 2 8891.92448
45.6000 2 10076.81536
45.7000 2 12194.93888
45.8000 2 10150.21568
45.9000 2 11020.53376
46.0000 2 12163.4816
46.1000 2 10076.81536
46.2000 2 10852.7616
46.3000 2 12142.51008
46.4000 2 10674.50368
46.5000 2 10789.84704
46.6000 2 12016.68096
46.7000 2 9699.328
46.8000 2 11481.9072
46.9000 2 10936.64768
47.0000 2 9311.35488
47.1000 2 13337.88672
47.2000 2 9437.184
47.3000 2 9279.8976
47.4000 2 13180.60032
47.5000 2 9552.52736
47.6000 2 9992.92928
47.7000 2 12656.31232
47.8000 2 10601.10336
47.9000 2 11020.53376
48.0000 2 12656.31232
48.1000 2 10915.67616
48.2000 2 10800.3328
48.3000 2 11869.88032
48.4000 2 11513.36448
48.5000 2 10947.13344
48.6000 2 11775.50848
48.7000 2 12100.56704
48.8000 2 11072.96256
48.9000 2 11261.70624
49.0000 2 11408.50688
49.1000 2 10684.98944
49.2000 2 11618.22208
49.3000 2 11796.48
49.4000 2 11198.79168
49.5000 2 12016.68096
49.6000 2 10653.53216
49.7000 2 11723.07968
49.8000 2 11943.28064
49.9000 2 10905.1904
50.0000 2 12100.56704
50.1000 2 11806.96576
50.2000 2 10968.10496
50.3000 2 12173.96736
50.4000 2 11974.73792
50.5000 2 10999.56224
50.6000 2 11702.10816
50.7000 2 11859.39456
50.8000 2 11838.42304
50.9000 2 10664.01792
51.0000 2 12048.13824
51.1000 2 11817.45152
51.2000 2 10286.53056
51.3000 2 12142.51008
51.4000 2 9961.472
51.5000 2 8954.83904
51.6000 2 12939.42784
51.7000 2 9353.29792
51.8000 2 9500.09856
51.9000 2 12236.88192
52.0000 2 9730.78528
52.1000 2 11544.82176
52.2000 2 11890.85184
52.3000 2 10349.44512
52.4000 2 11607.73632
52.5000 2 11859.39456
52.6000 2 10139.72992
52.7000 2 11639.1936
52.8000 2 12006.1952
52.9000 2 10401.87392
53.0000 2 12111.0528
53.1000 2 11072.96256
53.2000 2 11911.82336
53.3000 2 12016.68096
53.4000 2 11219.7632
53.5000 2 11702.10816
53.6000 2 11230.24896
53.7000 2 10255.07328
53.8000 2 11418.99264
53.9000 2 12268.3392
54.0000 2 11062.4768
54.1000 2 11031.01952
54.2000 2 12834.57024
54.3000 2 10391.38816
54.4000 2 10255.07328
54.5000 2 13233.02912
54.6000 2 10076.81536
54.7000 2 10328.4736
54.8000 2 12845.056
54.9000 2 9521.07008
55.0000 2 10768.87552
55.1000 2 12803.11296
55.2000 2 10643.0464
55.3000 2 10422.84544
55.4000 2 13233.02912
55.5000 2 10297.01632
55.6000 2 10779.36128
55.7000 2 13023.31392
55.8000 2 10433.3312
55.9000 2 10569.64608
56.0000 2 12247.36768
56.1000 2 9468.64128
56.2000 2 9206.49728
56.3000 2 11544.82176
56.4000 2 9059.69664
56.5000 2 12719.22688
56.6000 2 10968.10496
56.7000 2 10601.10336
56.8000 2 12079.59552
56.9000 2 11628.70784
57.0000 2 10307.50208
57.1000 2 11754.53696
57.2000 2 11607.73632
57.3000 2 10380.9024
57.4000 2 11377.0496
57.5000 2 11051.99104
57.6000 2 8881.43872
57.7000 2 11177.82016
57.8000 2 11314.13504
57.9000 2 10915.67616
58.0000 2 12142.51008
58.1000 2 12006.1952
58.2000 2 10601.10336
58.3000 2 12111.0528
58.4000 2 11723.07968
58.5000 2 11031.01952
58.6000 2 11974.73792
58.7000 2 11733.56544
58.8000 2 10915.67616
58.9000 2 11377.0496
59.0000 2 11324.6208
59.1000 2 11240.73472
59.2000 2 12048.13824
59.3000 2 10800.3328
59.4000 2 11670.65088
59.5000 2 11188.30592
59.6000 2 10779.36128
59.7000 2 11597.25056
59.8000 2 11628.70784
59.9000 2 10328.4736
60.0000 2 11618.22208
60.1000 2 12100.56704
60.2000 2 10559.16032
60.3000 2 11345.59232
60.4000 2 12132.02432
60.5000 2 10139.72992
60.6000 2 10747.904
60.7000 2 12058.624
60.8000 2 8671.72352
60.9000 2 12331.25376
61.0000 2 10622.07488
61.1000 2 10726.93248
61.2000 2 11932.79488
61.3000 2 11744.0512
61.4000 2 10800.3328
61.5000 2 11628.70784
61.6000 2 12111.0528
61.7000 2 10926.16192
61.8000 2 11880.36608
61.9000 2 11995.70944
62.0000 2 10244.58752
62.1000 2 11943.28064
62.2000 2 11544.82176
62.3000 2 11051.99104
62.4000 2 11691.6224
62.5000 2 11408.50688
62.6000 2 11460.93568
62.7000 2 11041.50528
62.8000 2 11733.56544
62.9000 2 11848.9088
63.0000 2 10821.30432
63.1000 2 12215.9104
63.2000 2 12058.624
63.3000 2 10894.70464
63.4000 2 11272.192
63.5000 2 12027.16672
63.6000 2 10496.24576
63.7000 2 11523.85024
63.8000 2 12509.51168
63.9000 2 10905.1904
64.0000 2 10139.72992
64.1000 2 12656.31232
64.2000 2 9825.15712
64.3000 2 10223.616
64.4000 2 11324.6208
64.5000 2 9919.52896
64.6000 2 12268.3392
64.7000 2 11901.3376
64.8000 2 10265.55904
64.9000 2 11272.192
65.0000 2 9342.81216
65.1000 2 9353.29792
65.2000 2 12069.10976
65.3000 2 10118.7584
65.4000 2 10213.13024
65.5000 2 9531.55584
65.6000 2 10066.3296
65.7000 2 8661.23776
65.8000 2 12152.99584
65.9000 2 9982.44352
66.0000 2 10569.64608
66.1000 2 12866.02752
66.2000 2 9877.58592
66.3000 2 9699.328
66.4000 2 11995.70944
66.5000 2 9164.55424
66.6000 2 10842.27584
66.7000 2 11775.50848
66.8000 2 9751.7568
66.9000 2 11523.85024
67.0000 2 11523.85024
67.1000 2 12111.0528
67.2000 2 13117.68576
67.3000 2 11062.4768
67.4000 2 12215.9104
67.5000 2 12058.624
67.6000 2 10894.70464
67.7000 2 11775.50848
67.8000 2 11555.30752
67.9000 2 12614.36928
68.0000 2 12016.68096
68.1000 2 12278.82496
68.2000 2 12866.02752
68.3000 2 11607.73632
68.4000 2 11869.88032
68.5000 2 12949.9136
68.6000 2 13012.82816
68.7000 2 10768.87552
68.8000 2 9667.87072
68.9000 2 11356.07808
69.0000 2 9353.29792
69.1000 2 12834.57024
69.2000 2 8273.26464
69.3000 2 8608.80896
69.4000 2 12163.4816
69.5000 2 7853.83424
69.6000 2 11041.50528
69.7000 2 7864.32
69.8000 2 11272.192
69.9000 2 12027.16672
70.0000 2 9122.6112
70.1000 2 12173.96736
70.2000 2 10779.36128
70.3000 2 10768.87552
70.4000 2 12362.71104
70.5000 2 12866.02752
70.6000 2 10422.84544
70.7000 2 10034.87232
70.8000 2 13736.3456
70.9000 2 10328.4736
71.0000 2 10664.01792
71.1000 2 12824.08448
71.2000 2 8933.86752
71.3000 2 10548.67456
71.4000 2 13778.28864
71.5000 2 10852.7616
71.6000 2 11922.30912
71.7000 2 12876.51328
71.8000 2 12152.99584
71.9000 2 10548.67456
72.0000 2 12457.08288
72.1000 2 12834.57024
72.2000 2 12037.65248
72.3000 2 10643.0464
72.4000 2 12341.73952
72.5000 2 11932.79488
72.6000 2 11859.39456
72.7000 2 12761.16992
72.8000 2 11911.82336
72.9000 2 11565.79328
73.0000 2 11995.70944
73.1000 2 11209.27744
73.2000 2 13033.79968
73.3000 2 10705.96096
73.4000 2 11911.82336
73.5000 2 12792.6272
73.6000 2 10517.21728
73.7000 2 12404.65408
73.8000 2 12163.4816
73.9000 2 11922.30912
74.0000 2 10842.27584
74.1000 2 12540.96896
74.2000 2 13222.54336
74.3000 2 11335.10656
74.4000 2 12257.85344
74.5000 2 12708.74112
74.6000 2 12310.28224
74.7000 2 11072.96256
74.8000 2 13065.25696
74.9000 2 10234.10176
75.0000 2 11785.99424
75.1000 2 10695.4752
75.2000 2 9940.50048
75.3000 2 13086.22848
75.4000 2 8178.8928
75.5000 2 10370.41664
75.6000 2 12184.45312
75.7000 2 10024.38656
75.8000 2 11188.30592
75.9000 2 11775.50848
76.0000 2 10716.44672
76.1000 2 12163.4816
76.2000 2 11544.82176
76.3000 2 10800.3328
76.4000 2 10947.13344
76.5000 2 5463.08096
