0.1000 2 0.0
0.2000 2 10684.98944
0.3000 2 7350.51776
0.4000 2 11901.3376
0.5000 2 8724.15232
0.6000 2 11282.67776
0.7000 2 10433.3312
0.8000 2 10066.3296
0.9000 2 12236.88192
1.0000 2 8199.86432
1.1000 2 11314.13504
1.2000 2 11733.56544
1.3000 2 10024.38656
1.4000 2 12803.11296
1.5000 2 10213.13024
1.6000 2 9269.41184
1.7000 2 10412.35968
1.8000 2 11576.27904
1.9000 2 10506.73152
2.0000 2 7728.00512
2.1000 2 12561.94048
2.2000 2 10926.16192
2.3000 2 10139.72992
2.4000 2 13054.7712
2.5000 2 11293.16352
2.6000 2 8493.4656
2.7000 2 13233.02912
2.8000 2 10118.7584
2.9000 2 8409.57952
3.0000 2 12299.79648
3.1000 2 8734.63808
3.2000 2 10842.27584
3.3000 2 11586.7648
3.4000 2 7874.80576
3.5000 2 14082.37568
3.6000 2 9521.07008
3.7000 2 8367.63648
3.8000 2 13799.26016
3.9000 2 9521.07008
4.0000 2 9279.8976
4.1000 2 14103.3472
4.2000 2 9342.81216
4.3000 2 11544.82176
4.4000 2 12740.1984
4.5000 2 10632.56064
4.6000 2 11177.82016
4.7000 2 10097.78688
4.8000 2 11607.73632
4.9000 2 10485.76
5.0000 2 13033.79968
5.1000 2 10758.38976
5.2000 2 9258.92608
5.3000 2 14145.29024
5.4000 2 9804.1856
5.5000 2 8011.12064
5.6000 2 12415.13984
5.7000 2 9122.6112
5.8000 2 11901.3376
5.9000 2 11429.4784
6.0000 2 8011.12064
6.1000 2 13778.28864
6.2000 2 9992.92928
6.3000 2 8640.26624
6.4000 2 13914.60352
6.5000 2 8912.896
6.6000 2 8944.35328
6.7000 2 12729.71264
6.8000 2 9489.6128
6.9000 2 11450.44992
7.0000 2 12373.1968
7.1000 2 10684.98944
7.2000 2 10328.4736
7.3000 2 10223.616
7.4000 2 8346.66496
7.5000 2 12876.51328
7.6000 2 11754.53696
7.7000 2 10873.73312
7.8000 2 11838.42304
7.9000 2 10842.27584
8.0000 2 9321.84064
8.1000 2 12991.85664
8.2000 2 9667.87072
8.3000 2 11072.96256
8.4000 2 9783.21408
8.5000 2 11188.30592
8.6000 2 11356.07808
8.7000 2 11041.50528
8.8000 2 12299.79648
8.9000 2 12268.3392
9.0000 2 10223.616
9.1000 2 11125.39136
9.2000 2 12624.85504
9.3000 2 11093.93408
9.4000 2 11398.02112
9.5000 2 13600.03072
9.6000 2 10821.30432
9.7000 2 8891.92448
9.8000 2 11240.73472
9.9000 2 8514.43712
10.0000 2 11848.9088
10.1000 2 11586.7648
10.2000 2 10276.0448
10.3000 2 11754.53696
10.4000 2 11691.6224
10.5000 2 9835.64288
10.6000 2 10380.9024
10.7000 2 11240.73472
10.8000 2 11335.10656
10.9000 2 9772.72832
11.0000 2 11072.96256
11.1000 2 11010.048
11.2000 2 9311.35488
11.3000 2 11576.27904
11.4000 2 11502.87872
11.5000 2 10664.01792
11.6000 2 12111.0528
11.7000 2 9961.472
11.8000 2 9971.95776
11.9000 2 12813.59872
12.0000 2 8367.63648
12.1000 2 10852.7616
12.2000 2 12593.39776
12.3000 2 10160.70144
12.4000 2 9751.7568
12.5000 2 11502.87872
12.6000 2 7822.37696
12.7000 2 11167.3344
12.8000 2 8514.43712
12.9000 2 10926.16192
13.0000 2 10978.59072
13.1000 2 9311.35488
13.2000 2 12991.85664
13.3000 2 8325.69344
13.4000 2 9814.67136
13.5000 2 12488.54016
13.6000 2 9867.10016
13.7000 2 10842.27584
13.8000 2 11188.30592
13.9000 2 9258.92608
14.0000 2 11943.28064
14.1000 2 11586.7648
14.2000 2 9982.44352
14.3000 2 11534.336
14.4000 2 11806.96576
14.5000 2 9080.66816
14.6000 2 12048.13824
14.7000 2 10978.59072
14.8000 2 9950.98624
14.9000 2 10664.01792
15.0000 2 10590.6176
15.1000 2 10716.44672
15.2000 2 10265.55904
15.3000 2 10475.27424
15.4000 2 11932.79488
15.5000 2 10076.81536
15.6000 2 12173.96736
15.7000 2 9730.78528
15.8000 2 9059.69664
15.9000 2 12750.68416
16.0000 2 10118.7584
16.1000 2 10297.01632
16.2000 2 11324.6208
16.3000 2 9133.09696
16.4000 2 12226.39616
16.5000 2 11576.27904
16.6000 2 8724.15232
16.7000 2 12383.68256
16.8000 2 9604.95616
16.9000 2 10244.58752
17.0000 2 12886.99904
17.1000 2 10548.67456
17.2000 2 10066.3296
17.3000 2 12813.59872
17.4000 2 9772.72832
17.5000 2 11230.24896
17.6000 2 11450.44992
17.7000 2 10831.79008
17.8000 2 10580.13184
17.9000 2 11251.22048
18.0000 2 8954.83904
18.1000 2 11125.39136
18.2000 2 10884.21888
18.3000 2 10936.64768
18.4000 2 10464.78848
18.5000 2 10989.07648
18.6000 2 11691.6224
18.7000 2 9646.8992
18.8000 2 10517.21728
18.9000 2 10716.44672
19.0000 2 10580.13184
19.1000 2 12163.4816
19.2000 2 8619.29472
19.3000 2 8954.83904
19.4000 2 12561.94048
19.5000 2 9332.3264
19.6000 2 11502.87872
19.7000 2 9279.8976
19.8000 2 9175.04
19.9000 2 12708.74112
20.0000 2 7748.97664
20.1000 2 11293.16352
20.2000 2 10464.78848
20.3000 2 8734.63808
20.4000 2 13233.02912
20.5000 2 9877.58592
20.6000 2 9699.328
20.7000 2 13002.3424
20.8000 2 9290.38336
20.9000 2 10066.3296
21.0000 2 12373.1968
21.1000 2 8818.52416
21.2000 2 11922.30912
21.3000 2 11051.99104
21.4000 2 9888.07168
21.5000 2 11335.10656
21.6000 2 11523.85024
21.7000 2 10485.76
21.8000 2 10517.21728
21.9000 2 12069.10976
22.0000 2 11020.53376
22.1000 2 11387.53536
22.2000 2 11943.28064
22.3000 2 9961.472
22.4000 2 10003.41504
22.5000 2 11450.44992
22.6000 2 10538.1888
22.7000 2 10989.07648
22.8000 2 10034.87232
22.9000 2 12142.51008
23.0000 2 10244.58752
23.1000 2 10737.41824
23.2000 2 11418.99264
23.3000 2 11156.84864
23.4000 2 10590.6176
23.5000 2 11219.7632
23.6000 2 10611.58912
23.7000 2 10643.0464
23.8000 2 11104.41984
23.9000 2 10905.1904
24.0000 2 11565.79328
24.1000 2 11083.44832
24.2000 2 10097.78688
24.3000 2 11607.73632
24.4000 2 9321.84064
24.5000 2 11324.6208
24.6000 2 10464.78848
24.7000 2 9646.8992
24.8000 2 12540.96896
24.9000 2 10527.70304
25.0000 2 10737.41824
25.1000 2 11974.73792
25.2000 2 11639.1936
25.3000 2 10013.9008
25.4000 2 11639.1936
25.5000 2 11576.27904
25.6000 2 9888.07168
25.7000 2 12708.74112
25.8000 2 7256.14592
25.9000 2 9867.10016
26.0000 2 11943.28064
26.1000 2 7790.91968
26.2000 2 10108.27264
26.3000 2 7444.8896
26.4000 2 12624.85504
26.5000 2 9709.81376
26.6000 2 7549.7472
26.7000 2 13191.08608
26.8000 2 9038.72512
26.9000 2 11911.82336
27.0000 2 12824.08448
27.1000 2 11377.0496
27.2000 2 10338.95936
27.3000 2 13159.6288
27.4000 2 11020.53376
27.5000 2 10821.30432
27.6000 2 11712.59392
27.7000 2 11649.67936
27.8000 2 11051.99104
27.9000 2 11681.13664
28.0000 2 12404.65408
28.1000 2 10768.87552
28.2000 2 11838.42304
28.3000 2 12090.08128
28.4000 2 12488.54016
28.5000 2 11974.73792
28.6000 2 11827.93728
28.7000 2 11775.50848
28.8000 2 11953.7664
28.9000 2 11198.79168
29.0000 2 11303.64928
29.1000 2 12991.85664
29.2000 2 12079.59552
29.3000 2 10139.72992
29.4000 2 11502.87872
29.5000 2 12928.94208
29.6000 2 10506.73152
29.7000 2 9919.52896
29.8000 2 11901.3376
29.9000 2 9374.26944
30.0000 2 12079.59552
30.1000 2 10800.3328
30.2000 2 9521.07008
30.3000 2 12383.68256
30.4000 2 11481.9072
30.5000 2 10894.70464
30.6000 2 11922.30912
30.7000 2 10517.21728
30.8000 2 10475.27424
30.9000 2 12152.99584
31.0000 2 11806.96576
31.1000 2 9667.87072
31.2000 2 12981.37088
31.3000 2 11765.02272
31.4000 2 10349.44512
31.5000 2 11282.67776
31.6000 2 12016.68096
31.7000 2 9856.6144
31.8000 2 11062.4768
31.9000 2 12677.28384
32.0000 2 9583.98464
32.1000 2 11398.02112
32.2000 2 11765.02272
32.3000 2 11502.87872
32.4000 2 10517.21728
32.5000 2 13694.40256
32.6000 2 9909.0432
32.7000 2 9992.92928
32.8000 2 13222.54336
32.9000 2 10884.21888
33.0000 2 9919.52896
33.1000 2 13767.80288
33.2000 2 9479.12704
33.3000 2 9521.07008
33.4000 2 12845.056
33.5000 2 8524.92288
33.6000 2 11408.50688
33.7000 2 11345.59232
33.8000 2 8430.55104
33.9000 2 11586.7648
34.0000 2 10674.50368
34.1000 2 10485.76
34.2000 2 12792.6272
34.3000 2 11702.10816
34.4000 2 9930.01472
34.5000 2 13243.51488
34.6000 2 11387.53536
34.7000 2 10265.55904
34.8000 2 12163.4816
34.9000 2 12939.42784
35.0000 2 10716.44672
35.1000 2 11597.25056
35.2000 2 10789.84704
35.3000 2 8860.4672
35.4000 2 9856.6144
35.5000 2 11733.56544
35.6000 2 11408.50688
35.7000 2 9888.07168
35.8000 2 11649.67936
35.9000 2 8493.4656
36.0000 2 11890.85184
36.1000 2 12708.74112
36.2000 2 10632.56064
36.3000 2 11775.50848
36.4000 2 12184.45312
36.5000 2 12247.36768
36.6000 2 10957.6192
36.7000 2 10475.27424
36.8000 2 11681.13664
36.9000 2 8514.43712
37.0000 2 12362.71104
37.1000 2 11974.73792
37.2000 2 10947.13344
37.3000 2 11314.13504
37.4000 2 13725.85984
37.5000 2 11125.39136
37.6000 2 10999.56224
37.7000 2 12907.97056
37.8000 2 12163.4816
37.9000 2 11051.99104
38.0000 2 12824.08448
38.1000 2 10842.27584
38.2000 2 11377.0496
38.3000 2 12394.16832
38.4000 2 10999.56224
38.5000 2 13054.7712
38.6000 2 11806.96576
38.7000 2 12310.28224
38.8000 2 11051.99104
38.9000 2 11272.192
39.0000 2 12677.28384
39.1000 2 11785.99424
39.2000 2 12824.08448
39.3000 2 11335.10656
39.4000 2 11481.9072
39.5000 2 11974.73792
39.6000 2 11492.39296
39.7000 2 11366.56384
39.8000 2 10307.50208
39.9000 2 13369.344
40.0000 2 12645.82656
40.1000 2 11827.93728
40.2000 2 10055.84384
40.3000 2 13988.00384
40.4000 2 9122.6112
40.5000 2 9898.55744
40.6000 2 12530.4832
40.7000 2 9154.06848
40.8000 2 11733.56544
40.9000 2 11146.36288
41.0000 2 8975.81056
41.1000 2 12719.22688
41.2000 2 10265.55904
41.3000 2 9625.92768
41.4000 2 13746.83136
41.5000 2 9992.92928
41.6000 2 8199.86432
41.7000 2 11859.39456
41.8000 2 8954.83904
41.9000 2 11796.48
42.0000 2 10265.55904
42.1000 2 9919.52896
42.2000 2 13369.344
42.3000 2 11723.07968
42.4000 2 10150.21568
42.5000 2 12446.59712
42.6000 2 12499.02592
42.7000 2 10412.35968
42.8000 2 11869.88032
42.9000 2 12603.88352
43.0000 2 11523.85024
43.1000 2 11534.336
43.2000 2 12467.56864
43.3000 2 11838.42304
43.4000 2 10726.93248
43.5000 2 12341.73952
43.6000 2 13170.11456
43.7000 2 11093.93408
43.8000 2 10800.3328
43.9000 2 12614.36928
44.0000 2 12037.65248
44.1000 2 11272.192
44.2000 2 12027.16672
44.3000 2 12991.85664
44.4000 2 10821.30432
44.5000 2 11733.56544
44.6000 2 12782.14144
44.7000 2 12048.13824
44.8000 2 11366.56384
44.9000 2 12121.53856
45.0000 2 13327.40096
45.1000 2 10800.3328
45.2000 2 10747.904
45.3000 2 13369.344
45.4000 2 11240.73472
45.5000 2 10632.56064
45.6000 2 12708.74112
45.7000 2 11618.22208
45.8000 2 10821.30432
45.9000 2 11513.36448
46.0000 2 12750.68416
46.1000 2 10611.58912
46.2000 2 11167.3344
46.3000 2 13369.344
46.4000 2 10527.70304
46.5000 2 10747.904
46.6000 2 12792.6272
46.7000 2 11324.6208
46.8000 2 7507.80416
46.9000 2 11460.93568
47.0000 2 8074.0352
47.1000 2 11922.30912
47.2000 2 9279.8976
47.3000 2 10580.13184
47.4000 2 12499.02592
47.5000 2 10338.95936
47.6000 2 9950.98624
47.7000 2 13149.14304
47.8000 2 9909.0432
47.9000 2 10202.64448
48.0000 2 12803.11296
48.1000 2 9919.52896
48.2000 2 10569.64608
48.3000 2 12027.16672
48.4000 2 9112.12544
48.5000 2 11859.39456
48.6000 2 10297.01632
48.7000 2 9227.4688
48.8000 2 12771.65568
48.9000 2 10464.78848
49.0000 2 10747.904
49.1000 2 12488.54016
49.2000 2 11209.27744
49.3000 2 10244.58752
49.4000 2 11670.65088
49.5000 2 11932.79488
49.6000 2 10422.84544
49.7000 2 11439.96416
49.8000 2 12100.56704
49.9000 2 10517.21728
50.0000 2 11964.25216
50.1000 2 11377.0496
50.2000 2 11010.048
50.3000 2 12027.16672
50.4000 2 10328.4736
50.5000 2 11932.79488
50.6000 2 10643.0464
50.7000 2 10758.38976
50.8000 2 12698.25536
50.9000 2 10517.21728
51.0000 2 9080.66816
51.1000 2 12928.94208
51.2000 2 8074.0352
51.3000 2 10632.56064
51.4000 2 9510.58432
51.5000 2 10171.1872
51.6000 2 10632.56064
51.7000 2 8524.92288
51.8000 2 9311.35488
51.9000 2 10055.84384
52.0000 2 8734.63808
52.1000 2 9898.55744
52.2000 2 9374.26944
52.3000 2 11649.67936
52.4000 2 8766.09536
52.5000 2 10978.59072
52.6000 2 10989.07648
52.7000 2 10454.30272
52.8000 2 11576.27904
52.9000 2 11230.24896
53.0000 2 10391.38816
53.1000 2 11460.93568
53.2000 2 11072.96256
53.3000 2 10758.38976
53.4000 2 11114.9056
53.5000 2 11188.30592
53.6000 2 11418.99264
53.7000 2 10286.53056
53.8000 2 11031.01952
53.9000 2 10978.59072
54.0000 2 9919.52896
54.1000 2 10527.70304
54.2000 2 10590.6176
54.3000 2 10024.38656
54.4000 2 11733.56544
54.5000 2 10915.67616
54.6000 2 11555.30752
54.7000 2 10391.38816
54.8000 2 11031.01952
54.9000 2 11712.59392
55.0000 2 10611.58912
55.1000 2 11859.39456
55.2000 2 11838.42304
55.3000 2 10422.84544
55.4000 2 11303.64928
55.5000 2 11922.30912
55.6000 2 11051.99104
55.7000 2 11754.53696
55.8000 2 11544.82176
55.9000 2 10538.1888
56.0000 2 11230.24896
56.1000 2 9919.52896
56.2000 2 9300.86912
56.3000 2 10705.96096
56.4000 2 11366.56384
56.5000 2 10999.56224
56.6000 2 10863.24736
56.7000 2 11345.59232
56.8000 2 11628.70784
56.9000 2 10695.4752
57.0000 2 11995.70944
57.1000 2 11544.82176
57.2000 2 11114.9056
57.3000 2 11754.53696
57.4000 2 11083.44832
57.5000 2 10160.70144
57.6000 2 11104.41984
57.7000 2 11576.27904
57.8000 2 10045.35808
57.9000 2 11010.048
58.0000 2 11345.59232
58.1000 2 9437.184
58.2000 2 12530.4832
58.3000 2 10412.35968
58.4000 2 10160.70144
58.5000 2 11031.01952
58.6000 2 11848.9088
58.7000 2 10989.07648
58.8000 2 11660.16512
58.9000 2 11964.25216
59.0000 2 10852.7616
59.1000 2 12037.65248
59.2000 2 11314.13504
59.3000 2 11377.0496
59.4000 2 12027.16672
59.5000 2 10307.50208
59.6000 2 12090.08128
59.7000 2 11492.39296
59.8000 2 10580.13184
59.9000 2 12194.93888
60.0000 2 10506.73152
60.1000 2 9709.81376
60.2000 2 13054.7712
60.3000 2 8105.49248
60.4000 2 10076.81536
60.5000 2 11366.56384
60.6000 2 10013.9008
60.7000 2 11471.42144
60.8000 2 11219.7632
60.9000 2 10391.38816
61.0000 2 11576.27904
61.1000 2 11418.99264
61.2000 2 9950.98624
61.3000 2 12436.11136
61.4000 2 8619.29472
61.5000 2 9038.72512
61.6000 2 13002.3424
61.7000 2 8451.52256
61.8000 2 10863.24736
61.9000 2 10957.6192
62.0000 2 10443.81696
62.1000 2 12499.02592
62.2000 2 9762.24256
62.3000 2 9940.50048
62.4000 2 12782.14144
62.5000 2 10391.38816
62.6000 2 10359.93088
62.7000 2 12299.79648
62.8000 2 10475.27424
62.9000 2 10674.50368
63.0000 2 11356.07808
63.1000 2 11230.24896
63.2000 2 11555.30752
63.3000 2 10674.50368
63.4000 2 12121.53856
63.5000 2 11513.36448
63.6000 2 11303.64928
63.7000 2 12069.10976
63.8000 2 11146.36288
63.9000 2 11135.87712
64.0000 2 11859.39456
64.1000 2 10737.41824
64.2000 2 11890.85184
64.3000 2 11251.22048
64.4000 2 11345.59232
64.5000 2 11785.99424
64.6000 2 10936.64768
64.7000 2 11293.16352
64.8000 2 12121.53856
64.9000 2 10978.59072
65.0000 2 11744.0512
65.1000 2 11146.36288
65.2000 2 10202.64448
65.3000 2 11660.16512
65.4000 2 11974.73792
65.5000 2 11020.53376
65.6000 2 11733.56544
65.7000 2 11733.56544
65.8000 2 10527.70304
65.9000 2 11324.6208
66.0000 2 11198.79168
66.1000 2 11125.39136
66.2000 2 11408.50688
66.3000 2 12058.624
66.4000 2 9447.66976
66.5000 2 11303.64928
66.6000 2 9688.84224
66.7000 2 9583.98464
66.8000 2 12519.99744
66.9000 2 11324.6208
67.0000 2 11251.22048
67.1000 2 11429.4784
67.2000 2 12624.85504
67.3000 2 10632.56064
67.4000 2 11827.93728
67.5000 2 11356.07808
67.6000 2 11114.9056
67.7000 2 11670.65088
67.8000 2 10926.16192
67.9000 2 11806.96576
68.0000 2 11576.27904
68.1000 2 11062.4768
68.2000 2 11146.36288
68.3000 2 11335.10656
68.4000 2 10548.67456
68.5000 2 11901.3376
68.6000 2 10936.64768
68.7000 2 9919.52896
68.8000 2 12729.71264
68.9000 2 10265.55904
69.0000 2 10234.10176
69.1000 2 12289.31072
69.2000 2 10527.70304
69.3000 2 10066.3296
69.4000 2 13201.57184
69.5000 2 7591.69024
69.6000 2 10129.24416
69.7000 2 10003.41504
69.8000 2 9405.72672
69.9000 2 10716.44672
70.0000 2 9248.44032
70.1000 2 10202.64448
70.2000 2 11010.048
70.3000 2 11597.25056
70.4000 2 9867.10016
70.5000 2 11303.64928
70.6000 2 12079.59552
70.7000 2 10622.07488
70.8000 2 11209.27744
70.9000 2 10485.76
71.0000 2 12121.53856
71.1000 2 11282.67776
71.2000 2 10905.1904
71.3000 2 11083.44832
71.4000 2 10485.76
71.5000 2 11303.64928
71.6000 2 8923.38176
71.7000 2 10978.59072
71.8000 2 8535.40864
71.9000 2 9730.78528
72.0000 2 8734.63808
72.1000 2 8409.57952
72.2000 2 10684.98944
72.3000 2 9804.1856
72.4000 2 11471.42144
72.5000 2 10255.07328
72.6000 2 11398.02112
72.7000 2 10622.07488
72.8000 2 10758.38976
72.9000 2 10842.27584
73.0000 2 10758.38976
73.1000 2 11995.70944
73.2000 2 12247.36768
73.3000 2 10601.10336
73.4000 2 11639.1936
73.5000 2 10590.6176
73.6000 2 10936.64768
73.7000 2 11953.7664
73.8000 2 11974.73792
73.9000 2 10590.6176
74.0000 2 11387.53536
74.1000 2 11555.30752
74.2000 2 11156.84864
74.3000 2 11167.3344
74.4000 2 10968.10496
74.5000 2 11943.28064
74.6000 2 12100.56704
74.7000 2 9636.41344
74.8000 2 11911.82336
74.9000 2 11723.07968
75.0000 2 10150.21568
75.1000 2 11922.30912
75.2000 2 11733.56544
75.3000 2 11125.39136
75.4000 2 10978.59072
75.5000 2 11429.4784
75.6000 2 10789.84704
75.7000 2 11293.16352
75.8000 2 11796.48
75.9000 2 10957.6192
76.0000 2 10716.44672
76.1000 2 12163.4816
76.2000 2 6438.25664
76.3000 2 4718.592
