0.1000 2 0.0
0.2000 2 8944.35328
0.3000 2 8724.15232
0.4000 2 10454.30272
0.5000 2 8136.94976
0.6000 2 10150.21568
0.7000 2 10475.27424
0.8000 2 11282.67776
0.9000 2 7979.66336
1.0000 2 12666.79808
1.1000 2 9867.10016
1.2000 2 10276.0448
1.3000 2 10297.01632
1.4000 2 11754.53696
1.5000 2 10359.93088
1.6000 2 9825.15712
1.7000 2 10968.10496
1.8000 2 9122.6112
1.9000 2 10821.30432
2.0000 2 11219.7632
2.1000 2 11104.41984
2.2000 2 8797.55264
2.3000 2 12907.97056
2.4000 2 9625.92768
2.5000 2 10926.16192
2.6000 2 9699.328
2.7000 2 10947.13344
2.8000 2 10234.10176
2.9000 2 8063.54944
3.0000 2 11272.192
3.1000 2 8975.81056
3.2000 2 11398.02112
3.3000 2 11272.192
3.4000 2 11209.27744
3.5000 2 8860.4672
3.6000 2 11628.70784
3.7000 2 10873.73312
3.8000 2 9227.4688
3.9000 2 9751.7568
4.0000 2 9227.4688
4.1000 2 10684.98944
4.2000 2 10611.58912
4.3000 2 10401.87392
4.4000 2 9971.95776
4.5000 2 11114.9056
4.6000 2 10202.64448
4.7000 2 9930.01472
4.8000 2 10716.44672
4.9000 2 11135.87712
5.0000 2 10622.07488
5.1000 2 9730.78528
5.2000 2 11366.56384
5.3000 2 10045.35808
5.4000 2 9332.3264
5.5000 2 12540.96896
5.6000 2 10422.84544
5.7000 2 10422.84544
5.8000 2 9888.07168
5.9000 2 10517.21728
6.0000 2 8881.43872
6.1000 2 11408.50688
6.2000 2 9982.44352
6.3000 2 10800.3328
6.4000 2 10842.27584
6.5000 2 10726.93248
6.6000 2 10171.1872
6.7000 2 8766.09536
6.8000 2 12561.94048
6.9000 2 10412.35968
7.0000 2 9625.92768
7.1000 2 12310.28224
7.2000 2 9636.41344
7.3000 2 10705.96096
7.4000 2 10737.41824
7.5000 2 10747.904
7.6000 2 10317.98784
7.7000 2 9657.38496
7.8000 2 12897.4848
7.9000 2 9112.12544
8.0000 2 10674.50368
8.1000 2 12142.51008
8.2000 2 10076.81536
8.3000 2 11083.44832
8.4000 2 9583.98464
8.5000 2 11974.73792
8.6000 2 9825.15712
8.7000 2 10401.87392
8.8000 2 11261.70624
8.9000 2 9657.38496
9.0000 2 11219.7632
9.1000 2 11943.28064
9.2000 2 10244.58752
9.3000 2 11335.10656
9.4000 2 10768.87552
9.5000 2 10234.10176
9.6000 2 12090.08128
9.7000 2 11261.70624
9.8000 2 10485.76
9.9000 2 12257.85344
10.0000 2 11031.01952
10.1000 2 11135.87712
10.2000 2 10580.13184
10.3000 2 10255.07328
10.4000 2 13002.3424
10.5000 2 8849.98144
10.6000 2 11597.25056
10.7000 2 11670.65088
10.8000 2 9930.01472
10.9000 2 11188.30592
11.0000 2 11219.7632
11.1000 2 10118.7584
11.2000 2 11408.50688
11.3000 2 11639.1936
11.4000 2 10978.59072
11.5000 2 10286.53056
11.6000 2 11932.79488
11.7000 2 12058.624
11.8000 2 8713.66656
11.9000 2 11628.70784
12.0000 2 11555.30752
12.1000 2 10045.35808
12.2000 2 11869.88032
12.3000 2 11765.02272
12.4000 2 10171.1872
12.5000 2 10527.70304
12.6000 2 10150.21568
12.7000 2 8975.81056
12.8000 2 12373.1968
12.9000 2 6438.25664
13.0000 2 11702.10816
13.1000 2 9216.98304
13.2000 2 9531.55584
13.3000 2 12310.28224
13.4000 2 9122.6112
13.5000 2 10684.98944
13.6000 2 11408.50688
13.7000 2 10317.98784
13.8000 2 10380.9024
13.9000 2 10412.35968
14.0000 2 10684.98944
14.1000 2 12027.16672
14.2000 2 11010.048
14.3000 2 10978.59072
14.4000 2 10653.53216
14.5000 2 12037.65248
14.6000 2 10359.93088
14.7000 2 10842.27584
14.8000 2 11010.048
14.9000 2 11114.9056
15.0000 2 10936.64768
15.1000 2 11356.07808
15.2000 2 10789.84704
15.3000 2 12058.624
15.4000 2 10517.21728
15.5000 2 11723.07968
15.6000 2 9594.4704
15.7000 2 11418.99264
15.8000 2 11114.9056
15.9000 2 10349.44512
16.0000 2 10842.27584
16.1000 2 11114.9056
16.2000 2 10359.93088
16.3000 2 11544.82176
16.4000 2 11167.3344
16.5000 2 10747.904
16.6000 2 11565.79328
16.7000 2 10433.3312
16.8000 2 10664.01792
16.9000 2 10947.13344
17.0000 2 9877.58592
17.1000 2 9164.55424
17.2000 2 9510.58432
17.3000 2 11628.70784
17.4000 2 10223.616
17.5000 2 12152.99584
17.6000 2 11104.41984
17.7000 2 10464.78848
17.8000 2 10139.72992
17.9000 2 11471.42144
18.0000 2 12027.16672
18.1000 2 9930.01472
18.2000 2 10926.16192
18.3000 2 12257.85344
18.4000 2 9122.6112
18.5000 2 11272.192
18.6000 2 9028.23936
18.7000 2 9279.8976
18.8000 2 13138.65728
18.9000 2 10013.9008
19.0000 2 10852.7616
19.1000 2 13128.17152
19.2000 2 9059.69664
19.3000 2 10412.35968
19.4000 2 11785.99424
19.5000 2 9678.35648
19.6000 2 10968.10496
19.7000 2 11272.192
19.8000 2 10087.30112
19.9000 2 11282.67776
20.0000 2 11303.64928
20.1000 2 10611.58912
20.2000 2 10936.64768
20.3000 2 12205.42464
20.4000 2 9625.92768
20.5000 2 11754.53696
20.6000 2 10705.96096
20.7000 2 9416.21248
20.8000 2 11135.87712
20.9000 2 8912.896
21.0000 2 11544.82176
21.1000 2 12614.36928
21.2000 2 9489.6128
21.3000 2 11565.79328
21.4000 2 11806.96576
21.5000 2 9856.6144
21.6000 2 11156.84864
21.7000 2 9500.09856
21.8000 2 10234.10176
21.9000 2 11628.70784
22.0000 2 11093.93408
22.1000 2 11534.336
22.2000 2 12394.16832
22.3000 2 12132.02432
22.4000 2 10024.38656
22.5000 2 11104.41984
22.6000 2 10936.64768
22.7000 2 12509.51168
22.8000 2 11062.4768
22.9000 2 9888.07168
23.0000 2 14008.97536
23.1000 2 10737.41824
23.2000 2 8975.81056
23.3000 2 13631.488
23.4000 2 10684.98944
23.5000 2 9248.44032
23.6000 2 13390.31552
23.7000 2 11188.30592
23.8000 2 9646.8992
23.9000 2 13463.71584
24.0000 2 10968.10496
24.1000 2 9888.07168
24.2000 2 11723.07968
24.3000 2 11827.93728
24.4000 2 10968.10496
24.5000 2 12111.0528
24.6000 2 11324.6208
24.7000 2 10548.67456
24.8000 2 11964.25216
24.9000 2 11481.9072
25.0000 2 10768.87552
25.1000 2 13075.74272
25.2000 2 10821.30432
25.3000 2 11806.96576
25.4000 2 12478.0544
25.5000 2 10768.87552
25.6000 2 12173.96736
25.7000 2 12362.71104
25.8000 2 9971.95776
25.9000 2 9353.29792
26.0000 2 13746.83136
26.1000 2 8797.55264
26.2000 2 10968.10496
26.3000 2 9835.64288
26.4000 2 7769.94816
26.5000 2 10297.01632
26.6000 2 9112.12544
26.7000 2 10674.50368
26.8000 2 11051.99104
26.9000 2 12194.93888
27.0000 2 10171.1872
27.1000 2 10884.21888
27.2000 2 9479.12704
27.3000 2 9332.3264
27.4000 2 12561.94048
27.5000 2 10443.81696
27.6000 2 9772.72832
27.7000 2 14208.2048
27.8000 2 9122.6112
27.9000 2 9699.328
28.0000 2 13610.51648
28.1000 2 8829.00992
28.2000 2 11513.36448
28.3000 2 14082.37568
28.4000 2 11670.65088
28.5000 2 10317.98784
28.6000 2 12404.65408
28.7000 2 8808.0384
28.8000 2 9856.6144
28.9000 2 13505.65888
29.0000 2 10475.27424
29.1000 2 10831.79008
29.2000 2 12729.71264
29.3000 2 10726.93248
29.4000 2 10726.93248
29.5000 2 10947.13344
29.6000 2 11995.70944
29.7000 2 11072.96256
29.8000 2 11377.0496
29.9000 2 12268.3392
30.0000 2 10601.10336
30.1000 2 12666.79808
30.2000 2 11597.25056
30.3000 2 12970.88512
30.4000 2 12572.42624
30.5000 2 10559.16032
30.6000 2 11953.7664
30.7000 2 12719.22688
30.8000 2 11817.45152
30.9000 2 10852.7616
31.0000 2 12488.54016
31.1000 2 11827.93728
31.2000 2 11041.50528
31.3000 2 11156.84864
31.4000 2 13421.7728
31.5000 2 7161.77408
31.6000 2 12111.0528
31.7000 2 8965.3248
31.8000 2 8524.92288
31.9000 2 10066.3296
32.0000 2 9133.09696
32.1000 2 13159.6288
32.2000 2 9877.58592
32.3000 2 9143.58272
32.4000 2 13641.97376
32.5000 2 8105.49248
32.6000 2 10517.21728
32.7000 2 9080.66816
32.8000 2 7696.54784
32.9000 2 12614.36928
33.0000 2 9363.78368
33.1000 2 11534.336
33.2000 2 9667.87072
33.3000 2 9500.09856
33.4000 2 12803.11296
33.5000 2 11188.30592
33.6000 2 11681.13664
33.7000 2 11964.25216
33.8000 2 11901.3376
33.9000 2 10391.38816
34.0000 2 12719.22688
34.1000 2 11481.9072
34.2000 2 11985.22368
34.3000 2 11377.0496
34.4000 2 11167.3344
34.5000 2 11544.82176
34.6000 2 11093.93408
34.7000 2 11230.24896
34.8000 2 12257.85344
34.9000 2 10003.41504
35.0000 2 11649.67936
35.1000 2 11670.65088
35.2000 2 11093.93408
35.3000 2 11796.48
35.4000 2 11827.93728
35.5000 2 10842.27584
35.6000 2 12939.42784
35.7000 2 11293.16352
35.8000 2 9888.07168
35.9000 2 12467.56864
36.0000 2 11146.36288
36.1000 2 11523.85024
36.2000 2 12320.768
36.3000 2 12016.68096
36.4000 2 11712.59392
36.5000 2 11429.4784
36.6000 2 12582.912
36.7000 2 11848.9088
36.8000 2 11062.4768
36.9000 2 11827.93728
37.0000 2 13809.74592
37.1000 2 11691.6224
37.2000 2 10255.07328
37.3000 2 11953.7664
37.4000 2 11324.6208
37.5000 2 11848.9088
37.6000 2 12457.08288
37.7000 2 12845.056
37.8000 2 10538.1888
37.9000 2 10957.6192
38.0000 2 11712.59392
38.1000 2 11953.7664
38.2000 2 11744.0512
38.3000 2 12058.624
38.4000 2 11041.50528
38.5000 2 9678.35648
38.6000 2 12488.54016
38.7000 2 10999.56224
38.8000 2 11523.85024
38.9000 2 11859.39456
39.0000 2 11156.84864
39.1000 2 10989.07648
39.2000 2 11387.53536
39.3000 2 12268.3392
39.4000 2 8692.69504
39.5000 2 10401.87392
39.6000 2 9395.24096
39.7000 2 9531.55584
39.8000 2 10978.59072
39.9000 2 9426.69824
40.0000 2 12677.28384
40.1000 2 12530.4832
40.2000 2 10611.58912
40.3000 2 10831.79008
40.4000 2 10034.87232
40.5000 2 9646.8992
40.6000 2 10831.79008
40.7000 2 10789.84704
40.8000 2 11670.65088
40.9000 2 9992.92928
41.0000 2 12509.51168
41.1000 2 8231.3216
41.2000 2 8755.6096
41.3000 2 10947.13344
41.4000 2 9825.15712
41.5000 2 10433.3312
41.6000 2 11282.67776
41.7000 2 12519.99744
41.8000 2 11135.87712
41.9000 2 11418.99264
42.0000 2 12132.02432
42.1000 2 12373.1968
42.2000 2 10590.6176
42.3000 2 11890.85184
42.4000 2 11597.25056
42.5000 2 11702.10816
42.6000 2 13044.28544
42.7000 2 11481.9072
42.8000 2 11471.42144
42.9000 2 10842.27584
43.0000 2 11408.50688
43.1000 2 11356.07808
43.2000 2 12698.25536
43.3000 2 12037.65248
43.4000 2 11943.28064
43.5000 2 11471.42144
43.6000 2 12687.7696
43.7000 2 11303.64928
43.8000 2 12467.56864
43.9000 2 12111.0528
44.0000 2 11282.67776
44.1000 2 11513.36448
44.2000 2 13075.74272
44.3000 2 11093.93408
44.4000 2 11083.44832
44.5000 2 12897.4848
44.6000 2 12100.56704
44.7000 2 11534.336
44.8000 2 11041.50528
44.9000 2 13788.7744
45.0000 2 10664.01792
45.1000 2 9751.7568
45.2000 2 11639.1936
45.3000 2 10779.36128
45.4000 2 11429.4784
45.5000 2 12561.94048
45.6000 2 10884.21888
45.7000 2 11041.50528
45.8000 2 13086.22848
45.9000 2 12677.28384
46.0000 2 10705.96096
46.1000 2 11418.99264
46.2000 2 12761.16992
46.3000 2 11618.22208
46.4000 2 11565.79328
46.5000 2 12058.624
46.6000 2 12173.96736
46.7000 2 10517.21728
46.8000 2 12320.768
46.9000 2 12970.88512
47.0000 2 11083.44832
47.1000 2 11775.50848
47.2000 2 12551.45472
47.3000 2 12771.65568
47.4000 2 10957.6192
47.5000 2 12666.79808
47.6000 2 12719.22688
47.7000 2 10234.10176
47.8000 2 9772.72832
47.9000 2 12907.97056
48.0000 2 11272.192
48.1000 2 11345.59232
48.2000 2 13778.28864
48.3000 2 11901.3376
48.4000 2 10506.73152
48.5000 2 11565.79328
48.6000 2 10475.27424
48.7000 2 9720.29952
48.8000 2 10800.3328
48.9000 2 9846.12864
49.0000 2 11806.96576
49.1000 2 10684.98944
49.2000 2 11964.25216
49.3000 2 12289.31072
49.4000 2 11010.048
49.5000 2 11576.27904
49.6000 2 12436.11136
49.7000 2 10297.01632
49.8000 2 10978.59072
49.9000 2 13065.25696
50.0000 2 10684.98944
50.1000 2 9248.44032
50.2000 2 12782.14144
50.3000 2 10202.64448
50.4000 2 12268.3392
50.5000 2 11303.64928
50.6000 2 11010.048
50.7000 2 11733.56544
50.8000 2 10873.73312
50.9000 2 11953.7664
51.0000 2 12016.68096
51.1000 2 10496.24576
51.2000 2 11586.7648
51.3000 2 11670.65088
51.4000 2 10842.27584
51.5000 2 11209.27744
51.6000 2 12142.51008
51.7000 2 10863.24736
51.8000 2 10422.84544
51.9000 2 12121.53856
52.0000 2 10485.76
52.1000 2 11093.93408
52.2000 2 12876.51328
52.3000 2 10726.93248
52.4000 2 10999.56224
52.5000 2 12394.16832
52.6000 2 11314.13504
52.7000 2 10821.30432
52.8000 2 12257.85344
52.9000 2 11135.87712
53.0000 2 10947.13344
53.1000 2 12100.56704
53.2000 2 11251.22048
53.3000 2 10779.36128
53.4000 2 11282.67776
53.5000 2 10936.64768
53.6000 2 10643.0464
53.7000 2 11880.36608
53.8000 2 11555.30752
53.9000 2 10391.38816
54.0000 2 11848.9088
54.1000 2 11460.93568
54.2000 2 9919.52896
54.3000 2 12027.16672
54.4000 2 11240.73472
54.5000 2 9625.92768
54.6000 2 12268.3392
54.7000 2 11062.4768
54.8000 2 9825.15712
54.9000 2 11922.30912
55.0000 2 10800.3328
55.1000 2 10989.07648
55.2000 2 12247.36768
55.3000 2 11230.24896
55.4000 2 10506.73152
55.5000 2 11681.13664
55.6000 2 11041.50528
55.7000 2 10622.07488
55.8000 2 12226.39616
55.9000 2 11072.96256
56.0000 2 10653.53216
56.1000 2 11901.3376
56.2000 2 10968.10496
56.3000 2 10506.73152
56.4000 2 12226.39616
56.5000 2 10873.73312
56.6000 2 10517.21728
56.7000 2 12121.53856
56.8000 2 11356.07808
56.9000 2 10695.4752
57.0000 2 11586.7648
57.1000 2 11062.4768
57.2000 2 10538.1888
57.3000 2 11901.3376
57.4000 2 11723.07968
57.5000 2 10632.56064
57.6000 2 11439.96416
57.7000 2 11324.6208
57.8000 2 10076.81536
57.9000 2 11072.96256
58.0000 2 11209.27744
58.1000 2 10475.27424
58.2000 2 12048.13824
58.3000 2 11607.73632
58.4000 2 10936.64768
58.5000 2 11838.42304
58.6000 2 11628.70784
58.7000 2 10884.21888
58.8000 2 11146.36288
58.9000 2 12415.13984
59.0000 2 10810.81856
59.1000 2 10758.38976
59.2000 2 12184.45312
59.3000 2 10821.30432
59.4000 2 10821.30432
59.5000 2 12939.42784
59.6000 2 10611.58912
59.7000 2 10422.84544
59.8000 2 12100.56704
59.9000 2 9867.10016
60.0000 2 10643.0464
60.1000 2 12656.31232
60.2000 2 9458.15552
60.3000 2 10842.27584
60.4000 2 11062.4768
60.5000 2 10601.10336
60.6000 2 11156.84864
60.7000 2 11240.73472
60.8000 2 10538.1888
60.9000 2 11051.99104
61.0000 2 10317.98784
61.1000 2 11460.93568
61.2000 2 10349.44512
61.3000 2 11020.53376
61.4000 2 11576.27904
61.5000 2 10422.84544
61.6000 2 11356.07808
61.7000 2 11607.73632
61.8000 2 9730.78528
61.9000 2 11062.4768
62.0000 2 8126.464
62.1000 2 9971.95776
62.2000 2 10590.6176
62.3000 2 10726.93248
62.4000 2 11848.9088
62.5000 2 10842.27584
62.6000 2 10653.53216
62.7000 2 12194.93888
62.8000 2 11827.93728
62.9000 2 10265.55904
63.0000 2 11324.6208
63.1000 2 11576.27904
63.2000 2 11093.93408
63.3000 2 12173.96736
63.4000 2 11848.9088
63.5000 2 10737.41824
63.6000 2 12069.10976
63.7000 2 11146.36288
63.8000 2 12362.71104
63.9000 2 12173.96736
64.0000 2 11198.79168
64.1000 2 10758.38976
64.2000 2 11943.28064
64.3000 2 9930.01472
64.4000 2 11733.56544
64.5000 2 12614.36928
64.6000 2 10873.73312
64.7000 2 10034.87232
64.8000 2 13400.80128
64.9000 2 10863.24736
65.0000 2 9007.26784
65.1000 2 12215.9104
65.2000 2 9269.41184
65.3000 2 9982.44352
65.4000 2 7203.71712
65.5000 2 9237.95456
65.6000 2 6616.51456
65.7000 2 9730.78528
65.8000 2 9332.3264
65.9000 2 9657.38496
66.0000 2 12771.65568
66.1000 2 10192.15872
66.2000 2 10747.904
66.3000 2 12886.99904
66.4000 2 10380.9024
66.5000 2 10276.0448
66.6000 2 12907.97056
66.7000 2 10234.10176
66.8000 2 10475.27424
66.9000 2 13096.71424
67.0000 2 9552.52736
67.1000 2 10559.16032
67.2000 2 11911.82336
67.3000 2 10244.58752
67.4000 2 11072.96256
67.5000 2 12593.39776
67.6000 2 10265.55904
67.7000 2 10611.58912
67.8000 2 12551.45472
67.9000 2 9846.12864
68.0000 2 11031.01952
68.1000 2 12016.68096
68.2000 2 10506.73152
68.3000 2 11083.44832
68.4000 2 12457.08288
68.5000 2 9846.12864
68.6000 2 10947.13344
68.7000 2 12006.1952
68.8000 2 9814.67136
68.9000 2 11618.22208
69.0000 2 12457.08288
69.1000 2 10559.16032
69.2000 2 10716.44672
69.3000 2 11356.07808
69.4000 2 10789.84704
69.5000 2 11261.70624
69.6000 2 12215.9104
69.7000 2 9877.58592
69.8000 2 10936.64768
69.9000 2 11639.1936
70.0000 2 10737.41824
70.1000 2 11125.39136
70.2000 2 11670.65088
70.3000 2 10643.0464
70.4000 2 11366.56384
70.5000 2 12111.0528
70.6000 2 9992.92928
70.7000 2 11439.96416
70.8000 2 11744.0512
70.9000 2 10255.07328
71.0000 2 11670.65088
71.1000 2 11911.82336
71.2000 2 9762.24256
71.3000 2 11471.42144
71.4000 2 11146.36288
71.5000 2 10307.50208
71.6000 2 12226.39616
71.7000 2 10548.67456
71.8000 2 9971.95776
71.9000 2 12792.6272
72.0000 2 10412.35968
72.1000 2 9835.64288
72.2000 2 13044.28544
72.3000 2 9856.6144
72.4000 2 10118.7584
72.5000 2 13138.65728
72.6000 2 9909.0432
72.7000 2 10160.70144
72.8000 2 12320.768
72.9000 2 10108.27264
73.0000 2 10076.81536
73.1000 2 11806.96576
73.2000 2 10286.53056
73.3000 2 10789.84704
73.4000 2 12299.79648
73.5000 2 10726.93248
73.6000 2 10716.44672
73.7000 2 11932.79488
73.8000 2 10695.4752
73.9000 2 10768.87552
74.0000 2 11702.10816
74.1000 2 10265.55904
74.2000 2 11324.6208
74.3000 2 12593.39776
74.4000 2 9479.12704
74.5000 2 10894.70464
74.6000 2 11880.36608
74.7000 2 10244.58752
74.8000 2 11324.6208
74.9000 2 11775.50848
75.0000 2 10108.27264
75.1000 2 11324.6208
75.2000 2 10475.27424
75.3000 2 10863.24736
75.4000 2 12173.96736
75.5000 2 11335.10656
75.6000 2 10464.78848
75.7000 2 11785.99424
75.8000 2 10527.70304
75.9000 2 8304.72192
76.0000 2 5473.56672
