0.1000 2 0.0
0.2000 2 8954.83904
0.3000 2 8482.97984
0.4000 2 11125.39136
0.5000 2 5872.0256
0.6000 2 11775.50848
0.7000 2 8325.69344
0.8000 2 10852.7616
0.9000 2 9279.8976
1.0000 2 9300.86912
1.1000 2 9489.6128
1.2000 2 8399.09376
1.3000 2 11901.3376
1.4000 2 9353.29792
1.5000 2 10926.16192
1.6000 2 8514.43712
1.7000 2 8682.20928
1.8000 2 11953.7664
1.9000 2 8755.6096
2.0000 2 11806.96576
2.1000 2 10852.7616
2.2000 2 9646.8992
2.3000 2 11104.41984
2.4000 2 10055.84384
2.5000 2 9720.29952
2.6000 2 9542.0416
2.7000 2 12121.53856
2.8000 2 7319.06048
2.9000 2 11010.048
3.0000 2 8745.12384
3.1000 2 10842.27584
3.2000 2 9248.44032
3.3000 2 11712.59392
3.4000 2 8136.94976
3.5000 2 10517.21728
3.6000 2 10244.58752
3.7000 2 10569.64608
3.8000 2 10947.13344
3.9000 2 11408.50688
4.0000 2 10747.904
4.1000 2 12236.88192
4.2000 2 10223.616
4.3000 2 9258.92608
4.4000 2 12090.08128
4.5000 2 10548.67456
4.6000 2 9825.15712
4.7000 2 12383.68256
4.8000 2 9856.6144
4.9000 2 10894.70464
5.0000 2 11408.50688
5.1000 2 8860.4672
5.2000 2 12991.85664
5.3000 2 9164.55424
5.4000 2 9437.184
5.5000 2 12006.1952
5.6000 2 10873.73312
5.7000 2 11565.79328
5.8000 2 11041.50528
5.9000 2 11093.93408
6.0000 2 11219.7632
6.1000 2 10852.7616
6.2000 2 11691.6224
6.3000 2 10905.1904
6.4000 2 9982.44352
6.5000 2 12079.59552
6.6000 2 11754.53696
6.7000 2 8524.92288
6.8000 2 12530.4832
6.9000 2 8923.38176
7.0000 2 9646.8992
7.1000 2 13201.57184
7.2000 2 9458.15552
7.3000 2 9678.35648
7.4000 2 11209.27744
7.5000 2 10108.27264
7.6000 2 12425.6256
7.7000 2 10181.67296
7.8000 2 8598.3232
7.9000 2 12719.22688
8.0000 2 10517.21728
8.1000 2 9741.27104
8.2000 2 12173.96736
8.3000 2 10087.30112
8.4000 2 9636.41344
8.5000 2 12069.10976
8.6000 2 10401.87392
8.7000 2 10779.36128
8.8000 2 12373.1968
8.9000 2 10139.72992
9.0000 2 11586.7648
9.1000 2 11240.73472
9.2000 2 10947.13344
9.3000 2 11492.39296
9.4000 2 9143.58272
9.5000 2 13484.68736
9.6000 2 10338.95936
9.7000 2 9730.78528
9.8000 2 12394.16832
9.9000 2 9017.7536
10.0000 2 10538.1888
10.1000 2 12499.02592
10.2000 2 8315.20768
10.3000 2 12142.51008
10.4000 2 10401.87392
10.5000 2 10569.64608
10.6000 2 11712.59392
10.7000 2 10936.64768
10.8000 2 10548.67456
10.9000 2 12142.51008
11.0000 2 9940.50048
11.1000 2 9112.12544
11.2000 2 13117.68576
11.3000 2 7130.3168
11.4000 2 9961.472
11.5000 2 10747.904
11.6000 2 11702.10816
11.7000 2 9510.58432
11.8000 2 11943.28064
11.9000 2 11135.87712
12.0000 2 8818.52416
12.1000 2 12478.0544
12.2000 2 9017.7536
12.3000 2 8923.38176
12.4000 2 12624.85504
12.5000 2 9500.09856
12.6000 2 10936.64768
12.7000 2 11471.42144
12.8000 2 10171.1872
12.9000 2 10024.38656
13.0000 2 10538.1888
13.1000 2 11083.44832
13.2000 2 7675.57632
13.3000 2 11450.44992
13.4000 2 8409.57952
13.5000 2 10034.87232
13.6000 2 9835.64288
13.7000 2 10506.73152
13.8000 2 10097.78688
13.9000 2 10276.0448
14.0000 2 10034.87232
14.1000 2 9395.24096
14.2000 2 12289.31072
14.3000 2 8933.86752
14.4000 2 10380.9024
14.5000 2 11219.7632
14.6000 2 9825.15712
14.7000 2 10066.3296
14.8000 2 9930.01472
14.9000 2 11240.73472
15.0000 2 9909.0432
15.1000 2 11481.9072
15.2000 2 10695.4752
15.3000 2 9825.15712
15.4000 2 11932.79488
15.5000 2 9919.52896
15.6000 2 10968.10496
15.7000 2 11911.82336
15.8000 2 9416.21248
15.9000 2 11848.9088
16.0000 2 10066.3296
16.1000 2 9510.58432
16.2000 2 10244.58752
16.3000 2 10968.10496
16.4000 2 10747.904
16.5000 2 12111.0528
16.6000 2 10947.13344
16.7000 2 11114.9056
16.8000 2 11765.02272
16.9000 2 9971.95776
17.0000 2 11597.25056
17.1000 2 11691.6224
17.2000 2 10705.96096
17.3000 2 10307.50208
17.4000 2 12719.22688
17.5000 2 10076.81536
17.6000 2 11492.39296
17.7000 2 11985.22368
17.8000 2 9657.38496
17.9000 2 11712.59392
18.0000 2 10936.64768
18.1000 2 10076.81536
18.2000 2 11733.56544
18.3000 2 11922.30912
18.4000 2 9416.21248
18.5000 2 11209.27744
18.6000 2 9867.10016
18.7000 2 9667.87072
18.8000 2 12331.25376
18.9000 2 9699.328
19.0000 2 9992.92928
19.1000 2 12708.74112
19.2000 2 8912.896
19.3000 2 10024.38656
19.4000 2 10338.95936
19.5000 2 7979.66336
19.6000 2 12509.51168
19.7000 2 8912.896
19.8000 2 10978.59072
19.9000 2 11618.22208
20.0000 2 10538.1888
20.1000 2 10915.67616
20.2000 2 10716.44672
20.3000 2 11010.048
20.4000 2 11544.82176
20.5000 2 10548.67456
20.6000 2 9437.184
20.7000 2 11597.25056
20.8000 2 10171.1872
20.9000 2 11408.50688
21.0000 2 10905.1904
21.1000 2 11051.99104
21.2000 2 11649.67936
21.3000 2 10496.24576
21.4000 2 11219.7632
21.5000 2 11051.99104
21.6000 2 10496.24576
21.7000 2 9877.58592
21.8000 2 11146.36288
21.9000 2 11775.50848
22.0000 2 8849.98144
22.1000 2 10768.87552
22.2000 2 11859.39456
22.3000 2 10485.76
22.4000 2 10066.3296
22.5000 2 11817.45152
22.6000 2 10684.98944
22.7000 2 10013.9008
22.8000 2 10590.6176
22.9000 2 11691.6224
23.0000 2 9594.4704
23.1000 2 12100.56704
23.2000 2 9992.92928
23.3000 2 10747.904
23.4000 2 10800.3328
23.5000 2 10202.64448
23.6000 2 10338.95936
23.7000 2 11072.96256
23.8000 2 9688.84224
23.9000 2 12394.16832
24.0000 2 9615.44192
24.1000 2 7822.37696
24.2000 2 12310.28224
24.3000 2 7675.57632
24.4000 2 11565.79328
24.5000 2 7874.80576
24.6000 2 10475.27424
24.7000 2 9772.72832
24.8000 2 7990.14912
24.9000 2 10181.67296
25.0000 2 7769.94816
25.1000 2 12540.96896
25.2000 2 9814.67136
25.3000 2 8849.98144
25.4000 2 8629.78048
25.5000 2 11156.84864
25.6000 2 9741.27104
25.7000 2 11272.192
25.8000 2 11523.85024
25.9000 2 10485.76
26.0000 2 11031.01952
26.1000 2 11953.7664
26.2000 2 10412.35968
26.3000 2 11523.85024
26.4000 2 10475.27424
26.5000 2 10496.24576
26.6000 2 12173.96736
26.7000 2 10989.07648
26.8000 2 10915.67616
26.9000 2 12362.71104
27.0000 2 11995.70944
27.1000 2 9783.21408
27.2000 2 11995.70944
27.3000 2 10328.4736
27.4000 2 9216.98304
27.5000 2 10653.53216
27.6000 2 10160.70144
27.7000 2 10234.10176
27.8000 2 10978.59072
27.9000 2 9594.4704
28.0000 2 11272.192
28.1000 2 11481.9072
28.2000 2 10873.73312
28.3000 2 12457.08288
28.4000 2 10915.67616
28.5000 2 8462.00832
28.6000 2 12824.08448
28.7000 2 9604.95616
28.8000 2 10852.7616
28.9000 2 11691.6224
29.0000 2 10936.64768
29.1000 2 11251.22048
29.2000 2 12320.768
29.3000 2 10265.55904
29.4000 2 11240.73472
29.5000 2 11576.27904
29.6000 2 10789.84704
29.7000 2 9898.55744
29.8000 2 13348.37248
29.9000 2 7465.86112
30.0000 2 11177.82016
30.1000 2 11219.7632
30.2000 2 9133.09696
30.3000 2 11932.79488
30.4000 2 11607.73632
30.5000 2 9940.50048
30.6000 2 12069.10976
30.7000 2 12142.51008
30.8000 2 10464.78848
30.9000 2 10894.70464
31.0000 2 11607.73632
31.1000 2 10789.84704
31.2000 2 10989.07648
31.3000 2 10223.616
31.4000 2 9950.98624
31.5000 2 9971.95776
31.6000 2 10485.76
31.7000 2 11345.59232
31.8000 2 10412.35968
31.9000 2 11523.85024
32.0000 2 10611.58912
32.1000 2 11282.67776
32.2000 2 11198.79168
32.3000 2 10664.01792
32.4000 2 11785.99424
32.5000 2 10622.07488
32.6000 2 11031.01952
32.7000 2 12173.96736
32.8000 2 9982.44352
32.9000 2 10265.55904
33.0000 2 10297.01632
33.1000 2 10863.24736
33.2000 2 10758.38976
33.3000 2 10150.21568
33.4000 2 10601.10336
33.5000 2 11083.44832
33.6000 2 10726.93248
33.7000 2 9080.66816
33.8000 2 12236.88192
33.9000 2 10548.67456
34.0000 2 10234.10176
34.1000 2 11618.22208
34.2000 2 11041.50528
34.3000 2 10936.64768
34.4000 2 12236.88192
34.5000 2 11492.39296
34.6000 2 10894.70464
34.7000 2 9783.21408
34.8000 2 8703.1808
34.9000 2 9888.07168
35.0000 2 9583.98464
35.1000 2 10821.30432
35.2000 2 7434.40384
35.3000 2 10989.07648
35.4000 2 8902.41024
35.5000 2 9227.4688
35.6000 2 10192.15872
35.7000 2 8105.49248
35.8000 2 12069.10976
35.9000 2 10045.35808
36.0000 2 11555.30752
36.1000 2 9646.8992
36.2000 2 12289.31072
36.3000 2 9573.49888
36.4000 2 10150.21568
36.5000 2 12425.6256
36.6000 2 8724.15232
36.7000 2 11146.36288
36.8000 2 11565.79328
36.9000 2 10422.84544
37.0000 2 11345.59232
37.1000 2 10517.21728
37.2000 2 12362.71104
37.3000 2 11439.96416
37.4000 2 10276.0448
37.5000 2 12499.02592
37.6000 2 10391.38816
37.7000 2 8598.3232
37.8000 2 11303.64928
37.9000 2 7287.6032
38.0000 2 11754.53696
38.1000 2 8587.83744
38.2000 2 11146.36288
38.3000 2 10653.53216
38.4000 2 9971.95776
38.5000 2 11943.28064
38.6000 2 11072.96256
38.7000 2 9971.95776
38.8000 2 9416.21248
38.9000 2 10097.78688
39.0000 2 10800.3328
39.1000 2 11219.7632
39.2000 2 10747.904
39.3000 2 10999.56224
39.4000 2 11041.50528
39.5000 2 11964.25216
39.6000 2 12027.16672
39.7000 2 10244.58752
39.8000 2 11450.44992
39.9000 2 11565.79328
40.0000 2 10538.1888
40.1000 2 11586.7648
40.2000 2 11670.65088
40.3000 2 9542.0416
40.4000 2 11523.85024
40.5000 2 8409.57952
40.6000 2 10747.904
40.7000 2 10234.10176
40.8000 2 10108.27264
40.9000 2 9175.04
41.0000 2 10391.38816
41.1000 2 8839.49568
41.2000 2 10055.84384
41.3000 2 10422.84544
41.4000 2 9122.6112
41.5000 2 10391.38816
41.6000 2 10538.1888
41.7000 2 9992.92928
41.8000 2 9258.92608
41.9000 2 11072.96256
42.0000 2 8692.69504
42.1000 2 9667.87072
42.2000 2 9992.92928
42.3000 2 10852.7616
42.4000 2 9133.09696
42.5000 2 11188.30592
42.6000 2 8692.69504
42.7000 2 10915.67616
42.8000 2 9216.98304
42.9000 2 10726.93248
43.0000 2 9122.6112
43.1000 2 10768.87552
43.2000 2 8514.43712
43.3000 2 10590.6176
43.4000 2 9311.35488
43.5000 2 10024.38656
43.6000 2 10276.0448
43.7000 2 9583.98464
43.8000 2 9919.52896
43.9000 2 9500.09856
44.0000 2 9583.98464
44.1000 2 7937.72032
44.2000 2 12813.59872
44.3000 2 10045.35808
44.4000 2 10202.64448
44.5000 2 11953.7664
44.6000 2 10286.53056
44.7000 2 11723.07968
44.8000 2 11670.65088
44.9000 2 10852.7616
45.0000 2 11481.9072
45.1000 2 11848.9088
45.2000 2 9437.184
45.3000 2 11995.70944
45.4000 2 11303.64928
45.5000 2 10517.21728
45.6000 2 11712.59392
45.7000 2 11932.79488
45.8000 2 10349.44512
45.9000 2 12037.65248
46.0000 2 10905.1904
46.1000 2 10842.27584
46.2000 2 11240.73472
46.3000 2 11324.6208
46.4000 2 11492.39296
46.5000 2 10978.59072
46.6000 2 10286.53056
46.7000 2 9625.92768
46.8000 2 11649.67936
46.9000 2 11775.50848
47.0000 2 10370.41664
47.1000 2 11681.13664
47.2000 2 10978.59072
47.3000 2 11827.93728
47.4000 2 11031.01952
47.5000 2 11104.41984
47.6000 2 11817.45152
47.7000 2 11345.59232
47.8000 2 10653.53216
47.9000 2 12194.93888
48.0000 2 10317.98784
48.1000 2 10129.24416
48.2000 2 13306.42944
48.3000 2 10003.41504
48.4000 2 10171.1872
48.5000 2 13400.80128
48.6000 2 10087.30112
48.7000 2 10276.0448
48.8000 2 12834.57024
48.9000 2 8839.49568
49.0000 2 9594.4704
49.1000 2 11293.16352
49.2000 2 9772.72832
49.3000 2 10632.56064
49.4000 2 10244.58752
49.5000 2 10684.98944
49.6000 2 9227.4688
49.7000 2 11146.36288
49.8000 2 11230.24896
49.9000 2 10695.4752
50.0000 2 12603.88352
50.1000 2 10349.44512
50.2000 2 10653.53216
50.3000 2 12331.25376
50.4000 2 11083.44832
50.5000 2 10297.01632
50.6000 2 12404.65408
50.7000 2 11523.85024
50.8000 2 10936.64768
50.9000 2 11324.6208
51.0000 2 11607.73632
51.1000 2 7423.91808
51.2000 2 10831.79008
51.3000 2 9950.98624
51.4000 2 11765.02272
51.5000 2 10852.7616
51.6000 2 11104.41984
51.7000 2 11146.36288
51.8000 2 12205.42464
51.9000 2 11051.99104
52.0000 2 11513.36448
52.1000 2 12425.6256
52.2000 2 10852.7616
52.3000 2 11597.25056
52.4000 2 11492.39296
52.5000 2 11188.30592
52.6000 2 11293.16352
52.7000 2 10884.21888
52.8000 2 11806.96576
52.9000 2 11146.36288
53.0000 2 11460.93568
53.1000 2 12341.73952
53.2000 2 10559.16032
53.3000 2 11167.3344
53.4000 2 12205.42464
53.5000 2 11125.39136
53.6000 2 12037.65248
53.7000 2 11293.16352
53.8000 2 11429.4784
53.9000 2 12016.68096
54.0000 2 10926.16192
54.1000 2 11775.50848
54.2000 2 11974.73792
54.3000 2 11031.01952
54.4000 2 11974.73792
54.5000 2 12058.624
54.6000 2 10611.58912
54.7000 2 11555.30752
54.8000 2 12310.28224
54.9000 2 10905.1904
55.0000 2 10926.16192
55.1000 2 12299.79648
55.2000 2 10475.27424
55.3000 2 10779.36128
55.4000 2 13212.0576
55.5000 2 10873.73312
55.6000 2 10003.41504
55.7000 2 12803.11296
55.8000 2 10401.87392
55.9000 2 10559.16032
56.0000 2 12960.39936
56.1000 2 10118.7584
56.2000 2 10297.01632
56.3000 2 12184.45312
56.4000 2 10779.36128
56.5000 2 9940.50048
56.6000 2 13096.71424
56.7000 2 10464.78848
56.8000 2 9646.8992
56.9000 2 11806.96576
57.0000 2 10653.53216
57.1000 2 10087.30112
57.2000 2 13170.11456
57.3000 2 8042.57792
57.4000 2 9919.52896
57.5000 2 10307.50208
57.6000 2 11628.70784
57.7000 2 11051.99104
57.8000 2 12226.39616
57.9000 2 11523.85024
58.0000 2 11439.96416
58.1000 2 11135.87712
58.2000 2 12226.39616
58.3000 2 11481.9072
58.4000 2 11041.50528
58.5000 2 12446.59712
58.6000 2 11576.27904
58.7000 2 10276.0448
58.8000 2 11356.07808
58.9000 2 11377.0496
59.0000 2 10391.38816
59.1000 2 11953.7664
59.2000 2 11754.53696
59.3000 2 11010.048
59.4000 2 11492.39296
59.5000 2 12478.0544
59.6000 2 9563.01312
59.7000 2 11314.13504
59.8000 2 12299.79648
59.9000 2 9625.92768
60.0000 2 11607.73632
60.1000 2 12215.9104
60.2000 2 10160.70144
60.3000 2 11156.84864
60.4000 2 12152.99584
60.5000 2 9625.92768
60.6000 2 11366.56384
60.7000 2 11775.50848
60.8000 2 10412.35968
60.9000 2 11398.02112
61.0000 2 11848.9088
61.1000 2 10118.7584
61.2000 2 11492.39296
61.3000 2 11838.42304
61.4000 2 10202.64448
61.5000 2 11502.87872
61.6000 2 11607.73632
61.7000 2 8168.40704
61.8000 2 10181.67296
61.9000 2 10852.7616
62.0000 2 11869.88032
62.1000 2 11062.4768
62.2000 2 11681.13664
62.3000 2 11198.79168
62.4000 2 10674.50368
62.5000 2 11702.10816
62.6000 2 12152.99584
62.7000 2 11010.048
62.8000 2 10915.67616
62.9000 2 12090.08128
63.0000 2 8766.09536
63.1000 2 10181.67296
63.2000 2 8619.29472
63.3000 2 10978.59072
63.4000 2 11880.36608
63.5000 2 11356.07808
63.6000 2 11219.7632
63.7000 2 11051.99104
63.8000 2 11272.192
63.9000 2 10485.76
64.0000 2 9353.29792
64.1000 2 11974.73792
64.2000 2 9384.7552
64.3000 2 10150.21568
64.4000 2 10422.84544
64.5000 2 9479.12704
64.6000 2 12740.1984
64.7000 2 9825.15712
64.8000 2 10213.13024
64.9000 2 12782.14144
65.0000 2 10884.21888
65.1000 2 10338.95936
65.2000 2 12845.056
65.3000 2 10380.9024
65.4000 2 9856.6144
65.5000 2 12740.1984
65.6000 2 10496.24576
65.7000 2 10003.41504
65.8000 2 11502.87872
65.9000 2 10171.1872
66.0000 2 10989.07648
66.1000 2 12121.53856
66.2000 2 10936.64768
66.3000 2 10842.27584
66.4000 2 12603.88352
66.5000 2 10947.13344
66.6000 2 10684.98944
66.7000 2 12949.9136
66.8000 2 10747.904
66.9000 2 10768.87552
67.0000 2 12687.7696
67.1000 2 10664.01792
67.2000 2 9898.55744
67.3000 2 12519.99744
67.4000 2 11219.7632
67.5000 2 10842.27584
67.6000 2 12446.59712
67.7000 2 10412.35968
67.8000 2 10622.07488
67.9000 2 12373.1968
68.0000 2 11125.39136
68.1000 2 10496.24576
68.2000 2 11964.25216
68.3000 2 11471.42144
68.4000 2 10485.76
68.5000 2 11586.7648
68.6000 2 11943.28064
68.7000 2 10517.21728
68.8000 2 11031.01952
68.9000 2 11880.36608
69.0000 2 10160.70144
69.1000 2 11544.82176
69.2000 2 11712.59392
69.3000 2 10779.36128
69.4000 2 10978.59072
69.5000 2 12132.02432
69.6000 2 10076.81536
69.7000 2 11366.56384
69.8000 2 11827.93728
69.9000 2 10307.50208
70.0000 2 11345.59232
70.1000 2 11943.28064
70.2000 2 9992.92928
70.3000 2 10695.4752
70.4000 2 8745.12384
70.5000 2 10265.55904
70.6000 2 9112.12544
70.7000 2 8797.55264
70.8000 2 7696.54784
70.9000 2 10926.16192
71.0000 2 9122.6112
71.1000 2 10789.84704
71.2000 2 10181.67296
71.3000 2 9709.81376
71.4000 2 9426.69824
71.5000 2 11335.10656
71.6000 2 9185.52576
71.7000 2 10527.70304
71.8000 2 10192.15872
71.9000 2 10003.41504
72.0000 2 10066.3296
72.1000 2 9720.29952
72.2000 2 10989.07648
72.3000 2 11628.70784
72.4000 2 11104.41984
72.5000 2 11345.59232
72.6000 2 10569.64608
72.7000 2 10108.27264
72.8000 2 11072.96256
72.9000 2 11754.53696
73.0000 2 10433.3312
73.1000 2 11188.30592
73.2000 2 11356.07808
73.3000 2 11020.53376
73.4000 2 11765.02272
73.5000 2 10831.79008
73.6000 2 11744.0512
73.7000 2 11660.16512
73.8000 2 10747.904
73.9000 2 11083.44832
74.0000 2 11911.82336
74.1000 2 10611.58912
74.2000 2 11943.28064
74.3000 2 11460.93568
74.4000 2 10873.73312
74.5000 2 12090.08128
74.6000 2 11387.53536
74.7000 2 10265.55904
74.8000 2 11492.39296
74.9000 2 11953.7664
75.0000 2 10265.55904
75.1000 2 11702.10816
75.2000 2 11985.22368
75.3000 2 10768.87552
75.4000 2 11565.79328
75.5000 2 12226.39616
75.6000 2 10569.64608
75.7000 2 10978.59072
75.8000 2 12907.97056
75.9000 2 10947.13344
76.0000 2 10328.4736
76.1000 2 12813.59872
76.2000 2 10810.81856
76.3000 2 10905.1904
76.4000 2 12740.1984
76.5000 2 11051.99104
76.6000 2 10758.38976
76.7000 2 11272.192
76.8000 2 8241.80736
76.9000 2 9867.10016
77.0000 2 9311.35488
77.1000 2 8839.49568
77.2000 2 7853.83424
77.3000 2 10401.87392
77.4000 2 8315.20768
77.5000 2 11303.64928
77.6000 2 10255.07328
77.7000 2 10422.84544
77.8000 2 12079.59552
77.9000 2 11041.50528
78.0000 2 7728.00512
