0.1000 2 0.0
0.2000 2 10391.38816
0.3000 2 7916.7488
0.4000 2 12289.31072
0.5000 2 6291.456
0.6000 2 12268.3392
0.7000 2 10317.98784
0.8000 2 9730.78528
0.9000 2 13484.68736
1.0000 2 9835.64288
1.1000 2 10338.95936
1.2000 2 12677.28384
1.3000 2 10139.72992
1.4000 2 11051.99104
1.5000 2 10999.56224
1.6000 2 10821.30432
1.7000 2 10884.21888
1.8000 2 11114.9056
1.9000 2 9563.01312
2.0000 2 12373.1968
2.1000 2 10160.70144
2.2000 2 12268.3392
2.3000 2 12257.85344
2.4000 2 10894.70464
2.5000 2 11398.02112
2.6000 2 11838.42304
2.7000 2 10076.81536
2.8000 2 8598.3232
2.9000 2 11922.30912
3.0000 2 11712.59392
3.1000 2 10496.24576
3.2000 2 11670.65088
3.3000 2 11261.70624
3.4000 2 11502.87872
3.5000 2 11146.36288
3.6000 2 12215.9104
3.7000 2 10349.44512
3.8000 2 10601.10336
3.9000 2 13621.00224
4.0000 2 9867.10016
4.1000 2 9772.72832
4.2000 2 13610.51648
4.3000 2 9038.72512
4.4000 2 10789.84704
4.5000 2 9080.66816
4.6000 2 10255.07328
4.7000 2 12048.13824
4.8000 2 11775.50848
4.9000 2 11345.59232
5.0000 2 11733.56544
5.1000 2 11775.50848
5.2000 2 10674.50368
5.3000 2 11335.10656
5.4000 2 11471.42144
5.5000 2 10905.1904
5.6000 2 10517.21728
5.7000 2 12593.39776
5.8000 2 10066.3296
5.9000 2 11282.67776
6.0000 2 10349.44512
6.1000 2 11439.96416
6.2000 2 9992.92928
6.3000 2 11177.82016
6.4000 2 13264.4864
6.5000 2 9793.69984
6.6000 2 11062.4768
6.7000 2 13327.40096
6.8000 2 10328.4736
6.9000 2 8441.0368
7.0000 2 13746.83136
7.1000 2 7245.66016
7.2000 2 11848.9088
7.3000 2 11398.02112
7.4000 2 10664.01792
7.5000 2 12782.14144
7.6000 2 11922.30912
7.7000 2 10412.35968
7.8000 2 11639.1936
7.9000 2 11607.73632
8.0000 2 9888.07168
8.1000 2 11104.41984
8.2000 2 11901.3376
8.3000 2 9982.44352
8.4000 2 11890.85184
8.5000 2 11890.85184
8.6000 2 9521.07008
8.7000 2 11408.50688
8.8000 2 11219.7632
8.9000 2 9164.55424
9.0000 2 11565.79328
9.1000 2 7895.77728
9.2000 2 10433.3312
9.3000 2 13841.2032
9.4000 2 7130.3168
9.5000 2 11586.7648
9.6000 2 10076.81536
9.7000 2 9741.27104
9.8000 2 11586.7648
9.9000 2 10097.78688
10.0000 2 11744.0512
10.1000 2 10695.4752
10.2000 2 11083.44832
10.3000 2 12142.51008
10.4000 2 9164.55424
10.5000 2 11597.25056
10.6000 2 11345.59232
10.7000 2 10412.35968
10.8000 2 12173.96736
10.9000 2 11230.24896
11.0000 2 9741.27104
11.1000 2 12027.16672
11.2000 2 12509.51168
11.3000 2 8954.83904
11.4000 2 12173.96736
11.5000 2 10852.7616
11.6000 2 6952.05888
11.7000 2 12467.56864
11.8000 2 9216.98304
11.9000 2 11953.7664
12.0000 2 12845.056
12.1000 2 10391.38816
12.2000 2 10097.78688
12.3000 2 13054.7712
12.4000 2 11387.53536
12.5000 2 11576.27904
12.6000 2 13243.51488
12.7000 2 10255.07328
12.8000 2 10013.9008
12.9000 2 13086.22848
13.0000 2 11293.16352
13.1000 2 9437.184
13.2000 2 11964.25216
13.3000 2 11398.02112
13.4000 2 9751.7568
13.5000 2 13243.51488
13.6000 2 10433.3312
13.7000 2 9804.1856
13.8000 2 13358.85824
13.9000 2 10265.55904
14.0000 2 11083.44832
14.1000 2 11209.27744
14.2000 2 11072.96256
14.3000 2 11230.24896
14.4000 2 12635.3408
14.5000 2 11314.13504
14.6000 2 9311.35488
14.7000 2 12299.79648
14.8000 2 12048.13824
14.9000 2 11251.22048
15.0000 2 10926.16192
15.1000 2 12006.1952
15.2000 2 9510.58432
15.3000 2 11943.28064
15.4000 2 11765.02272
15.5000 2 9940.50048
15.6000 2 11251.22048
15.7000 2 11723.07968
15.8000 2 9342.81216
15.9000 2 12719.22688
16.0000 2 11177.82016
16.1000 2 9563.01312
16.2000 2 12582.912
16.3000 2 10821.30432
16.4000 2 11806.96576
16.5000 2 10989.07648
16.6000 2 11041.50528
16.7000 2 10192.15872
16.8000 2 12058.624
16.9000 2 10726.93248
17.0000 2 10139.72992
17.1000 2 12320.768
17.2000 2 11817.45152
17.3000 2 10611.58912
17.4000 2 11544.82176
17.5000 2 9867.10016
17.6000 2 8682.20928
17.7000 2 11796.48
17.8000 2 9091.15392
17.9000 2 10569.64608
18.0000 2 12289.31072
18.1000 2 11324.6208
18.2000 2 11544.82176
18.3000 2 12488.54016
18.4000 2 9279.8976
18.5000 2 10936.64768
18.6000 2 12572.42624
18.7000 2 10737.41824
18.8000 2 10307.50208
18.9000 2 12320.768
19.0000 2 9552.52736
19.1000 2 11114.9056
19.2000 2 12782.14144
19.3000 2 9594.4704
19.4000 2 10810.81856
19.5000 2 12813.59872
19.6000 2 6826.22976
19.7000 2 10905.1904
19.8000 2 6931.08736
19.9000 2 9856.6144
20.0000 2 6291.456
20.1000 2 9447.66976
20.2000 2 8032.09216
20.3000 2 9846.12864
20.4000 2 9080.66816
20.5000 2 10716.44672
20.6000 2 10443.81696
20.7000 2 10422.84544
20.8000 2 9563.01312
20.9000 2 9835.64288
21.0000 2 10087.30112
21.1000 2 9961.472
21.2000 2 11335.10656
21.3000 2 10485.76
21.4000 2 10863.24736
21.5000 2 10768.87552
21.6000 2 9762.24256
21.7000 2 10139.72992
21.8000 2 7256.14592
21.9000 2 10517.21728
22.0000 2 7843.34848
22.1000 2 9667.87072
22.2000 2 11062.4768
22.3000 2 9909.0432
22.4000 2 11198.79168
22.5000 2 10915.67616
22.6000 2 10108.27264
22.7000 2 11702.10816
22.8000 2 11429.4784
22.9000 2 10506.73152
23.0000 2 12226.39616
23.1000 2 9982.44352
23.2000 2 10055.84384
23.3000 2 12561.94048
23.4000 2 9279.8976
23.5000 2 10328.4736
23.6000 2 12624.85504
23.7000 2 8891.92448
23.8000 2 11555.30752
23.9000 2 10800.3328
24.0000 2 9332.3264
24.1000 2 11576.27904
24.2000 2 10213.13024
24.3000 2 11198.79168
24.4000 2 10905.1904
24.5000 2 11765.02272
24.6000 2 12100.56704
24.7000 2 10999.56224
24.8000 2 12488.54016
24.9000 2 10810.81856
25.0000 2 12362.71104
25.1000 2 10559.16032
25.2000 2 11083.44832
25.3000 2 10548.67456
25.4000 2 11754.53696
25.5000 2 11869.88032
25.6000 2 12771.65568
25.7000 2 10349.44512
25.8000 2 12111.0528
25.9000 2 11576.27904
26.0000 2 10391.38816
26.1000 2 11848.9088
26.2000 2 12215.9104
26.3000 2 10821.30432
26.4000 2 10517.21728
26.5000 2 13316.9152
26.6000 2 9930.01472
26.7000 2 9867.10016
26.8000 2 12603.88352
26.9000 2 10726.93248
27.0000 2 10160.70144
27.1000 2 12572.42624
27.2000 2 9720.29952
27.3000 2 11240.73472
27.4000 2 9510.58432
27.5000 2 9154.06848
27.6000 2 12090.08128
27.7000 2 10139.72992
27.8000 2 12090.08128
27.9000 2 10695.4752
28.0000 2 9227.4688
28.1000 2 10359.93088
28.2000 2 9961.472
28.3000 2 13033.79968
28.4000 2 10884.21888
28.5000 2 10160.70144
28.6000 2 13746.83136
28.7000 2 9772.72832
28.8000 2 11272.192
28.9000 2 12132.02432
29.0000 2 9007.26784
29.1000 2 10475.27424
29.2000 2 13516.14464
29.3000 2 10517.21728
29.4000 2 11272.192
29.5000 2 12163.4816
29.6000 2 9699.328
29.7000 2 11188.30592
29.8000 2 12111.0528
29.9000 2 10716.44672
30.0000 2 10286.53056
30.1000 2 11618.22208
30.2000 2 10097.78688
30.3000 2 11765.02272
30.4000 2 11922.30912
30.5000 2 10768.87552
30.6000 2 9804.1856
30.7000 2 12278.82496
30.8000 2 10412.35968
30.9000 2 11628.70784
31.0000 2 11670.65088
31.1000 2 11995.70944
31.2000 2 11544.82176
31.3000 2 12341.73952
31.4000 2 11471.42144
31.5000 2 10517.21728
31.6000 2 11785.99424
31.7000 2 11418.99264
31.8000 2 11492.39296
31.9000 2 11796.48
32.0000 2 11261.70624
32.1000 2 12058.624
32.2000 2 11398.02112
32.3000 2 10464.78848
32.4000 2 12729.71264
32.5000 2 11303.64928
32.6000 2 10705.96096
32.7000 2 12436.11136
32.8000 2 10506.73152
32.9000 2 10464.78848
33.0000 2 11639.1936
33.1000 2 12561.94048
33.2000 2 10359.93088
33.3000 2 10475.27424
33.4000 2 10968.10496
33.5000 2 10800.3328
33.6000 2 11932.79488
33.7000 2 11744.0512
33.8000 2 10747.904
33.9000 2 11156.84864
34.0000 2 13254.00064
34.1000 2 10464.78848
34.2000 2 10464.78848
34.3000 2 12582.912
34.4000 2 11439.96416
34.5000 2 10810.81856
34.6000 2 13201.57184
34.7000 2 11618.22208
34.8000 2 10317.98784
34.9000 2 11838.42304
35.0000 2 12394.16832
35.1000 2 10653.53216
35.2000 2 11848.9088
35.3000 2 12457.08288
35.4000 2 11209.27744
35.5000 2 11985.22368
35.6000 2 11031.01952
35.7000 2 11010.048
35.8000 2 11723.07968
35.9000 2 11607.73632
36.0000 2 10957.6192
36.1000 2 11691.6224
36.2000 2 10548.67456
36.3000 2 11911.82336
36.4000 2 12320.768
36.5000 2 9783.21408
36.6000 2 10611.58912
36.7000 2 11418.99264
36.8000 2 11251.22048
36.9000 2 11817.45152
37.0000 2 12635.3408
37.1000 2 11460.93568
37.2000 2 9636.41344
37.3000 2 13191.08608
37.4000 2 10548.67456
37.5000 2 10622.07488
37.6000 2 12121.53856
37.7000 2 11031.01952
37.8000 2 10989.07648
37.9000 2 12824.08448
38.0000 2 10391.38816
38.1000 2 9909.0432
38.2000 2 13358.85824
38.3000 2 10349.44512
38.4000 2 9542.0416
38.5000 2 12205.42464
38.6000 2 9279.8976
38.7000 2 11356.07808
38.8000 2 12299.79648
38.9000 2 9867.10016
39.0000 2 11702.10816
39.1000 2 12016.68096
39.2000 2 11880.36608
39.3000 2 11576.27904
39.4000 2 12341.73952
39.5000 2 11051.99104
39.6000 2 11439.96416
39.7000 2 12383.68256
39.8000 2 11366.56384
39.9000 2 11261.70624
40.0000 2 11565.79328
40.1000 2 11135.87712
40.2000 2 11167.3344
40.3000 2 12121.53856
40.4000 2 11314.13504
40.5000 2 11041.50528
40.6000 2 11481.9072
40.7000 2 12436.11136
40.8000 2 12803.11296
40.9000 2 9783.21408
41.0000 2 11135.87712
41.1000 2 11240.73472
41.2000 2 11586.7648
41.3000 2 11869.88032
41.4000 2 12069.10976
41.5000 2 11838.42304
41.6000 2 11418.99264
41.7000 2 10580.13184
41.8000 2 12918.45632
41.9000 2 11765.02272
42.0000 2 10213.13024
42.1000 2 12614.36928
42.2000 2 11156.84864
42.3000 2 11618.22208
42.4000 2 12362.71104
42.5000 2 11880.36608
42.6000 2 11817.45152
42.7000 2 10034.87232
42.8000 2 12509.51168
42.9000 2 12215.9104
43.0000 2 11418.99264
43.1000 2 12404.65408
43.2000 2 11335.10656
43.3000 2 10821.30432
43.4000 2 11712.59392
43.5000 2 12530.4832
43.6000 2 11324.6208
43.7000 2 11460.93568
43.8000 2 12582.912
43.9000 2 12519.99744
44.0000 2 11293.16352
44.1000 2 12048.13824
44.2000 2 13285.45792
44.3000 2 11135.87712
44.4000 2 11387.53536
44.5000 2 12855.54176
44.6000 2 11985.22368
44.7000 2 10779.36128
44.8000 2 10747.904
44.9000 2 12824.08448
45.0000 2 8860.4672
45.1000 2 11450.44992
45.2000 2 9762.24256
45.3000 2 7644.11904
45.4000 2 11062.4768
45.5000 2 7728.00512
45.6000 2 11282.67776
45.7000 2 9038.72512
45.8000 2 11513.36448
45.9000 2 12058.624
46.0000 2 10255.07328
46.1000 2 11890.85184
46.2000 2 11597.25056
46.3000 2 11649.67936
46.4000 2 11356.07808
46.5000 2 12467.56864
46.6000 2 12037.65248
46.7000 2 10171.1872
46.8000 2 12886.99904
46.9000 2 12488.54016
47.0000 2 10989.07648
47.1000 2 11880.36608
47.2000 2 12268.3392
47.3000 2 10695.4752
47.4000 2 11041.50528
47.5000 2 10401.87392
47.6000 2 12457.08288
47.7000 2 12729.71264
47.8000 2 10601.10336
47.9000 2 10957.6192
48.0000 2 12540.96896
48.1000 2 11062.4768
48.2000 2 11544.82176
48.3000 2 12834.57024
48.4000 2 12037.65248
48.5000 2 11010.048
48.6000 2 11754.53696
48.7000 2 12310.28224
48.8000 2 10422.84544
48.9000 2 11219.7632
49.0000 2 10464.78848
49.1000 2 8189.37856
49.2000 2 12886.99904
49.3000 2 9395.24096
49.4000 2 9741.27104
49.5000 2 10664.01792
49.6000 2 9741.27104
49.7000 2 12341.73952
49.8000 2 8095.00672
49.9000 2 9038.72512
50.0000 2 12960.39936
50.1000 2 9657.38496
50.2000 2 11303.64928
50.3000 2 13044.28544
50.4000 2 10936.64768
50.5000 2 10643.0464
50.6000 2 13977.51808
50.7000 2 10926.16192
50.8000 2 10758.38976
50.9000 2 12069.10976
51.0000 2 8629.78048
51.1000 2 9416.21248
51.2000 2 7853.83424
51.3000 2 10276.0448
51.4000 2 13516.14464
51.5000 2 11555.30752
51.6000 2 11251.22048
51.7000 2 12561.94048
51.8000 2 11712.59392
51.9000 2 10664.01792
52.0000 2 12132.02432
52.1000 2 12058.624
52.2000 2 11345.59232
52.3000 2 11555.30752
52.4000 2 12792.6272
52.5000 2 10223.616
52.6000 2 9751.7568
52.7000 2 13788.7744
52.8000 2 10328.4736
52.9000 2 11104.41984
53.0000 2 12855.54176
53.1000 2 11754.53696
53.2000 2 11198.79168
53.3000 2 11230.24896
53.4000 2 13023.31392
53.5000 2 11366.56384
53.6000 2 11523.85024
53.7000 2 13149.14304
53.8000 2 10213.13024
53.9000 2 9342.81216
54.0000 2 11209.27744
54.1000 2 8839.49568
54.2000 2 11513.36448
54.3000 2 12866.02752
54.4000 2 10391.38816
54.5000 2 11775.50848
54.6000 2 13767.80288
54.7000 2 11324.6208
54.8000 2 10590.6176
54.9000 2 12949.9136
55.0000 2 8441.0368
55.1000 2 8409.57952
55.2000 2 10443.81696
55.3000 2 9479.12704
55.4000 2 11031.01952
55.5000 2 9783.21408
55.6000 2 10328.4736
55.7000 2 9573.49888
55.8000 2 10737.41824
55.9000 2 8860.4672
56.0000 2 11230.24896
56.1000 2 9604.95616
56.2000 2 9835.64288
56.3000 2 9888.07168
56.4000 2 9594.4704
56.5000 2 10884.21888
56.6000 2 10957.6192
56.7000 2 10684.98944
56.8000 2 9772.72832
56.9000 2 11251.22048
57.0000 2 11418.99264
57.1000 2 10485.76
57.2000 2 11471.42144
57.3000 2 11607.73632
57.4000 2 9363.78368
57.5000 2 11586.7648
57.6000 2 11481.9072
57.7000 2 10569.64608
57.8000 2 11303.64928
57.9000 2 11597.25056
58.0000 2 10978.59072
58.1000 2 11198.79168
58.2000 2 11702.10816
58.3000 2 10747.904
58.4000 2 10737.41824
58.5000 2 11230.24896
58.6000 2 11754.53696
58.7000 2 10338.95936
58.8000 2 11744.0512
58.9000 2 11702.10816
59.0000 2 10527.70304
59.1000 2 11146.36288
59.2000 2 11230.24896
59.3000 2 10370.41664
59.4000 2 11439.96416
59.5000 2 11534.336
59.6000 2 10705.96096
59.7000 2 11576.27904
59.8000 2 11869.88032
59.9000 2 10768.87552
60.0000 2 10957.6192
60.1000 2 12415.13984
60.2000 2 10705.96096
60.3000 2 10548.67456
60.4000 2 12404.65408
60.5000 2 10223.616
60.6000 2 10118.7584
60.7000 2 12373.1968
60.8000 2 10150.21568
60.9000 2 10789.84704
61.0000 2 11974.73792
61.1000 2 10024.38656
61.2000 2 11114.9056
61.3000 2 9856.6144
61.4000 2 9898.55744
61.5000 2 12855.54176
61.6000 2 9353.29792
61.7000 2 10013.9008
61.8000 2 12561.94048
61.9000 2 9447.66976
62.0000 2 10265.55904
62.1000 2 11964.25216
62.2000 2 9311.35488
62.3000 2 11723.07968
62.4000 2 10538.1888
62.5000 2 8671.72352
62.6000 2 12100.56704
62.7000 2 8661.23776
62.8000 2 10422.84544
62.9000 2 11985.22368
63.0000 2 10580.13184
63.1000 2 11083.44832
63.2000 2 9300.86912
63.3000 2 9206.49728
63.4000 2 11565.79328
63.5000 2 8399.09376
63.6000 2 9164.55424
63.7000 2 8661.23776
63.8000 2 10454.30272
63.9000 2 11020.53376
64.0000 2 11156.84864
64.1000 2 12100.56704
64.2000 2 11523.85024
64.3000 2 10852.7616
64.4000 2 11901.3376
64.5000 2 10957.6192
64.6000 2 11460.93568
64.7000 2 11995.70944
64.8000 2 10705.96096
64.9000 2 11785.99424
65.0000 2 11481.9072
65.1000 2 11282.67776
65.2000 2 12624.85504
65.3000 2 11723.07968
65.4000 2 11377.0496
65.5000 2 11618.22208
65.6000 2 12184.45312
65.7000 2 11387.53536
65.8000 2 11502.87872
65.9000 2 12079.59552
66.0000 2 12016.68096
66.1000 2 11230.24896
66.2000 2 12205.42464
66.3000 2 11345.59232
66.4000 2 11702.10816
66.5000 2 12603.88352
66.6000 2 11471.42144
66.7000 2 12845.056
66.8000 2 10475.27424
66.9000 2 12656.31232
67.0000 2 11702.10816
67.1000 2 11418.99264
67.2000 2 11303.64928
67.3000 2 11848.9088
67.4000 2 11356.07808
67.5000 2 11534.336
67.6000 2 11565.79328
67.7000 2 12006.1952
67.8000 2 11765.02272
67.9000 2 12415.13984
68.0000 2 12320.768
68.1000 2 11911.82336
68.2000 2 11639.1936
68.3000 2 10957.6192
68.4000 2 10443.81696
68.5000 2 11209.27744
68.6000 2 12845.056
68.7000 2 12069.10976
68.8000 2 11282.67776
68.9000 2 12771.65568
69.0000 2 12236.88192
69.1000 2 10538.1888
69.2000 2 11576.27904
69.3000 2 12478.0544
69.4000 2 11429.4784
69.5000 2 11418.99264
69.6000 2 12970.88512
69.7000 2 12341.73952
69.8000 2 11324.6208
69.9000 2 12457.08288
70.0000 2 11618.22208
70.1000 2 12782.14144
70.2000 2 11324.6208
70.3000 2 12824.08448
70.4000 2 11660.16512
70.5000 2 11125.39136
70.6000 2 11681.13664
70.7000 2 10747.904
70.8000 2 8902.41024
70.9000 2 10150.21568
71.0000 2 11628.70784
71.1000 2 12299.79648
71.2000 2 11450.44992
71.3000 2 10768.87552
71.4000 2 13369.344
71.5000 2 10695.4752
71.6000 2 11377.0496
71.7000 2 12677.28384
71.8000 2 12614.36928
71.9000 2 10391.38816
72.0000 2 11943.28064
72.1000 2 13117.68576
72.2000 2 11366.56384
72.3000 2 10150.21568
72.4000 2 13327.40096
72.5000 2 11156.84864
72.6000 2 11272.192
72.7000 2 12729.71264
72.8000 2 12226.39616
72.9000 2 10968.10496
73.0000 2 11565.79328
73.1000 2 12666.79808
73.2000 2 10244.58752
73.3000 2 11712.59392
73.4000 2 12289.31072
73.5000 2 11555.30752
73.6000 2 11418.99264
73.7000 2 12687.7696
73.8000 2 12656.31232
73.9000 2 11377.0496
74.0000 2 11324.6208
74.1000 2 11985.22368
74.2000 2 11429.4784
74.3000 2 11083.44832
74.4000 2 12278.82496
74.5000 2 12404.65408
74.6000 2 11639.1936
74.7000 2 12278.82496
74.8000 2 12425.6256
74.9000 2 11492.39296
75.0000 2 10359.93088
75.1000 2 12163.4816
75.2000 2 11964.25216
75.3000 2 5242.88
