0.1000 2 0.0
0.2000 2 10087.30112
0.3000 2 6784.28672
0.4000 2 10726.93248
0.5000 2 7455.37536
0.6000 2 10506.73152
0.7000 2 7916.7488
0.8000 2 12582.912
0.9000 2 8168.40704
1.0000 2 9741.27104
1.1000 2 9940.50048
1.2000 2 8671.72352
1.3000 2 9353.29792
1.4000 2 9594.4704
1.5000 2 9468.64128
1.6000 2 10957.6192
1.7000 2 10800.3328
1.8000 2 9237.95456
1.9000 2 12467.56864
2.0000 2 10632.56064
2.1000 2 9573.49888
2.2000 2 12750.68416
2.3000 2 8923.38176
2.4000 2 10548.67456
2.5000 2 11953.7664
2.6000 2 9416.21248
2.7000 2 11282.67776
2.8000 2 11712.59392
2.9000 2 10370.41664
3.0000 2 11303.64928
3.1000 2 11293.16352
3.2000 2 10150.21568
3.3000 2 8944.35328
3.4000 2 10024.38656
3.5000 2 11597.25056
3.6000 2 9007.26784
3.7000 2 11901.3376
3.8000 2 9175.04
3.9000 2 11335.10656
4.0000 2 11072.96256
4.1000 2 10087.30112
4.2000 2 11031.01952
4.3000 2 12289.31072
4.4000 2 8063.54944
4.5000 2 13212.0576
4.6000 2 7392.4608
4.7000 2 9363.78368
4.8000 2 11031.01952
4.9000 2 6239.0272
5.0000 2 11502.87872
5.1000 2 5872.0256
5.2000 2 10947.13344
5.3000 2 8367.63648
5.4000 2 12446.59712
5.5000 2 10108.27264
5.6000 2 9279.8976
5.7000 2 12530.4832
5.8000 2 9395.24096
5.9000 2 10454.30272
6.0000 2 9856.6144
6.1000 2 9143.58272
6.2000 2 12121.53856
6.3000 2 11513.36448
6.4000 2 9594.4704
6.5000 2 12184.45312
6.6000 2 10758.38976
6.7000 2 9835.64288
6.8000 2 12069.10976
6.9000 2 10863.24736
7.0000 2 11513.36448
7.1000 2 10307.50208
7.2000 2 11607.73632
7.3000 2 10905.1904
7.4000 2 9311.35488
7.5000 2 11859.39456
7.6000 2 11104.41984
7.7000 2 9898.55744
7.8000 2 11754.53696
7.9000 2 11062.4768
8.0000 2 9237.95456
8.1000 2 12572.42624
8.2000 2 9237.95456
8.3000 2 10370.41664
8.4000 2 13159.6288
8.5000 2 7067.40224
8.6000 2 9835.64288
8.7000 2 9122.6112
8.8000 2 10286.53056
8.9000 2 11785.99424
9.0000 2 10538.1888
9.1000 2 10695.4752
9.2000 2 11827.93728
9.3000 2 10150.21568
9.4000 2 9825.15712
9.5000 2 10464.78848
9.6000 2 12079.59552
9.7000 2 9762.24256
9.8000 2 10297.01632
9.9000 2 10863.24736
10.0000 2 10810.81856
10.1000 2 11450.44992
10.2000 2 10506.73152
10.3000 2 10359.93088
10.4000 2 10297.01632
10.5000 2 8870.95296
10.6000 2 12194.93888
10.7000 2 11198.79168
10.8000 2 9982.44352
10.9000 2 10653.53216
11.0000 2 11450.44992
11.1000 2 10674.50368
11.2000 2 9091.15392
11.3000 2 10989.07648
11.4000 2 10223.616
11.5000 2 10244.58752
11.6000 2 10622.07488
11.7000 2 11125.39136
11.8000 2 11618.22208
11.9000 2 11272.192
12.0000 2 10926.16192
12.1000 2 10255.07328
12.2000 2 11072.96256
12.3000 2 10013.9008
12.4000 2 10307.50208
12.5000 2 11167.3344
12.6000 2 9688.84224
12.7000 2 10726.93248
12.8000 2 11439.96416
12.9000 2 11481.9072
13.0000 2 9059.69664
13.1000 2 8902.41024
13.2000 2 9783.21408
13.3000 2 11775.50848
13.4000 2 10150.21568
13.5000 2 11670.65088
13.6000 2 10768.87552
13.7000 2 10884.21888
13.8000 2 10989.07648
13.9000 2 11481.9072
14.0000 2 10905.1904
14.1000 2 11859.39456
14.2000 2 11523.85024
14.3000 2 11198.79168
14.4000 2 10852.7616
14.5000 2 10789.84704
14.6000 2 10737.41824
14.7000 2 11324.6208
14.8000 2 10810.81856
14.9000 2 10538.1888
15.0000 2 10401.87392
15.1000 2 10653.53216
15.2000 2 11293.16352
15.3000 2 9804.1856
15.4000 2 11932.79488
15.5000 2 10034.87232
15.6000 2 9888.07168
15.7000 2 11995.70944
15.8000 2 10947.13344
15.9000 2 10538.1888
16.0000 2 12194.93888
16.1000 2 10192.15872
16.2000 2 10349.44512
16.3000 2 11597.25056
16.4000 2 8713.66656
16.5000 2 10852.7616
16.6000 2 10412.35968
16.7000 2 10118.7584
16.8000 2 12792.6272
16.9000 2 9405.72672
17.0000 2 9070.1824
17.1000 2 12331.25376
17.2000 2 9909.0432
17.3000 2 11356.07808
17.4000 2 10276.0448
17.5000 2 9489.6128
17.6000 2 13212.0576
17.7000 2 8493.4656
17.8000 2 8692.69504
17.9000 2 12173.96736
18.0000 2 7728.00512
18.1000 2 11911.82336
18.2000 2 9227.4688
18.3000 2 11240.73472
18.4000 2 12320.768
18.5000 2 9615.44192
18.6000 2 10810.81856
18.7000 2 12058.624
18.8000 2 9699.328
18.9000 2 10517.21728
19.0000 2 12226.39616
19.1000 2 10234.10176
19.2000 2 11607.73632
19.3000 2 11398.02112
19.4000 2 9363.78368
19.5000 2 11618.22208
19.6000 2 11796.48
19.7000 2 10831.79008
19.8000 2 10412.35968
19.9000 2 11398.02112
20.0000 2 10422.84544
20.1000 2 10506.73152
20.2000 2 9772.72832
20.3000 2 8923.38176
20.4000 2 8933.86752
20.5000 2 10695.4752
20.6000 2 9877.58592
20.7000 2 10118.7584
20.8000 2 10380.9024
20.9000 2 11135.87712
21.0000 2 10978.59072
21.1000 2 10611.58912
21.2000 2 11135.87712
21.3000 2 10936.64768
21.4000 2 10013.9008
21.5000 2 12320.768
21.6000 2 10590.6176
21.7000 2 9007.26784
21.8000 2 11922.30912
21.9000 2 10580.13184
22.0000 2 11125.39136
22.1000 2 9877.58592
22.2000 2 11387.53536
22.3000 2 11607.73632
22.4000 2 10716.44672
22.5000 2 10297.01632
22.6000 2 11156.84864
22.7000 2 10265.55904
22.8000 2 11051.99104
22.9000 2 11345.59232
23.0000 2 10590.6176
23.1000 2 9961.472
23.2000 2 12226.39616
23.3000 2 12016.68096
23.4000 2 10192.15872
23.5000 2 10202.64448
23.6000 2 11481.9072
23.7000 2 9374.26944
23.8000 2 12352.22528
23.9000 2 11439.96416
24.0000 2 10936.64768
24.1000 2 12215.9104
24.2000 2 10810.81856
24.3000 2 8870.95296
24.4000 2 12236.88192
24.5000 2 11660.16512
24.6000 2 9898.55744
24.7000 2 12016.68096
24.8000 2 10758.38976
24.9000 2 8975.81056
25.0000 2 13201.57184
25.1000 2 10506.73152
25.2000 2 9196.01152
25.3000 2 13411.28704
25.4000 2 10380.9024
25.5000 2 8797.55264
25.6000 2 12436.11136
25.7000 2 8944.35328
25.8000 2 10422.84544
25.9000 2 9196.01152
26.0000 2 8420.06528
26.1000 2 9604.95616
26.2000 2 9185.52576
26.3000 2 7769.94816
26.4000 2 10842.27584
26.5000 2 7790.91968
26.6000 2 10034.87232
26.7000 2 9237.95456
26.8000 2 10181.67296
26.9000 2 8891.92448
27.0000 2 10674.50368
27.1000 2 8975.81056
27.2000 2 10160.70144
27.3000 2 7539.26144
27.4000 2 11796.48
27.5000 2 9206.49728
27.6000 2 9825.15712
27.7000 2 11010.048
27.8000 2 9531.55584
27.9000 2 9709.81376
28.0000 2 10380.9024
28.1000 2 9216.98304
28.2000 2 9489.6128
28.3000 2 11534.336
28.4000 2 9447.66976
28.5000 2 9950.98624
28.6000 2 10129.24416
28.7000 2 10622.07488
28.8000 2 9615.44192
28.9000 2 11439.96416
29.0000 2 9615.44192
29.1000 2 7895.77728
29.2000 2 11460.93568
29.3000 2 8839.49568
29.4000 2 11429.4784
29.5000 2 9248.44032
29.6000 2 9321.84064
29.7000 2 10454.30272
29.8000 2 9374.26944
29.9000 2 11827.93728
30.0000 2 10171.1872
30.1000 2 10758.38976
30.2000 2 10705.96096
30.3000 2 9500.09856
30.4000 2 11303.64928
30.5000 2 10926.16192
30.6000 2 10957.6192
30.7000 2 10475.27424
30.8000 2 10737.41824
30.9000 2 10506.73152
31.0000 2 10223.616
31.1000 2 10968.10496
31.2000 2 9510.58432
31.3000 2 9206.49728
31.4000 2 11492.39296
31.5000 2 9730.78528
31.6000 2 10517.21728
31.7000 2 10349.44512
31.8000 2 9489.6128
31.9000 2 11219.7632
32.0000 2 10255.07328
32.1000 2 11198.79168
32.2000 2 10464.78848
32.3000 2 9982.44352
32.4000 2 11093.93408
32.5000 2 11031.01952
32.6000 2 10842.27584
32.7000 2 11135.87712
32.8000 2 11209.27744
32.9000 2 8441.0368
33.0000 2 10569.64608
33.1000 2 8566.86592
33.2000 2 10611.58912
33.3000 2 10852.7616
33.4000 2 9164.55424
33.5000 2 12782.14144
33.6000 2 9563.01312
33.7000 2 9112.12544
33.8000 2 12719.22688
33.9000 2 8115.97824
34.0000 2 12499.02592
34.1000 2 10674.50368
34.2000 2 10611.58912
34.3000 2 12037.65248
34.4000 2 11377.0496
34.5000 2 9741.27104
34.6000 2 12404.65408
34.7000 2 8629.78048
34.8000 2 9038.72512
34.9000 2 12142.51008
35.0000 2 10055.84384
35.1000 2 12079.59552
35.2000 2 10317.98784
35.3000 2 10192.15872
35.4000 2 10737.41824
35.5000 2 12058.624
35.6000 2 10076.81536
35.7000 2 11240.73472
35.8000 2 10947.13344
35.9000 2 10779.36128
36.0000 2 11628.70784
36.1000 2 11733.56544
36.2000 2 10559.16032
36.3000 2 11702.10816
36.4000 2 11251.22048
36.5000 2 9793.69984
36.6000 2 11649.67936
36.7000 2 10863.24736
36.8000 2 10905.1904
36.9000 2 11051.99104
37.0000 2 11838.42304
37.1000 2 10726.93248
37.2000 2 10632.56064
37.3000 2 11670.65088
37.4000 2 10276.0448
37.5000 2 10601.10336
37.6000 2 10989.07648
37.7000 2 11135.87712
37.8000 2 10307.50208
37.9000 2 11093.93408
38.0000 2 10989.07648
38.1000 2 11460.93568
38.2000 2 10024.38656
38.3000 2 11880.36608
38.4000 2 10758.38976
38.5000 2 9542.0416
38.6000 2 8409.57952
38.7000 2 10349.44512
38.8000 2 11093.93408
38.9000 2 10926.16192
39.0000 2 11219.7632
39.1000 2 11167.3344
39.2000 2 11010.048
39.3000 2 11072.96256
39.4000 2 11859.39456
39.5000 2 11261.70624
39.6000 2 11010.048
39.7000 2 12058.624
39.8000 2 10611.58912
39.9000 2 10234.10176
40.0000 2 10852.7616
40.1000 2 11335.10656
40.2000 2 10601.10336
40.3000 2 11932.79488
40.4000 2 11314.13504
40.5000 2 11303.64928
40.6000 2 11848.9088
40.7000 2 10580.13184
40.8000 2 11985.22368
40.9000 2 11607.73632
41.0000 2 10863.24736
41.1000 2 11219.7632
41.2000 2 11806.96576
41.3000 2 9814.67136
41.4000 2 11806.96576
41.5000 2 11104.41984
41.6000 2 10255.07328
41.7000 2 11062.4768
41.8000 2 11261.70624
41.9000 2 10968.10496
42.0000 2 11146.36288
42.1000 2 10391.38816
42.2000 2 10726.93248
42.3000 2 10894.70464
42.4000 2 10758.38976
42.5000 2 11156.84864
42.6000 2 11576.27904
42.7000 2 10810.81856
42.8000 2 11702.10816
42.9000 2 10789.84704
43.0000 2 11314.13504
43.1000 2 11125.39136
43.2000 2 11523.85024
43.3000 2 10590.6176
43.4000 2 11471.42144
43.5000 2 11114.9056
43.6000 2 10276.0448
43.7000 2 12121.53856
43.8000 2 10936.64768
43.9000 2 10192.15872
44.0000 2 11943.28064
44.1000 2 11408.50688
44.2000 2 9028.23936
44.3000 2 10873.73312
44.4000 2 10181.67296
44.5000 2 10003.41504
44.6000 2 12247.36768
44.7000 2 9709.81376
44.8000 2 10559.16032
44.9000 2 12876.51328
45.0000 2 10726.93248
45.1000 2 10433.3312
45.2000 2 12981.37088
45.3000 2 10003.41504
45.4000 2 9164.55424
45.5000 2 13348.37248
45.6000 2 8367.63648
45.7000 2 10999.56224
45.8000 2 9594.4704
45.9000 2 9793.69984
46.0000 2 12719.22688
46.1000 2 10768.87552
46.2000 2 9374.26944
46.3000 2 10538.1888
46.4000 2 10422.84544
46.5000 2 10915.67616
46.6000 2 11754.53696
46.7000 2 10454.30272
46.8000 2 11974.73792
46.9000 2 11439.96416
47.0000 2 10286.53056
47.1000 2 11251.22048
47.2000 2 11293.16352
47.3000 2 9950.98624
47.4000 2 11586.7648
47.5000 2 11618.22208
47.6000 2 10118.7584
47.7000 2 11785.99424
47.8000 2 11209.27744
47.9000 2 10055.84384
48.0000 2 11869.88032
48.1000 2 11607.73632
48.2000 2 10705.96096
48.3000 2 11398.02112
48.4000 2 10601.10336
48.5000 2 9825.15712
48.6000 2 12677.28384
48.7000 2 10380.9024
48.8000 2 10705.96096
48.9000 2 12383.68256
49.0000 2 9856.6144
49.1000 2 9269.41184
49.2000 2 13180.60032
49.3000 2 9500.09856
49.4000 2 9992.92928
49.5000 2 12289.31072
49.6000 2 9898.55744
49.7000 2 11051.99104
49.8000 2 11943.28064
49.9000 2 10234.10176
50.0000 2 11125.39136
50.1000 2 11901.3376
50.2000 2 10338.95936
50.3000 2 11272.192
50.4000 2 12184.45312
50.5000 2 10359.93088
50.6000 2 11093.93408
50.7000 2 12215.9104
50.8000 2 10747.904
50.9000 2 10601.10336
51.0000 2 11712.59392
51.1000 2 9426.69824
51.2000 2 11943.28064
51.3000 2 10800.3328
51.4000 2 10024.38656
51.5000 2 12436.11136
51.6000 2 10957.6192
51.7000 2 10213.13024
51.8000 2 12446.59712
51.9000 2 10590.6176
52.0000 2 10317.98784
52.1000 2 12499.02592
52.2000 2 10779.36128
52.3000 2 10768.87552
52.4000 2 11922.30912
52.5000 2 10454.30272
52.6000 2 10307.50208
52.7000 2 12771.65568
52.8000 2 10464.78848
52.9000 2 9804.1856
53.0000 2 12991.85664
53.1000 2 9783.21408
53.2000 2 9793.69984
53.3000 2 13065.25696
53.4000 2 10307.50208
53.5000 2 10150.21568
53.6000 2 12834.57024
53.7000 2 10590.6176
53.8000 2 10160.70144
53.9000 2 12750.68416
54.0000 2 10454.30272
54.1000 2 10297.01632
54.2000 2 12152.99584
54.3000 2 10118.7584
54.4000 2 9950.98624
54.5000 2 12834.57024
54.6000 2 10758.38976
54.7000 2 10297.01632
54.8000 2 13201.57184
54.9000 2 10150.21568
55.0000 2 10968.10496
55.1000 2 12792.6272
55.2000 2 10779.36128
55.3000 2 10611.58912
55.4000 2 12268.3392
55.5000 2 10758.38976
55.6000 2 10601.10336
55.7000 2 12530.4832
55.8000 2 10276.0448
55.9000 2 9542.0416
56.0000 2 12142.51008
56.1000 2 9825.15712
56.2000 2 10443.81696
56.3000 2 12362.71104
56.4000 2 10265.55904
56.5000 2 10359.93088
56.6000 2 11848.9088
56.7000 2 9888.07168
56.8000 2 11744.0512
56.9000 2 10737.41824
57.0000 2 10192.15872
57.1000 2 12205.42464
57.2000 2 10894.70464
57.3000 2 9835.64288
57.4000 2 12415.13984
57.5000 2 10223.616
57.6000 2 9542.0416
57.7000 2 12855.54176
57.8000 2 10265.55904
57.9000 2 10307.50208
58.0000 2 12991.85664
58.1000 2 10684.98944
58.2000 2 10464.78848
58.3000 2 12373.1968
58.4000 2 10548.67456
58.5000 2 8556.38016
58.6000 2 8986.29632
58.7000 2 9583.98464
58.8000 2 11859.39456
58.9000 2 10234.10176
59.0000 2 11303.64928
59.1000 2 12666.79808
59.2000 2 10957.6192
59.3000 2 10622.07488
59.4000 2 11806.96576
59.5000 2 10716.44672
59.6000 2 10538.1888
59.7000 2 12352.22528
59.8000 2 11010.048
59.9000 2 10863.24736
60.0000 2 12561.94048
60.1000 2 11072.96256
60.2000 2 10538.1888
60.3000 2 12530.4832
60.4000 2 10286.53056
60.5000 2 10653.53216
60.6000 2 12635.3408
60.7000 2 10401.87392
60.8000 2 10286.53056
60.9000 2 12792.6272
61.0000 2 9982.44352
61.1000 2 10601.10336
61.2000 2 12540.96896
61.3000 2 10590.6176
61.4000 2 10045.35808
61.5000 2 12383.68256
61.6000 2 10569.64608
61.7000 2 10359.93088
61.8000 2 13086.22848
61.9000 2 10580.13184
62.0000 2 10234.10176
62.1000 2 12813.59872
62.2000 2 9772.72832
62.3000 2 10506.73152
62.4000 2 12729.71264
62.5000 2 10066.3296
62.6000 2 10464.78848
62.7000 2 12918.45632
62.8000 2 10433.3312
62.9000 2 9646.8992
63.0000 2 12184.45312
63.1000 2 10108.27264
63.2000 2 10181.67296
63.3000 2 13054.7712
63.4000 2 9856.6144
63.5000 2 10297.01632
63.6000 2 12027.16672
63.7000 2 9416.21248
63.8000 2 11481.9072
63.9000 2 11408.50688
64.0000 2 10276.0448
64.1000 2 11565.79328
64.2000 2 11398.02112
64.3000 2 10590.6176
64.4000 2 11450.44992
64.5000 2 11072.96256
64.6000 2 10538.1888
64.7000 2 11723.07968
64.8000 2 10926.16192
64.9000 2 10695.4752
65.0000 2 11985.22368
65.1000 2 11492.39296
65.2000 2 10422.84544
65.3000 2 11335.10656
65.4000 2 10821.30432
65.5000 2 10664.01792
65.6000 2 12226.39616
65.7000 2 10779.36128
65.8000 2 10831.79008
65.9000 2 12090.08128
66.0000 2 10758.38976
66.1000 2 9825.15712
66.2000 2 12331.25376
66.3000 2 11471.42144
66.4000 2 10391.38816
66.5000 2 12331.25376
66.6000 2 11261.70624
66.7000 2 10401.87392
66.8000 2 11827.93728
66.9000 2 11156.84864
67.0000 2 10496.24576
67.1000 2 11859.39456
67.2000 2 11177.82016
67.3000 2 10380.9024
67.4000 2 12006.1952
67.5000 2 11544.82176
67.6000 2 10831.79008
67.7000 2 11272.192
67.8000 2 11911.82336
67.9000 2 10433.3312
68.0000 2 11387.53536
68.1000 2 12173.96736
68.2000 2 10559.16032
68.3000 2 11041.50528
68.4000 2 12373.1968
68.5000 2 10810.81856
68.6000 2 10684.98944
68.7000 2 12362.71104
68.8000 2 9930.01472
68.9000 2 10852.7616
69.0000 2 12991.85664
69.1000 2 10664.01792
69.2000 2 10758.38976
69.3000 2 13044.28544
69.4000 2 10737.41824
69.5000 2 8105.49248
69.6000 2 12100.56704
69.7000 2 9038.72512
69.8000 2 12540.96896
69.9000 2 7581.20448
70.0000 2 9919.52896
70.1000 2 9363.78368
70.2000 2 9636.41344
70.3000 2 9741.27104
70.4000 2 12289.31072
70.5000 2 9216.98304
70.6000 2 8598.3232
70.7000 2 12656.31232
70.8000 2 9950.98624
70.9000 2 11387.53536
71.0000 2 11251.22048
71.1000 2 9636.41344
71.2000 2 11460.93568
71.3000 2 11010.048
71.4000 2 11062.4768
71.5000 2 9374.26944
71.6000 2 9825.15712
71.7000 2 10632.56064
71.8000 2 10569.64608
71.9000 2 11429.4784
72.0000 2 11817.45152
72.1000 2 10129.24416
72.2000 2 11744.0512
72.3000 2 11796.48
72.4000 2 10632.56064
72.5000 2 11439.96416
72.6000 2 11691.6224
72.7000 2 10705.96096
72.8000 2 11460.93568
72.9000 2 11859.39456
73.0000 2 10664.01792
73.1000 2 11251.22048
73.2000 2 11618.22208
73.3000 2 10873.73312
73.4000 2 12090.08128
73.5000 2 11974.73792
73.6000 2 10213.13024
73.7000 2 11481.9072
73.8000 2 11639.1936
73.9000 2 10842.27584
74.0000 2 11219.7632
74.1000 2 12457.08288
74.2000 2 10538.1888
74.3000 2 10978.59072
74.4000 2 12687.7696
74.5000 2 10412.35968
74.6000 2 10590.6176
74.7000 2 12404.65408
74.8000 2 8745.12384
74.9000 2 9730.78528
75.0000 2 10485.76
75.1000 2 9395.24096
75.2000 2 11293.16352
75.3000 2 11072.96256
75.4000 2 11366.56384
75.5000 2 11754.53696
75.6000 2 10873.73312
75.7000 2 10758.38976
75.8000 2 12352.22528
75.9000 2 11219.7632
76.0000 2 10810.81856
76.1000 2 11911.82336
76.2000 2 11303.64928
76.3000 2 10810.81856
76.4000 2 11628.70784
76.5000 2 11890.85184
76.6000 2 9919.52896
76.7000 2 10087.30112
76.8000 2 10674.50368
76.9000 2 11450.44992
77.0000 2 11565.79328
77.1000 2 11104.41984
77.2000 2 10747.904
77.3000 2 11586.7648
77.4000 2 10884.21888
77.5000 2 10968.10496
77.6000 2 11785.99424
77.7000 2 9783.21408
77.8000 2 10590.6176
77.9000 2 6092.22656
