0.1000 2 0.0
0.2000 2 9720.29952
0.3000 2 6312.42752
0.4000 2 12750.68416
0.5000 2 7686.06208
0.6000 2 12729.71264
0.7000 2 12310.28224
0.8000 2 9573.49888
0.9000 2 11062.4768
1.0000 2 11576.27904
1.1000 2 10842.27584
1.2000 2 12205.42464
1.3000 2 11943.28064
1.4000 2 11093.93408
1.5000 2 11859.39456
1.6000 2 11230.24896
1.7000 2 11209.27744
1.8000 2 10978.59072
1.9000 2 11303.64928
2.0000 2 11754.53696
2.1000 2 12173.96736
2.2000 2 9657.38496
2.3000 2 12886.99904
2.4000 2 13180.60032
2.5000 2 9542.0416
2.6000 2 10779.36128
2.7000 2 13254.00064
2.8000 2 9625.92768
2.9000 2 10034.87232
3.0000 2 12708.74112
3.1000 2 9898.55744
3.2000 2 11754.53696
3.3000 2 11922.30912
3.4000 2 10548.67456
3.5000 2 10181.67296
3.6000 2 13117.68576
3.7000 2 7444.8896
3.8000 2 11418.99264
3.9000 2 10926.16192
4.0000 2 10643.0464
4.1000 2 11744.0512
4.2000 2 10338.95936
4.3000 2 8766.09536
4.4000 2 11775.50848
4.5000 2 7759.4624
4.6000 2 11261.70624
4.7000 2 7853.83424
4.8000 2 8933.86752
4.9000 2 9395.24096
5.0000 2 7256.14592
5.1000 2 11230.24896
5.2000 2 9458.15552
5.3000 2 10412.35968
5.4000 2 10422.84544
5.5000 2 10234.10176
5.6000 2 9521.07008
5.7000 2 10695.4752
5.8000 2 9049.21088
5.9000 2 10726.93248
6.0000 2 7518.28992
6.1000 2 9447.66976
6.2000 2 10160.70144
6.3000 2 8776.58112
6.4000 2 10622.07488
6.5000 2 9374.26944
6.6000 2 9038.72512
6.7000 2 10317.98784
6.8000 2 5882.51136
6.9000 2 9384.7552
7.0000 2 8640.26624
7.1000 2 9458.15552
7.2000 2 8797.55264
7.3000 2 11093.93408
7.4000 2 8661.23776
7.5000 2 10758.38976
7.6000 2 9793.69984
7.7000 2 10213.13024
7.8000 2 9374.26944
7.9000 2 10265.55904
8.0000 2 8420.06528
8.1000 2 11534.336
8.2000 2 9279.8976
8.3000 2 10317.98784
8.4000 2 10622.07488
8.5000 2 9300.86912
8.6000 2 8472.49408
8.7000 2 10538.1888
8.8000 2 8703.1808
8.9000 2 9573.49888
9.0000 2 9028.23936
9.1000 2 10674.50368
9.2000 2 8797.55264
9.3000 2 11660.16512
9.4000 2 7381.97504
9.5000 2 11041.50528
9.6000 2 8619.29472
9.7000 2 10884.21888
9.8000 2 8755.6096
9.9000 2 10601.10336
10.0000 2 9059.69664
10.1000 2 10643.0464
10.2000 2 8965.3248
10.3000 2 8357.15072
10.4000 2 11597.25056
10.5000 2 9080.66816
10.6000 2 10611.58912
10.7000 2 8787.06688
10.8000 2 9961.472
10.9000 2 8944.35328
11.0000 2 10726.93248
11.1000 2 7602.176
11.2000 2 11114.9056
11.3000 2 8168.40704
11.4000 2 10632.56064
11.5000 2 9175.04
11.6000 2 9898.55744
11.7000 2 9143.58272
11.8000 2 10265.55904
11.9000 2 8262.77888
12.0000 2 11366.56384
12.1000 2 8986.29632
12.2000 2 9353.29792
12.3000 2 9615.44192
12.4000 2 9479.12704
12.5000 2 9762.24256
12.6000 2 9646.8992
12.7000 2 8891.92448
12.8000 2 10370.41664
12.9000 2 9625.92768
13.0000 2 9321.84064
13.1000 2 10705.96096
13.2000 2 7801.40544
13.3000 2 11408.50688
13.4000 2 9447.66976
13.5000 2 9772.72832
13.6000 2 8923.38176
13.7000 2 10643.0464
13.8000 2 8011.12064
13.9000 2 11471.42144
14.0000 2 8619.29472
14.1000 2 10223.616
14.2000 2 9154.06848
14.3000 2 7801.40544
14.4000 2 11418.99264
14.5000 2 8713.66656
14.6000 2 10045.35808
14.7000 2 10255.07328
14.8000 2 11586.7648
14.9000 2 8881.43872
15.0000 2 10150.21568
15.1000 2 8650.752
15.2000 2 11398.02112
15.3000 2 11093.93408
15.4000 2 10255.07328
15.5000 2 10915.67616
15.6000 2 10821.30432
15.7000 2 10905.1904
15.8000 2 10611.58912
15.9000 2 10506.73152
16.0000 2 10926.16192
16.1000 2 11995.70944
16.2000 2 9216.98304
16.3000 2 11010.048
16.4000 2 10947.13344
16.5000 2 10517.21728
16.6000 2 9888.07168
16.7000 2 11911.82336
16.8000 2 10716.44672
16.9000 2 10286.53056
17.0000 2 11911.82336
17.1000 2 11020.53376
17.2000 2 10003.41504
17.3000 2 11041.50528
17.4000 2 11083.44832
17.5000 2 10873.73312
17.6000 2 10171.1872
17.7000 2 11324.6208
17.8000 2 10076.81536
17.9000 2 10894.70464
18.0000 2 10024.38656
18.1000 2 11083.44832
18.2000 2 11282.67776
18.3000 2 9133.09696
18.4000 2 11723.07968
18.5000 2 11314.13504
18.6000 2 10643.0464
18.7000 2 10821.30432
18.8000 2 11869.88032
18.9000 2 9678.35648
19.0000 2 11649.67936
19.1000 2 10485.76
19.2000 2 8692.69504
19.3000 2 12436.11136
19.4000 2 7853.83424
19.5000 2 11565.79328
19.6000 2 10066.3296
19.7000 2 8346.66496
19.8000 2 13086.22848
19.9000 2 9028.23936
20.0000 2 9657.38496
20.1000 2 8462.00832
20.2000 2 8682.20928
20.3000 2 11356.07808
20.4000 2 7035.94496
20.5000 2 11639.1936
20.6000 2 9196.01152
20.7000 2 10653.53216
20.8000 2 11083.44832
20.9000 2 9416.21248
21.0000 2 10370.41664
21.1000 2 10695.4752
21.2000 2 10234.10176
21.3000 2 12236.88192
21.4000 2 8692.69504
21.5000 2 9898.55744
21.6000 2 11010.048
21.7000 2 11366.56384
21.8000 2 9363.78368
21.9000 2 11995.70944
22.0000 2 10737.41824
22.1000 2 9772.72832
22.2000 2 10926.16192
22.3000 2 11460.93568
22.4000 2 10601.10336
22.5000 2 11198.79168
22.6000 2 11387.53536
22.7000 2 8829.00992
22.8000 2 12394.16832
22.9000 2 8147.43552
23.0000 2 10842.27584
23.1000 2 9196.01152
23.2000 2 9374.26944
23.3000 2 12719.22688
23.4000 2 9762.24256
23.5000 2 9982.44352
23.6000 2 12362.71104
23.7000 2 9940.50048
23.8000 2 10664.01792
23.9000 2 10999.56224
24.0000 2 9867.10016
24.1000 2 11712.59392
24.2000 2 11744.0512
24.3000 2 10863.24736
24.4000 2 10726.93248
24.5000 2 11041.50528
24.6000 2 9867.10016
24.7000 2 11209.27744
24.8000 2 11209.27744
24.9000 2 9814.67136
25.0000 2 12394.16832
25.1000 2 11240.73472
25.2000 2 9699.328
25.3000 2 12226.39616
25.4000 2 10213.13024
25.5000 2 11618.22208
25.6000 2 11418.99264
25.7000 2 11125.39136
25.8000 2 10695.4752
25.9000 2 11408.50688
26.0000 2 10380.9024
26.1000 2 9950.98624
26.2000 2 12572.42624
26.3000 2 8996.78208
26.4000 2 11146.36288
26.5000 2 11083.44832
26.6000 2 9112.12544
26.7000 2 12949.9136
26.8000 2 7832.86272
26.9000 2 9804.1856
27.0000 2 12551.45472
27.1000 2 9657.38496
27.2000 2 10705.96096
27.3000 2 10181.67296
27.4000 2 7109.34528
27.5000 2 11418.99264
27.6000 2 8797.55264
27.7000 2 10422.84544
27.8000 2 9646.8992
27.9000 2 11628.70784
28.0000 2 9552.52736
28.1000 2 11156.84864
28.2000 2 10192.15872
28.3000 2 8808.0384
28.4000 2 11754.53696
28.5000 2 8157.92128
28.6000 2 11848.9088
28.7000 2 9468.64128
28.8000 2 10517.21728
28.9000 2 10947.13344
29.0000 2 8818.52416
29.1000 2 10726.93248
29.2000 2 10643.0464
29.3000 2 10580.13184
29.4000 2 10244.58752
29.5000 2 10842.27584
29.6000 2 11293.16352
29.7000 2 9594.4704
29.8000 2 11649.67936
29.9000 2 10506.73152
30.0000 2 9122.6112
30.1000 2 12362.71104
30.2000 2 8650.752
30.3000 2 11146.36288
30.4000 2 10569.64608
30.5000 2 10181.67296
30.6000 2 12016.68096
30.7000 2 10632.56064
30.8000 2 9552.52736
30.9000 2 11985.22368
31.0000 2 9919.52896
31.1000 2 10045.35808
31.2000 2 11922.30912
31.3000 2 10139.72992
31.4000 2 10758.38976
31.5000 2 10192.15872
31.6000 2 10475.27424
31.7000 2 12478.0544
31.8000 2 9133.09696
31.9000 2 8336.1792
32.0000 2 10013.9008
32.1000 2 7277.11744
32.2000 2 10716.44672
32.3000 2 8304.72192
32.4000 2 11859.39456
32.5000 2 8692.69504
32.6000 2 9762.24256
32.7000 2 10737.41824
32.8000 2 6857.68704
32.9000 2 12876.51328
33.0000 2 9311.35488
33.1000 2 10695.4752
33.2000 2 11502.87872
33.3000 2 9615.44192
33.4000 2 11576.27904
33.5000 2 10538.1888
33.6000 2 10066.3296
33.7000 2 12530.4832
33.8000 2 10968.10496
33.9000 2 9856.6144
34.0000 2 12425.6256
34.1000 2 10517.21728
34.2000 2 10192.15872
34.3000 2 10422.84544
34.4000 2 11712.59392
34.5000 2 11230.24896
34.6000 2 10422.84544
34.7000 2 11282.67776
34.8000 2 11156.84864
34.9000 2 10569.64608
35.0000 2 11785.99424
35.1000 2 10611.58912
35.2000 2 8860.4672
35.3000 2 12866.02752
35.4000 2 10234.10176
35.5000 2 10317.98784
35.6000 2 12813.59872
35.7000 2 9856.6144
35.8000 2 9489.6128
35.9000 2 12939.42784
36.0000 2 7381.97504
36.1000 2 11806.96576
36.2000 2 9531.55584
36.3000 2 10359.93088
36.4000 2 11890.85184
36.5000 2 10485.76
36.6000 2 11345.59232
36.7000 2 10066.3296
36.8000 2 10779.36128
36.9000 2 11408.50688
37.0000 2 10349.44512
37.1000 2 9867.10016
37.2000 2 9091.15392
37.3000 2 10936.64768
37.4000 2 10192.15872
37.5000 2 11366.56384
37.6000 2 10884.21888
37.7000 2 10852.7616
37.8000 2 11702.10816
37.9000 2 9909.0432
38.0000 2 11429.4784
38.1000 2 11366.56384
38.2000 2 10454.30272
38.3000 2 11062.4768
38.4000 2 10947.13344
38.5000 2 11198.79168
38.6000 2 10013.9008
38.7000 2 11523.85024
38.8000 2 11324.6208
38.9000 2 10737.41824
39.0000 2 11398.02112
39.1000 2 11492.39296
39.2000 2 9846.12864
39.3000 2 11890.85184
39.4000 2 11607.73632
39.5000 2 9311.35488
39.6000 2 12058.624
39.7000 2 10171.1872
39.8000 2 9992.92928
39.9000 2 11502.87872
40.0000 2 11796.48
40.1000 2 9898.55744
40.2000 2 12142.51008
40.3000 2 10726.93248
40.4000 2 7413.43232
40.5000 2 13075.74272
40.6000 2 9793.69984
40.7000 2 10181.67296
40.8000 2 11240.73472
40.9000 2 9258.92608
41.0000 2 12132.02432
41.1000 2 11010.048
41.2000 2 10821.30432
41.3000 2 11565.79328
41.4000 2 11796.48
41.5000 2 10244.58752
41.6000 2 10989.07648
41.7000 2 11649.67936
41.8000 2 9940.50048
41.9000 2 11146.36288
42.0000 2 11744.0512
42.1000 2 10957.6192
42.2000 2 11051.99104
42.3000 2 11628.70784
42.4000 2 10947.13344
42.5000 2 10076.81536
42.6000 2 11219.7632
42.7000 2 10863.24736
42.8000 2 8074.0352
42.9000 2 11607.73632
43.0000 2 9971.95776
43.1000 2 10433.3312
43.2000 2 12918.45632
43.3000 2 10590.6176
43.4000 2 10684.98944
43.5000 2 12499.02592
43.6000 2 10569.64608
43.7000 2 10622.07488
43.8000 2 13054.7712
43.9000 2 9909.0432
44.0000 2 9646.8992
44.1000 2 12813.59872
44.2000 2 9688.84224
44.3000 2 11041.50528
44.4000 2 11513.36448
44.5000 2 10475.27424
44.6000 2 11167.3344
44.7000 2 11314.13504
44.8000 2 10160.70144
44.9000 2 11555.30752
45.0000 2 11534.336
45.1000 2 9479.12704
45.2000 2 12289.31072
45.3000 2 10716.44672
45.4000 2 9269.41184
45.5000 2 12331.25376
45.6000 2 10517.21728
45.7000 2 10181.67296
45.8000 2 12027.16672
45.9000 2 8451.52256
46.0000 2 10632.56064
46.1000 2 12048.13824
46.2000 2 10695.4752
46.3000 2 10894.70464
46.4000 2 12761.16992
46.5000 2 10443.81696
46.6000 2 10695.4752
46.7000 2 12582.912
46.8000 2 10674.50368
46.9000 2 10716.44672
47.0000 2 12708.74112
47.1000 2 10286.53056
47.2000 2 11010.048
47.3000 2 11880.36608
47.4000 2 10947.13344
47.5000 2 11387.53536
47.6000 2 11398.02112
47.7000 2 10863.24736
47.8000 2 11335.10656
47.9000 2 10202.64448
48.0000 2 11114.9056
48.1000 2 11649.67936
48.2000 2 10464.78848
48.3000 2 11901.3376
48.4000 2 11733.56544
48.5000 2 10999.56224
48.6000 2 11911.82336
48.7000 2 11681.13664
48.8000 2 10873.73312
48.9000 2 11985.22368
49.0000 2 11502.87872
49.1000 2 10076.81536
49.2000 2 11796.48
49.3000 2 11219.7632
49.4000 2 10894.70464
49.5000 2 11712.59392
49.6000 2 11240.73472
49.7000 2 11240.73472
49.8000 2 11890.85184
49.9000 2 10884.21888
50.0000 2 10894.70464
50.1000 2 11628.70784
50.2000 2 10737.41824
50.3000 2 11230.24896
50.4000 2 11880.36608
50.5000 2 10716.44672
50.6000 2 11733.56544
50.7000 2 10747.904
50.8000 2 11439.96416
50.9000 2 10957.6192
51.0000 2 11041.50528
51.1000 2 11848.9088
51.2000 2 11230.24896
51.3000 2 11062.4768
51.4000 2 11869.88032
51.5000 2 11754.53696
51.6000 2 10517.21728
51.7000 2 11911.82336
51.8000 2 12058.624
51.9000 2 10779.36128
52.0000 2 11723.07968
52.1000 2 11932.79488
52.2000 2 10192.15872
52.3000 2 11985.22368
52.4000 2 11649.67936
52.5000 2 10926.16192
52.6000 2 11293.16352
52.7000 2 12635.3408
52.8000 2 10307.50208
52.9000 2 11198.79168
53.0000 2 12918.45632
53.1000 2 10705.96096
53.2000 2 10810.81856
53.3000 2 12939.42784
53.4000 2 10884.21888
53.5000 2 10664.01792
53.6000 2 12404.65408
53.7000 2 11219.7632
53.8000 2 10496.24576
53.9000 2 12257.85344
54.0000 2 10338.95936
54.1000 2 9762.24256
54.2000 2 12750.68416
54.3000 2 9730.78528
54.4000 2 10202.64448
54.5000 2 12928.94208
54.6000 2 10517.21728
54.7000 2 10496.24576
54.8000 2 12834.57024
54.9000 2 10674.50368
55.0000 2 10307.50208
55.1000 2 12855.54176
55.2000 2 10443.81696
55.3000 2 10506.73152
55.4000 2 12341.73952
55.5000 2 9667.87072
55.6000 2 8954.83904
55.7000 2 11733.56544
55.8000 2 9185.52576
55.9000 2 11796.48
56.0000 2 9814.67136
56.1000 2 8566.86592
56.2000 2 12866.02752
56.3000 2 10244.58752
56.4000 2 10401.87392
56.5000 2 12037.65248
56.6000 2 10359.93088
56.7000 2 11806.96576
56.8000 2 11146.36288
56.9000 2 11324.6208
57.0000 2 11785.99424
57.1000 2 10517.21728
57.2000 2 11838.42304
57.3000 2 11251.22048
57.4000 2 9898.55744
57.5000 2 11691.6224
57.6000 2 10873.73312
57.7000 2 9206.49728
57.8000 2 12991.85664
57.9000 2 8011.12064
58.0000 2 9982.44352
58.1000 2 10150.21568
58.2000 2 9300.86912
58.3000 2 11020.53376
58.4000 2 9814.67136
58.5000 2 10842.27584
58.6000 2 11209.27744
58.7000 2 9919.52896
58.8000 2 10852.7616
58.9000 2 10978.59072
59.0000 2 10380.9024
59.1000 2 11450.44992
59.2000 2 11051.99104
59.3000 2 10108.27264
59.4000 2 11408.50688
59.5000 2 11031.01952
59.6000 2 10632.56064
59.7000 2 11209.27744
59.8000 2 10580.13184
59.9000 2 10548.67456
60.0000 2 10894.70464
60.1000 2 10286.53056
60.2000 2 11303.64928
60.3000 2 10873.73312
60.4000 2 10412.35968
60.5000 2 11377.0496
60.6000 2 11146.36288
60.7000 2 10485.76
60.8000 2 10422.84544
60.9000 2 10978.59072
61.0000 2 11272.192
61.1000 2 10391.38816
61.2000 2 11198.79168
61.3000 2 10758.38976
61.4000 2 9468.64128
61.5000 2 10936.64768
61.6000 2 10674.50368
61.7000 2 10328.4736
61.8000 2 11890.85184
61.9000 2 9793.69984
62.0000 2 10915.67616
62.1000 2 11565.79328
62.2000 2 10286.53056
62.3000 2 10800.3328
62.4000 2 11481.9072
62.5000 2 9552.52736
62.6000 2 11723.07968
62.7000 2 8933.86752
62.8000 2 9059.69664
62.9000 2 12404.65408
63.0000 2 9625.92768
63.1000 2 10433.3312
63.2000 2 11314.13504
63.3000 2 9300.86912
63.4000 2 12278.82496
63.5000 2 9762.24256
63.6000 2 9667.87072
63.7000 2 12069.10976
63.8000 2 9091.15392
63.9000 2 10538.1888
64.0000 2 11188.30592
64.1000 2 9615.44192
64.2000 2 12236.88192
64.3000 2 9793.69984
64.4000 2 9300.86912
64.5000 2 11586.7648
64.6000 2 9300.86912
64.7000 2 11240.73472
64.8000 2 11911.82336
64.9000 2 9604.95616
65.0000 2 10936.64768
65.1000 2 11544.82176
65.2000 2 10737.41824
65.3000 2 11062.4768
65.4000 2 11723.07968
65.5000 2 10768.87552
65.6000 2 11387.53536
65.7000 2 11314.13504
65.8000 2 12184.45312
65.9000 2 11314.13504
66.0000 2 10905.1904
66.1000 2 12886.99904
66.2000 2 7151.28832
66.3000 2 10076.81536
66.4000 2 12173.96736
66.5000 2 10129.24416
66.6000 2 11639.1936
66.7000 2 12488.54016
66.8000 2 10485.76
66.9000 2 11345.59232
67.0000 2 11492.39296
67.1000 2 7748.97664
67.2000 2 10905.1904
67.3000 2 12310.28224
67.4000 2 10957.6192
67.5000 2 11261.70624
67.6000 2 11555.30752
67.7000 2 10894.70464
67.8000 2 11964.25216
67.9000 2 11869.88032
68.0000 2 10265.55904
68.1000 2 11418.99264
68.2000 2 12247.36768
68.3000 2 10978.59072
68.4000 2 11240.73472
68.5000 2 12834.57024
68.6000 2 7790.91968
68.7000 2 11869.88032
68.8000 2 8671.72352
68.9000 2 9720.29952
69.0000 2 12310.28224
69.1000 2 10286.53056
69.2000 2 11125.39136
69.3000 2 9741.27104
69.4000 2 11922.30912
69.5000 2 12268.3392
69.6000 2 11398.02112
69.7000 2 12415.13984
69.8000 2 12320.768
69.9000 2 10842.27584
70.0000 2 10957.6192
70.1000 2 12897.4848
70.2000 2 10999.56224
70.3000 2 11167.3344
70.4000 2 12907.97056
70.5000 2 12173.96736
70.6000 2 10926.16192
70.7000 2 11418.99264
70.8000 2 12708.74112
70.9000 2 10653.53216
71.0000 2 10643.0464
71.1000 2 13369.344
71.2000 2 11072.96256
71.3000 2 10779.36128
71.4000 2 13421.7728
71.5000 2 11502.87872
71.6000 2 10800.3328
71.7000 2 11901.3376
71.8000 2 12907.97056
71.9000 2 11251.22048
72.0000 2 10013.9008
72.1000 2 12782.14144
72.2000 2 8210.35008
72.3000 2 11985.22368
72.4000 2 10789.84704
72.5000 2 10244.58752
72.6000 2 12582.912
72.7000 2 12006.1952
72.8000 2 10611.58912
72.9000 2 10852.7616
73.0000 2 12079.59552
73.1000 2 8420.06528
73.2000 2 11167.3344
73.3000 2 11901.3376
73.4000 2 11576.27904
73.5000 2 10863.24736
73.6000 2 12394.16832
73.7000 2 10664.01792
73.8000 2 11492.39296
73.9000 2 12048.13824
74.0000 2 10485.76
74.1000 2 12341.73952
74.2000 2 11649.67936
74.3000 2 11974.73792
74.4000 2 12478.0544
74.5000 2 10349.44512
74.6000 2 11848.9088
74.7000 2 12824.08448
74.8000 2 10842.27584
74.9000 2 10622.07488
75.0000 2 13065.25696
75.1000 2 10422.84544
75.2000 2 10821.30432
75.3000 2 13274.97216
75.4000 2 10684.98944
75.5000 2 10622.07488
75.6000 2 13023.31392
75.7000 2 10863.24736
75.8000 2 9877.58592
75.9000 2 12719.22688
76.0000 2 10517.21728
76.1000 2 9279.8976
76.2000 2 12928.94208
76.3000 2 11691.6224
76.4000 2 10580.13184
76.5000 2 11303.64928
76.6000 2 12142.51008
76.7000 2 11377.0496
76.8000 2 12278.82496
76.9000 2 11974.73792
77.0000 2 11544.82176
77.1000 2 11230.24896
77.2000 2 11104.41984
77.3000 2 11733.56544
77.4000 2 11146.36288
77.5000 2 11387.53536
77.6000 2 12205.42464
77.7000 2 12404.65408
77.8000 2 10978.59072
77.9000 2 11104.41984
78.0000 2 12866.02752
78.1000 2 11765.02272
78.2000 2 8241.80736
78.3000 2 4393.53344
