0.1000 2 0.0
0.2000 2 9164.55424
0.3000 2 8189.37856
0.4000 2 10947.13344
0.5000 2 8315.20768
0.6000 2 11492.39296
0.7000 2 9091.15392
0.8000 2 10034.87232
0.9000 2 9793.69984
1.0000 2 8220.83584
1.1000 2 11848.9088
1.2000 2 8252.29312
1.3000 2 10810.81856
1.4000 2 7853.83424
1.5000 2 10506.73152
1.6000 2 11282.67776
1.7000 2 11051.99104
1.8000 2 11104.41984
1.9000 2 11261.70624
2.0000 2 10139.72992
2.1000 2 11534.336
2.2000 2 11356.07808
2.3000 2 10338.95936
2.4000 2 12090.08128
2.5000 2 9846.12864
2.6000 2 9720.29952
2.7000 2 11953.7664
2.8000 2 9930.01472
2.9000 2 10370.41664
3.0000 2 12436.11136
3.1000 2 9940.50048
3.2000 2 11733.56544
3.3000 2 10842.27584
3.4000 2 9542.0416
3.5000 2 10475.27424
3.6000 2 11219.7632
3.7000 2 9846.12864
3.8000 2 12467.56864
3.9000 2 10213.13024
4.0000 2 9930.01472
4.1000 2 12876.51328
4.2000 2 7381.97504
4.3000 2 9940.50048
4.4000 2 10842.27584
4.5000 2 9143.58272
4.6000 2 11314.13504
4.7000 2 9940.50048
4.8000 2 11356.07808
4.9000 2 11188.30592
5.0000 2 10590.6176
5.1000 2 11429.4784
5.2000 2 11628.70784
5.3000 2 10548.67456
5.4000 2 10580.13184
5.5000 2 12341.73952
5.6000 2 9290.38336
5.7000 2 10548.67456
5.8000 2 11943.28064
5.9000 2 9384.7552
6.0000 2 12037.65248
6.1000 2 10213.13024
6.2000 2 10024.38656
6.3000 2 12530.4832
6.4000 2 11450.44992
6.5000 2 9353.29792
6.6000 2 12436.11136
6.7000 2 9196.01152
6.8000 2 8650.752
6.9000 2 12016.68096
7.0000 2 9237.95456
7.1000 2 11901.3376
7.2000 2 11209.27744
7.3000 2 9594.4704
7.4000 2 11964.25216
7.5000 2 10852.7616
7.6000 2 9720.29952
7.7000 2 11859.39456
7.8000 2 10999.56224
7.9000 2 10643.0464
8.0000 2 10160.70144
8.1000 2 10223.616
8.2000 2 10045.35808
8.3000 2 10789.84704
8.4000 2 10317.98784
8.5000 2 10443.81696
8.6000 2 10957.6192
8.7000 2 11890.85184
8.8000 2 9583.98464
8.9000 2 11985.22368
9.0000 2 12037.65248
9.1000 2 9667.87072
9.2000 2 11072.96256
9.3000 2 10213.13024
9.4000 2 9500.09856
9.5000 2 12006.1952
9.6000 2 10684.98944
9.7000 2 10716.44672
9.8000 2 11733.56544
9.9000 2 11188.30592
10.0000 2 9080.66816
10.1000 2 12834.57024
10.2000 2 9363.78368
10.3000 2 10181.67296
10.4000 2 13369.344
10.5000 2 8346.66496
10.6000 2 11450.44992
10.7000 2 12362.71104
10.8000 2 9762.24256
10.9000 2 11156.84864
11.0000 2 11177.82016
11.1000 2 7780.43392
11.2000 2 13400.80128
11.3000 2 6836.71552
11.4000 2 10380.9024
11.5000 2 10150.21568
11.6000 2 8881.43872
11.7000 2 12457.08288
11.8000 2 9867.10016
11.9000 2 10181.67296
12.0000 2 12404.65408
12.1000 2 10160.70144
12.2000 2 10234.10176
12.3000 2 12970.88512
12.4000 2 8734.63808
12.5000 2 11943.28064
12.6000 2 11439.96416
12.7000 2 9772.72832
12.8000 2 12058.624
12.9000 2 11460.93568
13.0000 2 9583.98464
13.1000 2 11356.07808
13.2000 2 12194.93888
13.3000 2 8986.29632
13.4000 2 11848.9088
13.5000 2 10590.6176
13.6000 2 9678.35648
13.7000 2 12509.51168
13.8000 2 11502.87872
13.9000 2 10055.84384
14.0000 2 12614.36928
14.1000 2 9856.6144
14.2000 2 9604.95616
14.3000 2 12194.93888
14.4000 2 9814.67136
14.5000 2 10989.07648
14.6000 2 11880.36608
14.7000 2 8933.86752
14.8000 2 11628.70784
14.9000 2 10821.30432
15.0000 2 10160.70144
15.1000 2 11670.65088
15.2000 2 11366.56384
15.3000 2 10066.3296
15.4000 2 11544.82176
15.5000 2 8975.81056
15.6000 2 10297.01632
15.7000 2 12331.25376
15.8000 2 9804.1856
15.9000 2 11597.25056
16.0000 2 11785.99424
16.1000 2 10737.41824
16.2000 2 11827.93728
16.3000 2 10506.73152
16.4000 2 9971.95776
16.5000 2 11272.192
16.6000 2 11702.10816
16.7000 2 10947.13344
16.8000 2 11031.01952
16.9000 2 10747.904
17.0000 2 9930.01472
17.1000 2 10433.3312
17.2000 2 6868.1728
17.3000 2 9300.86912
17.4000 2 8703.1808
17.5000 2 9395.24096
17.6000 2 9426.69824
17.7000 2 8671.72352
17.8000 2 10328.4736
17.9000 2 8556.38016
18.0000 2 12320.768
18.1000 2 8472.49408
18.2000 2 10013.9008
18.3000 2 9489.6128
18.4000 2 8975.81056
18.5000 2 12215.9104
18.6000 2 9258.92608
18.7000 2 11817.45152
18.8000 2 10957.6192
18.9000 2 9625.92768
19.0000 2 10548.67456
19.1000 2 11418.99264
19.2000 2 11051.99104
19.3000 2 9950.98624
19.4000 2 11020.53376
19.5000 2 11964.25216
19.6000 2 9804.1856
19.7000 2 11911.82336
19.8000 2 11859.39456
19.9000 2 9867.10016
20.0000 2 11838.42304
20.1000 2 11398.02112
20.2000 2 11523.85024
20.3000 2 11209.27744
20.4000 2 10391.38816
20.5000 2 10915.67616
20.6000 2 10884.21888
20.7000 2 11261.70624
20.8000 2 10548.67456
20.9000 2 10915.67616
21.0000 2 10653.53216
21.1000 2 11754.53696
21.2000 2 10003.41504
21.3000 2 10957.6192
21.4000 2 12100.56704
21.5000 2 10496.24576
21.6000 2 11240.73472
21.7000 2 12907.97056
21.8000 2 9667.87072
21.9000 2 9563.01312
22.0000 2 11817.45152
22.1000 2 9835.64288
22.2000 2 10873.73312
22.3000 2 10905.1904
22.4000 2 10307.50208
22.5000 2 11911.82336
22.6000 2 11995.70944
22.7000 2 10527.70304
22.8000 2 10915.67616
22.9000 2 11628.70784
23.0000 2 9227.4688
23.1000 2 12320.768
23.2000 2 11261.70624
23.3000 2 9363.78368
23.4000 2 12509.51168
23.5000 2 10768.87552
23.6000 2 10202.64448
23.7000 2 11890.85184
23.8000 2 9950.98624
23.9000 2 11974.73792
24.0000 2 10223.616
24.1000 2 11806.96576
24.2000 2 10947.13344
24.3000 2 10265.55904
24.4000 2 11031.01952
24.5000 2 11293.16352
24.6000 2 10622.07488
24.7000 2 12058.624
24.8000 2 11125.39136
24.9000 2 9762.24256
25.0000 2 11135.87712
25.1000 2 9332.3264
25.2000 2 10496.24576
25.3000 2 11450.44992
25.4000 2 9636.41344
25.5000 2 11754.53696
25.6000 2 8870.95296
25.7000 2 8283.7504
25.8000 2 12530.4832
25.9000 2 10045.35808
26.0000 2 10789.84704
26.1000 2 10915.67616
26.2000 2 9898.55744
26.3000 2 12383.68256
26.4000 2 11544.82176
26.5000 2 10611.58912
26.6000 2 11723.07968
26.7000 2 10265.55904
26.8000 2 7035.94496
26.9000 2 11827.93728
27.0000 2 9059.69664
27.1000 2 11911.82336
27.2000 2 10129.24416
27.3000 2 10380.9024
27.4000 2 12215.9104
27.5000 2 10076.81536
27.6000 2 8787.06688
27.7000 2 11817.45152
27.8000 2 8577.35168
27.9000 2 11135.87712
28.0000 2 10454.30272
28.1000 2 9038.72512
28.2000 2 12928.94208
28.3000 2 11041.50528
28.4000 2 9667.87072
28.5000 2 12876.51328
28.6000 2 6186.5984
28.7000 2 10454.30272
28.8000 2 8860.4672
28.9000 2 9594.4704
29.0000 2 12132.02432
29.1000 2 9625.92768
29.2000 2 12027.16672
29.3000 2 11639.1936
29.4000 2 9940.50048
29.5000 2 11691.6224
29.6000 2 12247.36768
29.7000 2 10055.84384
29.8000 2 10978.59072
29.9000 2 11366.56384
30.0000 2 9699.328
30.1000 2 11607.73632
30.2000 2 10852.7616
30.3000 2 10234.10176
30.4000 2 11911.82336
30.5000 2 10831.79008
30.6000 2 10380.9024
30.7000 2 11083.44832
30.8000 2 11188.30592
30.9000 2 11240.73472
31.0000 2 10118.7584
31.1000 2 11293.16352
31.2000 2 12027.16672
31.3000 2 10653.53216
31.4000 2 11964.25216
31.5000 2 11209.27744
31.6000 2 10359.93088
31.7000 2 11398.02112
31.8000 2 11901.3376
31.9000 2 9751.7568
32.0000 2 11209.27744
32.1000 2 11219.7632
32.2000 2 10842.27584
32.3000 2 10758.38976
32.4000 2 10202.64448
32.5000 2 11356.07808
32.6000 2 10118.7584
32.7000 2 11282.67776
32.8000 2 11335.10656
32.9000 2 9971.95776
33.0000 2 10999.56224
33.1000 2 10915.67616
33.2000 2 11964.25216
33.3000 2 10160.70144
33.4000 2 11062.4768
33.5000 2 11387.53536
33.6000 2 10213.13024
33.7000 2 12268.3392
33.8000 2 11576.27904
33.9000 2 10328.4736
34.0000 2 12163.4816
34.1000 2 11230.24896
34.2000 2 11523.85024
34.3000 2 11188.30592
34.4000 2 10401.87392
34.5000 2 10338.95936
34.6000 2 10150.21568
34.7000 2 11010.048
34.8000 2 9122.6112
34.9000 2 11670.65088
35.0000 2 10265.55904
35.1000 2 10758.38976
35.2000 2 11534.336
35.3000 2 10590.6176
35.4000 2 11324.6208
35.5000 2 11387.53536
35.6000 2 10747.904
35.7000 2 11586.7648
35.8000 2 10223.616
35.9000 2 10716.44672
36.0000 2 11492.39296
36.1000 2 11167.3344
36.2000 2 9992.92928
36.3000 2 11135.87712
36.4000 2 11293.16352
36.5000 2 11041.50528
36.6000 2 11418.99264
36.7000 2 11943.28064
36.8000 2 10559.16032
36.9000 2 10978.59072
37.0000 2 11607.73632
37.1000 2 10108.27264
37.2000 2 11586.7648
37.3000 2 11031.01952
37.4000 2 10664.01792
37.5000 2 11639.1936
37.6000 2 11796.48
37.7000 2 10580.13184
37.8000 2 12121.53856
37.9000 2 10936.64768
38.0000 2 9971.95776
38.1000 2 11104.41984
38.2000 2 12058.624
38.3000 2 10422.84544
38.4000 2 11031.01952
38.5000 2 11387.53536
38.6000 2 10181.67296
38.7000 2 11618.22208
38.8000 2 11597.25056
38.9000 2 10684.98944
39.0000 2 11314.13504
39.1000 2 11953.7664
39.2000 2 10234.10176
39.3000 2 11439.96416
39.4000 2 9175.04
39.5000 2 10485.76
39.6000 2 12614.36928
39.7000 2 9196.01152
39.8000 2 9353.29792
39.9000 2 12341.73952
40.0000 2 8241.80736
40.1000 2 11439.96416
40.2000 2 7193.23136
40.3000 2 10852.7616
40.4000 2 11985.22368
40.5000 2 9930.01472
40.6000 2 11293.16352
40.7000 2 10412.35968
40.8000 2 8367.63648
40.9000 2 12132.02432
41.0000 2 9332.3264
41.1000 2 9846.12864
41.2000 2 12362.71104
41.3000 2 10276.0448
41.4000 2 12886.99904
41.5000 2 10297.01632
41.6000 2 11702.10816
41.7000 2 10873.73312
41.8000 2 10611.58912
41.9000 2 13379.82976
42.0000 2 7686.06208
42.1000 2 9080.66816
42.2000 2 11534.336
42.3000 2 9961.472
42.4000 2 11513.36448
42.5000 2 12058.624
42.6000 2 9751.7568
42.7000 2 11104.41984
42.8000 2 11230.24896
42.9000 2 10716.44672
43.0000 2 9804.1856
43.1000 2 12069.10976
43.2000 2 11230.24896
43.3000 2 10789.84704
43.4000 2 11230.24896
43.5000 2 10957.6192
43.6000 2 10506.73152
43.7000 2 11523.85024
43.8000 2 10842.27584
43.9000 2 10202.64448
44.0000 2 11544.82176
44.1000 2 11586.7648
44.2000 2 10024.38656
44.3000 2 11104.41984
44.4000 2 11953.7664
44.5000 2 10873.73312
44.6000 2 11377.0496
44.7000 2 10664.01792
44.8000 2 10674.50368
44.9000 2 11303.64928
45.0000 2 11230.24896
45.1000 2 9625.92768
45.2000 2 11691.6224
45.3000 2 11335.10656
45.4000 2 10737.41824
45.5000 2 13274.97216
45.6000 2 12771.65568
45.7000 2 11639.1936
45.8000 2 11681.13664
45.9000 2 14197.71904
46.0000 2 10150.21568
46.1000 2 10297.01632
46.2000 2 12782.14144
46.3000 2 9091.15392
46.4000 2 10202.64448
46.5000 2 13946.0608
46.6000 2 10622.07488
46.7000 2 11502.87872
46.8000 2 12488.54016
46.9000 2 12614.36928
47.0000 2 11953.7664
47.1000 2 13044.28544
47.2000 2 11439.96416
47.3000 2 12928.94208
47.4000 2 11964.25216
47.5000 2 11785.99424
47.6000 2 11785.99424
47.7000 2 13012.82816
47.8000 2 12729.71264
47.9000 2 10842.27584
48.0000 2 11481.9072
48.1000 2 12299.79648
48.2000 2 12226.39616
48.3000 2 11817.45152
48.4000 2 12362.71104
48.5000 2 12876.51328
48.6000 2 11723.07968
48.7000 2 10810.81856
48.8000 2 13191.08608
48.9000 2 12656.31232
49.0000 2 11576.27904
49.1000 2 10978.59072
49.2000 2 13579.0592
49.3000 2 10496.24576
49.4000 2 10401.87392
49.5000 2 13579.0592
49.6000 2 12373.1968
49.7000 2 11817.45152
49.8000 2 11597.25056
49.9000 2 13316.9152
50.0000 2 11093.93408
50.1000 2 11869.88032
50.2000 2 12866.02752
50.3000 2 12991.85664
50.4000 2 11062.4768
50.5000 2 10223.616
50.6000 2 14103.3472
50.7000 2 9563.01312
50.8000 2 11303.64928
50.9000 2 14218.69056
51.0000 2 7686.06208
51.1000 2 9825.15712
51.2000 2 10181.67296
51.3000 2 12257.85344
51.4000 2 11806.96576
51.5000 2 11911.82336
51.6000 2 13033.79968
51.7000 2 12698.25536
51.8000 2 11838.42304
51.9000 2 10936.64768
52.0000 2 10496.24576
52.1000 2 9667.87072
52.2000 2 10632.56064
52.3000 2 10653.53216
52.4000 2 9395.24096
52.5000 2 13086.22848
52.6000 2 11209.27744
52.7000 2 9290.38336
52.8000 2 12540.96896
52.9000 2 8755.6096
53.0000 2 9825.15712
53.1000 2 14134.80448
53.2000 2 11272.192
53.3000 2 11723.07968
53.4000 2 12866.02752
53.5000 2 13295.94368
53.6000 2 11450.44992
53.7000 2 10978.59072
53.8000 2 12803.11296
53.9000 2 13274.97216
54.0000 2 11953.7664
54.1000 2 11114.9056
54.2000 2 12761.16992
54.3000 2 12278.82496
54.4000 2 11744.0512
54.5000 2 12834.57024
54.6000 2 12310.28224
54.7000 2 11922.30912
54.8000 2 11597.25056
54.9000 2 11156.84864
55.0000 2 13159.6288
55.1000 2 11356.07808
55.2000 2 11628.70784
55.3000 2 12677.28384
55.4000 2 12006.1952
55.5000 2 11901.3376
55.6000 2 12551.45472
55.7000 2 12582.912
55.8000 2 12027.16672
55.9000 2 12624.85504
56.0000 2 11230.24896
56.1000 2 12341.73952
56.2000 2 11953.7664
56.3000 2 12624.85504
56.4000 2 11272.192
56.5000 2 12614.36928
56.6000 2 12719.22688
56.7000 2 11744.0512
56.8000 2 9521.07008
56.9000 2 10464.78848
57.0000 2 9101.63968
57.1000 2 11576.27904
57.2000 2 9206.49728
57.3000 2 9542.0416
57.4000 2 10989.07648
57.5000 2 8734.63808
57.6000 2 11943.28064
57.7000 2 8095.00672
57.8000 2 10422.84544
57.9000 2 10181.67296
58.0000 2 11272.192
58.1000 2 11859.39456
58.2000 2 11649.67936
58.3000 2 11723.07968
58.4000 2 11502.87872
58.5000 2 12876.51328
58.6000 2 11104.41984
58.7000 2 11880.36608
58.8000 2 12331.25376
58.9000 2 12362.71104
59.0000 2 11502.87872
59.1000 2 11146.36288
59.2000 2 13967.03232
59.3000 2 10590.6176
59.4000 2 9573.49888
59.5000 2 12624.85504
59.6000 2 8902.41024
59.7000 2 10831.79008
59.8000 2 9007.26784
59.9000 2 8493.4656
60.0000 2 12373.1968
60.1000 2 8587.83744
60.2000 2 11607.73632
60.3000 2 7958.69184
60.4000 2 9227.4688
60.5000 2 11649.67936
60.6000 2 8241.80736
60.7000 2 12677.28384
60.8000 2 11670.65088
60.9000 2 10338.95936
61.0000 2 12478.0544
61.1000 2 10087.30112
61.2000 2 9930.01472
61.3000 2 13453.23008
61.4000 2 12373.1968
61.5000 2 11377.0496
61.6000 2 10003.41504
61.7000 2 12593.39776
61.8000 2 9961.472
61.9000 2 11597.25056
62.0000 2 13904.11776
62.1000 2 8713.66656
62.2000 2 10223.616
62.3000 2 11492.39296
62.4000 2 9458.15552
62.5000 2 12247.36768
62.6000 2 12027.16672
62.7000 2 10643.0464
62.8000 2 11146.36288
62.9000 2 12499.02592
63.0000 2 9814.67136
63.1000 2 11345.59232
63.2000 2 12226.39616
63.3000 2 10726.93248
63.4000 2 10968.10496
63.5000 2 10989.07648
63.6000 2 9814.67136
63.7000 2 11282.67776
63.8000 2 10517.21728
63.9000 2 11544.82176
64.0000 2 9437.184
64.1000 2 11010.048
64.2000 2 10716.44672
64.3000 2 9017.7536
64.4000 2 13233.02912
64.5000 2 9909.0432
64.6000 2 10695.4752
64.7000 2 12331.25376
64.8000 2 11010.048
64.9000 2 10580.13184
65.0000 2 12142.51008
65.1000 2 12058.624
65.2000 2 9835.64288
65.3000 2 11481.9072
65.4000 2 11880.36608
65.5000 2 10989.07648
65.6000 2 10852.7616
65.7000 2 12100.56704
65.8000 2 10873.73312
65.9000 2 11964.25216
66.0000 2 11911.82336
66.1000 2 10265.55904
66.2000 2 11911.82336
66.3000 2 11293.16352
66.4000 2 11681.13664
66.5000 2 12173.96736
66.6000 2 11219.7632
66.7000 2 11848.9088
66.8000 2 12100.56704
66.9000 2 10968.10496
67.0000 2 11744.0512
67.1000 2 12184.45312
67.2000 2 11219.7632
67.3000 2 10978.59072
67.4000 2 12394.16832
67.5000 2 11471.42144
67.6000 2 11104.41984
67.7000 2 12184.45312
67.8000 2 10831.79008
67.9000 2 10758.38976
68.0000 2 12152.99584
68.1000 2 11712.59392
68.2000 2 10380.9024
68.3000 2 11492.39296
68.4000 2 11639.1936
68.5000 2 9982.44352
68.6000 2 11859.39456
68.7000 2 11209.27744
68.8000 2 10705.96096
68.9000 2 11618.22208
69.0000 2 11974.73792
69.1000 2 10234.10176
69.2000 2 11377.0496
69.3000 2 11943.28064
69.4000 2 10433.3312
69.5000 2 11209.27744
69.6000 2 12215.9104
69.7000 2 9772.72832
69.8000 2 11618.22208
69.9000 2 12467.56864
70.0000 2 10097.78688
70.1000 2 11251.22048
70.2000 2 12582.912
70.3000 2 10317.98784
70.4000 2 10181.67296
70.5000 2 11639.1936
70.6000 2 9919.52896
70.7000 2 11723.07968
70.8000 2 10989.07648
70.9000 2 9154.06848
71.0000 2 12121.53856
71.1000 2 6962.54464
71.2000 2 9384.7552
71.3000 2 10475.27424
71.4000 2 10485.76
71.5000 2 10947.13344
71.6000 2 13033.79968
71.7000 2 11806.96576
71.8000 2 12037.65248
71.9000 2 12184.45312
72.0000 2 12813.59872
72.1000 2 12121.53856
72.2000 2 11408.50688
72.3000 2 13044.28544
72.4000 2 11481.9072
72.5000 2 11754.53696
72.6000 2 11932.79488
72.7000 2 12499.02592
72.8000 2 12215.9104
72.9000 2 11817.45152
73.0000 2 12897.4848
73.1000 2 11649.67936
73.2000 2 12960.39936
73.3000 2 10485.76
73.4000 2 11282.67776
73.5000 2 11890.85184
73.6000 2 10926.16192
73.7000 2 12624.85504
73.8000 2 12740.1984
73.9000 2 11911.82336
74.0000 2 11943.28064
74.1000 2 12478.0544
74.2000 2 12058.624
74.3000 2 11890.85184
74.4000 2 11597.25056
74.5000 2 11502.87872
74.6000 2 10664.01792
74.7000 2 9982.44352
74.8000 2 10800.3328
74.9000 2 9982.44352
75.0000 2 11785.99424
75.1000 2 11964.25216
75.2000 2 8870.95296
75.3000 2 10758.38976
75.4000 2 10150.21568
75.5000 2 10485.76
75.6000 2 12394.16832
75.7000 2 11439.96416
75.8000 2 10894.70464
75.9000 2 12048.13824
76.0000 2 11345.59232
76.1000 2 8829.00992
76.2000 2 4886.36416
