0.1000 2 0.0
0.2000 2 9405.72672
0.3000 2 8084.52096
0.4000 2 12079.59552
0.5000 2 9458.15552
0.6000 2 11377.0496
0.7000 2 10905.1904
0.8000 2 9311.35488
0.9000 2 12519.99744
1.0000 2 8965.3248
1.1000 2 8503.95136
1.2000 2 10213.13024
1.3000 2 7728.00512
1.4000 2 12824.08448
1.5000 2 9185.52576
1.6000 2 10118.7584
1.7000 2 8430.55104
1.8000 2 9531.55584
1.9000 2 12247.36768
2.0000 2 8745.12384
2.1000 2 10202.64448
2.2000 2 11230.24896
2.3000 2 9489.6128
2.4000 2 10485.76
2.5000 2 10957.6192
2.6000 2 9846.12864
2.7000 2 9919.52896
2.8000 2 10884.21888
2.9000 2 8965.3248
3.0000 2 11586.7648
3.1000 2 11628.70784
3.2000 2 9384.7552
3.3000 2 11859.39456
3.4000 2 10852.7616
3.5000 2 10517.21728
3.6000 2 11859.39456
3.7000 2 11429.4784
3.8000 2 10150.21568
3.9000 2 10506.73152
4.0000 2 11639.1936
4.1000 2 11051.99104
4.2000 2 9835.64288
4.3000 2 11219.7632
4.4000 2 9227.4688
4.5000 2 7780.43392
4.6000 2 11660.16512
4.7000 2 8671.72352
4.8000 2 12090.08128
4.9000 2 11544.82176
5.0000 2 9940.50048
5.1000 2 11943.28064
5.2000 2 10968.10496
5.3000 2 9992.92928
5.4000 2 11377.0496
5.5000 2 10674.50368
5.6000 2 10989.07648
5.7000 2 10569.64608
5.8000 2 11943.28064
5.9000 2 11911.82336
6.0000 2 9468.64128
6.1000 2 11282.67776
6.2000 2 11230.24896
6.3000 2 10034.87232
6.4000 2 11586.7648
6.5000 2 10705.96096
6.6000 2 10297.01632
6.7000 2 12771.65568
6.8000 2 10045.35808
6.9000 2 9594.4704
7.0000 2 13191.08608
7.1000 2 6742.34368
7.2000 2 10622.07488
7.3000 2 11062.4768
7.4000 2 9028.23936
7.5000 2 10485.76
7.6000 2 10150.21568
7.7000 2 10705.96096
7.8000 2 9667.87072
7.9000 2 12478.0544
8.0000 2 10569.64608
8.1000 2 9248.44032
8.2000 2 13002.3424
8.3000 2 10087.30112
8.4000 2 10171.1872
8.5000 2 11890.85184
8.6000 2 10097.78688
8.7000 2 10496.24576
8.8000 2 10989.07648
8.9000 2 10768.87552
9.0000 2 9709.81376
9.1000 2 10171.1872
9.2000 2 9342.81216
9.3000 2 7413.43232
9.4000 2 11460.93568
9.5000 2 7990.14912
9.6000 2 11356.07808
9.7000 2 11314.13504
9.8000 2 10464.78848
9.9000 2 11681.13664
10.0000 2 10779.36128
10.1000 2 10810.81856
10.2000 2 9825.15712
10.3000 2 10653.53216
10.4000 2 11356.07808
10.5000 2 9982.44352
10.6000 2 12792.6272
10.7000 2 10926.16192
10.8000 2 9489.6128
10.9000 2 13149.14304
11.0000 2 7937.72032
11.1000 2 10380.9024
11.2000 2 9751.7568
11.3000 2 9185.52576
11.4000 2 9846.12864
11.5000 2 10580.13184
11.6000 2 10024.38656
11.7000 2 9699.328
11.8000 2 9930.01472
11.9000 2 9227.4688
12.0000 2 12561.94048
12.1000 2 9982.44352
12.2000 2 8629.78048
12.3000 2 13033.79968
12.4000 2 8482.97984
12.5000 2 12006.1952
12.6000 2 11272.192
12.7000 2 9290.38336
12.8000 2 9699.328
12.9000 2 10653.53216
13.0000 2 10370.41664
13.1000 2 9185.52576
13.2000 2 11838.42304
13.3000 2 10129.24416
13.4000 2 10926.16192
13.5000 2 10999.56224
13.6000 2 10674.50368
13.7000 2 11209.27744
13.8000 2 9678.35648
13.9000 2 12163.4816
14.0000 2 10066.3296
14.1000 2 10338.95936
14.2000 2 12331.25376
14.3000 2 9101.63968
14.4000 2 9657.38496
14.5000 2 10244.58752
14.6000 2 8378.12224
14.7000 2 11586.7648
14.8000 2 8996.78208
14.9000 2 10349.44512
15.0000 2 10852.7616
15.1000 2 9594.4704
15.2000 2 8598.3232
15.3000 2 10569.64608
15.4000 2 9216.98304
15.5000 2 10475.27424
15.6000 2 10926.16192
15.7000 2 7864.32
15.8000 2 12152.99584
15.9000 2 8965.3248
16.0000 2 10034.87232
16.1000 2 11943.28064
16.2000 2 9772.72832
16.3000 2 11838.42304
16.4000 2 8808.0384
16.5000 2 8053.06368
16.6000 2 12352.22528
16.7000 2 8734.63808
16.8000 2 11303.64928
16.9000 2 10443.81696
17.0000 2 11083.44832
17.1000 2 9678.35648
17.2000 2 10915.67616
17.3000 2 11827.93728
17.4000 2 8891.92448
17.5000 2 13075.74272
17.6000 2 6301.94176
17.7000 2 10863.24736
17.8000 2 10695.4752
17.9000 2 9982.44352
18.0000 2 13065.25696
18.1000 2 12897.4848
18.2000 2 11932.79488
18.3000 2 10276.0448
18.4000 2 13002.3424
18.5000 2 10926.16192
18.6000 2 11408.50688
18.7000 2 9667.87072
18.8000 2 10569.64608
18.9000 2 10317.98784
19.0000 2 9290.38336
19.1000 2 12603.88352
19.2000 2 8787.06688
19.3000 2 10863.24736
19.4000 2 12551.45472
19.5000 2 10643.0464
19.6000 2 9657.38496
19.7000 2 10013.9008
19.8000 2 9206.49728
19.9000 2 9583.98464
20.0000 2 11272.192
20.1000 2 7644.11904
20.2000 2 10643.0464
20.3000 2 9080.66816
20.4000 2 9426.69824
20.5000 2 11943.28064
20.6000 2 8095.00672
20.7000 2 10454.30272
20.8000 2 9699.328
20.9000 2 9930.01472
21.0000 2 8954.83904
21.1000 2 11125.39136
21.2000 2 8095.00672
21.3000 2 9489.6128
21.4000 2 10213.13024
21.5000 2 8891.92448
21.6000 2 8734.63808
21.7000 2 9290.38336
21.8000 2 9793.69984
21.9000 2 8210.35008
22.0000 2 10695.4752
22.1000 2 7832.86272
22.2000 2 10433.3312
22.3000 2 8881.43872
22.4000 2 9825.15712
22.5000 2 9332.3264
22.6000 2 10548.67456
22.7000 2 9143.58272
22.8000 2 9290.38336
22.9000 2 9426.69824
23.0000 2 8734.63808
23.1000 2 10800.3328
23.2000 2 8032.09216
23.3000 2 8860.4672
23.4000 2 10506.73152
23.5000 2 8933.86752
23.6000 2 11387.53536
23.7000 2 11135.87712
23.8000 2 11387.53536
23.9000 2 10265.55904
24.0000 2 10590.6176
24.1000 2 10800.3328
24.2000 2 10066.3296
24.3000 2 11628.70784
24.4000 2 9762.24256
24.5000 2 9216.98304
24.6000 2 12698.25536
24.7000 2 8776.58112
24.8000 2 11219.7632
24.9000 2 10422.84544
25.0000 2 10349.44512
25.1000 2 10569.64608
25.2000 2 11492.39296
25.3000 2 11377.0496
25.4000 2 10401.87392
25.5000 2 11649.67936
25.6000 2 11219.7632
25.7000 2 10601.10336
25.8000 2 10705.96096
25.9000 2 10800.3328
26.0000 2 12666.79808
26.1000 2 10349.44512
26.2000 2 10684.98944
26.3000 2 11565.79328
26.4000 2 10936.64768
26.5000 2 10496.24576
26.6000 2 11775.50848
26.7000 2 9646.8992
26.8000 2 11775.50848
26.9000 2 12090.08128
27.0000 2 9395.24096
27.1000 2 12142.51008
27.2000 2 11890.85184
27.3000 2 9982.44352
27.4000 2 10915.67616
27.5000 2 11796.48
27.6000 2 8745.12384
27.7000 2 12163.4816
27.8000 2 10611.58912
27.9000 2 10789.84704
28.0000 2 12111.0528
28.1000 2 10926.16192
28.2000 2 10496.24576
28.3000 2 12069.10976
28.4000 2 9542.0416
28.5000 2 8766.09536
28.6000 2 11481.9072
28.7000 2 9122.6112
28.8000 2 11272.192
28.9000 2 10370.41664
29.0000 2 9720.29952
29.1000 2 11943.28064
29.2000 2 9279.8976
29.3000 2 8933.86752
29.4000 2 13222.54336
29.5000 2 7633.63328
29.6000 2 10968.10496
29.7000 2 10129.24416
29.8000 2 9982.44352
29.9000 2 12352.22528
30.0000 2 10297.01632
30.1000 2 10884.21888
30.2000 2 11974.73792
30.3000 2 9133.09696
30.4000 2 10213.13024
30.5000 2 11051.99104
30.6000 2 10496.24576
30.7000 2 11576.27904
30.8000 2 10087.30112
30.9000 2 10139.72992
31.0000 2 12918.45632
31.1000 2 10968.10496
31.2000 2 9835.64288
31.3000 2 12635.3408
31.4000 2 10800.3328
31.5000 2 9542.0416
31.6000 2 13023.31392
31.7000 2 10076.81536
31.8000 2 9867.10016
31.9000 2 12394.16832
32.0000 2 9667.87072
32.1000 2 11618.22208
32.2000 2 10894.70464
32.3000 2 10580.13184
32.4000 2 11146.36288
32.5000 2 10244.58752
32.6000 2 10213.13024
32.7000 2 11691.6224
32.8000 2 11901.3376
32.9000 2 10905.1904
33.0000 2 12016.68096
33.1000 2 11513.36448
33.2000 2 9688.84224
33.3000 2 11765.02272
33.4000 2 10349.44512
33.5000 2 10674.50368
33.6000 2 11272.192
33.7000 2 11911.82336
33.8000 2 9898.55744
33.9000 2 11156.84864
34.0000 2 11890.85184
34.1000 2 9017.7536
34.2000 2 11765.02272
34.3000 2 11618.22208
34.4000 2 10244.58752
34.5000 2 11492.39296
34.6000 2 11974.73792
34.7000 2 10758.38976
34.8000 2 10601.10336
34.9000 2 12027.16672
35.0000 2 10359.93088
35.1000 2 11744.0512
35.2000 2 11041.50528
35.3000 2 10601.10336
35.4000 2 10475.27424
35.5000 2 10936.64768
35.6000 2 10527.70304
35.7000 2 11597.25056
35.8000 2 10842.27584
35.9000 2 11932.79488
36.0000 2 10580.13184
36.1000 2 11513.36448
36.2000 2 11282.67776
36.3000 2 9825.15712
36.4000 2 10538.1888
36.5000 2 11660.16512
36.6000 2 9646.8992
36.7000 2 11691.6224
36.8000 2 11377.0496
36.9000 2 10202.64448
37.0000 2 12425.6256
37.1000 2 11219.7632
37.2000 2 10013.9008
37.3000 2 12918.45632
37.4000 2 9521.07008
37.5000 2 9542.0416
37.6000 2 12939.42784
37.7000 2 10999.56224
37.8000 2 9762.24256
37.9000 2 12855.54176
38.0000 2 9290.38336
38.1000 2 11230.24896
38.2000 2 11534.336
38.3000 2 9646.8992
38.4000 2 11660.16512
38.5000 2 11649.67936
38.6000 2 10380.9024
38.7000 2 11796.48
38.8000 2 12132.02432
38.9000 2 10894.70464
39.0000 2 10810.81856
39.1000 2 13054.7712
39.2000 2 9269.41184
39.3000 2 9279.8976
39.4000 2 8986.29632
39.5000 2 9374.26944
39.6000 2 8986.29632
39.7000 2 9007.26784
39.8000 2 9730.78528
39.9000 2 8965.3248
40.0000 2 11093.93408
40.1000 2 8535.40864
40.2000 2 10034.87232
40.3000 2 8902.41024
40.4000 2 10401.87392
40.5000 2 6668.94336
40.6000 2 11062.4768
40.7000 2 8241.80736
40.8000 2 12205.42464
40.9000 2 10664.01792
41.0000 2 11827.93728
41.1000 2 11418.99264
41.2000 2 10884.21888
41.3000 2 12928.94208
41.4000 2 11880.36608
41.5000 2 11439.96416
41.6000 2 11785.99424
41.7000 2 12320.768
41.8000 2 8126.464
41.9000 2 11754.53696
42.0000 2 11534.336
42.1000 2 11723.07968
42.2000 2 12761.16992
42.3000 2 10496.24576
42.4000 2 7979.66336
42.5000 2 9059.69664
42.6000 2 7686.06208
42.7000 2 13495.17312
42.8000 2 12016.68096
42.9000 2 9059.69664
43.0000 2 11460.93568
43.1000 2 9867.10016
43.2000 2 9992.92928
43.3000 2 13086.22848
43.4000 2 11282.67776
43.5000 2 10726.93248
43.6000 2 12194.93888
43.7000 2 11314.13504
43.8000 2 9867.10016
43.9000 2 13337.88672
44.0000 2 11775.50848
44.1000 2 10286.53056
44.2000 2 12152.99584
44.3000 2 13683.9168
44.4000 2 10664.01792
44.5000 2 11324.6208
44.6000 2 13505.65888
44.7000 2 12362.71104
44.8000 2 11754.53696
44.9000 2 11555.30752
45.0000 2 12121.53856
45.1000 2 11251.22048
45.2000 2 11209.27744
45.3000 2 10013.9008
45.4000 2 8262.77888
45.5000 2 12278.82496
45.6000 2 11555.30752
45.7000 2 11010.048
45.8000 2 11953.7664
45.9000 2 11649.67936
46.0000 2 11062.4768
46.1000 2 12530.4832
46.2000 2 12624.85504
46.3000 2 12698.25536
46.4000 2 11051.99104
46.5000 2 11188.30592
46.6000 2 12719.22688
46.7000 2 11335.10656
46.8000 2 11670.65088
46.9000 2 12383.68256
47.0000 2 12152.99584
47.1000 2 10789.84704
47.2000 2 12341.73952
47.3000 2 12698.25536
47.4000 2 11712.59392
47.5000 2 11031.01952
47.6000 2 12467.56864
47.7000 2 10789.84704
47.8000 2 11744.0512
47.9000 2 13621.00224
48.0000 2 10852.7616
48.1000 2 10234.10176
48.2000 2 11785.99424
48.3000 2 10810.81856
48.4000 2 9258.92608
48.5000 2 11964.25216
48.6000 2 10674.50368
48.7000 2 10758.38976
48.8000 2 10297.01632
48.9000 2 11418.99264
49.0000 2 10695.4752
49.1000 2 9825.15712
49.2000 2 12425.6256
49.3000 2 11051.99104
49.4000 2 11272.192
49.5000 2 11167.3344
49.6000 2 11198.79168
49.7000 2 11240.73472
49.8000 2 9437.184
49.9000 2 11492.39296
50.0000 2 11922.30912
50.1000 2 10066.3296
50.2000 2 10485.76
50.3000 2 10517.21728
50.4000 2 12027.16672
50.5000 2 10590.6176
50.6000 2 11272.192
50.7000 2 11523.85024
50.8000 2 10643.0464
50.9000 2 12027.16672
51.0000 2 11167.3344
51.1000 2 8881.43872
51.2000 2 9636.41344
51.3000 2 10328.4736
51.4000 2 9573.49888
51.5000 2 11398.02112
51.6000 2 12415.13984
51.7000 2 11775.50848
51.8000 2 10485.76
51.9000 2 11628.70784
52.0000 2 12205.42464
52.1000 2 10936.64768
52.2000 2 10989.07648
52.3000 2 12719.22688
52.4000 2 10569.64608
52.5000 2 10601.10336
52.6000 2 12677.28384
52.7000 2 8766.09536
52.8000 2 11209.27744
52.9000 2 11576.27904
53.0000 2 10024.38656
53.1000 2 10601.10336
53.2000 2 10003.41504
53.3000 2 12551.45472
53.4000 2 10213.13024
53.5000 2 11848.9088
53.6000 2 11335.10656
53.7000 2 11219.7632
53.8000 2 11523.85024
53.9000 2 10370.41664
54.0000 2 12069.10976
54.1000 2 10097.78688
54.2000 2 10171.1872
54.3000 2 12981.37088
54.4000 2 10412.35968
54.5000 2 9950.98624
54.6000 2 13054.7712
54.7000 2 10559.16032
54.8000 2 10328.4736
54.9000 2 12949.9136
55.0000 2 10611.58912
55.1000 2 9846.12864
55.2000 2 12404.65408
55.3000 2 7423.91808
55.4000 2 10359.93088
55.5000 2 9028.23936
55.6000 2 9227.4688
55.7000 2 11775.50848
55.8000 2 9793.69984
55.9000 2 11670.65088
56.0000 2 11576.27904
56.1000 2 10538.1888
56.2000 2 11744.0512
56.3000 2 10349.44512
56.4000 2 12027.16672
56.5000 2 7728.00512
56.6000 2 10297.01632
56.7000 2 12205.42464
56.8000 2 11670.65088
56.9000 2 11911.82336
57.0000 2 12383.68256
57.1000 2 12551.45472
57.2000 2 11597.25056
57.3000 2 12478.0544
57.4000 2 11702.10816
57.5000 2 11513.36448
57.6000 2 12561.94048
57.7000 2 11534.336
57.8000 2 9636.41344
57.9000 2 12205.42464
58.0000 2 10695.4752
58.1000 2 12886.99904
58.2000 2 12771.65568
58.3000 2 11702.10816
58.4000 2 11345.59232
58.5000 2 12876.51328
58.6000 2 12907.97056
58.7000 2 11660.16512
58.8000 2 11534.336
58.9000 2 13295.94368
59.0000 2 11880.36608
59.1000 2 11702.10816
59.2000 2 11911.82336
59.3000 2 12991.85664
59.4000 2 10758.38976
59.5000 2 10013.9008
59.6000 2 14166.26176
59.7000 2 10370.41664
59.8000 2 9332.3264
59.9000 2 9563.01312
60.0000 2 8933.86752
60.1000 2 12866.02752
60.2000 2 12278.82496
60.3000 2 11880.36608
60.4000 2 11502.87872
60.5000 2 11314.13504
60.6000 2 11670.65088
60.7000 2 11670.65088
60.8000 2 12666.79808
60.9000 2 9521.07008
61.0000 2 9290.38336
61.1000 2 12383.68256
61.2000 2 11765.02272
61.3000 2 11628.70784
61.4000 2 12866.02752
61.5000 2 11628.70784
61.6000 2 11607.73632
61.7000 2 12813.59872
61.8000 2 9709.81376
61.9000 2 7696.54784
62.0000 2 12436.11136
62.1000 2 11754.53696
62.2000 2 9961.472
62.3000 2 10223.616
62.4000 2 8482.97984
62.5000 2 11188.30592
62.6000 2 10905.1904
62.7000 2 11597.25056
62.8000 2 10884.21888
62.9000 2 11775.50848
63.0000 2 11796.48
63.1000 2 9992.92928
63.2000 2 9814.67136
63.3000 2 10569.64608
63.4000 2 9856.6144
63.5000 2 13012.82816
63.6000 2 9447.66976
63.7000 2 10076.81536
63.8000 2 13170.11456
63.9000 2 6616.51456
64.0000 2 10349.44512
64.1000 2 9279.8976
64.2000 2 8954.83904
64.3000 2 13484.68736
64.4000 2 9909.0432
64.5000 2 9332.3264
64.6000 2 12561.94048
64.7000 2 8849.98144
64.8000 2 11817.45152
64.9000 2 9646.8992
65.0000 2 10349.44512
65.1000 2 12425.6256
65.2000 2 10873.73312
65.3000 2 9992.92928
65.4000 2 13295.94368
65.5000 2 9814.67136
65.6000 2 9458.15552
65.7000 2 13044.28544
65.8000 2 9112.12544
65.9000 2 9730.78528
66.0000 2 12257.85344
66.1000 2 10506.73152
66.2000 2 11041.50528
66.3000 2 12656.31232
66.4000 2 11072.96256
66.5000 2 10643.0464
66.6000 2 13537.11616
66.7000 2 10380.9024
66.8000 2 10391.38816
66.9000 2 12069.10976
67.0000 2 11429.4784
67.1000 2 11198.79168
67.2000 2 11439.96416
67.3000 2 12037.65248
67.4000 2 10643.0464
67.5000 2 11744.0512
67.6000 2 11639.1936
67.7000 2 10999.56224
67.8000 2 11848.9088
67.9000 2 11618.22208
68.0000 2 11230.24896
68.1000 2 11544.82176
68.2000 2 10821.30432
68.3000 2 12163.4816
68.4000 2 11932.79488
68.5000 2 10968.10496
68.6000 2 11702.10816
68.7000 2 11628.70784
68.8000 2 10884.21888
68.9000 2 11995.70944
69.0000 2 11922.30912
69.1000 2 10622.07488
69.2000 2 10810.81856
69.3000 2 11544.82176
69.4000 2 8975.81056
69.5000 2 9741.27104
69.6000 2 10213.13024
69.7000 2 9657.38496
69.8000 2 9982.44352
69.9000 2 11240.73472
70.0000 2 9730.78528
70.1000 2 12069.10976
70.2000 2 11555.30752
70.3000 2 10737.41824
70.4000 2 12069.10976
70.5000 2 11943.28064
70.6000 2 11167.3344
70.7000 2 11020.53376
70.8000 2 11544.82176
70.9000 2 12142.51008
71.0000 2 10821.30432
71.1000 2 11303.64928
71.2000 2 11576.27904
71.3000 2 11156.84864
71.4000 2 11408.50688
71.5000 2 11188.30592
71.6000 2 11523.85024
71.7000 2 11324.6208
71.8000 2 11513.36448
71.9000 2 11481.9072
72.0000 2 11555.30752
72.1000 2 10737.41824
72.2000 2 12132.02432
72.3000 2 11586.7648
72.4000 2 10485.76
72.5000 2 12320.768
72.6000 2 11272.192
72.7000 2 10968.10496
72.8000 2 12058.624
72.9000 2 11534.336
73.0000 2 10601.10336
73.1000 2 11167.3344
73.2000 2 12037.65248
73.3000 2 10150.21568
73.4000 2 11607.73632
73.5000 2 11240.73472
73.6000 2 10192.15872
73.7000 2 11985.22368
73.8000 2 11324.6208
73.9000 2 10338.95936
74.0000 2 11890.85184
74.1000 2 11282.67776
74.2000 2 11167.3344
74.3000 2 11544.82176
74.4000 2 12006.1952
74.5000 2 10066.3296
74.6000 2 11251.22048
74.7000 2 11869.88032
74.8000 2 10255.07328
74.9000 2 11282.67776
75.0000 2 11869.88032
75.1000 2 10055.84384
75.2000 2 11303.64928
75.3000 2 12215.9104
75.4000 2 9353.29792
75.5000 2 12100.56704
75.6000 2 10506.73152
75.7000 2 9877.58592
75.8000 2 12624.85504
75.9000 2 10842.27584
76.0000 2 10139.72992
76.1000 2 12813.59872
76.2000 2 10821.30432
76.3000 2 10601.10336
76.4000 2 12320.768
76.5000 2 10800.3328
76.6000 2 10422.84544
76.7000 2 12194.93888
76.8000 2 10433.3312
76.9000 2 8933.86752
77.0000 2 11240.73472
77.1000 2 8891.92448
77.2000 2 8797.55264
77.3000 2 11356.07808
77.4000 2 12299.79648
77.5000 2 8241.80736
77.6000 2 1866.46528
