0.1000 2 0.0
0.2000 2 8703.1808
0.3000 2 8650.752
0.4000 2 10569.64608
0.5000 2 6427.77088
0.6000 2 11995.70944
0.7000 2 7392.4608
0.8000 2 10139.72992
0.9000 2 9552.52736
1.0000 2 10758.38976
1.1000 2 10433.3312
1.2000 2 9699.328
1.3000 2 11114.9056
1.4000 2 9846.12864
1.5000 2 11188.30592
1.6000 2 9216.98304
1.7000 2 10968.10496
1.8000 2 8766.09536
1.9000 2 11649.67936
2.0000 2 10244.58752
2.1000 2 9290.38336
2.2000 2 12142.51008
2.3000 2 9332.3264
2.4000 2 10192.15872
2.5000 2 11492.39296
2.6000 2 9604.95616
2.7000 2 10737.41824
2.8000 2 8524.92288
2.9000 2 9646.8992
3.0000 2 13547.60192
3.1000 2 10422.84544
3.2000 2 10359.93088
3.3000 2 14176.74752
3.4000 2 10443.81696
3.5000 2 7591.69024
3.6000 2 11555.30752
3.7000 2 9531.55584
3.8000 2 11125.39136
3.9000 2 11817.45152
4.0000 2 8724.15232
4.1000 2 11681.13664
4.2000 2 8598.3232
4.3000 2 9583.98464
4.4000 2 10055.84384
4.5000 2 8661.23776
4.6000 2 11219.7632
4.7000 2 9290.38336
4.8000 2 10957.6192
4.9000 2 10674.50368
5.0000 2 9835.64288
5.1000 2 9730.78528
5.2000 2 10622.07488
5.3000 2 11282.67776
5.4000 2 9563.01312
5.5000 2 11607.73632
5.6000 2 10705.96096
5.7000 2 10244.58752
5.8000 2 10580.13184
5.9000 2 8556.38016
6.0000 2 10810.81856
6.1000 2 9762.24256
6.2000 2 10789.84704
6.3000 2 9563.01312
6.4000 2 10611.58912
6.5000 2 9688.84224
6.6000 2 9080.66816
6.7000 2 8923.38176
6.8000 2 9363.78368
6.9000 2 14092.86144
7.0000 2 11156.84864
7.1000 2 10129.24416
7.2000 2 13002.3424
7.3000 2 11670.65088
7.4000 2 10202.64448
7.5000 2 11775.50848
7.6000 2 10454.30272
7.7000 2 8042.57792
7.8000 2 13977.51808
7.9000 2 11303.64928
8.0000 2 9825.15712
8.1000 2 12257.85344
8.2000 2 11303.64928
8.3000 2 10359.93088
8.4000 2 12960.39936
8.5000 2 12163.4816
8.6000 2 8745.12384
8.7000 2 12519.99744
8.8000 2 7738.49088
8.9000 2 8986.29632
9.0000 2 10664.01792
9.1000 2 8021.6064
9.2000 2 13191.08608
9.3000 2 8944.35328
9.4000 2 10831.79008
9.5000 2 11848.9088
9.6000 2 9321.84064
9.7000 2 10716.44672
9.8000 2 12677.28384
9.9000 2 7811.8912
10.0000 2 12320.768
10.1000 2 8619.29472
10.2000 2 10349.44512
10.3000 2 12719.22688
10.4000 2 9835.64288
10.5000 2 9353.29792
10.6000 2 10055.84384
10.7000 2 8808.0384
10.8000 2 11953.7664
10.9000 2 7717.51936
11.0000 2 10422.84544
11.1000 2 8304.72192
11.2000 2 9552.52736
11.3000 2 10884.21888
11.4000 2 11303.64928
11.5000 2 9940.50048
11.6000 2 11230.24896
11.7000 2 10747.904
11.8000 2 9804.1856
11.9000 2 11177.82016
12.0000 2 8797.55264
12.1000 2 9143.58272
12.2000 2 9814.67136
12.3000 2 9143.58272
12.4000 2 10968.10496
12.5000 2 11230.24896
12.6000 2 11335.10656
12.7000 2 10905.1904
12.8000 2 11806.96576
12.9000 2 10884.21888
13.0000 2 11681.13664
13.1000 2 10538.1888
13.2000 2 10024.38656
13.3000 2 13170.11456
13.4000 2 10076.81536
13.5000 2 7906.26304
13.6000 2 11628.70784
13.7000 2 7958.69184
13.8000 2 13212.0576
13.9000 2 8566.86592
14.0000 2 8755.6096
14.1000 2 12352.22528
14.2000 2 9709.81376
14.3000 2 11345.59232
14.4000 2 10601.10336
14.5000 2 8587.83744
14.6000 2 12394.16832
14.7000 2 8441.0368
14.8000 2 10338.95936
14.9000 2 11335.10656
15.0000 2 10003.41504
15.1000 2 11314.13504
15.2000 2 11387.53536
15.3000 2 10034.87232
15.4000 2 10999.56224
15.5000 2 11670.65088
15.6000 2 11439.96416
15.7000 2 11408.50688
15.8000 2 12603.88352
15.9000 2 10915.67616
16.0000 2 11523.85024
16.1000 2 11219.7632
16.2000 2 11471.42144
16.3000 2 10968.10496
16.4000 2 10192.15872
16.5000 2 13883.14624
16.6000 2 10643.0464
16.7000 2 11282.67776
16.8000 2 11712.59392
16.9000 2 12362.71104
17.0000 2 10076.81536
17.1000 2 11366.56384
17.2000 2 11817.45152
17.3000 2 10653.53216
17.4000 2 12058.624
17.5000 2 12132.02432
17.6000 2 9783.21408
17.7000 2 12603.88352
17.8000 2 11649.67936
17.9000 2 10716.44672
18.0000 2 11324.6208
18.1000 2 11303.64928
18.2000 2 12478.0544
18.3000 2 8797.55264
18.4000 2 9615.44192
18.5000 2 12729.71264
18.6000 2 11450.44992
18.7000 2 10370.41664
18.8000 2 12551.45472
18.9000 2 11712.59392
19.0000 2 11335.10656
19.1000 2 11869.88032
19.2000 2 11366.56384
19.3000 2 10821.30432
19.4000 2 12771.65568
19.5000 2 11010.048
19.6000 2 11429.4784
19.7000 2 11492.39296
19.8000 2 11985.22368
19.9000 2 11020.53376
20.0000 2 9783.21408
20.1000 2 13421.7728
20.2000 2 11219.7632
20.3000 2 9405.72672
20.4000 2 13568.57344
20.5000 2 9049.21088
20.6000 2 8724.15232
20.7000 2 14260.6336
20.8000 2 7948.20608
20.9000 2 9971.95776
21.0000 2 11974.73792
21.1000 2 11859.39456
21.2000 2 12289.31072
21.3000 2 12708.74112
21.4000 2 11387.53536
21.5000 2 11660.16512
21.6000 2 12341.73952
21.7000 2 11618.22208
21.8000 2 11660.16512
21.9000 2 13086.22848
22.0000 2 10905.1904
22.1000 2 11502.87872
22.2000 2 11775.50848
22.3000 2 10905.1904
22.4000 2 11492.39296
22.5000 2 13683.9168
22.6000 2 9615.44192
22.7000 2 11890.85184
22.8000 2 9290.38336
22.9000 2 11314.13504
23.0000 2 9258.92608
23.1000 2 8881.43872
23.2000 2 12111.0528
23.3000 2 9143.58272
23.4000 2 10852.7616
23.5000 2 10286.53056
23.6000 2 11450.44992
23.7000 2 9206.49728
23.8000 2 12341.73952
23.9000 2 7990.14912
24.0000 2 9206.49728
24.1000 2 11754.53696
24.2000 2 9269.41184
24.3000 2 10527.70304
24.4000 2 11502.87872
24.5000 2 10108.27264
24.6000 2 11135.87712
24.7000 2 12729.71264
24.8000 2 10758.38976
24.9000 2 12404.65408
25.0000 2 12645.82656
25.1000 2 11261.70624
25.2000 2 11156.84864
25.3000 2 12121.53856
25.4000 2 12677.28384
25.5000 2 11639.1936
25.6000 2 12970.88512
25.7000 2 11964.25216
25.8000 2 12635.3408
25.9000 2 11523.85024
26.0000 2 11523.85024
26.1000 2 12310.28224
26.2000 2 11481.9072
26.3000 2 11670.65088
26.4000 2 11324.6208
26.5000 2 12719.22688
26.6000 2 12121.53856
26.7000 2 7570.71872
26.8000 2 14008.97536
26.9000 2 7686.06208
27.0000 2 9384.7552
27.1000 2 12236.88192
27.2000 2 9563.01312
27.3000 2 11649.67936
27.4000 2 11072.96256
27.5000 2 8808.0384
27.6000 2 11848.9088
27.7000 2 11901.3376
27.8000 2 10433.3312
27.9000 2 11523.85024
28.0000 2 11387.53536
28.1000 2 10716.44672
28.2000 2 12991.85664
28.3000 2 12069.10976
28.4000 2 9720.29952
28.5000 2 11513.36448
28.6000 2 11502.87872
28.7000 2 9940.50048
28.8000 2 12666.79808
28.9000 2 12142.51008
29.0000 2 10884.21888
29.1000 2 10013.9008
29.2000 2 13264.4864
29.3000 2 9678.35648
29.4000 2 11838.42304
29.5000 2 11492.39296
29.6000 2 10045.35808
29.7000 2 12111.0528
29.8000 2 12582.912
29.9000 2 10884.21888
30.0000 2 10926.16192
30.1000 2 11953.7664
30.2000 2 11062.4768
30.3000 2 10894.70464
30.4000 2 13128.17152
30.5000 2 12006.1952
30.6000 2 9856.6144
30.7000 2 11125.39136
30.8000 2 12436.11136
30.9000 2 11051.99104
31.0000 2 11838.42304
31.1000 2 11450.44992
31.2000 2 10328.4736
31.3000 2 11964.25216
31.4000 2 13589.54496
31.5000 2 9888.07168
31.6000 2 9395.24096
31.7000 2 13537.11616
31.8000 2 9982.44352
31.9000 2 10496.24576
32.0000 2 13358.85824
32.1000 2 10737.41824
32.2000 2 11429.4784
32.3000 2 12813.59872
32.4000 2 11775.50848
32.5000 2 11586.7648
32.6000 2 12027.16672
32.7000 2 11628.70784
32.8000 2 10097.78688
32.9000 2 11020.53376
33.0000 2 11565.79328
33.1000 2 11429.4784
33.2000 2 11513.36448
33.3000 2 11041.50528
33.4000 2 11156.84864
33.5000 2 13075.74272
33.6000 2 10999.56224
33.7000 2 12761.16992
33.8000 2 12341.73952
33.9000 2 11681.13664
34.0000 2 10999.56224
34.1000 2 12677.28384
34.2000 2 12824.08448
34.3000 2 10831.79008
34.4000 2 11418.99264
34.5000 2 12792.6272
34.6000 2 9678.35648
34.7000 2 10401.87392
34.8000 2 12152.99584
34.9000 2 10716.44672
35.0000 2 10643.0464
35.1000 2 12698.25536
35.2000 2 10181.67296
35.3000 2 10653.53216
35.4000 2 11618.22208
35.5000 2 10947.13344
35.6000 2 11922.30912
35.7000 2 12236.88192
35.8000 2 10632.56064
35.9000 2 11775.50848
36.0000 2 13883.14624
36.1000 2 10496.24576
36.2000 2 9489.6128
36.3000 2 12048.13824
36.4000 2 11597.25056
36.5000 2 10674.50368
36.6000 2 10989.07648
36.7000 2 6511.65696
36.8000 2 8420.06528
36.9000 2 10076.81536
37.0000 2 10810.81856
37.1000 2 9636.41344
37.2000 2 11293.16352
37.3000 2 10118.7584
37.4000 2 11125.39136
37.5000 2 12341.73952
37.6000 2 11639.1936
37.7000 2 10863.24736
37.8000 2 14250.14784
37.9000 2 9175.04
38.0000 2 9961.472
38.1000 2 14145.29024
38.2000 2 8608.80896
38.3000 2 10852.7616
38.4000 2 12729.71264
38.5000 2 11072.96256
38.6000 2 10317.98784
38.7000 2 12708.74112
38.8000 2 9154.06848
38.9000 2 10234.10176
39.0000 2 13641.97376
39.1000 2 9007.26784
39.2000 2 9888.07168
39.3000 2 10422.84544
39.4000 2 11125.39136
39.5000 2 12467.56864
39.6000 2 12740.1984
39.7000 2 11733.56544
39.8000 2 11565.79328
39.9000 2 12740.1984
40.0000 2 12740.1984
40.1000 2 10894.70464
40.2000 2 12624.85504
40.3000 2 11660.16512
40.4000 2 11345.59232
40.5000 2 10622.07488
40.6000 2 11890.85184
40.7000 2 10905.1904
40.8000 2 11827.93728
40.9000 2 12886.99904
41.0000 2 12645.82656
41.1000 2 10779.36128
41.2000 2 10947.13344
41.3000 2 10370.41664
41.4000 2 9971.95776
41.5000 2 12163.4816
41.6000 2 13044.28544
41.7000 2 10034.87232
41.8000 2 12226.39616
41.9000 2 11932.79488
42.0000 2 11565.79328
42.1000 2 11817.45152
42.2000 2 11649.67936
42.3000 2 12425.6256
42.4000 2 10905.1904
42.5000 2 11806.96576
42.6000 2 12593.39776
42.7000 2 12079.59552
42.8000 2 12509.51168
42.9000 2 10181.67296
43.0000 2 12897.4848
43.1000 2 12299.79648
43.2000 2 11796.48
43.3000 2 12310.28224
43.4000 2 12373.1968
43.5000 2 12698.25536
43.6000 2 11251.22048
43.7000 2 12949.9136
43.8000 2 11932.79488
43.9000 2 11702.10816
44.0000 2 11335.10656
44.1000 2 11817.45152
44.2000 2 12467.56864
44.3000 2 11691.6224
44.4000 2 12499.02592
44.5000 2 11135.87712
44.6000 2 10297.01632
44.7000 2 12247.36768
44.8000 2 12719.22688
44.9000 2 12436.11136
45.0000 2 11859.39456
45.1000 2 11513.36448
45.2000 2 11890.85184
45.3000 2 11890.85184
45.4000 2 11859.39456
45.5000 2 11188.30592
45.6000 2 8839.49568
45.7000 2 10978.59072
45.8000 2 11681.13664
45.9000 2 10244.58752
46.0000 2 11964.25216
46.1000 2 11817.45152
46.2000 2 10800.3328
46.3000 2 11293.16352
46.4000 2 12834.57024
46.5000 2 10380.9024
46.6000 2 10968.10496
46.7000 2 13075.74272
46.8000 2 10716.44672
46.9000 2 10234.10176
47.0000 2 13128.17152
47.1000 2 10559.16032
47.2000 2 9363.78368
47.3000 2 12509.51168
47.4000 2 7958.69184
47.5000 2 10999.56224
47.6000 2 8084.52096
47.7000 2 9185.52576
47.8000 2 11460.93568
47.9000 2 8829.00992
48.0000 2 10475.27424
48.1000 2 9059.69664
48.2000 2 10957.6192
48.3000 2 11240.73472
48.4000 2 8619.29472
48.5000 2 12069.10976
48.6000 2 11775.50848
48.7000 2 10097.78688
48.8000 2 11544.82176
48.9000 2 11723.07968
49.0000 2 10726.93248
49.1000 2 11953.7664
49.2000 2 11901.3376
49.3000 2 10653.53216
49.4000 2 11691.6224
49.5000 2 11104.41984
49.6000 2 10989.07648
49.7000 2 11209.27744
49.8000 2 9552.52736
49.9000 2 10171.1872
50.0000 2 9290.38336
50.1000 2 10003.41504
50.2000 2 11083.44832
50.3000 2 10999.56224
50.4000 2 10307.50208
50.5000 2 10653.53216
50.6000 2 10894.70464
50.7000 2 10255.07328
50.8000 2 11869.88032
50.9000 2 11356.07808
51.0000 2 11230.24896
51.1000 2 11765.02272
51.2000 2 11209.27744
51.3000 2 10999.56224
51.4000 2 11995.70944
51.5000 2 11041.50528
51.6000 2 10192.15872
51.7000 2 12530.4832
51.8000 2 10999.56224
51.9000 2 10160.70144
52.0000 2 12519.99744
52.1000 2 7990.14912
52.2000 2 8797.55264
52.3000 2 12058.624
52.4000 2 8671.72352
52.5000 2 12320.768
52.6000 2 9573.49888
52.7000 2 8304.72192
52.8000 2 11733.56544
52.9000 2 10171.1872
53.0000 2 11198.79168
53.1000 2 12373.1968
53.2000 2 10684.98944
53.3000 2 11083.44832
53.4000 2 12593.39776
53.5000 2 10863.24736
53.6000 2 10643.0464
53.7000 2 12981.37088
53.8000 2 10401.87392
53.9000 2 10160.70144
54.0000 2 12457.08288
54.1000 2 8640.26624
54.2000 2 10653.53216
54.3000 2 10863.24736
54.4000 2 10139.72992
54.5000 2 11261.70624
54.6000 2 11188.30592
54.7000 2 10852.7616
54.8000 2 11219.7632
54.9000 2 11492.39296
55.0000 2 11177.82016
55.1000 2 10810.81856
55.2000 2 11156.84864
55.3000 2 11565.79328
55.4000 2 10202.64448
55.5000 2 11502.87872
55.6000 2 11901.3376
55.7000 2 10926.16192
55.8000 2 11167.3344
55.9000 2 12446.59712
56.0000 2 10852.7616
56.1000 2 10674.50368
56.2000 2 12991.85664
56.3000 2 10276.0448
56.4000 2 8619.29472
56.5000 2 12855.54176
56.6000 2 8231.3216
56.7000 2 11418.99264
56.8000 2 9384.7552
56.9000 2 9709.81376
57.0000 2 13180.60032
57.1000 2 9961.472
57.2000 2 9332.3264
57.3000 2 12886.99904
57.4000 2 8147.43552
57.5000 2 11387.53536
57.6000 2 7769.94816
57.7000 2 9542.0416
57.8000 2 10905.1904
57.9000 2 7832.86272
58.0000 2 10884.21888
58.1000 2 8734.63808
58.2000 2 11744.0512
58.3000 2 8829.00992
58.4000 2 9741.27104
58.5000 2 11167.3344
58.6000 2 9196.01152
58.7000 2 11240.73472
58.8000 2 11156.84864
58.9000 2 10213.13024
59.0000 2 12006.1952
59.1000 2 8776.58112
59.2000 2 10800.3328
59.3000 2 13054.7712
59.4000 2 12194.93888
59.5000 2 11639.1936
59.6000 2 11534.336
59.7000 2 13484.68736
59.8000 2 9405.72672
59.9000 2 10821.30432
60.0000 2 12729.71264
60.1000 2 11156.84864
60.2000 2 11565.79328
60.3000 2 12845.056
60.4000 2 12415.13984
60.5000 2 11534.336
60.6000 2 11890.85184
60.7000 2 11377.0496
60.8000 2 10076.81536
60.9000 2 11639.1936
61.0000 2 12866.02752
61.1000 2 10863.24736
61.2000 2 11911.82336
61.3000 2 11806.96576
61.4000 2 11964.25216
61.5000 2 11429.4784
61.6000 2 11576.27904
61.7000 2 11251.22048
61.8000 2 10244.58752
61.9000 2 12886.99904
62.0000 2 13044.28544
62.1000 2 11544.82176
62.2000 2 11922.30912
62.3000 2 12446.59712
62.4000 2 13222.54336
62.5000 2 10380.9024
62.6000 2 12509.51168
62.7000 2 11859.39456
62.8000 2 12320.768
62.9000 2 11031.01952
63.0000 2 12478.0544
63.1000 2 13054.7712
63.2000 2 11628.70784
63.3000 2 12687.7696
63.4000 2 12048.13824
63.5000 2 12603.88352
63.6000 2 11597.25056
63.7000 2 12656.31232
63.8000 2 11576.27904
63.9000 2 12362.71104
64.0000 2 11639.1936
64.1000 2 9950.98624
64.2000 2 13348.37248
64.3000 2 11964.25216
64.4000 2 12205.42464
64.5000 2 11691.6224
64.6000 2 12593.39776
64.7000 2 11639.1936
64.8000 2 10433.3312
64.9000 2 13274.97216
65.0000 2 11031.01952
65.1000 2 12226.39616
65.2000 2 11964.25216
65.3000 2 11775.50848
65.4000 2 12719.22688
65.5000 2 10758.38976
65.6000 2 11953.7664
65.7000 2 12069.10976
65.8000 2 12572.42624
65.9000 2 12530.4832
66.0000 2 12184.45312
66.1000 2 12719.22688
66.2000 2 11681.13664
66.3000 2 12163.4816
66.4000 2 12205.42464
66.5000 2 11492.39296
66.6000 2 11072.96256
66.7000 2 12446.59712
66.8000 2 13096.71424
66.9000 2 11544.82176
67.0000 2 12037.65248
67.1000 2 10653.53216
67.2000 2 11356.07808
67.3000 2 13044.28544
67.4000 2 11806.96576
67.5000 2 12740.1984
67.6000 2 11817.45152
67.7000 2 11869.88032
67.8000 2 11010.048
67.9000 2 13117.68576
68.0000 2 11272.192
68.1000 2 11387.53536
68.2000 2 12698.25536
68.3000 2 11838.42304
68.4000 2 13012.82816
68.5000 2 11020.53376
68.6000 2 11607.73632
68.7000 2 12373.1968
68.8000 2 11922.30912
68.9000 2 12383.68256
69.0000 2 12121.53856
69.1000 2 13537.11616
69.2000 2 11744.0512
69.3000 2 12635.3408
69.4000 2 11072.96256
69.5000 2 12949.9136
69.6000 2 11618.22208
69.7000 2 12729.71264
69.8000 2 11806.96576
69.9000 2 12656.31232
70.0000 2 13044.28544
70.1000 2 11681.13664
70.2000 2 11796.48
70.3000 2 13033.79968
70.4000 2 13002.3424
70.5000 2 11733.56544
70.6000 2 10485.76
70.7000 2 14449.37728
70.8000 2 8367.63648
70.9000 2 10821.30432
71.0000 2 13610.51648
71.1000 2 11607.73632
71.2000 2 9751.7568
71.3000 2 11251.22048
71.4000 2 9730.78528
71.5000 2 10328.4736
71.6000 2 12572.42624
71.7000 2 7895.77728
71.8000 2 11125.39136
71.9000 2 9468.64128
72.0000 2 10045.35808
72.1000 2 13180.60032
72.2000 2 10590.6176
72.3000 2 10234.10176
72.4000 2 12939.42784
72.5000 2 11010.048
72.6000 2 10391.38816
72.7000 2 11744.0512
72.8000 2 11628.70784
72.9000 2 10674.50368
73.0000 2 11922.30912
73.1000 2 11765.02272
73.2000 2 10317.98784
73.3000 2 11974.73792
73.4000 2 12027.16672
73.5000 2 10664.01792
73.6000 2 10328.4736
73.7000 2 9447.66976
73.8000 2 10695.4752
73.9000 2 10705.96096
74.0000 2 10160.70144
74.1000 2 11995.70944
74.2000 2 11083.44832
74.3000 2 12897.4848
74.4000 2 11817.45152
74.5000 2 11827.93728
74.6000 2 12582.912
74.7000 2 11848.9088
74.8000 2 12614.36928
74.9000 2 11010.048
75.0000 2 12970.88512
75.1000 2 11817.45152
75.2000 2 11324.6208
75.3000 2 7811.8912
