0.1000 2 0.0
0.2000 2 8965.3248
0.3000 2 7696.54784
0.4000 2 11418.99264
0.5000 2 7392.4608
0.6000 2 11523.85024
0.7000 2 8650.752
0.8000 2 11062.4768
0.9000 2 9007.26784
1.0000 2 10475.27424
1.1000 2 7381.97504
1.2000 2 11974.73792
1.3000 2 8818.52416
1.4000 2 10831.79008
1.5000 2 11093.93408
1.6000 2 9741.27104
1.7000 2 10915.67616
1.8000 2 10821.30432
1.9000 2 9971.95776
2.0000 2 12016.68096
2.1000 2 9017.7536
2.2000 2 11660.16512
2.3000 2 11146.36288
2.4000 2 9059.69664
2.5000 2 11177.82016
2.6000 2 11911.82336
2.7000 2 9154.06848
2.8000 2 11387.53536
2.9000 2 10664.01792
3.0000 2 9196.01152
3.1000 2 11733.56544
3.2000 2 9846.12864
3.3000 2 10055.84384
3.4000 2 11890.85184
3.5000 2 8587.83744
3.6000 2 12205.42464
3.7000 2 9594.4704
3.8000 2 8336.1792
3.9000 2 13138.65728
4.0000 2 8776.58112
4.1000 2 10800.3328
4.2000 2 10485.76
4.3000 2 9070.1824
4.4000 2 12614.36928
4.5000 2 10852.7616
4.6000 2 9269.41184
4.7000 2 12928.94208
4.8000 2 11093.93408
4.9000 2 9227.4688
5.0000 2 12698.25536
5.1000 2 10097.78688
5.2000 2 9500.09856
5.3000 2 12928.94208
5.4000 2 11031.01952
5.5000 2 10255.07328
5.6000 2 13065.25696
5.7000 2 8996.78208
5.8000 2 9678.35648
5.9000 2 12163.4816
6.0000 2 9468.64128
6.1000 2 11796.48
6.2000 2 7675.57632
6.3000 2 9426.69824
6.4000 2 12048.13824
6.5000 2 6973.0304
6.6000 2 11586.7648
6.7000 2 9300.86912
6.8000 2 10307.50208
6.9000 2 12090.08128
7.0000 2 9426.69824
7.1000 2 11639.1936
7.2000 2 11481.9072
7.3000 2 8808.0384
7.4000 2 12278.82496
7.5000 2 10884.21888
7.6000 2 10422.84544
7.7000 2 12425.6256
7.8000 2 11932.79488
7.9000 2 10297.01632
8.0000 2 12132.02432
8.1000 2 11911.82336
8.2000 2 10139.72992
8.3000 2 12016.68096
8.4000 2 11765.02272
8.5000 2 9699.328
8.6000 2 12373.1968
8.7000 2 9688.84224
8.8000 2 11964.25216
8.9000 2 11083.44832
9.0000 2 9017.7536
9.1000 2 13442.74432
9.2000 2 9625.92768
9.3000 2 10055.84384
9.4000 2 13159.6288
9.5000 2 10307.50208
9.6000 2 8933.86752
9.7000 2 10653.53216
9.8000 2 9594.4704
9.9000 2 11848.9088
10.0000 2 10108.27264
10.1000 2 9835.64288
10.2000 2 12362.71104
10.3000 2 11125.39136
10.4000 2 10422.84544
10.5000 2 11806.96576
10.6000 2 11744.0512
10.7000 2 11167.3344
10.8000 2 10915.67616
10.9000 2 11345.59232
11.0000 2 11796.48
11.1000 2 10286.53056
11.2000 2 11135.87712
11.3000 2 11418.99264
11.4000 2 10989.07648
11.5000 2 11418.99264
11.6000 2 11513.36448
11.7000 2 9059.69664
11.8000 2 12268.3392
11.9000 2 11156.84864
12.0000 2 8640.26624
12.1000 2 12729.71264
12.2000 2 6448.7424
12.3000 2 9982.44352
12.4000 2 11083.44832
12.5000 2 11314.13504
12.6000 2 9374.26944
12.7000 2 11712.59392
12.8000 2 11303.64928
12.9000 2 10380.9024
13.0000 2 11356.07808
13.1000 2 10349.44512
13.2000 2 10139.72992
13.3000 2 10349.44512
13.4000 2 10496.24576
13.5000 2 10443.81696
13.6000 2 12488.54016
13.7000 2 8881.43872
13.8000 2 10569.64608
13.9000 2 9405.72672
14.0000 2 9290.38336
14.1000 2 11439.96416
14.2000 2 9500.09856
14.3000 2 11293.16352
14.4000 2 11901.3376
14.5000 2 10181.67296
14.6000 2 11848.9088
14.7000 2 11272.192
14.8000 2 10181.67296
14.9000 2 11890.85184
15.0000 2 11083.44832
15.1000 2 11303.64928
15.2000 2 11492.39296
15.3000 2 10097.78688
15.4000 2 12436.11136
15.5000 2 11104.41984
15.6000 2 9563.01312
15.7000 2 12677.28384
15.8000 2 10831.79008
15.9000 2 9971.95776
16.0000 2 12687.7696
16.1000 2 7937.72032
16.2000 2 11020.53376
16.3000 2 11869.88032
16.4000 2 11031.01952
16.5000 2 10716.44672
16.6000 2 12593.39776
16.7000 2 9542.0416
16.8000 2 10328.4736
16.9000 2 10884.21888
17.0000 2 9405.72672
17.1000 2 11261.70624
17.2000 2 11293.16352
17.3000 2 10338.95936
17.4000 2 11135.87712
17.5000 2 10926.16192
17.6000 2 10978.59072
17.7000 2 11628.70784
17.8000 2 10664.01792
17.9000 2 11859.39456
18.0000 2 10055.84384
18.1000 2 11219.7632
18.2000 2 11702.10816
18.3000 2 10097.78688
18.4000 2 11691.6224
18.5000 2 11838.42304
18.6000 2 10013.9008
18.7000 2 11754.53696
18.8000 2 11492.39296
18.9000 2 8084.52096
19.0000 2 13327.40096
19.1000 2 9772.72832
19.2000 2 8619.29472
19.3000 2 13327.40096
19.4000 2 8745.12384
19.5000 2 10821.30432
19.6000 2 11513.36448
19.7000 2 8849.98144
19.8000 2 12320.768
19.9000 2 12226.39616
20.0000 2 11240.73472
20.1000 2 11649.67936
20.2000 2 11188.30592
20.3000 2 10747.904
20.4000 2 11754.53696
20.5000 2 11240.73472
20.6000 2 11230.24896
20.7000 2 12205.42464
20.8000 2 10055.84384
20.9000 2 12236.88192
21.0000 2 11272.192
21.1000 2 10622.07488
21.2000 2 12069.10976
21.3000 2 12163.4816
21.4000 2 10768.87552
21.5000 2 10601.10336
21.6000 2 11282.67776
21.7000 2 9867.10016
21.8000 2 11628.70784
21.9000 2 10800.3328
22.0000 2 8063.54944
22.1000 2 11272.192
22.2000 2 8053.06368
22.3000 2 11240.73472
22.4000 2 10821.30432
22.5000 2 8797.55264
22.6000 2 11429.4784
22.7000 2 8734.63808
22.8000 2 11827.93728
22.9000 2 9888.07168
23.0000 2 8304.72192
23.1000 2 11901.3376
23.2000 2 8839.49568
23.3000 2 11230.24896
23.4000 2 8220.83584
23.5000 2 8598.3232
23.6000 2 10317.98784
23.7000 2 7298.08896
23.8000 2 12226.39616
23.9000 2 6952.05888
24.0000 2 10370.41664
24.1000 2 9154.06848
24.2000 2 10705.96096
24.3000 2 9227.4688
24.4000 2 9091.15392
24.5000 2 13327.40096
24.6000 2 10118.7584
24.7000 2 10317.98784
24.8000 2 13222.54336
24.9000 2 10181.67296
25.0000 2 9835.64288
25.1000 2 12614.36928
25.2000 2 10297.01632
25.3000 2 9038.72512
25.4000 2 12194.93888
25.5000 2 9206.49728
25.6000 2 12226.39616
25.7000 2 11806.96576
25.8000 2 10643.0464
25.9000 2 12383.68256
26.0000 2 11817.45152
26.1000 2 9227.4688
26.2000 2 11293.16352
26.3000 2 11890.85184
26.4000 2 9615.44192
26.5000 2 11429.4784
26.6000 2 12069.10976
26.7000 2 9657.38496
26.8000 2 12268.3392
26.9000 2 11565.79328
27.0000 2 11010.048
27.1000 2 12058.624
27.2000 2 10915.67616
27.3000 2 11796.48
27.4000 2 10905.1904
27.5000 2 10653.53216
27.6000 2 11481.9072
27.7000 2 11995.70944
27.8000 2 9688.84224
27.9000 2 12383.68256
28.0000 2 11272.192
28.1000 2 10076.81536
28.2000 2 11418.99264
28.3000 2 11502.87872
28.4000 2 11093.93408
28.5000 2 12499.02592
28.6000 2 8032.09216
28.7000 2 8661.23776
28.8000 2 8336.1792
28.9000 2 9542.0416
29.0000 2 7277.11744
29.1000 2 8776.58112
29.2000 2 7937.72032
29.3000 2 10758.38976
29.4000 2 10380.9024
29.5000 2 11765.02272
29.6000 2 11607.73632
29.7000 2 9762.24256
29.8000 2 11314.13504
29.9000 2 10213.13024
30.0000 2 10947.13344
30.1000 2 9510.58432
30.2000 2 11649.67936
30.3000 2 11188.30592
30.4000 2 9940.50048
30.5000 2 11702.10816
30.6000 2 11523.85024
30.7000 2 10349.44512
30.8000 2 12635.3408
30.9000 2 10297.01632
31.0000 2 9185.52576
31.1000 2 13327.40096
31.2000 2 10255.07328
31.3000 2 9888.07168
31.4000 2 11723.07968
31.5000 2 10181.67296
31.6000 2 9814.67136
31.7000 2 11450.44992
31.8000 2 7644.11904
31.9000 2 11460.93568
32.0000 2 9007.26784
32.1000 2 11324.6208
32.2000 2 10066.3296
32.3000 2 9762.24256
32.4000 2 11964.25216
32.5000 2 11051.99104
32.6000 2 8986.29632
32.7000 2 13327.40096
32.8000 2 10202.64448
32.9000 2 10087.30112
33.0000 2 12970.88512
33.1000 2 10034.87232
33.2000 2 10716.44672
33.3000 2 12226.39616
33.4000 2 10454.30272
33.5000 2 10181.67296
33.6000 2 12425.6256
33.7000 2 10454.30272
33.8000 2 10622.07488
33.9000 2 12142.51008
34.0000 2 10747.904
34.1000 2 11083.44832
34.2000 2 11114.9056
34.3000 2 12289.31072
34.4000 2 12027.16672
34.5000 2 10684.98944
34.6000 2 11460.93568
34.7000 2 12457.08288
34.8000 2 10076.81536
34.9000 2 9122.6112
35.0000 2 12561.94048
35.1000 2 9426.69824
35.2000 2 11649.67936
35.3000 2 10454.30272
35.4000 2 8755.6096
35.5000 2 11261.70624
35.6000 2 8912.896
35.7000 2 9709.81376
35.8000 2 9133.09696
35.9000 2 9091.15392
36.0000 2 8053.06368
36.1000 2 9133.09696
36.2000 2 8996.78208
36.3000 2 10894.70464
36.4000 2 9542.0416
36.5000 2 10380.9024
36.6000 2 9992.92928
36.7000 2 9940.50048
36.8000 2 10118.7584
36.9000 2 10653.53216
37.0000 2 10276.0448
37.1000 2 9783.21408
37.2000 2 10915.67616
37.3000 2 10349.44512
37.4000 2 11303.64928
37.5000 2 9426.69824
37.6000 2 9678.35648
37.7000 2 11481.9072
37.8000 2 9531.55584
37.9000 2 11597.25056
38.0000 2 11240.73472
38.1000 2 10160.70144
38.2000 2 11670.65088
38.3000 2 11020.53376
38.4000 2 9374.26944
38.5000 2 11041.50528
38.6000 2 10968.10496
38.7000 2 10821.30432
38.8000 2 11219.7632
38.9000 2 10370.41664
39.0000 2 11031.01952
39.1000 2 10066.3296
39.2000 2 12079.59552
39.3000 2 11492.39296
39.4000 2 10789.84704
39.5000 2 11282.67776
39.6000 2 11586.7648
39.7000 2 10664.01792
39.8000 2 10926.16192
39.9000 2 11093.93408
40.0000 2 9133.09696
40.1000 2 11104.41984
40.2000 2 10905.1904
40.3000 2 11597.25056
40.4000 2 11062.4768
40.5000 2 10831.79008
40.6000 2 11293.16352
40.7000 2 10873.73312
40.8000 2 11586.7648
40.9000 2 10989.07648
41.0000 2 10989.07648
41.1000 2 11985.22368
41.2000 2 10968.10496
41.3000 2 11775.50848
41.4000 2 11827.93728
41.5000 2 10684.98944
41.6000 2 11754.53696
41.7000 2 10737.41824
41.8000 2 9625.92768
41.9000 2 12719.22688
42.0000 2 10643.0464
42.1000 2 10999.56224
42.2000 2 11901.3376
42.3000 2 10013.9008
42.4000 2 9101.63968
42.5000 2 9762.24256
42.6000 2 9521.07008
42.7000 2 11303.64928
42.8000 2 10747.904
42.9000 2 10401.87392
43.0000 2 9521.07008
43.1000 2 10590.6176
43.2000 2 10422.84544
43.3000 2 9583.98464
43.4000 2 11691.6224
43.5000 2 8273.26464
43.6000 2 11492.39296
43.7000 2 8493.4656
43.8000 2 10810.81856
43.9000 2 12352.22528
44.0000 2 9332.3264
44.1000 2 11041.50528
44.2000 2 11974.73792
44.3000 2 9510.58432
44.4000 2 11502.87872
44.5000 2 12079.59552
44.6000 2 10380.9024
44.7000 2 11670.65088
44.8000 2 12016.68096
44.9000 2 10674.50368
45.0000 2 11261.70624
45.1000 2 12163.4816
45.2000 2 10590.6176
45.3000 2 10632.56064
45.4000 2 12855.54176
45.5000 2 10328.4736
45.6000 2 10485.76
45.7000 2 11890.85184
45.8000 2 8074.0352
45.9000 2 11324.6208
46.0000 2 8556.38016
46.1000 2 9615.44192
46.2000 2 10139.72992
46.3000 2 9164.55424
46.4000 2 8493.4656
46.5000 2 10664.01792
46.6000 2 8420.06528
46.7000 2 9154.06848
46.8000 2 10779.36128
46.9000 2 8797.55264
47.0000 2 7937.72032
47.1000 2 11523.85024
47.2000 2 10747.904
47.3000 2 11450.44992
47.4000 2 12027.16672
47.5000 2 10349.44512
47.6000 2 11345.59232
47.7000 2 11439.96416
47.8000 2 8566.86592
47.9000 2 10045.35808
48.0000 2 9888.07168
48.1000 2 11356.07808
48.2000 2 11429.4784
48.3000 2 11251.22048
48.4000 2 11586.7648
48.5000 2 10433.3312
48.6000 2 11481.9072
48.7000 2 11345.59232
48.8000 2 9930.01472
48.9000 2 12436.11136
49.0000 2 10506.73152
49.1000 2 10454.30272
49.2000 2 12268.3392
49.3000 2 11219.7632
49.4000 2 10622.07488
49.5000 2 12530.4832
49.6000 2 10359.93088
49.7000 2 10192.15872
49.8000 2 12866.02752
49.9000 2 9458.15552
50.0000 2 10129.24416
50.1000 2 12635.3408
50.2000 2 10643.0464
50.3000 2 11010.048
50.4000 2 12478.0544
50.5000 2 11481.9072
50.6000 2 11031.01952
50.7000 2 11471.42144
50.8000 2 11481.9072
50.9000 2 10852.7616
51.0000 2 11303.64928
51.1000 2 11964.25216
51.2000 2 10464.78848
51.3000 2 11398.02112
51.4000 2 11429.4784
51.5000 2 10674.50368
51.6000 2 11775.50848
51.7000 2 11450.44992
51.8000 2 10538.1888
51.9000 2 11964.25216
52.0000 2 10800.3328
52.1000 2 11765.02272
52.2000 2 11104.41984
52.3000 2 10873.73312
52.4000 2 12394.16832
52.5000 2 10810.81856
52.6000 2 10894.70464
52.7000 2 12509.51168
52.8000 2 11356.07808
52.9000 2 10569.64608
53.0000 2 11880.36608
53.1000 2 11093.93408
53.2000 2 10097.78688
53.3000 2 12310.28224
53.4000 2 10768.87552
53.5000 2 9888.07168
53.6000 2 12415.13984
53.7000 2 10391.38816
53.8000 2 9007.26784
53.9000 2 11135.87712
54.0000 2 10276.0448
54.1000 2 12121.53856
54.2000 2 11156.84864
54.3000 2 11418.99264
54.4000 2 12247.36768
54.5000 2 10873.73312
54.6000 2 12142.51008
54.7000 2 11827.93728
54.8000 2 11156.84864
54.9000 2 11387.53536
55.0000 2 10810.81856
55.1000 2 10255.07328
55.2000 2 10768.87552
55.3000 2 10664.01792
55.4000 2 9521.07008
55.5000 2 8126.464
55.6000 2 11125.39136
55.7000 2 9552.52736
55.8000 2 9154.06848
55.9000 2 11418.99264
56.0000 2 10265.55904
56.1000 2 10244.58752
56.2000 2 10517.21728
56.3000 2 11010.048
56.4000 2 11366.56384
56.5000 2 11408.50688
56.6000 2 10810.81856
56.7000 2 11177.82016
56.8000 2 11974.73792
56.9000 2 11020.53376
57.0000 2 10485.76
57.1000 2 11744.0512
57.2000 2 11408.50688
57.3000 2 11429.4784
57.4000 2 11335.10656
57.5000 2 10695.4752
57.6000 2 11125.39136
57.7000 2 12184.45312
57.8000 2 10831.79008
57.9000 2 11261.70624
58.0000 2 12016.68096
58.1000 2 10978.59072
58.2000 2 10894.70464
58.3000 2 11628.70784
58.4000 2 10580.13184
58.5000 2 11282.67776
58.6000 2 12016.68096
58.7000 2 10496.24576
58.8000 2 11272.192
58.9000 2 11408.50688
59.0000 2 10726.93248
59.1000 2 11555.30752
59.2000 2 12006.1952
59.3000 2 10527.70304
59.4000 2 11806.96576
59.5000 2 11240.73472
59.6000 2 11544.82176
59.7000 2 11450.44992
59.8000 2 10705.96096
59.9000 2 12226.39616
60.0000 2 11471.42144
60.1000 2 10999.56224
60.2000 2 11051.99104
60.3000 2 11555.30752
60.4000 2 10160.70144
60.5000 2 11817.45152
60.6000 2 11681.13664
60.7000 2 11114.9056
60.8000 2 11890.85184
60.9000 2 11985.22368
61.0000 2 10716.44672
61.1000 2 11712.59392
61.2000 2 11953.7664
61.3000 2 10622.07488
61.4000 2 10758.38976
61.5000 2 12698.25536
61.6000 2 9898.55744
61.7000 2 10758.38976
61.8000 2 12593.39776
61.9000 2 10611.58912
62.0000 2 10380.9024
62.1000 2 13107.2
62.2000 2 10737.41824
62.3000 2 10359.93088
62.4000 2 12897.4848
62.5000 2 10737.41824
62.6000 2 10202.64448
62.7000 2 12803.11296
62.8000 2 10213.13024
62.9000 2 11062.4768
63.0000 2 12509.51168
63.1000 2 10664.01792
63.2000 2 10559.16032
63.3000 2 12478.0544
63.4000 2 10643.0464
63.5000 2 10485.76
63.6000 2 11974.73792
63.7000 2 10726.93248
63.8000 2 10863.24736
63.9000 2 12236.88192
64.0000 2 11785.99424
64.1000 2 11156.84864
64.2000 2 11282.67776
64.3000 2 10643.0464
64.4000 2 10234.10176
64.5000 2 11869.88032
64.6000 2 11492.39296
64.7000 2 10978.59072
64.8000 2 11943.28064
64.9000 2 12121.53856
65.0000 2 10601.10336
65.1000 2 11712.59392
65.2000 2 11943.28064
65.3000 2 10674.50368
65.4000 2 11838.42304
65.5000 2 11513.36448
65.6000 2 11114.9056
65.7000 2 11838.42304
65.8000 2 10590.6176
65.9000 2 11345.59232
66.0000 2 11681.13664
66.1000 2 11188.30592
66.2000 2 10737.41824
66.3000 2 11744.0512
66.4000 2 10422.84544
66.5000 2 12090.08128
66.6000 2 10863.24736
66.7000 2 10737.41824
66.8000 2 11146.36288
66.9000 2 11450.44992
67.0000 2 10569.64608
67.1000 2 11806.96576
67.2000 2 11744.0512
67.3000 2 10087.30112
67.4000 2 12111.0528
67.5000 2 11293.16352
67.6000 2 9982.44352
67.7000 2 12383.68256
67.8000 2 10349.44512
67.9000 2 9856.6144
68.0000 2 12173.96736
68.1000 2 10726.93248
68.2000 2 10265.55904
68.3000 2 12719.22688
68.4000 2 10496.24576
68.5000 2 9825.15712
68.6000 2 12813.59872
68.7000 2 10013.9008
68.8000 2 10118.7584
68.9000 2 13159.6288
69.0000 2 10695.4752
69.1000 2 10192.15872
69.2000 2 13012.82816
69.3000 2 9762.24256
69.4000 2 10370.41664
69.5000 2 12121.53856
69.6000 2 10496.24576
69.7000 2 9930.01472
69.8000 2 12782.14144
69.9000 2 10234.10176
70.0000 2 10097.78688
70.1000 2 13075.74272
70.2000 2 10653.53216
70.3000 2 9877.58592
70.4000 2 13075.74272
70.5000 2 10234.10176
70.6000 2 10213.13024
70.7000 2 12656.31232
70.8000 2 8409.57952
70.9000 2 9007.26784
71.0000 2 8755.6096
71.1000 2 8933.86752
71.2000 2 9625.92768
71.3000 2 7392.4608
71.4000 2 9258.92608
71.5000 2 8870.95296
71.6000 2 9856.6144
71.7000 2 9175.04
71.8000 2 10894.70464
71.9000 2 8891.92448
72.0000 2 10527.70304
72.1000 2 8430.55104
72.2000 2 9888.07168
72.3000 2 9867.10016
72.4000 2 9615.44192
72.5000 2 9206.49728
72.6000 2 10276.0448
72.7000 2 9405.72672
72.8000 2 9437.184
72.9000 2 9909.0432
73.0000 2 7633.63328
73.1000 2 11817.45152
73.2000 2 10716.44672
73.3000 2 11335.10656
73.4000 2 11733.56544
73.5000 2 10831.79008
73.6000 2 10810.81856
73.7000 2 12226.39616
73.8000 2 11010.048
73.9000 2 10957.6192
74.0000 2 12173.96736
74.1000 2 10454.30272
74.2000 2 10517.21728
74.3000 2 13285.45792
74.4000 2 9762.24256
74.5000 2 10664.01792
74.6000 2 12876.51328
74.7000 2 10653.53216
74.8000 2 10359.93088
74.9000 2 12729.71264
75.0000 2 10171.1872
75.1000 2 10034.87232
75.2000 2 12834.57024
75.3000 2 9741.27104
75.4000 2 10097.78688
75.5000 2 11733.56544
75.6000 2 10496.24576
75.7000 2 11114.9056
75.8000 2 12058.624
75.9000 2 10265.55904
76.0000 2 11146.36288
76.1000 2 12132.02432
76.2000 2 10234.10176
76.3000 2 10894.70464
76.4000 2 12163.4816
76.5000 2 9730.78528
76.6000 2 11565.79328
76.7000 2 11041.50528
76.8000 2 9846.12864
76.9000 2 12373.1968
77.0000 2 10810.81856
77.1000 2 10024.38656
77.2000 2 11974.73792
77.3000 2 10108.27264
77.4000 2 10643.0464
77.5000 2 13222.54336
77.6000 2 9982.44352
77.7000 2 5966.39744
