0.1000 2 0.0
0.2000 2 8598.3232
0.3000 2 9615.44192
0.4000 2 10884.21888
0.5000 2 9196.01152
0.6000 2 10485.76
0.7000 2 9521.07008
0.8000 2 11324.6208
0.9000 2 6627.00032
1.0000 2 12446.59712
1.1000 2 9070.1824
1.2000 2 9625.92768
1.3000 2 9384.7552
1.4000 2 10926.16192
1.5000 2 10894.70464
1.6000 2 10527.70304
1.7000 2 12331.25376
1.8000 2 10517.21728
1.9000 2 12163.4816
2.0000 2 11010.048
2.1000 2 11282.67776
2.2000 2 10947.13344
2.3000 2 11744.0512
2.4000 2 11576.27904
2.5000 2 10234.10176
2.6000 2 9709.81376
2.7000 2 12079.59552
2.8000 2 10622.07488
2.9000 2 9856.6144
3.0000 2 10297.01632
3.1000 2 9437.184
3.2000 2 8829.00992
3.3000 2 8441.0368
3.4000 2 11681.13664
3.5000 2 8074.0352
3.6000 2 10443.81696
3.7000 2 9458.15552
3.8000 2 10118.7584
3.9000 2 8849.98144
4.0000 2 11398.02112
4.1000 2 7507.80416
4.2000 2 10359.93088
4.3000 2 10192.15872
4.4000 2 8944.35328
4.5000 2 10517.21728
4.6000 2 9573.49888
4.7000 2 9112.12544
4.8000 2 10171.1872
4.9000 2 10286.53056
5.0000 2 6710.8864
5.1000 2 12551.45472
5.2000 2 8860.4672
5.3000 2 10758.38976
5.4000 2 6375.34208
5.5000 2 10192.15872
5.6000 2 8472.49408
5.7000 2 10422.84544
5.8000 2 8808.0384
5.9000 2 10370.41664
6.0000 2 8482.97984
6.1000 2 10223.616
6.2000 2 10485.76
6.3000 2 10580.13184
6.4000 2 8598.3232
6.5000 2 10894.70464
6.6000 2 8084.52096
6.7000 2 12289.31072
6.8000 2 6627.00032
6.9000 2 10632.56064
7.0000 2 10548.67456
7.1000 2 9772.72832
7.2000 2 9028.23936
7.3000 2 10569.64608
7.4000 2 8808.0384
7.5000 2 9657.38496
7.6000 2 8829.00992
7.7000 2 8682.20928
7.8000 2 10559.16032
7.9000 2 10076.81536
8.0000 2 9940.50048
8.1000 2 9950.98624
8.2000 2 10192.15872
8.3000 2 7843.34848
8.4000 2 9269.41184
8.5000 2 10684.98944
8.6000 2 9321.84064
8.7000 2 11093.93408
8.8000 2 9542.0416
8.9000 2 8021.6064
9.0000 2 10202.64448
9.1000 2 7591.69024
9.2000 2 11167.3344
9.3000 2 9573.49888
9.4000 2 10076.81536
9.5000 2 10496.24576
9.6000 2 10527.70304
9.7000 2 9091.15392
9.8000 2 11387.53536
9.9000 2 8829.00992
10.0000 2 10485.76
10.1000 2 10433.3312
10.2000 2 8944.35328
10.3000 2 11513.36448
10.4000 2 12194.93888
10.5000 2 10821.30432
10.6000 2 10527.70304
10.7000 2 12582.912
10.8000 2 9625.92768
10.9000 2 9395.24096
11.0000 2 10108.27264
11.1000 2 11544.82176
11.2000 2 10768.87552
11.3000 2 9709.81376
11.4000 2 11943.28064
11.5000 2 10150.21568
11.6000 2 11691.6224
11.7000 2 9867.10016
11.8000 2 10664.01792
11.9000 2 13138.65728
12.0000 2 10559.16032
12.1000 2 9112.12544
12.2000 2 11104.41984
12.3000 2 8545.8944
12.4000 2 11335.10656
12.5000 2 8262.77888
12.6000 2 10559.16032
12.7000 2 10590.6176
12.8000 2 9793.69984
12.9000 2 10286.53056
13.0000 2 9279.8976
13.1000 2 10548.67456
13.2000 2 9646.8992
13.3000 2 11502.87872
13.4000 2 8199.86432
13.5000 2 11251.22048
13.6000 2 9353.29792
13.7000 2 10485.76
13.8000 2 8640.26624
13.9000 2 11272.192
14.0000 2 8084.52096
14.1000 2 11314.13504
14.2000 2 6847.20128
14.3000 2 10171.1872
14.4000 2 9447.66976
14.5000 2 8095.00672
14.6000 2 12236.88192
14.7000 2 8168.40704
14.8000 2 10307.50208
14.9000 2 10097.78688
15.0000 2 10684.98944
15.1000 2 8283.7504
15.2000 2 12467.56864
15.3000 2 9332.3264
15.4000 2 11314.13504
15.5000 2 10726.93248
15.6000 2 9216.98304
15.7000 2 10611.58912
15.8000 2 10999.56224
15.9000 2 10611.58912
16.0000 2 9300.86912
16.1000 2 11230.24896
16.2000 2 9741.27104
16.3000 2 8021.6064
16.4000 2 12163.4816
16.5000 2 8587.83744
16.6000 2 10957.6192
16.7000 2 9185.52576
16.8000 2 10905.1904
16.9000 2 11744.0512
17.0000 2 10569.64608
17.1000 2 11408.50688
17.2000 2 12142.51008
17.3000 2 10066.3296
17.4000 2 10821.30432
17.5000 2 11618.22208
17.6000 2 10496.24576
17.7000 2 10055.84384
17.8000 2 12561.94048
17.9000 2 8095.00672
18.0000 2 11377.0496
18.1000 2 8199.86432
18.2000 2 9594.4704
18.3000 2 9384.7552
18.4000 2 9940.50048
18.5000 2 7654.6048
18.6000 2 12771.65568
18.7000 2 9437.184
18.8000 2 9573.49888
18.9000 2 12593.39776
19.0000 2 8273.26464
19.1000 2 12499.02592
19.2000 2 9877.58592
19.3000 2 9971.95776
19.4000 2 13033.79968
19.5000 2 7465.86112
19.6000 2 10747.904
19.7000 2 13505.65888
19.8000 2 9279.8976
19.9000 2 10055.84384
20.0000 2 14092.86144
20.1000 2 8157.92128
20.2000 2 8912.896
20.3000 2 10139.72992
20.4000 2 8430.55104
20.5000 2 9804.1856
20.6000 2 9185.52576
20.7000 2 11806.96576
20.8000 2 9070.1824
20.9000 2 11062.4768
21.0000 2 10307.50208
21.1000 2 10926.16192
21.2000 2 8682.20928
21.3000 2 11324.6208
21.4000 2 9678.35648
21.5000 2 8829.00992
21.6000 2 11565.79328
21.7000 2 9059.69664
21.8000 2 11031.01952
21.9000 2 7717.51936
22.0000 2 10338.95936
22.1000 2 11869.88032
22.2000 2 10244.58752
22.3000 2 11031.01952
22.4000 2 11408.50688
22.5000 2 9489.6128
22.6000 2 11167.3344
22.7000 2 9688.84224
22.8000 2 8367.63648
22.9000 2 13075.74272
23.0000 2 10496.24576
23.1000 2 10139.72992
23.2000 2 12771.65568
23.3000 2 8745.12384
23.4000 2 11481.9072
23.5000 2 12425.6256
23.6000 2 9992.92928
23.7000 2 10517.21728
23.8000 2 11586.7648
23.9000 2 9982.44352
24.0000 2 11576.27904
24.1000 2 11251.22048
24.2000 2 9772.72832
24.3000 2 11492.39296
24.4000 2 11366.56384
24.5000 2 10737.41824
24.6000 2 11230.24896
24.7000 2 11366.56384
24.8000 2 10034.87232
24.9000 2 11859.39456
25.0000 2 11995.70944
25.1000 2 10422.84544
25.2000 2 11502.87872
25.3000 2 11398.02112
25.4000 2 11450.44992
25.5000 2 9730.78528
25.6000 2 11439.96416
25.7000 2 11523.85024
25.8000 2 8933.86752
25.9000 2 12236.88192
26.0000 2 11251.22048
26.1000 2 10087.30112
26.2000 2 11607.73632
26.3000 2 10003.41504
26.4000 2 9835.64288
26.5000 2 12394.16832
26.6000 2 8944.35328
26.7000 2 10066.3296
26.8000 2 12918.45632
26.9000 2 9793.69984
27.0000 2 10915.67616
27.1000 2 12289.31072
27.2000 2 8891.92448
27.3000 2 11156.84864
27.4000 2 9646.8992
27.5000 2 9625.92768
27.6000 2 12855.54176
27.7000 2 8986.29632
27.8000 2 9552.52736
27.9000 2 13495.17312
28.0000 2 9930.01472
28.1000 2 10884.21888
28.2000 2 13044.28544
28.3000 2 10580.13184
28.4000 2 10454.30272
28.5000 2 12593.39776
28.6000 2 9709.81376
28.7000 2 11303.64928
28.8000 2 9678.35648
28.9000 2 12069.10976
29.0000 2 10181.67296
29.1000 2 11838.42304
29.2000 2 12478.0544
29.3000 2 10915.67616
29.4000 2 10244.58752
29.5000 2 12866.02752
29.6000 2 7423.91808
29.7000 2 9363.78368
29.8000 2 11534.336
29.9000 2 10842.27584
30.0000 2 12006.1952
30.1000 2 12782.14144
30.2000 2 9814.67136
30.3000 2 11031.01952
30.4000 2 12834.57024
30.5000 2 10884.21888
30.6000 2 11125.39136
30.7000 2 12970.88512
30.8000 2 11534.336
30.9000 2 11785.99424
31.0000 2 11492.39296
31.1000 2 12027.16672
31.2000 2 11660.16512
31.3000 2 11670.65088
31.4000 2 12614.36928
31.5000 2 9814.67136
31.6000 2 11670.65088
31.7000 2 12593.39776
31.8000 2 12436.11136
31.9000 2 9772.72832
32.0000 2 12320.768
32.1000 2 11523.85024
32.2000 2 11901.3376
32.3000 2 10695.4752
32.4000 2 9835.64288
32.5000 2 13988.00384
32.6000 2 10716.44672
32.7000 2 10171.1872
32.8000 2 12373.1968
32.9000 2 12530.4832
33.0000 2 10569.64608
33.1000 2 11597.25056
33.2000 2 12037.65248
33.3000 2 10989.07648
33.4000 2 10957.6192
33.5000 2 12792.6272
33.6000 2 9950.98624
33.7000 2 12058.624
33.8000 2 11985.22368
33.9000 2 11702.10816
34.0000 2 11324.6208
34.1000 2 12027.16672
34.2000 2 10821.30432
34.3000 2 10705.96096
34.4000 2 12698.25536
34.5000 2 10758.38976
34.6000 2 10265.55904
34.7000 2 12813.59872
34.8000 2 11356.07808
34.9000 2 9426.69824
35.0000 2 13411.28704
35.1000 2 10433.3312
35.2000 2 9479.12704
35.3000 2 11775.50848
35.4000 2 11104.41984
35.5000 2 11859.39456
35.6000 2 10842.27584
35.7000 2 11869.88032
35.8000 2 10265.55904
35.9000 2 10915.67616
36.0000 2 13075.74272
36.1000 2 10810.81856
36.2000 2 12509.51168
36.3000 2 12666.79808
36.4000 2 11345.59232
36.5000 2 11785.99424
36.6000 2 10978.59072
36.7000 2 12656.31232
36.8000 2 10674.50368
36.9000 2 11377.0496
37.0000 2 12572.42624
37.1000 2 10097.78688
37.2000 2 12247.36768
37.3000 2 10852.7616
37.4000 2 9772.72832
37.5000 2 11964.25216
37.6000 2 13117.68576
37.7000 2 11785.99424
37.8000 2 12111.0528
37.9000 2 11943.28064
38.0000 2 12362.71104
38.1000 2 10475.27424
38.2000 2 11702.10816
38.3000 2 11974.73792
38.4000 2 10716.44672
38.5000 2 12111.0528
38.6000 2 12111.0528
38.7000 2 11859.39456
38.8000 2 10810.81856
38.9000 2 12750.68416
39.0000 2 10674.50368
39.1000 2 10884.21888
39.2000 2 13295.94368
39.3000 2 11817.45152
39.4000 2 10716.44672
39.5000 2 12111.0528
39.6000 2 11586.7648
39.7000 2 10915.67616
39.8000 2 12886.99904
39.9000 2 11366.56384
40.0000 2 11324.6208
40.1000 2 11754.53696
40.2000 2 11901.3376
40.3000 2 13117.68576
40.4000 2 10737.41824
40.5000 2 11450.44992
40.6000 2 13096.71424
40.7000 2 11010.048
40.8000 2 11429.4784
40.9000 2 13191.08608
41.0000 2 10643.0464
41.1000 2 11261.70624
41.2000 2 9741.27104
41.3000 2 11597.25056
41.4000 2 12876.51328
41.5000 2 10884.21888
41.6000 2 12509.51168
41.7000 2 10957.6192
41.8000 2 11544.82176
41.9000 2 11481.9072
42.0000 2 11460.93568
42.1000 2 11890.85184
42.2000 2 11471.42144
42.3000 2 10852.7616
42.4000 2 10758.38976
42.5000 2 13788.7744
42.6000 2 11618.22208
42.7000 2 11167.3344
42.8000 2 12824.08448
42.9000 2 10443.81696
43.0000 2 11051.99104
43.1000 2 12729.71264
43.2000 2 12069.10976
43.3000 2 10684.98944
43.4000 2 12194.93888
43.5000 2 12016.68096
43.6000 2 12341.73952
43.7000 2 10905.1904
43.8000 2 12687.7696
43.9000 2 12960.39936
44.0000 2 10831.79008
44.1000 2 11848.9088
44.2000 2 12079.59552
44.3000 2 10884.21888
44.4000 2 12415.13984
44.5000 2 10873.73312
44.6000 2 13033.79968
44.7000 2 11796.48
44.8000 2 12582.912
44.9000 2 11859.39456
45.0000 2 11439.96416
45.1000 2 10800.3328
45.2000 2 12006.1952
45.3000 2 11051.99104
45.4000 2 11418.99264
45.5000 2 13348.37248
45.6000 2 9279.8976
45.7000 2 10401.87392
45.8000 2 12719.22688
45.9000 2 8042.57792
46.0000 2 9468.64128
46.1000 2 9646.8992
46.2000 2 11418.99264
46.3000 2 11513.36448
46.4000 2 12876.51328
46.5000 2 10317.98784
46.6000 2 12876.51328
46.7000 2 11534.336
46.8000 2 12866.02752
46.9000 2 11869.88032
47.0000 2 11104.41984
47.1000 2 12436.11136
47.2000 2 11051.99104
47.3000 2 11450.44992
47.4000 2 12740.1984
47.5000 2 10957.6192
47.6000 2 12572.42624
47.7000 2 11534.336
47.8000 2 12740.1984
47.9000 2 11660.16512
48.0000 2 13096.71424
48.1000 2 12792.6272
48.2000 2 9930.01472
48.3000 2 11251.22048
48.4000 2 13757.31712
48.5000 2 10905.1904
48.6000 2 10968.10496
48.7000 2 12090.08128
48.8000 2 12750.68416
48.9000 2 11513.36448
49.0000 2 11922.30912
49.1000 2 13170.11456
49.2000 2 12027.16672
49.3000 2 11618.22208
49.4000 2 12184.45312
49.5000 2 11995.70944
49.6000 2 9982.44352
49.7000 2 13191.08608
49.8000 2 11198.79168
49.9000 2 12803.11296
50.0000 2 10894.70464
50.1000 2 12383.68256
50.2000 2 12163.4816
50.3000 2 11534.336
50.4000 2 11345.59232
50.5000 2 12341.73952
50.6000 2 11513.36448
50.7000 2 11513.36448
50.8000 2 13390.31552
50.9000 2 12058.624
51.0000 2 10454.30272
51.1000 2 11565.79328
51.2000 2 12163.4816
51.3000 2 10632.56064
51.4000 2 12152.99584
51.5000 2 12918.45632
51.6000 2 11093.93408
51.7000 2 11985.22368
51.8000 2 12205.42464
51.9000 2 12509.51168
52.0000 2 10590.6176
52.1000 2 12331.25376
52.2000 2 12499.02592
52.3000 2 11628.70784
52.4000 2 11607.73632
52.5000 2 13033.79968
52.6000 2 12614.36928
52.7000 2 10538.1888
52.8000 2 11450.44992
52.9000 2 14029.94688
53.0000 2 10349.44512
53.1000 2 10863.24736
53.2000 2 13243.51488
53.3000 2 10936.64768
53.4000 2 11723.07968
53.5000 2 12467.56864
53.6000 2 13337.88672
53.7000 2 11093.93408
53.8000 2 10684.98944
53.9000 2 11943.28064
54.0000 2 11964.25216
54.1000 2 11806.96576
54.2000 2 13096.71424
54.3000 2 12289.31072
54.4000 2 11681.13664
54.5000 2 11744.0512
54.6000 2 12289.31072
54.7000 2 11922.30912
54.8000 2 10223.616
54.9000 2 13149.14304
55.0000 2 9919.52896
55.1000 2 8818.52416
55.2000 2 11156.84864
55.3000 2 10171.1872
55.4000 2 10653.53216
55.5000 2 11408.50688
55.6000 2 9888.07168
55.7000 2 11481.9072
55.8000 2 10129.24416
55.9000 2 9258.92608
56.0000 2 13096.71424
56.1000 2 9909.0432
56.2000 2 10024.38656
56.3000 2 13054.7712
56.4000 2 10244.58752
56.5000 2 9038.72512
56.6000 2 12289.31072
56.7000 2 9258.92608
56.8000 2 11744.0512
56.9000 2 11188.30592
57.0000 2 11880.36608
57.1000 2 11083.44832
57.2000 2 13977.51808
57.3000 2 11125.39136
57.4000 2 10150.21568
57.5000 2 13065.25696
57.6000 2 12708.74112
57.7000 2 10601.10336
57.8000 2 10705.96096
57.9000 2 12467.56864
58.0000 2 10664.01792
58.1000 2 11156.84864
58.2000 2 13212.0576
58.3000 2 11901.3376
58.4000 2 11167.3344
58.5000 2 13023.31392
58.6000 2 11597.25056
58.7000 2 9552.52736
58.8000 2 12771.65568
58.9000 2 11974.73792
59.0000 2 10779.36128
59.1000 2 11639.1936
59.2000 2 12792.6272
59.3000 2 11439.96416
59.4000 2 11125.39136
59.5000 2 13327.40096
59.6000 2 10464.78848
59.7000 2 9300.86912
59.8000 2 13977.51808
59.9000 2 8032.09216
60.0000 2 10464.78848
60.1000 2 12866.02752
60.2000 2 11733.56544
60.3000 2 11072.96256
60.4000 2 12457.08288
60.5000 2 11398.02112
60.6000 2 10475.27424
60.7000 2 12027.16672
60.8000 2 12845.056
60.9000 2 11418.99264
61.0000 2 12855.54176
61.1000 2 11827.93728
61.2000 2 12635.3408
61.3000 2 11785.99424
61.4000 2 11366.56384
61.5000 2 13002.3424
61.6000 2 10768.87552
61.7000 2 11702.10816
61.8000 2 11754.53696
61.9000 2 12467.56864
62.0000 2 10800.3328
62.1000 2 12656.31232
62.2000 2 12907.97056
62.3000 2 10978.59072
62.4000 2 12132.02432
62.5000 2 12362.71104
62.6000 2 12331.25376
62.7000 2 11345.59232
62.8000 2 12561.94048
62.9000 2 12499.02592
63.0000 2 11985.22368
63.1000 2 12614.36928
63.2000 2 11209.27744
63.3000 2 11754.53696
63.4000 2 11670.65088
63.5000 2 12320.768
63.6000 2 12247.36768
63.7000 2 12132.02432
63.8000 2 11649.67936
63.9000 2 11523.85024
64.0000 2 12488.54016
64.1000 2 11712.59392
64.2000 2 12163.4816
64.3000 2 11964.25216
64.4000 2 11345.59232
64.5000 2 12016.68096
64.6000 2 12278.82496
64.7000 2 13096.71424
64.8000 2 11618.22208
64.9000 2 12960.39936
65.0000 2 11481.9072
65.1000 2 12373.1968
65.2000 2 11398.02112
65.3000 2 12331.25376
65.4000 2 11943.28064
65.5000 2 11492.39296
65.6000 2 9237.95456
65.7000 2 11135.87712
65.8000 2 9793.69984
65.9000 2 8619.29472
66.0000 2 9510.58432
66.1000 2 10821.30432
66.2000 2 10506.73152
66.3000 2 8157.92128
66.4000 2 11366.56384
66.5000 2 9961.472
66.6000 2 12478.0544
66.7000 2 13579.0592
66.8000 2 11513.36448
66.9000 2 11733.56544
67.0000 2 12257.85344
67.1000 2 12341.73952
67.2000 2 10800.3328
67.3000 2 10936.64768
67.4000 2 13180.60032
67.5000 2 11723.07968
67.6000 2 10800.3328
67.7000 2 13107.2
67.8000 2 11031.01952
67.9000 2 11219.7632
68.0000 2 12813.59872
68.1000 2 12960.39936
68.2000 2 11733.56544
68.3000 2 11932.79488
68.4000 2 12614.36928
68.5000 2 12121.53856
68.6000 2 10989.07648
68.7000 2 12362.71104
68.8000 2 13243.51488
68.9000 2 11502.87872
69.0000 2 11576.27904
69.1000 2 12918.45632
69.2000 2 12331.25376
69.3000 2 10842.27584
69.4000 2 11985.22368
69.5000 2 12719.22688
69.6000 2 11282.67776
69.7000 2 11083.44832
69.8000 2 12383.68256
69.9000 2 12970.88512
70.0000 2 11125.39136
70.1000 2 12373.1968
70.2000 2 12719.22688
70.3000 2 11911.82336
70.4000 2 10548.67456
70.5000 2 12478.0544
70.6000 2 12163.4816
70.7000 2 11439.96416
70.8000 2 12048.13824
70.9000 2 13012.82816
71.0000 2 10936.64768
71.1000 2 10464.78848
71.2000 2 13673.43104
71.3000 2 11733.56544
71.4000 2 11523.85024
71.5000 2 12121.53856
71.6000 2 13421.7728
71.7000 2 11104.41984
71.8000 2 8189.37856
71.9000 2 11607.73632
72.0000 2 7402.94656
72.1000 2 11691.6224
72.2000 2 9636.41344
72.3000 2 10957.6192
72.4000 2 12478.0544
72.5000 2 11083.44832
72.6000 2 10800.3328
72.7000 2 12394.16832
72.8000 2 11135.87712
72.9000 2 10810.81856
73.0000 2 11859.39456
73.1000 2 12027.16672
73.2000 2 11051.99104
73.3000 2 11964.25216
73.4000 2 11911.82336
73.5000 2 9961.472
73.6000 2 11041.50528
73.7000 2 12257.85344
73.8000 2 10391.38816
73.9000 2 11670.65088
74.0000 2 11534.336
74.1000 2 9751.7568
74.2000 2 11146.36288
74.3000 2 11177.82016
74.4000 2 11167.3344
74.5000 2 10695.4752
74.6000 2 12236.88192
74.7000 2 11072.96256
74.8000 2 11356.07808
74.9000 2 11681.13664
75.0000 2 11125.39136
75.1000 2 11922.30912
75.2000 2 10569.64608
75.3000 2 11303.64928
75.4000 2 11744.0512
75.5000 2 10957.6192
75.6000 2 10842.27584
75.7000 2 807.40352
