0.1000 2 0.0
0.2000 2 8912.896
0.3000 2 7591.69024
0.4000 2 10506.73152
0.5000 2 8629.78048
0.6000 2 11628.70784
0.7000 2 9667.87072
0.8000 2 10223.616
0.9000 2 11261.70624
1.0000 2 8755.6096
1.1000 2 11439.96416
1.2000 2 11681.13664
1.3000 2 9835.64288
1.4000 2 11890.85184
1.5000 2 10601.10336
1.6000 2 10171.1872
1.7000 2 11880.36608
1.8000 2 9552.52736
1.9000 2 10747.904
2.0000 2 11649.67936
2.1000 2 9290.38336
2.2000 2 10506.73152
2.3000 2 11534.336
2.4000 2 9772.72832
2.5000 2 10810.81856
2.6000 2 11261.70624
2.7000 2 10622.07488
2.8000 2 10684.98944
2.9000 2 11911.82336
3.0000 2 10968.10496
3.1000 2 10380.9024
3.2000 2 11188.30592
3.3000 2 11272.192
3.4000 2 9279.8976
3.5000 2 12289.31072
3.6000 2 11219.7632
3.7000 2 10601.10336
3.8000 2 11586.7648
3.9000 2 11198.79168
4.0000 2 10181.67296
4.1000 2 12593.39776
4.2000 2 9667.87072
4.3000 2 8157.92128
4.4000 2 13075.74272
4.5000 2 9300.86912
4.6000 2 10013.9008
4.7000 2 10517.21728
4.8000 2 8136.94976
4.9000 2 11723.07968
5.0000 2 9909.0432
5.1000 2 10108.27264
5.2000 2 11523.85024
5.3000 2 9479.12704
5.4000 2 12194.93888
5.5000 2 9898.55744
5.6000 2 9804.1856
5.7000 2 13191.08608
5.8000 2 7423.91808
5.9000 2 10454.30272
6.0000 2 11544.82176
6.1000 2 7119.83104
6.2000 2 11450.44992
6.3000 2 6585.05728
6.4000 2 12540.96896
6.5000 2 6532.62848
6.6000 2 10485.76
6.7000 2 8986.29632
6.8000 2 9783.21408
6.9000 2 11240.73472
7.0000 2 10517.21728
7.1000 2 10800.3328
7.2000 2 12268.3392
7.3000 2 9049.21088
7.4000 2 10580.13184
7.5000 2 11251.22048
7.6000 2 10338.95936
7.7000 2 10454.30272
7.8000 2 11230.24896
7.9000 2 10674.50368
8.0000 2 9143.58272
8.1000 2 11230.24896
8.2000 2 11377.0496
8.3000 2 10569.64608
8.4000 2 10873.73312
8.5000 2 10307.50208
8.6000 2 9720.29952
8.7000 2 12415.13984
8.8000 2 9563.01312
8.9000 2 11460.93568
9.0000 2 11366.56384
9.1000 2 9216.98304
9.2000 2 11418.99264
9.3000 2 11177.82016
9.4000 2 10171.1872
9.5000 2 12142.51008
9.6000 2 11198.79168
9.7000 2 8881.43872
9.8000 2 12645.82656
9.9000 2 10066.3296
10.0000 2 8923.38176
10.1000 2 13222.54336
10.2000 2 9479.12704
10.3000 2 9143.58272
10.4000 2 12519.99744
10.5000 2 9374.26944
10.6000 2 11293.16352
10.7000 2 11911.82336
10.8000 2 8996.78208
10.9000 2 12394.16832
11.0000 2 11156.84864
11.1000 2 10244.58752
11.2000 2 11964.25216
11.3000 2 11093.93408
11.4000 2 10150.21568
11.5000 2 11681.13664
11.6000 2 9384.7552
11.7000 2 10884.21888
11.8000 2 12530.4832
11.9000 2 9919.52896
12.0000 2 10087.30112
12.1000 2 12593.39776
12.2000 2 9573.49888
12.3000 2 11251.22048
12.4000 2 12027.16672
12.5000 2 9363.78368
12.6000 2 11890.85184
12.7000 2 10789.84704
12.8000 2 10223.616
12.9000 2 10412.35968
13.0000 2 11932.79488
13.1000 2 10538.1888
13.2000 2 10957.6192
13.3000 2 11670.65088
13.4000 2 11681.13664
13.5000 2 10433.3312
13.6000 2 10831.79008
13.7000 2 12886.99904
13.8000 2 9521.07008
13.9000 2 10276.0448
14.0000 2 12194.93888
14.1000 2 10726.93248
14.2000 2 9688.84224
14.3000 2 12635.3408
14.4000 2 9091.15392
14.5000 2 11723.07968
14.6000 2 9909.0432
14.7000 2 10380.9024
14.8000 2 11398.02112
14.9000 2 9982.44352
15.0000 2 10234.10176
15.1000 2 11880.36608
15.2000 2 10349.44512
15.3000 2 11240.73472
15.4000 2 11366.56384
15.5000 2 9143.58272
15.6000 2 12352.22528
15.7000 2 10255.07328
15.8000 2 9793.69984
15.9000 2 10957.6192
16.0000 2 11471.42144
16.1000 2 10359.93088
16.2000 2 10548.67456
16.3000 2 12111.0528
16.4000 2 10800.3328
16.5000 2 10758.38976
16.6000 2 11114.9056
16.7000 2 10412.35968
16.8000 2 10821.30432
16.9000 2 10276.0448
17.0000 2 11335.10656
17.1000 2 11502.87872
17.2000 2 9080.66816
17.3000 2 11345.59232
17.4000 2 11041.50528
17.5000 2 10884.21888
17.6000 2 11062.4768
17.7000 2 11324.6208
17.8000 2 9458.15552
17.9000 2 11188.30592
18.0000 2 11366.56384
18.1000 2 10160.70144
18.2000 2 11618.22208
18.3000 2 10338.95936
18.4000 2 10443.81696
18.5000 2 11848.9088
18.6000 2 9751.7568
18.7000 2 10674.50368
18.8000 2 10653.53216
18.9000 2 8703.1808
19.0000 2 11670.65088
19.1000 2 10999.56224
19.2000 2 8870.95296
19.3000 2 13086.22848
19.4000 2 10045.35808
19.5000 2 10265.55904
19.6000 2 11702.10816
19.7000 2 9846.12864
19.8000 2 11177.82016
19.9000 2 11481.9072
20.0000 2 10559.16032
20.1000 2 10779.36128
20.2000 2 12236.88192
20.3000 2 9930.01472
20.4000 2 11230.24896
20.5000 2 9175.04
20.6000 2 8766.09536
20.7000 2 11209.27744
20.8000 2 8902.41024
20.9000 2 11188.30592
21.0000 2 11041.50528
21.1000 2 10485.76
21.2000 2 10234.10176
21.3000 2 12257.85344
21.4000 2 11041.50528
21.5000 2 11209.27744
21.6000 2 11282.67776
21.7000 2 11209.27744
21.8000 2 10747.904
21.9000 2 11062.4768
22.0000 2 11188.30592
22.1000 2 11156.84864
22.2000 2 11744.0512
22.3000 2 12415.13984
22.4000 2 10024.38656
22.5000 2 11282.67776
22.6000 2 11754.53696
22.7000 2 9961.472
22.8000 2 11565.79328
22.9000 2 11314.13504
23.0000 2 9888.07168
23.1000 2 11964.25216
23.2000 2 11135.87712
23.3000 2 9395.24096
23.4000 2 11104.41984
23.5000 2 12132.02432
23.6000 2 10055.84384
23.7000 2 11985.22368
23.8000 2 10873.73312
23.9000 2 7916.7488
24.0000 2 12247.36768
24.1000 2 10307.50208
24.2000 2 10338.95936
24.3000 2 12729.71264
24.4000 2 9888.07168
24.5000 2 9384.7552
24.6000 2 9573.49888
24.7000 2 9709.81376
24.8000 2 10768.87552
24.9000 2 10936.64768
25.0000 2 11765.02272
25.1000 2 11219.7632
25.2000 2 10999.56224
25.3000 2 10947.13344
25.4000 2 10863.24736
25.5000 2 10716.44672
25.6000 2 11020.53376
25.7000 2 11754.53696
25.8000 2 8776.58112
25.9000 2 11859.39456
26.0000 2 11817.45152
26.1000 2 9091.15392
26.2000 2 11282.67776
26.3000 2 11565.79328
26.4000 2 8975.81056
26.5000 2 12907.97056
26.6000 2 10800.3328
26.7000 2 9091.15392
26.8000 2 13285.45792
26.9000 2 10601.10336
27.0000 2 10202.64448
27.1000 2 12970.88512
27.2000 2 10726.93248
27.3000 2 9793.69984
27.4000 2 12886.99904
27.5000 2 10443.81696
27.6000 2 9363.78368
27.7000 2 13191.08608
27.8000 2 9091.15392
27.9000 2 9164.55424
28.0000 2 12226.39616
28.1000 2 8231.3216
28.2000 2 11335.10656
28.3000 2 8147.43552
28.4000 2 10024.38656
28.5000 2 8011.12064
28.6000 2 9751.7568
28.7000 2 10674.50368
28.8000 2 9636.41344
28.9000 2 11177.82016
29.0000 2 11387.53536
29.1000 2 10045.35808
29.2000 2 11911.82336
29.3000 2 12132.02432
29.4000 2 9248.44032
29.5000 2 12215.9104
29.6000 2 11785.99424
29.7000 2 10496.24576
29.8000 2 11272.192
29.9000 2 11681.13664
30.0000 2 10297.01632
30.1000 2 11848.9088
30.2000 2 11209.27744
30.3000 2 10181.67296
30.4000 2 12173.96736
30.5000 2 11817.45152
30.6000 2 10401.87392
30.7000 2 12006.1952
30.8000 2 11104.41984
30.9000 2 10013.9008
31.0000 2 11964.25216
31.1000 2 11974.73792
31.2000 2 10255.07328
31.3000 2 10989.07648
31.4000 2 11681.13664
31.5000 2 10517.21728
31.6000 2 10863.24736
31.7000 2 11146.36288
31.8000 2 9877.58592
31.9000 2 12142.51008
32.0000 2 11502.87872
32.1000 2 10789.84704
32.2000 2 11335.10656
32.3000 2 11083.44832
32.4000 2 9447.66976
32.5000 2 13159.6288
32.6000 2 10590.6176
32.7000 2 8346.66496
32.8000 2 12111.0528
32.9000 2 9521.07008
33.0000 2 11219.7632
33.1000 2 11974.73792
33.2000 2 9971.95776
33.3000 2 11020.53376
33.4000 2 12226.39616
33.5000 2 10328.4736
33.6000 2 11314.13504
33.7000 2 11492.39296
33.8000 2 10999.56224
33.9000 2 11953.7664
34.0000 2 11576.27904
34.1000 2 10244.58752
34.2000 2 12100.56704
34.3000 2 10674.50368
34.4000 2 10999.56224
34.5000 2 11712.59392
34.6000 2 9971.95776
34.7000 2 11450.44992
34.8000 2 11460.93568
34.9000 2 10548.67456
35.0000 2 12530.4832
35.1000 2 10852.7616
35.2000 2 9667.87072
35.3000 2 12247.36768
35.4000 2 11649.67936
35.5000 2 10978.59072
35.6000 2 11901.3376
35.7000 2 11618.22208
35.8000 2 10076.81536
35.9000 2 12352.22528
36.0000 2 10664.01792
36.1000 2 10139.72992
36.2000 2 12509.51168
36.3000 2 9888.07168
36.4000 2 9112.12544
36.5000 2 11985.22368
36.6000 2 10297.01632
36.7000 2 10716.44672
36.8000 2 11041.50528
36.9000 2 9405.72672
37.0000 2 11282.67776
37.1000 2 11261.70624
37.2000 2 9657.38496
37.3000 2 11597.25056
37.4000 2 11146.36288
37.5000 2 9971.95776
37.6000 2 11670.65088
37.7000 2 10873.73312
37.8000 2 10789.84704
37.9000 2 11513.36448
38.0000 2 10653.53216
38.1000 2 10716.44672
38.2000 2 10800.3328
38.3000 2 10475.27424
38.4000 2 11796.48
38.5000 2 10255.07328
38.6000 2 10538.1888
38.7000 2 11303.64928
38.8000 2 11031.01952
38.9000 2 10664.01792
39.0000 2 11597.25056
39.1000 2 11135.87712
39.2000 2 10831.79008
39.3000 2 10380.9024
39.4000 2 11660.16512
39.5000 2 10747.904
39.6000 2 10307.50208
39.7000 2 11439.96416
39.8000 2 11544.82176
39.9000 2 9950.98624
40.0000 2 12111.0528
40.1000 2 11597.25056
40.2000 2 10968.10496
40.3000 2 10863.24736
40.4000 2 11240.73472
40.5000 2 10328.4736
40.6000 2 11020.53376
40.7000 2 11586.7648
40.8000 2 8776.58112
40.9000 2 12404.65408
41.0000 2 11072.96256
41.1000 2 10013.9008
41.2000 2 12289.31072
41.3000 2 11691.6224
41.4000 2 10401.87392
41.5000 2 11890.85184
41.6000 2 11303.64928
41.7000 2 9919.52896
41.8000 2 11901.3376
41.9000 2 11240.73472
42.0000 2 8692.69504
42.1000 2 10936.64768
42.2000 2 7214.20288
42.3000 2 10999.56224
42.4000 2 8703.1808
42.5000 2 9332.3264
42.6000 2 10643.0464
42.7000 2 9846.12864
42.8000 2 9604.95616
42.9000 2 10234.10176
43.0000 2 10517.21728
43.1000 2 8388.608
43.2000 2 11135.87712
43.3000 2 9196.01152
43.4000 2 11922.30912
43.5000 2 11219.7632
43.6000 2 11324.6208
43.7000 2 11324.6208
43.8000 2 11366.56384
43.9000 2 11114.9056
44.0000 2 11660.16512
44.1000 2 10894.70464
44.2000 2 12404.65408
44.3000 2 11765.02272
44.4000 2 10653.53216
44.5000 2 12939.42784
44.6000 2 10286.53056
44.7000 2 8556.38016
44.8000 2 10454.30272
44.9000 2 9804.1856
45.0000 2 11093.93408
45.1000 2 9625.92768
45.2000 2 10496.24576
45.3000 2 13285.45792
45.4000 2 12184.45312
45.5000 2 11712.59392
45.6000 2 10716.44672
45.7000 2 13075.74272
45.8000 2 11282.67776
45.9000 2 10684.98944
46.0000 2 12048.13824
46.1000 2 12540.96896
46.2000 2 11114.9056
46.3000 2 11618.22208
46.4000 2 12236.88192
46.5000 2 11460.93568
46.6000 2 11670.65088
46.7000 2 12163.4816
46.8000 2 10726.93248
46.9000 2 11733.56544
47.0000 2 11785.99424
47.1000 2 12236.88192
47.2000 2 11156.84864
47.3000 2 12236.88192
47.4000 2 12834.57024
47.5000 2 11565.79328
47.6000 2 12457.08288
47.7000 2 10842.27584
47.8000 2 12551.45472
47.9000 2 11765.02272
48.0000 2 11502.87872
48.1000 2 12100.56704
48.2000 2 11450.44992
48.3000 2 11964.25216
48.4000 2 12058.624
48.5000 2 13243.51488
48.6000 2 11848.9088
48.7000 2 11639.1936
48.8000 2 11565.79328
48.9000 2 11691.6224
49.0000 2 12614.36928
49.1000 2 11586.7648
49.2000 2 12834.57024
49.3000 2 13002.3424
49.4000 2 11010.048
49.5000 2 11293.16352
49.6000 2 12624.85504
49.7000 2 11439.96416
49.8000 2 11230.24896
49.9000 2 13128.17152
50.0000 2 12394.16832
50.1000 2 11796.48
50.2000 2 11534.336
50.3000 2 13128.17152
50.4000 2 12572.42624
50.5000 2 10181.67296
50.6000 2 11733.56544
50.7000 2 13778.28864
50.8000 2 10548.67456
50.9000 2 11251.22048
51.0000 2 13600.03072
51.1000 2 10527.70304
51.2000 2 10003.41504
51.3000 2 13065.25696
51.4000 2 11628.70784
51.5000 2 7119.83104
51.6000 2 10789.84704
51.7000 2 8283.7504
51.8000 2 10737.41824
51.9000 2 9059.69664
52.0000 2 10863.24736
52.1000 2 12866.02752
52.2000 2 8849.98144
52.3000 2 10401.87392
52.4000 2 12257.85344
52.5000 2 7895.77728
52.6000 2 11293.16352
52.7000 2 11198.79168
52.8000 2 10894.70464
52.9000 2 10160.70144
53.0000 2 11723.07968
53.1000 2 12152.99584
53.2000 2 10852.7616
53.3000 2 11681.13664
53.4000 2 12561.94048
53.5000 2 10968.10496
53.6000 2 9154.06848
53.7000 2 12121.53856
53.8000 2 11586.7648
53.9000 2 11429.4784
54.0000 2 13694.40256
54.1000 2 11974.73792
54.2000 2 9730.78528
54.3000 2 11660.16512
54.4000 2 8283.7504
54.5000 2 10108.27264
54.6000 2 11418.99264
54.7000 2 9825.15712
54.8000 2 11408.50688
54.9000 2 10873.73312
55.0000 2 9919.52896
55.1000 2 11827.93728
55.2000 2 11272.192
55.3000 2 10674.50368
55.4000 2 12205.42464
55.5000 2 11744.0512
55.6000 2 10066.3296
55.7000 2 10726.93248
55.8000 2 11031.01952
55.9000 2 10747.904
56.0000 2 11429.4784
56.1000 2 10768.87552
56.2000 2 11031.01952
56.3000 2 10538.1888
56.4000 2 11209.27744
56.5000 2 11775.50848
56.6000 2 10055.84384
56.7000 2 11450.44992
56.8000 2 10915.67616
56.9000 2 10297.01632
57.0000 2 11765.02272
57.1000 2 11418.99264
57.2000 2 10454.30272
57.3000 2 11785.99424
57.4000 2 12016.68096
57.5000 2 10171.1872
57.6000 2 10768.87552
57.7000 2 12331.25376
57.8000 2 10779.36128
57.9000 2 12111.0528
58.0000 2 11209.27744
58.1000 2 10842.27584
58.2000 2 11293.16352
58.3000 2 11314.13504
58.4000 2 10643.0464
58.5000 2 12006.1952
58.6000 2 10800.3328
58.7000 2 11314.13504
58.8000 2 11356.07808
58.9000 2 10684.98944
59.0000 2 11492.39296
59.1000 2 11114.9056
59.2000 2 10926.16192
59.3000 2 12268.3392
59.4000 2 11670.65088
59.5000 2 10758.38976
59.6000 2 12373.1968
59.7000 2 11838.42304
59.8000 2 9961.472
59.9000 2 11565.79328
60.0000 2 9982.44352
60.1000 2 9112.12544
60.2000 2 9877.58592
60.3000 2 10506.73152
60.4000 2 8283.7504
60.5000 2 11051.99104
60.6000 2 10244.58752
60.7000 2 10307.50208
60.8000 2 10055.84384
60.9000 2 10580.13184
61.0000 2 10695.4752
61.1000 2 8168.40704
61.2000 2 12499.02592
61.3000 2 7707.0336
61.4000 2 10926.16192
61.5000 2 9772.72832
61.6000 2 10601.10336
61.7000 2 9384.7552
61.8000 2 11230.24896
61.9000 2 8136.94976
62.0000 2 9961.472
62.1000 2 9825.15712
62.2000 2 10548.67456
62.3000 2 12572.42624
62.4000 2 10978.59072
62.5000 2 10716.44672
62.6000 2 12603.88352
62.7000 2 9783.21408
62.8000 2 10873.73312
62.9000 2 12593.39776
63.0000 2 10800.3328
63.1000 2 9720.29952
63.2000 2 12582.912
63.3000 2 10286.53056
63.4000 2 10359.93088
63.5000 2 12834.57024
63.6000 2 8912.896
63.7000 2 9143.58272
63.8000 2 12740.1984
63.9000 2 8640.26624
64.0000 2 11628.70784
64.1000 2 10443.81696
64.2000 2 10957.6192
64.3000 2 11702.10816
64.4000 2 12467.56864
64.5000 2 10842.27584
64.6000 2 10831.79008
64.7000 2 12048.13824
64.8000 2 10842.27584
64.9000 2 10957.6192
65.0000 2 9930.01472
65.1000 2 10223.616
65.2000 2 9426.69824
65.3000 2 10978.59072
65.4000 2 11272.192
65.5000 2 9510.58432
65.6000 2 11513.36448
65.7000 2 10171.1872
65.8000 2 10024.38656
65.9000 2 11890.85184
66.0000 2 10076.81536
66.1000 2 11586.7648
66.2000 2 11534.336
66.3000 2 9814.67136
66.4000 2 11639.1936
66.5000 2 10695.4752
66.6000 2 11051.99104
66.7000 2 10506.73152
66.8000 2 10328.4736
66.9000 2 11827.93728
67.0000 2 9930.01472
67.1000 2 10202.64448
67.2000 2 11534.336
67.3000 2 8776.58112
67.4000 2 12194.93888
67.5000 2 8420.06528
67.6000 2 10286.53056
67.7000 2 11576.27904
67.8000 2 9772.72832
67.9000 2 10800.3328
68.0000 2 11576.27904
68.1000 2 10653.53216
68.2000 2 11901.3376
68.3000 2 12215.9104
68.4000 2 11114.9056
68.5000 2 11335.10656
68.6000 2 12603.88352
68.7000 2 10548.67456
68.8000 2 11408.50688
68.9000 2 10653.53216
69.0000 2 11555.30752
69.1000 2 11691.6224
69.2000 2 11125.39136
69.3000 2 12037.65248
69.4000 2 11156.84864
69.5000 2 10464.78848
69.6000 2 11335.10656
69.7000 2 11377.0496
69.8000 2 10422.84544
69.9000 2 11356.07808
70.0000 2 12457.08288
70.1000 2 10905.1904
70.2000 2 10768.87552
70.3000 2 12886.99904
70.4000 2 10349.44512
70.5000 2 10716.44672
70.6000 2 12792.6272
70.7000 2 10139.72992
70.8000 2 10265.55904
70.9000 2 12803.11296
71.0000 2 9175.04
71.1000 2 10747.904
71.2000 2 11775.50848
71.3000 2 9500.09856
71.4000 2 12163.4816
71.5000 2 10894.70464
71.6000 2 10747.904
71.7000 2 11765.02272
71.8000 2 11869.88032
71.9000 2 10391.38816
72.0000 2 12037.65248
72.1000 2 12090.08128
72.2000 2 10957.6192
72.3000 2 11639.1936
72.4000 2 12415.13984
72.5000 2 11031.01952
72.6000 2 11135.87712
72.7000 2 11796.48
72.8000 2 12310.28224
72.9000 2 10737.41824
73.0000 2 12132.02432
73.1000 2 12111.0528
73.2000 2 10643.0464
73.3000 2 11607.73632
73.4000 2 11838.42304
73.5000 2 11051.99104
73.6000 2 11985.22368
73.7000 2 11072.96256
73.8000 2 12079.59552
73.9000 2 11660.16512
74.0000 2 10873.73312
74.1000 2 12006.1952
74.2000 2 11544.82176
74.3000 2 11114.9056
74.4000 2 12058.624
74.5000 2 11576.27904
74.6000 2 10957.6192
74.7000 2 11481.9072
74.8000 2 12090.08128
74.9000 2 11523.85024
75.0000 2 10737.41824
75.1000 2 12121.53856
75.2000 2 10978.59072
75.3000 2 11010.048
75.4000 2 12519.99744
75.5000 2 10926.16192
75.6000 2 10401.87392
75.7000 2 12268.3392
75.8000 2 8703.1808
75.9000 2 8996.78208
76.0000 2 10978.59072
76.1000 2 10842.27584
76.2000 2 11901.3376
76.3000 2 11544.82176
76.4000 2 9636.41344
76.5000 2 11911.82336
76.6000 2 12090.08128
76.7000 2 8776.58112
76.8000 2 2285.89568
