0.1000 2 0.0
0.2000 2 8262.77888
0.3000 2 8388.608
0.4000 2 8682.20928
0.5000 2 8220.83584
0.6000 2 12320.768
0.7000 2 7371.48928
0.8000 2 12132.02432
0.9000 2 8011.12064
1.0000 2 10485.76
1.1000 2 10150.21568
1.2000 2 9521.07008
1.3000 2 11901.3376
1.4000 2 10968.10496
1.5000 2 9437.184
1.6000 2 11377.0496
1.7000 2 10936.64768
1.8000 2 10475.27424
1.9000 2 12320.768
2.0000 2 9615.44192
2.1000 2 11114.9056
2.2000 2 10569.64608
2.3000 2 9804.1856
2.4000 2 10653.53216
2.5000 2 10307.50208
2.6000 2 10957.6192
2.7000 2 9856.6144
2.8000 2 10989.07648
2.9000 2 10779.36128
3.0000 2 9625.92768
3.1000 2 11639.1936
3.2000 2 7151.28832
3.3000 2 9028.23936
3.4000 2 10391.38816
3.5000 2 6868.1728
3.6000 2 10066.3296
3.7000 2 10003.41504
3.8000 2 9751.7568
3.9000 2 7832.86272
4.0000 2 10506.73152
4.1000 2 8776.58112
4.2000 2 10464.78848
4.3000 2 9909.0432
4.4000 2 10464.78848
4.5000 2 7612.66176
4.6000 2 11093.93408
4.7000 2 9091.15392
4.8000 2 9258.92608
4.9000 2 10737.41824
5.0000 2 9982.44352
5.1000 2 9510.58432
5.2000 2 10097.78688
5.3000 2 10947.13344
5.4000 2 11953.7664
5.5000 2 10202.64448
5.6000 2 10559.16032
5.7000 2 11303.64928
5.8000 2 10789.84704
5.9000 2 10485.76
6.0000 2 10936.64768
6.1000 2 10150.21568
6.2000 2 11733.56544
6.3000 2 10800.3328
6.4000 2 10947.13344
6.5000 2 12163.4816
6.6000 2 9311.35488
6.7000 2 10380.9024
6.8000 2 11555.30752
6.9000 2 10873.73312
7.0000 2 11890.85184
7.1000 2 10800.3328
7.2000 2 9154.06848
7.3000 2 11502.87872
7.4000 2 11649.67936
7.5000 2 10758.38976
7.6000 2 11125.39136
7.7000 2 11681.13664
7.8000 2 10370.41664
7.9000 2 9982.44352
8.0000 2 11576.27904
8.1000 2 11985.22368
8.2000 2 10664.01792
8.3000 2 11670.65088
8.4000 2 11586.7648
8.5000 2 10181.67296
8.6000 2 11188.30592
8.7000 2 11010.048
8.8000 2 10370.41664
8.9000 2 10789.84704
9.0000 2 10317.98784
9.1000 2 9730.78528
9.2000 2 10978.59072
9.3000 2 11251.22048
9.4000 2 10265.55904
9.5000 2 11859.39456
9.6000 2 9793.69984
9.7000 2 11492.39296
9.8000 2 11639.1936
9.9000 2 10307.50208
10.0000 2 11534.336
10.1000 2 10884.21888
10.2000 2 10873.73312
10.3000 2 11880.36608
10.4000 2 11429.4784
10.5000 2 10265.55904
10.6000 2 10024.38656
10.7000 2 12960.39936
10.8000 2 8661.23776
10.9000 2 11418.99264
11.0000 2 10580.13184
11.1000 2 8755.6096
11.2000 2 13159.6288
11.3000 2 9741.27104
11.4000 2 9091.15392
11.5000 2 12782.14144
11.6000 2 9321.84064
11.7000 2 10737.41824
11.8000 2 10915.67616
11.9000 2 9458.15552
12.0000 2 11806.96576
12.1000 2 11230.24896
12.2000 2 9594.4704
12.3000 2 12184.45312
12.4000 2 11398.02112
12.5000 2 10349.44512
12.6000 2 11586.7648
12.7000 2 11135.87712
12.8000 2 11314.13504
12.9000 2 11450.44992
13.0000 2 11335.10656
13.1000 2 11607.73632
13.2000 2 9583.98464
13.3000 2 12100.56704
13.4000 2 11681.13664
13.5000 2 10538.1888
13.6000 2 11576.27904
13.7000 2 11366.56384
13.8000 2 9279.8976
13.9000 2 11167.3344
14.0000 2 11481.9072
14.1000 2 10087.30112
14.2000 2 10999.56224
14.3000 2 11408.50688
14.4000 2 10139.72992
14.5000 2 12016.68096
14.6000 2 9300.86912
14.7000 2 9615.44192
14.8000 2 11838.42304
14.9000 2 10957.6192
15.0000 2 11104.41984
15.1000 2 10758.38976
15.2000 2 9447.66976
15.3000 2 10653.53216
15.4000 2 8462.00832
15.5000 2 8210.35008
15.6000 2 10758.38976
15.7000 2 10307.50208
15.8000 2 11744.0512
15.9000 2 10139.72992
16.0000 2 10705.96096
16.1000 2 12069.10976
16.2000 2 9992.92928
16.3000 2 8912.896
16.4000 2 12173.96736
16.5000 2 9500.09856
16.6000 2 10779.36128
16.7000 2 12100.56704
16.8000 2 9321.84064
16.9000 2 11932.79488
17.0000 2 9950.98624
17.1000 2 10401.87392
17.2000 2 11481.9072
17.3000 2 12027.16672
17.4000 2 9122.6112
17.5000 2 11890.85184
17.6000 2 11911.82336
17.7000 2 9248.44032
17.8000 2 11492.39296
17.9000 2 10789.84704
18.0000 2 10412.35968
18.1000 2 10422.84544
18.2000 2 10024.38656
18.3000 2 11345.59232
18.4000 2 10821.30432
18.5000 2 9112.12544
18.6000 2 11576.27904
18.7000 2 11481.9072
18.8000 2 10307.50208
18.9000 2 11922.30912
19.0000 2 11450.44992
19.1000 2 11670.65088
19.2000 2 10087.30112
19.3000 2 11450.44992
19.4000 2 11209.27744
19.5000 2 10873.73312
19.6000 2 10475.27424
19.7000 2 12226.39616
19.8000 2 9510.58432
19.9000 2 11502.87872
20.0000 2 10947.13344
20.1000 2 8808.0384
20.2000 2 12488.54016
20.3000 2 8367.63648
20.4000 2 9447.66976
20.5000 2 10664.01792
20.6000 2 8787.06688
20.7000 2 12069.10976
20.8000 2 6983.51616
20.9000 2 10307.50208
21.0000 2 10066.3296
21.1000 2 11565.79328
21.2000 2 10213.13024
21.3000 2 10936.64768
21.4000 2 11020.53376
21.5000 2 10674.50368
21.6000 2 10737.41824
21.7000 2 11156.84864
21.8000 2 10297.01632
21.9000 2 12069.10976
22.0000 2 11114.9056
22.1000 2 9877.58592
22.2000 2 13369.344
22.3000 2 9646.8992
22.4000 2 8860.4672
22.5000 2 11104.41984
22.6000 2 8451.52256
22.7000 2 9699.328
22.8000 2 10758.38976
22.9000 2 10989.07648
23.0000 2 8136.94976
23.1000 2 12247.36768
23.2000 2 7790.91968
23.3000 2 11492.39296
23.4000 2 9332.3264
23.5000 2 8787.06688
23.6000 2 11702.10816
23.7000 2 9216.98304
23.8000 2 9521.07008
23.9000 2 10213.13024
24.0000 2 11020.53376
24.1000 2 9049.21088
24.2000 2 11660.16512
24.3000 2 9395.24096
24.4000 2 9206.49728
24.5000 2 9332.3264
24.6000 2 8378.12224
24.7000 2 11785.99424
24.8000 2 9552.52736
24.9000 2 10779.36128
25.0000 2 11377.0496
25.1000 2 10947.13344
25.2000 2 11502.87872
25.3000 2 12037.65248
25.4000 2 9846.12864
25.5000 2 10852.7616
25.6000 2 10800.3328
25.7000 2 9982.44352
25.8000 2 12121.53856
25.9000 2 10359.93088
26.0000 2 9636.41344
26.1000 2 12677.28384
26.2000 2 9143.58272
26.3000 2 10234.10176
26.4000 2 12132.02432
26.5000 2 9552.52736
26.6000 2 11418.99264
26.7000 2 11723.07968
26.8000 2 9867.10016
26.9000 2 11303.64928
27.0000 2 10443.81696
27.1000 2 10779.36128
27.2000 2 11869.88032
27.3000 2 10087.30112
27.4000 2 10129.24416
27.5000 2 10674.50368
27.6000 2 8493.4656
27.7000 2 9196.01152
27.8000 2 10800.3328
27.9000 2 10758.38976
28.0000 2 8640.26624
28.1000 2 12079.59552
28.2000 2 7717.51936
28.3000 2 10003.41504
28.4000 2 10580.13184
28.5000 2 9814.67136
28.6000 2 10013.9008
28.7000 2 10307.50208
28.8000 2 9856.6144
28.9000 2 10328.4736
29.0000 2 11974.73792
29.1000 2 9856.6144
29.2000 2 11177.82016
29.3000 2 11230.24896
29.4000 2 9206.49728
29.5000 2 11785.99424
29.6000 2 11345.59232
29.7000 2 10443.81696
29.8000 2 10810.81856
29.9000 2 11335.10656
30.0000 2 10821.30432
30.1000 2 9636.41344
30.2000 2 12142.51008
30.3000 2 11953.7664
30.4000 2 9982.44352
30.5000 2 11691.6224
30.6000 2 12027.16672
30.7000 2 9898.55744
30.8000 2 11020.53376
30.9000 2 11733.56544
31.0000 2 9625.92768
31.1000 2 11104.41984
31.2000 2 11314.13504
31.3000 2 9971.95776
31.4000 2 12006.1952
31.5000 2 10286.53056
31.6000 2 10485.76
31.7000 2 11513.36448
31.8000 2 11827.93728
31.9000 2 10527.70304
32.0000 2 10989.07648
32.1000 2 10737.41824
32.2000 2 11020.53376
32.3000 2 10768.87552
32.4000 2 10999.56224
32.5000 2 11051.99104
32.6000 2 11377.0496
32.7000 2 10548.67456
32.8000 2 11020.53376
32.9000 2 11093.93408
33.0000 2 9636.41344
33.1000 2 12100.56704
33.2000 2 11471.42144
33.3000 2 9133.09696
33.4000 2 11544.82176
33.5000 2 11418.99264
33.6000 2 10779.36128
33.7000 2 11272.192
33.8000 2 11366.56384
33.9000 2 9688.84224
34.0000 2 11544.82176
34.1000 2 10863.24736
34.2000 2 11209.27744
34.3000 2 10129.24416
34.4000 2 11901.3376
34.5000 2 10915.67616
34.6000 2 10831.79008
34.7000 2 11502.87872
34.8000 2 11303.64928
34.9000 2 9835.64288
35.0000 2 10475.27424
35.1000 2 12100.56704
35.2000 2 10653.53216
35.3000 2 9615.44192
35.4000 2 10401.87392
35.5000 2 9699.328
35.6000 2 11481.9072
35.7000 2 9468.64128
35.8000 2 11806.96576
35.9000 2 10664.01792
36.0000 2 9563.01312
36.1000 2 12928.94208
36.2000 2 9101.63968
36.3000 2 9730.78528
36.4000 2 12509.51168
36.5000 2 10097.78688
36.6000 2 10160.70144
36.7000 2 12488.54016
36.8000 2 8682.20928
36.9000 2 11377.0496
37.0000 2 11806.96576
37.1000 2 10370.41664
37.2000 2 11240.73472
37.3000 2 11827.93728
37.4000 2 9049.21088
37.5000 2 12058.624
37.6000 2 10412.35968
37.7000 2 9909.0432
37.8000 2 12215.9104
37.9000 2 9227.4688
38.0000 2 9206.49728
38.1000 2 10559.16032
38.2000 2 7979.66336
38.3000 2 11565.79328
38.4000 2 9101.63968
38.5000 2 10370.41664
38.6000 2 10359.93088
38.7000 2 10129.24416
38.8000 2 9447.66976
38.9000 2 10852.7616
39.0000 2 10716.44672
39.1000 2 8954.83904
39.2000 2 11733.56544
39.3000 2 7969.1776
39.4000 2 11114.9056
39.5000 2 9982.44352
39.6000 2 10034.87232
39.7000 2 10181.67296
39.8000 2 9804.1856
39.9000 2 10915.67616
40.0000 2 9542.0416
40.1000 2 11051.99104
40.2000 2 7864.32
40.3000 2 11156.84864
40.4000 2 7623.14752
40.5000 2 11188.30592
40.6000 2 9751.7568
40.7000 2 9678.35648
40.8000 2 9563.01312
40.9000 2 8304.72192
41.0000 2 9814.67136
41.1000 2 9552.52736
41.2000 2 7832.86272
41.3000 2 9699.328
41.4000 2 7287.6032
41.5000 2 10391.38816
41.6000 2 9258.92608
41.7000 2 10160.70144
41.8000 2 9468.64128
41.9000 2 11261.70624
42.0000 2 8493.4656
42.1000 2 10013.9008
42.2000 2 9374.26944
42.3000 2 10234.10176
42.4000 2 8514.43712
42.5000 2 11135.87712
42.6000 2 8818.52416
42.7000 2 10087.30112
42.8000 2 10936.64768
42.9000 2 10978.59072
43.0000 2 9888.07168
43.1000 2 9500.09856
43.2000 2 10496.24576
43.3000 2 10506.73152
43.4000 2 9237.95456
43.5000 2 11775.50848
43.6000 2 8787.06688
43.7000 2 10412.35968
43.8000 2 9930.01472
43.9000 2 7633.63328
44.0000 2 11219.7632
44.1000 2 7853.83424
44.2000 2 12824.08448
44.3000 2 10118.7584
44.4000 2 11114.9056
44.5000 2 12792.6272
44.6000 2 11775.50848
44.7000 2 9227.4688
44.8000 2 12782.14144
44.9000 2 10936.64768
45.0000 2 10338.95936
45.1000 2 12247.36768
45.2000 2 10297.01632
45.3000 2 10422.84544
45.4000 2 12111.0528
45.5000 2 10737.41824
45.6000 2 9133.09696
45.7000 2 13893.632
45.8000 2 8367.63648
45.9000 2 8829.00992
46.0000 2 9982.44352
46.1000 2 9625.92768
46.2000 2 11586.7648
46.3000 2 8829.00992
46.4000 2 10905.1904
46.5000 2 9583.98464
46.6000 2 10433.3312
46.7000 2 9468.64128
46.8000 2 10538.1888
46.9000 2 10213.13024
47.0000 2 9783.21408
47.1000 2 11366.56384
47.2000 2 9856.6144
47.3000 2 11408.50688
47.4000 2 10800.3328
47.5000 2 9940.50048
47.6000 2 11618.22208
47.7000 2 11010.048
47.8000 2 10590.6176
47.9000 2 11062.4768
48.0000 2 10926.16192
48.1000 2 11314.13504
48.2000 2 10003.41504
48.3000 2 11251.22048
48.4000 2 11649.67936
48.5000 2 10286.53056
48.6000 2 10779.36128
48.7000 2 10024.38656
48.8000 2 8766.09536
48.9000 2 12645.82656
49.0000 2 10223.616
49.1000 2 10716.44672
49.2000 2 11785.99424
49.3000 2 11314.13504
49.4000 2 11869.88032
49.5000 2 11114.9056
49.6000 2 11943.28064
49.7000 2 11848.9088
49.8000 2 11146.36288
49.9000 2 11429.4784
50.0000 2 12467.56864
50.1000 2 11691.6224
50.2000 2 11104.41984
50.3000 2 12226.39616
50.4000 2 11911.82336
50.5000 2 9814.67136
50.6000 2 10894.70464
50.7000 2 11020.53376
50.8000 2 10779.36128
50.9000 2 10601.10336
51.0000 2 12100.56704
51.1000 2 11345.59232
51.2000 2 11177.82016
51.3000 2 11733.56544
51.4000 2 10611.58912
51.5000 2 12037.65248
51.6000 2 12205.42464
51.7000 2 11188.30592
51.8000 2 11020.53376
51.9000 2 12540.96896
52.0000 2 10234.10176
52.1000 2 10276.0448
52.2000 2 10873.73312
52.3000 2 9405.72672
52.4000 2 12184.45312
52.5000 2 11964.25216
52.6000 2 10810.81856
52.7000 2 12310.28224
52.8000 2 12257.85344
52.9000 2 10705.96096
53.0000 2 12341.73952
53.1000 2 10674.50368
53.2000 2 11460.93568
53.3000 2 12132.02432
53.4000 2 11251.22048
53.5000 2 11010.048
53.6000 2 12048.13824
53.7000 2 9741.27104
53.8000 2 11492.39296
53.9000 2 11345.59232
54.0000 2 10810.81856
54.1000 2 12058.624
54.2000 2 11576.27904
54.3000 2 11230.24896
54.4000 2 12215.9104
54.5000 2 11188.30592
54.6000 2 12016.68096
54.7000 2 12320.768
54.8000 2 10894.70464
54.9000 2 11104.41984
55.0000 2 12247.36768
55.1000 2 9437.184
55.2000 2 11796.48
55.3000 2 10747.904
55.4000 2 10894.70464
55.5000 2 12278.82496
55.6000 2 11156.84864
55.7000 2 12173.96736
55.8000 2 12362.71104
55.9000 2 11649.67936
56.0000 2 11995.70944
56.1000 2 12320.768
56.2000 2 12257.85344
56.3000 2 11848.9088
56.4000 2 11827.93728
56.5000 2 12666.79808
56.6000 2 11670.65088
56.7000 2 11712.59392
56.8000 2 13065.25696
56.9000 2 11796.48
57.0000 2 10055.84384
57.1000 2 12572.42624
57.2000 2 11932.79488
57.3000 2 11377.0496
57.4000 2 11670.65088
57.5000 2 12603.88352
57.6000 2 10213.13024
57.7000 2 11272.192
57.8000 2 12981.37088
57.9000 2 10978.59072
58.0000 2 10338.95936
58.1000 2 13442.74432
58.2000 2 11712.59392
58.3000 2 11418.99264
58.4000 2 12624.85504
58.5000 2 12687.7696
58.6000 2 12656.31232
58.7000 2 11995.70944
58.8000 2 12824.08448
58.9000 2 11502.87872
59.0000 2 13138.65728
59.1000 2 12404.65408
59.2000 2 12278.82496
59.3000 2 11712.59392
59.4000 2 12761.16992
59.5000 2 13023.31392
59.6000 2 11083.44832
59.7000 2 11765.02272
59.8000 2 13662.94528
59.9000 2 11429.4784
60.0000 2 11723.07968
60.1000 2 11418.99264
60.2000 2 13086.22848
60.3000 2 10705.96096
60.4000 2 11838.42304
60.5000 2 13662.94528
60.6000 2 11356.07808
60.7000 2 9877.58592
60.8000 2 10643.0464
60.9000 2 9321.84064
61.0000 2 11198.79168
61.1000 2 11565.79328
61.2000 2 12499.02592
61.3000 2 12792.6272
61.4000 2 10590.6176
61.5000 2 12268.3392
61.6000 2 12761.16992
61.7000 2 12782.14144
61.8000 2 11744.0512
61.9000 2 11922.30912
62.0000 2 12058.624
62.1000 2 11576.27904
62.2000 2 11502.87872
62.3000 2 11649.67936
62.4000 2 11083.44832
62.5000 2 10171.1872
62.6000 2 11911.82336
62.7000 2 13348.37248
62.8000 2 11439.96416
62.9000 2 11827.93728
63.0000 2 11827.93728
63.1000 2 10684.98944
63.2000 2 11985.22368
63.3000 2 13033.79968
63.4000 2 11681.13664
63.5000 2 11848.9088
63.6000 2 11943.28064
63.7000 2 13075.74272
63.8000 2 11156.84864
63.9000 2 9636.41344
64.0000 2 9500.09856
64.1000 2 9384.7552
64.2000 2 8996.78208
64.3000 2 10968.10496
64.4000 2 8503.95136
64.5000 2 10821.30432
64.6000 2 9059.69664
64.7000 2 9206.49728
64.8000 2 12226.39616
64.9000 2 9856.6144
65.0000 2 10538.1888
65.1000 2 12981.37088
65.2000 2 10391.38816
65.3000 2 9950.98624
65.4000 2 11618.22208
65.5000 2 9426.69824
65.6000 2 9930.01472
65.7000 2 11335.10656
65.8000 2 11261.70624
65.9000 2 10747.904
66.0000 2 11418.99264
66.1000 2 10559.16032
66.2000 2 9646.8992
66.3000 2 11691.6224
66.4000 2 11051.99104
66.5000 2 10317.98784
66.6000 2 12499.02592
66.7000 2 11125.39136
66.8000 2 10223.616
66.9000 2 11922.30912
67.0000 2 9133.09696
67.1000 2 9992.92928
67.2000 2 10538.1888
67.3000 2 9489.6128
67.4000 2 9877.58592
67.5000 2 11660.16512
67.6000 2 11639.1936
67.7000 2 10643.0464
67.8000 2 12058.624
67.9000 2 11251.22048
68.0000 2 10433.3312
68.1000 2 11995.70944
68.2000 2 10936.64768
68.3000 2 10800.3328
68.4000 2 12111.0528
68.5000 2 11219.7632
68.6000 2 11146.36288
68.7000 2 11513.36448
68.8000 2 10989.07648
68.9000 2 11586.7648
69.0000 2 10737.41824
69.1000 2 11377.0496
69.2000 2 11534.336
69.3000 2 10989.07648
69.4000 2 11439.96416
69.5000 2 12069.10976
69.6000 2 10800.3328
69.7000 2 10873.73312
69.8000 2 11985.22368
69.9000 2 10087.30112
70.0000 2 11366.56384
70.1000 2 11995.70944
70.2000 2 10873.73312
70.3000 2 11838.42304
70.4000 2 11576.27904
70.5000 2 9888.07168
70.6000 2 12069.10976
70.7000 2 10695.4752
70.8000 2 10181.67296
70.9000 2 9416.21248
71.0000 2 11282.67776
71.1000 2 10737.41824
71.2000 2 8315.20768
71.3000 2 12111.0528
71.4000 2 9468.64128
71.5000 2 10978.59072
71.6000 2 10548.67456
71.7000 2 10223.616
71.8000 2 9741.27104
71.9000 2 10485.76
72.0000 2 10653.53216
72.1000 2 8451.52256
72.2000 2 11104.41984
72.3000 2 9657.38496
72.4000 2 10716.44672
72.5000 2 9405.72672
72.6000 2 9615.44192
72.7000 2 9070.1824
72.8000 2 11093.93408
72.9000 2 9688.84224
73.0000 2 9930.01472
73.1000 2 9982.44352
73.2000 2 9059.69664
73.3000 2 11020.53376
73.4000 2 8766.09536
73.5000 2 10947.13344
73.6000 2 10391.38816
73.7000 2 10286.53056
73.8000 2 9604.95616
73.9000 2 11282.67776
74.0000 2 10370.41664
74.1000 2 7843.34848
74.2000 2 11513.36448
74.3000 2 9007.26784
74.4000 2 12341.73952
74.5000 2 12897.4848
74.6000 2 11398.02112
74.7000 2 12079.59552
74.8000 2 12488.54016
74.9000 2 11964.25216
75.0000 2 10087.30112
75.1000 2 10789.84704
75.2000 2 11272.192
75.3000 2 11796.48
75.4000 2 11880.36608
75.5000 2 12436.11136
75.6000 2 11502.87872
75.7000 2 12561.94048
75.8000 2 11618.22208
75.9000 2 13086.22848
76.0000 2 11576.27904
76.1000 2 12352.22528
76.2000 2 11544.82176
76.3000 2 12750.68416
76.4000 2 12530.4832
76.5000 2 10821.30432
76.6000 2 11356.07808
76.7000 2 13075.74272
76.8000 2 10905.1904
76.9000 2 11890.85184
77.0000 2 13170.11456
77.1000 2 12069.10976
77.2000 2 11754.53696
77.3000 2 11827.93728
77.4000 2 13925.08928
77.5000 2 11146.36288
77.6000 2 8074.0352
77.7000 2 5473.56672
77.8000 2 104.8576
