0.1000 16 0.0
0.2000 16 1153.4336
0.3000 16 3177.18528
0.4000 16 45686.45632
0.5000 16 48674.89792
0.6000 16 37318.81984
0.7000 16 22649.2416
0.8000 16 14271.11936
0.9000 16 15424.55296
1.0000 16 16640.90112
1.1000 16 6826.22976
1.2000 16 17846.76352
1.3000 16 3303.0144
1.4000 16 0.0
1.5000 16 30985.4208
1.6000 16 50184.84736
1.7000 16 45382.36928
1.8000 16 34644.95104
1.9000 16 6627.00032
2.0000 16 14994.6368
2.1000 16 8231.3216
2.2000 16 12540.96896
2.3000 16 9405.72672
2.4000 16 27934.06464
2.5000 16 30031.21664
2.6000 16 38409.33888
2.7000 16 17458.7904
2.8000 16 15193.86624
2.9000 16 26287.80032
3.0000 16 17899.19232
3.1000 16 23016.2432
3.2000 16 29884.416
3.3000 16 22145.92512
3.4000 16 19314.76992
3.5000 16 27567.06304
3.6000 16 21537.75104
3.7000 16 16840.13056
3.8000 16 26172.45696
3.9000 16 20971.52
4.0000 16 14847.83616
4.1000 16 24442.30656
4.2000 16 30849.10592
4.3000 16 26109.5424
4.4000 16 16032.72704
4.5000 16 22890.41408
4.6000 16 14722.00704
4.7000 16 11607.73632
4.8000 16 22229.8112
4.9000 16 28856.81152
5.0000 16 26392.65792
5.1000 16 33512.48896
5.2000 16 20143.14496
5.3000 16 7717.51936
5.4000 16 21474.83648
5.5000 16 18821.9392
5.6000 16 19115.54048
5.7000 16 26088.57088
5.8000 16 37119.5904
5.9000 16 18591.25248
6.0000 16 17867.73504
6.1000 16 15906.89792
6.2000 16 21055.40608
6.3000 16 18129.87904
6.4000 16 28877.78304
6.5000 16 24452.79232
6.6000 16 17301.504
6.7000 16 17752.39168
6.8000 16 21139.29216
6.9000 16 24190.64832
7.0000 16 25344.08192
7.1000 16 23435.6736
7.2000 16 15435.03872
7.3000 16 16357.7856
7.4000 16 19723.71456
7.5000 16 27766.29248
7.6000 16 24043.84768
7.7000 16 24201.13408
7.8000 16 19251.85536
7.9000 16 23886.56128
8.0000 16 18308.13696
8.1000 16 20216.54528
8.2000 16 27021.80352
8.3000 16 20248.00256
8.4000 16 15193.86624
8.5000 16 19713.2288
8.6000 16 28301.06624
8.7000 16 23079.15776
8.8000 16 25050.48064
8.9000 16 19178.45504
9.0000 16 12593.39776
9.1000 16 26937.91744
9.2000 16 23582.47424
9.3000 16 24714.93632
9.4000 16 23194.50112
9.5000 16 17584.61952
9.6000 16 8619.29472
9.7000 16 28269.60896
9.8000 16 11460.93568
9.9000 16 26235.37152
10.0000 16 24222.1056
10.1000 16 26434.60096
10.2000 16 21831.35232
10.3000 16 26445.08672
10.4000 16 14375.97696
10.5000 16 7151.28832
10.6000 16 29590.81472
10.7000 16 31792.82432
10.8000 16 22303.21152
10.9000 16 30324.81792
11.0000 16 19388.17024
11.1000 16 12855.54176
11.2000 16 23708.30336
11.3000 16 29244.78464
11.4000 16 24159.19104
11.5000 16 24473.76384
11.6000 16 17154.70336
11.7000 16 16619.9296
11.8000 16 19304.28416
11.9000 16 19744.68608
12.0000 16 28122.80832
12.1000 16 33470.54592
12.2000 16 13610.51648
12.3000 16 16294.87104
12.4000 16 26560.43008
12.5000 16 14774.43584
12.6000 16 13170.11456
12.7000 16 25952.256
12.8000 16 29339.15648
12.9000 16 21558.72256
13.0000 16 26203.91424
13.1000 16 23498.58816
13.2000 16 9615.44192
13.3000 16 12719.22688
13.4000 16 28772.92544
13.5000 16 22491.9552
13.6000 16 28563.21024
13.7000 16 28605.15328
13.8000 16 9709.81376
13.9000 16 11827.93728
14.0000 16 21055.40608
14.1000 16 24599.59296
14.2000 16 21390.9504
14.3000 16 26340.22912
14.4000 16 37539.0208
14.5000 16 10286.53056
14.6000 16 22114.46784
14.7000 16 10527.70304
14.8000 16 16536.04352
14.9000 16 14763.95008
15.0000 16 23341.30176
15.1000 16 29548.87168
15.2000 16 38923.14112
15.3000 16 23561.50272
15.4000 16 23089.64352
15.5000 16 12478.0544
15.6000 16 3407.872
15.7000 16 20971.52
15.8000 16 32631.68512
15.9000 16 24326.9632
16.0000 16 22009.61024
16.1000 16 25700.59776
16.2000 16 14145.29024
16.3000 16 19702.74304
16.4000 16 23467.13088
16.5000 16 16546.52928
16.6000 16 16148.0704
16.7000 16 25983.71328
16.8000 16 21537.75104
16.9000 16 24977.08032
17.0000 16 30807.16288
17.1000 16 10569.64608
17.2000 16 13442.74432
17.3000 16 12152.99584
17.4000 16 24809.30816
17.5000 16 26046.62784
17.6000 16 34131.1488
17.7000 16 27619.49184
17.8000 16 16504.58624
17.9000 16 8839.49568
18.0000 16 11670.65088
18.1000 16 25165.824
18.2000 16 19891.48672
18.3000 16 30020.73088
18.4000 16 28510.78144
18.5000 16 22282.24
18.6000 16 21736.98048
18.7000 16 12488.54016
18.8000 16 18779.99616
18.9000 16 19042.14016
19.0000 16 16095.6416
19.1000 16 29831.9872
19.2000 16 22093.49632
19.3000 16 5389.68064
19.4000 16 3953.13152
19.5000 16 15393.09568
19.6000 16 13023.31392
19.7000 16 6627.00032
19.8000 16 0.0
19.9000 16 1520.4352
