0.1000 16 0.0
0.2000 16 27074.23232
0.3000 16 50457.47712
0.4000 16 47123.00544
0.5000 16 36301.70112
0.6000 16 16200.4992
0.7000 16 5211.42272
0.8000 16 11953.7664
0.9000 16 16200.4992
1.0000 16 22837.98528
1.1000 16 24945.62304
1.2000 16 34498.1504
1.3000 16 24211.61984
1.4000 16 22848.47104
1.5000 16 23278.3872
1.6000 16 24022.87616
1.7000 16 24201.13408
1.8000 16 23645.3888
1.9000 16 22817.01376
2.0000 16 23509.07392
2.1000 16 22481.46944
2.2000 16 20415.77472
2.3000 16 15718.15424
2.4000 16 26812.08832
2.5000 16 24379.392
2.6000 16 20688.40448
2.7000 16 25564.28288
2.8000 16 32065.45408
2.9000 16 30628.90496
3.0000 16 6291.456
3.1000 16 16190.01344
3.2000 16 22156.41088
3.3000 16 19209.91232
3.4000 16 28489.80992
3.5000 16 35630.61248
3.6000 16 16284.38528
3.7000 16 13002.3424
3.8000 16 21716.00896
3.9000 16 23288.87296
4.0000 16 27346.86208
4.1000 16 30324.81792
4.2000 16 3596.61568
4.3000 16 3596.61568
4.4000 16 7340.032
4.5000 16 38126.22336
4.6000 16 11261.70624
4.7000 16 7455.37536
4.8000 16 5536.48128
4.9000 16 4896.84992
5.0000 16 44658.85184
5.1000 16 29517.4144
5.2000 16 4938.79296
5.3000 16 18423.48032
5.4000 16 21946.69568
5.5000 16 31971.08224
5.6000 16 33732.68992
5.7000 16 29989.2736
5.8000 16 2820.66944
5.9000 16 346.03008
6.0000 16 157.2864
6.1000 16 46263.17312
6.2000 16 18129.87904
6.3000 16 45571.11296
6.4000 16 36123.4432
6.5000 16 9709.81376
6.6000 16 39405.48608
6.7000 16 36993.76128
6.8000 16 29464.9856
6.9000 16 20489.17504
7.0000 16 23655.87456
7.1000 16 9542.0416
7.2000 16 14617.14944
7.3000 16 22817.01376
7.4000 16 33176.94464
7.5000 16 32558.2848
7.6000 16 2852.12672
7.7000 16 3942.64576
7.8000 16 3250.5856
7.9000 16 13841.2032
8.0000 16 41943.04
8.1000 16 36563.84512
8.2000 16 8661.23776
8.3000 16 6595.54304
8.4000 16 40370.176
8.5000 16 38681.96864
8.6000 16 40391.14752
8.7000 16 31016.87808
8.8000 16 19251.85536
8.9000 16 19063.11168
9.0000 16 18402.5088
9.1000 16 25039.99488
9.2000 16 29821.50144
9.3000 16 43117.44512
9.4000 16 39699.08736
9.5000 16 14208.2048
9.6000 16 19964.88704
9.7000 16 1080.03328
9.8000 16 15634.26816
9.9000 16 34089.20576
10.0000 16 44386.22208
10.1000 16 39730.54464
10.2000 16 32411.48416
10.3000 16 12666.79808
10.4000 16 17857.24928
10.5000 16 16504.58624
10.6000 16 23498.58816
10.7000 16 25763.51232
10.8000 16 39185.28512
10.9000 16 26266.8288
11.0000 16 18863.88224
11.1000 16 12257.85344
11.2000 16 26707.23072
11.3000 16 22670.21312
11.4000 16 20289.9456
11.5000 16 32065.45408
11.6000 16 30345.78944
11.7000 16 20237.5168
11.8000 16 27105.6896
11.9000 16 19230.88384
12.0000 16 28091.35104
12.1000 16 22659.72736
12.2000 16 19335.74144
12.3000 16 9489.6128
12.4000 16 25081.93792
12.5000 16 20415.77472
12.6000 16 29695.67232
12.7000 16 25606.22592
12.8000 16 24924.65152
12.9000 16 27818.72128
13.0000 16 27871.15008
13.1000 16 33229.37344
13.2000 16 19671.28576
13.3000 16 16714.30144
13.4000 16 19797.11488
13.5000 16 7088.37376
13.6000 16 24683.47904
13.7000 16 34246.49216
13.8000 16 31782.33856
13.9000 16 34655.4368
14.0000 16 15130.95168
14.1000 16 5567.93856
14.2000 16 10097.78688
14.3000 16 29674.7008
14.4000 16 27703.37792
14.5000 16 28395.43808
14.6000 16 23582.47424
14.7000 16 30303.8464
14.8000 16 29758.58688
14.9000 16 24756.87936
15.0000 16 26854.03136
15.1000 16 16221.47072
15.2000 16 23676.84608
15.3000 16 15036.57984
15.4000 16 12719.22688
15.5000 16 15068.03712
15.6000 16 35871.78496
15.7000 16 29118.95552
15.8000 16 36343.64416
15.9000 16 19482.54208
16.0000 16 14575.2064
16.1000 16 17353.9328
16.2000 16 8231.3216
16.3000 16 11702.10816
16.4000 16 21013.46304
16.5000 16 30230.44608
16.6000 16 46189.7728
16.7000 16 36532.38784
16.8000 16 31499.22304
16.9000 16 24347.93472
17.0000 16 12215.9104
17.1000 16 16724.7872
17.2000 16 21632.12288
17.3000 16 27703.37792
17.4000 16 25249.71008
17.5000 16 25113.3952
17.6000 16 27084.71808
17.7000 16 26130.51392
17.8000 16 16871.58784
17.9000 16 10758.38976
18.0000 16 5505.024
18.1000 16 9825.15712
18.2000 16 8063.54944
18.3000 16 5955.91168
