0.1000 16 0.0
0.2000 16 34529.60768
0.3000 16 50530.87744
0.4000 16 44805.65248
0.5000 16 34550.5792
0.6000 16 30387.73248
0.7000 16 18601.73824
0.8000 16 4571.79136
0.9000 16 1321.20576
1.0000 16 2569.0112
1.1000 16 0.0
1.2000 16 45717.9136
1.3000 16 39940.25984
1.4000 16 15340.66688
1.5000 16 10139.72992
1.6000 16 1782.5792
1.7000 16 6889.14432
1.8000 16 45340.42624
1.9000 16 2443.18208
2.0000 16 230.68672
2.1000 16 35609.64096
2.2000 16 35357.98272
2.3000 16 38881.19808
2.4000 16 21831.35232
2.5000 16 35861.2992
2.6000 16 31719.424
2.7000 16 34424.75008
2.8000 16 29349.64224
2.9000 16 23708.30336
3.0000 16 35976.64256
3.1000 16 19493.02784
3.2000 16 30712.79104
3.3000 16 8598.3232
3.4000 16 2977.95584
3.5000 16 0.0
3.6000 16 0.0
3.7000 16 37591.4496
3.8000 16 37790.67904
3.9000 16 13054.7712
4.0000 16 25700.59776
4.1000 16 27053.2608
4.2000 16 6532.62848
4.3000 16 38577.11104
4.4000 16 37759.22176
4.5000 16 23089.64352
4.6000 16 6364.85632
4.7000 16 33103.54432
4.8000 16 33627.83232
4.9000 16 23477.61664
5.0000 16 21181.2352
5.1000 16 2202.0096
5.2000 16 3250.5856
5.3000 16 6910.11584
5.4000 16 0.0
5.5000 16 36259.75808
5.6000 16 24484.2496
5.7000 16 49335.5008
5.8000 16 32841.40032
5.9000 16 29894.90176
6.0000 16 4687.13472
6.1000 16 39552.28672
6.2000 16 28049.408
6.3000 16 49576.67328
6.4000 16 42991.616
6.5000 16 16074.67008
6.6000 16 26927.43168
6.7000 16 26403.14368
6.8000 16 34949.03808
6.9000 16 34162.60608
7.0000 16 38503.71072
7.1000 16 37853.5936
7.2000 16 36112.95744
7.3000 16 27588.03456
7.4000 16 24872.22272
7.5000 16 35211.18208
7.6000 16 33543.94624
7.7000 16 38818.28352
7.8000 16 44805.65248
7.9000 16 32096.91136
8.0000 16 28531.75296
8.1000 16 25721.56928
8.2000 16 30754.73408
8.3000 16 31541.16608
8.4000 16 35924.21376
8.5000 16 34760.2944
8.6000 16 37444.64896
8.7000 16 31845.25312
8.8000 16 40233.86112
8.9000 16 33502.0032
9.0000 16 30786.19136
9.1000 16 25019.02336
9.2000 16 36029.07136
9.3000 16 40768.63488
9.4000 16 39101.39904
9.5000 16 34875.63776
9.6000 16 32715.5712
9.7000 16 26686.2592
9.8000 16 26392.65792
9.9000 16 38828.76928
10.0000 16 38860.22656
10.1000 16 31950.11072
10.2000 16 24379.392
10.3000 16 31383.87968
10.4000 16 30492.59008
10.5000 16 28196.20864
10.6000 16 39457.91488
10.7000 16 43893.39136
10.8000 16 36867.93216
10.9000 16 35095.83872
11.0000 16 23498.58816
11.1000 16 27378.31936
11.2000 16 27682.4064
11.3000 16 31111.24992
11.4000 16 35399.92576
11.5000 16 37968.93696
11.6000 16 36071.0144
11.7000 16 29381.09952
11.8000 16 36490.4448
11.9000 16 28322.03776
12.0000 16 31163.67872
12.1000 16 33648.80384
12.2000 16 27682.4064
12.3000 16 29286.72768
12.4000 16 34854.66624
12.5000 16 30618.4192
12.6000 16 29905.38752
12.7000 16 37947.96544
12.8000 16 34162.60608
12.9000 16 32390.51264
13.0000 16 32841.40032
13.1000 16 22858.9568
13.2000 16 16840.13056
13.3000 16 42310.0416
13.4000 16 44344.27904
13.5000 16 45172.65408
13.6000 16 35085.35296
13.7000 16 29989.2736
13.8000 16 36071.0144
13.9000 16 38042.33728
14.0000 16 28122.80832
14.1000 16 34781.26592
14.2000 16 35011.95264
14.3000 16 32421.96992
14.4000 16 31562.1376
14.5000 16 22680.69888
14.6000 16 5630.85312
