0.1000 16 0.0
0.2000 16 36920.36096
0.3000 16 41649.43872
0.4000 16 34099.69152
0.5000 16 40684.7488
0.6000 16 1205.8624
0.7000 16 503.31648
0.8000 16 50436.5056
0.9000 16 36763.07456
1.0000 16 6375.34208
1.1000 16 16504.58624
1.2000 16 43725.6192
1.3000 16 29968.30208
1.4000 16 41943.04
1.5000 16 51631.88224
1.6000 16 37769.70752
1.7000 16 33973.8624
1.8000 16 18402.5088
1.9000 16 3900.70272
2.0000 16 48423.23968
2.1000 16 10401.87392
2.2000 16 901.77536
2.3000 16 2348.81024
2.4000 16 6396.3136
2.5000 16 18947.76832
2.6000 16 44417.67936
2.7000 16 36448.50176
2.8000 16 35987.12832
2.9000 16 37287.36256
3.0000 16 20489.17504
3.1000 16 37381.7344
3.2000 16 1373.63456
3.3000 16 40233.86112
3.4000 16 45885.68576
3.5000 16 20185.088
3.6000 16 36385.5872
3.7000 16 37381.7344
3.8000 16 27829.20704
3.9000 16 18423.48032
4.0000 16 12561.94048
4.1000 16 50918.85056
4.2000 16 38084.28032
4.3000 16 32138.8544
4.4000 16 33439.08864
4.5000 16 17616.0768
4.6000 16 10013.9008
4.7000 16 51726.25408
4.8000 16 51411.68128
4.9000 16 2411.7248
5.0000 16 1468.0064
5.1000 16 30555.50464
5.2000 16 24536.6784
5.3000 16 28689.03936
5.4000 16 40821.06368
5.5000 16 8409.57952
5.6000 16 241.17248
5.7000 16 10108.27264
5.8000 16 13201.57184
5.9000 16 33009.17248
6.0000 16 40412.11904
6.1000 16 24148.70528
6.2000 16 32453.4272
6.3000 16 14355.00544
6.4000 16 9542.0416
6.5000 16 50216.30464
6.6000 16 35934.69952
6.7000 16 30461.1328
6.8000 16 39583.744
6.9000 16 37360.76288
7.0000 16 38786.82624
7.1000 16 34686.89408
7.2000 16 39877.34528
7.3000 16 38818.28352
7.4000 16 40516.97664
7.5000 16 40873.49248
7.6000 16 33921.4336
7.7000 16 40569.40544
7.8000 16 33407.63136
7.9000 16 26508.00128
8.0000 16 29024.58368
8.1000 16 33155.97312
8.2000 16 36532.38784
8.3000 16 37947.96544
8.4000 16 28122.80832
8.5000 16 34403.77856
8.6000 16 40433.09056
8.7000 16 35253.12512
8.8000 16 36438.016
8.9000 16 40516.97664
9.0000 16 36658.21696
9.1000 16 28940.6976
9.2000 16 28332.52352
9.3000 16 32096.91136
9.4000 16 33806.09024
9.5000 16 27357.34784
9.6000 16 37151.04768
9.7000 16 32338.08384
9.8000 16 44082.13504
9.9000 16 35127.296
10.0000 16 31352.4224
10.1000 16 26843.5456
10.2000 16 20982.00576
10.3000 16 28542.23872
10.4000 16 31279.02208
10.5000 16 37559.99232
10.6000 16 43390.07488
10.7000 16 39395.00032
10.8000 16 32002.53952
10.9000 16 38105.25184
11.0000 16 36448.50176
11.1000 16 26738.688
11.2000 16 25595.74016
11.3000 16 40013.66016
11.4000 16 44113.59232
11.5000 16 34351.34976
11.6000 16 19304.28416
11.7000 16 28814.86848
11.8000 16 33271.31648
11.9000 16 34917.5808
12.0000 16 24389.87776
12.1000 16 29307.6992
12.2000 16 35389.44
12.3000 16 38168.1664
12.4000 16 39363.54304
12.5000 16 35389.44
12.6000 16 35106.32448
12.7000 16 32421.96992
12.8000 16 32705.08544
12.9000 16 33176.94464
13.0000 16 30754.73408
13.1000 16 32768.0
13.2000 16 31551.65184
13.3000 16 37622.90688
13.4000 16 32275.16928
13.5000 16 28846.32576
13.6000 16 27692.89216
13.7000 16 16924.01664
13.8000 16 8157.92128
