0.1000 16 0.0
0.2000 16 30041.7024
0.3000 16 40695.23456
0.4000 16 36637.24544
0.5000 16 36165.38624
0.6000 16 37528.53504
0.7000 16 37717.27872
0.8000 16 22093.49632
0.9000 16 32138.8544
1.0000 16 35704.0128
1.1000 16 32673.62816
1.2000 16 32872.8576
1.3000 16 38577.11104
1.4000 16 36406.55872
1.5000 16 33407.63136
1.6000 16 39898.3168
1.7000 16 33575.40352
1.8000 16 23897.04704
1.9000 16 19388.17024
2.0000 16 29517.4144
2.1000 16 40233.86112
2.2000 16 42142.26944
2.3000 16 30429.67552
2.4000 16 22754.0992
2.5000 16 29643.24352
2.6000 16 45455.7696
2.7000 16 38335.93856
2.8000 16 30345.78944
2.9000 16 22429.04064
3.0000 16 38409.33888
3.1000 16 37455.13472
3.2000 16 29915.87328
3.3000 16 25249.71008
3.4000 16 681.5744
3.5000 16 5599.39584
3.6000 16 32705.08544
3.7000 16 13820.23168
3.8000 16 1363.1488
3.9000 16 32159.82592
4.0000 16 11681.13664
4.1000 16 28930.21184
4.2000 16 37035.70432
4.3000 16 27420.2624
4.4000 16 15151.9232
4.5000 16 20856.17664
4.6000 16 19262.34112
4.7000 16 42047.8976
4.8000 16 17553.16224
4.9000 16 723.51744
5.0000 16 18161.33632
5.1000 16 15697.18272
5.2000 16 7151.28832
5.3000 16 40883.97824
5.4000 16 30282.87488
5.5000 16 10684.98944
5.6000 16 33701.23264
5.7000 16 2548.03968
5.8000 16 1992.2944
5.9000 16 42456.84224
6.0000 16 42037.41184
6.1000 16 5955.91168
6.2000 16 16577.98656
6.3000 16 8336.1792
6.4000 16 26644.31616
6.5000 16 46368.03072
6.6000 16 8682.20928
6.7000 16 30565.9904
6.8000 16 0.0
6.9000 16 14575.2064
7.0000 16 23131.58656
7.1000 16 32705.08544
7.2000 16 48370.81088
7.3000 16 30219.96032
7.4000 16 10800.3328
7.5000 16 19073.59744
7.6000 16 37203.47648
7.7000 16 19566.42816
7.8000 16 36448.50176
7.9000 16 26078.08512
8.0000 16 0.0
8.1000 16 1163.91936
8.2000 16 0.0
8.3000 16 21275.60704
8.4000 16 13568.57344
8.5000 16 9007.26784
8.6000 16 11418.99264
8.7000 16 44417.67936
8.8000 16 2747.26912
8.9000 16 30649.87648
9.0000 16 36700.16
9.1000 16 54117.00736
9.2000 16 16064.18432
9.3000 16 2380.26752
9.4000 16 5546.96704
9.5000 16 40265.3184
9.6000 16 40328.23296
9.7000 16 31279.02208
9.8000 16 23886.56128
9.9000 16 25805.45536
10.0000 16 35337.0112
10.1000 16 32285.65504
10.2000 16 28363.9808
10.3000 16 30796.67712
10.4000 16 33418.11712
10.5000 16 38818.28352
10.6000 16 37297.84832
10.7000 16 40307.26144
10.8000 16 46336.57344
10.9000 16 28730.9824
11.0000 16 23005.75744
11.1000 16 25501.36832
11.2000 16 29213.32736
11.3000 16 31509.7088
11.4000 16 30744.24832
11.5000 16 40579.8912
11.6000 16 28489.80992
11.7000 16 28636.61056
11.8000 16 39237.71392
11.9000 16 35441.8688
12.0000 16 34487.66464
12.1000 16 27871.15008
12.2000 16 30555.50464
12.3000 16 30586.96192
12.4000 16 31425.82272
12.5000 16 40160.4608
12.6000 16 45193.6256
12.7000 16 38765.85472
12.8000 16 35378.95424
12.9000 16 23058.18624
13.0000 16 18276.67968
13.1000 16 24526.19264
13.2000 16 40066.08896
13.3000 16 38776.34048
13.4000 16 27378.31936
13.5000 16 36133.92896
13.6000 16 44449.13664
13.7000 16 32988.20096
13.8000 16 26969.37472
13.9000 16 30649.87648
14.0000 16 34928.06656
14.1000 16 32138.8544
14.2000 16 23938.99008
14.3000 16 26633.8304
14.4000 16 26403.14368
14.5000 16 31174.16448
14.6000 16 28143.77984
14.7000 16 36951.81824
14.8000 16 33176.94464
14.9000 16 20185.088
15.0000 16 17395.87584
15.1000 16 19629.34272
15.2000 16 19996.34432
15.3000 16 8587.83744
15.4000 16 3911.18848
