0.1000 16 0.0
0.2000 16 27168.60416
0.3000 16 49167.72864
0.4000 16 47280.29184
0.5000 16 30891.04896
0.6000 16 30513.5616
0.7000 16 18570.28096
0.8000 16 23089.64352
0.9000 16 18570.28096
1.0000 16 33638.31808
1.1000 16 41282.43712
1.2000 16 31027.36384
1.3000 16 21181.2352
1.4000 16 18129.87904
1.5000 16 33942.40512
1.6000 16 35284.5824
1.7000 16 32463.91296
1.8000 16 21044.92032
1.9000 16 22796.04224
2.0000 16 26466.05824
2.1000 16 32872.8576
2.2000 16 39720.05888
2.3000 16 32390.51264
2.4000 16 23016.2432
2.5000 16 26413.62944
2.6000 16 24232.59136
2.7000 16 20510.14656
2.8000 16 21128.8064
2.9000 16 24012.3904
3.0000 16 48402.26816
3.1000 16 40129.00352
3.2000 16 22932.35712
3.3000 16 9017.7536
3.4000 16 20426.26048
3.5000 16 25637.6832
3.6000 16 34970.0096
3.7000 16 36993.76128
3.8000 16 32935.77216
3.9000 16 25060.9664
4.0000 16 22775.07072
4.1000 16 25438.45376
4.2000 16 24096.27648
4.3000 16 35724.98432
4.4000 16 29024.58368
4.5000 16 24337.44896
4.6000 16 27671.92064
4.7000 16 38860.22656
4.8000 16 40139.48928
4.9000 16 33176.94464
5.0000 16 14344.51968
5.1000 16 13159.6288
5.2000 16 16137.58464
5.3000 16 36039.55712
5.4000 16 42320.52736
5.5000 16 35242.63936
5.6000 16 20950.54848
5.7000 16 32684.11392
5.8000 16 33774.63296
5.9000 16 31373.39392
6.0000 16 12991.85664
6.1000 16 29297.21344
6.2000 16 24368.90624
6.3000 16 22533.89824
6.4000 16 37947.96544
6.5000 16 33795.60448
6.6000 16 26256.34304
6.7000 16 28206.6944
6.8000 16 31541.16608
6.9000 16 26277.31456
7.0000 16 22240.29696
7.1000 16 21757.952
7.2000 16 25197.28128
7.3000 16 29339.15648
7.4000 16 33051.11552
7.5000 16 39636.1728
7.6000 16 34561.06496
7.7000 16 22974.30016
7.8000 16 28552.72448
7.9000 16 30219.96032
8.0000 16 30146.56
8.1000 16 22020.096
8.2000 16 16661.87264
8.3000 16 28175.23712
8.4000 16 27116.17536
8.5000 16 27892.1216
8.6000 16 27556.57728
8.7000 16 32180.79744
8.8000 16 31226.59328
8.9000 16 22733.12768
9.0000 16 27692.89216
9.1000 16 36825.98912
9.2000 16 29527.90016
9.3000 16 28112.32256
9.4000 16 21464.35072
9.5000 16 28657.58208
9.6000 16 23477.61664
9.7000 16 25910.31296
9.8000 16 28814.86848
9.9000 16 28783.4112
10.0000 16 33481.03168
10.1000 16 29884.416
10.2000 16 25365.05344
10.3000 16 21820.86656
10.4000 16 32705.08544
10.5000 16 37088.13312
10.6000 16 28196.20864
10.7000 16 21307.06432
10.8000 16 18727.56736
10.9000 16 21369.97888
11.0000 16 30995.90656
11.1000 16 32694.59968
11.2000 16 36805.0176
11.3000 16 31279.02208
11.4000 16 31195.136
11.5000 16 25920.79872
11.6000 16 24526.19264
11.7000 16 30513.5616
11.8000 16 26875.00288
11.9000 16 26958.88896
12.0000 16 27682.4064
12.1000 16 21474.83648
12.2000 16 24641.536
12.3000 16 28290.58048
12.4000 16 31394.36544
12.5000 16 29989.2736
12.6000 16 32568.77056
12.7000 16 33648.80384
12.8000 16 35274.09664
12.9000 16 30219.96032
13.0000 16 22659.72736
13.1000 16 19671.28576
13.2000 16 18297.6512
13.3000 16 36154.90048
13.4000 16 30545.01888
13.5000 16 24914.16576
13.6000 16 22502.44096
13.7000 16 28835.84
13.8000 16 30398.21824
13.9000 16 10695.4752
14.0000 16 29339.15648
14.1000 16 39384.51456
14.2000 16 36815.50336
14.3000 16 32191.2832
14.4000 16 44407.1936
14.5000 16 31656.50944
14.6000 16 19419.62752
14.7000 16 2810.18368
14.8000 16 15089.00864
14.9000 16 4781.50656
