0.1000 16 0.0
0.2000 16 28217.18016
0.3000 16 32044.48256
0.4000 16 35389.44
0.5000 16 49933.18912
0.6000 16 33124.51584
0.7000 16 28521.2672
0.8000 16 32851.88608
0.9000 16 30461.1328
1.0000 16 23676.84608
1.1000 16 38052.82304
1.2000 16 36962.304
1.3000 16 35997.61408
1.4000 16 35242.63936
1.5000 16 31562.1376
1.6000 16 23194.50112
1.7000 16 30450.64704
1.8000 16 37580.96384
1.9000 16 34623.97952
2.0000 16 37182.50496
2.1000 16 34246.49216
2.2000 16 32432.45568
2.3000 16 29569.8432
2.4000 16 31583.10912
2.5000 16 22533.89824
2.6000 16 38419.82464
2.7000 16 41030.77888
2.8000 16 31908.16768
2.9000 16 33743.17568
3.0000 16 33785.11872
3.1000 16 26109.5424
3.2000 16 31373.39392
3.3000 16 33407.63136
3.4000 16 37287.36256
3.5000 16 33554.432
3.6000 16 33218.88768
3.7000 16 28741.46816
3.8000 16 37056.67584
3.9000 16 28269.60896
4.0000 16 37801.1648
4.1000 16 28636.61056
4.2000 16 0.0
4.3000 16 7644.11904
4.4000 16 19063.11168
4.5000 16 20961.03424
4.6000 16 39048.97024
4.7000 16 27388.80512
4.8000 16 23079.15776
4.9000 16 3942.64576
5.0000 16 44354.7648
5.1000 16 39048.97024
5.2000 16 1468.0064
5.3000 16 13495.17312
5.4000 16 32442.94144
5.5000 16 41125.15072
5.6000 16 34414.26432
5.7000 16 32998.68672
5.8000 16 29716.64384
5.9000 16 24368.90624
6.0000 16 30754.73408
6.1000 16 39929.77408
6.2000 16 44679.82336
6.3000 16 33449.5744
6.4000 16 23204.98688
6.5000 16 19681.77152
6.6000 16 23886.56128
6.7000 16 42802.87232
6.8000 16 47143.97696
6.9000 16 35504.78336
7.0000 16 28426.89536
7.1000 16 13967.03232
7.2000 16 27650.94912
7.3000 16 10234.10176
7.4000 16 39803.94496
7.5000 16 39153.82784
7.6000 16 21495.808
7.7000 16 25375.5392
7.8000 16 9657.38496
7.9000 16 9101.63968
8.0000 16 1960.83712
8.1000 16 23771.21792
8.2000 16 38902.1696
8.3000 16 22722.64192
8.4000 16 19126.02624
8.5000 16 38052.82304
8.6000 16 25406.99648
8.7000 16 41051.7504
8.8000 16 34655.4368
8.9000 16 28133.29408
9.0000 16 29024.58368
9.1000 16 34686.89408
9.2000 16 32442.94144
9.3000 16 11943.28064
9.4000 16 14512.29184
9.5000 16 43641.73312
9.6000 16 40475.0336
9.7000 16 35829.84192
9.8000 16 12530.4832
9.9000 16 3544.18688
10.0000 16 34634.46528
10.1000 16 41953.52576
10.2000 16 38514.19648
10.3000 16 36930.84672
10.4000 16 42016.44032
10.5000 16 34980.49536
10.6000 16 19881.00096
10.7000 16 22743.61344
10.8000 16 27609.00608
10.9000 16 41230.00832
11.0000 16 44270.87872
11.1000 16 34938.55232
11.2000 16 35179.7248
11.3000 16 31761.36704
11.4000 16 34435.23584
11.5000 16 32138.8544
11.6000 16 25941.77024
11.7000 16 27829.20704
11.8000 16 31341.93664
11.9000 16 33481.03168
12.0000 16 29150.4128
12.1000 16 31614.5664
12.2000 16 36008.09984
12.3000 16 36438.016
12.4000 16 38021.36576
12.5000 16 27567.06304
12.6000 16 21474.83648
12.7000 16 27504.14848
12.8000 16 33145.48736
12.9000 16 29496.44288
13.0000 16 36238.78656
13.1000 16 38996.54144
13.2000 16 35420.89728
13.3000 16 28133.29408
13.4000 16 28426.89536
13.5000 16 33743.17568
13.6000 16 28238.15168
13.7000 16 25333.59616
13.8000 16 22911.3856
13.9000 16 23551.01696
14.0000 16 482.34496
14.1000 16 1331.69152
