0.1000 16 0.0
0.2000 16 32809.94304
0.3000 16 43662.70464
0.4000 16 35494.2976
0.5000 16 29632.75776
0.6000 16 25868.36992
0.7000 16 28164.75136
0.8000 16 14459.86304
0.9000 16 5725.22496
1.0000 16 7476.34688
1.1000 16 16536.04352
1.2000 16 2936.0128
1.3000 16 27451.71968
1.4000 16 37906.0224
1.5000 16 39898.3168
1.6000 16 22418.55488
1.7000 16 21978.15296
1.8000 16 14365.4912
1.9000 16 10747.904
2.0000 16 14596.17792
2.1000 16 29255.2704
2.2000 16 21055.40608
2.3000 16 21107.83488
2.4000 16 30261.90336
2.5000 16 19325.25568
2.6000 16 16777.216
2.7000 16 33722.20416
2.8000 16 13621.00224
2.9000 16 10989.07648
3.0000 16 27168.60416
3.1000 16 28972.15488
3.2000 16 20950.54848
3.3000 16 20289.9456
3.4000 16 18811.45344
3.5000 16 10957.6192
3.6000 16 20394.8032
3.7000 16 18454.9376
3.8000 16 24316.47744
3.9000 16 34277.94944
4.0000 16 34445.7216
4.1000 16 19398.656
4.2000 16 13463.71584
4.3000 16 14166.26176
4.4000 16 6207.56992
4.5000 16 20268.97408
4.6000 16 27462.20544
4.7000 16 27011.31776
4.8000 16 28353.49504
4.9000 16 25773.99808
5.0000 16 19901.97248
5.1000 16 22942.84288
5.2000 16 13138.65728
5.3000 16 7539.26144
5.4000 16 23341.30176
5.5000 16 34938.55232
5.6000 16 27892.1216
5.7000 16 25354.56768
5.8000 16 16766.73024
5.9000 16 10496.24576
6.0000 16 11985.22368
6.1000 16 24064.8192
6.2000 16 28762.43968
6.3000 16 20436.74624
6.4000 16 26791.1168
6.5000 16 23435.6736
6.6000 16 24463.27808
6.7000 16 26539.45856
6.8000 16 13421.7728
6.9000 16 11869.88032
7.0000 16 27074.23232
7.1000 16 26099.05664
7.2000 16 15843.98336
7.3000 16 24264.04864
7.4000 16 26382.17216
7.5000 16 8608.80896
7.6000 16 21139.29216
7.7000 16 27598.52032
7.8000 16 21244.14976
7.9000 16 26245.85728
8.0000 16 24977.08032
8.1000 16 15476.98176
8.2000 16 16095.6416
8.3000 16 12991.85664
8.4000 16 19272.82688
8.5000 16 24222.1056
8.6000 16 26591.88736
8.7000 16 16242.44224
8.8000 16 30765.21984
8.9000 16 26990.34624
9.0000 16 18308.13696
9.1000 16 21946.69568
9.2000 16 15445.52448
9.3000 16 7612.66176
9.4000 16 24788.33664
9.5000 16 24253.56288
9.6000 16 30482.10432
9.7000 16 20814.2336
9.8000 16 24096.27648
9.9000 16 11010.048
10.0000 16 14449.37728
10.1000 16 22512.92672
10.2000 16 13537.11616
10.3000 16 18465.42336
10.4000 16 15518.9248
10.5000 16 19230.88384
10.6000 16 20038.28736
10.7000 16 44019.22048
10.8000 16 48853.15584
10.9000 16 11324.6208
11.0000 16 18926.7968
11.1000 16 16640.90112
11.2000 16 8336.1792
11.3000 16 15875.44064
11.4000 16 19451.0848
11.5000 16 28793.89696
11.6000 16 20352.86016
11.7000 16 44438.65088
11.8000 16 29024.58368
11.9000 16 14313.0624
12.0000 16 16934.5024
12.1000 16 18874.368
12.2000 16 26843.5456
12.3000 16 23236.44416
12.4000 16 7119.83104
12.5000 16 5284.82304
12.6000 16 25763.51232
12.7000 16 21107.83488
12.8000 16 4456.448
12.9000 16 28290.58048
13.0000 16 0.0
13.1000 16 1300.23424
13.2000 16 22963.8144
13.3000 16 25270.6816
13.4000 16 3890.21696
13.5000 16 8378.12224
13.6000 16 24463.27808
13.7000 16 15172.89472
13.8000 16 42708.50048
13.9000 16 33449.5744
14.0000 16 17731.42016
14.1000 16 14239.66208
14.2000 16 19325.25568
14.3000 16 3449.81504
14.4000 16 27179.08992
14.5000 16 35295.06816
14.6000 16 37402.70592
14.7000 16 25438.45376
14.8000 16 15214.83776
14.9000 16 440.40192
15.0000 16 16525.55776
15.1000 16 17238.58944
15.2000 16 22712.15616
15.3000 16 45256.54016
15.4000 16 45864.71424
15.5000 16 14407.43424
15.6000 16 3816.81664
15.7000 16 15592.32512
15.8000 16 25805.45536
15.9000 16 22408.06912
16.0000 16 36993.76128
16.1000 16 30094.1312
16.2000 16 13348.37248
16.3000 16 19000.19712
16.4000 16 31824.2816
16.5000 16 18004.04992
16.6000 16 21485.32224
16.7000 16 26004.6848
16.8000 16 21443.3792
16.9000 16 16022.24128
17.0000 16 30219.96032
17.1000 16 26455.57248
17.2000 16 16431.18592
17.3000 16 18779.99616
17.4000 16 32338.08384
17.5000 16 21946.69568
17.6000 16 18968.73984
17.7000 16 27755.80672
17.8000 16 19943.91552
17.9000 16 22470.98368
18.0000 16 24054.33344
18.1000 16 17815.30624
18.2000 16 18045.99296
18.3000 16 19933.42976
18.4000 16 17647.53408
18.5000 16 34456.20736
18.6000 16 22932.35712
18.7000 16 16515.072
18.8000 16 21904.75264
18.9000 16 19251.85536
19.0000 16 9563.01312
19.1000 16 27871.15008
19.2000 16 25753.02656
19.3000 16 14323.54816
19.4000 16 8996.78208
19.5000 16 7644.11904
19.6000 16 13998.4896
19.7000 16 14963.17952
19.8000 16 5809.11104
