0.1000 16 0.0
0.2000 16 8220.83584
0.3000 16 1195.37664
0.4000 16 21055.40608
0.5000 16 50174.3616
0.6000 16 47720.69376
0.7000 16 3680.50176
0.8000 16 3586.12992
0.9000 16 18580.76672
1.0000 16 0.0
1.1000 16 21495.808
1.2000 16 24693.9648
1.3000 16 14208.2048
1.4000 16 44176.50688
1.5000 16 24452.79232
1.6000 16 11712.59392
1.7000 16 10118.7584
1.8000 16 22796.04224
1.9000 16 47982.83776
2.0000 16 15172.89472
2.1000 16 14680.064
2.2000 16 1981.80864
2.3000 16 0.0
2.4000 16 702.54592
2.5000 16 24956.1088
2.6000 16 23907.5328
2.7000 16 3806.33088
2.8000 16 24337.44896
2.9000 16 36553.35936
3.0000 16 21359.49312
3.1000 16 51768.19712
3.2000 16 47164.94848
3.3000 16 32033.9968
3.4000 16 28028.43648
3.5000 16 12436.11136
3.6000 16 24557.64992
3.7000 16 39520.82944
3.8000 16 39667.63008
3.9000 16 35536.24064
4.0000 16 27776.77824
4.1000 16 30691.81952
4.2000 16 40391.14752
4.3000 16 36857.4464
4.4000 16 34623.97952
4.5000 16 34267.46368
4.6000 16 35284.5824
4.7000 16 30534.53312
4.8000 16 32883.34336
4.9000 16 37591.4496
5.0000 16 33397.1456
5.1000 16 24033.36192
5.2000 16 29790.04416
5.3000 16 34498.1504
5.4000 16 39143.34208
5.5000 16 33030.144
5.6000 16 32537.31328
5.7000 16 36532.38784
5.8000 16 40600.86272
5.9000 16 21034.43456
6.0000 16 25815.94112
6.1000 16 26633.8304
6.2000 16 28573.696
6.3000 16 38000.39424
6.4000 16 37004.24704
6.5000 16 27692.89216
6.6000 16 25805.45536
6.7000 16 39531.3152
6.8000 16 34057.74848
6.9000 16 31845.25312
7.0000 16 31604.08064
7.1000 16 30136.07424
7.2000 16 30807.16288
7.3000 16 41597.00992
7.4000 16 38566.62528
7.5000 16 35242.63936
7.6000 16 31289.50784
7.7000 16 32558.2848
7.8000 16 20877.14816
7.9000 16 36217.81504
8.0000 16 31174.16448
8.1000 16 28835.84
8.2000 16 32285.65504
8.3000 16 31939.62496
8.4000 16 31153.19296
8.5000 16 33386.65984
8.6000 16 25029.50912
8.7000 16 32390.51264
8.8000 16 36888.90368
8.9000 16 31279.02208
9.0000 16 34487.66464
9.1000 16 41628.4672
9.2000 16 34057.74848
9.3000 16 25711.08352
9.4000 16 34844.18048
9.5000 16 35053.89568
9.6000 16 30335.30368
9.7000 16 22712.15616
9.8000 16 34697.37984
9.9000 16 35903.24224
10.0000 16 34990.98112
10.1000 16 29223.81312
10.2000 16 23393.73056
10.3000 16 27084.71808
10.4000 16 28919.72608
10.5000 16 21097.34912
10.6000 16 26937.91744
10.7000 16 27357.34784
10.8000 16 36396.07296
10.9000 16 35945.18528
11.0000 16 43494.93248
11.1000 16 39478.8864
11.2000 16 34980.49536
11.3000 16 26895.9744
11.4000 16 32117.88288
11.5000 16 37402.70592
11.6000 16 32768.0
11.7000 16 38231.08096
11.8000 16 37109.10464
11.9000 16 28699.52512
12.0000 16 19167.96928
12.1000 16 31058.82112
12.2000 16 29276.24192
12.3000 16 38839.25504
12.4000 16 32893.82912
12.5000 16 39300.62848
12.6000 16 29255.2704
12.7000 16 24767.36512
12.8000 16 35672.55552
12.9000 16 42194.69824
13.0000 16 24987.56608
13.1000 16 31373.39392
13.2000 16 25039.99488
13.3000 16 33931.91936
13.4000 16 32537.31328
13.5000 16 28877.78304
13.6000 16 31163.67872
13.7000 16 29779.5584
13.8000 16 31226.59328
13.9000 16 38010.88
14.0000 16 27640.46336
14.1000 16 23131.58656
14.2000 16 20373.83168
14.3000 16 1509.94944
14.4000 16 849.34656
