0.1000 16 0.0
0.2000 16 25396.51072
0.3000 16 45759.85664
0.4000 16 34393.2928
0.5000 16 26099.05664
0.6000 16 18759.02464
0.7000 16 13138.65728
0.8000 16 16986.9312
0.9000 16 8430.55104
1.0000 16 13956.54656
1.1000 16 17647.53408
1.2000 16 36962.304
1.3000 16 30345.78944
1.4000 16 23341.30176
1.5000 16 21883.78112
1.6000 16 26120.02816
1.7000 16 25144.85248
1.8000 16 19807.60064
1.9000 16 15435.03872
2.0000 16 15141.43744
2.1000 16 18025.02144
2.2000 16 18171.82208
2.3000 16 23362.27328
2.4000 16 19723.71456
2.5000 16 19985.85856
2.6000 16 30618.4192
2.7000 16 32390.51264
2.8000 16 19388.17024
2.9000 16 14040.43264
3.0000 16 3649.04448
3.1000 16 17007.90272
3.2000 16 17867.73504
3.3000 16 25228.73856
3.4000 16 21789.40928
3.5000 16 30062.67392
3.6000 16 38094.76608
3.7000 16 28909.24032
3.8000 16 11198.79168
3.9000 16 8965.3248
4.0000 16 14585.69216
4.1000 16 26665.28768
4.2000 16 20541.60384
4.3000 16 31488.73728
4.4000 16 23571.98848
4.5000 16 16640.90112
4.6000 16 17846.76352
4.7000 16 16420.70016
4.8000 16 24075.30496
4.9000 16 21537.75104
5.0000 16 22817.01376
5.1000 16 23592.96
5.2000 16 27367.8336
5.3000 16 25218.2528
5.4000 16 15959.32672
5.5000 16 14480.83456
5.6000 16 14145.29024
5.7000 16 23005.75744
5.8000 16 26025.65632
5.9000 16 28772.92544
6.0000 16 24998.05184
6.1000 16 23383.2448
6.2000 16 17364.41856
6.3000 16 17794.33472
6.4000 16 15781.0688
6.5000 16 21453.86496
6.6000 16 26916.94592
6.7000 16 24494.73536
6.8000 16 12069.10976
6.9000 16 23299.35872
7.0000 16 19576.91392
7.1000 16 27472.6912
7.2000 16 23488.1024
7.3000 16 18643.68128
7.4000 16 15162.40896
7.5000 16 20898.11968
7.6000 16 19419.62752
7.7000 16 18591.25248
7.8000 16 30995.90656
7.9000 16 34466.69312
8.0000 16 21149.77792
8.1000 16 21464.35072
8.2000 16 20740.83328
8.3000 16 20814.2336
8.4000 16 10810.81856
8.5000 16 18255.70816
8.6000 16 20719.86176
8.7000 16 25333.59616
8.8000 16 26214.4
8.9000 16 21086.86336
9.0000 16 15571.3536
9.1000 16 19555.9424
9.2000 16 20573.06112
9.3000 16 19325.25568
9.4000 16 19901.97248
9.5000 16 25637.6832
9.6000 16 27451.71968
9.7000 16 27262.976
9.8000 16 29066.52672
9.9000 16 25595.74016
10.0000 16 16441.67168
10.1000 16 15130.95168
10.2000 16 13579.0592
10.3000 16 11335.10656
10.4000 16 17175.67488
10.5000 16 22135.43936
10.6000 16 36165.38624
10.7000 16 28636.61056
10.8000 16 19440.59904
10.9000 16 25658.65472
11.0000 16 24473.76384
11.1000 16 19042.14016
11.2000 16 12467.56864
11.3000 16 15843.98336
11.4000 16 18842.91072
11.5000 16 22366.12608
11.6000 16 26057.1136
11.7000 16 23299.35872
11.8000 16 17469.27616
11.9000 16 18014.53568
12.0000 16 21002.97728
12.1000 16 27336.37632
12.2000 16 24127.73376
12.3000 16 25176.30976
12.4000 16 27168.60416
12.5000 16 26875.00288
12.6000 16 19167.96928
12.7000 16 15015.60832
12.8000 16 14879.29344
12.9000 16 18412.99456
13.0000 16 16326.32832
13.1000 16 14365.4912
13.2000 16 26256.34304
13.3000 16 23393.73056
13.4000 16 23823.64672
13.5000 16 23760.73216
13.6000 16 21716.00896
13.7000 16 22680.69888
13.8000 16 21044.92032
13.9000 16 28426.89536
14.0000 16 19723.71456
14.1000 16 25333.59616
14.2000 16 21768.43776
14.3000 16 10789.84704
14.4000 16 12499.02592
14.5000 16 17626.56256
14.6000 16 21223.17824
14.7000 16 22764.58496
14.8000 16 33921.4336
14.9000 16 22733.12768
15.0000 16 19461.57056
15.1000 16 25438.45376
15.2000 16 13254.00064
15.3000 16 23278.3872
15.4000 16 23320.33024
15.5000 16 17878.2208
15.6000 16 20499.6608
15.7000 16 19136.512
15.8000 16 16934.5024
15.9000 16 17249.0752
16.0000 16 27797.74976
16.1000 16 16420.70016
16.2000 16 21055.40608
16.3000 16 1656.75008
16.4000 16 13432.25856
16.5000 16 1321.20576
16.6000 16 50593.792
16.7000 16 34644.95104
16.8000 16 16777.216
16.9000 16 15686.69696
17.0000 16 8870.95296
17.1000 16 13138.65728
17.2000 16 15047.0656
17.3000 16 27787.264
17.4000 16 73.40032
17.5000 16 1855.97952
17.6000 16 734.0032
17.7000 16 0.0
17.8000 16 35211.18208
17.9000 16 7423.91808
18.0000 16 11156.84864
18.1000 16 18643.68128
18.2000 16 28353.49504
18.3000 16 136.31488
18.4000 16 46315.60192
18.5000 16 39908.80256
18.6000 16 16137.58464
18.7000 16 12719.22688
18.8000 16 28426.89536
18.9000 16 13516.14464
19.0000 16 34099.69152
19.1000 16 8252.29312
19.2000 16 0.0
19.3000 16 0.0
19.4000 16 0.0
19.5000 16 13442.74432
19.6000 16 8168.40704
19.7000 16 35106.32448
19.8000 16 48507.12576
19.9000 16 15550.38208
20.0000 16 10737.41824
20.1000 16 13767.80288
20.2000 16 10087.30112
20.3000 16 14438.89152
20.4000 16 4697.62048
20.5000 16 15099.4944
20.6000 16 4257.21856
