0.1000 16 0.0
0.2000 16 36574.33088
0.3000 16 45287.99744
0.4000 16 37004.24704
0.5000 16 30178.01728
0.6000 16 18759.02464
0.7000 16 13170.11456
0.8000 16 13075.74272
0.9000 16 20562.57536
1.0000 16 21978.15296
1.1000 16 16640.90112
1.2000 16 26528.9728
1.3000 16 21632.12288
1.4000 16 30670.848
1.5000 16 31174.16448
1.6000 16 28405.92384
1.7000 16 20751.31904
1.8000 16 17112.76032
1.9000 16 9699.328
2.0000 16 28049.408
2.1000 16 34959.52384
2.2000 16 24211.61984
2.3000 16 20856.17664
2.4000 16 11932.79488
2.5000 16 16808.67328
2.6000 16 24662.50752
2.7000 16 28951.18336
2.8000 16 19933.42976
2.9000 16 23435.6736
3.0000 16 22691.18464
3.1000 16 25333.59616
3.2000 16 15476.98176
3.3000 16 17584.61952
3.4000 16 26203.91424
3.5000 16 19513.99936
3.6000 16 19545.45664
3.7000 16 21349.00736
3.8000 16 24945.62304
3.9000 16 34424.75008
4.0000 16 32054.96832
4.1000 16 24641.536
4.2000 16 31383.87968
4.3000 16 15613.29664
4.4000 16 6113.19808
4.5000 16 13201.57184
4.6000 16 22628.27008
4.7000 16 18842.91072
4.8000 16 24830.27968
4.9000 16 2243.95264
5.0000 16 16693.32992
5.1000 16 10359.93088
5.2000 16 44858.08128
5.3000 16 41764.78208
5.4000 16 28993.1264
5.5000 16 9940.50048
5.6000 16 880.80384
5.7000 16 9091.15392
5.8000 16 49555.70176
5.9000 16 3890.21696
6.0000 16 1174.40512
6.1000 16 22858.9568
6.2000 16 17647.53408
6.3000 16 24253.56288
6.4000 16 7958.69184
6.5000 16 41114.66496
6.6000 16 26759.65952
6.7000 16 26287.80032
6.8000 16 5022.67904
6.9000 16 10611.58912
7.0000 16 7539.26144
7.1000 16 16986.9312
7.2000 16 0.0
7.3000 16 20268.97408
7.4000 16 0.0
7.5000 16 2422.21056
7.6000 16 38744.8832
7.7000 16 7885.29152
7.8000 16 30618.4192
7.9000 16 35316.03968
8.0000 16 27000.832
8.1000 16 14218.69056
8.2000 16 6532.62848
8.3000 16 1205.8624
8.4000 16 25616.71168
8.5000 16 27304.91904
8.6000 16 3051.35616
8.7000 16 45004.88192
8.8000 16 39426.4576
8.9000 16 21516.77952
9.0000 16 16169.04192
9.1000 16 18402.5088
9.2000 16 15843.98336
9.3000 16 7717.51936
9.4000 16 16116.61312
9.5000 16 16284.38528
9.6000 16 49744.44544
9.7000 16 41481.66656
9.8000 16 24714.93632
9.9000 16 8965.3248
10.0000 16 18276.67968
10.1000 16 18989.71136
10.2000 16 16861.10208
10.3000 16 24054.33344
10.4000 16 35525.75488
10.5000 16 26749.17376
10.6000 16 23425.18784
10.7000 16 22649.2416
10.8000 16 19566.42816
10.9000 16 21044.92032
11.0000 16 24966.59456
11.1000 16 32002.53952
11.2000 16 22208.83968
11.3000 16 24956.1088
11.4000 16 27955.03616
11.5000 16 23278.3872
11.6000 16 26990.34624
11.7000 16 22041.06752
11.8000 16 12970.88512
11.9000 16 20426.26048
12.0000 16 31887.19616
12.1000 16 31457.28
12.2000 16 32799.45728
12.3000 16 16158.55616
12.4000 16 9772.72832
12.5000 16 13809.74592
12.6000 16 20069.74464
12.7000 16 25847.3984
12.8000 16 33889.97632
12.9000 16 26812.08832
13.0000 16 21139.29216
13.1000 16 32715.5712
13.2000 16 11114.9056
13.3000 16 20153.63072
13.4000 16 23938.99008
13.5000 16 20992.49152
13.6000 16 23246.92992
13.7000 16 23121.1008
13.8000 16 24882.70848
13.9000 16 20971.52
14.0000 16 27451.71968
14.1000 16 24096.27648
14.2000 16 22366.12608
14.3000 16 21537.75104
14.4000 16 20961.03424
14.5000 16 15948.84096
14.6000 16 20520.63232
14.7000 16 21286.0928
14.8000 16 31121.73568
14.9000 16 19419.62752
15.0000 16 25543.31136
15.1000 16 25606.22592
15.2000 16 16263.41376
15.3000 16 16536.04352
15.4000 16 19629.34272
15.5000 16 35032.92416
15.6000 16 28238.15168
15.7000 16 32128.36864
15.8000 16 24368.90624
15.9000 16 17658.01984
16.0000 16 21820.86656
16.1000 16 25144.85248
16.2000 16 17595.10528
16.3000 16 29622.272
16.4000 16 19860.02944
16.5000 16 22124.9536
16.6000 16 18759.02464
16.7000 16 27871.15008
16.8000 16 23771.21792
16.9000 16 32222.74048
17.0000 16 25784.48384
17.1000 16 19524.48512
17.2000 16 27179.08992
17.3000 16 10506.73152
17.4000 16 22481.46944
17.5000 16 26875.00288
17.6000 16 33082.5728
17.7000 16 16913.53088
17.8000 16 17783.84896
17.9000 16 27913.09312
18.0000 16 10768.87552
18.1000 16 20321.40288
18.2000 16 37392.22016
18.3000 16 21621.63712
18.4000 16 29664.21504
18.5000 16 18150.85056
18.6000 16 9604.95616
18.7000 16 15959.32672
18.8000 16 12478.0544
18.9000 16 11177.82016
19.0000 16 11744.0512
19.1000 16 5305.79456
19.2000 16 754.97472
