0.1000 16 0.0
0.2000 16 26707.23072
0.3000 16 31887.19616
0.4000 16 27242.00448
0.5000 16 18297.6512
0.6000 16 15267.26656
0.7000 16 16955.47392
0.8000 16 22145.92512
0.9000 16 29601.30048
1.0000 16 18968.73984
1.1000 16 25354.56768
1.2000 16 7602.176
1.3000 16 15109.98016
1.4000 16 17511.2192
1.5000 16 17521.70496
1.6000 16 18947.76832
1.7000 16 25910.31296
1.8000 16 24872.22272
1.9000 16 22324.18304
2.0000 16 23834.13248
2.1000 16 28951.18336
2.2000 16 27283.94752
2.3000 16 24924.65152
2.4000 16 31058.82112
2.5000 16 34183.5776
2.6000 16 8157.92128
2.7000 16 2086.66624
2.8000 16 157.2864
2.9000 16 14753.46432
3.0000 16 24882.70848
3.1000 16 33543.94624
3.2000 16 29118.95552
3.3000 16 21621.63712
3.4000 16 19209.91232
3.5000 16 22754.0992
3.6000 16 23729.27488
3.7000 16 22900.89984
3.8000 16 18360.56576
3.9000 16 22450.01216
4.0000 16 23708.30336
4.1000 16 20101.20192
4.2000 16 23288.87296
4.3000 16 30429.67552
4.4000 16 28909.24032
4.5000 16 21778.92352
4.6000 16 20006.83008
4.7000 16 16420.70016
4.8000 16 17762.87744
4.9000 16 17374.90432
5.0000 16 21191.72096
5.1000 16 27357.34784
5.2000 16 25344.08192
5.3000 16 17699.96288
5.4000 16 19807.60064
5.5000 16 20447.232
5.6000 16 36584.81664
5.7000 16 19807.60064
5.8000 16 16389.24288
5.9000 16 11670.65088
6.0000 16 12677.28384
6.1000 16 14847.83616
6.2000 16 29936.8448
6.3000 16 30796.67712
6.4000 16 25669.14048
6.5000 16 17720.9344
6.6000 16 20656.9472
6.7000 16 21349.00736
6.8000 16 32705.08544
6.9000 16 17710.44864
7.0000 16 13956.54656
7.1000 16 19681.77152
7.2000 16 18308.13696
7.3000 16 27388.80512
7.4000 16 21684.55168
7.5000 16 18507.3664
7.6000 16 22041.06752
7.7000 16 23760.73216
7.8000 16 26120.02816
7.9000 16 21590.17984
8.0000 16 21338.5216
8.1000 16 13767.80288
8.2000 16 17081.30304
8.3000 16 18926.7968
8.4000 16 25753.02656
8.5000 16 24305.99168
8.6000 16 18035.5072
8.7000 16 22502.44096
8.8000 16 24735.90784
8.9000 16 22607.29856
9.0000 16 14921.23648
9.1000 16 0.0
9.2000 16 461.37344
9.3000 16 13883.14624
9.4000 16 43358.6176
9.5000 16 42173.72672
9.6000 16 35357.98272
9.7000 16 20961.03424
9.8000 16 11586.7648
9.9000 16 11775.50848
10.0000 16 17427.33312
10.1000 16 23792.18944
10.2000 16 24536.6784
10.3000 16 13390.31552
10.4000 16 7423.91808
10.5000 16 27315.4048
10.6000 16 1803.55072
10.7000 16 19493.02784
10.8000 16 4739.56352
10.9000 16 0.0
11.0000 16 22670.21312
11.1000 16 42561.69984
11.2000 16 39447.42912
11.3000 16 26979.86048
11.4000 16 10045.35808
11.5000 16 587.20256
11.6000 16 17081.30304
11.7000 16 19702.74304
11.8000 16 23477.61664
11.9000 16 24096.27648
12.0000 16 28426.89536
12.1000 16 23362.27328
12.2000 16 19157.48352
12.3000 16 7696.54784
12.4000 16 13799.26016
12.5000 16 16703.81568
12.6000 16 17720.9344
12.7000 16 39782.97344
12.8000 16 26245.85728
12.9000 16 6406.79936
13.0000 16 22135.43936
13.1000 16 24410.84928
13.2000 16 38744.8832
13.3000 16 25165.824
13.4000 16 22345.15456
13.5000 16 7035.94496
13.6000 16 19513.99936
13.7000 16 22156.41088
13.8000 16 4414.50496
13.9000 16 17532.19072
14.0000 16 29800.52992
14.1000 16 9856.6144
14.2000 16 25815.94112
14.3000 16 41597.00992
14.4000 16 14585.69216
14.5000 16 39531.3152
14.6000 16 20069.74464
14.7000 16 14984.15104
14.8000 16 21338.5216
14.9000 16 20489.17504
15.0000 16 24201.13408
15.1000 16 25228.73856
15.2000 16 28479.32416
15.3000 16 25627.19744
15.4000 16 19115.54048
15.5000 16 22649.2416
15.6000 16 23058.18624
15.7000 16 20635.97568
15.8000 16 23509.07392
15.9000 16 21265.12128
16.0000 16 26057.1136
16.1000 16 21128.8064
16.2000 16 30859.59168
16.3000 16 30251.4176
16.4000 16 19230.88384
16.5000 16 26770.14528
16.6000 16 15770.58304
16.7000 16 14229.17632
16.8000 16 21076.3776
16.9000 16 22775.07072
17.0000 16 23163.04384
17.1000 16 20164.11648
17.2000 16 27829.20704
17.3000 16 25857.88416
17.4000 16 31320.96512
17.5000 16 15508.43904
17.6000 16 11471.42144
17.7000 16 6826.22976
17.8000 16 20069.74464
17.9000 16 24893.19424
18.0000 16 34739.32288
18.1000 16 27724.34944
18.2000 16 19723.71456
18.3000 16 21716.00896
18.4000 16 20132.6592
18.5000 16 21369.97888
18.6000 16 12404.65408
18.7000 16 16934.5024
18.8000 16 23551.01696
18.9000 16 26308.77184
19.0000 16 22900.89984
19.1000 16 19629.34272
19.2000 16 21002.97728
19.3000 16 24704.45056
19.4000 16 18412.99456
19.5000 16 21002.97728
19.6000 16 13568.57344
19.7000 16 13170.11456
19.8000 16 5683.28192
