0.1000 16 0.0
0.2000 16 35662.06976
0.3000 16 47993.32352
0.4000 16 34582.03648
0.5000 16 33617.34656
0.6000 16 17920.16384
0.7000 16 11072.96256
0.8000 16 13400.80128
0.9000 16 16210.98496
1.0000 16 14900.26496
1.1000 16 24326.9632
1.2000 16 37245.41952
1.3000 16 35934.69952
1.4000 16 21862.8096
1.5000 16 14742.97856
1.6000 16 14145.29024
1.7000 16 16410.2144
1.8000 16 15560.86784
1.9000 16 32421.96992
2.0000 16 25711.08352
2.1000 16 23834.13248
2.2000 16 26591.88736
2.3000 16 15812.52608
2.4000 16 18308.13696
2.5000 16 22554.86976
2.6000 16 29370.61376
2.7000 16 12782.14144
2.8000 16 26382.17216
2.9000 16 30094.1312
3.0000 16 17364.41856
3.1000 16 15372.12416
3.2000 16 29936.8448
3.3000 16 17091.7888
3.4000 16 14868.80768
3.5000 16 33302.77376
3.6000 16 24285.02016
3.7000 16 15686.69696
3.8000 16 32432.45568
3.9000 16 21359.49312
4.0000 16 11051.99104
4.1000 16 28479.32416
4.2000 16 24851.2512
4.3000 16 10632.56064
4.4000 16 30482.10432
4.5000 16 17574.13376
4.6000 16 20447.232
4.7000 16 28531.75296
4.8000 16 23456.64512
4.9000 16 30083.64544
5.0000 16 20268.97408
5.1000 16 15372.12416
5.2000 16 23540.5312
5.3000 16 18895.33952
5.4000 16 12572.42624
5.5000 16 20992.49152
5.6000 16 33376.17408
5.7000 16 26308.77184
5.8000 16 28007.46496
5.9000 16 18874.368
6.0000 16 19818.0864
6.1000 16 10831.79008
6.2000 16 31834.76736
6.3000 16 23718.78912
6.4000 16 17616.0768
6.5000 16 26445.08672
6.6000 16 20300.43136
6.7000 16 19398.656
6.8000 16 22890.41408
6.9000 16 26570.91584
7.0000 16 19975.3728
7.1000 16 19692.25728
7.2000 16 20258.48832
7.3000 16 19776.14336
7.4000 16 20919.0912
7.5000 16 34550.5792
7.6000 16 21034.43456
7.7000 16 30356.2752
7.8000 16 17123.24608
7.9000 16 12404.65408
8.0000 16 29423.04256
8.1000 16 20457.71776
8.2000 16 15906.89792
8.3000 16 21862.8096
8.4000 16 23142.07232
8.5000 16 28521.2672
8.6000 16 12530.4832
8.7000 16 1394.60608
8.8000 16 15476.98176
8.9000 16 33386.65984
9.0000 16 23467.13088
9.1000 16 24956.1088
9.2000 16 12100.56704
9.3000 16 21485.32224
9.4000 16 10831.79008
9.5000 16 49272.58624
9.6000 16 42079.35488
9.7000 16 13799.26016
9.8000 16 21307.06432
9.9000 16 10894.70464
10.0000 16 29412.5568
10.1000 16 29748.10112
10.2000 16 26528.9728
10.3000 16 15896.41216
10.4000 16 23414.70208
10.5000 16 13778.28864
10.6000 16 36983.27552
10.7000 16 24012.3904
10.8000 16 31541.16608
10.9000 16 16850.61632
11.0000 16 10234.10176
11.1000 16 1793.06496
11.2000 16 28322.03776
11.3000 16 32222.74048
11.4000 16 34026.2912
11.5000 16 14155.776
11.6000 16 849.34656
11.7000 16 6658.4576
11.8000 16 4487.90528
11.9000 16 14669.57824
12.0000 16 28898.75456
12.1000 16 7780.43392
12.2000 16 42886.7584
12.3000 16 33889.97632
12.4000 16 28458.35264
12.5000 16 18486.39488
12.6000 16 26969.37472
12.7000 16 32096.91136
12.8000 16 28751.95392
12.9000 16 34529.60768
13.0000 16 31404.8512
13.1000 16 11660.16512
13.2000 16 3334.47168
13.3000 16 23959.9616
13.4000 16 30974.93504
13.5000 16 32799.45728
13.6000 16 30943.47776
13.7000 16 22921.87136
13.8000 16 32170.31168
13.9000 16 26151.48544
14.0000 16 18297.6512
14.1000 16 17584.61952
14.2000 16 5138.0224
14.3000 16 23918.01856
14.4000 16 24211.61984
14.5000 16 29811.01568
14.6000 16 24536.6784
14.7000 16 30094.1312
14.8000 16 26875.00288
14.9000 16 13967.03232
15.0000 16 20835.20512
15.1000 16 32054.96832
15.2000 16 23477.61664
15.3000 16 23928.50432
15.4000 16 20499.6608
15.5000 16 25868.36992
15.6000 16 19073.59744
15.7000 16 30366.76096
15.8000 16 24285.02016
15.9000 16 27944.5504
16.0000 16 18968.73984
16.1000 16 26560.43008
16.2000 16 13358.85824
16.3000 16 20038.28736
16.4000 16 25417.48224
16.5000 16 23362.27328
16.6000 16 27315.4048
16.7000 16 25794.9696
16.8000 16 23016.2432
16.9000 16 26245.85728
17.0000 16 20835.20512
17.1000 16 17448.30464
17.2000 16 16483.61472
17.3000 16 24431.8208
17.4000 16 20635.97568
17.5000 16 24421.33504
17.6000 16 23708.30336
17.7000 16 24463.27808
17.8000 16 30094.1312
17.9000 16 25637.6832
18.0000 16 21653.0944
18.1000 16 10034.87232
18.2000 16 17123.24608
18.3000 16 7402.94656
18.4000 16 9080.66816
18.5000 16 14407.43424
18.6000 16 11953.7664
18.7000 16 6679.42912
