0.1000 16 0.0
0.2000 16 37067.1616
0.3000 16 51107.59424
0.4000 16 46944.74752
0.5000 16 36008.09984
0.6000 16 15057.55136
0.7000 16 12278.82496
0.8000 16 10726.93248
0.9000 16 20698.89024
1.0000 16 46063.94368
1.1000 16 46462.40256
1.2000 16 36637.24544
1.3000 16 23697.8176
1.4000 16 1740.63616
1.5000 16 19975.3728
1.6000 16 28437.38112
1.7000 16 41722.83904
1.8000 16 40454.06208
1.9000 16 26329.74336
2.0000 16 16158.55616
2.1000 16 27577.5488
2.2000 16 17836.27776
2.3000 16 34592.52224
2.4000 16 29779.5584
2.5000 16 34068.23424
2.6000 16 20950.54848
2.7000 16 19482.54208
2.8000 16 30828.1344
2.9000 16 37046.19008
3.0000 16 31299.9936
3.1000 16 23509.07392
3.2000 16 20961.03424
3.3000 16 18224.25088
3.4000 16 15864.95488
3.5000 16 33376.17408
3.6000 16 37287.36256
3.7000 16 43411.0464
3.8000 16 29758.58688
3.9000 16 12656.31232
4.0000 16 17815.30624
4.1000 16 19807.60064
4.2000 16 27074.23232
4.3000 16 32453.4272
4.4000 16 51810.14016
4.5000 16 34015.80544
4.6000 16 18675.13856
4.7000 16 7507.80416
4.8000 16 7224.68864
4.9000 16 25721.56928
5.0000 16 47594.86464
5.1000 16 46818.9184
5.2000 16 36857.4464
5.3000 16 8629.78048
5.4000 16 15529.41056
5.5000 16 19430.11328
5.6000 16 24022.87616
5.7000 16 39300.62848
5.8000 16 45036.3392
5.9000 16 34162.60608
6.0000 16 7958.69184
6.1000 16 16630.41536
6.2000 16 17091.7888
6.3000 16 27588.03456
6.4000 16 42792.38656
6.5000 16 39950.7456
6.6000 16 26791.1168
6.7000 16 19063.11168
6.8000 16 11356.07808
6.9000 16 23467.13088
7.0000 16 41271.95136
7.1000 16 34005.31968
7.2000 16 32212.25472
7.3000 16 18077.45024
7.4000 16 20153.63072
7.5000 16 32201.76896
7.6000 16 28405.92384
7.7000 16 31583.10912
7.8000 16 23928.50432
7.9000 16 21013.46304
8.0000 16 29758.58688
8.1000 16 28395.43808
8.2000 16 34183.5776
8.3000 16 18255.70816
8.4000 16 31079.79264
8.5000 16 25857.88416
8.6000 16 28322.03776
8.7000 16 27367.8336
8.8000 16 22177.3824
8.9000 16 26287.80032
9.0000 16 22051.55328
9.1000 16 31803.31008
9.2000 16 37109.10464
9.3000 16 23729.27488
9.4000 16 19964.88704
9.5000 16 20992.49152
9.6000 16 23928.50432
9.7000 16 38619.05408
9.8000 16 24337.44896
9.9000 16 33669.77536
10.0000 16 29150.4128
10.1000 16 21023.9488
10.2000 16 24106.76224
10.3000 16 17930.6496
10.4000 16 28563.21024
10.5000 16 39248.19968
10.6000 16 28563.21024
10.7000 16 27829.20704
10.8000 16 9342.81216
10.9000 16 31373.39392
11.0000 16 32159.82592
11.1000 16 26371.6864
11.2000 16 26476.544
11.3000 16 30094.1312
11.4000 16 30660.36224
11.5000 16 30985.4208
11.6000 16 22733.12768
11.7000 16 16735.27296
11.8000 16 25134.36672
11.9000 16 34246.49216
12.0000 16 28143.77984
12.1000 16 27388.80512
12.2000 16 24368.90624
12.3000 16 8986.29632
12.4000 16 16326.32832
12.5000 16 23467.13088
12.6000 16 31887.19616
12.7000 16 34456.20736
12.8000 16 32988.20096
12.9000 16 23561.50272
13.0000 16 12845.056
13.1000 16 12792.6272
13.2000 16 18454.9376
13.3000 16 42488.29952
13.4000 16 30765.21984
13.5000 16 49083.84256
13.6000 16 21023.9488
13.7000 16 6784.28672
13.8000 16 25983.71328
13.9000 16 42918.21568
14.0000 16 30261.90336
14.1000 16 20499.6608
14.2000 16 29685.18656
14.3000 16 41764.78208
14.4000 16 31656.50944
14.5000 16 12299.79648
14.6000 16 18203.27936
14.7000 16 32128.36864
14.8000 16 31174.16448
14.9000 16 33994.83392
15.0000 16 26518.48704
15.1000 16 5274.33728
15.2000 16 30985.4208
15.3000 16 24159.19104
15.4000 16 8923.38176
15.5000 16 20635.97568
