0.1000 16 0.0
0.2000 16 30555.50464
0.3000 16 29496.44288
0.4000 16 39321.6
0.5000 16 3040.8704
0.6000 16 2715.81184
0.7000 16 10559.16032
0.8000 16 8252.29312
0.9000 16 38356.91008
1.0000 16 47123.00544
1.1000 16 8671.72352
1.2000 16 10810.81856
1.3000 16 12268.3392
1.4000 16 18811.45344
1.5000 16 34592.52224
1.6000 16 62.91456
1.7000 16 5924.4544
1.8000 16 5274.33728
1.9000 16 0.0
2.0000 16 46315.60192
2.1000 16 7381.97504
2.2000 16 32390.51264
2.3000 16 38671.48288
2.4000 16 33302.77376
2.5000 16 38210.10944
2.6000 16 8241.80736
2.7000 16 12090.08128
2.8000 16 22617.78432
2.9000 16 31111.24992
3.0000 16 31174.16448
3.1000 16 23110.61504
3.2000 16 15235.80928
3.3000 16 6480.19968
3.4000 16 32904.31488
3.5000 16 30219.96032
3.6000 16 33942.40512
3.7000 16 34319.89248
3.8000 16 44690.30912
3.9000 16 18633.19552
4.0000 16 21160.26368
4.1000 16 11335.10656
4.2000 16 13610.51648
4.3000 16 38535.168
4.4000 16 34204.54912
4.5000 16 27965.52192
4.6000 16 30995.90656
4.7000 16 32925.2864
4.8000 16 25994.19904
4.9000 16 21254.63552
5.0000 16 21170.74944
5.1000 16 27011.31776
5.2000 16 19094.56896
5.3000 16 23760.73216
5.4000 16 30209.47456
5.5000 16 35148.26752
5.6000 16 23855.104
5.7000 16 18727.56736
5.8000 16 23299.35872
5.9000 16 27367.8336
6.0000 16 23823.64672
6.1000 16 25406.99648
6.2000 16 23320.33024
6.3000 16 32558.2848
6.4000 16 33260.83072
6.5000 16 28951.18336
6.6000 16 13946.0608
6.7000 16 17165.18912
6.8000 16 27325.89056
6.9000 16 29622.272
7.0000 16 21978.15296
7.1000 16 28038.92224
7.2000 16 20677.91872
7.3000 16 29569.8432
7.4000 16 23907.5328
7.5000 16 25270.6816
7.6000 16 28343.00928
7.7000 16 13096.71424
7.8000 16 25333.59616
7.9000 16 23414.70208
8.0000 16 25983.71328
8.1000 16 30796.67712
8.2000 16 31258.05056
8.3000 16 20635.97568
8.4000 16 16273.89952
8.5000 16 21831.35232
8.6000 16 27567.06304
8.7000 16 29423.04256
8.8000 16 21328.03584
8.9000 16 29527.90016
9.0000 16 30534.53312
9.1000 16 31719.424
9.2000 16 27829.20704
9.3000 16 18559.7952
9.4000 16 24305.99168
9.5000 16 17888.70656
9.6000 16 28762.43968
9.7000 16 22638.75584
9.8000 16 17479.76192
9.9000 16 30020.73088
10.0000 16 23949.47584
10.1000 16 30198.9888
10.2000 16 23047.70048
10.3000 16 16190.01344
10.4000 16 23624.41728
10.5000 16 22596.8128
10.6000 16 25008.5376
10.7000 16 21642.60864
10.8000 16 7119.83104
10.9000 16 32893.82912
11.0000 16 26413.62944
11.1000 16 28028.43648
11.2000 16 35357.98272
11.3000 16 29244.78464
11.4000 16 24096.27648
11.5000 16 24977.08032
11.6000 16 24861.73696
11.7000 16 22083.01056
11.8000 16 28636.61056
11.9000 16 23267.90144
12.0000 16 26151.48544
12.1000 16 26235.37152
12.2000 16 28489.80992
12.3000 16 22124.9536
12.4000 16 17899.19232
12.5000 16 30419.18976
12.6000 16 31834.76736
12.7000 16 22544.384
12.8000 16 21275.60704
12.9000 16 21044.92032
13.0000 16 22921.87136
13.1000 16 23928.50432
13.2000 16 31226.59328
13.3000 16 25113.3952
13.4000 16 18129.87904
13.5000 16 22009.61024
13.6000 16 27892.1216
13.7000 16 29695.67232
13.8000 16 18685.62432
13.9000 16 19335.74144
14.0000 16 23288.87296
14.1000 16 36133.92896
14.2000 16 26476.544
14.3000 16 17595.10528
14.4000 16 16777.216
14.5000 16 23834.13248
14.6000 16 26319.2576
14.7000 16 30031.21664
14.8000 16 24725.42208
14.9000 16 21359.49312
15.0000 16 27168.60416
15.1000 16 27294.43328
15.2000 16 29643.24352
15.3000 16 24190.64832
15.4000 16 26120.02816
15.5000 16 21957.18144
15.6000 16 22995.27168
15.7000 16 18213.76512
15.8000 16 19996.34432
15.9000 16 17616.0768
16.0000 16 21705.5232
16.1000 16 28689.03936
16.2000 16 25941.77024
16.3000 16 37518.04928
16.4000 16 31258.05056
16.5000 16 28038.92224
16.6000 16 17448.30464
16.7000 16 15781.0688
16.8000 16 16567.5008
16.9000 16 27210.5472
17.0000 16 27650.94912
17.1000 16 22177.3824
17.2000 16 13872.66048
17.3000 16 8923.38176
17.4000 16 5788.13952
17.5000 16 1793.06496
