0.1000 16 0.0
0.2000 16 33218.88768
0.3000 16 38000.39424
0.4000 16 30775.7056
0.5000 16 27451.71968
0.6000 16 32495.37024
0.7000 16 42215.66976
0.8000 16 27462.20544
0.9000 16 4477.41952
1.0000 16 4917.82144
1.1000 16 7004.48768
1.2000 16 13673.43104
1.3000 16 19000.19712
1.4000 16 29790.04416
1.5000 16 32516.34176
1.6000 16 31425.82272
1.7000 16 22607.29856
1.8000 16 20059.25888
1.9000 16 19146.99776
2.0000 16 26591.88736
2.1000 16 23540.5312
2.2000 16 19587.39968
2.3000 16 14250.14784
2.4000 16 13652.45952
2.5000 16 10024.38656
2.6000 16 19566.42816
2.7000 16 29580.32896
2.8000 16 38252.05248
2.9000 16 25427.968
3.0000 16 18402.5088
3.1000 16 15078.52288
3.2000 16 12394.16832
3.3000 16 4959.76448
3.4000 16 32684.11392
3.5000 16 31258.05056
3.6000 16 24243.07712
3.7000 16 19094.56896
3.8000 16 19912.45824
3.9000 16 15896.41216
4.0000 16 24243.07712
4.1000 16 25595.74016
4.2000 16 17175.67488
4.3000 16 23592.96
4.4000 16 20373.83168
4.5000 16 14669.57824
4.6000 16 29056.04096
4.7000 16 16567.5008
4.8000 16 25176.30976
4.9000 16 17941.13536
5.0000 16 22313.69728
5.1000 16 12163.4816
5.2000 16 22303.21152
5.3000 16 31625.05216
5.4000 16 24117.248
5.5000 16 12184.45312
5.6000 16 23204.98688
5.7000 16 14564.72064
5.8000 16 17144.2176
5.9000 16 24998.05184
6.0000 16 29381.09952
6.1000 16 25648.16896
6.2000 16 16703.81568
6.3000 16 16399.72864
6.4000 16 19723.71456
6.5000 16 10611.58912
6.6000 16 16022.24128
6.7000 16 29402.07104
6.8000 16 25448.93952
6.9000 16 21191.72096
7.0000 16 16609.44384
7.1000 16 2044.7232
7.2000 16 33386.65984
7.3000 16 43274.73152
7.4000 16 19524.48512
7.5000 16 15560.86784
7.6000 16 10160.70144
7.7000 16 7696.54784
7.8000 16 16210.98496
7.9000 16 42519.7568
8.0000 16 35389.44
8.1000 16 23603.44576
8.2000 16 7654.6048
8.3000 16 31866.22464
8.4000 16 26329.74336
8.5000 16 6606.0288
8.6000 16 20793.26208
8.7000 16 21506.29376
8.8000 16 11723.07968
8.9000 16 27084.71808
9.0000 16 24620.56448
9.1000 16 22785.55648
9.2000 16 25983.71328
9.3000 16 25186.79552
9.4000 16 18454.9376
9.5000 16 9479.12704
9.6000 16 681.5744
9.7000 16 28038.92224
9.8000 16 3533.70112
9.9000 16 17699.96288
10.0000 16 19608.3712
10.1000 16 44207.96416
10.2000 16 33848.03328
10.3000 16 24872.22272
10.4000 16 19587.39968
10.5000 16 7340.032
10.6000 16 13516.14464
10.7000 16 5200.93696
10.8000 16 17678.99136
10.9000 16 14921.23648
11.0000 16 27325.89056
11.1000 16 44197.4784
11.2000 16 35169.23904
11.3000 16 0.0
11.4000 16 2422.21056
11.5000 16 0.0
11.6000 16 0.0
11.7000 16 46965.71904
11.8000 16 25878.85568
11.9000 16 11093.93408
12.0000 16 20929.57696
12.1000 16 5127.53664
12.2000 16 15728.64
12.3000 16 26696.74496
12.4000 16 34456.20736
12.5000 16 20552.0896
12.6000 16 35368.46848
12.7000 16 20604.5184
12.8000 16 29496.44288
12.9000 16 21338.5216
13.0000 16 13704.88832
13.1000 16 5809.11104
13.2000 16 13537.11616
13.3000 16 24515.70688
13.4000 16 34393.2928
13.5000 16 29706.15808
13.6000 16 28825.35424
13.7000 16 20531.11808
13.8000 16 24893.19424
13.9000 16 19629.34272
14.0000 16 21464.35072
14.1000 16 11272.192
14.2000 16 19063.11168
14.3000 16 25742.5408
14.4000 16 28479.32416
14.5000 16 29884.416
14.6000 16 32872.8576
14.7000 16 15959.32672
14.8000 16 5788.13952
14.9000 16 14868.80768
15.0000 16 21432.89344
15.1000 16 24243.07712
15.2000 16 27661.43488
15.3000 16 31331.45088
15.4000 16 24777.85088
15.5000 16 10580.13184
15.6000 16 20919.0912
15.7000 16 10475.27424
15.8000 16 21160.26368
15.9000 16 21695.03744
16.0000 16 31478.25152
16.1000 16 23561.50272
16.2000 16 22586.32704
16.3000 16 23058.18624
16.4000 16 18161.33632
16.5000 16 20698.89024
16.6000 16 9846.12864
16.7000 16 18213.76512
16.8000 16 27420.2624
16.9000 16 20635.97568
17.0000 16 34068.23424
17.1000 16 26581.4016
17.2000 16 4215.27552
17.3000 16 8829.00992
17.4000 16 28877.78304
17.5000 16 23666.36032
17.6000 16 33795.60448
17.7000 16 29811.01568
17.8000 16 17291.01824
17.9000 16 9950.98624
18.0000 16 24662.50752
18.1000 16 25658.65472
18.2000 16 19807.60064
18.3000 16 30387.73248
18.4000 16 23414.70208
18.5000 16 13977.51808
18.6000 16 13537.11616
18.7000 16 30597.44768
18.8000 16 20835.20512
18.9000 16 22722.64192
19.0000 16 27441.23392
19.1000 16 25071.45216
19.2000 16 19650.31424
19.3000 16 22649.2416
19.4000 16 13600.03072
19.5000 16 10821.30432
19.6000 16 13369.344
19.7000 16 10349.44512
19.8000 16 11083.44832
19.9000 16 6333.39904
