0.1000 16 0.0
0.2000 16 10443.81696
0.3000 16 9783.21408
0.4000 16 9720.29952
0.5000 16 9416.21248
0.6000 16 9321.84064
0.7000 16 9573.49888
0.8000 16 9437.184
0.9000 16 9667.87072
1.0000 16 9426.69824
1.1000 16 9248.44032
1.2000 16 9248.44032
1.3000 16 9290.38336
1.4000 16 10370.41664
1.5000 16 9552.52736
1.6000 16 9426.69824
1.7000 16 9384.7552
1.8000 16 9573.49888
1.9000 16 8713.66656
2.0000 16 8829.00992
2.1000 16 8053.06368
2.2000 16 702.54592
2.3000 16 2673.8688
2.4000 16 5830.08256
2.5000 16 9416.21248
2.6000 16 8503.95136
2.7000 16 1551.89248
2.8000 16 1006.63296
2.9000 16 2401.23904
3.0000 16 2432.69632
3.1000 16 73.40032
3.2000 16 2348.81024
3.3000 16 3470.78656
3.4000 16 9038.72512
3.5000 16 10894.70464
3.6000 16 9636.41344
3.7000 16 9458.15552
3.8000 16 9573.49888
3.9000 16 9175.04
4.0000 16 9049.21088
4.1000 16 9909.0432
4.2000 16 8965.3248
4.3000 16 9447.66976
4.4000 16 9688.84224
4.5000 16 9332.3264
4.6000 16 9437.184
4.7000 16 9196.01152
4.8000 16 9604.95616
4.9000 16 9175.04
5.0000 16 9384.7552
5.1000 16 8503.95136
5.2000 16 9311.35488
5.3000 16 10842.27584
5.4000 16 9133.09696
5.5000 16 9374.26944
5.6000 16 9667.87072
5.7000 16 8598.3232
5.8000 16 7402.94656
5.9000 16 3397.38624
6.0000 16 7381.97504
6.1000 16 7560.23296
6.2000 16 6197.08416
6.3000 16 503.31648
6.4000 16 2002.78016
6.5000 16 10527.70304
6.6000 16 9667.87072
6.7000 16 9982.44352
6.8000 16 9814.67136
6.9000 16 9426.69824
7.0000 16 9311.35488
7.1000 16 9447.66976
7.2000 16 8923.38176
7.3000 16 9646.8992
7.4000 16 9468.64128
7.5000 16 8619.29472
7.6000 16 8629.78048
7.7000 16 9122.6112
7.8000 16 6815.744
7.9000 16 2348.81024
8.0000 16 1006.63296
8.1000 16 482.34496
8.2000 16 4970.25024
8.3000 16 10087.30112
8.4000 16 11502.87872
8.5000 16 9279.8976
8.6000 16 8891.92448
8.7000 16 8441.0368
8.8000 16 8577.35168
8.9000 16 7497.3184
9.0000 16 7780.43392
9.1000 16 11135.87712
9.2000 16 10024.38656
9.3000 16 9321.84064
9.4000 16 9437.184
9.5000 16 9447.66976
9.6000 16 9646.8992
9.7000 16 9353.29792
9.8000 16 9426.69824
9.9000 16 9374.26944
10.0000 16 8923.38176
10.1000 16 9625.92768
10.2000 16 9699.328
10.3000 16 9563.01312
10.4000 16 8011.12064
10.5000 16 8860.4672
10.6000 16 8849.98144
10.7000 16 2589.98272
10.8000 16 0.0
10.9000 16 671.08864
11.0000 16 1342.17728
11.1000 16 4634.70592
11.2000 16 6343.8848
11.3000 16 10758.38976
11.4000 16 10024.38656
11.5000 16 10317.98784
11.6000 16 8336.1792
11.7000 16 10664.01792
11.8000 16 9269.41184
11.9000 16 9342.81216
12.0000 16 9374.26944
12.1000 16 9164.55424
12.2000 16 8944.35328
12.3000 16 8933.86752
12.4000 16 8703.1808
12.5000 16 8336.1792
12.6000 16 2789.21216
12.7000 16 3690.98752
12.8000 16 8378.12224
12.9000 16 12278.82496
13.0000 16 9709.81376
13.1000 16 9426.69824
13.2000 16 9437.184
13.3000 16 9384.7552
13.4000 16 9489.6128
13.5000 16 9122.6112
13.6000 16 9290.38336
13.7000 16 8493.4656
13.8000 16 8829.00992
13.9000 16 7193.23136
14.0000 16 12016.68096
14.1000 16 10307.50208
14.2000 16 9416.21248
14.3000 16 9269.41184
14.4000 16 9070.1824
14.5000 16 9625.92768
14.6000 16 9751.7568
14.7000 16 8902.41024
14.8000 16 8283.7504
14.9000 16 9699.328
15.0000 16 8839.49568
15.1000 16 10160.70144
15.2000 16 10433.3312
15.3000 16 9353.29792
15.4000 16 9154.06848
15.5000 16 9531.55584
15.6000 16 8944.35328
15.7000 16 8870.95296
15.8000 16 8545.8944
15.9000 16 5379.19488
16.0000 16 1981.80864
16.1000 16 1174.40512
16.2000 16 1174.40512
16.3000 16 7507.80416
16.4000 16 4372.56192
16.5000 16 9279.8976
16.6000 16 9447.66976
16.7000 16 10307.50208
16.8000 16 10380.9024
16.9000 16 9521.07008
17.0000 16 9625.92768
17.1000 16 9258.92608
17.2000 16 9311.35488
17.3000 16 9636.41344
17.4000 16 9300.86912
17.5000 16 8629.78048
17.6000 16 9940.50048
17.7000 16 9950.98624
17.8000 16 9206.49728
17.9000 16 9437.184
18.0000 16 9342.81216
18.1000 16 9363.78368
18.2000 16 9196.01152
18.3000 16 9531.55584
18.4000 16 9258.92608
18.5000 16 8357.15072
18.6000 16 9730.78528
18.7000 16 9919.52896
18.8000 16 9636.41344
18.9000 16 9300.86912
19.0000 16 9468.64128
19.1000 16 9405.72672
19.2000 16 9080.66816
19.3000 16 8304.72192
19.4000 16 8074.0352
19.5000 16 3271.55712
19.6000 16 1342.17728
19.7000 16 2013.26592
19.8000 16 3355.4432
19.9000 16 11293.16352
20.0000 16 10129.24416
20.1000 16 8860.4672
20.2000 16 10643.0464
20.3000 16 9563.01312
20.4000 16 9500.09856
20.5000 16 9300.86912
20.6000 16 9395.24096
20.7000 16 9227.4688
20.8000 16 9458.15552
20.9000 16 9384.7552
21.0000 16 9751.7568
21.1000 16 8933.86752
21.2000 16 9552.52736
21.3000 16 9741.27104
21.4000 16 9248.44032
21.5000 16 9636.41344
21.6000 16 9206.49728
21.7000 16 9521.07008
21.8000 16 9489.6128
21.9000 16 9321.84064
22.0000 16 9531.55584
22.1000 16 8996.78208
22.2000 16 7497.3184
22.3000 16 8357.15072
22.4000 16 2464.1536
22.5000 16 3261.07136
22.6000 16 167.77216
22.7000 16 2013.26592
22.8000 16 3523.21536
22.9000 16 6931.08736
23.0000 16 10632.56064
23.1000 16 10433.3312
23.2000 16 9395.24096
23.3000 16 9573.49888
23.4000 16 9374.26944
23.5000 16 9447.66976
23.6000 16 9395.24096
23.7000 16 9112.12544
23.8000 16 8996.78208
23.9000 16 10076.81536
24.0000 16 9321.84064
24.1000 16 9772.72832
24.2000 16 9363.78368
24.3000 16 8923.38176
24.4000 16 9877.58592
24.5000 16 9154.06848
24.6000 16 9248.44032
24.7000 16 9332.3264
24.8000 16 8829.00992
24.9000 16 9080.66816
25.0000 16 7623.14752
25.1000 16 1436.54912
25.2000 16 1509.94944
25.3000 16 5662.3104
25.4000 16 11167.3344
25.5000 16 9563.01312
25.6000 16 9437.184
25.7000 16 9940.50048
25.8000 16 9804.1856
25.9000 16 9279.8976
26.0000 16 9479.12704
26.1000 16 8954.83904
26.2000 16 9888.07168
26.3000 16 8430.55104
26.4000 16 9384.7552
26.5000 16 10234.10176
26.6000 16 9269.41184
26.7000 16 9961.472
26.8000 16 9227.4688
26.9000 16 9604.95616
27.0000 16 9416.21248
27.1000 16 9101.63968
27.2000 16 9426.69824
27.3000 16 8734.63808
27.4000 16 9468.64128
27.5000 16 8367.63648
27.6000 16 6522.14272
27.7000 16 2516.5824
27.8000 16 503.31648
27.9000 16 3019.89888
28.0000 16 2516.5824
28.1000 16 4529.84832
28.2000 16 671.08864
28.3000 16 3019.89888
28.4000 16 4760.53504
28.5000 16 10611.58912
28.6000 16 11492.39296
28.7000 16 9321.84064
28.8000 16 9426.69824
28.9000 16 9300.86912
29.0000 16 9458.15552
29.1000 16 9678.35648
29.2000 16 9237.95456
29.3000 16 8996.78208
29.4000 16 9342.81216
29.5000 16 9783.21408
29.6000 16 9468.64128
29.7000 16 9489.6128
29.8000 16 9363.78368
29.9000 16 9437.184
30.0000 16 9112.12544
30.1000 16 9720.29952
30.2000 16 9091.15392
30.3000 16 9521.07008
30.4000 16 9416.21248
30.5000 16 9657.38496
30.6000 16 9091.15392
30.7000 16 9468.64128
30.8000 16 9342.81216
30.9000 16 9877.58592
31.0000 16 9216.98304
31.1000 16 9321.84064
31.2000 16 9374.26944
31.3000 16 9070.1824
31.4000 16 8430.55104
31.5000 16 4330.61888
31.6000 16 1006.63296
31.7000 16 671.08864
31.8000 16 4204.78976
31.9000 16 7707.0336
32.0000 16 6794.77248
32.1000 16 7340.032
32.2000 16 11324.6208
32.3000 16 9909.0432
32.4000 16 10097.78688
32.5000 16 8923.38176
32.6000 16 9720.29952
32.7000 16 9279.8976
32.8000 16 9269.41184
32.9000 16 9625.92768
33.0000 16 9384.7552
33.1000 16 8965.3248
33.2000 16 10024.38656
33.3000 16 8849.98144
33.4000 16 9930.01472
33.5000 16 9332.3264
33.6000 16 9363.78368
33.7000 16 9384.7552
33.8000 16 9300.86912
33.9000 16 9437.184
34.0000 16 8598.3232
34.1000 16 8535.40864
34.2000 16 8325.69344
34.3000 16 2296.38144
34.4000 16 3177.18528
34.5000 16 335.54432
34.6000 16 503.31648
34.7000 16 1509.94944
34.8000 16 3187.67104
34.9000 16 3229.61408
35.0000 16 9185.52576
35.1000 16 9049.21088
35.2000 16 11471.42144
35.3000 16 10118.7584
35.4000 16 9552.52736
35.5000 16 9342.81216
35.6000 16 9510.58432
35.7000 16 9164.55424
35.8000 16 9458.15552
35.9000 16 9237.95456
36.0000 16 9353.29792
36.1000 16 9363.78368
36.2000 16 9741.27104
36.3000 16 9353.29792
36.4000 16 9741.27104
36.5000 16 9164.55424
36.6000 16 9437.184
36.7000 16 9300.86912
36.8000 16 9594.4704
36.9000 16 9300.86912
37.0000 16 9657.38496
37.1000 16 9521.07008
37.2000 16 8818.52416
37.3000 16 9028.23936
37.4000 16 8378.12224
37.5000 16 8650.752
37.6000 16 1342.17728
37.7000 16 1677.7216
37.8000 16 1174.40512
37.9000 16 1101.0048
38.0000 16 3240.09984
38.1000 16 7088.37376
38.2000 16 7790.91968
38.3000 16 10548.67456
38.4000 16 10926.16192
38.5000 16 9552.52736
38.6000 16 9699.328
38.7000 16 9258.92608
38.8000 16 9122.6112
38.9000 16 8787.06688
39.0000 16 8818.52416
39.1000 16 8629.78048
39.2000 16 7266.63168
39.3000 16 0.0
39.4000 16 335.54432
39.5000 16 2348.81024
39.6000 16 2516.5824
39.7000 16 4697.62048
39.8000 16 6071.25504
39.9000 16 11031.01952
40.0000 16 9751.7568
40.1000 16 9646.8992
40.2000 16 8944.35328
40.3000 16 9667.87072
40.4000 16 9709.81376
40.5000 16 9122.6112
40.6000 16 9583.98464
40.7000 16 9080.66816
40.8000 16 8441.0368
40.9000 16 10307.50208
41.0000 16 9709.81376
41.1000 16 9279.8976
41.2000 16 9395.24096
41.3000 16 9122.6112
41.4000 16 9038.72512
41.5000 16 8881.43872
41.6000 16 8755.6096
41.7000 16 5651.82464
41.8000 16 2380.26752
41.9000 16 1342.17728
42.0000 16 2348.81024
42.1000 16 4697.62048
42.2000 16 7738.49088
42.3000 16 5127.53664
42.4000 16 1541.40672
42.5000 16 1509.94944
42.6000 16 335.54432
42.7000 16 0.0
42.8000 16 2348.81024
42.9000 16 2013.26592
43.0000 16 2348.81024
43.1000 16 4529.84832
43.2000 16 11324.6208
43.3000 16 10160.70144
43.4000 16 9657.38496
43.5000 16 9122.6112
43.6000 16 9500.09856
43.7000 16 9563.01312
43.8000 16 9237.95456
43.9000 16 9300.86912
44.0000 16 9133.09696
44.1000 16 8912.896
44.2000 16 9982.44352
44.3000 16 9332.3264
44.4000 16 9667.87072
44.5000 16 9447.66976
44.6000 16 9206.49728
44.7000 16 9321.84064
44.8000 16 9604.95616
44.9000 16 9604.95616
45.0000 16 9279.8976
45.1000 16 9542.0416
45.2000 16 8975.81056
45.3000 16 9080.66816
45.4000 16 8231.3216
45.5000 16 8524.92288
45.6000 16 2097.152
45.7000 16 1677.7216
45.8000 16 1006.63296
45.9000 16 2852.12672
46.0000 16 5966.39744
46.1000 16 1897.92256
46.2000 16 503.31648
46.3000 16 2736.78336
46.4000 16 7350.51776
46.5000 16 11723.07968
46.6000 16 9751.7568
46.7000 16 9405.72672
46.8000 16 9500.09856
46.9000 16 9258.92608
47.0000 16 9730.78528
47.1000 16 9122.6112
47.2000 16 9458.15552
47.3000 16 9059.69664
47.4000 16 9133.09696
47.5000 16 10108.27264
47.6000 16 9395.24096
47.7000 16 9395.24096
47.8000 16 9542.0416
47.9000 16 9258.92608
48.0000 16 9678.35648
48.1000 16 9112.12544
48.2000 16 9342.81216
48.3000 16 9615.44192
48.4000 16 9458.15552
48.5000 16 8996.78208
48.6000 16 9070.1824
48.7000 16 9615.44192
48.8000 16 9720.29952
48.9000 16 7298.08896
49.0000 16 8598.3232
49.1000 16 3187.67104
49.2000 16 1447.03488
49.3000 16 3240.09984
49.4000 16 335.54432
49.5000 16 2820.66944
49.6000 16 4351.5904
49.7000 16 10317.98784
49.8000 16 10034.87232
49.9000 16 10171.1872
50.0000 16 8818.52416
50.1000 16 8996.78208
50.2000 16 7728.00512
50.3000 16 9007.26784
50.4000 16 1006.63296
50.5000 16 1006.63296
50.6000 16 1677.7216
50.7000 16 5138.0224
50.8000 16 6092.22656
50.9000 16 10737.41824
51.0000 16 10894.70464
51.1000 16 9825.15712
51.2000 16 9164.55424
51.3000 16 9542.0416
51.4000 16 9384.7552
51.5000 16 9636.41344
51.6000 16 9395.24096
51.7000 16 9133.09696
51.8000 16 9311.35488
51.9000 16 9531.55584
52.0000 16 9604.95616
52.1000 16 8409.57952
52.2000 16 8325.69344
52.3000 16 8839.49568
52.4000 16 6627.00032
52.5000 16 1174.40512
52.6000 16 0.0
52.7000 16 1342.17728
52.8000 16 2684.35456
52.9000 16 6941.57312
53.0000 16 11691.6224
53.1000 16 9678.35648
53.2000 16 9678.35648
53.3000 16 8755.6096
53.4000 16 8451.52256
53.5000 16 6983.51616
53.6000 16 2852.12672
53.7000 16 335.54432
53.8000 16 1342.17728
53.9000 16 3764.38784
54.0000 16 8912.896
54.1000 16 10276.0448
54.2000 16 10548.67456
54.3000 16 9657.38496
54.4000 16 9458.15552
54.5000 16 9269.41184
54.6000 16 9678.35648
54.7000 16 9416.21248
54.8000 16 9237.95456
54.9000 16 9384.7552
55.0000 16 9175.04
55.1000 16 9594.4704
55.2000 16 9563.01312
55.3000 16 9363.78368
55.4000 16 9269.41184
55.5000 16 9678.35648
55.6000 16 9017.7536
55.7000 16 8891.92448
55.8000 16 9699.328
55.9000 16 10055.84384
56.0000 16 9269.41184
56.1000 16 9521.07008
56.2000 16 9196.01152
56.3000 16 8986.29632
56.4000 16 8650.752
56.5000 16 9458.15552
56.6000 16 9300.86912
56.7000 16 8965.3248
56.8000 16 10590.6176
56.9000 16 9856.6144
57.0000 16 9510.58432
57.1000 16 8661.23776
57.2000 16 9070.1824
57.3000 16 9793.69984
57.4000 16 9353.29792
57.5000 16 9709.81376
57.6000 16 8566.86592
57.7000 16 9751.7568
57.8000 16 9175.04
57.9000 16 8252.29312
58.0000 16 9332.3264
58.1000 16 10181.67296
58.2000 16 9321.84064
58.3000 16 8545.8944
58.4000 16 9290.38336
58.5000 16 7937.72032
58.6000 16 5704.25344
58.7000 16 838.8608
58.8000 16 0.0
58.9000 16 671.08864
59.0000 16 3177.18528
59.1000 16 3533.70112
59.2000 16 7381.97504
59.3000 16 7214.20288
59.4000 16 7853.83424
59.5000 16 11492.39296
59.6000 16 10506.73152
59.7000 16 9269.41184
59.8000 16 9468.64128
59.9000 16 9269.41184
60.0000 16 9447.66976
60.1000 16 9730.78528
60.2000 16 9290.38336
60.3000 16 9164.55424
60.4000 16 9311.35488
60.5000 16 9353.29792
60.6000 16 9604.95616
60.7000 16 9720.29952
60.8000 16 9248.44032
60.9000 16 9447.66976
61.0000 16 9175.04
61.1000 16 9269.41184
61.2000 16 9846.12864
61.3000 16 9248.44032
61.4000 16 9500.09856
61.5000 16 9248.44032
61.6000 16 9510.58432
61.7000 16 8503.95136
61.8000 16 9678.35648
61.9000 16 9332.3264
62.0000 16 8734.63808
62.1000 16 9175.04
62.2000 16 9206.49728
62.3000 16 7308.57472
62.4000 16 0.0
62.5000 16 335.54432
62.6000 16 3082.81344
62.7000 16 6847.20128
62.8000 16 4624.22016
62.9000 16 398.45888
63.0000 16 3135.24224
63.1000 16 9237.95456
63.2000 16 10538.1888
63.3000 16 9982.44352
63.4000 16 9374.26944
63.5000 16 9437.184
63.6000 16 9227.4688
63.7000 16 9384.7552
63.8000 16 9479.12704
63.9000 16 9342.81216
64.0000 16 9300.86912
64.1000 16 9720.29952
64.2000 16 9059.69664
64.3000 16 9573.49888
64.4000 16 9479.12704
64.5000 16 9468.64128
64.6000 16 9175.04
64.7000 16 9625.92768
64.8000 16 9175.04
64.9000 16 9657.38496
65.0000 16 8912.896
65.1000 16 9961.472
65.2000 16 9237.95456
65.3000 16 8462.00832
65.4000 16 7696.54784
65.5000 16 7528.77568
65.6000 16 4477.41952
65.7000 16 4078.96064
65.8000 16 4634.70592
65.9000 16 4529.84832
66.0000 16 167.77216
66.1000 16 0.0
66.2000 16 3187.67104
66.3000 16 10181.67296
66.4000 16 11156.84864
66.5000 16 9888.07168
66.6000 16 9563.01312
66.7000 16 9290.38336
66.8000 16 9573.49888
66.9000 16 9395.24096
67.0000 16 9248.44032
67.1000 16 9604.95616
67.2000 16 9342.81216
67.3000 16 9133.09696
67.4000 16 9216.98304
67.5000 16 7612.66176
67.6000 16 8839.49568
67.7000 16 9290.38336
67.8000 16 2222.98112
67.9000 16 3313.50016
68.0000 16 2013.26592
68.1000 16 671.08864
68.2000 16 2852.12672
68.3000 16 4970.25024
68.4000 16 9961.472
68.5000 16 10831.79008
68.6000 16 9688.84224
68.7000 16 9531.55584
68.8000 16 9311.35488
68.9000 16 9489.6128
69.0000 16 9269.41184
69.1000 16 9248.44032
69.2000 16 9458.15552
69.3000 16 8661.23776
69.4000 16 9793.69984
69.5000 16 9992.92928
69.6000 16 9563.01312
69.7000 16 9237.95456
69.8000 16 9521.07008
69.9000 16 9070.1824
70.0000 16 8629.78048
70.1000 16 9426.69824
70.2000 16 7948.20608
70.3000 16 1740.63616
70.4000 16 1342.17728
70.5000 16 4267.70432
70.6000 16 6249.51296
70.7000 16 8336.1792
70.8000 16 11974.73792
70.9000 16 9688.84224
71.0000 16 9594.4704
71.1000 16 9059.69664
71.2000 16 9552.52736
71.3000 16 9510.58432
71.4000 16 9426.69824
71.5000 16 9416.21248
71.6000 16 9175.04
71.7000 16 9070.1824
71.8000 16 8409.57952
71.9000 16 10066.3296
72.0000 16 10401.87392
72.1000 16 9510.58432
72.2000 16 8975.81056
72.3000 16 9374.26944
72.4000 16 9583.98464
72.5000 16 9489.6128
72.6000 16 9269.41184
72.7000 16 9279.8976
72.8000 16 9961.472
72.9000 16 9300.86912
73.0000 16 8147.43552
73.1000 16 8902.41024
73.2000 16 8640.26624
73.3000 16 6658.4576
73.4000 16 5934.94016
73.5000 16 11544.82176
73.6000 16 10234.10176
73.7000 16 8860.4672
73.8000 16 8063.54944
73.9000 16 7979.66336
74.0000 16 4739.56352
74.1000 16 2946.49856
74.2000 16 1740.63616
74.3000 16 1677.7216
74.4000 16 2013.26592
74.5000 16 7832.86272
74.6000 16 9709.81376
74.7000 16 9992.92928
74.8000 16 9563.01312
74.9000 16 8923.38176
75.0000 16 8409.57952
75.1000 16 3219.12832
75.2000 16 4362.07616
75.3000 16 230.68672
75.4000 16 7811.8912
75.5000 16 7193.23136
75.6000 16 12048.13824
75.7000 16 9468.64128
75.8000 16 9961.472
75.9000 16 9363.78368
76.0000 16 9437.184
76.1000 16 9583.98464
76.2000 16 9237.95456
76.3000 16 9604.95616
76.4000 16 9300.86912
76.5000 16 8849.98144
76.6000 16 10055.84384
76.7000 16 8933.86752
76.8000 16 9384.7552
76.9000 16 9888.07168
77.0000 16 9038.72512
77.1000 16 9080.66816
77.2000 16 9825.15712
77.3000 16 9563.01312
77.4000 16 8713.66656
77.5000 16 9930.01472
77.6000 16 9867.10016
77.7000 16 9133.09696
77.8000 16 8053.06368
77.9000 16 8797.55264
78.0000 16 8482.97984
78.1000 16 3240.09984
78.2000 16 838.8608
78.3000 16 1677.7216
78.4000 16 2673.8688
78.5000 16 5012.19328
78.6000 16 2757.75488
78.7000 16 8336.1792
78.8000 16 10863.24736
78.9000 16 10852.7616
79.0000 16 9206.49728
79.1000 16 9374.26944
79.2000 16 9552.52736
79.3000 16 9751.7568
79.4000 16 9269.41184
79.5000 16 9416.21248
79.6000 16 9196.01152
79.7000 16 9395.24096
79.8000 16 9814.67136
79.9000 16 9206.49728
80.0000 16 9447.66976
80.1000 16 9426.69824
80.2000 16 9290.38336
80.3000 16 8493.4656
80.4000 16 8902.41024
80.5000 16 8189.37856
80.6000 16 5872.0256
80.7000 16 671.08864
80.8000 16 671.08864
80.9000 16 1342.17728
81.0000 16 2348.81024
81.1000 16 5494.53824
81.2000 16 9489.6128
81.3000 16 12184.45312
81.4000 16 9594.4704
81.5000 16 9290.38336
81.6000 16 9122.6112
81.7000 16 8147.43552
81.8000 16 6973.0304
81.9000 16 5379.19488
82.0000 16 3271.55712
82.1000 16 3439.32928
82.2000 16 5274.33728
82.3000 16 7759.4624
82.4000 16 10643.0464
82.5000 16 9500.09856
82.6000 16 9940.50048
82.7000 16 9059.69664
82.8000 16 9919.52896
82.9000 16 9479.12704
83.0000 16 9374.26944
83.1000 16 9437.184
83.2000 16 9563.01312
83.3000 16 9164.55424
83.4000 16 9321.84064
83.5000 16 9080.66816
83.6000 16 8367.63648
83.7000 16 8650.752
83.8000 16 7990.14912
83.9000 16 1174.40512
84.0000 16 1677.7216
84.1000 16 671.08864
84.2000 16 1677.7216
84.3000 16 2013.26592
84.4000 16 5368.70912
84.5000 16 8420.06528
84.6000 16 9919.52896
84.7000 16 8608.80896
84.8000 16 9101.63968
84.9000 16 8524.92288
85.0000 16 3722.4448
85.1000 16 4246.7328
85.2000 16 11072.96256
85.3000 16 9888.07168
85.4000 16 9930.01472
85.5000 16 9384.7552
85.6000 16 9374.26944
85.7000 16 9521.07008
85.8000 16 9583.98464
85.9000 16 9248.44032
86.0000 16 9332.3264
86.1000 16 9353.29792
86.2000 16 9468.64128
86.3000 16 9080.66816
86.4000 16 9154.06848
86.5000 16 8766.09536
86.6000 16 8650.752
86.7000 16 8692.69504
86.8000 16 7371.48928
86.9000 16 12079.59552
87.0000 16 8755.6096
87.1000 16 10349.44512
87.2000 16 9017.7536
87.3000 16 9007.26784
87.4000 16 8713.66656
87.5000 16 8388.608
87.6000 16 2569.0112
87.7000 16 3187.67104
87.8000 16 1006.63296
87.9000 16 1719.66464
88.0000 16 7644.11904
88.1000 16 10936.64768
88.2000 16 9405.72672
88.3000 16 9416.21248
88.4000 16 10171.1872
88.5000 16 9416.21248
88.6000 16 9311.35488
88.7000 16 9531.55584
88.8000 16 9091.15392
88.9000 16 9479.12704
89.0000 16 9216.98304
89.1000 16 8535.40864
89.2000 16 7434.40384
89.3000 16 713.03168
89.4000 16 734.0032
89.5000 16 3240.09984
89.6000 16 5232.39424
89.7000 16 10758.38976
89.8000 16 10286.53056
89.9000 16 10087.30112
90.0000 16 9563.01312
90.1000 16 9395.24096
90.2000 16 9091.15392
90.3000 16 9625.92768
90.4000 16 9426.69824
90.5000 16 9353.29792
90.6000 16 9489.6128
90.7000 16 9447.66976
90.8000 16 9080.66816
90.9000 16 8755.6096
91.0000 16 8346.66496
91.1000 16 9290.38336
91.2000 16 3586.12992
91.3000 16 0.0
91.4000 16 1468.0064
91.5000 16 1384.12032
91.6000 16 0.0
91.7000 16 3282.04288
91.8000 16 7151.28832
91.9000 16 11953.7664
92.0000 16 9196.01152
92.1000 16 9825.15712
92.2000 16 9101.63968
92.3000 16 9751.7568
92.4000 16 9175.04
92.5000 16 9342.81216
92.6000 16 9290.38336
92.7000 16 9363.78368
92.8000 16 8472.49408
92.9000 16 10412.35968
93.0000 16 9594.4704
93.1000 16 9416.21248
93.2000 16 9154.06848
93.3000 16 9216.98304
93.4000 16 9479.12704
93.5000 16 9940.50048
93.6000 16 9332.3264
93.7000 16 9657.38496
93.8000 16 9017.7536
93.9000 16 8745.12384
94.0000 16 7266.63168
94.1000 16 3344.95744
94.2000 16 2925.52704
94.3000 16 1772.09344
94.4000 16 1342.17728
94.5000 16 3019.89888
94.6000 16 4194.304
94.7000 16 10957.6192
94.8000 16 10055.84384
94.9000 16 9909.0432
95.0000 16 9206.49728
95.1000 16 9332.3264
95.2000 16 9877.58592
95.3000 16 9028.23936
95.4000 16 8797.55264
95.5000 16 9164.55424
95.6000 16 7696.54784
95.7000 16 4215.27552
95.8000 16 503.31648
95.9000 16 2181.03808
96.0000 16 7476.34688
96.1000 16 8619.29472
96.2000 16 12803.11296
96.3000 16 9175.04
96.4000 16 9248.44032
96.5000 16 9353.29792
96.6000 16 9678.35648
96.7000 16 9395.24096
96.8000 16 9395.24096
96.9000 16 8671.72352
97.0000 16 9730.78528
97.1000 16 9667.87072
97.2000 16 9227.4688
97.3000 16 9353.29792
97.4000 16 9122.6112
97.5000 16 9699.328
97.6000 16 9688.84224
97.7000 16 9017.7536
97.8000 16 9751.7568
97.9000 16 9332.3264
98.0000 16 9447.66976
98.1000 16 9384.7552
98.2000 16 9269.41184
98.3000 16 9175.04
98.4000 16 9143.58272
98.5000 16 8273.26464
98.6000 16 7004.48768
98.7000 16 1048.576
98.8000 16 5976.8832
98.9000 16 10276.0448
99.0000 16 10548.67456
99.1000 16 9961.472
99.2000 16 9521.07008
99.3000 16 9625.92768
99.4000 16 9206.49728
99.5000 16 9646.8992
99.6000 16 9405.72672
99.7000 16 9290.38336
99.8000 16 9164.55424
99.9000 16 9164.55424
100.0000 16 7801.40544
100.1000 16 6060.76928
100.2000 16 1667.23584
100.3000 16 5043.65056
100.4000 16 8294.23616
100.5000 16 10894.70464
100.6000 16 10768.87552
100.7000 16 9646.8992
100.8000 16 9437.184
100.9000 16 9479.12704
101.0000 16 9521.07008
101.1000 16 9185.52576
101.2000 16 9374.26944
101.3000 16 9489.6128
101.4000 16 9416.21248
101.5000 16 9175.04
101.6000 16 7832.86272
101.7000 16 7759.4624
101.8000 16 335.54432
101.9000 16 3355.4432
102.0000 16 7361.00352
102.1000 16 10150.21568
102.2000 16 11209.27744
102.3000 16 9311.35488
102.4000 16 9615.44192
102.5000 16 9583.98464
102.6000 16 9300.86912
102.7000 16 9395.24096
102.8000 16 8891.92448
102.9000 16 6490.68544
103.0000 16 6280.97024
103.1000 16 8336.1792
103.2000 16 6668.94336
103.3000 16 335.54432
103.4000 16 3334.47168
103.5000 16 9489.6128
103.6000 16 9783.21408
103.7000 16 11586.7648
103.8000 16 9846.12864
103.9000 16 9269.41184
104.0000 16 9279.8976
104.1000 16 9563.01312
104.2000 16 9468.64128
104.3000 16 8797.55264
104.4000 16 10181.67296
104.5000 16 9185.52576
104.6000 16 9573.49888
104.7000 16 9185.52576
104.8000 16 8336.1792
104.9000 16 9049.21088
105.0000 16 9059.69664
105.1000 16 8692.69504
105.2000 16 8975.81056
105.3000 16 7423.91808
105.4000 16 199.22944
