0.1000 16 0.0
0.2000 16 9657.38496
0.3000 16 9311.35488
0.4000 16 8566.86592
0.5000 16 4204.78976
0.6000 16 11062.4768
0.7000 16 10034.87232
0.8000 16 9521.07008
0.9000 16 9122.6112
1.0000 16 9112.12544
1.1000 16 8933.86752
1.2000 16 8755.6096
1.3000 16 3030.38464
1.4000 16 3019.89888
1.5000 16 1677.7216
1.6000 16 1342.17728
1.7000 16 3355.4432
1.8000 16 4026.53184
1.9000 16 6952.05888
2.0000 16 11681.13664
2.1000 16 9500.09856
2.2000 16 9594.4704
2.3000 16 9468.64128
2.4000 16 9489.6128
2.5000 16 9437.184
2.6000 16 9416.21248
2.7000 16 9489.6128
2.8000 16 9196.01152
2.9000 16 9258.92608
3.0000 16 9395.24096
3.1000 16 9636.41344
3.2000 16 9510.58432
3.3000 16 9237.95456
3.4000 16 9583.98464
3.5000 16 8891.92448
3.6000 16 9982.44352
3.7000 16 9300.86912
3.8000 16 9405.72672
3.9000 16 9426.69824
4.0000 16 9793.69984
4.1000 16 8262.77888
4.2000 16 10139.72992
4.3000 16 9143.58272
4.4000 16 9846.12864
4.5000 16 8965.3248
4.6000 16 8902.41024
4.7000 16 8598.3232
4.8000 16 8493.4656
4.9000 16 7004.48768
5.0000 16 335.54432
5.1000 16 1981.80864
5.2000 16 2537.55392
5.3000 16 2768.24064
5.4000 16 7717.51936
5.5000 16 9930.01472
5.6000 16 8032.09216
5.7000 16 3114.27072
5.8000 16 2736.78336
5.9000 16 1006.63296
6.0000 16 671.08864
6.1000 16 660.60288
6.2000 16 1342.17728
6.3000 16 3030.38464
6.4000 16 4980.736
6.5000 16 9961.472
6.6000 16 9772.72832
6.7000 16 10653.53216
6.8000 16 9730.78528
6.9000 16 10045.35808
7.0000 16 9269.41184
7.1000 16 9531.55584
7.2000 16 9353.29792
7.3000 16 9143.58272
7.4000 16 9594.4704
7.5000 16 9332.3264
7.6000 16 9563.01312
7.7000 16 9458.15552
7.8000 16 9500.09856
7.9000 16 9363.78368
8.0000 16 8849.98144
8.1000 16 8891.92448
8.2000 16 8808.0384
8.3000 16 8587.83744
8.4000 16 7392.4608
8.5000 16 2202.0096
8.6000 16 0.0
8.7000 16 0.0
8.8000 16 6197.08416
8.9000 16 8304.72192
9.0000 16 11544.82176
9.1000 16 9898.55744
9.2000 16 9531.55584
9.3000 16 9342.81216
9.4000 16 9542.0416
9.5000 16 9101.63968
9.6000 16 9489.6128
9.7000 16 7822.37696
9.8000 16 8336.1792
9.9000 16 5379.19488
10.0000 16 5651.82464
10.1000 16 9678.35648
10.2000 16 11083.44832
10.3000 16 9867.10016
10.4000 16 8912.896
10.5000 16 9898.55744
10.6000 16 9248.44032
10.7000 16 9437.184
10.8000 16 9196.01152
10.9000 16 9552.52736
11.0000 16 9175.04
11.1000 16 9426.69824
11.2000 16 8912.896
11.3000 16 8703.1808
11.4000 16 8503.95136
11.5000 16 3701.47328
11.6000 16 0.0
11.7000 16 702.54592
11.8000 16 6647.97184
11.9000 16 7465.86112
12.0000 16 10213.13024
12.1000 16 10580.13184
12.2000 16 9416.21248
12.3000 16 9846.12864
12.4000 16 9290.38336
12.5000 16 9510.58432
12.6000 16 9321.84064
12.7000 16 9248.44032
12.8000 16 9542.0416
12.9000 16 9468.64128
13.0000 16 9164.55424
13.1000 16 9489.6128
13.2000 16 9468.64128
13.3000 16 9636.41344
13.4000 16 9447.66976
13.5000 16 8944.35328
13.6000 16 8933.86752
13.7000 16 9269.41184
13.8000 16 8891.92448
13.9000 16 7906.26304
14.0000 16 3124.75648
14.1000 16 335.54432
14.2000 16 1342.17728
14.3000 16 6039.79776
14.4000 16 11062.4768
14.5000 16 9615.44192
14.6000 16 9353.29792
14.7000 16 8032.09216
14.8000 16 5976.8832
14.9000 16 2348.81024
15.0000 16 3607.10144
15.1000 16 2086.66624
15.2000 16 0.0
15.3000 16 3019.89888
15.4000 16 4697.62048
15.5000 16 10989.07648
15.6000 16 10684.98944
15.7000 16 9552.52736
15.8000 16 9175.04
15.9000 16 9332.3264
16.0000 16 9709.81376
16.1000 16 9699.328
16.2000 16 9395.24096
16.3000 16 8860.4672
16.4000 16 9909.0432
16.5000 16 9374.26944
16.6000 16 9112.12544
16.7000 16 8996.78208
16.8000 16 8514.43712
16.9000 16 8797.55264
17.0000 16 10716.44672
17.1000 16 10234.10176
17.2000 16 9510.58432
17.3000 16 9489.6128
17.4000 16 9185.52576
17.5000 16 9500.09856
17.6000 16 8577.35168
17.7000 16 2894.06976
17.8000 16 1478.49216
17.9000 16 2191.52384
18.0000 16 9154.06848
18.1000 16 8367.63648
18.2000 16 7853.83424
18.3000 16 5620.36736
18.4000 16 7287.6032
18.5000 16 10213.13024
18.6000 16 11156.84864
18.7000 16 9730.78528
18.8000 16 9510.58432
18.9000 16 8797.55264
19.0000 16 8420.06528
19.1000 16 8409.57952
19.2000 16 5400.1664
19.3000 16 2778.7264
19.4000 16 1447.03488
19.5000 16 5253.36576
19.6000 16 6050.28352
19.7000 16 10517.21728
19.8000 16 10852.7616
19.9000 16 9940.50048
20.0000 16 9604.95616
20.1000 16 9279.8976
20.2000 16 9426.69824
20.3000 16 9405.72672
20.4000 16 9416.21248
20.5000 16 9342.81216
20.6000 16 9699.328
20.7000 16 8818.52416
20.8000 16 9751.7568
20.9000 16 9405.72672
21.0000 16 9510.58432
21.1000 16 9279.8976
21.2000 16 8231.3216
21.3000 16 8682.20928
21.4000 16 9122.6112
21.5000 16 6102.71232
21.6000 16 2852.12672
21.7000 16 1677.7216
21.8000 16 1006.63296
21.9000 16 2820.66944
22.0000 16 7906.26304
22.1000 16 10118.7584
22.2000 16 8996.78208
22.3000 16 7014.97344
22.4000 16 4697.62048
22.5000 16 9762.24256
22.6000 16 11523.85024
22.7000 16 9646.8992
22.8000 16 9615.44192
22.9000 16 9196.01152
23.0000 16 9583.98464
23.1000 16 9437.184
23.2000 16 9175.04
23.3000 16 9206.49728
23.4000 16 8745.12384
23.5000 16 8671.72352
23.6000 16 8965.3248
23.7000 16 6941.57312
23.8000 16 1006.63296
23.9000 16 1006.63296
24.0000 16 2013.26592
24.1000 16 5033.1648
24.2000 16 8787.06688
24.3000 16 10684.98944
24.4000 16 10349.44512
24.5000 16 9143.58272
24.6000 16 9730.78528
24.7000 16 8766.09536
24.8000 16 8933.86752
24.9000 16 9038.72512
25.0000 16 8493.4656
25.1000 16 1625.2928
25.2000 16 387.97312
25.3000 16 6606.0288
25.4000 16 8545.8944
25.5000 16 11450.44992
25.6000 16 9909.0432
25.7000 16 9384.7552
25.8000 16 9604.95616
25.9000 16 9594.4704
26.0000 16 9216.98304
26.1000 16 9657.38496
26.2000 16 9112.12544
26.3000 16 9353.29792
26.4000 16 8745.12384
26.5000 16 9940.50048
26.6000 16 9164.55424
26.7000 16 8378.12224
26.8000 16 9615.44192
26.9000 16 8136.94976
27.0000 16 8063.54944
27.1000 16 1226.83392
27.2000 16 702.54592
27.3000 16 2684.35456
27.4000 16 7350.51776
27.5000 16 7581.20448
27.6000 16 12499.02592
27.7000 16 9489.6128
27.8000 16 9175.04
27.9000 16 9237.95456
28.0000 16 8587.83744
28.1000 16 6280.97024
28.2000 16 1006.63296
28.3000 16 2663.38304
28.4000 16 608.17408
28.5000 16 3449.81504
28.6000 16 5127.53664
28.7000 16 10055.84384
28.8000 16 10622.07488
28.9000 16 10076.81536
29.0000 16 9479.12704
29.1000 16 9510.58432
29.2000 16 9321.84064
29.3000 16 9091.15392
29.4000 16 9384.7552
29.5000 16 9667.87072
29.6000 16 9479.12704
29.7000 16 9279.8976
29.8000 16 9332.3264
29.9000 16 8891.92448
30.0000 16 9636.41344
30.1000 16 9835.64288
30.2000 16 9510.58432
30.3000 16 9384.7552
30.4000 16 8870.95296
30.5000 16 8891.92448
30.6000 16 9070.1824
30.7000 16 9468.64128
30.8000 16 10632.56064
30.9000 16 8975.81056
31.0000 16 9814.67136
31.1000 16 9258.92608
31.2000 16 9258.92608
31.3000 16 8566.86592
31.4000 16 8608.80896
31.5000 16 5022.67904
31.6000 16 2013.26592
31.7000 16 3481.27232
31.8000 16 1342.17728
31.9000 16 5452.5952
32.0000 16 2212.49536
32.1000 16 9300.86912
32.2000 16 10129.24416
32.3000 16 9500.09856
32.4000 16 9426.69824
32.5000 16 9342.81216
32.6000 16 9332.3264
32.7000 16 9699.328
32.8000 16 9070.1824
32.9000 16 9594.4704
33.0000 16 9426.69824
33.1000 16 9269.41184
33.2000 16 9573.49888
33.3000 16 9447.66976
33.4000 16 7728.00512
33.5000 16 10171.1872
33.6000 16 10433.3312
33.7000 16 9437.184
33.8000 16 9227.4688
33.9000 16 9500.09856
34.0000 16 9489.6128
34.1000 16 9489.6128
34.2000 16 9206.49728
34.3000 16 9405.72672
34.4000 16 9521.07008
34.5000 16 8944.35328
34.6000 16 9814.67136
34.7000 16 9196.01152
34.8000 16 9133.09696
34.9000 16 8514.43712
35.0000 16 8147.43552
35.1000 16 4487.90528
35.2000 16 1342.17728
35.3000 16 2013.26592
35.4000 16 671.08864
35.5000 16 3827.3024
35.6000 16 4886.36416
35.7000 16 8336.1792
35.8000 16 11880.36608
35.9000 16 9877.58592
36.0000 16 9227.4688
36.1000 16 9038.72512
36.2000 16 9982.44352
36.3000 16 9237.95456
36.4000 16 9290.38336
36.5000 16 9709.81376
36.6000 16 9175.04
36.7000 16 9311.35488
36.8000 16 9573.49888
36.9000 16 9573.49888
37.0000 16 9332.3264
37.1000 16 9091.15392
37.2000 16 9521.07008
37.3000 16 9196.01152
37.4000 16 9814.67136
37.5000 16 9699.328
37.6000 16 9070.1824
37.7000 16 9510.58432
37.8000 16 9405.72672
37.9000 16 9237.95456
38.0000 16 8829.00992
38.1000 16 9405.72672
38.2000 16 9122.6112
38.3000 16 7790.91968
38.4000 16 3219.12832
38.5000 16 2013.26592
38.6000 16 1814.03648
38.7000 16 5200.93696
38.8000 16 6322.91328
38.9000 16 7507.80416
39.0000 16 7748.97664
39.1000 16 11083.44832
39.2000 16 11041.50528
39.3000 16 9133.09696
39.4000 16 9479.12704
39.5000 16 9300.86912
39.6000 16 9342.81216
39.7000 16 9646.8992
39.8000 16 8849.98144
39.9000 16 9521.07008
40.0000 16 8881.43872
40.1000 16 7696.54784
40.2000 16 3900.70272
40.3000 16 4823.4496
40.4000 16 7340.032
40.5000 16 11827.93728
40.6000 16 10307.50208
40.7000 16 9479.12704
40.8000 16 9363.78368
40.9000 16 9395.24096
41.0000 16 9363.78368
41.1000 16 9416.21248
41.2000 16 9416.21248
41.3000 16 9510.58432
41.4000 16 9258.92608
41.5000 16 9038.72512
41.6000 16 8682.20928
41.7000 16 6312.42752
41.8000 16 1530.92096
41.9000 16 6721.37216
42.0000 16 12289.31072
42.1000 16 9479.12704
42.2000 16 9846.12864
42.3000 16 9416.21248
42.4000 16 9311.35488
42.5000 16 9185.52576
42.6000 16 9542.0416
42.7000 16 9416.21248
42.8000 16 9206.49728
42.9000 16 9510.58432
43.0000 16 9531.55584
43.1000 16 8860.4672
43.2000 16 10139.72992
43.3000 16 8839.49568
43.4000 16 9332.3264
43.5000 16 9458.15552
43.6000 16 9311.35488
43.7000 16 8042.57792
43.8000 16 8304.72192
43.9000 16 4372.56192
44.0000 16 5358.22336
44.1000 16 1006.63296
44.2000 16 1006.63296
44.3000 16 3355.4432
44.4000 16 7696.54784
44.5000 16 10559.16032
44.6000 16 10380.9024
44.7000 16 9636.41344
44.8000 16 9521.07008
44.9000 16 9154.06848
45.0000 16 9667.87072
45.1000 16 9342.81216
45.2000 16 9489.6128
45.3000 16 8797.55264
45.4000 16 8671.72352
45.5000 16 9185.52576
45.6000 16 6847.20128
45.7000 16 5169.47968
45.8000 16 5882.51136
45.9000 16 12121.53856
46.0000 16 9363.78368
46.1000 16 9867.10016
46.2000 16 9258.92608
46.3000 16 9563.01312
46.4000 16 9175.04
46.5000 16 9542.0416
46.6000 16 9594.4704
46.7000 16 9175.04
46.8000 16 9594.4704
46.9000 16 9416.21248
47.0000 16 8975.81056
47.1000 16 9154.06848
47.2000 16 5567.93856
47.3000 16 8000.63488
47.4000 16 8388.608
47.5000 16 1814.03648
47.6000 16 671.08864
47.7000 16 1006.63296
47.8000 16 6543.11424
47.9000 16 6039.79776
48.0000 16 10118.7584
48.1000 16 11219.7632
48.2000 16 10108.27264
48.3000 16 9216.98304
48.4000 16 9604.95616
48.5000 16 9395.24096
48.6000 16 8787.06688
48.7000 16 9091.15392
48.8000 16 8524.92288
48.9000 16 5746.19648
49.0000 16 335.54432
49.1000 16 2275.40992
49.2000 16 10695.4752
49.3000 16 10286.53056
49.4000 16 10129.24416
49.5000 16 9615.44192
49.6000 16 9615.44192
49.7000 16 9479.12704
49.8000 16 9720.29952
49.9000 16 9122.6112
50.0000 16 9426.69824
50.1000 16 9542.0416
50.2000 16 9279.8976
50.3000 16 9542.0416
50.4000 16 9101.63968
50.5000 16 8923.38176
50.6000 16 10276.0448
50.7000 16 9175.04
50.8000 16 9374.26944
50.9000 16 9038.72512
51.0000 16 9374.26944
51.1000 16 9332.3264
51.2000 16 8933.86752
51.3000 16 8703.1808
51.4000 16 7895.77728
51.5000 16 4362.07616
51.6000 16 2013.26592
51.7000 16 1478.49216
51.8000 16 6018.82624
51.9000 16 5075.10784
52.0000 16 8273.26464
52.1000 16 6259.99872
52.2000 16 9919.52896
52.3000 16 10978.59072
52.4000 16 9667.87072
52.5000 16 9353.29792
52.6000 16 9458.15552
52.7000 16 9332.3264
52.8000 16 9479.12704
52.9000 16 9290.38336
53.0000 16 9311.35488
53.1000 16 9730.78528
53.2000 16 9175.04
53.3000 16 9269.41184
53.4000 16 9699.328
53.5000 16 9164.55424
53.6000 16 9636.41344
53.7000 16 9300.86912
53.8000 16 9646.8992
53.9000 16 8808.0384
54.0000 16 9416.21248
54.1000 16 9101.63968
54.2000 16 9604.95616
54.3000 16 8829.00992
54.4000 16 9122.6112
54.5000 16 8000.63488
54.6000 16 1866.46528
54.7000 16 671.08864
54.8000 16 671.08864
54.9000 16 671.08864
55.0000 16 2013.26592
55.1000 16 6071.25504
55.2000 16 5662.3104
55.3000 16 9657.38496
55.4000 16 11356.07808
55.5000 16 10087.30112
55.6000 16 9405.72672
55.7000 16 9510.58432
55.8000 16 9122.6112
55.9000 16 9625.92768
56.0000 16 9164.55424
56.1000 16 8399.09376
56.2000 16 8640.26624
56.3000 16 6438.25664
56.4000 16 41.94304
56.5000 16 3355.4432
56.6000 16 2663.38304
56.7000 16 11314.13504
56.8000 16 10338.95936
56.9000 16 9017.7536
57.0000 16 10003.41504
57.1000 16 9426.69824
57.2000 16 9185.52576
57.3000 16 9321.84064
57.4000 16 9594.4704
57.5000 16 9353.29792
57.6000 16 9657.38496
57.7000 16 9227.4688
57.8000 16 9164.55424
57.9000 16 9332.3264
58.0000 16 8671.72352
58.1000 16 8336.1792
58.2000 16 7486.83264
58.3000 16 167.77216
58.4000 16 1677.7216
58.5000 16 0.0
58.6000 16 5704.25344
58.7000 16 9070.1824
58.8000 16 11639.1936
58.9000 16 9468.64128
59.0000 16 9426.69824
59.1000 16 9405.72672
59.2000 16 9489.6128
59.3000 16 9363.78368
59.4000 16 9416.21248
59.5000 16 8965.3248
59.6000 16 7570.71872
59.7000 16 6606.0288
59.8000 16 5693.76768
59.9000 16 9374.26944
60.0000 16 10768.87552
60.1000 16 9730.78528
60.2000 16 9248.44032
60.3000 16 9363.78368
60.4000 16 9342.81216
60.5000 16 9458.15552
60.6000 16 9667.87072
60.7000 16 9227.4688
60.8000 16 9636.41344
60.9000 16 9080.66816
61.0000 16 9458.15552
61.1000 16 9500.09856
61.2000 16 7728.00512
61.3000 16 8210.35008
61.4000 16 4351.5904
61.5000 16 4120.90368
61.6000 16 2516.5824
61.7000 16 1342.17728
61.8000 16 1342.17728
61.9000 16 1950.35136
62.0000 16 5599.39584
62.1000 16 9468.64128
62.2000 16 11597.25056
62.3000 16 9835.64288
62.4000 16 9143.58272
62.5000 16 9290.38336
62.6000 16 9353.29792
62.7000 16 9237.95456
62.8000 16 9646.8992
62.9000 16 9468.64128
63.0000 16 9510.58432
63.1000 16 9604.95616
63.2000 16 9206.49728
63.3000 16 9374.26944
63.4000 16 9521.07008
63.5000 16 9531.55584
63.6000 16 8860.4672
63.7000 16 9248.44032
63.8000 16 8881.43872
63.9000 16 6197.08416
64.0000 16 1992.2944
64.1000 16 671.08864
64.2000 16 3261.07136
64.3000 16 9133.09696
64.4000 16 8451.52256
64.5000 16 11387.53536
64.6000 16 10307.50208
64.7000 16 9604.95616
64.8000 16 8975.81056
64.9000 16 9227.4688
65.0000 16 9353.29792
65.1000 16 9741.27104
65.2000 16 9615.44192
65.3000 16 9363.78368
65.4000 16 9405.72672
65.5000 16 9489.6128
65.6000 16 8692.69504
65.7000 16 8441.0368
65.8000 16 8839.49568
65.9000 16 9248.44032
66.0000 16 5274.33728
66.1000 16 167.77216
66.2000 16 671.08864
66.3000 16 2747.26912
66.4000 16 3963.61728
66.5000 16 10538.1888
66.6000 16 10664.01792
66.7000 16 9762.24256
66.8000 16 8388.608
66.9000 16 8262.77888
67.0000 16 5043.65056
67.1000 16 4603.24864
67.2000 16 1772.09344
67.3000 16 4026.53184
67.4000 16 1509.94944
67.5000 16 9206.49728
67.6000 16 11051.99104
67.7000 16 9374.26944
67.8000 16 9804.1856
67.9000 16 8996.78208
68.0000 16 9814.67136
68.1000 16 9279.8976
68.2000 16 9175.04
68.3000 16 9709.81376
68.4000 16 9374.26944
68.5000 16 9353.29792
68.6000 16 9258.92608
68.7000 16 9510.58432
68.8000 16 9374.26944
68.9000 16 8587.83744
69.0000 16 8273.26464
69.1000 16 8430.55104
69.2000 16 2820.66944
69.3000 16 335.54432
69.4000 16 2013.26592
69.5000 16 335.54432
69.6000 16 4362.07616
69.7000 16 5641.33888
69.8000 16 11607.73632
69.9000 16 9458.15552
70.0000 16 9835.64288
70.1000 16 9510.58432
70.2000 16 9426.69824
70.3000 16 9636.41344
70.4000 16 9311.35488
70.5000 16 9154.06848
70.6000 16 9143.58272
70.7000 16 8870.95296
70.8000 16 8199.86432
70.9000 16 5767.168
71.0000 16 1793.06496
71.1000 16 1677.7216
71.2000 16 6039.79776
71.3000 16 10192.15872
71.4000 16 11083.44832
71.5000 16 9961.472
71.6000 16 9091.15392
71.7000 16 9709.81376
71.8000 16 9175.04
71.9000 16 9468.64128
72.0000 16 9479.12704
72.1000 16 9437.184
72.2000 16 9363.78368
72.3000 16 9395.24096
72.4000 16 7927.23456
72.5000 16 7895.77728
72.6000 16 3512.7296
72.7000 16 1342.17728
72.8000 16 1006.63296
72.9000 16 3355.4432
73.0000 16 335.54432
73.1000 16 1342.17728
73.2000 16 6532.62848
73.3000 16 9395.24096
73.4000 16 10632.56064
73.5000 16 10181.67296
73.6000 16 9311.35488
73.7000 16 9154.06848
73.8000 16 9300.86912
73.9000 16 9573.49888
74.0000 16 8755.6096
74.1000 16 7465.86112
74.2000 16 6375.34208
74.3000 16 1342.17728
74.4000 16 4771.0208
74.5000 16 9374.26944
74.6000 16 10758.38976
74.7000 16 10412.35968
74.8000 16 9615.44192
74.9000 16 9279.8976
75.0000 16 9458.15552
75.1000 16 9321.84064
75.2000 16 9583.98464
75.3000 16 9091.15392
75.4000 16 9531.55584
75.5000 16 9112.12544
75.6000 16 9112.12544
75.7000 16 9300.86912
75.8000 16 8000.63488
75.9000 16 8944.35328
76.0000 16 1520.4352
76.1000 16 1342.17728
76.2000 16 0.0
76.3000 16 3544.18688
76.4000 16 5840.56832
76.5000 16 8713.66656
76.6000 16 11387.53536
76.7000 16 9363.78368
76.8000 16 8881.43872
76.9000 16 8587.83744
77.0000 16 8199.86432
77.1000 16 3670.016
77.2000 16 1342.17728
77.3000 16 2684.35456
77.4000 16 5955.91168
77.5000 16 10852.7616
77.6000 16 10297.01632
77.7000 16 10244.58752
77.8000 16 8923.38176
77.9000 16 9279.8976
78.0000 16 9573.49888
78.1000 16 9342.81216
78.2000 16 9846.12864
78.3000 16 9363.78368
78.4000 16 9237.95456
78.5000 16 9405.72672
78.6000 16 9846.12864
78.7000 16 8965.3248
78.8000 16 9206.49728
78.9000 16 8870.95296
79.0000 16 8870.95296
79.1000 16 9164.55424
79.2000 16 7077.888
79.3000 16 450.88768
79.4000 16 933.23264
79.5000 16 3397.38624
79.6000 16 2799.69792
79.7000 16 2348.81024
79.8000 16 2181.03808
79.9000 16 6973.0304
80.0000 16 10800.3328
80.1000 16 9814.67136
80.2000 16 9982.44352
80.3000 16 9416.21248
80.4000 16 9521.07008
80.5000 16 9405.72672
80.6000 16 9542.0416
80.7000 16 9384.7552
80.8000 16 9164.55424
80.9000 16 8514.43712
81.0000 16 10590.6176
81.1000 16 9091.15392
81.2000 16 9216.98304
81.3000 16 9542.0416
81.4000 16 9699.328
81.5000 16 9258.92608
81.6000 16 9416.21248
81.7000 16 9699.328
81.8000 16 9248.44032
81.9000 16 9458.15552
82.0000 16 9405.72672
82.1000 16 8881.43872
82.2000 16 8965.3248
82.3000 16 9248.44032
82.4000 16 9625.92768
82.5000 16 10139.72992
82.6000 16 9625.92768
82.7000 16 9112.12544
82.8000 16 8577.35168
82.9000 16 9080.66816
83.0000 16 11020.53376
83.1000 16 9447.66976
83.2000 16 8986.29632
83.3000 16 9059.69664
83.4000 16 8503.95136
83.5000 16 8818.52416
83.6000 16 7350.51776
83.7000 16 503.31648
83.8000 16 1342.17728
83.9000 16 2348.81024
84.0000 16 2002.78016
84.1000 16 10.48576
84.2000 16 5704.25344
84.3000 16 3397.38624
84.4000 16 8766.09536
84.5000 16 10716.44672
84.6000 16 10590.6176
84.7000 16 9321.84064
84.8000 16 9583.98464
84.9000 16 9342.81216
85.0000 16 9510.58432
85.1000 16 9248.44032
85.2000 16 9164.55424
85.3000 16 9080.66816
85.4000 16 9216.98304
85.5000 16 8021.6064
85.6000 16 6469.71392
85.7000 16 1006.63296
85.8000 16 838.8608
85.9000 16 1342.17728
86.0000 16 3690.98752
86.1000 16 7654.6048
86.2000 16 12184.45312
86.3000 16 9604.95616
86.4000 16 9164.55424
86.5000 16 9699.328
86.6000 16 9321.84064
86.7000 16 9500.09856
86.8000 16 9521.07008
86.9000 16 9290.38336
87.0000 16 9405.72672
87.1000 16 9342.81216
87.2000 16 9154.06848
87.3000 16 8524.92288
87.4000 16 7476.34688
87.5000 16 5064.62208
87.6000 16 335.54432
87.7000 16 31.45728
87.8000 16 335.54432
87.9000 16 1006.63296
88.0000 16 6637.48608
88.1000 16 9992.92928
88.2000 16 10580.13184
88.3000 16 10276.0448
88.4000 16 9636.41344
88.5000 16 9028.23936
88.6000 16 9751.7568
88.7000 16 9080.66816
88.8000 16 9814.67136
88.9000 16 9070.1824
89.0000 16 9227.4688
89.1000 16 9384.7552
89.2000 16 9636.41344
89.3000 16 9489.6128
89.4000 16 8136.94976
89.5000 16 8283.7504
89.6000 16 4341.10464
89.7000 16 1782.5792
89.8000 16 2160.06656
89.9000 16 335.54432
90.0000 16 450.88768
90.1000 16 5200.93696
90.2000 16 6721.37216
90.3000 16 10726.93248
90.4000 16 9867.10016
90.5000 16 9856.6144
90.6000 16 9730.78528
90.7000 16 9216.98304
90.8000 16 9531.55584
90.9000 16 9384.7552
91.0000 16 9594.4704
91.1000 16 9552.52736
91.2000 16 9468.64128
91.3000 16 9112.12544
91.4000 16 9437.184
91.5000 16 9479.12704
91.6000 16 8965.3248
91.7000 16 8315.20768
91.8000 16 9416.21248
91.9000 16 8482.97984
92.0000 16 6857.68704
92.1000 16 335.54432
92.2000 16 104.8576
92.3000 16 1656.75008
92.4000 16 6406.79936
92.5000 16 5683.28192
92.6000 16 9846.12864
92.7000 16 11544.82176
92.8000 16 9720.29952
92.9000 16 9227.4688
93.0000 16 9521.07008
93.1000 16 9279.8976
93.2000 16 8608.80896
93.3000 16 9604.95616
93.4000 16 9164.55424
93.5000 16 9751.7568
93.6000 16 7885.29152
93.7000 16 3879.7312
93.8000 16 1887.4368
93.9000 16 5872.0256
94.0000 16 8923.38176
94.1000 16 10989.07648
94.2000 16 9227.4688
94.3000 16 9604.95616
94.4000 16 9384.7552
94.5000 16 9290.38336
94.6000 16 9479.12704
94.7000 16 9405.72672
94.8000 16 9321.84064
94.9000 16 9783.21408
95.0000 16 8986.29632
95.1000 16 9269.41184
95.2000 16 9363.78368
95.3000 16 9216.98304
95.4000 16 9793.69984
95.5000 16 8860.4672
95.6000 16 9846.12864
95.7000 16 9730.78528
95.8000 16 9437.184
95.9000 16 9196.01152
96.0000 16 9573.49888
96.1000 16 9342.81216
96.2000 16 9521.07008
96.3000 16 8524.92288
96.4000 16 9049.21088
96.5000 16 9992.92928
96.6000 16 9961.472
96.7000 16 9353.29792
96.8000 16 9741.27104
96.9000 16 9258.92608
97.0000 16 9500.09856
97.1000 16 9646.8992
97.2000 16 9080.66816
97.3000 16 9300.86912
97.4000 16 9625.92768
97.5000 16 8388.608
97.6000 16 9416.21248
97.7000 16 10454.30272
97.8000 16 9332.3264
97.9000 16 9699.328
98.0000 16 9300.86912
98.1000 16 9500.09856
98.2000 16 9489.6128
98.3000 16 9416.21248
98.4000 16 9405.72672
98.5000 16 9143.58272
98.6000 16 9237.95456
98.7000 16 9374.26944
98.8000 16 8336.1792
98.9000 16 6847.20128
99.0000 16 1006.63296
99.1000 16 1174.40512
99.2000 16 2789.21216
99.3000 16 2222.98112
99.4000 16 7308.57472
99.5000 16 9971.95776
99.6000 16 10527.70304
99.7000 16 9416.21248
99.8000 16 9940.50048
99.9000 16 9112.12544
100.0000 16 9426.69824
100.1000 16 9374.26944
100.2000 16 9416.21248
100.3000 16 9332.3264
100.4000 16 9604.95616
100.5000 16 9353.29792
100.6000 16 9363.78368
100.7000 16 8986.29632
100.8000 16 9762.24256
100.9000 16 9552.52736
101.0000 16 9133.09696
101.1000 16 9604.95616
101.2000 16 9772.72832
101.3000 16 9185.52576
101.4000 16 9384.7552
101.5000 16 9185.52576
101.6000 16 9615.44192
101.7000 16 9447.66976
101.8000 16 9101.63968
101.9000 16 9405.72672
102.0000 16 8462.00832
102.1000 16 6564.08576
102.2000 16 1111.49056
102.3000 16 62.91456
102.4000 16 335.54432
102.5000 16 671.08864
102.6000 16 4875.8784
102.7000 16 9489.6128
102.8000 16 9804.1856
102.9000 16 7182.7456
103.0000 16 3019.89888
103.1000 16 4865.39264
103.2000 16 2181.03808
103.3000 16 4362.07616
103.4000 16 0.0
103.5000 16 1845.49376
103.6000 16 5872.0256
103.7000 16 10328.4736
103.8000 16 10317.98784
103.9000 16 9699.328
104.0000 16 9667.87072
104.1000 16 9248.44032
104.2000 16 9248.44032
104.3000 16 9405.72672
104.4000 16 9112.12544
104.5000 16 9751.7568
104.6000 16 9384.7552
104.7000 16 9646.8992
104.8000 16 9321.84064
104.9000 16 9395.24096
105.0000 16 9416.21248
105.1000 16 9479.12704
105.2000 16 9500.09856
105.3000 16 9384.7552
105.4000 16 9237.95456
105.5000 16 9688.84224
105.6000 16 8755.6096
105.7000 16 8388.608
105.8000 16 8703.1808
105.9000 16 8734.63808
106.0000 16 4645.19168
106.1000 16 671.08864
106.2000 16 335.54432
106.3000 16 167.77216
