1 1 0.0
2 2 1171.0
3 3 4125.0
4 4 3639.0
5 5 3360.0
6 6 3192.0
7 7 3264.0
8 8 3383.0
9 9 3744.0
10 10 4275.0
11 11 4186.0
12 12 3851.0
13 13 3789.0
14 14 4335.0
15 15 4122.0
16 16 3629.0
17 17 3892.0
18 18 3183.0
19 19 3403.0
20 20 3527.0
21 21 3255.0
22 22 3240.0
23 23 3289.0
24 24 3415.0
25 25 3144.0
26 26 1934.0
27 27 2315.0
28 28 2310.0
29 29 3702.0
30 30 3366.0
31 31 3415.0
32 32 3510.0
33 33 3751.0
34 34 4378.0
35 35 3758.0
36 36 3321.0
37 37 3250.0
38 38 3480.0
39 39 3181.0
40 40 3490.0
41 41 3288.0
42 42 3307.0
43 43 3480.0
44 44 3179.0
45 45 3792.0
46 46 3976.0
47 47 3628.0
48 48 3177.0
49 49 3485.0
50 50 4131.0
51 51 4334.0
52 52 4179.0
53 53 4344.0
54 54 4164.0
55 55 3592.0
56 56 3397.0
57 57 2533.0
58 58 3910.0
59 59 4379.0
60 60 3589.0
61 61 3244.0
62 62 3561.0
63 63 4301.0
64 64 4322.0
65 65 4391.0
66 66 3835.0
67 67 3437.0
68 68 3202.0
69 69 3890.0
70 70 3689.0
71 71 3442.0
72 72 3503.0
73 73 3644.0
74 74 4303.0
75 75 1838.0
