1 2 0.0
2 2 3422.0
3 2 6845.0
4 2 6546.0
5 2 7467.0
6 2 8085.0
7 2 2364.0
8 2 5656.0
9 2 6498.0
10 2 6114.0
11 2 6462.0
12 2 6482.0
13 2 5328.0
14 2 6214.0
15 2 5404.0
16 2 8556.0
17 2 5840.0
18 2 4551.0
19 2 5855.0
20 2 5075.0
21 2 5402.0
22 2 8213.0
23 2 5066.0
24 2 5032.0
25 2 3876.0
26 2 5162.0
27 2 4970.0
28 2 7302.0
29 2 5736.0
30 2 3122.0
31 2 5845.0
32 2 4449.0
33 2 3528.0
34 2 7008.0
35 2 7142.0
36 2 2124.0
37 2 6396.0
38 2 7550.0
39 2 2147.0
40 2 5721.0
41 2 8367.0
42 2 2729.0
43 2 5200.0
44 2 8608.0
45 2 2318.0
46 2 2147.0
47 2 9053.0
48 2 4944.0
49 2 4316.0
50 2 4456.0
51 2 5676.0
52 2 2742.0
53 2 7633.0
54 2 6496.0
55 2 5755.0
56 2 5570.0
57 2 5032.0
58 2 2559.0
59 2 4515.0
60 2 8862.0
61 2 3401.0
62 2 5840.0
63 2 7619.0
64 2 2771.0
65 2 4588.0
66 2 6901.0
67 2 5262.0
68 2 7290.0
69 2 6618.0
70 2 2734.0
71 2 2801.0
72 2 4462.0
73 2 6122.0
74 2 6057.0
75 2 6808.0
76 2 3937.0
77 2 4894.0
78 2 6652.0
79 2 4232.0
80 2 4188.0
81 2 6231.0
82 2 6421.0
83 2 2893.0
84 2 8460.0
85 2 4746.0
86 2 2243.0
87 2 6290.0
88 2 5872.0
89 2 2459.0
90 2 6383.0
91 2 7069.0
92 2 2760.0
93 2 5178.0
94 2 7067.0
95 2 3909.0
96 2 1132.0
97 2 6924.0
98 2 7724.0
99 2 1432.0
100 2 5070.0
101 2 8416.0
102 2 2111.0
103 2 1907.0
104 2 6487.0
105 2 8302.0
106 2 4109.0
107 2 8085.0
108 2 4220.0
109 2 2902.0
110 2 7236.0
111 2 6125.0
112 2 3301.0
113 2 7631.0
114 2 5601.0
115 2 3701.0
116 2 9318.0
117 2 4370.0
118 2 7877.0
119 2 5392.0
120 2 3113.0
121 2 4766.0
122 2 9006.0
123 2 3751.0
124 2 5138.0
125 2 7095.0
126 2 3306.0
127 2 8137.0
128 2 6796.0
129 2 3094.0
130 2 7639.0
131 2 5731.0
132 2 3888.0
133 2 7888.0
134 2 5442.0
135 2 5251.0
136 2 6620.0
137 2 3774.0
138 2 3588.0
139 2 7719.0
140 2 5778.0
141 2 4539.0
142 2 4870.0
143 2 5858.0
144 2 5722.0
145 2 6055.0
146 2 5975.0
147 2 7592.0
148 2 4447.0
149 2 3494.0
150 2 7306.0
151 2 7031.0
152 2 1452.0
