1 2 0.0
2 2 1672.0
3 2 72.0
4 2 486.0
5 2 891.0
6 2 1457.0
7 2 2008.0
8 2 1884.0
9 2 3665.0
10 2 1880.0
11 2 3274.0
12 2 763.0
13 2 743.0
14 2 620.0
15 2 1224.0
16 2 1006.0
17 2 3774.0
18 2 2315.0
19 2 1392.0
20 2 2336.0
21 2 2101.0
22 2 436.0
23 2 1543.0
24 2 2645.0
25 2 3934.0
26 2 2321.0
27 2 1803.0
28 2 2684.0
29 2 793.0
30 2 689.0
31 2 1323.0
32 2 2667.0
33 2 2334.0
34 2 1536.0
35 2 3869.0
36 2 1209.0
37 2 2361.0
38 2 1029.0
39 2 4511.0
40 2 1056.0
41 2 1573.0
42 2 3962.0
43 2 2013.0
44 2 1527.0
45 2 1816.0
46 2 943.0
47 2 2408.0
48 2 3087.0
49 2 1914.0
50 2 3291.0
51 2 1254.0
52 2 3862.0
53 2 1296.0
54 2 2030.0
55 2 2164.0
56 2 2147.0
57 2 1827.0
58 2 2092.0
59 2 3637.0
60 2 1008.0
61 2 570.0
62 2 1107.0
63 2 704.0
64 2 2399.0
65 2 3672.0
66 2 3476.0
67 2 2635.0
68 2 759.0
69 2 1367.0
70 2 661.0
71 2 3532.0
72 2 1045.0
73 2 2919.0
74 2 2650.0
75 2 3041.0
76 2 1288.0
77 2 545.0
78 2 1375.0
79 2 2214.0
80 2 1143.0
81 2 1001.0
82 2 4991.0
83 2 3131.0
84 2 1636.0
85 2 201.0
86 2 268.0
87 2 838.0
88 2 1050.0
89 2 2606.0
90 2 2501.0
91 2 3165.0
92 2 2214.0
93 2 3201.0
94 2 1656.0
95 2 771.0
96 2 1174.0
97 2 2113.0
98 2 2684.0
99 2 1763.0
100 2 1556.0
101 2 3221.0
102 2 1955.0
103 2 134.0
104 2 536.0
105 2 1476.0
106 2 2449.0
107 2 1846.0
108 2 2750.0
109 2 2583.0
110 2 2281.0
111 2 2206.0
112 2 2014.0
113 2 358.0
114 2 714.0
115 2 2181.0
116 2 1764.0
117 2 2731.0
118 2 2650.0
119 2 2592.0
120 2 2131.0
121 2 335.0
122 2 905.0
123 2 1979.0
124 2 2852.0
125 2 2281.0
126 2 2852.0
127 2 2281.0
128 2 2470.0
129 2 491.0
130 2 504.0
131 2 1123.0
132 2 2526.0
133 2 2976.0
134 2 1744.0
135 2 1409.0
136 2 481.0
137 2 5289.0
138 2 4114.0
139 2 927.0
140 2 546.0
141 2 1097.0
142 2 1879.0
143 2 2617.0
144 2 2554.0
145 2 1889.0
146 2 1376.0
147 2 2419.0
148 2 2807.0
149 2 1426.0
150 2 1062.0
151 2 2424.0
152 2 2617.0
153 2 3460.0
154 2 1246.0
155 2 335.0
156 2 385.0
157 2 1040.0
158 2 1803.0
159 2 919.0
160 2 3335.0
161 2 742.0
162 2 3538.0
163 2 2008.0
164 2 123.0
165 2 234.0
166 2 171.0
167 2 801.0
168 2 1912.0
169 2 1509.0
170 2 3068.0
171 2 658.0
172 2 3652.0
173 2 1702.0
174 2 2560.0
175 2 845.0
176 2 373.0
177 2 1639.0
178 2 2109.0
179 2 3330.0
180 2 2918.0
181 2 816.0
182 2 3393.0
183 2 1213.0
184 2 402.0
185 2 1202.0
186 2 2454.0
187 2 914.0
188 2 4387.0
189 2 2885.0
190 2 2756.0
191 2 1470.0
192 2 731.0
193 2 687.0
194 2 905.0
195 2 1189.0
196 2 4444.0
197 2 2786.0
198 2 3037.0
199 2 2789.0
200 2 785.0
201 2 693.0
202 2 2675.0
203 2 2723.0
204 2 2277.0
205 2 1580.0
206 2 1378.0
207 2 2183.0
208 2 1774.0
209 2 528.0
210 2 1133.0
211 2 1145.0
212 2 3289.0
213 2 1895.0
214 2 2785.0
215 2 2867.0
216 2 1549.0
217 2 2260.0
218 2 1166.0
219 2 433.0
220 2 1176.0
221 2 1928.0
222 2 2635.0
223 2 2348.0
224 2 2323.0
225 2 2983.0
226 2 913.0
227 2 667.0
228 2 1728.0
229 2 2951.0
230 2 3782.0
231 2 2019.0
232 2 3394.0
233 2 1517.0
234 2 369.0
235 2 805.0
236 2 1435.0
237 2 3160.0
238 2 1096.0
239 2 2307.0
240 2 3202.0
241 2 1818.0
242 2 1812.0
243 2 273.0
244 2 352.0
245 2 1435.0
246 2 1951.0
247 2 3702.0
248 2 2907.0
249 2 2675.0
250 2 1818.0
251 2 1267.0
252 2 234.0
253 2 704.0
254 2 1610.0
255 2 1442.0
256 2 4999.0
257 2 3388.0
258 2 2382.0
259 2 1594.0
260 2 6333.0
261 2 226.0
262 2 1264.0
263 2 1946.0
264 2 2684.0
265 2 2866.0
266 2 2243.0
267 2 486.0
268 2 1753.0
269 2 1736.0
270 2 3306.0
271 2 1430.0
272 2 3014.0
273 2 3369.0
274 2 850.0
275 2 1140.0
276 2 2112.0
277 2 3556.0
278 2 2550.0
279 2 2751.0
280 2 2638.0
281 2 918.0
282 2 730.0
283 2 2268.0
284 2 3351.0
285 2 2298.0
286 2 2081.0
287 2 3342.0
288 2 2236.0
289 2 620.0
290 2 1509.0
291 2 2678.0
292 2 3361.0
293 2 2080.0
294 2 2689.0
295 2 3586.0
296 2 2441.0
297 2 787.0
298 2 3794.0
299 2 4761.0
300 2 2571.0
301 2 1465.0
302 2 2229.0
303 2 2684.0
304 2 2594.0
305 2 2808.0
306 2 2810.0
307 2 3675.0
308 2 725.0
309 2 2241.0
310 2 2299.0
311 2 2403.0
312 2 2630.0
313 2 3284.0
314 2 4703.0
315 2 743.0
316 2 1040.0
317 2 1627.0
318 2 2643.0
319 2 2322.0
320 2 2919.0
321 2 2202.0
322 2 1239.0
323 2 341.0
324 2 1543.0
325 2 2415.0
326 2 3390.0
327 2 2750.0
328 2 2348.0
329 2 2411.0
330 2 1742.0
331 2 341.0
332 2 729.0
333 2 1342.0
334 2 3163.0
335 2 4017.0
336 2 1946.0
337 2 1504.0
338 2 2326.0
339 2 354.0
340 2 1006.0
341 2 2133.0
342 2 2402.0
343 2 2431.0
344 2 3030.0
345 2 4087.0
346 2 3186.0
347 2 248.0
348 2 651.0
349 2 2021.0
350 2 3738.0
351 2 2386.0
352 2 1968.0
353 2 3254.0
354 2 487.0
355 2 1241.0
356 2 2214.0
357 2 1405.0
358 2 3224.0
359 2 2337.0
360 2 3074.0
361 2 2414.0
362 2 100.0
363 2 1073.0
364 2 2160.0
365 2 4293.0
366 2 3024.0
367 2 2550.0
368 2 3142.0
369 2 268.0
370 2 805.0
371 2 2952.0
372 2 2527.0
373 2 3530.0
374 2 2586.0
375 2 3268.0
376 2 541.0
377 2 301.0
378 2 1375.0
379 2 2181.0
380 2 3690.0
381 2 2113.0
382 2 657.0
383 2 3563.0
384 2 2364.0
385 2 234.0
386 2 654.0
387 2 1191.0
388 2 3682.0
389 2 3547.0
390 2 3372.0
391 2 2864.0
392 2 5047.0
393 2 218.0
394 2 469.0
395 2 939.0
396 2 2717.0
397 2 2080.0
398 2 1775.0
399 2 1728.0
400 2 2826.0
401 2 606.0
402 2 1224.0
403 2 1476.0
404 2 2382.0
405 2 1123.0
406 2 3574.0
407 2 2689.0
408 2 1924.0
409 2 578.0
