1 2 0.0
2 2 5954.0
3 2 6587.0
4 2 6317.0
5 2 7521.0
6 2 6538.0
7 2 5651.0
8 2 5570.0
9 2 5281.0
10 2 5314.0
11 2 8897.0
12 2 4192.0
13 2 7051.0
14 2 3343.0
15 2 3980.0
16 2 4755.0
17 2 7975.0
18 2 4903.0
19 2 4954.0
20 2 6090.0
21 2 4874.0
22 2 5916.0
23 2 7023.0
24 2 3796.0
25 2 2650.0
26 2 6677.0
27 2 3382.0
28 2 5232.0
29 2 6223.0
30 2 5960.0
31 2 4584.0
32 2 3706.0
33 2 4757.0
34 2 7834.0
35 2 5269.0
36 2 1818.0
37 2 3569.0
38 2 4232.0
39 2 3869.0
40 2 1825.0
41 2 2004.0
42 2 2854.0
43 2 6974.0
44 2 3157.0
45 2 3091.0
46 2 4212.0
47 2 6001.0
48 2 6485.0
49 2 6791.0
50 2 5885.0
51 2 4773.0
52 2 6266.0
53 2 5770.0
54 2 6857.0
55 2 8258.0
56 2 4459.0
57 2 5291.0
58 2 4764.0
59 2 5983.0
60 2 7059.0
61 2 5783.0
62 2 5104.0
63 2 5951.0
64 2 6115.0
65 2 5852.0
66 2 9344.0
67 2 3857.0
68 2 7823.0
69 2 6546.0
70 2 2629.0
71 2 9308.0
72 2 6736.0
73 2 8563.0
74 2 7087.0
75 2 5256.0
76 2 6512.0
77 2 4846.0
78 2 8952.0
79 2 7293.0
80 2 5987.0
81 2 7885.0
82 2 4762.0
83 2 5345.0
84 2 6909.0
85 2 7024.0
86 2 8118.0
87 2 3266.0
88 2 4630.0
89 2 8672.0
90 2 5254.0
91 2 7131.0
92 2 6922.0
93 2 3774.0
94 2 7147.0
95 2 5478.0
96 2 4335.0
97 2 8361.0
98 2 6256.0
99 2 8799.0
100 2 5161.0
101 2 5833.0
102 2 9191.0
103 2 2381.0
104 2 7869.0
105 2 6985.0
106 2 5350.0
107 2 6697.0
108 2 3186.0
109 2 2771.0
110 2 7346.0
111 2 7660.0
112 2 4550.0
113 2 7780.0
114 2 3884.0
115 2 4202.0
116 2 7852.0
117 2 4577.0
118 2 4567.0
119 2 8449.0
120 2 5428.0
121 2 5450.0
122 2 8701.0
123 2 2485.0
124 2 4659.0
125 2 6994.0
126 2 5289.0
127 2 7202.0
128 2 6184.0
129 2 5390.0
130 2 6068.0
131 2 4740.0
132 2 5133.0
133 2 5774.0
134 2 5909.0
135 2 6235.0
136 2 9042.0
137 2 1306.0
138 2 5402.0
139 2 7416.0
140 2 4875.0
141 2 8717.0
142 2 5628.0
143 2 2634.0
144 2 5457.0
