1 2 0.0
2 2 6739.0
3 2 9360.0
4 2 7394.0
5 2 9420.0
6 2 7649.0
7 2 9104.0
8 2 8697.0
9 2 8027.0
10 2 8160.0
11 2 8377.0
12 2 8022.0
13 2 8220.0
14 2 9049.0
15 2 7769.0
16 2 8126.0
17 2 7884.0
18 2 8481.0
19 2 8126.0
20 2 9010.0
21 2 8104.0
22 2 8247.0
23 2 7660.0
24 2 9374.0
25 2 8270.0
26 2 9353.0
27 2 7330.0
28 2 8931.0
29 2 7363.0
30 2 9421.0
31 2 7021.0
32 2 9382.0
33 2 7089.0
34 2 9040.0
35 2 8244.0
36 2 8739.0
37 2 8755.0
38 2 9191.0
39 2 8938.0
40 2 9140.0
41 2 9001.0
42 2 8618.0
43 2 8804.0
44 2 8935.0
45 2 8504.0
46 2 8591.0
47 2 8569.0
48 2 8725.0
49 2 8286.0
50 2 9045.0
51 2 8134.0
52 2 8789.0
53 2 8819.0
54 2 9020.0
55 2 8952.0
56 2 9242.0
57 2 8496.0
58 2 8900.0
59 2 8427.0
60 2 9151.0
61 2 9117.0
62 2 8545.0
63 2 9031.0
64 2 7730.0
65 2 9072.0
66 2 8522.0
67 2 8733.0
68 2 8799.0
69 2 9323.0
70 2 9005.0
71 2 9341.0
72 2 8500.0
73 2 7642.0
74 2 8799.0
75 2 8270.0
76 2 8757.0
77 2 9039.0
78 2 7919.0
79 2 8593.0
80 2 7896.0
81 2 9330.0
82 2 8352.0
83 2 9366.0
84 2 7590.0
85 2 9243.0
86 2 8401.0
87 2 9349.0
88 2 8595.0
89 2 8542.0
90 2 8900.0
91 2 8913.0
92 2 9130.0
93 2 8690.0
94 2 8846.0
95 2 8706.0
96 2 8470.0
97 2 3751.0
