1 2 0.0
2 2 6307.0
3 2 9424.0
4 2 7053.0
5 2 9404.0
6 2 8138.0
7 2 9294.0
8 2 7474.0
9 2 9202.0
10 2 6545.0
11 2 9339.0
12 2 6619.0
13 2 9396.0
14 2 8471.0
15 2 8560.0
16 2 7838.0
17 2 9172.0
18 2 8036.0
19 2 8049.0
20 2 7394.0
21 2 8949.0
22 2 8319.0
23 2 8442.0
24 2 8854.0
25 2 8388.0
26 2 8903.0
27 2 7528.0
28 2 9191.0
29 2 7743.0
30 2 9434.0
31 2 7615.0
32 2 9410.0
33 2 7820.0
34 2 9416.0
35 2 6919.0
36 2 9415.0
37 2 6588.0
38 2 9407.0
39 2 7451.0
40 2 9283.0
41 2 7716.0
42 2 9307.0
43 2 7215.0
44 2 9419.0
45 2 7789.0
46 2 9388.0
47 2 8609.0
48 2 9367.0
49 2 8621.0
50 2 9160.0
51 2 8223.0
52 2 9176.0
53 2 9064.0
54 2 8991.0
55 2 8483.0
56 2 8838.0
57 2 7969.0
58 2 9234.0
59 2 8749.0
60 2 7763.0
61 2 8174.0
62 2 9182.0
63 2 4786.0
64 2 6424.0
65 2 5494.0
66 2 6213.0
67 2 9338.0
68 2 6912.0
69 2 7117.0
70 2 8319.0
71 2 8938.0
72 2 7622.0
73 2 9239.0
74 2 6208.0
75 2 8288.0
76 2 8619.0
77 2 8167.0
78 2 6972.0
79 2 9002.0
80 2 6534.0
81 2 6156.0
82 2 6463.0
83 2 6700.0
84 2 8471.0
85 2 8345.0
86 2 7615.0
87 2 8896.0
88 2 7958.0
89 2 8421.0
90 2 8654.0
91 2 7429.0
92 2 9146.0
93 2 7025.0
94 2 8674.0
95 2 7968.0
96 2 9343.0
97 2 6914.0
98 2 9272.0
99 2 7457.0
100 2 9370.0
101 2 6257.0
102 2 3022.0
