1 2 0.0
2 2 704.0
3 2 2010.0
4 2 3725.0
5 2 3164.0
6 2 2381.0
7 2 2867.0
8 2 1877.0
9 2 436.0
10 2 769.0
11 2 3223.0
12 2 3623.0
13 2 1677.0
14 2 2432.0
15 2 3282.0
16 2 6649.0
17 2 2430.0
18 2 352.0
19 2 1895.0
20 2 1828.0
21 2 3623.0
22 2 2287.0
23 2 2305.0
24 2 3087.0
25 2 932.0
26 2 301.0
27 2 895.0
28 2 3104.0
29 2 2544.0
30 2 3219.0
31 2 3050.0
32 2 3280.0
33 2 352.0
34 2 1107.0
35 2 2516.0
36 2 3661.0
37 2 2092.0
38 2 4107.0
39 2 1956.0
40 2 569.0
41 2 134.0
42 2 503.0
43 2 2214.0
44 2 2348.0
45 2 4996.0
46 2 1498.0
47 2 2868.0
48 2 1850.0
49 2 754.0
50 2 1946.0
51 2 2431.0
52 2 3645.0
53 2 2176.0
54 2 3439.0
55 2 1888.0
56 2 184.0
57 2 637.0
58 2 2489.0
59 2 3941.0
60 2 3533.0
61 2 1946.0
62 2 1878.0
63 2 1872.0
64 2 402.0
65 2 891.0
66 2 1776.0
67 2 2667.0
68 2 2885.0
69 2 3513.0
70 2 2591.0
71 2 1485.0
72 2 369.0
73 2 2024.0
74 2 3141.0
75 2 2650.0
76 2 1438.0
77 2 3577.0
78 2 2772.0
79 2 1397.0
80 2 1040.0
81 2 2483.0
82 2 4406.0
83 2 1918.0
84 2 1946.0
85 2 2434.0
86 2 1339.0
87 2 444.0
88 2 1207.0
89 2 2080.0
90 2 2315.0
91 2 2193.0
92 2 4550.0
93 2 2956.0
94 2 808.0
95 2 1292.0
96 2 1034.0
97 2 3830.0
98 2 2550.0
99 2 1744.0
100 2 2995.0
101 2 2684.0
102 2 402.0
103 2 1845.0
104 2 2222.0
105 2 2608.0
106 2 2040.0
107 2 2891.0
108 2 2449.0
109 2 1857.0
110 2 735.0
111 2 1308.0
112 2 3307.0
113 2 2598.0
114 2 2678.0
115 2 2465.0
116 2 1978.0
117 2 1540.0
118 2 656.0
119 2 1159.0
120 2 2780.0
121 2 4480.0
122 2 3622.0
123 2 2203.0
124 2 1765.0
125 2 654.0
126 2 1660.0
127 2 4261.0
128 2 2832.0
129 2 1241.0
130 2 2669.0
131 2 2660.0
132 2 2113.0
133 2 3265.0
134 2 2405.0
135 2 1626.0
136 2 3239.0
137 2 3019.0
138 2 831.0
139 2 385.0
140 2 1107.0
141 2 2851.0
142 2 3243.0
143 2 1405.0
144 2 1728.0
145 2 1946.0
146 2 3319.0
147 2 465.0
148 2 167.0
149 2 536.0
150 2 1476.0
151 2 2235.0
152 2 4542.0
153 2 1903.0
154 2 1922.0
155 2 3500.0
156 2 400.0
157 2 403.0
158 2 1677.0
159 2 2550.0
160 2 3213.0
161 2 1344.0
162 2 3111.0
163 2 2852.0
164 2 860.0
165 2 536.0
166 2 1275.0
167 2 1711.0
168 2 2046.0
169 2 1630.0
170 2 2530.0
171 2 2467.0
172 2 2324.0
173 2 1487.0
174 2 508.0
175 2 536.0
176 2 838.0
177 2 1759.0
178 2 335.0
179 2 3690.0
180 2 1185.0
181 2 1155.0
182 2 3880.0
183 2 2729.0
184 2 100.0
185 2 301.0
186 2 675.0
187 2 2109.0
188 2 3422.0
189 2 2684.0
190 2 2325.0
191 2 3337.0
192 2 1778.0
193 2 1140.0
194 2 2751.0
195 2 2348.0
196 2 1864.0
197 2 3101.0
198 2 1543.0
199 2 3077.0
200 2 603.0
201 2 1204.0
202 2 2117.0
203 2 2684.0
204 2 2818.0
205 2 2348.0
206 2 3895.0
207 2 794.0
208 2 201.0
209 2 603.0
210 2 2565.0
211 2 1933.0
212 2 3383.0
213 2 3959.0
214 2 3282.0
215 2 602.0
216 2 570.0
217 2 2325.0
218 2 2839.0
219 2 2684.0
220 2 2852.0
221 2 2334.0
222 2 2663.0
223 2 196.0
224 2 643.0
225 2 1938.0
226 2 1666.0
227 2 3165.0
228 2 3248.0
229 2 2556.0
230 2 2554.0
231 2 525.0
232 2 1743.0
233 2 2162.0
234 2 2501.0
235 2 3254.0
236 2 2469.0
237 2 798.0
238 2 1583.0
239 2 2203.0
240 2 1379.0
241 2 2423.0
242 2 2034.0
243 2 2139.0
244 2 4407.0
245 2 511.0
246 2 2993.0
247 2 542.0
248 2 939.0
249 2 1845.0
250 2 2751.0
251 2 2040.0
252 2 2661.0
253 2 2063.0
254 2 2048.0
255 2 597.0
256 2 1938.0
257 2 1225.0
258 2 1656.0
259 2 3791.0
260 2 1967.0
261 2 1627.0
262 2 2440.0
263 2 914.0
264 2 2336.0
265 2 1174.0
266 2 2030.0
267 2 4154.0
268 2 2405.0
269 2 2168.0
270 2 1709.0
271 2 1764.0
272 2 1663.0
273 2 2565.0
274 2 2433.0
275 2 3057.0
276 2 930.0
277 2 2089.0
278 2 2484.0
279 2 3393.0
280 2 2164.0
281 2 1895.0
282 2 2065.0
283 2 2014.0
284 2 2080.0
285 2 1861.0
286 2 2831.0
287 2 3823.0
288 2 1581.0
289 2 2980.0
290 2 503.0
291 2 1191.0
292 2 4091.0
293 2 2533.0
294 2 1749.0
295 2 3053.0
296 2 632.0
297 2 3029.0
298 2 1174.0
299 2 2046.0
300 2 1744.0
301 2 3169.0
302 2 1497.0
303 2 1443.0
304 2 3388.0
305 2 1766.0
306 2 1241.0
307 2 2197.0
308 2 3486.0
309 2 1152.0
310 2 3229.0
311 2 2152.0
312 2 2470.0
313 2 654.0
314 2 1526.0
315 2 2364.0
316 2 2541.0
317 2 3230.0
318 2 2768.0
319 2 1848.0
320 2 1265.0
321 2 138.0
322 2 825.0
323 2 1588.0
324 2 1137.0
325 2 3190.0
326 2 3770.0
327 2 3154.0
328 2 1934.0
329 2 659.0
330 2 590.0
331 2 1602.0
332 2 3444.0
333 2 3019.0
334 2 2030.0
335 2 2751.0
336 2 2634.0
337 2 133.0
338 2 178.0
339 2 1056.0
340 2 2386.0
341 2 2585.0
342 2 4268.0
343 2 2133.0
344 2 2130.0
345 2 1720.0
346 2 385.0
347 2 130.0
348 2 2684.0
349 2 3695.0
350 2 2885.0
351 2 2483.0
352 2 1211.0
353 2 2925.0
354 2 352.0
355 2 1476.0
356 2 3355.0
357 2 4500.0
358 2 1861.0
359 2 1980.0
360 2 2448.0
361 2 1537.0
362 2 1738.0
363 2 2694.0
364 2 2688.0
365 2 2751.0
366 2 2991.0
367 2 2538.0
368 2 754.0
369 2 667.0
370 2 2318.0
371 2 3657.0
372 2 2030.0
373 2 2750.0
374 2 2281.0
375 2 2072.0
376 2 503.0
377 2 939.0
378 2 2415.0
379 2 1693.0
380 2 3684.0
381 2 3286.0
382 2 3388.0
383 2 202.0
384 2 469.0
385 2 905.0
386 2 2617.0
387 2 2583.0
388 2 2248.0
389 2 2376.0
390 2 2623.0
391 2 2173.0
