1 2 0.0
2 2 7732.0
3 2 9088.0
4 2 8501.0
5 2 8140.0
6 2 9391.0
7 2 7672.0
8 2 9362.0
9 2 7403.0
10 2 8868.0
11 2 7195.0
12 2 9192.0
13 2 7544.0
14 2 7546.0
15 2 7935.0
16 2 9099.0
17 2 7452.0
18 2 8700.0
19 2 7829.0
20 2 8160.0
21 2 8861.0
22 2 9241.0
23 2 8755.0
24 2 8723.0
25 2 7088.0
26 2 8231.0
27 2 8730.0
28 2 7370.0
29 2 7772.0
30 2 7201.0
31 2 3692.0
32 2 7515.0
33 2 7090.0
34 2 8160.0
35 2 6316.0
36 2 8074.0
37 2 8093.0
38 2 8254.0
39 2 8141.0
40 2 9096.0
41 2 8034.0
42 2 8263.0
43 2 7985.0
44 2 8852.0
45 2 8137.0
46 2 8178.0
47 2 8086.0
48 2 8000.0
49 2 8197.0
50 2 8079.0
51 2 7949.0
52 2 9418.0
53 2 7526.0
54 2 8721.0
55 2 7604.0
56 2 8695.0
57 2 7302.0
58 2 9119.0
59 2 7633.0
60 2 9145.0
61 2 7820.0
62 2 9320.0
63 2 7942.0
64 2 8686.0
65 2 7082.0
66 2 9414.0
67 2 7702.0
68 2 9410.0
69 2 7769.0
70 2 9414.0
71 2 8625.0
72 2 9107.0
73 2 9108.0
74 2 9043.0
75 2 8849.0
76 2 8811.0
77 2 8858.0
78 2 8649.0
79 2 8788.0
80 2 8772.0
81 2 8917.0
82 2 7281.0
83 2 8921.0
84 2 7926.0
85 2 8931.0
86 2 8272.0
87 2 9083.0
88 2 8051.0
89 2 9042.0
90 2 8418.0
91 2 8961.0
92 2 8889.0
93 2 8926.0
94 2 8879.0
95 2 9131.0
96 2 8685.0
97 2 8857.0
98 2 8718.0
99 2 9070.0
100 2 2778.0
