1 2 0.0
2 2 6318.0
3 2 5537.0
4 2 4663.0
5 2 8256.0
6 2 8157.0
7 2 5298.0
8 2 9182.0
9 2 2938.0
10 2 7250.0
11 2 8048.0
12 2 2840.0
13 2 8897.0
14 2 7625.0
15 2 8873.0
16 2 4645.0
17 2 4882.0
18 2 7920.0
19 2 3888.0
20 2 5208.0
21 2 9409.0
22 2 3419.0
23 2 6463.0
24 2 7129.0
25 2 4780.0
26 2 6467.0
27 2 5870.0
28 2 6549.0
29 2 7632.0
30 2 4302.0
31 2 8354.0
32 2 5941.0
33 2 2372.0
34 2 7384.0
35 2 6758.0
36 2 4160.0
37 2 7841.0
38 2 5890.0
39 2 8973.0
40 2 6138.0
41 2 7081.0
42 2 6241.0
43 2 3672.0
44 2 8609.0
45 2 6973.0
46 2 6322.0
47 2 8758.0
48 2 2597.0
49 2 5010.0
50 2 7921.0
51 2 4151.0
52 2 8175.0
53 2 6597.0
54 2 8012.0
55 2 7690.0
56 2 830.0
57 2 5136.0
58 2 8702.0
59 2 4945.0
60 2 6316.0
61 2 6954.0
62 2 8189.0
63 2 2961.0
64 2 6585.0
65 2 7156.0
66 2 8516.0
67 2 7019.0
68 2 5006.0
69 2 7342.0
70 2 4480.0
71 2 6944.0
72 2 9247.0
73 2 3059.0
74 2 6530.0
75 2 6189.0
76 2 5859.0
77 2 6650.0
78 2 5603.0
79 2 4972.0
80 2 9016.0
81 2 5663.0
82 2 9171.0
83 2 4382.0
84 2 5352.0
85 2 6228.0
86 2 5001.0
87 2 6787.0
88 2 6800.0
89 2 4974.0
90 2 8548.0
91 2 4544.0
92 2 5191.0
93 2 7543.0
94 2 4688.0
95 2 6258.0
96 2 6253.0
97 2 4603.0
98 2 5538.0
99 2 8101.0
100 2 5682.0
101 2 5385.0
102 2 5907.0
103 2 5253.0
104 2 7340.0
105 2 4928.0
106 2 8211.0
107 2 5337.0
108 2 2532.0
109 2 5872.0
110 2 6873.0
111 2 3055.0
112 2 5888.0
113 2 6325.0
114 2 4270.0
115 2 5292.0
116 2 7104.0
117 2 3866.0
118 2 3219.0
119 2 5572.0
120 2 4569.0
121 2 2496.0
122 2 575.0
123 2 7331.0
124 2 6250.0
125 2 2727.0
126 2 1895.0
127 2 7221.0
128 2 6738.0
129 2 3259.0
130 2 8265.0
131 2 5597.0
132 2 5218.0
133 2 7149.0
134 2 5692.0
135 2 4969.0
136 2 9051.0
137 2 3082.0
138 2 5104.0
