1 2 0.0
2 2 1038.0
3 2 5297.0
4 2 5167.0
5 2 5221.0
6 2 4835.0
7 2 5081.0
8 2 5298.0
9 2 6689.0
10 2 6175.0
11 2 6565.0
12 2 4462.0
13 2 4574.0
14 2 5293.0
15 2 6236.0
16 2 5400.0
17 2 3499.0
18 2 4373.0
19 2 4668.0
20 2 5512.0
21 2 5946.0
22 2 6363.0
23 2 5444.0
24 2 4960.0
25 2 5438.0
26 2 6866.0
27 2 6267.0
28 2 6247.0
29 2 6660.0
30 2 6606.0
31 2 5893.0
32 2 4843.0
33 2 4918.0
34 2 4984.0
35 2 5687.0
36 2 6330.0
37 2 5608.0
38 2 6526.0
39 2 6537.0
40 2 6987.0
41 2 6072.0
42 2 6128.0
43 2 6009.0
44 2 5264.0
45 2 4803.0
46 2 6199.0
47 2 6612.0
48 2 6407.0
49 2 6137.0
50 2 5304.0
51 2 5244.0
52 2 6078.0
53 2 6246.0
54 2 6793.0
55 2 6766.0
56 2 6597.0
57 2 6492.0
58 2 7200.0
59 2 6660.0
60 2 6469.0
61 2 6291.0
62 2 6127.0
63 2 5906.0
64 2 6109.0
65 2 6758.0
66 2 4836.0
67 2 5118.0
68 2 5447.0
69 2 5747.0
70 2 6417.0
71 2 6758.0
72 2 4509.0
73 2 3943.0
74 2 4380.0
75 2 5530.0
76 2 6551.0
77 2 6127.0
78 2 5559.0
79 2 6273.0
80 2 5807.0
81 2 5198.0
82 2 4970.0
83 2 6354.0
84 2 6714.0
85 2 6625.0
86 2 6505.0
87 2 6086.0
88 2 6284.0
89 2 5786.0
90 2 5539.0
91 2 5433.0
92 2 5192.0
93 2 5453.0
94 2 4797.0
95 2 5514.0
96 2 6678.0
97 2 6633.0
98 2 6594.0
99 2 6722.0
100 2 6147.0
101 2 5685.0
102 2 5912.0
103 2 4852.0
104 2 4653.0
105 2 4853.0
106 2 5439.0
107 2 5638.0
108 2 6348.0
109 2 6070.0
110 2 6634.0
111 2 5963.0
112 2 5952.0
113 2 6528.0
114 2 5260.0
115 2 5070.0
116 2 6003.0
117 2 5994.0
118 2 5557.0
119 2 6103.0
120 2 6432.0
121 2 6001.0
122 2 6185.0
123 2 6079.0
124 2 6499.0
125 2 6100.0
126 2 6206.0
127 2 5728.0
128 2 6884.0
129 2 5404.0
130 2 4774.0
131 2 4851.0
132 2 4652.0
133 2 4762.0
134 2 6311.0
135 2 5356.0
136 2 5268.0
137 2 4745.0
138 2 6217.0
139 2 5750.0
140 2 5508.0
141 2 4911.0
142 2 5873.0
143 2 4803.0
144 2 3187.0
145 2 384.0
