1 2 0.0
2 2 493.0
3 2 5265.0
4 2 6632.0
5 2 6594.0
6 2 6982.0
7 2 5278.0
8 2 6547.0
9 2 5913.0
10 2 5392.0
11 2 5300.0
12 2 5165.0
13 2 5323.0
14 2 5614.0
15 2 6565.0
16 2 6358.0
17 2 6856.0
18 2 6416.0
19 2 6141.0
20 2 5602.0
21 2 5977.0
22 2 5394.0
23 2 4650.0
24 2 6010.0
25 2 6398.0
26 2 6120.0
27 2 6612.0
28 2 6469.0
29 2 6480.0
30 2 6299.0
31 2 5519.0
32 2 5226.0
33 2 6711.0
34 2 6105.0
35 2 6212.0
36 2 5175.0
37 2 4706.0
38 2 6274.0
39 2 6074.0
40 2 5416.0
41 2 6668.0
42 2 6326.0
43 2 6446.0
44 2 4989.0
45 2 5303.0
46 2 5942.0
47 2 6019.0
48 2 6700.0
49 2 5557.0
50 2 5522.0
51 2 5470.0
52 2 6187.0
53 2 6131.0
54 2 3332.0
55 2 4424.0
56 2 7086.0
57 2 5756.0
58 2 6227.0
59 2 6655.0
60 2 6867.0
61 2 6377.0
62 2 5352.0
63 2 6675.0
64 2 5420.0
65 2 4610.0
66 2 5253.0
67 2 6588.0
68 2 5258.0
69 2 5954.0
70 2 6330.0
71 2 6611.0
72 2 5590.0
73 2 4953.0
74 2 5579.0
75 2 6433.0
76 2 6351.0
77 2 6407.0
78 2 6460.0
79 2 5724.0
80 2 3824.0
81 2 4314.0
82 2 3936.0
83 2 4075.0
84 2 6434.0
85 2 6265.0
86 2 6351.0
87 2 5728.0
88 2 5904.0
89 2 5838.0
90 2 6045.0
91 2 5645.0
92 2 5605.0
93 2 6278.0
94 2 5256.0
95 2 6422.0
96 2 6793.0
97 2 6654.0
98 2 6312.0
99 2 6070.0
100 2 5143.0
101 2 4933.0
102 2 5218.0
103 2 6118.0
104 2 5530.0
105 2 5566.0
106 2 5188.0
107 2 6035.0
108 2 5174.0
109 2 5517.0
110 2 4924.0
111 2 1064.0
112 2 1746.0
113 2 3933.0
114 2 5650.0
115 2 5150.0
116 2 5875.0
117 2 5671.0
118 2 6678.0
119 2 6699.0
120 2 6422.0
121 2 6151.0
122 2 6334.0
123 2 6644.0
124 2 6119.0
125 2 5287.0
126 2 5705.0
127 2 4958.0
128 2 4895.0
129 2 4888.0
130 2 5638.0
131 2 5412.0
132 2 7140.0
133 2 6217.0
134 2 5035.0
135 2 4909.0
136 2 4817.0
137 2 5304.0
138 2 5594.0
139 2 5956.0
140 2 5961.0
141 2 5517.0
142 2 5610.0
143 2 6157.0
144 2 6429.0
145 2 4204.0
