1 2 0.0
2 2 1054.0
3 2 5358.0
4 2 5534.0
5 2 5879.0
6 2 5695.0
7 2 6681.0
8 2 6529.0
9 2 6446.0
10 2 5888.0
11 2 6591.0
12 2 6148.0
13 2 6242.0
14 2 5347.0
15 2 5189.0
16 2 6147.0
17 2 6217.0
18 2 6159.0
19 2 6403.0
20 2 6522.0
21 2 6531.0
22 2 6758.0
23 2 5144.0
24 2 5919.0
25 2 5508.0
26 2 5428.0
27 2 5444.0
28 2 6647.0
29 2 5532.0
30 2 5552.0
31 2 4838.0
32 2 4919.0
33 2 5034.0
34 2 4145.0
35 2 5897.0
36 2 5364.0
37 2 5384.0
38 2 6041.0
39 2 5755.0
40 2 5220.0
41 2 6532.0
42 2 6678.0
43 2 6289.0
44 2 5536.0
45 2 5912.0
46 2 6083.0
47 2 6327.0
48 2 6700.0
49 2 6448.0
50 2 5039.0
51 2 6781.0
52 2 5609.0
53 2 5673.0
54 2 5913.0
55 2 5522.0
56 2 5789.0
57 2 5083.0
58 2 5483.0
59 2 5053.0
60 2 5940.0
61 2 6027.0
62 2 4777.0
63 2 5011.0
64 2 3446.0
65 2 5917.0
66 2 6329.0
67 2 5490.0
68 2 5626.0
69 2 5962.0
70 2 6382.0
71 2 6028.0
72 2 6684.0
73 2 6440.0
74 2 5656.0
75 2 5024.0
76 2 6143.0
77 2 6571.0
78 2 5637.0
79 2 4972.0
80 2 6192.0
81 2 5397.0
82 2 5120.0
83 2 5938.0
84 2 5057.0
85 2 4710.0
86 2 5448.0
87 2 6677.0
88 2 6423.0
89 2 6396.0
90 2 5559.0
91 2 5094.0
92 2 6041.0
93 2 6159.0
94 2 5853.0
95 2 5462.0
96 2 5412.0
97 2 6158.0
98 2 6373.0
99 2 5667.0
100 2 5810.0
101 2 5780.0
102 2 5031.0
103 2 5867.0
104 2 6211.0
105 2 6125.0
106 2 5956.0
107 2 6726.0
108 2 6515.0
109 2 6526.0
110 2 6471.0
111 2 6559.0
112 2 5765.0
113 2 5519.0
114 2 5370.0
115 2 4844.0
116 2 5825.0
117 2 6301.0
118 2 3387.0
119 2 5993.0
120 2 4346.0
121 2 5191.0
122 2 6337.0
123 2 5933.0
124 2 4643.0
125 2 5303.0
126 2 6199.0
127 2 6380.0
128 2 5814.0
129 2 5991.0
130 2 5240.0
131 2 5713.0
132 2 5003.0
133 2 5924.0
134 2 6564.0
135 2 5999.0
136 2 4786.0
137 2 6687.0
138 2 5354.0
139 2 5956.0
140 2 6634.0
141 2 5211.0
142 2 5249.0
143 2 2523.0
144 2 22.0
145 2 1000.0
146 2 981.0
147 2 994.0
148 2 2098.0
149 2 1419.0
