1 2 0.0
2 2 1017.0
3 2 5783.0
4 2 5773.0
5 2 5850.0
6 2 6558.0
7 2 6104.0
8 2 6308.0
9 2 6212.0
10 2 5588.0
11 2 5944.0
12 2 5622.0
13 2 6319.0
14 2 6685.0
15 2 6248.0
16 2 5908.0
17 2 6031.0
18 2 5214.0
19 2 6279.0
20 2 6634.0
21 2 6317.0
22 2 5702.0
23 2 6008.0
24 2 6635.0
25 2 5865.0
26 2 5432.0
27 2 5814.0
28 2 5305.0
29 2 5450.0
30 2 5701.0
31 2 6871.0
32 2 6283.0
33 2 5654.0
34 2 5820.0
35 2 6210.0
36 2 6808.0
37 2 3533.0
38 2 2634.0
39 2 4662.0
40 2 5368.0
41 2 6205.0
42 2 5139.0
43 2 6233.0
44 2 6741.0
45 2 6349.0
46 2 5179.0
47 2 6434.0
48 2 5919.0
49 2 5940.0
50 2 5865.0
51 2 5548.0
52 2 6708.0
53 2 5683.0
54 2 5010.0
55 2 5353.0
56 2 5262.0
57 2 5799.0
58 2 5264.0
59 2 5040.0
60 2 6738.0
61 2 5423.0
62 2 5388.0
63 2 6731.0
64 2 6758.0
65 2 6934.0
66 2 4010.0
67 2 5821.0
68 2 5838.0
69 2 6274.0
70 2 5709.0
71 2 5774.0
72 2 6800.0
73 2 5878.0
74 2 6436.0
75 2 6480.0
76 2 6485.0
77 2 5846.0
78 2 5587.0
79 2 5745.0
80 2 5086.0
81 2 4794.0
82 2 6114.0
83 2 6647.0
84 2 6029.0
85 2 5212.0
86 2 5068.0
87 2 5022.0
88 2 5645.0
89 2 5917.0
90 2 5249.0
91 2 6006.0
92 2 6541.0
93 2 6708.0
94 2 3783.0
95 2 5069.0
96 2 5960.0
97 2 6467.0
98 2 6264.0
99 2 5847.0
100 2 5607.0
101 2 6538.0
102 2 6096.0
103 2 6281.0
104 2 6074.0
105 2 5968.0
106 2 4903.0
107 2 5872.0
108 2 5363.0
109 2 6460.0
110 2 5543.0
111 2 4899.0
112 2 5161.0
113 2 6487.0
114 2 5135.0
115 2 5294.0
116 2 5216.0
117 2 5711.0
118 2 6023.0
119 2 5696.0
120 2 6461.0
121 2 6018.0
122 2 6443.0
123 2 5788.0
124 2 6161.0
125 2 6384.0
126 2 6350.0
127 2 5815.0
128 2 5940.0
129 2 5912.0
130 2 5356.0
131 2 5360.0
132 2 6202.0
133 2 5631.0
134 2 5219.0
135 2 6614.0
136 2 6356.0
137 2 6148.0
138 2 5592.0
139 2 5480.0
140 2 5697.0
141 2 5453.0
142 2 4782.0
143 2 3361.0
144 2 159.0
