1 2 0.0
2 2 1026.0
3 2 5303.0
4 2 5851.0
5 2 5987.0
6 2 6413.0
7 2 6715.0
8 2 5645.0
9 2 5181.0
10 2 6466.0
11 2 6778.0
12 2 6908.0
13 2 6952.0
14 2 5642.0
15 2 5142.0
16 2 5956.0
17 2 6624.0
18 2 6518.0
19 2 6394.0
20 2 6500.0
21 2 6078.0
22 2 5963.0
23 2 5818.0
24 2 6605.0
25 2 4582.0
26 2 4630.0
27 2 5501.0
28 2 6836.0
29 2 6447.0
30 2 6262.0
31 2 5413.0
32 2 5693.0
33 2 6664.0
34 2 6709.0
35 2 6365.0
36 2 6527.0
37 2 7017.0
38 2 6546.0
39 2 6032.0
40 2 6574.0
41 2 6268.0
42 2 6316.0
43 2 6440.0
44 2 6353.0
45 2 6564.0
46 2 5100.0
47 2 6101.0
48 2 6207.0
49 2 5998.0
50 2 6178.0
51 2 5849.0
52 2 5305.0
53 2 6636.0
54 2 6295.0
55 2 5596.0
56 2 5982.0
57 2 6269.0
58 2 6549.0
59 2 6631.0
60 2 6710.0
61 2 6560.0
62 2 6642.0
63 2 6797.0
64 2 6980.0
65 2 3903.0
66 2 4406.0
67 2 5413.0
68 2 5466.0
69 2 5405.0
70 2 5610.0
71 2 5421.0
72 2 5752.0
73 2 6226.0
74 2 3231.0
75 2 4012.0
76 2 4772.0
77 2 4894.0
78 2 6774.0
79 2 6375.0
80 2 5499.0
81 2 5937.0
82 2 6500.0
83 2 6357.0
84 2 6202.0
85 2 5753.0
86 2 6085.0
87 2 5618.0
88 2 5633.0
89 2 5998.0
90 2 5771.0
91 2 3654.0
92 2 4136.0
93 2 4703.0
94 2 5772.0
95 2 6011.0
96 2 4848.0
97 2 5394.0
98 2 5563.0
99 2 6200.0
100 2 6186.0
101 2 5916.0
102 2 6460.0
103 2 6576.0
104 2 5730.0
105 2 4985.0
106 2 5569.0
107 2 5465.0
108 2 4628.0
109 2 6197.0
110 2 5429.0
111 2 5180.0
112 2 5934.0
113 2 5886.0
114 2 5293.0
115 2 4739.0
116 2 5261.0
117 2 6689.0
118 2 6757.0
119 2 5222.0
120 2 4167.0
121 2 3270.0
122 2 5141.0
123 2 5470.0
124 2 6104.0
125 2 6120.0
126 2 6740.0
127 2 6394.0
128 2 6582.0
129 2 5893.0
130 2 6289.0
131 2 5391.0
132 2 5318.0
133 2 5025.0
134 2 4692.0
135 2 5289.0
136 2 5667.0
137 2 5829.0
138 2 6344.0
139 2 5260.0
140 2 4807.0
141 2 5763.0
142 2 5608.0
143 2 3485.0
144 2 34.0
