1 2 0.0
2 2 1053.0
3 2 4929.0
4 2 4945.0
5 2 5419.0
6 2 5794.0
7 2 5283.0
8 2 5253.0
9 2 4932.0
10 2 4728.0
11 2 4963.0
12 2 5756.0
13 2 6406.0
14 2 6407.0
15 2 6674.0
16 2 5791.0
17 2 5325.0
18 2 6402.0
19 2 6274.0
20 2 6863.0
21 2 5117.0
22 2 4982.0
23 2 6415.0
24 2 6682.0
25 2 6145.0
26 2 6534.0
27 2 6185.0
28 2 6330.0
29 2 6171.0
30 2 5678.0
31 2 6698.0
32 2 6135.0
33 2 6284.0
34 2 4550.0
35 2 4562.0
36 2 5417.0
37 2 5888.0
38 2 6696.0
39 2 6806.0
40 2 5557.0
41 2 4677.0
42 2 5883.0
43 2 4643.0
44 2 5750.0
45 2 6483.0
46 2 5541.0
47 2 5157.0
48 2 5812.0
49 2 5408.0
50 2 5303.0
51 2 5458.0
52 2 5933.0
53 2 6660.0
54 2 5676.0
55 2 6100.0
56 2 4715.0
57 2 4644.0
58 2 6302.0
59 2 5892.0
60 2 6069.0
61 2 5802.0
62 2 4741.0
63 2 6085.0
64 2 4983.0
65 2 5636.0
66 2 5423.0
67 2 4774.0
68 2 5197.0
69 2 6519.0
70 2 6196.0
71 2 5872.0
72 2 4919.0
73 2 5739.0
74 2 5664.0
75 2 6406.0
76 2 6452.0
77 2 6570.0
78 2 6409.0
79 2 6438.0
80 2 4903.0
81 2 4561.0
82 2 5488.0
83 2 6424.0
84 2 6083.0
85 2 5737.0
86 2 5975.0
87 2 5930.0
88 2 5502.0
89 2 6171.0
90 2 5599.0
91 2 5411.0
92 2 5870.0
93 2 5628.0
94 2 5726.0
95 2 5220.0
96 2 5443.0
97 2 4769.0
98 2 5027.0
99 2 5393.0
100 2 5474.0
101 2 4945.0
102 2 4946.0
103 2 4831.0
104 2 5347.0
105 2 6009.0
106 2 6369.0
107 2 6543.0
108 2 5792.0
109 2 5543.0
110 2 4782.0
111 2 4640.0
112 2 5281.0
113 2 6317.0
114 2 5073.0
115 2 4880.0
116 2 6186.0
117 2 5824.0
118 2 5903.0
119 2 5557.0
120 2 5698.0
121 2 6405.0
122 2 3831.0
123 2 5442.0
124 2 4262.0
125 2 5409.0
126 2 5370.0
127 2 3765.0
128 2 6031.0
129 2 5456.0
130 2 6715.0
131 2 6111.0
132 2 5531.0
133 2 5623.0
134 2 5712.0
135 2 5416.0
136 2 6203.0
137 2 5886.0
138 2 6150.0
139 2 6557.0
140 2 6687.0
141 2 6584.0
142 2 5890.0
143 2 5394.0
144 2 6119.0
145 2 5774.0
146 2 5389.0
147 2 346.0
