1 2 0.0
2 2 1056.0
3 2 4828.0
4 2 4779.0
5 2 4584.0
6 2 5303.0
7 2 5281.0
8 2 5747.0
9 2 6465.0
10 2 6092.0
11 2 5716.0
12 2 6506.0
13 2 6230.0
14 2 6275.0
15 2 6068.0
16 2 6110.0
17 2 5746.0
18 2 4884.0
19 2 6619.0
20 2 6880.0
21 2 6441.0
22 2 6122.0
23 2 5158.0
24 2 5342.0
25 2 6537.0
26 2 6748.0
27 2 6601.0
28 2 5649.0
29 2 5499.0
30 2 5266.0
31 2 5741.0
32 2 6148.0
33 2 5767.0
34 2 5997.0
35 2 6777.0
36 2 5852.0
37 2 4998.0
38 2 5190.0
39 2 6288.0
40 2 6539.0
41 2 6651.0
42 2 6438.0
43 2 5113.0
44 2 5021.0
45 2 6489.0
46 2 5383.0
47 2 5690.0
48 2 6883.0
49 2 5480.0
50 2 5200.0
51 2 5864.0
52 2 6390.0
53 2 5982.0
54 2 5465.0
55 2 6197.0
56 2 7019.0
57 2 5899.0
58 2 5467.0
59 2 6214.0
60 2 6010.0
61 2 6345.0
62 2 5385.0
63 2 5873.0
64 2 5726.0
65 2 5304.0
66 2 6617.0
67 2 5195.0
68 2 4874.0
69 2 5470.0
70 2 5816.0
71 2 5679.0
72 2 5867.0
73 2 5813.0
74 2 5366.0
75 2 5791.0
76 2 6420.0
77 2 5665.0
78 2 6354.0
79 2 6239.0
80 2 6544.0
81 2 6115.0
82 2 5769.0
83 2 6122.0
84 2 6016.0
85 2 4780.0
86 2 5627.0
87 2 5854.0
88 2 5003.0
89 2 5513.0
90 2 5682.0
91 2 6286.0
92 2 6106.0
93 2 6450.0
94 2 5764.0
95 2 5756.0
96 2 5687.0
97 2 6567.0
98 2 6847.0
99 2 6594.0
100 2 5600.0
101 2 4649.0
102 2 5343.0
103 2 5999.0
104 2 6518.0
105 2 6229.0
106 2 5780.0
107 2 5574.0
108 2 5236.0
109 2 6491.0
110 2 6721.0
111 2 6531.0
112 2 5943.0
113 2 5368.0
114 2 6021.0
115 2 6457.0
116 2 6543.0
117 2 5448.0
118 2 5437.0
119 2 5998.0
120 2 6323.0
121 2 5961.0
122 2 6881.0
123 2 6634.0
124 2 6436.0
125 2 6631.0
126 2 6649.0
127 2 6533.0
128 2 6421.0
129 2 6641.0
130 2 5063.0
131 2 5732.0
132 2 6256.0
133 2 5869.0
134 2 5740.0
135 2 6176.0
136 2 6529.0
137 2 6328.0
138 2 6303.0
139 2 5479.0
140 2 4685.0
141 2 194.0
