1 1 0.0
2 1 264.0
3 1 3235.0
4 1 3344.0
5 1 3761.0
6 1 3509.0
7 1 3562.0
8 1 4344.0
9 1 4163.0
10 1 4354.0
11 1 3402.0
12 1 4329.0
13 1 4183.0
14 1 3572.0
15 1 3346.0
16 1 3572.0
17 1 3310.0
18 1 3911.0
19 1 4283.0
20 1 4005.0
21 1 3412.0
22 1 3430.0
23 1 3288.0
24 1 3222.0
25 1 4216.0
26 1 2859.0
27 1 3501.0
28 1 3217.0
29 1 2489.0
30 1 437.0
31 1 2450.0
32 1 3197.0
33 1 3424.0
34 1 3339.0
35 1 3361.0
36 1 3435.0
37 1 3334.0
38 1 3591.0
39 1 3964.0
40 1 3628.0
41 1 4142.0
42 1 3115.0
43 1 3430.0
44 1 3390.0
45 1 3794.0
46 1 3230.0
47 1 3026.0
48 1 4302.0
49 1 3725.0
50 1 3664.0
51 1 2764.0
52 1 3597.0
53 1 3422.0
54 1 3338.0
55 1 3948.0
56 1 3654.0
57 1 3636.0
58 1 3246.0
59 1 3944.0
60 1 4313.0
61 1 3728.0
62 1 3295.0
63 1 3542.0
64 1 3526.0
65 1 3301.0
66 1 4342.0
67 1 4058.0
68 1 4048.0
69 1 2821.0
70 1 3240.0
71 1 4376.0
72 1 4267.0
73 1 4272.0
74 1 4219.0
75 1 3105.0
76 1 3320.0
77 1 3187.0
78 1 3634.0
79 1 2938.0
80 1 4283.0
81 1 2750.0
82 1 3508.0
83 1 3520.0
84 1 3563.0
85 1 2177.0
86 1 3701.0
87 1 4026.0
88 1 3617.0
89 1 3339.0
90 1 3271.0
91 1 3304.0
92 1 3405.0
93 1 3683.0
94 1 3387.0
95 1 3333.0
96 1 3452.0
97 1 3204.0
98 1 3326.0
99 1 3627.0
100 1 3985.0
101 1 4311.0
102 1 3880.0
103 1 3388.0
104 1 3197.0
105 1 4229.0
106 1 3915.0
107 1 2415.0
108 1 3088.0
109 1 0.0
110 1 0.0
111 1 1582.0
112 1 4108.0
113 1 3423.0
114 1 3535.0
115 1 3309.0
116 1 3380.0
117 1 4386.0
118 1 4295.0
119 1 4128.0
120 1 3798.0
121 1 4300.0
122 1 4143.0
123 1 3242.0
124 1 3588.0
125 1 4257.0
126 1 4398.0
127 1 3958.0
128 1 3892.0
129 1 4165.0
130 1 3082.0
131 1 3240.0
132 1 4082.0
133 1 2348.0
134 1 3470.0
135 1 3931.0
136 1 4180.0
137 1 3862.0
138 1 1217.0
139 1 3989.0
140 1 4270.0
141 1 4221.0
142 1 4136.0
143 1 4208.0
144 1 3061.0
145 1 3539.0
146 1 3174.0
147 1 3303.0
148 1 3429.0
149 1 3185.0
150 1 3337.0
151 1 3264.0
152 1 3634.0
153 1 3592.0
154 1 3307.0
155 1 4027.0
156 1 4119.0
157 1 3869.0
158 1 3120.0
159 1 1922.0
160 1 3511.0
161 1 3850.0
162 1 3790.0
163 1 3321.0
164 1 3277.0
165 1 3376.0
166 1 3418.0
167 1 3377.0
168 1 3388.0
169 1 3411.0
170 1 3310.0
171 1 3681.0
172 1 4165.0
173 1 4058.0
174 1 3653.0
175 1 2942.0
176 1 4061.0
177 1 3947.0
178 1 3801.0
179 1 3304.0
180 1 3349.0
181 1 1955.0
182 1 3028.0
183 1 3796.0
184 1 3420.0
185 1 3425.0
186 1 3349.0
187 1 3701.0
188 1 4124.0
189 1 3755.0
190 1 4323.0
191 1 4234.0
192 1 4284.0
193 1 2042.0
194 1 4091.0
195 1 4270.0
196 1 4072.0
197 1 3793.0
198 1 3775.0
199 1 4227.0
200 1 4075.0
201 1 4320.0
202 1 3817.0
203 1 3291.0
204 1 3456.0
205 1 4148.0
206 1 4142.0
207 1 3740.0
208 1 1867.0
209 1 3640.0
210 1 3085.0
211 1 3300.0
212 1 4065.0
213 1 4325.0
214 1 4086.0
215 1 4128.0
216 1 3992.0
217 1 2565.0
218 1 4072.0
219 1 4355.0
220 1 3861.0
221 1 3375.0
222 1 3771.0
223 1 4280.0
224 1 4151.0
225 1 4363.0
226 1 3857.0
227 1 3360.0
228 1 3556.0
229 1 3562.0
230 1 3300.0
231 1 4110.0
232 1 3977.0
