1 1 0.0
2 1 635.0
3 1 3372.0
4 1 3446.0
5 1 4128.0
6 1 4342.0
7 1 3857.0
8 1 3421.0
9 1 3887.0
10 1 4307.0
11 1 4026.0
12 1 3444.0
13 1 3715.0
14 1 4342.0
15 1 4265.0
16 1 4368.0
17 1 3476.0
18 1 3279.0
19 1 3548.0
20 1 3354.0
21 1 3205.0
22 1 3825.0
23 1 4358.0
24 1 4209.0
25 1 4260.0
26 1 4291.0
27 1 3737.0
28 1 3832.0
29 1 3888.0
30 1 3780.0
31 1 3454.0
32 1 3429.0
33 1 3280.0
34 1 3303.0
35 1 3948.0
36 1 4291.0
37 1 3523.0
38 1 3470.0
39 1 3626.0
40 1 4223.0
41 1 3941.0
42 1 4137.0
43 1 4195.0
44 1 3524.0
45 1 4288.0
46 1 4082.0
47 1 3927.0
48 1 4285.0
49 1 4255.0
50 1 4389.0
51 1 4098.0
52 1 4419.0
53 1 4062.0
54 1 3412.0
55 1 3555.0
56 1 4465.0
57 1 4178.0
58 1 3746.0
59 1 3462.0
60 1 4332.0
61 1 3770.0
62 1 4384.0
63 1 4162.0
64 1 3466.0
65 1 3219.0
66 1 4088.0
67 1 4265.0
68 1 4231.0
69 1 4294.0
70 1 3721.0
71 1 3180.0
72 1 3298.0
73 1 3450.0
74 1 3225.0
75 1 4181.0
76 1 3708.0
77 1 4207.0
78 1 3678.0
79 1 3511.0
80 1 3417.0
81 1 3720.0
82 1 3677.0
83 1 0.0
84 1 0.0
85 1 1356.0
86 1 3700.0
87 1 3318.0
88 1 3386.0
89 1 3938.0
90 1 3800.0
91 1 4069.0
92 1 3905.0
93 1 3471.0
94 1 3219.0
95 1 3595.0
96 1 3343.0
97 1 3434.0
98 1 3366.0
99 1 3402.0
100 1 4105.0
101 1 3716.0
102 1 3987.0
103 1 4438.0
104 1 4227.0
105 1 3917.0
106 1 4235.0
107 1 4420.0
108 1 3954.0
109 1 3450.0
110 1 4012.0
111 1 4429.0
112 1 3980.0
113 1 2980.0
114 1 3758.0
115 1 4435.0
116 1 4164.0
117 1 3439.0
118 1 3635.0
119 1 3959.0
120 1 3613.0
121 1 3835.0
122 1 3712.0
123 1 4167.0
124 1 4202.0
125 1 4336.0
126 1 4232.0
127 1 3407.0
128 1 3924.0
129 1 4150.0
130 1 3952.0
131 1 4188.0
132 1 4347.0
133 1 4182.0
134 1 3992.0
135 1 3445.0
136 1 3420.0
137 1 3828.0
138 1 4439.0
139 1 3830.0
140 1 3202.0
141 1 3465.0
142 1 4276.0
143 1 4118.0
144 1 4296.0
145 1 4010.0
146 1 3416.0
147 1 3410.0
148 1 3839.0
149 1 3400.0
150 1 3727.0
151 1 3489.0
152 1 3741.0
153 1 4343.0
154 1 4164.0
155 1 3890.0
156 1 3614.0
157 1 4377.0
158 1 3942.0
159 1 3386.0
160 1 3358.0
161 1 3621.0
162 1 3387.0
163 1 3779.0
164 1 4018.0
165 1 3447.0
166 1 3464.0
167 1 3623.0
168 1 3780.0
169 1 3331.0
170 1 3816.0
171 1 3392.0
172 1 3671.0
173 1 3479.0
174 1 3629.0
175 1 4390.0
176 1 3884.0
177 1 3400.0
178 1 3923.0
179 1 4276.0
180 1 3966.0
181 1 3765.0
182 1 3363.0
183 1 3386.0
184 1 3482.0
185 1 3726.0
186 1 4373.0
187 1 4289.0
188 1 4224.0
189 1 3756.0
190 1 3419.0
191 1 3538.0
192 1 4302.0
193 1 4322.0
194 1 4195.0
195 1 3879.0
196 1 3435.0
197 1 3202.0
198 1 3416.0
199 1 3278.0
200 1 3617.0
201 1 4357.0
202 1 3799.0
203 1 3223.0
204 1 3256.0
205 1 3579.0
206 1 3348.0
207 1 3873.0
208 1 4372.0
209 1 4262.0
210 1 4399.0
211 1 3587.0
212 1 3221.0
213 1 3574.0
214 1 4423.0
215 1 3955.0
216 1 3757.0
217 1 3916.0
218 1 3565.0
219 1 3262.0
