1 1 0.0
2 1 675.0
3 1 4351.0
4 1 4149.0
5 1 4257.0
6 1 4201.0
7 1 4292.0
8 1 4008.0
9 1 4119.0
10 1 2727.0
11 1 2473.0
12 1 3765.0
13 1 3777.0
14 1 3675.0
15 1 4093.0
16 1 4210.0
17 1 3718.0
18 1 3487.0
19 1 3869.0
20 1 4319.0
21 1 3510.0
22 1 4280.0
23 1 4269.0
24 1 3520.0
25 1 3253.0
26 1 3893.0
27 1 4060.0
28 1 4060.0
29 1 3470.0
30 1 3734.0
31 1 3896.0
32 1 3698.0
33 1 3692.0
34 1 1728.0
35 1 2008.0
36 1 3949.0
37 1 3444.0
38 1 3537.0
39 1 3402.0
40 1 3700.0
41 1 3914.0
42 1 3376.0
43 1 3459.0
44 1 3232.0
45 1 4205.0
46 1 4278.0
47 1 3381.0
48 1 3276.0
49 1 3675.0
50 1 4415.0
51 1 4323.0
52 1 4098.0
53 1 3551.0
54 1 3343.0
55 1 3375.0
56 1 4325.0
57 1 4327.0
58 1 4359.0
59 1 3996.0
60 1 3378.0
61 1 3169.0
62 1 3387.0
63 1 3293.0
64 1 1819.0
65 1 4384.0
66 1 4393.0
67 1 3555.0
68 1 3132.0
69 1 3548.0
70 1 3412.0
71 1 3601.0
72 1 4379.0
73 1 4232.0
74 1 3593.0
75 1 3496.0
76 1 4373.0
77 1 2364.0
78 1 4212.0
79 1 3989.0
80 1 3973.0
81 1 4388.0
82 1 3559.0
83 1 3203.0
84 1 3319.0
85 1 3446.0
86 1 3396.0
87 1 3497.0
88 1 3356.0
89 1 3391.0
90 1 3526.0
91 1 3449.0
92 1 4355.0
93 1 4278.0
94 1 4414.0
95 1 3068.0
96 1 3336.0
97 1 3420.0
98 1 4106.0
99 1 4070.0
100 1 4114.0
101 1 4406.0
102 1 3916.0
103 1 3431.0
104 1 3741.0
105 1 3539.0
106 1 3469.0
107 1 3454.0
108 1 3275.0
109 1 4157.0
110 1 4355.0
111 1 4306.0
112 1 4180.0
113 1 4169.0
114 1 3907.0
115 1 3773.0
116 1 3419.0
117 1 3522.0
118 1 2523.0
119 1 1731.0
120 1 3619.0
121 1 3434.0
122 1 3409.0
123 1 4244.0
124 1 3824.0
125 1 3964.0
126 1 3774.0
127 1 4362.0
128 1 4213.0
129 1 4355.0
130 1 4254.0
131 1 4084.0
132 1 3905.0
133 1 4016.0
134 1 3801.0
135 1 3542.0
136 1 3353.0
137 1 3542.0
138 1 3268.0
139 1 3437.0
140 1 3392.0
141 1 3344.0
142 1 3459.0
143 1 3262.0
144 1 3820.0
145 1 3903.0
146 1 3793.0
147 1 3306.0
148 1 3437.0
149 1 4311.0
150 1 4107.0
151 1 3427.0
152 1 3887.0
153 1 4151.0
154 1 1811.0
155 1 3288.0
156 1 4278.0
157 1 4146.0
158 1 4204.0
159 1 3945.0
160 1 3311.0
161 1 3493.0
162 1 4218.0
163 1 4350.0
164 1 4150.0
165 1 3620.0
166 1 3656.0
167 1 3376.0
168 1 3694.0
169 1 3815.0
170 1 3980.0
171 1 3704.0
172 1 3865.0
173 1 3526.0
174 1 3448.0
175 1 3926.0
176 1 4195.0
177 1 4201.0
178 1 4273.0
179 1 4304.0
180 1 4317.0
181 1 4339.0
182 1 4032.0
183 1 3393.0
184 1 3279.0
185 1 3875.0
186 1 4290.0
187 1 3409.0
188 1 3285.0
189 1 3445.0
190 1 4385.0
191 1 4118.0
192 1 4349.0
193 1 4147.0
194 1 3616.0
195 1 3375.0
196 1 3190.0
197 1 3327.0
198 1 3841.0
199 1 4354.0
200 1 3694.0
201 1 3493.0
202 1 3642.0
203 1 4305.0
204 1 4215.0
205 1 3614.0
206 1 3311.0
207 1 4123.0
208 1 3215.0
209 1 3894.0
210 1 3411.0
211 1 3604.0
212 1 3358.0
213 1 3601.0
214 1 4261.0
215 1 4150.0
216 1 3584.0
217 1 3362.0
218 1 4163.0
219 1 4317.0
220 1 3791.0
221 1 3358.0
222 1 455.0
