1 1 0.0
2 1 642.0
3 1 3483.0
4 1 3171.0
5 1 3877.0
6 1 4188.0
7 1 3783.0
8 1 3727.0
9 1 3743.0
10 1 2416.0
11 1 2389.0
12 1 4158.0
13 1 4074.0
14 1 3566.0
15 1 3361.0
16 1 3514.0
17 1 3920.0
18 1 3695.0
19 1 3838.0
20 1 3668.0
21 1 3382.0
22 1 2903.0
23 1 3467.0
24 1 4352.0
25 1 4230.0
26 1 3671.0
27 1 3442.0
28 1 3381.0
29 1 3177.0
30 1 3919.0
31 1 3798.0
32 1 3510.0
33 1 3375.0
34 1 3438.0
35 1 3589.0
36 1 3355.0
37 1 3238.0
38 1 3341.0
39 1 3684.0
40 1 4384.0
41 1 4021.0
42 1 3379.0
43 1 3252.0
44 1 3872.0
45 1 3394.0
46 1 3662.0
47 1 3393.0
48 1 3544.0
49 1 3403.0
50 1 3327.0
51 1 3824.0
52 1 3414.0
53 1 3957.0
54 1 4335.0
55 1 3613.0
56 1 3308.0
57 1 3353.0
58 1 3303.0
59 1 3085.0
60 1 4101.0
61 1 4288.0
62 1 3104.0
63 1 3027.0
64 1 2031.0
65 1 4026.0
66 1 4284.0
67 1 4123.0
68 1 4335.0
69 1 4103.0
70 1 3512.0
71 1 4129.0
72 1 3033.0
73 1 3866.0
74 1 4368.0
75 1 3654.0
76 1 3606.0
77 1 3911.0
78 1 4226.0
79 1 3919.0
80 1 4395.0
81 1 4195.0
82 1 4383.0
83 1 3736.0
84 1 3377.0
85 1 3455.0
86 1 3404.0
87 1 3284.0
88 1 3574.0
89 1 2055.0
90 1 3625.0
91 1 3673.0
92 1 2965.0
93 1 2674.0
94 1 4008.0
95 1 3558.0
96 1 3757.0
97 1 3338.0
98 1 3705.0
99 1 3391.0
100 1 3697.0
101 1 4225.0
102 1 4216.0
103 1 4401.0
104 1 4305.0
105 1 4055.0
106 1 3610.0
107 1 3319.0
108 1 3380.0
109 1 4356.0
110 1 4001.0
111 1 3331.0
112 1 3452.0
113 1 3800.0
114 1 2931.0
115 1 1399.0
116 1 3215.0
117 1 4198.0
118 1 3656.0
119 1 4006.0
120 1 3653.0
121 1 3501.0
122 1 3391.0
123 1 3528.0
124 1 3341.0
125 1 4053.0
126 1 4128.0
127 1 4295.0
128 1 4408.0
129 1 4054.0
130 1 3920.0
131 1 3393.0
132 1 3401.0
133 1 3923.0
134 1 4334.0
135 1 4212.0
136 1 3437.0
137 1 4107.0
138 1 4140.0
139 1 4119.0
140 1 3546.0
141 1 3255.0
142 1 2042.0
143 1 0.0
144 1 0.0
145 1 93.0
146 1 1731.0
147 1 1317.0
148 1 3016.0
149 1 4254.0
150 1 4110.0
151 1 2835.0
152 1 3740.0
153 1 3584.0
154 1 3224.0
155 1 3424.0
156 1 4030.0
157 1 3643.0
158 1 4326.0
159 1 4165.0
160 1 4244.0
161 1 4238.0
162 1 4248.0
163 1 3899.0
164 1 3390.0
165 1 3191.0
166 1 3919.0
167 1 3974.0
168 1 3808.0
169 1 3671.0
170 1 3793.0
171 1 3199.0
172 1 1876.0
173 1 0.0
174 1 0.0
175 1 966.0
176 1 2999.0
177 1 4328.0
178 1 3751.0
179 1 3277.0
180 1 3569.0
181 1 3661.0
182 1 3374.0
183 1 4245.0
184 1 4166.0
185 1 3499.0
186 1 3226.0
187 1 3963.0
188 1 3903.0
189 1 4018.0
190 1 4255.0
191 1 4115.0
192 1 4248.0
193 1 3583.0
194 1 3376.0
195 1 3358.0
196 1 3337.0
197 1 3472.0
198 1 4341.0
199 1 4059.0
200 1 3766.0
201 1 3327.0
202 1 3834.0
203 1 3871.0
204 1 3931.0
205 1 4286.0
206 1 3731.0
207 1 3148.0
208 1 3403.0
209 1 3671.0
210 1 3348.0
211 1 4021.0
212 1 4004.0
213 1 4114.0
214 1 4150.0
215 1 4147.0
216 1 4361.0
217 1 4107.0
218 1 4244.0
219 1 4270.0
220 1 4136.0
221 1 4397.0
222 1 2189.0
223 1 3574.0
224 1 3303.0
225 1 3118.0
226 1 3387.0
227 1 2325.0
228 1 3672.0
229 1 4121.0
230 1 3426.0
231 1 3423.0
232 1 3732.0
