0.1000 16 0.0
0.2000 16 2034.23744
0.3000 16 8975.81056
0.4000 16 35022.4384
0.5000 16 41576.0384
0.6000 16 47762.6368
0.7000 16 53120.86016
0.8000 16 46986.69056
0.9000 16 47490.00704
1.0000 16 46105.88672
1.1000 16 48999.95648
1.2000 16 50551.84896
1.3000 16 51946.45504
1.4000 16 49838.81728
1.5000 16 47783.60832
1.6000 16 49251.61472
1.7000 16 49775.90272
1.8000 16 49660.55936
1.9000 16 47081.0624
2.0000 16 46027.24352
2.1000 16 43872.41984
2.2000 16 38991.29856
2.3000 16 40569.40544
2.4000 16 33648.80384
2.5000 16 31735.15264
2.6000 16 30157.04576
2.7000 16 30172.7744
2.8000 16 30812.40576
2.9000 16 25239.22432
3.0000 16 18968.73984
3.1000 16 18675.13856
3.2000 16 18900.5824
3.3000 16 20206.05952
3.4000 16 24426.57792
3.5000 16 22502.44096
3.6000 16 24499.97824
3.7000 16 21023.9488
3.8000 16 18963.49696
3.9000 16 20211.3024
4.0000 16 20373.83168
4.1000 16 20499.6608
4.2000 16 16834.88768
4.3000 16 11550.06464
4.4000 16 11125.39136
4.5000 16 11324.6208
4.6000 16 11104.41984
4.7000 16 11544.82176
4.8000 16 15623.7824
4.9000 16 15099.4944
5.0000 16 15298.72384
5.1000 16 15036.57984
5.2000 16 15539.89632
5.3000 16 14407.43424
5.4000 16 14375.97696
5.5000 16 19608.3712
5.6000 16 20782.77632
5.7000 16 20174.60224
5.8000 16 24222.1056
5.9000 16 26654.80192
6.0000 16 24269.29152
6.1000 16 20793.26208
6.2000 16 23168.28672
6.3000 16 19860.02944
6.4000 16 23792.18944
6.5000 16 34613.49376
6.6000 16 35169.23904
6.7000 16 39588.98688
6.8000 16 40307.26144
6.9000 16 37559.99232
7.0000 16 39007.0272
7.1000 16 38094.76608
7.2000 16 42949.67296
7.3000 16 44108.34944
7.4000 16 40454.06208
7.5000 16 34980.49536
7.6000 16 23650.63168
7.7000 16 21134.04928
7.8000 16 19068.35456
7.9000 16 13935.57504
8.0000 16 14281.60512
8.1000 16 20122.17344
8.2000 16 31708.93824
8.3000 16 33648.80384
8.4000 16 33596.37504
8.5000 16 32935.77216
8.6000 16 33690.74688
8.7000 16 37502.32064
8.8000 16 27792.50688
8.9000 16 23708.30336
9.0000 16 24253.56288
9.1000 16 21868.05248
9.2000 16 22890.41408
9.3000 16 23037.21472
9.4000 16 25627.19744
9.5000 16 21668.82304
9.6000 16 21747.46624
9.7000 16 21710.76608
9.8000 16 20908.60544
9.9000 16 21674.06592
10.0000 16 21658.33728
10.1000 16 24222.1056
10.2000 16 22355.64032
10.3000 16 24589.1072
10.4000 16 23613.93152
10.5000 16 19723.71456
10.6000 16 27850.17856
10.7000 16 18947.76832
10.8000 16 18339.59424
10.9000 16 21768.43776
11.0000 16 25029.50912
11.1000 16 23545.77408
11.2000 16 28248.63744
11.3000 16 35410.41152
11.4000 16 32453.4272
11.5000 16 33580.6464
11.6000 16 29905.38752
11.7000 16 28751.95392
11.8000 16 30985.4208
11.9000 16 29139.92704
12.0000 16 28238.15168
12.1000 16 5263.85152
12.2000 16 30649.87648
12.3000 16 49891.24608
12.4000 16 48486.15424
12.5000 16 36595.3024
12.6000 16 33496.76032
12.7000 16 33187.4304
12.8000 16 11890.85184
12.9000 16 9542.0416
13.0000 16 5410.65216
13.1000 16 0.0
13.2000 16 14722.00704
13.3000 16 16640.90112
13.4000 16 7832.86272
13.5000 16 35483.81184
13.6000 16 30046.94528
13.7000 16 23619.1744
13.8000 16 29370.61376
13.9000 16 30912.02048
14.0000 16 24667.7504
14.1000 16 11314.13504
14.2000 16 3182.42816
