0.1000 16 0.0
0.2000 16 1981.80864
0.3000 16 11775.50848
0.4000 16 40066.08896
0.5000 16 38524.68224
0.6000 16 35882.27072
0.7000 16 36133.92896
0.8000 16 35913.728
0.9000 16 41020.29312
1.0000 16 45759.85664
1.1000 16 46598.71744
1.2000 16 45917.14304
1.3000 16 51983.1552
1.4000 16 51474.59584
1.5000 16 55092.18304
1.6000 16 47741.66528
1.7000 16 50499.42016
1.8000 16 48397.02528
1.9000 16 52413.07136
2.0000 16 50074.74688
2.1000 16 51631.88224
2.2000 16 50237.27616
2.3000 16 52596.57216
2.4000 16 46042.97216
2.5000 16 49387.9296
2.6000 16 38608.56832
2.7000 16 41927.31136
2.8000 16 34078.72
2.9000 16 33376.17408
3.0000 16 31934.38208
3.1000 16 28531.75296
3.2000 16 25632.44032
3.3000 16 14632.87808
3.4000 16 12677.28384
3.5000 16 12540.96896
3.6000 16 7350.51776
3.7000 16 73.40032
3.8000 16 2946.49856
3.9000 16 6375.34208
4.0000 16 8000.63488
4.1000 16 8147.43552
4.2000 16 7832.86272
4.3000 16 8409.57952
4.4000 16 7707.0336
4.5000 16 7822.37696
4.6000 16 8462.00832
4.7000 16 8325.69344
4.8000 16 7429.16096
4.9000 16 136.31488
5.0000 16 125.82912
5.1000 16 125.82912
5.2000 16 136.31488
5.3000 16 115.34336
5.4000 16 104.8576
5.5000 16 146.80064
5.6000 16 1384.12032
5.7000 16 7340.032
5.8000 16 7109.34528
5.9000 16 7151.28832
6.0000 16 7277.11744
6.1000 16 6962.54464
6.2000 16 9374.26944
6.3000 16 12551.45472
6.4000 16 12100.56704
6.5000 16 17238.58944
6.6000 16 17574.13376
6.7000 16 17637.04832
6.8000 16 18538.82368
6.9000 16 18035.5072
7.0000 16 19534.97088
7.1000 16 20305.67424
7.2000 16 18025.02144
7.3000 16 20017.31584
7.4000 16 22911.3856
7.5000 16 25831.66976
7.6000 16 25071.45216
7.7000 16 29029.82656
7.8000 16 24861.73696
7.9000 16 27577.5488
8.0000 16 31153.19296
8.1000 16 31362.90816
8.2000 16 30723.2768
8.3000 16 32421.96992
8.4000 16 31383.87968
8.5000 16 33433.84576
8.6000 16 31651.26656
8.7000 16 32862.37184
8.8000 16 30912.02048
8.9000 16 30031.21664
9.0000 16 29758.58688
9.1000 16 32070.69696
9.2000 16 34519.12192
9.3000 16 32899.072
9.4000 16 38923.14112
9.5000 16 39935.01696
9.6000 16 35693.52704
9.7000 16 46105.88672
9.8000 16 45088.768
9.9000 16 49325.01504
10.0000 16 44879.0528
10.1000 16 41235.2512
10.2000 16 31708.93824
10.3000 16 30115.10272
10.4000 16 33166.45888
10.5000 16 33229.37344
10.6000 16 29921.11616
10.7000 16 30628.90496
10.8000 16 34120.66304
10.9000 16 38241.56672
11.0000 16 47348.44928
11.1000 16 49272.58624
11.2000 16 47463.79264
11.3000 16 32935.77216
11.4000 16 26088.57088
11.5000 16 28196.20864
11.6000 16 29821.50144
11.7000 16 27724.34944
11.8000 16 28227.66592
11.9000 16 23509.07392
12.0000 16 19241.3696
12.1000 16 21223.17824
12.2000 16 21778.92352
12.3000 16 20006.83008
12.4000 16 15141.43744
12.5000 16 15256.7808
12.6000 16 14035.18976
12.7000 16 8115.97824
12.8000 16 8304.72192
12.9000 16 8241.80736
13.0000 16 8273.26464
13.1000 16 8273.26464
13.2000 16 2542.7968
13.3000 16 0.0
13.4000 16 0.0
13.5000 16 482.34496
13.6000 16 6700.40064
13.7000 16 7151.28832
13.8000 16 6752.82944
13.9000 16 6857.68704
14.0000 16 7182.7456
14.1000 16 7161.77408
14.2000 16 8482.97984
14.3000 16 12289.31072
14.4000 16 14627.6352
14.5000 16 15057.55136
14.6000 16 13579.0592
14.7000 16 9557.77024
14.8000 16 7507.80416
14.9000 16 7549.7472
15.0000 16 7528.77568
15.1000 16 7423.91808
15.2000 16 11765.02272
15.3000 16 13752.07424
15.4000 16 7035.94496
15.5000 16 7161.77408
15.6000 16 7046.43072
15.7000 16 7035.94496
15.8000 16 13159.6288
15.9000 16 14554.23488
16.0000 16 15508.43904
16.1000 16 19157.48352
16.2000 16 22250.78272
16.3000 16 23613.93152
16.4000 16 20955.79136
16.5000 16 21474.83648
16.6000 16 20982.00576
16.7000 16 20531.11808
16.8000 16 19744.68608
16.9000 16 16824.40192
17.0000 16 14040.43264
17.1000 16 14470.3488
17.2000 16 14355.00544
17.3000 16 7859.07712
17.4000 16 3727.68768
