0.1000 16 0.0
0.2000 16 1939.8656
0.3000 16 754.97472
0.4000 16 31666.9952
0.5000 16 52187.62752
0.6000 16 48748.29824
0.7000 16 51694.7968
0.8000 16 39950.7456
0.9000 16 56885.248
1.0000 16 54295.26528
1.1000 16 49356.47232
1.2000 16 44606.42304
1.3000 16 46389.00224
1.4000 16 47741.66528
1.5000 16 52863.95904
1.6000 16 41408.26624
1.7000 16 41943.04
1.8000 16 43044.0448
1.9000 16 47196.40576
2.0000 16 47542.43584
2.1000 16 51432.6528
2.2000 16 49613.37344
2.3000 16 44103.10656
2.4000 16 44365.25056
2.5000 16 44145.0496
2.6000 16 42095.08352
2.7000 16 43563.08992
2.8000 16 48014.29504
2.9000 16 44569.72288
3.0000 16 40359.69024
3.1000 16 30592.2048
3.2000 16 25380.78208
3.3000 16 22864.19968
3.4000 16 25092.42368
3.5000 16 25202.52416
3.6000 16 19613.61408
3.7000 16 5080.35072
3.8000 16 6480.19968
3.9000 16 8189.37856
4.0000 16 8178.8928
4.1000 16 8252.29312
4.2000 16 8262.77888
4.3000 16 8157.92128
4.4000 16 8262.77888
4.5000 16 8262.77888
4.6000 16 8189.37856
4.7000 16 8079.27808
4.8000 16 1447.03488
4.9000 16 4047.50336
5.0000 16 12897.4848
5.1000 16 13054.7712
5.2000 16 13096.71424
5.3000 16 13757.31712
5.4000 16 18329.10848
5.5000 16 18056.47872
5.6000 16 18255.70816
5.7000 16 18129.87904
5.8000 16 18350.08
5.9000 16 18192.7936
6.0000 16 18486.39488
6.1000 16 18444.45184
6.2000 16 16137.58464
6.3000 16 7864.32
6.4000 16 7392.4608
6.5000 16 7308.57472
6.6000 16 3297.77152
6.7000 16 0.0
6.8000 16 0.0
6.9000 16 0.0
7.0000 16 0.0
7.1000 16 6962.54464
7.2000 16 11534.336
7.3000 16 13967.03232
7.4000 16 13872.66048
7.5000 16 13683.9168
7.6000 16 13925.08928
7.7000 16 13442.74432
7.8000 16 18475.90912
7.9000 16 19922.944
8.0000 16 19713.2288
8.1000 16 20206.05952
8.2000 16 26927.43168
8.3000 16 28830.59712
8.4000 16 28222.42304
8.5000 16 20719.86176
8.6000 16 22397.58336
8.7000 16 22712.15616
8.8000 16 32411.48416
8.9000 16 29643.24352
9.0000 16 33910.94784
9.1000 16 41764.78208
9.2000 16 38409.33888
9.3000 16 40066.08896
9.4000 16 42226.15552
9.5000 16 42509.27104
9.6000 16 41298.16576
9.7000 16 36233.54368
9.8000 16 32542.55616
9.9000 16 34917.5808
10.0000 16 42021.6832
10.1000 16 43348.13184
10.2000 16 35672.55552
10.3000 16 42325.77024
10.4000 16 47961.86624
10.5000 16 42960.15872
10.6000 16 41565.55264
10.7000 16 42157.99808
10.8000 16 44302.336
10.9000 16 44826.624
11.0000 16 44412.43648
11.1000 16 41214.27968
11.2000 16 30345.78944
11.3000 16 32212.25472
11.4000 16 34173.09184
11.5000 16 34587.27936
11.6000 16 30613.17632
11.7000 16 30235.68896
11.8000 16 30822.89152
11.9000 16 27745.32096
12.0000 16 26093.81376
12.1000 16 22769.82784
12.2000 16 23886.56128
12.3000 16 25669.14048
12.4000 16 23813.16096
12.5000 16 14779.67872
12.6000 16 20520.63232
12.7000 16 17736.66304
12.8000 16 14952.69376
12.9000 16 14973.66528
13.0000 16 14994.6368
13.1000 16 14973.66528
13.2000 16 10522.46016
13.3000 16 7319.06048
13.4000 16 948.96128
13.5000 16 0.0
13.6000 16 0.0
13.7000 16 0.0
13.8000 16 2380.26752
13.9000 16 7895.77728
14.0000 16 12981.37088
14.1000 16 178.25792
14.2000 16 4718.592
14.3000 16 7843.34848
14.4000 16 8105.49248
14.5000 16 8095.00672
14.6000 16 8084.52096
14.7000 16 10265.55904
14.8000 16 13820.23168
14.9000 16 12682.52672
15.0000 16 8157.92128
15.1000 16 13946.0608
15.2000 16 11586.7648
15.3000 16 10485.76
15.4000 16 18087.936
15.5000 16 11198.79168
15.6000 16 12420.38272
15.7000 16 7864.32
15.8000 16 440.40192
15.9000 16 3701.47328
16.0000 16 14250.14784
16.1000 16 14386.46272
16.2000 16 13631.488
16.3000 16 13683.9168
16.4000 16 13851.68896
16.5000 16 13694.40256
16.6000 16 14061.40416
16.7000 16 14575.2064
16.8000 16 14826.86464
16.9000 16 1080.03328
