0.1000 16 0.0
0.2000 16 1971.32288
0.3000 16 3261.07136
0.4000 16 33554.432
0.5000 16 39468.40064
0.6000 16 39604.71552
0.7000 16 50352.61952
0.8000 16 50279.2192
0.9000 16 43463.4752
1.0000 16 45665.4848
1.1000 16 46661.632
1.2000 16 43861.93408
1.3000 16 48559.55456
1.4000 16 50090.47552
1.5000 16 50808.75008
1.6000 16 47049.60512
1.7000 16 47940.89472
1.8000 16 47086.30528
1.9000 16 45114.9824
2.0000 16 35284.5824
2.1000 16 33491.51744
2.2000 16 32841.40032
2.3000 16 40380.66176
2.4000 16 42928.70144
2.5000 16 45560.6272
2.6000 16 44590.6944
2.7000 16 44040.192
2.8000 16 45634.02752
2.9000 16 44386.22208
3.0000 16 39389.75744
3.1000 16 36055.28576
3.2000 16 36836.47488
3.3000 16 37093.376
3.4000 16 38519.43936
3.5000 16 42928.70144
3.6000 16 37858.83648
3.7000 16 30136.07424
3.8000 16 27441.23392
3.9000 16 25973.22752
4.0000 16 23152.55808
4.1000 16 23052.94336
4.2000 16 17448.30464
4.3000 16 11198.79168
4.4000 16 10684.98944
4.5000 16 11251.22048
4.6000 16 11408.50688
4.7000 16 11230.24896
4.8000 16 11083.44832
4.9000 16 7932.47744
5.0000 16 6873.41568
5.1000 16 0.0
5.2000 16 0.0
5.3000 16 0.0
5.4000 16 5882.51136
5.5000 16 12362.71104
5.6000 16 12268.3392
5.7000 16 12499.02592
5.8000 16 12320.768
5.9000 16 12027.16672
6.0000 16 17920.16384
6.1000 16 18182.30784
6.2000 16 20688.40448
6.3000 16 21789.40928
6.4000 16 21611.15136
6.5000 16 30492.59008
6.6000 16 31226.59328
6.7000 16 30214.71744
6.8000 16 26560.43008
6.9000 16 25873.6128
7.0000 16 33596.37504
7.1000 16 36983.27552
7.2000 16 34576.7936
7.3000 16 32558.2848
7.4000 16 30670.848
7.5000 16 31404.8512
7.6000 16 34346.10688
7.7000 16 31939.62496
7.8000 16 32652.65664
7.9000 16 30277.632
8.0000 16 34854.66624
8.1000 16 36102.47168
8.2000 16 33848.03328
8.3000 16 34891.3664
8.4000 16 28563.21024
8.5000 16 29160.89856
8.6000 16 28662.82496
8.7000 16 27441.23392
8.8000 16 26686.2592
8.9000 16 28290.58048
9.0000 16 29438.7712
9.1000 16 31530.68032
9.2000 16 29312.94208
9.3000 16 29470.22848
9.4000 16 30775.7056
9.5000 16 32233.22624
9.6000 16 33418.11712
9.7000 16 32306.62656
9.8000 16 34110.17728
9.9000 16 35609.64096
10.0000 16 38278.26688
10.1000 16 35268.85376
10.2000 16 33208.40192
10.3000 16 43290.46016
10.4000 16 45141.1968
10.5000 16 39782.97344
10.6000 16 37916.50816
10.7000 16 32553.04192
10.8000 16 29915.87328
10.9000 16 29905.38752
11.0000 16 30838.62016
11.1000 16 37234.93376
11.2000 16 33575.40352
11.3000 16 39258.68544
11.4000 16 38965.08416
11.5000 16 37869.32224
11.6000 16 34372.32128
11.7000 16 19199.42656
11.8000 16 471.8592
11.9000 16 11744.0512
12.0000 16 48438.96832
12.1000 16 10207.88736
12.2000 16 0.0
12.3000 16 0.0
12.4000 16 0.0
12.5000 16 39232.47104
12.6000 16 35787.89888
12.7000 16 30807.16288
12.8000 16 24893.19424
12.9000 16 19120.78336
13.0000 16 14234.4192
13.1000 16 14092.86144
13.2000 16 14250.14784
13.3000 16 9075.42528
13.4000 16 5997.85472
13.5000 16 5955.91168
13.6000 16 5206.17984
