0.1000 16 0.0
0.2000 16 1835.008
0.3000 16 12614.36928
0.4000 16 40726.69184
0.5000 16 31415.33696
0.6000 16 18821.9392
0.7000 16 41.94304
0.8000 16 11848.9088
0.9000 16 55931.04384
1.0000 16 31635.53792
1.1000 16 58615.3984
1.2000 16 58133.05344
1.3000 16 50153.39008
1.4000 16 37926.99392
1.5000 16 6752.82944
1.6000 16 19734.20032
1.7000 16 48056.23808
1.8000 16 29590.81472
1.9000 16 2139.09504
2.0000 16 2097.152
2.1000 16 0.0
2.2000 16 10831.79008
2.3000 16 62232.9856
2.4000 16 58437.14048
2.5000 16 62762.51648
2.6000 16 55710.84288
2.7000 16 27252.49024
2.8000 16 8682.20928
2.9000 16 26833.05984
3.0000 16 59281.24416
3.1000 16 59365.13024
3.2000 16 50121.9328
3.3000 16 28668.06784
3.4000 16 419.4304
3.5000 16 398.45888
3.6000 16 0.0
3.7000 16 23419.94496
3.8000 16 32411.48416
3.9000 16 4267.70432
4.0000 16 3460.3008
4.1000 16 16756.24448
4.2000 16 21107.83488
4.3000 16 50546.60608
4.4000 16 51852.0832
4.5000 16 55259.9552
4.6000 16 38702.94016
4.7000 16 17149.46048
4.8000 16 12315.52512
4.9000 16 57378.07872
5.0000 16 46797.94688
5.1000 16 44784.68096
5.2000 16 40842.0352
5.3000 16 38435.55328
5.4000 16 31813.79584
5.5000 16 32054.96832
5.6000 16 30466.37568
5.7000 16 26670.53056
5.8000 16 24893.19424
5.9000 16 13647.21664
6.0000 16 6501.1712
6.1000 16 8640.26624
6.2000 16 10894.70464
6.3000 16 18161.33632
6.4000 16 18171.82208
6.5000 16 19702.74304
6.6000 16 20090.71616
6.7000 16 18874.368
6.8000 16 19555.9424
6.9000 16 26780.63104
7.0000 16 25768.7552
7.1000 16 19094.56896
7.2000 16 18124.63616
7.3000 16 13851.68896
7.4000 16 14197.71904
7.5000 16 13998.4896
7.6000 16 13337.88672
7.7000 16 13400.80128
7.8000 16 13054.7712
7.9000 16 12740.1984
8.0000 16 17626.56256
8.1000 16 10401.87392
8.2000 16 6448.7424
8.3000 16 6522.14272
8.4000 16 7780.43392
8.5000 16 7906.26304
8.6000 16 16315.84256
8.7000 16 16179.52768
8.8000 16 17228.10368
8.9000 16 22397.58336
9.0000 16 20641.21856
9.1000 16 17028.87424
9.2000 16 15518.9248
9.3000 16 16588.47232
9.4000 16 17427.33312
9.5000 16 16200.4992
9.6000 16 27850.17856
9.7000 16 32201.76896
9.8000 16 34230.76352
9.9000 16 30922.50624
10.0000 16 30524.04736
10.1000 16 34644.95104
10.2000 16 34613.49376
10.3000 16 38042.33728
10.4000 16 37769.70752
10.5000 16 36621.5168
10.6000 16 42378.19904
10.7000 16 41403.02336
10.8000 16 30440.16128
10.9000 16 32951.5008
11.0000 16 36071.0144
11.1000 16 38021.36576
11.2000 16 37921.75104
11.3000 16 36846.96064
11.4000 16 41922.06848
11.5000 16 34644.95104
11.6000 16 33564.91776
11.7000 16 26219.64288
11.8000 16 30639.39072
11.9000 16 33323.74528
12.0000 16 41754.29632
12.1000 16 40548.43392
12.2000 16 35436.62592
12.3000 16 34912.33792
12.4000 16 32007.7824
12.5000 16 27687.64928
12.6000 16 26948.4032
12.7000 16 25637.6832
12.8000 16 27892.1216
12.9000 16 19073.59744
13.0000 16 14963.17952
13.1000 16 15183.38048
13.2000 16 10291.77344
13.3000 16 14313.0624
13.4000 16 21244.14976
13.5000 16 17589.8624
13.6000 16 8074.0352
13.7000 16 8063.54944
13.8000 16 8367.63648
13.9000 16 10737.41824
14.0000 16 14879.29344
14.1000 16 21254.63552
14.2000 16 20101.20192
14.3000 16 20594.03264
14.4000 16 19005.44
14.5000 16 18664.6528
14.6000 16 23959.9616
14.7000 16 21107.83488
14.8000 16 20688.40448
14.9000 16 21097.34912
15.0000 16 14701.03552
15.1000 16 7151.28832
15.2000 16 7340.032
15.3000 16 7434.40384
15.4000 16 7455.37536
15.5000 16 7381.97504
15.6000 16 4598.00576
