0.1000 16 0.0
0.2000 16 1939.8656
0.3000 16 8745.12384
0.4000 16 37392.22016
0.5000 16 38210.10944
0.6000 16 37570.47808
0.7000 16 36542.8736
0.8000 16 40191.91808
0.9000 16 44501.56544
1.0000 16 52061.7984
1.1000 16 48161.09568
1.2000 16 48119.15264
1.3000 16 48370.81088
1.4000 16 48161.09568
1.5000 16 47311.74912
1.6000 16 50473.20576
1.7000 16 40149.97504
1.8000 16 42315.28448
1.9000 16 37916.50816
2.0000 16 43956.30592
2.1000 16 41518.36672
2.2000 16 40260.07552
2.3000 16 42750.44352
2.4000 16 42268.09856
2.5000 16 44983.9104
2.6000 16 44302.336
2.7000 16 40045.11744
2.8000 16 40883.97824
2.9000 16 39258.68544
3.0000 16 40401.63328
3.1000 16 39447.42912
3.2000 16 42734.71488
3.3000 16 41586.52416
3.4000 16 39090.91328
3.5000 16 47804.57984
3.6000 16 43751.8336
3.7000 16 34859.90912
3.8000 16 27839.6928
3.9000 16 25496.12544
4.0000 16 23184.01536
4.1000 16 21464.35072
4.2000 16 21810.3808
4.3000 16 21862.8096
4.4000 16 24075.30496
4.5000 16 21957.18144
4.6000 16 25024.26624
4.7000 16 18219.008
4.8000 16 15036.57984
4.9000 16 15089.00864
5.0000 16 15330.18112
5.1000 16 15057.55136
5.2000 16 14606.66368
5.3000 16 20038.28736
5.4000 16 27158.1184
5.5000 16 21626.88
5.6000 16 19351.47008
5.7000 16 13495.17312
5.8000 16 14805.89312
5.9000 16 18591.25248
6.0000 16 18790.48192
6.1000 16 17794.33472
6.2000 16 18381.53728
6.3000 16 18517.85216
6.4000 16 19896.7296
6.5000 16 12928.94208
6.6000 16 11906.58048
6.7000 16 8472.49408
6.8000 16 14103.3472
6.9000 16 13746.83136
7.0000 16 13694.40256
7.1000 16 13589.54496
7.2000 16 8624.5376
7.3000 16 6952.05888
7.4000 16 6721.37216
7.5000 16 10632.56064
7.6000 16 18779.99616
7.7000 16 20898.11968
7.8000 16 14763.95008
7.9000 16 6952.05888
8.0000 16 3848.27392
8.1000 16 15361.6384
8.2000 16 8115.97824
8.3000 16 37633.39264
8.4000 16 35955.67104
8.5000 16 21474.83648
8.6000 16 5620.36736
8.7000 16 39195.77088
8.8000 16 35174.48192
8.9000 16 23813.16096
9.0000 16 0.0
9.1000 16 21002.97728
9.2000 16 53236.20352
9.3000 16 45592.08448
9.4000 16 47951.38048
9.5000 16 22177.3824
9.6000 16 39132.85632
9.7000 16 53162.8032
9.8000 16 22759.34208
9.9000 16 4026.53184
10.0000 16 31226.59328
10.1000 16 49435.11552
10.2000 16 47175.43424
10.3000 16 52229.57056
10.4000 16 53550.77632
10.5000 16 23530.04544
10.6000 16 41046.50752
10.7000 16 58059.65312
10.8000 16 27472.6912
10.9000 16 13988.00384
11.0000 16 346.03008
11.1000 16 1059.06176
11.2000 16 6186.5984
11.3000 16 15885.9264
11.4000 16 50987.008
11.5000 16 50929.33632
11.6000 16 48281.68192
11.7000 16 1897.92256
11.8000 16 4131.38944
11.9000 16 45377.1264
12.0000 16 36207.32928
12.1000 16 41534.09536
12.2000 16 9300.86912
12.3000 16 0.0
12.4000 16 21443.3792
12.5000 16 14742.97856
12.6000 16 10695.4752
12.7000 16 41617.98144
12.8000 16 38058.06592
12.9000 16 25281.16736
13.0000 16 34970.0096
13.1000 16 17547.91936
13.2000 16 34388.04992
13.3000 16 30204.23168
13.4000 16 31708.93824
13.5000 16 35651.584
13.6000 16 29873.93024
13.7000 16 25836.91264
13.8000 16 18035.5072
13.9000 16 2490.368
