0.1000 16 0.0
0.2000 16 1772.09344
0.3000 16 20206.05952
0.4000 16 40946.8928
0.5000 16 37811.65056
0.6000 16 33197.91616
0.7000 16 32967.22944
0.8000 16 34141.63456
0.9000 16 39384.51456
1.0000 16 40254.83264
1.1000 16 40391.14752
1.2000 16 42551.21408
1.3000 16 42970.64448
1.4000 16 47972.352
1.5000 16 46944.74752
1.6000 16 46074.42944
1.7000 16 49796.87424
1.8000 16 50121.9328
1.9000 16 50142.90432
2.0000 16 48213.52448
2.1000 16 43175.1168
2.2000 16 45613.056
2.3000 16 42509.27104
2.4000 16 40475.0336
2.5000 16 36050.04288
2.6000 16 40317.7472
2.7000 16 44375.73632
2.8000 16 41376.80896
2.9000 16 41780.51072
3.0000 16 43578.81856
3.1000 16 40265.3184
3.2000 16 42152.7552
3.3000 16 39169.55648
3.4000 16 33098.30144
3.5000 16 31719.424
3.6000 16 29024.58368
3.7000 16 15246.29504
3.8000 16 7450.13248
3.9000 16 104.8576
4.0000 16 62.91456
4.1000 16 0.0
4.2000 16 41.94304
4.3000 16 52.4288
4.4000 16 52.4288
4.5000 16 0.0
4.6000 16 7203.71712
4.7000 16 7895.77728
4.8000 16 7948.20608
4.9000 16 7937.72032
5.0000 16 7937.72032
5.1000 16 7927.23456
5.2000 16 11125.39136
5.3000 16 15340.66688
5.4000 16 15497.95328
5.5000 16 15560.86784
5.6000 16 11707.35104
5.7000 16 7969.1776
5.8000 16 7958.69184
5.9000 16 7948.20608
6.0000 16 7874.80576
6.1000 16 7811.8912
6.2000 16 7607.41888
6.3000 16 94.37184
6.4000 16 0.0
6.5000 16 0.0
6.6000 16 0.0
6.7000 16 0.0
6.8000 16 0.0
6.9000 16 0.0
7.0000 16 0.0
7.1000 16 0.0
7.2000 16 0.0
7.3000 16 0.0
7.4000 16 5284.82304
7.5000 16 7948.20608
7.6000 16 7990.14912
7.7000 16 7937.72032
7.8000 16 8451.52256
7.9000 16 14952.69376
8.0000 16 15823.01184
8.1000 16 18633.19552
8.2000 16 21705.5232
8.3000 16 25742.5408
8.4000 16 28311.552
8.5000 16 33339.47392
8.6000 16 37591.4496
8.7000 16 37654.36416
8.8000 16 33806.09024
8.9000 16 30565.9904
9.0000 16 41104.1792
9.1000 16 39709.57312
9.2000 16 40485.51936
9.3000 16 29842.47296
9.4000 16 12100.56704
9.5000 16 24452.79232
9.6000 16 34361.83552
9.7000 16 34891.3664
9.8000 16 37675.33568
9.9000 16 38010.88
10.0000 16 33627.83232
10.1000 16 28987.88352
10.2000 16 40931.16416
10.3000 16 36899.38944
10.4000 16 40558.91968
10.5000 16 42949.67296
10.6000 16 42745.20064
10.7000 16 39887.83104
10.8000 16 37119.5904
10.9000 16 36186.35776
11.0000 16 36039.55712
11.1000 16 35347.49696
11.2000 16 36275.48672
11.3000 16 43484.44672
11.4000 16 47951.38048
11.5000 16 42865.78688
11.6000 16 34618.73664
11.7000 16 37245.41952
11.8000 16 38556.13952
11.9000 16 38755.36896
12.0000 16 39274.41408
12.1000 16 29449.25696
12.2000 16 22345.15456
12.3000 16 22890.41408
12.4000 16 23257.41568
12.5000 16 20441.98912
12.6000 16 19985.85856
12.7000 16 21328.03584
12.8000 16 20389.56032
12.9000 16 13967.03232
13.0000 16 8928.62464
13.1000 16 7077.888
13.2000 16 7402.94656
13.3000 16 8189.37856
13.4000 16 12630.09792
13.5000 16 8042.57792
13.6000 16 8063.54944
13.7000 16 8063.54944
13.8000 16 7969.1776
13.9000 16 8189.37856
14.0000 16 8105.49248
14.1000 16 7979.66336
14.2000 16 8021.6064
14.3000 16 6474.9568
14.4000 16 73.40032
14.5000 16 0.0
14.6000 16 0.0
14.7000 16 73.40032
14.8000 16 7790.91968
14.9000 16 8157.92128
15.0000 16 8095.00672
15.1000 16 8032.09216
15.2000 16 8011.12064
15.3000 16 8000.63488
15.4000 16 8105.49248
15.5000 16 7895.77728
15.6000 16 8021.6064
15.7000 16 8053.06368
15.8000 16 309.32992
15.9000 16 62.91456
16.0000 16 0.0
16.1000 16 0.0
16.2000 16 0.0
16.3000 16 2516.5824
16.4000 16 8157.92128
16.5000 16 8231.3216
16.6000 16 7979.66336
16.7000 16 8189.37856
16.8000 16 7937.72032
16.9000 16 10968.10496
17.0000 16 19755.17184
17.1000 16 25574.76864
17.2000 16 30471.61856
17.3000 16 30838.62016
17.4000 16 35378.95424
17.5000 16 34938.55232
17.6000 16 31378.6368
17.7000 16 30020.73088
17.8000 16 29171.38432
17.9000 16 28107.07968
18.0000 16 21799.89504
18.1000 16 8262.77888
18.2000 16 7969.1776
18.3000 16 7969.1776
18.4000 16 4587.52
