0.1000 16 0.0
0.2000 16 1866.46528
0.3000 16 5442.10944
0.4000 16 27556.57728
0.5000 16 12603.88352
0.6000 16 33627.83232
0.7000 16 55522.0992
0.8000 16 37476.10624
0.9000 16 15602.81088
1.0000 16 0.0
1.1000 16 21925.72416
1.2000 16 50834.96448
1.3000 16 47636.80768
1.4000 16 52219.0848
1.5000 16 41607.49568
1.6000 16 10317.98784
1.7000 16 36228.3008
1.8000 16 4508.8768
1.9000 16 29957.81632
2.0000 16 48391.7824
2.1000 16 48716.84096
2.2000 16 48276.43904
2.3000 16 44438.65088
2.4000 16 44333.79328
2.5000 16 42813.35808
2.6000 16 41376.80896
2.7000 16 47081.0624
2.8000 16 51474.59584
2.9000 16 37518.04928
3.0000 16 30136.07424
3.1000 16 29181.87008
3.2000 16 36322.67264
3.3000 16 34251.73504
3.4000 16 33292.288
3.5000 16 40391.14752
3.6000 16 41135.63648
3.7000 16 38676.72576
3.8000 16 32820.4288
3.9000 16 23886.56128
4.0000 16 21999.12448
4.1000 16 21972.91008
4.2000 16 28070.37952
4.3000 16 27456.96256
4.4000 16 25711.08352
4.5000 16 21705.5232
4.6000 16 21558.72256
4.7000 16 23105.37216
4.8000 16 22764.58496
4.9000 16 27116.17536
5.0000 16 31929.1392
5.1000 16 32013.02528
5.2000 16 32217.4976
5.3000 16 31855.73888
5.4000 16 31782.33856
5.5000 16 32463.91296
5.6000 16 26707.23072
5.7000 16 24337.44896
5.8000 16 23923.26144
5.9000 16 19440.59904
6.0000 16 23823.64672
6.1000 16 22921.87136
6.2000 16 22397.58336
6.3000 16 21495.808
6.4000 16 21092.10624
6.5000 16 19010.68288
6.6000 16 18045.99296
6.7000 16 18234.73664
6.8000 16 25773.99808
6.9000 16 29045.5552
7.0000 16 27509.39136
7.1000 16 32201.76896
7.2000 16 30073.15968
7.3000 16 27960.27904
7.4000 16 30503.07584
7.5000 16 30293.36064
7.6000 16 30314.33216
7.7000 16 30251.4176
7.8000 16 30408.704
7.9000 16 29900.14464
8.0000 16 25312.62464
8.1000 16 30146.56
8.2000 16 34241.24928
8.3000 16 30670.848
8.4000 16 30953.96352
8.5000 16 30560.74752
8.6000 16 31299.9936
8.7000 16 35200.69632
8.8000 16 40590.37696
8.9000 16 38571.86816
9.0000 16 36296.45824
9.1000 16 39709.57312
9.2000 16 41943.04
9.3000 16 38189.13792
9.4000 16 42907.72992
9.5000 16 41182.8224
9.6000 16 34215.03488
9.7000 16 30272.38912
9.8000 16 27430.74816
9.9000 16 31808.55296
10.0000 16 26743.93088
10.1000 16 23194.50112
10.2000 16 32254.19776
10.3000 16 28190.96576
10.4000 16 26455.57248
10.5000 16 26906.46016
10.6000 16 38021.36576
10.7000 16 33522.97472
10.8000 16 34571.55072
10.9000 16 37224.448
11.0000 16 40936.40704
11.1000 16 31478.25152
11.2000 16 28337.7664
11.3000 16 38508.9536
11.4000 16 48617.22624
11.5000 16 34990.98112
11.6000 16 27614.24896
11.7000 16 32652.65664
11.8000 16 39007.0272
11.9000 16 39562.77248
12.0000 16 38797.312
12.1000 16 31792.82432
12.2000 16 20400.04608
12.3000 16 19461.57056
12.4000 16 14323.54816
12.5000 16 13007.58528
12.6000 16 7161.77408
