0.1000 16 0.0
0.2000 16 1866.46528
0.3000 16 8566.86592
0.4000 16 40800.09216
0.5000 16 37381.7344
0.6000 16 44858.08128
0.7000 16 45172.65408
0.8000 16 48674.89792
0.9000 16 52984.54528
1.0000 16 54211.3792
1.1000 16 57053.02016
1.2000 16 49880.76032
1.3000 16 38566.62528
1.4000 16 54515.46624
1.5000 16 57115.93472
1.6000 16 54871.98208
1.7000 16 55532.58496
1.8000 16 42378.19904
1.9000 16 47164.94848
2.0000 16 51663.33952
2.1000 16 54709.4528
2.2000 16 55889.1008
2.3000 16 52203.35616
2.4000 16 50043.2896
2.5000 16 52486.47168
2.6000 16 39573.25824
2.7000 16 37753.97888
2.8000 16 34267.46368
2.9000 16 35001.46688
3.0000 16 26791.1168
3.1000 16 13343.1296
3.2000 16 1473.24928
3.3000 16 136.31488
3.4000 16 199.22944
3.5000 16 115.34336
3.6000 16 188.74368
3.7000 16 62.91456
3.8000 16 2485.12512
3.9000 16 7539.26144
4.0000 16 7329.54624
4.1000 16 7193.23136
4.2000 16 7539.26144
4.3000 16 6763.3152
4.4000 16 6826.22976
4.5000 16 7308.57472
4.6000 16 7874.80576
4.7000 16 7371.48928
4.8000 16 8294.23616
4.9000 16 4755.29216
5.0000 16 73.40032
5.1000 16 73.40032
5.2000 16 0.0
5.3000 16 62.91456
5.4000 16 0.0
5.5000 16 73.40032
5.6000 16 73.40032
5.7000 16 545.25952
5.8000 16 7256.14592
5.9000 16 7193.23136
6.0000 16 7130.3168
6.1000 16 13809.74592
6.2000 16 20289.9456
6.3000 16 20961.03424
6.4000 16 20059.25888
6.5000 16 20950.54848
6.6000 16 20803.74784
6.7000 16 21044.92032
6.8000 16 21023.9488
6.9000 16 20814.2336
7.0000 16 16688.08704
7.1000 16 12818.8416
7.2000 16 7329.54624
7.3000 16 6485.44256
7.4000 16 52.4288
7.5000 16 1803.55072
7.6000 16 8514.43712
7.7000 16 8252.29312
7.8000 16 8084.52096
7.9000 16 8147.43552
8.0000 16 10328.4736
8.1000 16 12090.08128
8.2000 16 11754.53696
8.3000 16 15193.86624
8.4000 16 19272.82688
8.5000 16 21999.12448
8.6000 16 22392.34048
8.7000 16 36479.95904
8.8000 16 37591.4496
8.9000 16 31698.45248
9.0000 16 35557.21216
9.1000 16 38986.05568
9.2000 16 44082.13504
9.3000 16 42572.1856
9.4000 16 38440.79616
9.5000 16 43232.78848
9.6000 16 40176.18944
9.7000 16 42152.7552
9.8000 16 45586.8416
9.9000 16 45696.94208
10.0000 16 45204.11136
10.1000 16 40836.79232
10.2000 16 40737.1776
10.3000 16 45219.84
10.4000 16 43175.1168
10.5000 16 41476.42368
10.6000 16 39342.57152
10.7000 16 39803.94496
10.8000 16 36757.83168
10.9000 16 39824.91648
11.0000 16 37853.5936
11.1000 16 33203.15904
11.2000 16 29774.31552
11.3000 16 30130.83136
11.4000 16 25092.42368
11.5000 16 24783.09376
11.6000 16 18538.82368
11.7000 16 18533.5808
11.8000 16 14533.26336
11.9000 16 14533.26336
12.0000 16 14512.29184
12.1000 16 15319.69536
12.2000 16 8393.85088
12.3000 16 7476.34688
12.4000 16 5961.15456
12.5000 16 115.34336
12.6000 16 62.91456
12.7000 16 2694.84032
12.8000 16 4760.53504
12.9000 16 8388.608
13.0000 16 8241.80736
13.1000 16 9321.84064
13.2000 16 13516.14464
13.3000 16 13851.68896
13.4000 16 13537.11616
13.5000 16 13694.40256
13.6000 16 14239.66208
13.7000 16 20552.0896
13.8000 16 13479.44448
13.9000 16 13138.65728
14.0000 16 13023.31392
14.1000 16 12782.14144
14.2000 16 14669.57824
14.3000 16 21244.14976
14.4000 16 19545.45664
14.5000 16 20237.5168
14.6000 16 17023.63136
14.7000 16 15445.52448
14.8000 16 8635.02336
14.9000 16 8252.29312
15.0000 16 8325.69344
15.1000 16 8273.26464
15.2000 16 4828.69248
15.3000 16 0.0
15.4000 16 1205.8624
15.5000 16 9374.26944
15.6000 16 11649.67936
15.7000 16 15372.12416
15.8000 16 15120.46592
15.9000 16 15288.23808
16.0000 16 15235.80928
16.1000 16 12205.42464
16.2000 16 7696.54784
16.3000 16 7738.49088
16.4000 16 14271.11936
16.5000 16 4655.67744
16.6000 16 346.03008
16.7000 16 964.68992
16.8000 16 1310.72
16.9000 16 10144.9728
17.0000 16 19052.62592
17.1000 16 16756.24448
17.2000 16 7345.27488
17.3000 16 16200.4992
17.4000 16 15456.01024
17.5000 16 15497.95328
17.6000 16 17993.56416
17.7000 16 21160.26368
17.8000 16 21390.9504
17.9000 16 21055.40608
18.0000 16 20583.54688
18.1000 16 24311.23456
18.2000 16 20074.98752
18.3000 16 12656.31232
18.4000 16 12446.59712
18.5000 16 12866.02752
18.6000 16 13841.2032
18.7000 16 13914.60352
18.8000 16 10491.00288
18.9000 16 7486.83264
19.0000 16 5484.05248
19.1000 16 0.0
19.2000 16 0.0
19.3000 16 73.40032
19.4000 16 0.0
19.5000 16 13453.23008
19.6000 16 1347.42016
