0.1000 16 0.0
0.2000 16 2023.75168
0.3000 16 10213.13024
0.4000 16 31048.33536
0.5000 16 37297.84832
0.6000 16 46839.88992
0.7000 16 50488.9344
0.8000 16 49283.072
0.9000 16 48182.0672
1.0000 16 50478.44864
1.1000 16 50457.47712
1.2000 16 55134.12608
1.3000 16 53299.11808
1.4000 16 51495.56736
1.5000 16 51254.39488
1.6000 16 43568.3328
1.7000 16 48213.52448
1.8000 16 50714.37824
1.9000 16 47893.7088
2.0000 16 55186.55488
2.1000 16 49283.072
2.2000 16 41974.49728
2.3000 16 39436.94336
2.4000 16 38797.312
2.5000 16 44931.4816
2.6000 16 39782.97344
2.7000 16 16787.70176
2.8000 16 42026.92608
2.9000 16 44795.16672
3.0000 16 38582.35392
3.1000 16 38902.1696
3.2000 16 35473.32608
3.3000 16 36941.33248
3.4000 16 29643.24352
3.5000 16 22916.62848
3.6000 16 24169.6768
3.7000 16 23210.22976
3.8000 16 20782.77632
3.9000 16 22921.87136
4.0000 16 22020.096
4.1000 16 21647.85152
4.2000 16 12986.61376
4.3000 16 8021.6064
4.4000 16 7570.71872
4.5000 16 12132.02432
4.6000 16 5699.01056
4.7000 16 209.7152
4.8000 16 304.08704
4.9000 16 115.34336
5.0000 16 7371.48928
5.1000 16 7581.20448
5.2000 16 7748.97664
5.3000 16 7224.68864
5.4000 16 11366.56384
5.5000 16 13191.08608
5.6000 16 13631.488
5.7000 16 13065.25696
5.8000 16 1551.89248
5.9000 16 3407.872
6.0000 16 27535.60576
6.1000 16 13552.8448
6.2000 16 8168.40704
6.3000 16 7675.57632
6.4000 16 7633.63328
6.5000 16 7287.6032
6.6000 16 7429.16096
6.7000 16 2705.32608
6.8000 16 52.4288
6.9000 16 209.7152
7.0000 16 744.48896
7.1000 16 167.77216
7.2000 16 16494.10048
7.3000 16 23026.72896
7.4000 16 24547.16416
7.5000 16 28835.84
7.6000 16 32484.88448
7.7000 16 33072.08704
7.8000 16 31174.16448
7.9000 16 30471.61856
8.0000 16 30744.24832
8.1000 16 32002.53952
8.2000 16 33297.53088
8.3000 16 33806.09024
8.4000 16 38640.0256
8.5000 16 40359.69024
8.6000 16 42320.52736
8.7000 16 41230.00832
8.8000 16 43945.82016
8.9000 16 40863.00672
9.0000 16 43641.73312
9.1000 16 43164.63104
9.2000 16 45607.81312
9.3000 16 45025.85344
9.4000 16 46357.54496
9.5000 16 49623.8592
9.6000 16 43646.976
9.7000 16 43641.73312
9.8000 16 46242.2016
9.9000 16 42587.91424
10.0000 16 40338.71872
10.1000 16 39573.25824
10.2000 16 39326.84288
10.3000 16 37879.808
10.4000 16 35892.75648
10.5000 16 37816.89344
10.6000 16 28526.51008
10.7000 16 33030.144
10.8000 16 30786.19136
10.9000 16 26995.58912
11.0000 16 24442.30656
11.1000 16 24767.36512
11.2000 16 23545.77408
11.3000 16 15870.19776
11.4000 16 14323.54816
11.5000 16 13668.18816
11.6000 16 10496.24576
11.7000 16 13044.28544
11.8000 16 12892.24192
11.9000 16 9112.12544
12.0000 16 7644.11904
12.1000 16 7623.14752
12.2000 16 7644.11904
12.3000 16 7560.23296
12.4000 16 7476.34688
12.5000 16 7560.23296
12.6000 16 7229.93152
12.7000 16 6008.34048
12.8000 16 9321.84064
12.9000 16 8053.06368
13.0000 16 10705.96096
13.1000 16 16190.01344
13.2000 16 17668.5056
13.3000 16 19220.39808
13.4000 16 18580.76672
13.5000 16 25050.48064
13.6000 16 24641.536
13.7000 16 20573.06112
13.8000 16 18334.35136
13.9000 16 17815.30624
14.0000 16 18905.82528
14.1000 16 18559.7952
14.2000 16 18329.10848
14.3000 16 18009.2928
14.4000 16 21013.46304
14.5000 16 19603.12832
14.6000 16 18926.7968
14.7000 16 15985.54112
14.8000 16 15057.55136
14.9000 16 14910.75072
15.0000 16 14826.86464
15.1000 16 14952.69376
15.2000 16 14973.66528
15.3000 16 14984.15104
15.4000 16 8131.70688
15.5000 16 7843.34848
15.6000 16 5332.00896
