0.1000 16 0.0
0.2000 16 1960.83712
0.3000 16 6889.14432
0.4000 16 28877.78304
0.5000 16 36123.4432
0.6000 16 41806.72512
0.7000 16 44291.85024
0.8000 16 44176.50688
0.9000 16 41827.69664
1.0000 16 42152.7552
1.1000 16 41334.86592
1.2000 16 43662.70464
1.3000 16 44491.07968
1.4000 16 48150.60992
1.5000 16 50279.2192
1.6000 16 49241.12896
1.7000 16 50656.70656
1.8000 16 51831.11168
1.9000 16 48622.46912
2.0000 16 49209.67168
2.1000 16 48234.496
2.2000 16 52607.05792
2.3000 16 50887.39328
2.4000 16 48360.32512
2.5000 16 45371.88352
2.6000 16 45010.1248
2.7000 16 36747.34592
2.8000 16 38519.43936
2.9000 16 31860.98176
3.0000 16 34157.3632
3.1000 16 36584.81664
3.2000 16 23923.26144
3.3000 16 26319.2576
3.4000 16 19068.35456
3.5000 16 9715.05664
3.6000 16 241.17248
3.7000 16 178.25792
3.8000 16 3764.38784
3.9000 16 7350.51776
4.0000 16 6973.0304
4.1000 16 7654.6048
4.2000 16 7654.6048
4.3000 16 6364.85632
4.4000 16 6595.54304
4.5000 16 6847.20128
4.6000 16 6574.57152
4.7000 16 12499.02592
4.8000 16 15172.89472
4.9000 16 17207.13216
5.0000 16 12682.52672
5.1000 16 11565.79328
5.2000 16 11576.27904
5.3000 16 11785.99424
5.4000 16 11534.336
5.5000 16 11765.02272
5.6000 16 11660.16512
5.7000 16 12006.1952
5.8000 16 12142.51008
5.9000 16 11628.70784
6.0000 16 12152.99584
6.1000 16 7177.50272
6.2000 16 3926.91712
6.3000 16 0.0
6.4000 16 0.0
6.5000 16 0.0
6.6000 16 0.0
6.7000 16 0.0
6.8000 16 0.0
6.9000 16 0.0
7.0000 16 7298.08896
7.1000 16 16410.2144
7.2000 16 24557.64992
7.3000 16 24956.1088
7.4000 16 31362.90816
7.5000 16 30796.67712
7.6000 16 29821.50144
7.7000 16 25836.91264
7.8000 16 21862.8096
7.9000 16 23005.75744
8.0000 16 29737.61536
8.1000 16 39426.4576
8.2000 16 40863.00672
8.3000 16 44847.59552
8.4000 16 52103.74144
8.5000 16 41308.65152
8.6000 16 39678.11584
8.7000 16 37947.96544
8.8000 16 44690.30912
8.9000 16 42871.02976
9.0000 16 41775.26784
9.1000 16 39588.98688
9.2000 16 41376.80896
9.3000 16 40433.09056
9.4000 16 41901.09696
9.5000 16 42320.52736
9.6000 16 41319.13728
9.7000 16 37906.0224
9.8000 16 36196.84352
9.9000 16 43725.6192
10.0000 16 47594.86464
10.1000 16 45120.22528
10.2000 16 46205.50144
10.3000 16 44826.624
10.4000 16 49309.2864
10.5000 16 42477.81376
10.6000 16 38010.88
10.7000 16 36925.60384
10.8000 16 32411.48416
10.9000 16 36993.76128
11.0000 16 40600.86272
11.1000 16 31425.82272
11.2000 16 28322.03776
11.3000 16 28112.32256
11.4000 16 24185.40544
11.5000 16 23461.888
11.6000 16 12320.768
11.7000 16 11712.59392
11.8000 16 11890.85184
11.9000 16 15728.64
12.0000 16 17028.87424
12.1000 16 8189.37856
12.2000 16 8178.8928
12.3000 16 8115.97824
12.4000 16 8011.12064
12.5000 16 9709.81376
12.6000 16 14145.29024
12.7000 16 14050.9184
12.8000 16 14061.40416
12.9000 16 10994.31936
13.0000 16 7193.23136
13.1000 16 7308.57472
13.2000 16 7402.94656
13.3000 16 7266.63168
13.4000 16 7340.032
13.5000 16 7361.00352
13.6000 16 7340.032
13.7000 16 2070.9376
13.8000 16 335.54432
13.9000 16 11051.99104
14.0000 16 12614.36928
14.1000 16 16588.47232
14.2000 16 17291.01824
14.3000 16 18444.45184
14.4000 16 19356.71296
14.5000 16 19346.2272
14.6000 16 19084.0832
14.7000 16 21569.20832
14.8000 16 25941.77024
14.9000 16 21134.04928
15.0000 16 19115.54048
15.1000 16 16572.74368
15.2000 16 10349.44512
15.3000 16 11901.3376
15.4000 16 11377.0496
15.5000 16 16074.67008
15.6000 16 16703.81568
15.7000 16 14905.50784
15.8000 16 14061.40416
15.9000 16 13998.4896
16.0000 16 14543.74912
16.1000 16 10165.94432
16.2000 16 7665.09056
16.3000 16 7707.0336
16.4000 16 7738.49088
16.5000 16 7686.06208
16.6000 16 2028.99456
