0.1000 16 0.0
0.2000 16 4655.67744
0.3000 16 23865.58976
0.4000 16 32694.59968
0.5000 16 36773.56032
0.6000 16 4120.90368
0.7000 16 3009.41312
0.8000 16 10034.87232
0.9000 16 5892.99712
1.0000 16 34288.4352
1.1000 16 53571.74784
1.2000 16 25899.8272
1.3000 16 25983.71328
1.4000 16 54882.46784
1.5000 16 58699.28448
1.6000 16 50342.13376
1.7000 16 49429.87264
1.8000 16 58258.88256
1.9000 16 56455.33184
2.0000 16 51222.9376
2.1000 16 51359.25248
2.2000 16 50929.33632
2.3000 16 54746.15296
2.4000 16 52837.74464
2.5000 16 52114.2272
2.6000 16 35662.06976
2.7000 16 44103.10656
2.8000 16 43893.39136
2.9000 16 52229.57056
3.0000 16 45025.85344
3.1000 16 37203.47648
3.2000 16 33192.67328
3.3000 16 31006.39232
3.4000 16 26654.80192
3.5000 16 21768.43776
3.6000 16 18323.8656
3.7000 16 15010.36544
3.8000 16 15010.36544
3.9000 16 18654.16704
4.0000 16 14847.83616
4.1000 16 8231.3216
4.2000 16 7077.888
4.3000 16 10213.13024
4.4000 16 11272.192
4.5000 16 11681.13664
4.6000 16 11796.48
4.7000 16 11429.4784
4.8000 16 11555.30752
4.9000 16 16756.24448
5.0000 16 19199.42656
5.1000 16 26476.544
5.2000 16 26130.51392
5.3000 16 26161.9712
5.4000 16 25045.23776
5.5000 16 20331.88864
5.6000 16 20992.49152
5.7000 16 19183.69792
5.8000 16 15917.38368
5.9000 16 11717.8368
6.0000 16 8393.85088
6.1000 16 62.91456
6.2000 16 62.91456
6.3000 16 52.4288
6.4000 16 62.91456
6.5000 16 0.0
6.6000 16 52.4288
6.7000 16 3670.016
6.8000 16 14239.66208
6.9000 16 29548.87168
7.0000 16 28332.52352
7.1000 16 28772.92544
7.2000 16 31216.10752
7.3000 16 33994.83392
7.4000 16 33355.20256
7.5000 16 41429.23776
7.6000 16 43851.44832
7.7000 16 45277.51168
7.8000 16 42519.7568
7.9000 16 38231.08096
8.0000 16 40590.37696
8.1000 16 42781.9008
8.2000 16 41764.78208
8.3000 16 42897.24416
8.4000 16 41659.92448
8.5000 16 38461.76768
8.6000 16 30172.7744
8.7000 16 27242.00448
8.8000 16 26025.65632
8.9000 16 27525.12
9.0000 16 29391.58528
9.1000 16 36715.88864
9.2000 16 37743.49312
9.3000 16 38681.96864
9.4000 16 40564.16256
9.5000 16 39148.58496
9.6000 16 38094.76608
9.7000 16 37780.19328
9.8000 16 38100.00896
9.9000 16 41355.83744
10.0000 16 39568.01536
10.1000 16 30618.4192
10.2000 16 29538.38592
10.3000 16 36354.12992
10.4000 16 43374.34624
10.5000 16 38891.68384
10.6000 16 38970.32704
10.7000 16 35148.26752
10.8000 16 34000.0768
10.9000 16 34676.40832
11.0000 16 34225.52064
11.1000 16 34194.06336
11.2000 16 33119.27296
11.3000 16 27420.2624
11.4000 16 26560.43008
11.5000 16 27027.0464
11.6000 16 31226.59328
11.7000 16 28851.56864
11.8000 16 27871.15008
11.9000 16 27477.93408
12.0000 16 26261.58592
12.1000 16 24714.93632
12.2000 16 23687.33184
12.3000 16 31163.67872
12.4000 16 29050.79808
12.5000 16 25564.28288
12.6000 16 27855.42144
12.7000 16 26481.78688
12.8000 16 21328.03584
12.9000 16 20908.60544
13.0000 16 20751.31904
13.1000 16 20426.26048
13.2000 16 16677.60128
13.3000 16 14774.43584
13.4000 16 14417.92
13.5000 16 7193.23136
