0.1000 16 0.0
0.2000 16 1971.32288
0.3000 16 10265.55904
0.4000 16 37989.90848
0.5000 16 37539.0208
0.6000 16 35745.95584
0.7000 16 32904.31488
0.8000 16 35536.24064
0.9000 16 40045.11744
1.0000 16 45780.82816
1.1000 16 39520.82944
1.2000 16 44711.28064
1.3000 16 47238.3488
1.4000 16 47972.352
1.5000 16 47762.6368
1.6000 16 47060.09088
1.7000 16 44826.624
1.8000 16 45492.46976
1.9000 16 42755.6864
2.0000 16 42226.15552
2.1000 16 39604.71552
2.2000 16 42986.37312
2.3000 16 44454.37952
2.4000 16 44517.29408
2.5000 16 46860.86144
2.6000 16 44690.30912
2.7000 16 43133.17376
2.8000 16 37937.47968
2.9000 16 35368.46848
3.0000 16 32107.39712
3.1000 16 25144.85248
3.2000 16 29800.52992
3.3000 16 27540.84864
3.4000 16 25899.8272
3.5000 16 26722.95936
3.6000 16 29003.61216
3.7000 16 25595.74016
3.8000 16 30115.10272
3.9000 16 29559.35744
4.0000 16 22963.8144
4.1000 16 23320.33024
4.2000 16 26371.6864
4.3000 16 28096.59392
4.4000 16 29276.24192
4.5000 16 34351.34976
4.6000 16 36160.14336
4.7000 16 27388.80512
4.8000 16 24594.35008
4.9000 16 22114.46784
5.0000 16 23991.41888
5.1000 16 30707.54816
5.2000 16 29286.72768
5.3000 16 28259.1232
5.4000 16 27467.44832
5.5000 16 20268.97408
5.6000 16 19870.5152
5.7000 16 19555.9424
5.8000 16 13657.7024
5.9000 16 15665.72544
6.0000 16 24809.30816
6.1000 16 26041.38496
6.2000 16 19063.11168
6.3000 16 16840.13056
6.4000 16 18717.0816
6.5000 16 28657.58208
6.6000 16 31625.05216
6.7000 16 32086.4256
6.8000 16 33816.576
6.9000 16 21695.03744
7.0000 16 10349.44512
7.1000 16 14323.54816
7.2000 16 30492.59008
7.3000 16 34865.152
7.4000 16 34870.39488
7.5000 16 31740.39552
7.6000 16 30172.7744
7.7000 16 31887.19616
7.8000 16 32049.72544
7.9000 16 28017.95072
8.0000 16 28526.51008
8.1000 16 25815.94112
8.2000 16 23949.47584
8.3000 16 24662.50752
8.4000 16 24305.99168
8.5000 16 20808.99072
8.6000 16 20594.03264
8.7000 16 22827.49952
8.8000 16 52.4288
8.9000 16 408.94464
9.0000 16 9720.29952
9.1000 16 28112.32256
9.2000 16 5955.91168
9.3000 16 775.94624
9.4000 16 1468.0064
9.5000 16 5158.99392
9.6000 16 49178.2144
9.7000 16 47296.02048
9.8000 16 48423.23968
9.9000 16 18496.88064
10.0000 16 46048.21504
10.1000 16 40087.06048
10.2000 16 18738.05312
10.3000 16 272.62976
10.4000 16 2705.32608
10.5000 16 1488.97792
10.6000 16 12593.39776
10.7000 16 49408.90112
10.8000 16 47500.4928
10.9000 16 49796.87424
11.0000 16 40244.34688
11.1000 16 22649.2416
11.2000 16 32752.27136
11.3000 16 20242.75968
11.4000 16 19566.42816
11.5000 16 40999.3216
11.6000 16 43557.84704
11.7000 16 38189.13792
11.8000 16 36710.64576
11.9000 16 33297.53088
12.0000 16 30277.632
12.1000 16 28416.4096
12.2000 16 31923.89632
12.3000 16 36112.95744
12.4000 16 31698.45248
12.5000 16 23425.18784
12.6000 16 23645.3888
12.7000 16 23928.50432
12.8000 16 26235.37152
12.9000 16 25616.71168
13.0000 16 24604.83584
13.1000 16 25779.24096
13.2000 16 20782.77632
13.3000 16 17815.30624
13.4000 16 13348.37248
13.5000 16 8603.56608
13.6000 16 4875.8784
13.7000 16 4409.26208
