0.1000 16 0.0
0.2000 16 2086.66624
0.3000 16 11723.07968
0.4000 16 24106.76224
0.5000 16 27315.4048
0.6000 16 39038.48448
0.7000 16 42771.41504
0.8000 16 45476.74112
0.9000 16 43778.048
1.0000 16 44763.70944
1.1000 16 44721.7664
1.2000 16 45445.28384
1.3000 16 43096.4736
1.4000 16 44868.56704
1.5000 16 46797.94688
1.6000 16 45791.31392
1.7000 16 49005.19936
1.8000 16 45964.32896
1.9000 16 42341.49888
2.0000 16 43688.91904
2.1000 16 40669.02016
2.2000 16 34854.66624
2.3000 16 23813.16096
2.4000 16 28049.408
2.5000 16 28526.51008
2.6000 16 25123.88096
2.7000 16 24080.54784
2.8000 16 28898.75456
2.9000 16 25705.84064
3.0000 16 23110.61504
3.1000 16 22271.75424
3.2000 16 25952.256
3.3000 16 29171.38432
3.4000 16 30377.24672
3.5000 16 29978.78784
3.6000 16 29003.61216
3.7000 16 30765.21984
3.8000 16 28610.39616
3.9000 16 27881.63584
4.0000 16 29265.75616
4.1000 16 31992.05376
4.2000 16 36249.27232
4.3000 16 36369.85856
4.4000 16 26308.77184
4.5000 16 30167.53152
4.6000 16 33638.31808
4.7000 16 40821.06368
4.8000 16 42372.95616
4.9000 16 37858.83648
5.0000 16 29947.33056
5.1000 16 29721.88672
5.2000 16 35457.59744
5.3000 16 32359.05536
5.4000 16 31708.93824
5.5000 16 30686.57664
5.6000 16 34707.8656
5.7000 16 29360.128
5.8000 16 21396.19328
5.9000 16 17584.61952
6.0000 16 17678.99136
6.1000 16 17469.27616
6.2000 16 17825.792
6.3000 16 21773.68064
6.4000 16 16829.6448
6.5000 16 16976.44544
6.6000 16 16431.18592
6.7000 16 16399.72864
6.8000 16 16714.30144
6.9000 16 18182.30784
7.0000 16 21013.46304
7.1000 16 18407.75168
7.2000 16 13741.58848
7.3000 16 10957.6192
7.4000 16 10506.73152
7.5000 16 10543.43168
7.6000 16 5725.22496
7.7000 16 5945.42592
7.8000 16 9248.44032
7.9000 16 12436.11136
8.0000 16 18192.7936
8.1000 16 18203.27936
8.2000 16 18748.53888
8.3000 16 18622.70976
8.4000 16 15157.16608
8.5000 16 12782.14144
8.6000 16 22009.61024
8.7000 16 30020.73088
8.8000 16 33858.51904
8.9000 16 34697.37984
9.0000 16 35593.91232
9.1000 16 29978.78784
9.2000 16 30157.04576
9.3000 16 38115.7376
9.4000 16 35520.512
9.5000 16 31729.90976
9.6000 16 29852.95872
9.7000 16 27352.10496
9.8000 16 23965.20448
9.9000 16 21034.43456
10.0000 16 19257.09824
10.1000 16 15838.74048
10.2000 16 12677.28384
10.3000 16 13568.57344
10.4000 16 20793.26208
10.5000 16 8692.69504
10.6000 16 7056.91648
10.7000 16 24704.45056
10.8000 16 29412.5568
10.9000 16 34340.864
11.0000 16 41460.69504
11.1000 16 39971.71712
11.2000 16 42226.15552
11.3000 16 34241.24928
11.4000 16 35850.81344
11.5000 16 35861.2992
11.6000 16 4341.10464
11.7000 16 39730.54464
11.8000 16 38965.08416
11.9000 16 39027.99872
12.0000 16 22712.15616
12.1000 16 1027.60448
12.2000 16 18140.3648
12.3000 16 33905.70496
12.4000 16 31625.05216
12.5000 16 29905.38752
12.6000 16 23802.6752
12.7000 16 2359.296
12.8000 16 31158.43584
12.9000 16 19954.40128
13.0000 16 23152.55808
13.1000 16 21286.0928
13.2000 16 17343.44704
13.3000 16 20048.77312
13.4000 16 15927.86944
13.5000 16 17988.32128
13.6000 16 21317.55008
13.7000 16 20772.29056
13.8000 16 23613.93152
13.9000 16 22754.0992
14.0000 16 8891.92448
14.1000 16 18313.37984
14.2000 16 21841.83808
14.3000 16 19267.584
14.4000 16 15193.86624
14.5000 16 15298.72384
14.6000 16 14601.4208
14.7000 16 12960.39936
14.8000 16 12472.81152
14.9000 16 7402.94656
15.0000 16 5866.78272
