0.1000 16 0.0
0.2000 16 2023.75168
0.3000 16 9384.7552
0.4000 16 29737.61536
0.5000 16 29402.07104
0.6000 16 29611.78624
0.7000 16 32096.91136
0.8000 16 40632.32
0.9000 16 46892.31872
1.0000 16 55396.27008
1.1000 16 54200.89344
1.2000 16 51034.19392
1.3000 16 51443.13856
1.4000 16 50079.98976
1.5000 16 47227.86304
1.6000 16 49471.81568
1.7000 16 49786.38848
1.8000 16 38304.48128
1.9000 16 0.0
2.0000 16 2569.0112
2.1000 16 14512.29184
2.2000 16 30482.10432
2.3000 16 6008.34048
2.4000 16 14082.37568
2.5000 16 26298.28608
2.6000 16 0.0
2.7000 16 47185.92
2.8000 16 51469.35296
2.9000 16 8262.77888
3.0000 16 8493.4656
3.1000 16 20562.57536
3.2000 16 23026.72896
3.3000 16 34125.90592
3.4000 16 0.0
3.5000 16 14103.3472
3.6000 16 46756.00384
3.7000 16 48837.4272
3.8000 16 43274.73152
3.9000 16 40123.76064
4.0000 16 49650.0736
4.1000 16 47180.67712
4.2000 16 37224.448
4.3000 16 33837.54752
4.4000 16 30691.81952
4.5000 16 16137.58464
4.6000 16 35950.42816
4.7000 16 36196.84352
4.8000 16 10690.23232
4.9000 16 639.63136
5.0000 16 1352.66304
5.1000 16 0.0
5.2000 16 10349.44512
5.3000 16 21275.60704
5.4000 16 17542.67648
5.5000 16 15109.98016
5.6000 16 14365.4912
5.7000 16 9861.85728
5.8000 16 11466.17856
5.9000 16 7507.80416
6.0000 16 8766.09536
6.1000 16 12934.18496
6.2000 16 4550.81984
6.3000 16 15015.60832
6.4000 16 13128.17152
6.5000 16 2589.98272
6.6000 16 5452.5952
6.7000 16 13369.344
6.8000 16 5725.22496
6.9000 16 15602.81088
7.0000 16 27346.86208
7.1000 16 28059.89376
7.2000 16 28909.24032
7.3000 16 16315.84256
7.4000 16 6469.71392
7.5000 16 8713.66656
7.6000 16 24520.94976
7.7000 16 23047.70048
7.8000 16 22051.55328
7.9000 16 24001.90464
8.0000 16 24777.85088
8.1000 16 16410.2144
8.2000 16 15172.89472
8.3000 16 11896.09472
8.4000 16 7507.80416
8.5000 16 7769.94816
8.6000 16 7381.97504
8.7000 16 7759.4624
8.8000 16 7728.00512
8.9000 16 7528.77568
9.0000 16 9154.06848
9.1000 16 16698.5728
9.2000 16 25511.85408
9.3000 16 32495.37024
9.4000 16 36951.81824
9.5000 16 42310.0416
9.6000 16 34120.66304
9.7000 16 35001.46688
9.8000 16 32830.91456
9.9000 16 32526.82752
10.0000 16 32505.856
10.1000 16 36553.35936
10.2000 16 33224.13056
10.3000 16 38996.54144
10.4000 16 38351.6672
10.5000 16 40616.59136
10.6000 16 35578.18368
10.7000 16 36118.20032
10.8000 16 32642.17088
10.9000 16 32652.65664
11.0000 16 31237.07904
11.1000 16 30372.00384
11.2000 16 35976.64256
11.3000 16 36375.10144
11.4000 16 28253.88032
11.5000 16 28987.88352
11.6000 16 21301.82144
11.7000 16 23367.51616
11.8000 16 24966.59456
11.9000 16 33040.62976
12.0000 16 36338.40128
12.1000 16 25700.59776
12.2000 16 26403.14368
12.3000 16 32857.12896
12.4000 16 36071.0144
12.5000 16 35284.5824
12.6000 16 32474.39872
12.7000 16 29826.74432
12.8000 16 26182.94272
12.9000 16 26780.63104
13.0000 16 19000.19712
13.1000 16 15644.75392
13.2000 16 17332.96128
13.3000 16 7035.94496
13.4000 16 8692.69504
13.5000 16 7381.97504
13.6000 16 10129.24416
13.7000 16 14103.3472
13.8000 16 13935.57504
13.9000 16 14984.15104
14.0000 16 17028.87424
14.1000 16 22093.49632
14.2000 16 19891.48672
14.3000 16 18606.98112
14.4000 16 22083.01056
14.5000 16 18947.76832
14.6000 16 18790.48192
14.7000 16 20520.63232
14.8000 16 17768.12032
14.9000 16 17406.3616
15.0000 16 22292.72576
15.1000 16 17443.06176
15.2000 16 16986.9312
15.3000 16 20006.83008
15.4000 16 19639.82848
15.5000 16 15608.05376
15.6000 16 15120.46592
15.7000 16 19241.3696
15.8000 16 18738.05312
15.9000 16 18821.9392
16.0000 16 18979.2256
16.1000 16 19776.14336
16.2000 16 15461.25312
16.3000 16 14784.9216
16.4000 16 9369.02656
16.5000 16 7319.06048
16.6000 16 7109.34528
16.7000 16 7093.61664
