0.1000 16 0.0
0.2000 16 1908.40832
0.3000 16 9216.98304
0.4000 16 35242.63936
0.5000 16 41167.09376
0.6000 16 40946.8928
0.7000 16 40579.8912
0.8000 16 47731.17952
0.9000 16 47123.00544
1.0000 16 47825.55136
1.1000 16 51568.96768
1.2000 16 47815.0656
1.3000 16 45707.42784
1.4000 16 45864.71424
1.5000 16 44197.4784
1.6000 16 41544.58112
1.7000 16 39431.70048
1.8000 16 41623.22432
1.9000 16 36165.38624
2.0000 16 34608.25088
2.1000 16 34298.92096
2.2000 16 35704.0128
2.3000 16 37245.41952
2.4000 16 41439.72352
2.5000 16 39730.54464
2.6000 16 39447.42912
2.7000 16 35557.21216
2.8000 16 31158.43584
2.9000 16 31163.67872
3.0000 16 37355.52
3.1000 16 38619.05408
3.2000 16 35871.78496
3.3000 16 38529.92512
3.4000 16 32400.9984
3.5000 16 35242.63936
3.6000 16 40024.14592
3.7000 16 36207.32928
3.8000 16 31394.36544
3.9000 16 37308.33408
4.0000 16 35609.64096
4.1000 16 33638.31808
4.2000 16 35268.85376
4.3000 16 35074.8672
4.4000 16 33701.23264
4.5000 16 33848.03328
4.6000 16 32296.1408
4.7000 16 30372.00384
4.8000 16 34466.69312
4.9000 16 38624.29696
5.0000 16 34445.7216
5.1000 16 36521.90208
5.2000 16 34534.85056
5.3000 16 41528.85248
5.4000 16 40994.07872
5.5000 16 39499.85792
5.6000 16 40170.94656
5.7000 16 43023.07328
5.8000 16 39405.48608
5.9000 16 35667.31264
6.0000 16 35735.47008
6.1000 16 39064.69888
6.2000 16 32484.88448
6.3000 16 37906.0224
6.4000 16 39279.65696
6.5000 16 33664.53248
6.6000 16 31247.5648
6.7000 16 32998.68672
6.8000 16 29868.68736
6.9000 16 28122.80832
7.0000 16 31604.08064
7.1000 16 29727.1296
7.2000 16 29003.61216
7.3000 16 32070.69696
7.4000 16 26161.9712
7.5000 16 25747.78368
7.6000 16 15676.2112
7.7000 16 16483.61472
7.8000 16 18066.96448
7.9000 16 25815.94112
8.0000 16 25952.256
8.1000 16 29800.52992
8.2000 16 32180.79744
8.3000 16 30885.80608
8.4000 16 29108.46976
8.5000 16 29727.1296
8.6000 16 29569.8432
8.7000 16 23954.71872
8.8000 16 25800.21248
8.9000 16 21113.07776
9.0000 16 21328.03584
9.1000 16 22837.98528
9.2000 16 13510.90176
9.3000 16 16252.928
9.4000 16 20216.54528
9.5000 16 21810.3808
9.6000 16 23571.98848
9.7000 16 22712.15616
9.8000 16 24442.30656
9.9000 16 23760.73216
10.0000 16 19608.3712
10.1000 16 16169.04192
10.2000 16 11848.9088
10.3000 16 20069.74464
10.4000 16 22523.41248
10.5000 16 26665.28768
10.6000 16 26707.23072
10.7000 16 29716.64384
10.8000 16 36217.81504
10.9000 16 35410.41152
11.0000 16 33313.25952
11.1000 16 34508.63616
11.2000 16 36805.0176
11.3000 16 38094.76608
11.4000 16 33737.9328
11.5000 16 31761.36704
11.6000 16 25448.93952
11.7000 16 23661.11744
11.8000 16 25296.896
11.9000 16 20541.60384
12.0000 16 19734.20032
12.1000 16 14307.81952
12.2000 16 13951.30368
12.3000 16 2773.48352
