0.1000 16 0.0
0.2000 16 2055.20896
0.3000 16 8378.12224
0.4000 16 33229.37344
0.5000 16 41691.38176
0.6000 16 47238.3488
0.7000 16 44470.10816
0.8000 16 45130.71104
0.9000 16 51694.7968
1.0000 16 49062.87104
1.1000 16 47175.43424
1.2000 16 42907.72992
1.3000 16 46808.43264
1.4000 16 51673.82528
1.5000 16 50730.10688
1.6000 16 49555.70176
1.7000 16 48538.58304
1.8000 16 46394.24512
1.9000 16 38629.53984
2.0000 16 39662.3872
2.1000 16 41313.8944
2.2000 16 43945.82016
2.3000 16 45041.58208
2.4000 16 40459.30496
2.5000 16 41235.2512
2.6000 16 44076.89216
2.7000 16 42331.01312
2.8000 16 43442.50368
2.9000 16 41481.66656
3.0000 16 39237.71392
3.1000 16 34566.30784
3.2000 16 33806.09024
3.3000 16 30094.1312
3.4000 16 28751.95392
3.5000 16 28065.13664
3.6000 16 29674.7008
3.7000 16 29512.17152
3.8000 16 27871.15008
3.9000 16 34718.35136
4.0000 16 36212.57216
4.1000 16 39678.11584
4.2000 16 38975.56992
4.3000 16 37051.43296
4.4000 16 33449.5744
4.5000 16 28998.36928
4.6000 16 27105.6896
4.7000 16 27048.01792
4.8000 16 23713.54624
4.9000 16 15340.66688
5.0000 16 14381.21984
5.1000 16 11817.45152
5.2000 16 11450.44992
5.3000 16 10480.51712
5.4000 16 7161.77408
5.5000 16 11985.22368
5.6000 16 14648.60672
5.7000 16 14082.37568
5.8000 16 18475.90912
5.9000 16 19461.57056
6.0000 16 19985.85856
6.1000 16 24285.02016
6.2000 16 24851.2512
6.3000 16 27640.46336
6.4000 16 27944.5504
6.5000 16 25186.79552
6.6000 16 15665.72544
6.7000 16 23194.50112
6.8000 16 20284.70272
6.9000 16 27609.00608
7.0000 16 28164.75136
7.1000 16 29171.38432
7.2000 16 29569.8432
7.3000 16 28353.49504
7.4000 16 31163.67872
7.5000 16 32154.58304
7.6000 16 28909.24032
7.7000 16 28238.15168
7.8000 16 26990.34624
7.9000 16 13657.7024
8.0000 16 15109.98016
8.1000 16 54966.35392
8.2000 16 38912.65536
8.3000 16 33507.24608
8.4000 16 28479.32416
8.5000 16 40506.49088
8.6000 16 33376.17408
8.7000 16 28872.54016
8.8000 16 50221.54752
8.9000 16 37402.70592
9.0000 16 38723.91168
9.1000 16 41612.73856
9.2000 16 17920.16384
9.3000 16 1614.80704
9.4000 16 16619.9296
9.5000 16 38084.28032
9.6000 16 3282.04288
9.7000 16 12352.22528
9.8000 16 5389.68064
9.9000 16 3481.27232
10.0000 16 39699.08736
10.1000 16 35085.35296
10.2000 16 36369.85856
10.3000 16 29622.272
10.4000 16 28668.06784
10.5000 16 43232.78848
10.6000 16 40034.63168
10.7000 16 33806.09024
10.8000 16 3250.5856
10.9000 16 41859.15392
11.0000 16 23876.07552
11.1000 16 44753.22368
11.2000 16 47280.29184
11.3000 16 44627.39456
11.4000 16 36343.64416
11.5000 16 1331.69152
11.6000 16 18156.09344
11.7000 16 9657.38496
11.8000 16 40663.77728
11.9000 16 38461.76768
12.0000 16 30041.7024
12.1000 16 22586.32704
12.2000 16 7895.77728
12.3000 16 16085.15584
12.4000 16 23498.58816
12.5000 16 28940.6976
12.6000 16 25433.21088
12.7000 16 20992.49152
12.8000 16 20908.60544
12.9000 16 12257.85344
13.0000 16 5358.22336
13.1000 16 5080.35072
