0.1000 16 0.0
0.2000 16 1814.03648
0.3000 16 3586.12992
0.4000 16 0.0
0.5000 16 33019.65824
0.6000 16 43694.16192
0.7000 16 27556.57728
0.8000 16 9898.55744
0.9000 16 2652.89728
1.0000 16 48423.23968
1.1000 16 18496.88064
1.2000 16 534.77376
1.3000 16 23876.07552
1.4000 16 27629.9776
1.5000 16 18098.42176
1.6000 16 26990.34624
1.7000 16 10160.70144
1.8000 16 59475.23072
1.9000 16 46242.2016
2.0000 16 35966.1568
2.1000 16 27535.60576
2.2000 16 54704.20992
2.3000 16 57703.13728
2.4000 16 60450.4064
2.5000 16 51642.368
2.6000 16 56628.34688
2.7000 16 47689.23648
2.8000 16 44711.28064
2.9000 16 46913.29024
3.0000 16 50163.87584
3.1000 16 46934.26176
3.2000 16 45728.39936
3.3000 16 49503.27296
3.4000 16 49650.0736
3.5000 16 47149.21984
3.6000 16 49335.5008
3.7000 16 47054.848
3.8000 16 28736.22528
3.9000 16 17962.10688
4.0000 16 19262.34112
4.1000 16 19603.12832
4.2000 16 16934.5024
4.3000 16 23629.66016
4.4000 16 20363.34592
4.5000 16 19996.34432
4.6000 16 20761.8048
4.7000 16 20363.34592
4.8000 16 20667.43296
4.9000 16 20630.7328
5.0000 16 20709.376
5.1000 16 15130.95168
5.2000 16 22051.55328
5.3000 16 23063.42912
5.4000 16 15639.51104
5.5000 16 11335.10656
5.6000 16 7654.6048
5.7000 16 7350.51776
5.8000 16 7581.20448
5.9000 16 7413.43232
6.0000 16 7413.43232
6.1000 16 7329.54624
6.2000 16 7366.2464
6.3000 16 4404.0192
6.4000 16 73.40032
6.5000 16 0.0
6.6000 16 52.4288
6.7000 16 62.91456
6.8000 16 62.91456
6.9000 16 0.0
7.0000 16 52.4288
7.1000 16 62.91456
7.2000 16 0.0
7.3000 16 73.40032
7.4000 16 52.4288
7.5000 16 0.0
7.6000 16 73.40032
7.7000 16 52.4288
7.8000 16 62.91456
7.9000 16 0.0
8.0000 16 52.4288
8.1000 16 4781.50656
8.2000 16 6878.65856
8.3000 16 10485.76
8.4000 16 12740.1984
8.5000 16 18759.02464
8.6000 16 19084.0832
8.7000 16 17039.36
8.8000 16 23959.9616
8.9000 16 30272.38912
9.0000 16 32830.91456
9.1000 16 33596.37504
9.2000 16 34970.0096
9.3000 16 29171.38432
9.4000 16 32033.9968
9.5000 16 34487.66464
9.6000 16 34655.4368
9.7000 16 33648.80384
9.8000 16 34697.37984
9.9000 16 34686.89408
10.0000 16 34854.66624
10.1000 16 33056.3584
10.2000 16 25721.56928
10.3000 16 29837.23008
10.4000 16 29118.95552
10.5000 16 24756.87936
10.6000 16 25218.2528
10.7000 16 30524.04736
10.8000 16 42456.84224
10.9000 16 44533.02272
11.0000 16 42278.58432
11.1000 16 41633.71008
11.2000 16 40810.57792
11.3000 16 34440.47872
11.4000 16 35798.38464
11.5000 16 39421.21472
11.6000 16 42781.9008
11.7000 16 45644.51328
11.8000 16 46189.7728
11.9000 16 46289.38752
12.0000 16 38582.35392
12.1000 16 27388.80512
12.2000 16 27168.60416
12.3000 16 25375.5392
12.4000 16 27776.77824
12.5000 16 27477.93408
12.6000 16 28232.9088
12.7000 16 24735.90784
12.8000 16 20840.448
12.9000 16 22586.32704
13.0000 16 17039.36
13.1000 16 12394.16832
13.2000 16 12656.31232
13.3000 16 13715.37408
13.4000 16 13998.4896
13.5000 16 14029.94688
13.6000 16 13164.87168
13.7000 16 8220.83584
13.8000 16 8273.26464
13.9000 16 1945.10848
14.0000 16 4257.21856
14.1000 16 7319.06048
14.2000 16 7518.28992
14.3000 16 7235.1744
14.4000 16 7392.4608
14.5000 16 7287.6032
14.6000 16 8787.06688
14.7000 16 13432.25856
14.8000 16 16284.38528
14.9000 16 16441.67168
15.0000 16 14680.064
15.1000 16 16855.8592
15.2000 16 17280.53248
15.3000 16 21799.89504
15.4000 16 22051.55328
15.5000 16 27147.63264
15.6000 16 27084.71808
15.7000 16 20819.47648
15.8000 16 21883.78112
15.9000 16 24945.62304
16.0000 16 25260.19584
16.1000 16 22208.83968
16.2000 16 19697.50016
16.3000 16 17427.33312
16.4000 16 16279.1424
16.5000 16 13516.14464
16.6000 16 7471.104
16.7000 16 7308.57472
16.8000 16 7581.20448
16.9000 16 7119.83104
17.0000 16 7455.37536
17.1000 16 6820.98688
17.2000 16 0.0
17.3000 16 0.0
17.4000 16 0.0
17.5000 16 0.0
17.6000 16 0.0
17.7000 16 0.0
17.8000 16 1048.576
17.9000 16 7958.69184
18.0000 16 8063.54944
18.1000 16 8011.12064
18.2000 16 8011.12064
18.3000 16 7948.20608
18.4000 16 8053.06368
18.5000 16 8000.63488
18.6000 16 8032.09216
18.7000 16 8053.06368
18.8000 16 5457.83808
