0.1000 16 0.0
0.2000 16 1824.52224
0.3000 16 9814.67136
0.4000 16 41450.20928
0.5000 16 49692.01664
0.6000 16 48884.61312
0.7000 16 47783.60832
0.8000 16 45487.22688
0.9000 16 46126.85824
1.0000 16 47385.14944
1.1000 16 53110.3744
1.2000 16 56381.93152
1.3000 16 55553.55648
1.4000 16 53016.00256
1.5000 16 53215.232
1.6000 16 54117.00736
1.7000 16 57456.72192
1.8000 16 52900.6592
1.9000 16 52171.89888
2.0000 16 45162.16832
2.1000 16 35074.8672
2.2000 16 35892.75648
2.3000 16 32726.05696
2.4000 16 27724.34944
2.5000 16 30157.04576
2.6000 16 28877.78304
2.7000 16 26203.91424
2.8000 16 26088.57088
2.9000 16 34739.32288
3.0000 16 33491.51744
3.1000 16 31027.36384
3.2000 16 24604.83584
3.3000 16 22444.76928
3.4000 16 26177.69984
3.5000 16 29491.2
3.6000 16 27729.59232
3.7000 16 31530.68032
3.8000 16 21265.12128
3.9000 16 19503.5136
4.0000 16 17878.2208
4.1000 16 16924.01664
4.2000 16 19146.99776
4.3000 16 21810.3808
4.4000 16 24830.27968
4.5000 16 31792.82432
4.6000 16 31541.16608
4.7000 16 34104.9344
4.8000 16 24956.1088
4.9000 16 25019.02336
5.0000 16 23959.9616
5.1000 16 22051.55328
5.2000 16 18150.85056
5.3000 16 19954.40128
5.4000 16 12886.99904
5.5000 16 15277.75232
5.6000 16 15524.16768
5.7000 16 9248.44032
5.8000 16 9337.56928
5.9000 16 7612.66176
6.0000 16 7329.54624
6.1000 16 6522.14272
6.2000 16 6469.71392
6.3000 16 6595.54304
6.4000 16 6396.3136
6.5000 16 7287.6032
6.6000 16 11198.79168
6.7000 16 9667.87072
6.8000 16 14061.40416
6.9000 16 13579.0592
7.0000 16 12179.21024
7.1000 16 7633.63328
7.2000 16 7707.0336
7.3000 16 7811.8912
7.4000 16 13778.28864
7.5000 16 9133.09696
7.6000 16 6113.19808
7.7000 16 1426.06336
7.8000 16 13841.2032
7.9000 16 22523.41248
8.0000 16 18229.49376
8.1000 16 22397.58336
8.2000 16 22596.8128
8.3000 16 26780.63104
8.4000 16 32453.4272
8.5000 16 31268.53632
8.6000 16 33753.66144
8.7000 16 38849.7408
8.8000 16 35735.47008
8.9000 16 33837.54752
9.0000 16 35441.8688
9.1000 16 34068.23424
9.2000 16 32967.22944
9.3000 16 41880.12544
9.4000 16 35337.0112
9.5000 16 33155.97312
9.6000 16 35829.84192
9.7000 16 33066.84416
9.8000 16 19613.61408
9.9000 16 4854.90688
10.0000 16 36710.64576
10.1000 16 40218.13248
10.2000 16 12981.37088
10.3000 16 16326.32832
10.4000 16 13746.83136
10.5000 16 16347.29984
10.6000 16 43337.64608
10.7000 16 38351.6672
10.8000 16 42037.41184
10.9000 16 44040.192
11.0000 16 45031.09632
11.1000 16 49744.44544
11.2000 16 48727.32672
11.3000 16 52512.68608
11.4000 16 54929.65376
11.5000 16 50394.56256
11.6000 16 50169.11872
11.7000 16 38314.96704
11.8000 16 31394.36544
11.9000 16 37240.17664
12.0000 16 31284.26496
12.1000 16 29821.50144
12.2000 16 33355.20256
12.3000 16 31672.23808
12.4000 16 36312.18688
12.5000 16 35080.11008
12.6000 16 31541.16608
12.7000 16 29999.75936
12.8000 16 29312.94208
12.9000 16 29291.97056
13.0000 16 25281.16736
13.1000 16 24379.392
13.2000 16 24987.56608
13.3000 16 23419.94496
13.4000 16 20153.63072
13.5000 16 12876.51328
13.6000 16 7869.56288
