0.1000 16 0.0
0.2000 16 1876.95104
0.3000 16 8168.40704
0.4000 16 42383.44192
0.5000 16 46179.28704
0.6000 16 46724.54656
0.7000 16 44291.85024
0.8000 16 41617.98144
0.9000 16 42844.81536
1.0000 16 44742.73792
1.1000 16 57357.1072
1.2000 16 188.74368
1.3000 16 629.1456
1.4000 16 11880.36608
1.5000 16 34267.46368
1.6000 16 12519.99744
1.7000 16 17678.99136
1.8000 16 38147.19488
1.9000 16 5400.1664
2.0000 16 46525.31712
2.1000 16 49681.53088
2.2000 16 11586.7648
2.3000 16 8000.63488
2.4000 16 45230.32576
2.5000 16 34173.09184
2.6000 16 47678.75072
2.7000 16 38052.82304
2.8000 16 17170.432
2.9000 16 33711.7184
3.0000 16 46483.37408
3.1000 16 11387.53536
3.2000 16 40254.83264
3.3000 16 8608.80896
3.4000 16 25711.08352
3.5000 16 44354.7648
3.6000 16 31431.0656
3.7000 16 33648.80384
3.8000 16 15665.72544
3.9000 16 31677.48096
4.0000 16 35190.21056
4.1000 16 38807.79776
4.2000 16 42514.51392
4.3000 16 40018.90304
4.4000 16 36962.304
4.5000 16 35551.96928
4.6000 16 26885.48864
4.7000 16 7769.94816
4.8000 16 38776.34048
4.9000 16 44008.73472
5.0000 16 14564.72064
5.1000 16 18591.25248
5.2000 16 31058.82112
5.3000 16 36233.54368
5.4000 16 36380.34432
5.5000 16 18732.81024
5.6000 16 17437.81888
5.7000 16 17532.19072
5.8000 16 12525.24032
5.9000 16 7570.71872
6.0000 16 8493.4656
6.1000 16 22177.3824
6.2000 16 23980.93312
6.3000 16 20955.79136
6.4000 16 18659.40992
6.5000 16 9279.8976
6.6000 16 8734.63808
6.7000 16 8797.55264
6.8000 16 8713.66656
6.9000 16 2506.09664
7.0000 16 17007.90272
7.1000 16 9589.22752
7.2000 16 6459.22816
7.3000 16 6616.51456
7.4000 16 10255.07328
7.5000 16 11765.02272
7.6000 16 11649.67936
7.7000 16 11513.36448
7.8000 16 15047.0656
7.9000 16 22617.78432
8.0000 16 29538.38592
8.1000 16 26707.23072
8.2000 16 25249.71008
8.3000 16 30634.14784
8.4000 16 28269.60896
8.5000 16 27629.9776
8.6000 16 28301.06624
8.7000 16 27619.49184
8.8000 16 26382.17216
8.9000 16 28683.79648
9.0000 16 28542.23872
9.1000 16 34015.80544
9.2000 16 27121.41824
9.3000 16 25674.38336
9.4000 16 37633.39264
9.5000 16 44711.28064
9.6000 16 45896.17152
9.7000 16 46693.08928
9.8000 16 42876.27264
9.9000 16 42939.1872
10.0000 16 40852.52096
10.1000 16 42635.10016
10.2000 16 40359.69024
10.3000 16 41188.06528
10.4000 16 46603.96032
10.5000 16 39211.49952
10.6000 16 40129.00352
10.7000 16 40915.43552
10.8000 16 39866.85952
10.9000 16 43012.58752
11.0000 16 42923.45856
11.1000 16 37208.71936
11.2000 16 32442.94144
11.3000 16 28489.80992
11.4000 16 27357.34784
11.5000 16 30073.15968
11.6000 16 31153.19296
11.7000 16 29868.68736
11.8000 16 26932.67456
11.9000 16 23367.51616
12.0000 16 21810.3808
12.1000 16 20347.61728
12.2000 16 14019.46112
12.3000 16 19618.85696
12.4000 16 25899.8272
12.5000 16 25753.02656
12.6000 16 24887.95136
12.7000 16 18329.10848
12.8000 16 16142.82752
12.9000 16 12509.51168
13.0000 16 12111.0528
13.1000 16 12341.73952
13.2000 16 12310.28224
13.3000 16 12656.31232
13.4000 16 14428.40576
13.5000 16 15618.53952
13.6000 16 12834.57024
13.7000 16 13893.632
13.8000 16 16342.05696
13.9000 16 14134.80448
14.0000 16 13967.03232
14.1000 16 14260.6336
14.2000 16 14061.40416
14.3000 16 14197.71904
14.4000 16 14470.3488
14.5000 16 14459.86304
14.6000 16 14491.32032
14.7000 16 6207.56992
14.8000 16 0.0
14.9000 16 0.0
15.0000 16 2621.44
15.1000 16 8870.95296
15.2000 16 8136.94976
15.3000 16 8283.7504
15.4000 16 8262.77888
15.5000 16 8241.80736
15.6000 16 8262.77888
15.7000 16 8168.40704
15.8000 16 8147.43552
15.9000 16 8168.40704
16.0000 16 2333.0816
