0.1000 16 0.0
0.2000 16 1897.92256
0.3000 16 10234.10176
0.4000 16 32002.53952
0.5000 16 36071.0144
0.6000 16 29873.93024
0.7000 16 41.94304
0.8000 16 46053.45792
0.9000 16 45560.6272
1.0000 16 48842.67008
1.1000 16 46619.68896
1.2000 16 14784.9216
1.3000 16 0.0
1.4000 16 18517.85216
1.5000 16 53938.74944
1.6000 16 49639.58784
1.7000 16 53718.54848
1.8000 16 47668.26496
1.9000 16 53802.43456
2.0000 16 23383.2448
2.1000 16 2443.18208
2.2000 16 24001.90464
2.3000 16 53676.60544
2.4000 16 53110.3744
2.5000 16 49450.84416
2.6000 16 52255.78496
2.7000 16 43442.50368
2.8000 16 42420.14208
2.9000 16 47647.29344
3.0000 16 45822.7712
3.1000 16 45529.16992
3.2000 16 42142.26944
3.3000 16 38954.5984
3.4000 16 44197.4784
3.5000 16 43526.38976
3.6000 16 51563.7248
3.7000 16 42545.9712
3.8000 16 37685.82144
3.9000 16 29690.42944
4.0000 16 31520.19456
4.1000 16 19629.34272
4.2000 16 19513.99936
4.3000 16 17081.30304
4.4000 16 10244.58752
4.5000 16 12855.54176
4.6000 16 13316.9152
4.7000 16 13374.58688
4.8000 16 8378.12224
4.9000 16 7434.40384
5.0000 16 7361.00352
5.1000 16 7151.28832
5.2000 16 11251.22048
5.3000 16 15382.60992
5.4000 16 15256.7808
5.5000 16 15109.98016
5.6000 16 12137.2672
5.7000 16 8178.8928
5.8000 16 10255.07328
5.9000 16 13463.71584
6.0000 16 13012.82816
6.1000 16 14328.79104
6.2000 16 19105.05472
6.3000 16 12614.36928
6.4000 16 12928.94208
6.5000 16 12918.45632
6.6000 16 12792.6272
6.7000 16 12677.28384
6.8000 16 12257.85344
6.9000 16 21464.35072
7.0000 16 26644.31616
7.1000 16 26245.85728
7.2000 16 25386.02496
7.3000 16 32023.51104
7.4000 16 28584.18176
7.5000 16 33250.34496
7.6000 16 32149.34016
7.7000 16 33889.97632
7.8000 16 33512.48896
7.9000 16 37324.06272
8.0000 16 38241.56672
8.1000 16 37318.81984
8.2000 16 32610.7136
8.3000 16 34487.66464
8.4000 16 38430.3104
8.5000 16 41927.31136
8.6000 16 41282.43712
8.7000 16 44837.10976
8.8000 16 41696.62464
8.9000 16 42918.21568
9.0000 16 41544.58112
9.1000 16 42561.69984
9.2000 16 43311.43168
9.3000 16 42771.41504
9.4000 16 40773.87776
9.5000 16 40590.37696
9.6000 16 37098.61888
9.7000 16 33800.84736
9.8000 16 37580.96384
9.9000 16 40134.2464
10.0000 16 36595.3024
10.1000 16 34047.26272
10.2000 16 25763.51232
10.3000 16 35997.61408
10.4000 16 45382.36928
10.5000 16 38566.62528
10.6000 16 29800.52992
10.7000 16 31279.02208
10.8000 16 33124.51584
10.9000 16 42152.7552
11.0000 16 41523.6096
11.1000 16 38718.6688
11.2000 16 34954.28096
11.3000 16 41240.49408
11.4000 16 34424.75008
11.5000 16 31126.97856
11.6000 16 43872.41984
11.7000 16 42477.81376
11.8000 16 38692.4544
11.9000 16 37219.20512
12.0000 16 29564.60032
12.1000 16 28133.29408
12.2000 16 28101.8368
12.3000 16 27158.1184
12.4000 16 26628.58752
12.5000 16 18512.60928
12.6000 16 14507.04896
12.7000 16 4162.84672
