0.1000 16 0.0
0.2000 16 1897.92256
0.3000 16 5840.56832
0.4000 16 32054.96832
0.5000 16 40454.06208
0.6000 16 47196.40576
0.7000 16 48182.0672
0.8000 16 49419.38688
0.9000 16 52229.57056
1.0000 16 49849.30304
1.1000 16 48454.69696
1.2000 16 42257.6128
1.3000 16 41617.98144
1.4000 16 40768.63488
1.5000 16 44113.59232
1.6000 16 46221.23008
1.7000 16 42561.69984
1.8000 16 41376.80896
1.9000 16 40579.8912
2.0000 16 40066.08896
2.1000 16 39630.92992
2.2000 16 37680.57856
2.3000 16 42886.7584
2.4000 16 44176.50688
2.5000 16 41476.42368
2.6000 16 38519.43936
2.7000 16 40815.8208
2.8000 16 40034.63168
2.9000 16 45267.02592
3.0000 16 41067.47904
3.1000 16 33391.90272
3.2000 16 35908.48512
3.3000 16 26953.64608
3.4000 16 25081.93792
3.5000 16 18900.5824
3.6000 16 8456.76544
3.7000 16 2343.56736
3.8000 16 115.34336
3.9000 16 230.68672
4.0000 16 188.74368
4.1000 16 1939.8656
4.2000 16 5903.48288
4.3000 16 6008.34048
4.4000 16 5892.99712
4.5000 16 5955.91168
4.6000 16 5777.65376
4.7000 16 5630.85312
4.8000 16 13222.54336
4.9000 16 13495.17312
5.0000 16 13138.65728
5.1000 16 13652.45952
5.2000 16 13274.97216
5.3000 16 13841.2032
5.4000 16 19157.48352
5.5000 16 19576.91392
5.6000 16 21071.13472
5.7000 16 23152.55808
5.8000 16 21175.99232
5.9000 16 18759.02464
6.0000 16 18098.42176
6.1000 16 14543.74912
6.2000 16 2464.1536
6.3000 16 3848.27392
6.4000 16 6731.85792
6.5000 16 0.0
6.6000 16 24767.36512
6.7000 16 26675.77344
6.8000 16 10747.904
6.9000 16 20615.00416
7.0000 16 20400.04608
7.1000 16 25763.51232
7.2000 16 26722.95936
7.3000 16 23765.97504
7.4000 16 16148.0704
7.5000 16 12362.71104
7.6000 16 7581.20448
7.7000 16 12478.0544
7.8000 16 8482.97984
7.9000 16 2149.5808
8.0000 16 18863.88224
8.1000 16 16294.87104
8.2000 16 10590.6176
8.3000 16 22879.92832
8.4000 16 22025.33888
8.5000 16 22450.01216
8.6000 16 24384.63488
8.7000 16 20258.48832
8.8000 16 29632.75776
8.9000 16 19943.91552
9.0000 16 14187.23328
9.1000 16 26235.37152
9.2000 16 27745.32096
9.3000 16 26439.84384
9.4000 16 19194.18368
9.5000 16 13385.07264
9.6000 16 10024.38656
9.7000 16 15529.41056
9.8000 16 15288.23808
9.9000 16 20866.6624
10.0000 16 15057.55136
10.1000 16 11492.39296
10.2000 16 13096.71424
10.3000 16 14622.39232
10.4000 16 8682.20928
10.5000 16 13484.68736
10.6000 16 18350.08
10.7000 16 17642.2912
10.8000 16 16588.47232
10.9000 16 26895.9744
11.0000 16 13107.2
11.1000 16 27000.832
11.2000 16 39174.79936
11.3000 16 41460.69504
11.4000 16 39384.51456
11.5000 16 34833.69472
11.6000 16 39667.63008
11.7000 16 39311.11424
11.8000 16 40286.28992
11.9000 16 37161.53344
12.0000 16 35038.16704
12.1000 16 32238.46912
12.2000 16 38225.83808
12.3000 16 32280.41216
12.4000 16 23189.25824
12.5000 16 28196.20864
12.6000 16 30953.96352
12.7000 16 32002.53952
12.8000 16 25160.58112
12.9000 16 16420.70016
13.0000 16 12289.31072
13.1000 16 12226.39616
13.2000 16 17962.10688
13.3000 16 18643.68128
13.4000 16 23047.70048
13.5000 16 22083.01056
13.6000 16 21951.93856
13.7000 16 17741.90592
13.8000 16 17647.53408
13.9000 16 16079.91296
14.0000 16 12582.912
14.1000 16 12310.28224
14.2000 16 12194.93888
14.3000 16 9473.88416
14.4000 16 5735.71072
14.5000 16 5630.85312
14.6000 16 5599.39584
14.7000 16 6480.19968
14.8000 16 16981.68832
14.9000 16 12111.0528
15.0000 16 12509.51168
15.1000 16 13977.51808
15.2000 16 15340.66688
15.3000 16 14533.26336
15.4000 16 18360.56576
15.5000 16 26749.17376
15.6000 16 29590.81472
15.7000 16 29307.6992
15.8000 16 20567.81824
15.9000 16 19445.84192
16.0000 16 14250.14784
16.1000 16 14313.0624
16.2000 16 14302.57664
16.3000 16 14355.00544
16.4000 16 14417.92
16.5000 16 12514.75456
16.6000 16 2731.54048
16.7000 16 0.0
16.8000 16 0.0
16.9000 16 0.0
17.0000 16 0.0
17.1000 16 0.0
17.2000 16 576.7168
17.3000 16 5138.0224
17.4000 16 19042.14016
17.5000 16 25899.8272
17.6000 16 27650.94912
17.7000 16 24400.36352
17.8000 16 23897.04704
17.9000 16 23718.78912
18.0000 16 24022.87616
18.1000 16 22434.28352
18.2000 16 15109.98016
18.3000 16 10155.45856
18.4000 16 7654.6048
18.5000 16 823.13216
