0.1000 16 0.0
0.2000 16 2044.7232
0.3000 16 0.0
0.4000 16 18004.04992
0.5000 16 31478.25152
0.6000 16 46074.42944
0.7000 16 47280.29184
0.8000 16 48486.15424
0.9000 16 50426.01984
1.0000 16 47951.38048
1.1000 16 49314.52928
1.2000 16 49125.7856
1.3000 16 49188.70016
1.4000 16 44627.39456
1.5000 16 43169.87392
1.6000 16 47720.69376
1.7000 16 49608.13056
1.8000 16 48999.95648
1.9000 16 44894.78144
2.0000 16 41135.63648
2.1000 16 33370.9312
2.2000 16 35536.24064
2.3000 16 35609.64096
2.4000 16 36396.07296
2.5000 16 35735.47008
2.6000 16 39547.04384
2.7000 16 39861.61664
2.8000 16 38744.8832
2.9000 16 28322.03776
3.0000 16 22890.41408
3.1000 16 28080.86528
3.2000 16 27640.46336
3.3000 16 26072.84224
3.4000 16 24112.00512
3.5000 16 20961.03424
3.6000 16 24106.76224
3.7000 16 23792.18944
3.8000 16 17490.24768
3.9000 16 17133.73184
4.0000 16 17888.70656
4.1000 16 18192.7936
4.2000 16 18077.45024
4.3000 16 15146.68032
4.4000 16 10118.7584
4.5000 16 9594.4704
4.6000 16 7098.85952
4.7000 16 12855.54176
4.8000 16 14889.7792
4.9000 16 14837.3504
5.0000 16 14742.97856
5.1000 16 18748.53888
5.2000 16 20111.68768
5.3000 16 20531.11808
5.4000 16 20824.71936
5.5000 16 20268.97408
5.6000 16 21097.34912
5.7000 16 16216.22784
5.8000 16 11864.63744
5.9000 16 7193.23136
6.0000 16 7130.3168
6.1000 16 6763.3152
6.2000 16 9641.65632
6.3000 16 7266.63168
6.4000 16 7088.37376
6.5000 16 7161.77408
6.6000 16 6973.0304
6.7000 16 9353.29792
6.8000 16 13967.03232
6.9000 16 13956.54656
7.0000 16 16106.12736
7.1000 16 18287.16544
7.2000 16 19346.2272
7.3000 16 23938.99008
7.4000 16 22350.39744
7.5000 16 20635.97568
7.6000 16 20793.26208
7.7000 16 20793.26208
7.8000 16 24505.22112
7.9000 16 25648.16896
8.0000 16 24735.90784
8.1000 16 26707.23072
8.2000 16 27619.49184
8.3000 16 27483.17696
8.4000 16 26345.472
8.5000 16 26004.6848
8.6000 16 27792.50688
8.7000 16 31625.05216
8.8000 16 33072.08704
8.9000 16 34398.53568
9.0000 16 31729.90976
9.1000 16 41313.8944
9.2000 16 41958.76864
9.3000 16 38975.56992
9.4000 16 38094.76608
9.5000 16 37675.33568
9.6000 16 39489.37216
9.7000 16 33979.10528
9.8000 16 30361.51808
9.9000 16 33103.54432
10.0000 16 30314.33216
10.1000 16 32159.82592
10.2000 16 34498.1504
10.3000 16 33045.87264
10.4000 16 37926.99392
10.5000 16 40328.23296
10.6000 16 39138.0992
10.7000 16 37444.64896
10.8000 16 31514.95168
10.9000 16 27598.52032
11.0000 16 22591.56992
11.1000 16 24751.63648
11.2000 16 21579.69408
11.3000 16 23456.64512
11.4000 16 21668.82304
11.5000 16 12624.85504
11.6000 16 7151.28832
11.7000 16 7895.77728
11.8000 16 11387.53536
11.9000 16 11188.30592
12.0000 16 14313.0624
12.1000 16 14197.71904
12.2000 16 14313.0624
12.3000 16 14134.80448
12.4000 16 10616.832
12.5000 16 12362.71104
12.6000 16 12194.93888
12.7000 16 13254.00064
12.8000 16 14491.32032
12.9000 16 14470.3488
13.0000 16 8435.79392
13.1000 16 7560.23296
13.2000 16 7717.51936
13.3000 16 7644.11904
13.4000 16 7004.48768
13.5000 16 8829.00992
13.6000 16 7785.6768
13.7000 16 5316.28032
13.8000 16 5274.33728
13.9000 16 5410.65216
14.0000 16 6385.82784
14.1000 16 12457.08288
14.2000 16 11995.70944
14.3000 16 12079.59552
14.4000 16 11377.0496
14.5000 16 15623.7824
14.6000 16 17532.19072
14.7000 16 25595.74016
14.8000 16 28704.768
14.9000 16 34623.97952
15.0000 16 32505.856
15.1000 16 31593.59488
15.2000 16 31771.8528
15.3000 16 31362.90816
15.4000 16 30052.18816
15.5000 16 30697.0624
15.6000 16 23509.07392
15.7000 16 22817.01376
15.8000 16 20725.10464
15.9000 16 23147.3152
16.0000 16 14548.992
16.1000 16 10858.00448
16.2000 16 7895.77728
16.3000 16 8000.63488
16.4000 16 7885.29152
16.5000 16 7906.26304
16.6000 16 7990.14912
16.7000 16 8000.63488
16.8000 16 7864.32
16.9000 16 7523.5328
