0.1000 16 0.0
0.2000 16 1866.46528
0.3000 16 8587.83744
0.4000 16 35798.38464
0.5000 16 36637.24544
0.6000 16 33543.94624
0.7000 16 33648.80384
0.8000 16 35798.38464
0.9000 16 38293.99552
1.0000 16 39311.11424
1.1000 16 38377.8816
1.2000 16 39678.11584
1.3000 16 43935.3344
1.4000 16 41722.83904
1.5000 16 42540.72832
1.6000 16 42278.58432
1.7000 16 44679.82336
1.8000 16 46588.23168
1.9000 16 48370.81088
2.0000 16 42189.45536
2.1000 16 39531.3152
2.2000 16 40606.1056
2.3000 16 46242.2016
2.4000 16 44449.13664
2.5000 16 38923.14112
2.6000 16 33848.03328
2.7000 16 38440.79616
2.8000 16 33460.06016
2.9000 16 36375.10144
3.0000 16 34078.72
3.1000 16 38928.384
3.2000 16 36128.68608
3.3000 16 35693.52704
3.4000 16 35546.7264
3.5000 16 32663.1424
3.6000 16 37360.76288
3.7000 16 41691.38176
3.8000 16 37801.1648
3.9000 16 37334.54848
4.0000 16 35184.96768
4.1000 16 32013.02528
4.2000 16 22848.47104
4.3000 16 23089.64352
4.4000 16 23058.18624
4.5000 16 21181.2352
4.6000 16 20295.18848
4.7000 16 21663.58016
4.8000 16 20169.35936
4.9000 16 17317.23264
5.0000 16 14638.12096
5.1000 16 14732.4928
5.2000 16 11434.72128
5.3000 16 7895.77728
5.4000 16 7780.43392
5.5000 16 7864.32
5.6000 16 7822.37696
5.7000 16 6328.15616
5.8000 16 3932.16
5.9000 16 8787.06688
6.0000 16 14323.54816
6.1000 16 14554.23488
6.2000 16 14271.11936
6.3000 16 14575.2064
6.4000 16 14092.86144
6.5000 16 19272.82688
6.6000 16 22586.32704
6.7000 16 31195.136
6.8000 16 32075.93984
6.9000 16 34194.06336
7.0000 16 32201.76896
7.1000 16 31210.86464
7.2000 16 27283.94752
7.3000 16 23849.86112
7.4000 16 21317.55008
7.5000 16 21128.8064
7.6000 16 21611.15136
7.7000 16 4807.72096
7.8000 16 3250.5856
7.9000 16 8011.12064
8.0000 16 7979.66336
8.1000 16 15560.86784
8.2000 16 15456.01024
8.3000 16 19912.45824
8.4000 16 30964.44928
8.5000 16 36658.21696
8.6000 16 35808.8704
8.7000 16 33543.94624
8.8000 16 41859.15392
8.9000 16 45487.22688
9.0000 16 40108.032
9.1000 16 41638.95296
9.2000 16 39211.49952
9.3000 16 45434.79808
9.4000 16 44559.23712
9.5000 16 42871.02976
9.6000 16 37733.00736
9.7000 16 37287.36256
9.8000 16 35410.41152
9.9000 16 35976.64256
10.0000 16 32720.81408
10.1000 16 37580.96384
10.2000 16 35017.19552
10.3000 16 41534.09536
10.4000 16 41775.26784
10.5000 16 41015.05024
10.6000 16 36438.016
10.7000 16 37318.81984
10.8000 16 37843.10784
10.9000 16 39216.7424
11.0000 16 39976.96
11.1000 16 37858.83648
11.2000 16 30691.81952
11.3000 16 24169.6768
11.4000 16 30094.1312
11.5000 16 32427.2128
11.6000 16 31074.54976
11.7000 16 26660.0448
11.8000 16 26434.60096
11.9000 16 29512.17152
12.0000 16 24431.8208
12.1000 16 24631.05024
12.2000 16 19707.98592
12.3000 16 22355.64032
12.4000 16 23970.44736
12.5000 16 26990.34624
12.6000 16 24583.86432
12.7000 16 27598.52032
12.8000 16 31121.73568
12.9000 16 27341.6192
13.0000 16 18418.23744
13.1000 16 11948.52352
13.2000 16 8241.80736
13.3000 16 8315.20768
13.4000 16 8304.72192
13.5000 16 7114.58816
