0.1000 16 0.0
0.2000 16 1918.89408
0.3000 16 8294.23616
0.4000 16 42928.70144
0.5000 16 44145.0496
0.6000 16 36626.75968
0.7000 16 43201.3312
0.8000 16 44606.42304
0.9000 16 50667.19232
1.0000 16 51631.88224
1.1000 16 50845.45024
1.2000 16 51967.42656
1.3000 16 51149.53728
1.4000 16 47311.74912
1.5000 16 50688.16384
1.6000 16 48570.04032
1.7000 16 49115.29984
1.8000 16 50079.98976
1.9000 16 51280.60928
2.0000 16 43023.07328
2.1000 16 42157.99808
2.2000 16 42996.85888
2.3000 16 38404.096
2.4000 16 45875.2
2.5000 16 40401.63328
2.6000 16 31535.9232
2.7000 16 33245.10208
2.8000 16 32600.22784
2.9000 16 38671.48288
3.0000 16 36537.63072
3.1000 16 32495.37024
3.2000 16 26969.37472
3.3000 16 29831.9872
3.4000 16 28804.38272
3.5000 16 23425.18784
3.6000 16 15796.79744
3.7000 16 16342.05696
3.8000 16 9327.08352
3.9000 16 9919.52896
4.0000 16 19828.57216
4.1000 16 16352.54272
4.2000 16 12949.9136
4.3000 16 13128.17152
4.4000 16 13264.4864
4.5000 16 12635.3408
4.6000 16 15927.86944
4.7000 16 19440.59904
4.8000 16 19660.8
4.9000 16 18994.95424
5.0000 16 13568.57344
5.1000 16 17626.56256
5.2000 16 17595.10528
5.3000 16 17689.47712
5.4000 16 18821.9392
5.5000 16 22408.06912
5.6000 16 23294.11584
5.7000 16 24201.13408
5.8000 16 29784.80128
5.9000 16 25459.42528
6.0000 16 27556.57728
6.1000 16 30052.18816
6.2000 16 28458.35264
6.3000 16 33428.60288
6.4000 16 35205.9392
6.5000 16 30817.64864
6.6000 16 29181.87008
6.7000 16 33250.34496
6.8000 16 30256.66048
6.9000 16 22329.42592
7.0000 16 21485.32224
7.1000 16 32054.96832
7.2000 16 42787.14368
7.3000 16 40212.8896
7.4000 16 42734.71488
7.5000 16 42718.98624
7.6000 16 43788.53376
7.7000 16 45502.95552
7.8000 16 29444.01408
7.9000 16 27808.23552
8.0000 16 34414.26432
8.1000 16 39971.71712
8.2000 16 40249.58976
8.3000 16 26796.35968
8.4000 16 28206.6944
8.5000 16 26864.51712
8.6000 16 30240.93184
8.7000 16 32149.34016
8.8000 16 31876.7104
8.9000 16 32883.34336
9.0000 16 31929.1392
9.1000 16 35934.69952
9.2000 16 41701.86752
9.3000 16 42781.9008
9.4000 16 42116.05504
9.5000 16 41471.1808
9.6000 16 37837.86496
9.7000 16 46132.10112
9.8000 16 52114.2272
9.9000 16 47343.2064
10.0000 16 46420.45952
10.1000 16 37748.736
10.2000 16 36763.07456
10.3000 16 44585.45152
10.4000 16 42687.52896
10.5000 16 41429.23776
10.6000 16 40354.44736
10.7000 16 27126.66112
10.8000 16 20683.1616
10.9000 16 18449.69472
11.0000 16 12582.912
11.1000 16 12824.08448
11.2000 16 14229.17632
11.3000 16 19257.09824
11.4000 16 20352.86016
11.5000 16 21663.58016
11.6000 16 18806.21056
11.7000 16 17983.0784
11.8000 16 17553.16224
11.9000 16 17731.42016
12.0000 16 18171.82208
12.1000 16 18161.33632
12.2000 16 18077.45024
12.3000 16 18087.936
12.4000 16 17658.01984
12.5000 16 8095.00672
12.6000 16 5075.10784
12.7000 16 7958.69184
12.8000 16 2521.82528
