0.1000 16 0.0
0.2000 16 1824.52224
0.3000 16 13274.97216
0.4000 16 30062.67392
0.5000 16 29297.21344
0.6000 16 27776.77824
0.7000 16 34403.77856
0.8000 16 37549.50656
0.9000 16 34152.12032
1.0000 16 42163.24096
1.1000 16 52250.54208
1.2000 16 53320.0896
1.3000 16 54158.9504
1.4000 16 55448.69888
1.5000 16 55605.98528
1.6000 16 55333.35552
1.7000 16 53613.69088
1.8000 16 51306.82368
1.9000 16 49613.37344
2.0000 16 50793.02144
2.1000 16 47836.03712
2.2000 16 46714.0608
2.3000 16 49136.27136
2.4000 16 48318.38208
2.5000 16 44826.624
2.6000 16 44454.37952
2.7000 16 46352.30208
2.8000 16 39688.6016
2.9000 16 34435.23584
3.0000 16 34204.54912
3.1000 16 34225.52064
3.2000 16 34859.90912
3.3000 16 35279.33952
3.4000 16 32731.29984
3.5000 16 24762.12224
3.6000 16 10774.1184
3.7000 16 2385.5104
3.8000 16 0.0
3.9000 16 125.82912
4.0000 16 125.82912
4.1000 16 52.4288
4.2000 16 5840.56832
4.3000 16 7906.26304
4.4000 16 7969.1776
4.5000 16 7969.1776
4.6000 16 8053.06368
4.7000 16 7843.34848
4.8000 16 13138.65728
4.9000 16 14103.3472
5.0000 16 14050.9184
5.1000 16 14061.40416
5.2000 16 12189.696
5.3000 16 6847.20128
5.4000 16 6700.40064
5.5000 16 9772.72832
5.6000 16 13778.28864
5.7000 16 14124.31872
5.8000 16 13002.3424
5.9000 16 12362.71104
6.0000 16 12231.63904
6.1000 16 7329.54624
6.2000 16 7423.91808
6.3000 16 7476.34688
6.4000 16 7056.91648
6.5000 16 10297.01632
6.6000 16 20185.088
6.7000 16 21375.22176
6.8000 16 21181.2352
6.9000 16 21170.74944
7.0000 16 20635.97568
7.1000 16 21862.8096
7.2000 16 24064.8192
7.3000 16 23708.30336
7.4000 16 23414.70208
7.5000 16 23561.50272
7.6000 16 25249.71008
7.7000 16 25847.3984
7.8000 16 35960.91392
7.9000 16 33779.87584
8.0000 16 35399.92576
8.1000 16 34608.25088
8.2000 16 41733.3248
8.3000 16 39436.94336
8.4000 16 43285.21728
8.5000 16 42981.13024
8.6000 16 45518.68416
8.7000 16 40695.23456
8.8000 16 42026.92608
8.9000 16 40375.41888
9.0000 16 33591.13216
9.1000 16 34131.1488
9.2000 16 40202.40384
9.3000 16 37989.90848
9.4000 16 33900.46208
9.5000 16 29344.39936
9.6000 16 26036.14208
9.7000 16 28285.3376
9.8000 16 28358.73792
9.9000 16 28128.0512
10.0000 16 26670.53056
10.1000 16 28227.66592
10.2000 16 30157.04576
10.3000 16 31016.87808
10.4000 16 34036.77696
10.5000 16 42698.01472
10.6000 16 37942.72256
10.7000 16 32207.01184
10.8000 16 33994.83392
10.9000 16 35221.66784
11.0000 16 36265.00096
11.1000 16 34204.54912
11.2000 16 34686.89408
11.3000 16 38839.25504
11.4000 16 37009.48992
11.5000 16 35840.32768
11.6000 16 31284.26496
11.7000 16 28458.35264
11.8000 16 29596.0576
11.9000 16 31467.76576
12.0000 16 33764.1472
12.1000 16 32836.15744
12.2000 16 30607.93344
12.3000 16 30392.97536
12.4000 16 17878.2208
12.5000 16 26539.45856
12.6000 16 34382.80704
12.7000 16 33622.58944
12.8000 16 32133.61152
12.9000 16 29973.54496
13.0000 16 28217.18016
13.1000 16 20850.93376
13.2000 16 19042.14016
13.3000 16 18863.88224
13.4000 16 16861.10208
13.5000 16 15424.55296
13.6000 16 13054.7712
13.7000 16 7885.29152
13.8000 16 7927.23456
13.9000 16 7822.37696
14.0000 16 3517.97248
