0.1000 16 0.0
0.2000 16 2097.152
0.3000 16 9342.81216
0.4000 16 32726.05696
0.5000 16 34749.80864
0.6000 16 43694.16192
0.7000 16 50971.27936
0.8000 16 54347.69408
0.9000 16 52198.11328
1.0000 16 56560.18944
1.1000 16 55249.46944
1.2000 16 52365.88544
1.3000 16 53068.43136
1.4000 16 54578.3808
1.5000 16 52995.03104
1.6000 16 54211.3792
1.7000 16 46483.37408
1.8000 16 51490.32448
1.9000 16 47269.80608
2.0000 16 50273.97632
2.1000 16 43342.88896
2.2000 16 41518.36672
2.3000 16 42923.45856
2.4000 16 41245.73696
2.5000 16 39027.99872
2.6000 16 39908.80256
2.7000 16 37271.63392
2.8000 16 36165.38624
2.9000 16 30807.16288
3.0000 16 22586.32704
3.1000 16 24028.11904
3.2000 16 22187.86816
3.3000 16 27262.976
3.4000 16 28772.92544
3.5000 16 27965.52192
3.6000 16 27839.6928
3.7000 16 24819.79392
3.8000 16 25721.56928
3.9000 16 24772.608
4.0000 16 26287.80032
4.1000 16 28458.35264
4.2000 16 25517.09696
4.3000 16 21611.15136
4.4000 16 25994.19904
4.5000 16 25401.7536
4.6000 16 27787.264
4.7000 16 19440.59904
4.8000 16 19513.99936
4.9000 16 19440.59904
5.0000 16 19692.25728
5.1000 16 19671.28576
5.2000 16 18051.23584
5.3000 16 12624.85504
5.4000 16 13699.64544
5.5000 16 14491.32032
5.6000 16 20059.25888
5.7000 16 20583.54688
5.8000 16 25454.1824
5.9000 16 28594.66752
6.0000 16 33732.68992
6.1000 16 34414.26432
6.2000 16 36133.92896
6.3000 16 36029.07136
6.4000 16 35394.68288
6.5000 16 32579.25632
6.6000 16 34424.75008
6.7000 16 23724.032
6.8000 16 25648.16896
6.9000 16 29811.01568
7.0000 16 31294.75072
7.1000 16 30749.4912
7.2000 16 25815.94112
7.3000 16 25868.36992
7.4000 16 28353.49504
7.5000 16 25711.08352
7.6000 16 24400.36352
7.7000 16 28369.22368
7.8000 16 23781.70368
7.9000 16 28552.72448
8.0000 16 29989.2736
8.1000 16 17998.80704
8.2000 16 29003.61216
8.3000 16 30723.2768
8.4000 16 30261.90336
8.5000 16 36883.6608
8.6000 16 36060.52864
8.7000 16 30361.51808
8.8000 16 23225.9584
8.9000 16 26277.31456
9.0000 16 21349.00736
9.1000 16 32951.5008
9.2000 16 8283.7504
9.3000 16 220.20096
9.4000 16 1751.12192
9.5000 16 0.0
9.6000 16 22041.06752
9.7000 16 29632.75776
9.8000 16 14501.80608
9.9000 16 47086.30528
10.0000 16 48821.69856
10.1000 16 46955.23328
10.2000 16 25207.76704
10.3000 16 14155.776
10.4000 16 26413.62944
10.5000 16 25836.91264
10.6000 16 0.0
10.7000 16 2002.78016
10.8000 16 0.0
10.9000 16 4875.8784
11.0000 16 35918.97088
11.1000 16 41188.06528
11.2000 16 45114.9824
11.3000 16 46436.18816
11.4000 16 26549.94432
11.5000 16 13505.65888
11.6000 16 43861.93408
11.7000 16 39594.22976
11.8000 16 48832.18432
11.9000 16 41874.88256
12.0000 16 42949.67296
12.1000 16 9264.16896
12.2000 16 12855.54176
12.3000 16 31111.24992
12.4000 16 34346.10688
12.5000 16 30870.07744
12.6000 16 28945.94048
12.7000 16 21904.75264
12.8000 16 12892.24192
12.9000 16 13453.23008
13.0000 16 16074.67008
13.1000 16 16756.24448
13.2000 16 9500.09856
13.3000 16 3072.32768
13.4000 16 6239.0272
13.5000 16 4503.63392
