0.1000 16 0.0
0.2000 16 1908.40832
0.3000 16 8252.29312
0.4000 16 29769.07264
0.5000 16 32988.20096
0.6000 16 32715.5712
0.7000 16 38241.56672
0.8000 16 45634.02752
0.9000 16 44543.50848
1.0000 16 42236.64128
1.1000 16 44553.99424
1.2000 16 43683.67616
1.3000 16 45382.36928
1.4000 16 44658.85184
1.5000 16 47028.6336
1.6000 16 47521.46432
1.7000 16 46960.47616
1.8000 16 44852.8384
1.9000 16 39699.08736
2.0000 16 37004.24704
2.1000 16 40087.06048
2.2000 16 39667.63008
2.3000 16 41423.99488
2.4000 16 42247.12704
2.5000 16 41308.65152
2.6000 16 42100.3264
2.7000 16 38723.91168
2.8000 16 36249.27232
2.9000 16 34078.72
3.0000 16 24872.22272
3.1000 16 24636.29312
3.2000 16 24924.65152
3.3000 16 24520.94976
3.4000 16 20074.98752
3.5000 16 21600.6656
3.6000 16 23545.77408
3.7000 16 19687.0144
3.8000 16 22355.64032
3.9000 16 20473.4464
4.0000 16 13762.56
4.1000 16 3056.59904
4.2000 16 0.0
4.3000 16 0.0
4.4000 16 0.0
4.5000 16 2222.98112
4.6000 16 7287.6032
4.7000 16 7329.54624
4.8000 16 7465.86112
4.9000 16 7266.63168
5.0000 16 7340.032
5.1000 16 7392.4608
5.2000 16 7549.7472
5.3000 16 7518.28992
5.4000 16 7591.69024
5.5000 16 7518.28992
5.6000 16 5216.6656
5.7000 16 52.4288
5.8000 16 0.0
5.9000 16 0.0
6.0000 16 0.0
6.1000 16 0.0
6.2000 16 0.0
6.3000 16 0.0
6.4000 16 0.0
6.5000 16 0.0
6.6000 16 0.0
6.7000 16 0.0
6.8000 16 0.0
6.9000 16 2789.21216
7.0000 16 7340.032
7.1000 16 7235.1744
7.2000 16 8241.80736
7.3000 16 15015.60832
7.4000 16 15068.03712
7.5000 16 15015.60832
7.6000 16 15078.52288
7.7000 16 14879.29344
7.8000 16 14533.26336
7.9000 16 21516.77952
8.0000 16 21889.024
8.1000 16 16619.9296
8.2000 16 23655.87456
8.3000 16 22528.65536
8.4000 16 17741.90592
8.5000 16 17479.76192
8.6000 16 17385.39008
8.7000 16 20468.20352
8.8000 16 27808.23552
8.9000 16 31452.03712
9.0000 16 27137.14688
9.1000 16 23058.18624
9.2000 16 28343.00928
9.3000 16 33522.97472
9.4000 16 30450.64704
9.5000 16 28301.06624
9.6000 16 25176.30976
9.7000 16 25108.15232
9.8000 16 29265.75616
9.9000 16 32925.2864
10.0000 16 34477.17888
10.1000 16 33213.6448
10.2000 16 34529.60768
10.3000 16 42939.1872
10.4000 16 51338.28096
10.5000 16 45854.22848
10.6000 16 43861.93408
10.7000 16 45298.4832
10.8000 16 40129.00352
10.9000 16 35662.06976
11.0000 16 35808.8704
11.1000 16 36857.4464
11.2000 16 38529.92512
11.3000 16 36055.28576
11.4000 16 29412.5568
11.5000 16 32857.12896
11.6000 16 27367.8336
11.7000 16 22675.456
11.8000 16 19194.18368
11.9000 16 24929.8944
12.0000 16 26833.05984
12.1000 16 28977.39776
12.2000 16 20845.69088
12.3000 16 24452.79232
12.4000 16 25286.41024
12.5000 16 24693.9648
12.6000 16 25847.3984
12.7000 16 20924.33408
12.8000 16 21097.34912
12.9000 16 20478.68928
13.0000 16 20552.0896
13.1000 16 18932.03968
13.2000 16 20515.38944
13.3000 16 18140.3648
13.4000 16 18800.96768
13.5000 16 20772.29056
13.6000 16 20012.07296
13.7000 16 14858.32192
13.8000 16 14627.6352
13.9000 16 14365.4912
14.0000 16 8603.56608
14.1000 16 7853.83424
14.2000 16 5646.58176
14.3000 16 3649.04448
14.4000 16 7969.1776
14.5000 16 7853.83424
14.6000 16 7916.7488
14.7000 16 7906.26304
14.8000 16 7885.29152
14.9000 16 9091.15392
15.0000 16 12404.65408
15.1000 16 16032.72704
15.2000 16 16913.53088
15.3000 16 19503.5136
15.4000 16 12074.35264
15.5000 16 11985.22368
15.6000 16 15906.89792
15.7000 16 19419.62752
15.8000 16 19566.42816
15.9000 16 19178.45504
16.0000 16 19346.2272
16.1000 16 19052.62592
16.2000 16 19692.25728
16.3000 16 21055.40608
16.4000 16 21710.76608
16.5000 16 18790.48192
16.6000 16 16121.856
16.7000 16 10354.688
16.8000 16 7581.20448
16.9000 16 7140.80256
17.0000 16 11995.70944
17.1000 16 14554.23488
17.2000 16 25459.42528
17.3000 16 30618.4192
17.4000 16 24804.06528
17.5000 16 23582.47424
17.6000 16 23540.5312
17.7000 16 23330.816
17.8000 16 22617.78432
17.9000 16 22817.01376
18.0000 16 20001.5872
18.1000 16 14155.776
18.2000 16 12724.46976
18.3000 16 403.70176
