0.1000 16 0.0
0.2000 16 1929.37984
0.3000 16 10653.53216
0.4000 16 34152.12032
0.5000 16 42677.0432
0.6000 16 45634.02752
0.7000 16 39741.0304
0.8000 16 41523.6096
0.9000 16 46472.88832
1.0000 16 46556.7744
1.1000 16 46661.632
1.2000 16 44396.70784
1.3000 16 45088.768
1.4000 16 49471.81568
1.5000 16 48570.04032
1.6000 16 47888.46592
1.7000 16 50205.81888
1.8000 16 48863.6416
1.9000 16 51275.3664
2.0000 16 48045.75232
2.1000 16 43332.4032
2.2000 16 41177.57952
2.3000 16 36972.78976
2.4000 16 41418.752
2.5000 16 34272.70656
2.6000 16 34561.06496
2.7000 16 37879.808
2.8000 16 32747.02848
2.9000 16 34498.1504
3.0000 16 32013.02528
3.1000 16 36002.85696
3.2000 16 32589.74208
3.3000 16 30702.30528
3.4000 16 30471.61856
3.5000 16 24515.70688
3.6000 16 29014.09792
3.7000 16 31226.59328
3.8000 16 30607.93344
3.9000 16 30518.80448
4.0000 16 26885.48864
4.1000 16 26906.46016
4.2000 16 20310.91712
4.3000 16 17689.47712
4.4000 16 22460.49792
4.5000 16 22151.168
4.6000 16 15351.15264
4.7000 16 11319.37792
4.8000 16 8189.37856
4.9000 16 8283.7504
5.0000 16 8283.7504
5.1000 16 8524.92288
5.2000 16 8535.40864
5.3000 16 4985.97888
5.4000 16 52.4288
5.5000 16 3680.50176
5.6000 16 7560.23296
5.7000 16 7570.71872
5.8000 16 7549.7472
5.9000 16 7476.34688
6.0000 16 7287.6032
6.1000 16 12436.11136
6.2000 16 12236.88192
6.3000 16 17479.76192
6.4000 16 25983.71328
6.5000 16 27619.49184
6.6000 16 27766.29248
6.7000 16 28877.78304
6.8000 16 29407.31392
6.9000 16 25165.824
7.0000 16 25459.42528
7.1000 16 27006.07488
7.2000 16 25323.1104
7.3000 16 30272.38912
7.4000 16 39153.82784
7.5000 16 40710.9632
7.6000 16 35704.0128
7.7000 16 37030.46144
7.8000 16 37675.33568
7.9000 16 45539.65568
8.0000 16 41135.63648
8.1000 16 43945.82016
8.2000 16 47594.86464
8.3000 16 48643.44064
8.4000 16 49319.77216
8.5000 16 48082.45248
8.6000 16 45565.87008
8.7000 16 34744.56576
8.8000 16 29339.15648
8.9000 16 31625.05216
9.0000 16 35468.0832
9.1000 16 35148.26752
9.2000 16 37675.33568
9.3000 16 42163.24096
9.4000 16 42855.30112
9.5000 16 42116.05504
9.6000 16 39599.47264
9.7000 16 34304.16384
9.8000 16 33323.74528
9.9000 16 36532.38784
10.0000 16 35095.83872
10.1000 16 28584.18176
10.2000 16 28710.01088
10.3000 16 31860.98176
10.4000 16 41319.13728
10.5000 16 44160.77824
10.6000 16 37869.32224
10.7000 16 32086.4256
10.8000 16 31258.05056
10.9000 16 36107.71456
11.0000 16 31132.22144
11.1000 16 35483.81184
11.2000 16 35064.38144
11.3000 16 34776.02304
11.4000 16 34964.76672
11.5000 16 29884.416
11.6000 16 29349.64224
11.7000 16 25810.69824
11.8000 16 22948.08576
11.9000 16 21820.86656
12.0000 16 21223.17824
12.1000 16 20845.69088
12.2000 16 18502.12352
12.3000 16 11843.66592
12.4000 16 10338.95936
12.5000 16 10307.50208
12.6000 16 10129.24416
12.7000 16 10873.73312
12.8000 16 11209.27744
12.9000 16 8435.79392
13.0000 16 8115.97824
13.1000 16 7167.01696
