0.1000 16 0.0
0.2000 16 1918.89408
0.3000 16 6469.71392
0.4000 16 20300.43136
0.5000 16 33806.09024
0.6000 16 35483.81184
0.7000 16 40244.34688
0.8000 16 45707.42784
0.9000 16 46231.71584
1.0000 16 45654.99904
1.1000 16 50405.04832
1.2000 16 47972.352
1.3000 16 42184.21248
1.4000 16 35074.8672
1.5000 16 34938.55232
1.6000 16 35599.1552
1.7000 16 38566.62528
1.8000 16 35478.56896
1.9000 16 40265.3184
2.0000 16 39353.05728
2.1000 16 39725.30176
2.2000 16 40548.43392
2.3000 16 42310.0416
2.4000 16 42409.65632
2.5000 16 5368.70912
2.6000 16 482.34496
2.7000 16 5431.62368
2.8000 16 51715.76832
2.9000 16 53980.69248
3.0000 16 49104.81408
3.1000 16 42850.05824
3.2000 16 40805.33504
3.3000 16 54022.63552
3.4000 16 45497.71264
3.5000 16 21359.49312
3.6000 16 37151.04768
3.7000 16 36909.8752
3.8000 16 34718.35136
3.9000 16 33308.01664
4.0000 16 31750.88128
4.1000 16 30875.32032
4.2000 16 28238.15168
4.3000 16 25753.02656
4.4000 16 23435.6736
4.5000 16 23739.76064
4.6000 16 23692.57472
4.7000 16 27724.34944
4.8000 16 27262.976
4.9000 16 32631.68512
5.0000 16 36128.68608
5.1000 16 28636.61056
5.2000 16 29758.58688
5.3000 16 28531.75296
5.4000 16 4204.78976
5.5000 16 2878.34112
5.6000 16 18538.82368
5.7000 16 10978.59072
5.8000 16 7387.21792
5.9000 16 20373.83168
6.0000 16 13694.40256
6.1000 16 14569.96352
6.2000 16 15162.40896
6.3000 16 14963.17952
6.4000 16 14071.88992
6.5000 16 13704.88832
6.6000 16 13998.4896
6.7000 16 13883.14624
6.8000 16 13631.488
6.9000 16 13610.51648
7.0000 16 13558.08768
7.1000 16 10648.28928
7.2000 16 5919.21152
7.3000 16 4854.90688
7.4000 16 230.68672
7.5000 16 0.0
7.6000 16 367.0016
7.7000 16 157.2864
7.8000 16 346.03008
7.9000 16 157.2864
8.0000 16 293.60128
8.1000 16 335.54432
8.2000 16 157.2864
8.3000 16 304.08704
8.4000 16 8608.80896
8.5000 16 16903.04512
8.6000 16 14218.69056
8.7000 16 14491.32032
8.8000 16 17343.44704
8.9000 16 16850.61632
9.0000 16 25092.42368
9.1000 16 23918.01856
9.2000 16 29014.09792
9.3000 16 35242.63936
9.4000 16 39332.08576
9.5000 16 36317.42976
9.6000 16 34487.66464
9.7000 16 35169.23904
9.8000 16 33051.11552
9.9000 16 38702.94016
10.0000 16 35211.18208
10.1000 16 39007.0272
10.2000 16 42708.50048
10.3000 16 42110.81216
10.4000 16 43106.95936
10.5000 16 47505.73568
10.6000 16 46714.0608
10.7000 16 46210.74432
10.8000 16 42131.78368
10.9000 16 49094.32832
11.0000 16 48307.89632
11.1000 16 52496.95744
11.2000 16 45125.46816
11.3000 16 40915.43552
11.4000 16 38938.86976
11.5000 16 31373.39392
11.6000 16 33260.83072
11.7000 16 38723.91168
11.8000 16 34770.78016
11.9000 16 33093.05856
12.0000 16 34319.89248
12.1000 16 30885.80608
12.2000 16 31027.36384
12.3000 16 32909.55776
12.4000 16 31315.72224
12.5000 16 29208.08448
12.6000 16 22696.42752
12.7000 16 11340.34944
12.8000 16 9542.0416
12.9000 16 14124.31872
13.0000 16 10637.80352
13.1000 16 7329.54624
13.2000 16 4923.06432
13.3000 16 62.91456
13.4000 16 0.0
13.5000 16 73.40032
13.6000 16 0.0
13.7000 16 62.91456
13.8000 16 62.91456
13.9000 16 0.0
14.0000 16 62.91456
14.1000 16 62.91456
14.2000 16 52.4288
14.3000 16 0.0
14.4000 16 0.0
14.5000 16 62.91456
14.6000 16 73.40032
14.7000 16 0.0
14.8000 16 83.88608
14.9000 16 62.91456
15.0000 16 0.0
15.1000 16 5557.4528
15.2000 16 8357.15072
15.3000 16 8304.72192
15.4000 16 8231.3216
15.5000 16 12782.14144
15.6000 16 27179.08992
15.7000 16 26570.91584
15.8000 16 26340.22912
15.9000 16 27346.86208
16.0000 16 27692.89216
16.1000 16 25475.15392
16.2000 16 21432.89344
16.3000 16 20677.91872
16.4000 16 21527.26528
16.5000 16 21957.18144
16.6000 16 19571.67104
16.7000 16 2285.89568
