0.1000 16 0.0
0.2000 16 1835.008
0.3000 16 9940.50048
0.4000 16 23634.90304
0.5000 16 30188.50304
0.6000 16 34875.63776
0.7000 16 36312.18688
0.8000 16 39101.39904
0.9000 16 41796.23936
1.0000 16 39793.4592
1.1000 16 40328.23296
1.2000 16 40013.66016
1.3000 16 41271.95136
1.4000 16 40212.8896
1.5000 16 34194.06336
1.6000 16 36899.38944
1.7000 16 37402.70592
1.8000 16 37203.47648
1.9000 16 35877.02784
2.0000 16 34781.26592
2.1000 16 39436.94336
2.2000 16 38031.85152
2.3000 16 34183.5776
2.4000 16 30230.44608
2.5000 16 28903.99744
2.6000 16 26062.35648
2.7000 16 25406.99648
2.8000 16 25375.5392
2.9000 16 25784.48384
3.0000 16 28379.70944
3.1000 16 28898.75456
3.2000 16 27850.17856
3.3000 16 27399.29088
3.4000 16 23362.27328
3.5000 16 24636.29312
3.6000 16 29318.18496
3.7000 16 35011.95264
3.8000 16 35462.84032
3.9000 16 38168.1664
4.0000 16 37004.24704
4.1000 16 33790.3616
4.2000 16 36438.016
4.3000 16 37271.63392
4.4000 16 37255.90528
4.5000 16 33297.53088
4.6000 16 31766.60992
4.7000 16 29606.54336
4.8000 16 27373.07648
4.9000 16 24484.2496
5.0000 16 23781.70368
5.1000 16 24421.33504
5.2000 16 21380.46464
5.3000 16 17374.90432
5.4000 16 17406.3616
5.5000 16 18114.1504
5.6000 16 18245.2224
5.7000 16 18266.19392
5.8000 16 16294.87104
5.9000 16 18675.13856
6.0000 16 8273.26464
6.1000 16 1006.63296
6.2000 16 2065.69472
6.3000 16 3575.64416
6.4000 16 9961.472
6.5000 16 26277.31456
6.6000 16 21128.8064
6.7000 16 13851.68896
6.8000 16 12058.624
6.9000 16 19136.512
7.0000 16 17993.56416
7.1000 16 19739.4432
7.2000 16 17584.61952
7.3000 16 3229.61408
7.4000 16 0.0
7.5000 16 9028.23936
7.6000 16 27902.60736
7.7000 16 20688.40448
7.8000 16 28987.88352
7.9000 16 28626.1248
8.0000 16 20751.31904
8.1000 16 15539.89632
8.2000 16 16808.67328
8.3000 16 25941.77024
8.4000 16 26188.1856
8.5000 16 28804.38272
8.6000 16 52198.11328
8.7000 16 33313.25952
8.8000 16 32353.81248
8.9000 16 24526.19264
9.0000 16 8053.06368
9.1000 16 21123.56352
9.2000 16 6826.22976
9.3000 16 20263.7312
9.4000 16 15634.26816
9.5000 16 17584.61952
9.6000 16 19854.78656
9.7000 16 18019.77856
9.8000 16 6364.85632
9.9000 16 9101.63968
10.0000 16 9416.21248
10.1000 16 20038.28736
10.2000 16 21286.0928
10.3000 16 30964.44928
10.4000 16 30901.53472
10.5000 16 18381.53728
10.6000 16 35211.18208
10.7000 16 34089.20576
10.8000 16 10894.70464
10.9000 16 31195.136
11.0000 16 31682.72384
11.1000 16 24977.08032
11.2000 16 11020.53376
11.3000 16 12048.13824
11.4000 16 36327.91552
11.5000 16 36023.82848
11.6000 16 36742.10304
11.7000 16 38954.5984
11.8000 16 36915.11808
11.9000 16 30225.2032
12.0000 16 31520.19456
12.1000 16 32075.93984
12.2000 16 33564.91776
12.3000 16 31273.7792
12.4000 16 29737.61536
12.5000 16 32511.09888
12.6000 16 23818.40384
12.7000 16 16163.79904
12.8000 16 18874.368
12.9000 16 23959.9616
13.0000 16 24243.07712
13.1000 16 21175.99232
13.2000 16 16840.13056
13.3000 16 18517.85216
13.4000 16 16415.45728
13.5000 16 10328.4736
13.6000 16 29276.24192
13.7000 16 25029.50912
13.8000 16 25239.22432
13.9000 16 23823.64672
14.0000 16 19005.44
14.1000 16 22565.35552
14.2000 16 21369.97888
14.3000 16 22429.04064
14.4000 16 22848.47104
14.5000 16 22444.76928
14.6000 16 17385.39008
14.7000 16 17888.70656
14.8000 16 17699.96288
14.9000 16 13773.04576
15.0000 16 13689.15968
15.1000 16 5950.6688
15.2000 16 62.91456
15.3000 16 62.91456
15.4000 16 52.4288
15.5000 16 0.0
15.6000 16 0.0
15.7000 16 62.91456
15.8000 16 0.0
15.9000 16 52.4288
16.0000 16 62.91456
16.1000 16 62.91456
16.2000 16 0.0
16.3000 16 52.4288
16.4000 16 4089.4464
16.5000 16 7423.91808
16.6000 16 7214.20288
16.7000 16 8965.3248
16.8000 16 11481.9072
16.9000 16 11198.79168
17.0000 16 11135.87712
17.1000 16 11450.44992
17.2000 16 11219.7632
17.3000 16 11314.13504
17.4000 16 11261.70624
17.5000 16 11282.67776
17.6000 16 11345.59232
17.7000 16 8005.87776
17.8000 16 6731.85792
17.9000 16 8074.0352
18.0000 16 4671.40608
