0.1000 16 0.0
0.2000 16 1971.32288
0.3000 16 5085.5936
0.4000 16 41460.69504
0.5000 16 46273.65888
0.6000 16 42750.44352
0.7000 16 33994.83392
0.8000 16 40999.3216
0.9000 16 46084.9152
1.0000 16 44050.67776
1.1000 16 41932.55424
1.2000 16 45529.16992
1.3000 16 47437.57824
1.4000 16 47081.0624
1.5000 16 43337.64608
1.6000 16 50583.30624
1.7000 16 51443.13856
1.8000 16 50730.10688
1.9000 16 46294.6304
2.0000 16 49047.1424
2.1000 16 48947.52768
2.2000 16 48386.53952
2.3000 16 50368.34816
2.4000 16 47930.40896
2.5000 16 42273.34144
2.6000 16 37397.46304
2.7000 16 33963.37664
2.8000 16 36747.34592
2.9000 16 36448.50176
3.0000 16 29611.78624
3.1000 16 26093.81376
3.2000 16 27336.37632
3.3000 16 30235.68896
3.4000 16 24112.00512
3.5000 16 17369.66144
3.6000 16 14029.94688
3.7000 16 14250.14784
3.8000 16 11093.93408
3.9000 16 7539.26144
4.0000 16 7193.23136
4.1000 16 7497.3184
4.2000 16 7361.00352
4.3000 16 7602.176
4.4000 16 5164.2368
4.5000 16 0.0
4.6000 16 62.91456
4.7000 16 62.91456
4.8000 16 52.4288
4.9000 16 0.0
5.0000 16 1373.63456
5.1000 16 5473.56672
5.2000 16 5410.65216
5.3000 16 5515.50976
5.4000 16 2621.44
5.5000 16 209.7152
5.6000 16 4267.70432
5.7000 16 6679.42912
5.8000 16 0.0
5.9000 16 1394.60608
6.0000 16 0.0
6.1000 16 230.68672
6.2000 16 5903.48288
6.3000 16 13547.60192
6.4000 16 13065.25696
6.5000 16 11744.0512
6.6000 16 12006.1952
6.7000 16 11408.50688
6.8000 16 13872.66048
6.9000 16 24505.22112
7.0000 16 24756.87936
7.1000 16 30267.14624
7.2000 16 30838.62016
7.3000 16 26057.1136
7.4000 16 24531.43552
7.5000 16 31551.65184
7.6000 16 6102.71232
7.7000 16 15340.66688
7.8000 16 28825.35424
7.9000 16 25197.28128
8.0000 16 16210.98496
8.1000 16 7990.14912
8.2000 16 765.46048
8.3000 16 37402.70592
8.4000 16 48937.04192
8.5000 16 8273.26464
8.6000 16 21233.664
8.7000 16 6679.42912
8.8000 16 0.0
8.9000 16 26308.77184
9.0000 16 53676.60544
9.1000 16 27996.9792
9.2000 16 19304.28416
9.3000 16 28295.82336
9.4000 16 1405.09184
9.5000 16 44816.13824
9.6000 16 48234.496
9.7000 16 41471.1808
9.8000 16 40427.84768
9.9000 16 51013.2224
10.0000 16 34382.80704
10.1000 16 46168.80128
10.2000 16 39741.0304
10.3000 16 45523.92704
10.4000 16 46084.9152
10.5000 16 45214.59712
10.6000 16 45738.88512
10.7000 16 51568.96768
10.8000 16 50777.2928
10.9000 16 48905.58464
11.0000 16 49671.04512
11.1000 16 48999.95648
11.2000 16 45046.82496
11.3000 16 31331.45088
11.4000 16 31048.33536
11.5000 16 28919.72608
11.6000 16 25868.36992
11.7000 16 23724.032
11.8000 16 22544.384
11.9000 16 22554.86976
12.0000 16 18727.56736
12.1000 16 14533.26336
12.2000 16 7560.23296
12.3000 16 14260.6336
12.4000 16 14931.72224
12.5000 16 14931.72224
12.6000 16 15089.00864
12.7000 16 14722.00704
12.8000 16 15225.32352
12.9000 16 14585.69216
13.0000 16 14722.00704
13.1000 16 15414.0672
13.2000 16 14098.10432
13.3000 16 2354.05312
13.4000 16 104.8576
13.5000 16 0.0
13.6000 16 83.88608
13.7000 16 0.0
13.8000 16 0.0
13.9000 16 94.37184
14.0000 16 335.54432
14.1000 16 94.37184
14.2000 16 0.0
14.3000 16 83.88608
14.4000 16 0.0
14.5000 16 94.37184
14.6000 16 0.0
14.7000 16 94.37184
14.8000 16 0.0
14.9000 16 440.40192
15.0000 16 0.0
15.1000 16 83.88608
15.2000 16 0.0
15.3000 16 0.0
15.4000 16 1373.63456
15.5000 16 11534.336
15.6000 16 14365.4912
15.7000 16 14480.83456
15.8000 16 15529.41056
15.9000 16 15686.69696
16.0000 16 16682.84416
16.1000 16 21453.86496
16.2000 16 21275.60704
16.3000 16 22565.35552
16.4000 16 30744.24832
16.5000 16 34875.63776
16.6000 16 33832.30464
16.7000 16 32458.67008
16.8000 16 29601.30048
16.9000 16 29590.81472
17.0000 16 28594.66752
17.1000 16 24783.09376
17.2000 16 23425.18784
17.3000 16 23184.01536
17.4000 16 19131.26912
17.5000 16 18696.11008
17.6000 16 18800.96768
17.7000 16 18475.90912
17.8000 16 13794.01728
17.9000 16 8624.5376
18.0000 16 6024.06912
