0.1000 16 0.0
0.2000 16 2002.78016
0.3000 16 6385.82784
0.4000 16 34833.69472
0.5000 16 37088.13312
0.6000 16 35609.64096
0.7000 16 42739.95776
0.8000 16 46493.85984
0.9000 16 47815.0656
1.0000 16 48433.72544
1.1000 16 50310.67648
1.2000 16 54064.57856
1.3000 16 49104.81408
1.4000 16 48937.04192
1.5000 16 49366.95808
1.6000 16 45623.54176
1.7000 16 47940.89472
1.8000 16 49057.62816
1.9000 16 45225.08288
2.0000 16 39510.34368
2.1000 16 39489.37216
2.2000 16 41890.6112
2.3000 16 46006.272
2.4000 16 38021.36576
2.5000 16 38713.42592
2.6000 16 39678.11584
2.7000 16 40013.66016
2.8000 16 40758.14912
2.9000 16 41423.99488
3.0000 16 36831.232
3.1000 16 35153.5104
3.2000 16 35190.21056
3.3000 16 32705.08544
3.4000 16 29968.30208
3.5000 16 26078.08512
3.6000 16 26172.45696
3.7000 16 30157.04576
3.8000 16 34173.09184
3.9000 16 37843.10784
4.0000 16 39510.34368
4.1000 16 38991.29856
4.2000 16 34236.0064
4.3000 16 31871.46752
4.4000 16 29402.07104
4.5000 16 28825.35424
4.6000 16 26460.81536
4.7000 16 23802.6752
4.8000 16 20714.61888
4.9000 16 19110.2976
5.0000 16 16373.51424
5.1000 16 11439.96416
5.2000 16 11125.39136
5.3000 16 10726.93248
5.4000 16 13673.43104
5.5000 16 17888.70656
5.6000 16 17259.56096
5.7000 16 19676.52864
5.8000 16 21988.63872
5.9000 16 19126.02624
6.0000 16 12142.51008
6.1000 16 24557.64992
6.2000 16 11031.01952
6.3000 16 0.0
6.4000 16 20017.31584
6.5000 16 40438.33344
6.6000 16 26497.51552
6.7000 16 3040.8704
6.8000 16 28720.49664
6.9000 16 4078.96064
7.0000 16 27787.264
7.1000 16 45854.22848
7.2000 16 26135.7568
7.3000 16 25239.22432
7.4000 16 18916.31104
7.5000 16 32086.4256
7.6000 16 42247.12704
7.7000 16 43935.3344
7.8000 16 56434.36032
7.9000 16 52234.81344
8.0000 16 41576.0384
8.1000 16 36700.16
8.2000 16 6742.34368
8.3000 16 44354.7648
8.4000 16 55972.98688
8.5000 16 20651.70432
8.6000 16 37287.36256
8.7000 16 40784.36352
8.8000 16 34938.55232
8.9000 16 16473.12896
9.0000 16 807.40352
9.1000 16 1300.23424
9.2000 16 0.0
9.3000 16 16986.9312
9.4000 16 35756.4416
9.5000 16 5473.56672
9.6000 16 51810.14016
9.7000 16 51175.75168
9.8000 16 30440.16128
9.9000 16 26308.77184
10.0000 16 6312.42752
10.1000 16 17427.33312
10.2000 16 46944.74752
10.3000 16 43610.27584
10.4000 16 0.0
10.5000 16 31048.33536
10.6000 16 46535.80288
10.7000 16 26754.41664
10.8000 16 27273.46176
10.9000 16 38965.08416
11.0000 16 37932.2368
11.1000 16 45833.25696
11.2000 16 19372.4416
11.3000 16 29679.94368
11.4000 16 33208.40192
11.5000 16 30146.56
11.6000 16 10768.87552
11.7000 16 17532.19072
11.8000 16 13143.90016
11.9000 16 18412.99456
12.0000 16 21113.07776
12.1000 16 18103.66464
12.2000 16 14486.07744
12.3000 16 6941.57312
12.4000 16 7423.91808
12.5000 16 12866.02752
12.6000 16 11293.16352
12.7000 16 16924.01664
12.8000 16 16305.3568
12.9000 16 16221.47072
13.0000 16 16410.2144
13.1000 16 15209.59488
13.2000 16 10800.3328
13.3000 16 10863.24736
13.4000 16 10789.84704
13.5000 16 10800.3328
13.6000 16 10926.16192
13.7000 16 10968.10496
13.8000 16 10894.70464
13.9000 16 9489.6128
14.0000 16 8467.2512
14.1000 16 4073.71776
