0.1000 16 0.0
0.2000 16 1929.37984
0.3000 16 3344.95744
0.4000 16 5945.42592
0.5000 16 29108.46976
0.6000 16 34141.63456
0.7000 16 35295.06816
0.8000 16 41271.95136
0.9000 16 41628.4672
1.0000 16 41387.29472
1.1000 16 48360.32512
1.2000 16 46661.632
1.3000 16 44197.4784
1.4000 16 43830.4768
1.5000 16 45990.54336
1.6000 16 43106.95936
1.7000 16 45623.54176
1.8000 16 49754.9312
1.9000 16 48024.7808
2.0000 16 46147.82976
2.1000 16 49775.90272
2.2000 16 53991.17824
2.3000 16 51747.2256
2.4000 16 52827.25888
2.5000 16 52517.92896
2.6000 16 45990.54336
2.7000 16 45204.11136
2.8000 16 41570.79552
2.9000 16 35074.8672
3.0000 16 34943.7952
3.1000 16 35709.25568
3.2000 16 32872.8576
3.3000 16 31142.7072
3.4000 16 21417.1648
3.5000 16 17699.96288
3.6000 16 14119.07584
3.7000 16 8456.76544
3.8000 16 4325.376
3.9000 16 6889.14432
4.0000 16 8283.7504
4.1000 16 8220.83584
4.2000 16 8210.35008
4.3000 16 8136.94976
4.4000 16 8168.40704
4.5000 16 8136.94976
4.6000 16 10789.84704
4.7000 16 14722.00704
4.8000 16 14826.86464
4.9000 16 9589.22752
5.0000 16 7371.48928
5.1000 16 7402.94656
5.2000 16 7308.57472
5.3000 16 7287.6032
5.4000 16 9342.81216
5.5000 16 14795.40736
5.6000 16 14480.83456
5.7000 16 15109.98016
5.8000 16 9012.51072
5.9000 16 8147.43552
6.0000 16 8147.43552
6.1000 16 8011.12064
6.2000 16 8199.86432
6.3000 16 8168.40704
6.4000 16 7167.01696
6.5000 16 52.4288
6.6000 16 0.0
6.7000 16 62.91456
6.8000 16 0.0
6.9000 16 41.94304
7.0000 16 62.91456
7.1000 16 41.94304
7.2000 16 0.0
7.3000 16 62.91456
7.4000 16 52.4288
7.5000 16 0.0
7.6000 16 1950.35136
7.7000 16 5442.10944
7.8000 16 5326.76608
7.9000 16 8021.6064
8.0000 16 12991.85664
8.1000 16 12792.6272
8.2000 16 12981.37088
8.3000 16 12897.4848
8.4000 16 13180.60032
8.5000 16 12603.88352
8.6000 16 20877.14816
8.7000 16 30136.07424
8.8000 16 32264.68352
8.9000 16 30870.07744
9.0000 16 36154.90048
9.1000 16 40244.34688
9.2000 16 41334.86592
9.3000 16 42865.78688
9.4000 16 42918.21568
9.5000 16 43599.79008
9.6000 16 41450.20928
9.7000 16 44092.6208
9.8000 16 44753.22368
9.9000 16 47584.37888
10.0000 16 43678.43328
10.1000 16 27918.336
10.2000 16 20289.9456
10.3000 16 25543.31136
10.4000 16 38765.85472
10.5000 16 46808.43264
10.6000 16 47023.39072
10.7000 16 43264.24576
10.8000 16 42687.52896
10.9000 16 42105.56928
11.0000 16 38818.28352
11.1000 16 45004.88192
11.2000 16 43211.81696
11.3000 16 50698.6496
11.4000 16 48517.61152
11.5000 16 41974.49728
11.6000 16 37371.24864
11.7000 16 35378.95424
11.8000 16 37926.99392
11.9000 16 36285.97248
12.0000 16 31132.22144
12.1000 16 28641.85344
12.2000 16 22413.312
12.3000 16 24437.06368
12.4000 16 19131.26912
12.5000 16 21485.32224
12.6000 16 15823.01184
12.7000 16 7361.00352
12.8000 16 7518.28992
12.9000 16 7287.6032
13.0000 16 5174.72256
13.1000 16 5064.62208
13.2000 16 7497.3184
13.3000 16 14931.72224
13.4000 16 24285.02016
13.5000 16 21265.12128
13.6000 16 21642.60864
13.7000 16 21432.89344
13.8000 16 21569.20832
13.9000 16 21422.40768
14.0000 16 21548.2368
14.1000 16 21443.3792
14.2000 16 17652.77696
14.3000 16 11728.32256
14.4000 16 7507.80416
14.5000 16 1766.85056
14.6000 16 0.0
14.7000 16 0.0
14.8000 16 0.0
14.9000 16 0.0
15.0000 16 0.0
15.1000 16 0.0
15.2000 16 0.0
15.3000 16 0.0
15.4000 16 0.0
15.5000 16 3166.69952
15.6000 16 8136.94976
15.7000 16 8231.3216
15.8000 16 8189.37856
15.9000 16 8032.09216
16.0000 16 7822.37696
16.1000 16 7895.77728
16.2000 16 8063.54944
16.3000 16 15225.32352
16.4000 16 15246.29504
16.5000 16 14821.62176
16.6000 16 8084.52096
16.7000 16 8147.43552
16.8000 16 8199.86432
16.9000 16 7906.26304
17.0000 16 15749.61152
17.1000 16 20667.43296
17.2000 16 21296.57856
17.3000 16 16342.05696
17.4000 16 16745.75872
17.5000 16 19188.9408
17.6000 16 19555.9424
17.7000 16 19199.42656
17.8000 16 19702.74304
17.9000 16 19765.6576
18.0000 16 20006.83008
18.1000 16 16237.19936
18.2000 16 15204.352
18.3000 16 15235.80928
18.4000 16 10218.37312
18.5000 16 1766.85056
