0.1000 2 0.0
0.2000 2 2107.63776
0.3000 2 3858.75968
0.4000 2 0.0
0.5000 2 6165.62688
0.6000 2 6564.08576
0.7000 2 1006.63296
0.8000 2 1174.40512
0.9000 2 6868.1728
1.0000 2 6836.71552
1.1000 2 6962.54464
1.2000 2 4634.70592
1.3000 2 7591.69024
1.4000 2 8053.06368
1.5000 2 3879.7312
1.6000 2 2107.63776
1.7000 2 671.08864
1.8000 2 7214.20288
1.9000 2 2013.26592
2.0000 2 4697.62048
2.1000 2 9563.01312
2.2000 2 3827.3024
2.3000 2 4194.304
2.4000 2 9279.8976
2.5000 2 5452.5952
2.6000 2 1174.40512
2.7000 2 5316.28032
2.8000 2 1541.40672
2.9000 2 6113.19808
3.0000 2 3795.84512
3.1000 2 8147.43552
3.2000 2 3397.38624
3.3000 2 2684.35456
3.4000 2 7413.43232
3.5000 2 7098.85952
3.6000 2 1960.83712
3.7000 2 3879.7312
3.8000 2 8912.896
3.9000 2 4026.53184
4.0000 2 8000.63488
4.1000 2 6532.62848
4.2000 2 4938.79296
4.3000 2 6092.22656
4.4000 2 2348.81024
4.5000 2 1614.80704
4.6000 2 5410.65216
4.7000 2 5033.1648
4.8000 2 8954.83904
4.9000 2 2118.12352
5.0000 2 3512.7296
5.1000 2 7193.23136
5.2000 2 2401.23904
5.3000 2 597.68832
5.4000 2 4624.22016
5.5000 2 9332.3264
5.6000 2 4896.84992
5.7000 2 3523.21536
5.8000 2 5033.1648
5.9000 2 2013.26592
6.0000 2 335.54432
6.1000 2 6207.56992
6.2000 2 2852.12672
6.3000 2 8378.12224
6.4000 2 3858.75968
6.5000 2 4383.04768
6.6000 2 8199.86432
6.7000 2 5368.70912
6.8000 2 7266.63168
6.9000 2 2128.60928
7.0000 2 1342.17728
7.1000 2 5704.25344
7.2000 2 3953.13152
7.3000 2 6773.80096
7.4000 2 1174.40512
7.5000 2 1677.7216
7.6000 2 3355.4432
7.7000 2 5588.91008
7.8000 2 8545.8944
7.9000 2 3418.35776
8.0000 2 5410.65216
8.1000 2 8587.83744
8.2000 2 2820.66944
8.3000 2 5368.70912
8.4000 2 8577.35168
8.5000 2 1939.8656
8.6000 2 2883.584
8.7000 2 6228.54144
8.8000 2 7780.43392
8.9000 2 4005.56032
9.0000 2 6480.19968
9.1000 2 6280.97024
9.2000 2 7077.888
9.3000 2 6794.77248
9.4000 2 3051.35616
9.5000 2 1342.17728
9.6000 2 1929.37984
9.7000 2 6836.71552
9.8000 2 5662.3104
9.9000 2 4362.07616
10.0000 2 9059.69664
10.1000 2 3397.38624
10.2000 2 8891.92448
10.3000 2 6941.57312
10.4000 2 4592.76288
10.5000 2 8430.55104
10.6000 2 4183.81824
10.7000 2 3355.4432
10.8000 2 7319.06048
10.9000 2 4907.33568
11.0000 2 503.31648
11.1000 2 2988.4416
11.2000 2 2705.32608
11.3000 2 2139.09504
11.4000 2 8241.80736
11.5000 2 3690.98752
11.6000 2 9510.58432
11.7000 2 4393.53344
11.8000 2 3019.89888
11.9000 2 6962.54464
12.0000 2 6427.77088
12.1000 2 4592.76288
12.2000 2 8346.66496
12.3000 2 786.432
12.4000 2 2013.26592
12.5000 2 1541.40672
12.6000 2 5138.0224
12.7000 2 8902.41024
12.8000 2 0.0
12.9000 2 1342.17728
13.0000 2 3355.4432
13.1000 2 9636.41344
13.2000 2 3722.4448
13.3000 2 1866.46528
13.4000 2 7623.14752
13.5000 2 7707.0336
13.6000 2 1761.60768
13.7000 2 3974.10304
13.8000 2 9678.35648
13.9000 2 5976.8832
14.0000 2 6291.456
14.1000 2 3575.64416
14.2000 2 335.54432
14.3000 2 2023.75168
14.4000 2 6218.05568
14.5000 2 9437.184
14.6000 2 2422.21056
14.7000 2 3470.78656
14.8000 2 9290.38336
14.9000 2 2789.21216
15.0000 2 4645.19168
15.1000 2 9426.69824
15.2000 2 4550.81984
15.3000 2 3858.75968
15.4000 2 8587.83744
15.5000 2 5672.79616
15.6000 2 8231.3216
15.7000 2 7329.54624
15.8000 2 5651.82464
15.9000 2 7916.7488
16.0000 2 5463.08096
16.1000 2 9206.49728
16.2000 2 2757.75488
16.3000 2 0.0
16.4000 2 1845.49376
16.5000 2 3628.07296
16.6000 2 9269.41184
16.7000 2 3533.70112
16.8000 2 2432.69632
16.9000 2 9353.29792
17.0000 2 5809.11104
17.1000 2 3785.35936
17.2000 2 8755.6096
17.3000 2 4854.90688
17.4000 2 2369.78176
17.5000 2 7937.72032
17.6000 2 5777.65376
17.7000 2 7717.51936
17.8000 2 8849.98144
17.9000 2 4540.33408
18.0000 2 6291.456
18.1000 2 2118.12352
18.2000 2 3638.55872
18.3000 2 6071.25504
18.4000 2 1677.7216
18.5000 2 1342.17728
18.6000 2 5179.96544
18.7000 2 6574.57152
18.8000 2 4309.64736
18.9000 2 5054.13632
19.0000 2 5337.25184
19.1000 2 6249.51296
19.2000 2 6731.85792
19.3000 2 4634.70592
19.4000 2 8053.06368
19.5000 2 5819.5968
19.6000 2 2044.7232
19.7000 2 671.08864
19.8000 2 4529.84832
19.9000 2 7172.25984
20.0000 2 1195.37664
20.1000 2 2684.35456
20.2000 2 3837.78816
20.3000 2 5158.99392
20.4000 2 9353.29792
20.5000 2 4781.50656
20.6000 2 6396.3136
20.7000 2 9028.23936
20.8000 2 2663.38304
20.9000 2 5200.93696
21.0000 2 2684.35456
21.1000 2 2013.26592
21.2000 2 7486.83264
21.3000 2 7277.11744
21.4000 2 7790.91968
21.5000 2 6008.34048
21.6000 2 7140.80256
21.7000 2 4771.0208
21.8000 2 8954.83904
21.9000 2 8420.06528
22.0000 2 3313.50016
22.1000 2 1342.17728
22.2000 2 5704.25344
22.3000 2 6039.79776
22.4000 2 6973.0304
22.5000 2 8766.09536
22.6000 2 4194.304
22.7000 2 5505.024
22.8000 2 6731.85792
22.9000 2 6291.456
23.0000 2 8996.78208
23.1000 2 1960.83712
23.2000 2 671.08864
23.3000 2 6039.79776
23.4000 2 6469.71392
23.5000 2 5431.62368
23.6000 2 6543.11424
23.7000 2 5515.50976
23.8000 2 2013.26592
23.9000 2 7675.57632
24.0000 2 6752.82944
24.1000 2 4865.39264
24.2000 2 8304.72192
24.3000 2 1761.60768
24.4000 2 2306.8672
24.5000 2 3554.67264
24.6000 2 4194.304
24.7000 2 3019.89888
24.8000 2 4865.39264
24.9000 2 4697.62048
25.0000 2 4508.8768
25.1000 2 5714.7392
25.2000 2 5536.48128
25.3000 2 3187.67104
25.4000 2 7686.06208
25.5000 2 4697.62048
25.6000 2 2474.63936
25.7000 2 6574.57152
25.8000 2 7948.20608
25.9000 2 1604.32128
26.0000 2 2013.26592
26.1000 2 7822.37696
26.2000 2 4582.27712
26.3000 2 335.54432
26.4000 2 838.8608
26.5000 2 3963.61728
26.6000 2 9143.58272
26.7000 2 2967.47008
26.8000 2 4099.93216
26.9000 2 9258.92608
27.0000 2 4057.98912
27.1000 2 2684.35456
27.2000 2 8944.35328
27.3000 2 5127.53664
27.4000 2 7728.00512
27.5000 2 8870.95296
27.6000 2 1981.80864
27.7000 2 6910.11584
27.8000 2 5525.99552
27.9000 2 5641.33888
28.0000 2 9447.66976
28.1000 2 6197.08416
28.2000 2 6637.48608
28.3000 2 6952.05888
28.4000 2 3355.4432
28.5000 2 5809.11104
28.6000 2 7277.11744
28.7000 2 335.54432
28.8000 2 1499.46368
28.9000 2 4194.304
29.0000 2 9017.7536
29.1000 2 2044.7232
29.2000 2 6836.71552
29.3000 2 4823.4496
29.4000 2 4917.82144
29.5000 2 6008.34048
29.6000 2 5232.39424
29.7000 2 8367.63648
29.8000 2 167.77216
29.9000 2 3019.89888
30.0000 2 7046.43072
30.1000 2 4687.13472
30.2000 2 6364.85632
30.3000 2 4529.84832
30.4000 2 7644.11904
30.5000 2 2401.23904
30.6000 2 335.54432
30.7000 2 6071.25504
30.8000 2 6008.34048
30.9000 2 2254.4384
31.0000 2 7927.23456
31.1000 2 6396.3136
31.2000 2 2348.81024
31.3000 2 5368.70912
31.4000 2 5305.79456
31.5000 2 9521.07008
31.6000 2 3848.27392
31.7000 2 9196.01152
31.8000 2 5976.8832
31.9000 2 3344.95744
32.0000 2 8231.3216
32.1000 2 6847.20128
32.2000 2 3386.90048
32.3000 2 8136.94976
32.4000 2 6553.6
32.5000 2 838.8608
32.6000 2 2348.81024
32.7000 2 1342.17728
32.8000 2 5200.93696
32.9000 2 4529.84832
33.0000 2 5200.93696
33.1000 2 5043.65056
33.2000 2 8157.92128
33.3000 2 7927.23456
33.4000 2 1509.94944
33.5000 2 4026.53184
33.6000 2 3040.8704
33.7000 2 1981.80864
33.8000 2 3690.98752
33.9000 2 1845.49376
34.0000 2 8220.83584
34.1000 2 6081.7408
34.2000 2 2956.98432
34.3000 2 8126.464
34.4000 2 4959.76448
34.5000 2 335.54432
34.6000 2 4865.39264
34.7000 2 4865.39264
34.8000 2 6375.34208
34.9000 2 6815.744
35.0000 2 5179.96544
35.1000 2 7077.888
35.2000 2 4162.84672
35.3000 2 3376.41472
35.4000 2 7203.71712
35.5000 2 7256.14592
35.6000 2 2390.75328
35.7000 2 2862.61248
35.8000 2 6092.22656
35.9000 2 7665.09056
36.0000 2 2852.12672
36.1000 2 6784.28672
36.2000 2 2925.52704
36.3000 2 5033.1648
36.4000 2 4697.62048
36.5000 2 6218.05568
36.6000 2 6532.62848
36.7000 2 5169.47968
36.8000 2 8986.29632
36.9000 2 1939.8656
37.0000 2 671.08864
37.1000 2 3019.89888
37.2000 2 5997.85472
37.3000 2 6060.76928
37.4000 2 3523.21536
37.5000 2 7528.77568
37.6000 2 7371.48928
37.7000 2 3208.64256
37.8000 2 8713.66656
37.9000 2 3837.78816
38.0000 2 4047.50336
38.1000 2 9164.55424
38.2000 2 3869.24544
38.3000 2 4865.39264
38.4000 2 8482.97984
38.5000 2 4404.0192
38.6000 2 7046.43072
38.7000 2 3019.89888
38.8000 2 671.08864
38.9000 2 4865.39264
39.0000 2 2348.81024
39.1000 2 3187.67104
39.2000 2 7717.51936
39.3000 2 3523.21536
39.4000 2 5075.10784
39.5000 2 9521.07008
39.6000 2 3848.27392
39.7000 2 5997.85472
39.8000 2 8745.12384
39.9000 2 1782.5792
40.0000 2 5588.91008
40.1000 2 8157.92128
40.2000 2 3607.10144
40.3000 2 5588.91008
40.4000 2 6931.08736
40.5000 2 4152.36096
40.6000 2 6910.11584
40.7000 2 5536.48128
40.8000 2 4529.84832
40.9000 2 8745.12384
41.0000 2 6794.77248
41.1000 2 5410.65216
41.2000 2 8577.35168
41.3000 2 4991.22176
41.4000 2 8252.29312
41.5000 2 6658.4576
41.6000 2 2852.12672
41.7000 2 7298.08896
41.8000 2 5955.91168
41.9000 2 304.08704
42.0000 2 702.54592
42.1000 2 3355.4432
42.2000 2 7518.28992
42.3000 2 5903.48288
42.4000 2 2348.81024
42.5000 2 7392.4608
42.6000 2 6847.20128
42.7000 2 3523.21536
42.8000 2 8755.6096
42.9000 2 4487.90528
43.0000 2 4099.93216
43.1000 2 9311.35488
43.2000 2 7528.77568
43.3000 2 8147.43552
43.4000 2 6847.20128
43.5000 2 775.94624
43.6000 2 3858.75968
43.7000 2 7539.26144
43.8000 2 3219.12832
43.9000 2 6385.82784
44.0000 2 1111.49056
44.1000 2 5200.93696
44.2000 2 2715.81184
44.3000 2 4141.8752
44.4000 2 8430.55104
44.5000 2 2474.63936
44.6000 2 671.08864
44.7000 2 3858.75968
44.8000 2 8996.78208
44.9000 2 3240.09984
45.0000 2 0.0
45.1000 2 1876.95104
45.2000 2 6668.94336
45.3000 2 7235.1744
45.4000 2 2516.5824
45.5000 2 2034.23744
45.6000 2 1520.4352
45.7000 2 9332.3264
45.8000 2 3680.50176
45.9000 2 3061.84192
46.0000 2 6448.7424
46.1000 2 5903.48288
46.2000 2 1457.52064
46.3000 2 1530.92096
46.4000 2 6343.8848
46.5000 2 7434.40384
46.6000 2 2222.98112
46.7000 2 6448.7424
46.8000 2 7906.26304
46.9000 2 1845.49376
47.0000 2 7056.91648
47.1000 2 7308.57472
47.2000 2 1897.92256
47.3000 2 4959.76448
47.4000 2 8420.06528
47.5000 2 5064.62208
47.6000 2 8178.8928
47.7000 2 4225.76128
47.8000 2 1342.17728
47.9000 2 671.08864
48.0000 2 5525.99552
48.1000 2 6186.5984
48.2000 2 5232.39424
48.3000 2 5368.70912
48.4000 2 8797.55264
48.5000 2 6962.54464
48.6000 2 5284.82304
48.7000 2 4917.82144
48.8000 2 4550.81984
48.9000 2 5117.05088
49.0000 2 6291.456
49.1000 2 3523.21536
49.2000 2 671.08864
49.3000 2 3355.4432
49.4000 2 7874.80576
49.5000 2 5022.67904
49.6000 2 5536.48128
49.7000 2 8713.66656
49.8000 2 4204.78976
49.9000 2 7811.8912
50.0000 2 7014.97344
50.1000 2 6658.4576
50.2000 2 5830.08256
50.3000 2 5536.48128
50.4000 2 6700.40064
50.5000 2 6039.79776
50.6000 2 2642.41152
50.7000 2 6406.79936
50.8000 2 4760.53504
50.9000 2 7937.72032
51.0000 2 6396.3136
51.1000 2 5221.90848
51.2000 2 6710.8864
51.3000 2 335.54432
51.4000 2 0.0
51.5000 2 4529.84832
51.6000 2 6532.62848
51.7000 2 6448.7424
51.8000 2 4959.76448
51.9000 2 7717.51936
52.0000 2 5169.47968
52.1000 2 8336.1792
52.2000 2 3932.16
52.3000 2 5305.79456
52.4000 2 5756.68224
52.5000 2 2684.35456
52.6000 2 2673.8688
52.7000 2 7486.83264
52.8000 2 7287.6032
52.9000 2 2348.81024
53.0000 2 8388.608
53.1000 2 4194.304
53.2000 2 1006.63296
53.3000 2 4697.62048
53.4000 2 8283.7504
53.5000 2 6081.7408
53.6000 2 5242.88
53.7000 2 7801.40544
53.8000 2 7119.83104
53.9000 2 6543.11424
54.0000 2 0.0
54.1000 2 1709.17888
54.2000 2 4498.39104
54.3000 2 3858.75968
54.4000 2 0.0
54.5000 2 8388.608
54.6000 2 4687.13472
54.7000 2 3418.35776
54.8000 2 8136.94976
54.9000 2 5211.42272
55.0000 2 3523.21536
55.1000 2 2013.26592
55.2000 2 7759.4624
55.3000 2 2967.47008
55.4000 2 3135.24224
55.5000 2 5473.56672
55.6000 2 7654.6048
55.7000 2 167.77216
55.8000 2 1342.17728
55.9000 2 4026.53184
56.0000 2 7843.34848
56.1000 2 4204.78976
56.2000 2 3355.4432
56.3000 2 3145.728
56.4000 2 5588.91008
56.5000 2 4676.64896
56.6000 2 3344.95744
56.7000 2 7916.7488
56.8000 2 5651.82464
56.9000 2 2181.03808
57.0000 2 5525.99552
57.1000 2 2348.81024
57.2000 2 650.11712
57.3000 2 5190.4512
57.4000 2 3040.8704
57.5000 2 1038.09024
57.6000 2 4120.90368
57.7000 2 8231.3216
57.8000 2 2348.81024
57.9000 2 5966.39744
58.0000 2 6616.51456
58.1000 2 2013.26592
58.2000 2 3187.67104
58.3000 2 9248.44032
58.4000 2 3816.81664
58.5000 2 2013.26592
58.6000 2 8294.23616
58.7000 2 5295.3088
58.8000 2 503.31648
58.9000 2 4498.39104
59.0000 2 8336.1792
59.1000 2 6606.0288
59.2000 2 6249.51296
59.3000 2 8524.92288
59.4000 2 3208.64256
59.5000 2 7486.83264
59.6000 2 7402.94656
59.7000 2 7298.08896
59.8000 2 9269.41184
59.9000 2 4016.04608
60.0000 2 8231.3216
60.1000 2 6364.85632
60.2000 2 8482.97984
60.3000 2 3082.81344
60.4000 2 1342.17728
60.5000 2 2013.26592
60.6000 2 2013.26592
60.7000 2 1835.008
60.8000 2 3533.70112
60.9000 2 5463.08096
61.0000 2 5295.3088
61.1000 2 4026.53184
61.2000 2 9321.84064
61.3000 2 2883.584
61.4000 2 3963.61728
61.5000 2 9206.49728
61.6000 2 2873.09824
61.7000 2 2516.5824
61.8000 2 1342.17728
61.9000 2 335.54432
62.0000 2 8566.86592
62.1000 2 4519.36256
62.2000 2 6385.82784
62.3000 2 8535.40864
62.4000 2 1698.69312
62.5000 2 7319.06048
62.6000 2 3869.24544
62.7000 2 3690.98752
62.8000 2 3690.98752
62.9000 2 6847.20128
63.0000 2 2548.03968
63.1000 2 4016.04608
63.2000 2 6794.77248
63.3000 2 4771.0208
63.4000 2 4194.304
63.5000 2 8388.608
63.6000 2 2852.12672
63.7000 2 3019.89888
63.8000 2 8545.8944
63.9000 2 4372.56192
64.0000 2 6878.65856
64.1000 2 8703.1808
64.2000 2 1677.7216
64.3000 2 1677.7216
64.4000 2 4791.99232
64.5000 2 5746.19648
64.6000 2 7381.97504
64.7000 2 7392.4608
64.8000 2 7361.00352
64.9000 2 356.51584
65.0000 2 1006.63296
65.1000 2 6249.51296
65.2000 2 7140.80256
65.3000 2 1509.94944
65.4000 2 5892.99712
65.5000 2 9353.29792
65.6000 2 2495.61088
65.7000 2 5200.93696
65.8000 2 1509.94944
65.9000 2 6008.34048
66.0000 2 2380.26752
66.1000 2 2873.09824
66.2000 2 6176.11264
66.3000 2 8870.95296
66.4000 2 1677.7216
66.5000 2 5746.19648
66.6000 2 6668.94336
66.7000 2 1740.63616
66.8000 2 870.31808
66.9000 2 2086.66624
67.0000 2 8074.0352
67.1000 2 4833.93536
67.2000 2 7014.97344
67.3000 2 3040.8704
67.4000 2 1845.49376
67.5000 2 2181.03808
67.6000 2 4529.84832
67.7000 2 7277.11744
67.8000 2 6857.68704
67.9000 2 3711.95904
68.0000 2 7035.94496
68.1000 2 9091.15392
68.2000 2 1373.63456
68.3000 2 335.54432
68.4000 2 2684.35456
68.5000 2 6595.54304
68.6000 2 4812.96384
68.7000 2 3365.92896
68.8000 2 7644.11904
68.9000 2 6092.22656
69.0000 2 3722.4448
69.1000 2 5955.91168
69.2000 2 6595.54304
69.3000 2 7717.51936
69.4000 2 6941.57312
69.5000 2 4624.22016
69.6000 2 8912.896
69.7000 2 7528.77568
69.8000 2 7140.80256
69.9000 2 1751.12192
70.0000 2 3009.41312
70.1000 2 2684.35456
70.2000 2 4645.19168
70.3000 2 8441.0368
70.4000 2 4854.90688
70.5000 2 4676.64896
70.6000 2 7728.00512
70.7000 2 8053.06368
70.8000 2 5368.70912
70.9000 2 3858.75968
71.0000 2 8241.80736
71.1000 2 5179.96544
71.2000 2 9112.12544
71.3000 2 6658.4576
71.4000 2 7130.3168
71.5000 2 4603.24864
71.6000 2 1006.63296
71.7000 2 1677.7216
71.8000 2 4833.93536
71.9000 2 8902.41024
72.0000 2 3544.18688
72.1000 2 5651.82464
72.2000 2 8734.63808
72.3000 2 1688.20736
72.4000 2 3019.89888
72.5000 2 8933.86752
72.6000 2 7486.83264
72.7000 2 1530.92096
72.8000 2 6155.14112
72.9000 2 5379.19488
73.0000 2 3187.67104
73.1000 2 8891.92448
73.2000 2 7035.94496
73.3000 2 3690.98752
73.4000 2 314.5728
73.5000 2 6752.82944
73.6000 2 6983.51616
73.7000 2 6354.37056
73.8000 2 6773.80096
73.9000 2 6029.312
74.0000 2 7864.32
74.1000 2 5389.68064
74.2000 2 5200.93696
74.3000 2 7161.77408
74.4000 2 6291.456
74.5000 2 8514.43712
74.6000 2 7948.20608
74.7000 2 7570.71872
74.8000 2 7256.14592
74.9000 2 1195.37664
75.0000 2 1845.49376
75.1000 2 3376.41472
75.2000 2 2998.92736
75.3000 2 4886.36416
75.4000 2 5567.93856
75.5000 2 6647.97184
75.6000 2 7874.80576
75.7000 2 3313.50016
75.8000 2 5756.68224
75.9000 2 5200.93696
76.0000 2 4791.99232
76.1000 2 7759.4624
76.2000 2 4037.0176
76.3000 2 1677.7216
76.4000 2 2128.60928
76.5000 2 5075.10784
76.6000 2 3690.98752
76.7000 2 6259.99872
76.8000 2 7308.57472
76.9000 2 2013.26592
77.0000 2 3544.18688
77.1000 2 9353.29792
77.2000 2 1688.20736
77.3000 2 3690.98752
77.4000 2 9300.86912
77.5000 2 4771.0208
77.6000 2 6280.97024
77.7000 2 3607.10144
77.8000 2 0.0
77.9000 2 2600.46848
78.0000 2 5284.82304
78.1000 2 4414.50496
78.2000 2 9604.95616
78.3000 2 2715.81184
78.4000 2 5588.91008
78.5000 2 8808.0384
78.6000 2 4550.81984
78.7000 2 6910.11584
78.8000 2 5337.25184
78.9000 2 4571.79136
79.0000 2 9657.38496
79.1000 2 3124.75648
79.2000 2 2757.75488
79.3000 2 5347.7376
79.4000 2 8577.35168
79.5000 2 1971.32288
79.6000 2 6249.51296
79.7000 2 9017.7536
79.8000 2 31.45728
79.9000 2 335.54432
80.0000 2 838.8608
80.1000 2 5494.53824
80.2000 2 8923.38176
80.3000 2 1342.17728
80.4000 2 5505.024
80.5000 2 9206.49728
80.6000 2 597.68832
80.7000 2 786.432
80.8000 2 1677.7216
80.9000 2 3554.67264
81.0000 2 7004.48768
81.1000 2 7853.83424
81.2000 2 4540.33408
81.3000 2 2684.35456
81.4000 2 8168.40704
81.5000 2 6752.82944
81.6000 2 2852.12672
81.7000 2 6511.65696
81.8000 2 7235.1744
81.9000 2 5798.62528
82.0000 2 4949.27872
82.1000 2 4666.1632
82.2000 2 4183.81824
82.3000 2 8692.69504
82.4000 2 8493.4656
82.5000 2 262.144
82.6000 2 817.88928
82.7000 2 3607.10144
82.8000 2 8713.66656
82.9000 2 2956.98432
83.0000 2 4865.39264
83.1000 2 8745.12384
83.2000 2 2988.4416
83.3000 2 3019.89888
83.4000 2 9363.78368
83.5000 2 3544.18688
83.6000 2 1342.17728
83.7000 2 4697.62048
83.8000 2 8724.15232
83.9000 2 1583.34976
84.0000 2 7130.3168
84.1000 2 6207.56992
84.2000 2 4194.304
84.3000 2 4162.84672
84.4000 2 8975.81056
84.5000 2 2946.49856
84.6000 2 671.08864
84.7000 2 1509.94944
84.8000 2 7140.80256
84.9000 2 6606.0288
85.0000 2 4026.53184
85.1000 2 9143.58272
85.2000 2 2432.69632
85.3000 2 796.91776
85.4000 2 2034.23744
85.5000 2 4309.64736
85.6000 2 7214.20288
85.7000 2 2894.06976
85.8000 2 335.54432
85.9000 2 1174.40512
86.0000 2 3974.10304
86.1000 2 7266.63168
86.2000 2 7361.00352
86.3000 2 1342.17728
86.4000 2 2013.26592
86.5000 2 1677.7216
86.6000 2 7549.7472
86.7000 2 1342.17728
86.8000 2 5809.11104
86.9000 2 7665.09056
87.0000 2 5305.79456
87.1000 2 0.0
87.2000 2 1677.7216
87.3000 2 4047.50336
87.4000 2 6689.91488
87.5000 2 5704.25344
87.6000 2 0.0
87.7000 2 1845.49376
87.8000 2 2967.47008
87.9000 2 8640.26624
88.0000 2 3816.81664
88.1000 2 3523.21536
88.2000 2 7329.54624
88.3000 2 3607.10144
88.4000 2 5158.99392
88.5000 2 9164.55424
88.6000 2 723.51744
88.7000 2 503.31648
88.8000 2 1384.12032
88.9000 2 4309.64736
89.0000 2 9206.49728
89.1000 2 3040.8704
89.2000 2 3523.21536
89.3000 2 8147.43552
89.4000 2 3921.67424
89.5000 2 2925.52704
89.6000 2 7140.80256
89.7000 2 4246.7328
89.8000 2 3135.24224
89.9000 2 8210.35008
90.0000 2 3953.13152
90.1000 2 2852.12672
90.2000 2 2684.35456
90.3000 2 4529.84832
90.4000 2 8115.97824
90.5000 2 2778.7264
90.6000 2 3355.4432
90.7000 2 9583.98464
90.8000 2 6679.42912
90.9000 2 335.54432
91.0000 2 1751.12192
91.1000 2 6176.11264
91.2000 2 4582.27712
91.3000 2 3575.64416
91.4000 2 9583.98464
91.5000 2 4844.42112
91.6000 2 3187.67104
91.7000 2 8860.4672
91.8000 2 4718.592
91.9000 2 3187.67104
92.0000 2 7161.77408
92.1000 2 3743.41632
92.2000 2 671.08864
92.3000 2 1509.94944
92.4000 2 5347.7376
92.5000 2 9070.1824
92.6000 2 2862.61248
92.7000 2 4487.90528
92.8000 2 9237.95456
92.9000 2 5054.13632
93.0000 2 2181.03808
93.1000 2 2516.5824
93.2000 2 4057.98912
93.3000 2 5001.70752
93.4000 2 2516.5824
93.5000 2 6742.34368
93.6000 2 7172.25984
93.7000 2 3942.64576
93.8000 2 9447.66976
93.9000 2 4540.33408
94.0000 2 3051.35616
94.1000 2 6931.08736
94.2000 2 5358.22336
94.3000 2 241.17248
94.4000 2 1814.03648
94.5000 2 6427.77088
94.6000 2 8231.3216
94.7000 2 1604.32128
94.8000 2 3701.47328
94.9000 2 9017.7536
95.0000 2 2894.06976
95.1000 2 3848.27392
95.2000 2 6889.14432
95.3000 2 5179.96544
95.4000 2 2191.52384
95.5000 2 5683.28192
95.6000 2 5043.65056
95.7000 2 167.77216
95.8000 2 3502.24384
95.9000 2 6218.05568
96.0000 2 6322.91328
96.1000 2 5924.4544
96.2000 2 6826.22976
96.3000 2 7654.6048
96.4000 2 7140.80256
96.5000 2 5704.25344
96.6000 2 5620.36736
96.7000 2 5064.62208
96.8000 2 3061.84192
96.9000 2 3355.4432
97.0000 2 7969.1776
97.1000 2 6018.82624
97.2000 2 5746.19648
97.3000 2 9594.4704
97.4000 2 2516.5824
97.5000 2 6186.5984
97.6000 2 9300.86912
97.7000 2 2610.95424
97.8000 2 1174.40512
97.9000 2 2181.03808
98.0000 2 7455.37536
98.1000 2 2946.49856
98.2000 2 4571.79136
98.3000 2 8168.40704
98.4000 2 3187.67104
98.5000 2 3187.67104
98.6000 2 6008.34048
98.7000 2 8084.52096
98.8000 2 4026.53184
98.9000 2 7675.57632
99.0000 2 6752.82944
99.1000 2 1006.63296
99.2000 2 3019.89888
99.3000 2 8870.95296
99.4000 2 3376.41472
99.5000 2 3187.67104
99.6000 2 7486.83264
99.7000 2 8262.77888
99.8000 2 2831.1552
99.9000 2 7455.37536
100.0000 2 3449.81504
100.1000 2 335.54432
100.2000 2 534.77376
100.3000 2 3156.21376
100.4000 2 6564.08576
100.5000 2 5169.47968
100.6000 2 4697.62048
100.7000 2 7392.4608
100.8000 2 6176.11264
100.9000 2 4078.96064
101.0000 2 2285.89568
101.1000 2 3963.61728
101.2000 2 3250.5856
