0.1000 2 0.0
0.2000 2 4949.27872
0.3000 2 167.77216
0.4000 2 335.54432
0.5000 2 1614.80704
0.6000 2 7277.11744
0.7000 2 4519.36256
0.8000 2 6029.312
0.9000 2 7979.66336
1.0000 2 8860.4672
1.1000 2 1080.03328
1.2000 2 3690.98752
1.3000 2 7979.66336
1.4000 2 7444.8896
1.5000 2 1677.7216
1.6000 2 4341.10464
1.7000 2 8535.40864
1.8000 2 2369.78176
1.9000 2 5022.67904
2.0000 2 9185.52576
2.1000 2 3743.41632
2.2000 2 4194.304
2.3000 2 8849.98144
2.4000 2 2222.98112
2.5000 2 8294.23616
2.6000 2 8115.97824
2.7000 2 6060.76928
2.8000 2 8273.26464
2.9000 2 912.26112
3.0000 2 335.54432
3.1000 2 3355.4432
3.2000 2 6301.94176
3.3000 2 8545.8944
3.4000 2 3386.90048
3.5000 2 5609.8816
3.6000 2 5295.3088
3.7000 2 2348.81024
3.8000 2 3533.70112
3.9000 2 8524.92288
4.0000 2 5033.1648
4.1000 2 5075.10784
4.2000 2 8556.38016
4.3000 2 1625.2928
4.4000 2 1342.17728
4.5000 2 3690.98752
4.6000 2 9196.01152
4.7000 2 4341.10464
4.8000 2 4561.3056
4.9000 2 6469.71392
5.0000 2 6092.22656
5.1000 2 7633.63328
5.2000 2 9038.72512
5.3000 2 5054.13632
5.4000 2 7193.23136
5.5000 2 4424.99072
5.6000 2 7717.51936
5.7000 2 7014.97344
5.8000 2 4571.79136
5.9000 2 5630.85312
6.0000 2 4886.36416
6.1000 2 2852.12672
6.2000 2 335.54432
6.3000 2 3711.95904
6.4000 2 8682.20928
6.5000 2 1006.63296
6.6000 2 2904.55552
6.7000 2 7035.94496
6.8000 2 5515.50976
6.9000 2 4267.70432
7.0000 2 671.08864
7.1000 2 6375.34208
7.2000 2 7455.37536
7.3000 2 6438.25664
7.4000 2 5190.4512
7.5000 2 7843.34848
7.6000 2 8619.29472
7.7000 2 6532.62848
7.8000 2 5400.1664
7.9000 2 5242.88
8.0000 2 838.8608
8.1000 2 4372.56192
8.2000 2 7990.14912
8.3000 2 7340.032
8.4000 2 3565.1584
8.5000 2 5735.71072
8.6000 2 6564.08576
8.7000 2 5609.8816
8.8000 2 7056.91648
8.9000 2 7874.80576
9.0000 2 5641.33888
9.1000 2 7056.91648
9.2000 2 335.54432
9.3000 2 1845.49376
9.4000 2 2506.09664
9.5000 2 7937.72032
9.6000 2 6658.4576
9.7000 2 3019.89888
9.8000 2 6962.54464
9.9000 2 8262.77888
10.0000 2 4026.53184
10.1000 2 7927.23456
10.2000 2 5473.56672
10.3000 2 4026.53184
10.4000 2 7182.7456
10.5000 2 3701.47328
10.6000 2 671.08864
10.7000 2 1845.49376
10.8000 2 6522.14272
10.9000 2 8241.80736
11.0000 2 1677.7216
11.1000 2 4865.39264
11.2000 2 4194.304
11.3000 2 3984.5888
11.4000 2 3544.18688
11.5000 2 5096.07936
11.6000 2 4760.53504
11.7000 2 4362.07616
11.8000 2 3355.4432
11.9000 2 5200.93696
12.0000 2 2673.8688
12.1000 2 6207.56992
12.2000 2 5704.25344
12.3000 2 7549.7472
12.4000 2 5872.0256
12.5000 2 5851.05408
12.6000 2 5200.93696
12.7000 2 0.0
12.8000 2 4865.39264
12.9000 2 3858.75968
13.0000 2 8619.29472
13.1000 2 4791.99232
13.2000 2 1174.40512
13.3000 2 1845.49376
13.4000 2 7654.6048
13.5000 2 4592.76288
13.6000 2 4026.53184
13.7000 2 7549.7472
13.8000 2 4362.07616
13.9000 2 3659.53024
14.0000 2 8399.09376
14.1000 2 7151.28832
14.2000 2 6197.08416
14.3000 2 8891.92448
14.4000 2 3575.64416
14.5000 2 335.54432
14.6000 2 2684.35456
14.7000 2 5463.08096
14.8000 2 5767.168
14.9000 2 4802.47808
15.0000 2 8283.7504
15.1000 2 1174.40512
15.2000 2 1677.7216
15.3000 2 1509.94944
15.4000 2 6008.34048
15.5000 2 8566.86592
15.6000 2 2516.5824
15.7000 2 7560.23296
15.8000 2 6836.71552
15.9000 2 2516.5824
16.0000 2 5872.0256
16.1000 2 4697.62048
16.2000 2 2170.55232
16.3000 2 6994.00192
16.4000 2 6668.94336
16.5000 2 5945.42592
16.6000 2 6207.56992
16.7000 2 8472.49408
16.8000 2 3785.35936
16.9000 2 4498.39104
17.0000 2 2348.81024
17.1000 2 6700.40064
17.2000 2 2694.84032
17.3000 2 681.5744
17.4000 2 3491.75808
17.5000 2 5641.33888
17.6000 2 5431.62368
17.7000 2 2181.03808
17.8000 2 5326.76608
17.9000 2 7874.80576
18.0000 2 1719.66464
18.1000 2 5001.70752
18.2000 2 8367.63648
18.3000 2 3208.64256
18.4000 2 5001.70752
18.5000 2 6228.54144
18.6000 2 828.37504
18.7000 2 3858.75968
18.8000 2 6364.85632
18.9000 2 9101.63968
19.0000 2 2621.44
19.1000 2 7423.91808
19.2000 2 8346.66496
19.3000 2 2013.26592
19.4000 2 3187.67104
19.5000 2 8912.896
19.6000 2 3470.78656
19.7000 2 5662.3104
19.8000 2 8441.0368
19.9000 2 1184.89088
20.0000 2 2044.7232
20.1000 2 6994.00192
20.2000 2 6385.82784
20.3000 2 503.31648
20.4000 2 1174.40512
20.5000 2 4445.96224
20.6000 2 8849.98144
20.7000 2 4477.41952
20.8000 2 2107.63776
20.9000 2 5934.94016
21.0000 2 7193.23136
21.1000 2 5169.47968
21.2000 2 8587.83744
21.3000 2 7214.20288
21.4000 2 5316.28032
21.5000 2 6585.05728
21.6000 2 4288.67584
21.7000 2 4938.79296
21.8000 2 9332.3264
21.9000 2 2380.26752
22.0000 2 5599.39584
22.1000 2 7476.34688
22.2000 2 335.54432
22.3000 2 335.54432
22.4000 2 1342.17728
22.5000 2 5788.13952
22.6000 2 7549.7472
22.7000 2 3921.67424
22.8000 2 8912.896
22.9000 2 7025.4592
23.0000 2 6018.82624
23.1000 2 6899.63008
23.2000 2 5200.93696
23.3000 2 3858.75968
23.4000 2 4152.36096
23.5000 2 6952.05888
23.6000 2 7853.83424
23.7000 2 335.54432
23.8000 2 1342.17728
23.9000 2 3722.4448
24.0000 2 9258.92608
24.1000 2 2600.46848
24.2000 2 7591.69024
24.3000 2 9374.26944
24.4000 2 4645.19168
24.5000 2 2831.1552
24.6000 2 7203.71712
24.7000 2 3533.70112
24.8000 2 335.54432
24.9000 2 1782.5792
25.0000 2 6585.05728
25.1000 2 1174.40512
25.2000 2 2684.35456
25.3000 2 1866.46528
25.4000 2 4959.76448
25.5000 2 9342.81216
25.6000 2 4445.96224
25.7000 2 4991.22176
25.8000 2 9374.26944
25.9000 2 2233.46688
26.0000 2 335.54432
26.1000 2 0.0
26.2000 2 1279.26272
26.3000 2 6773.80096
26.4000 2 5326.76608
26.5000 2 503.31648
26.6000 2 2013.26592
26.7000 2 3491.75808
26.8000 2 8734.63808
26.9000 2 4362.07616
27.0000 2 3481.27232
27.1000 2 4896.84992
27.2000 2 5536.48128
27.3000 2 4477.41952
27.4000 2 7329.54624
27.5000 2 8640.26624
27.6000 2 2348.81024
27.7000 2 6784.28672
27.8000 2 6406.79936
27.9000 2 7707.0336
28.0000 2 7570.71872
28.1000 2 0.0
28.2000 2 1006.63296
28.3000 2 1509.94944
28.4000 2 5138.0224
28.5000 2 7193.23136
28.6000 2 6616.51456
28.7000 2 8671.72352
28.8000 2 5882.51136
28.9000 2 4907.33568
29.0000 2 4529.84832
29.1000 2 6878.65856
29.2000 2 6847.20128
29.3000 2 2527.06816
29.4000 2 7696.54784
29.5000 2 6731.85792
29.6000 2 5693.76768
29.7000 2 4875.8784
29.8000 2 1174.40512
29.9000 2 3177.18528
30.0000 2 6322.91328
30.1000 2 6081.7408
30.2000 2 5997.85472
30.3000 2 9091.15392
30.4000 2 2516.5824
30.5000 2 5955.91168
30.6000 2 6784.28672
30.7000 2 2852.12672
30.8000 2 8199.86432
30.9000 2 6396.3136
31.0000 2 4697.62048
31.1000 2 9185.52576
31.2000 2 2768.24064
31.3000 2 3900.70272
31.4000 2 9080.66816
31.5000 2 4215.27552
31.6000 2 6522.14272
31.7000 2 9206.49728
31.8000 2 5546.96704
31.9000 2 6574.57152
32.0000 2 5326.76608
32.1000 2 0.0
32.2000 2 671.08864
32.3000 2 4026.53184
32.4000 2 5892.99712
32.5000 2 6186.5984
32.6000 2 2369.78176
32.7000 2 6501.1712
32.8000 2 7696.54784
32.9000 2 2915.04128
33.0000 2 6018.82624
33.1000 2 8011.12064
33.2000 2 2181.03808
33.3000 2 7035.94496
33.4000 2 6543.11424
33.5000 2 335.54432
33.6000 2 838.8608
33.7000 2 1509.94944
33.8000 2 6931.08736
33.9000 2 8315.20768
34.0000 2 167.77216
34.1000 2 2013.26592
34.2000 2 4477.41952
34.3000 2 8839.49568
34.4000 2 3103.78496
34.5000 2 8587.83744
34.6000 2 8021.6064
34.7000 2 1845.49376
34.8000 2 5043.65056
34.9000 2 8346.66496
35.0000 2 4362.07616
35.1000 2 9248.44032
35.2000 2 5012.19328
35.3000 2 7046.43072
35.4000 2 8535.40864
35.5000 2 4823.4496
35.6000 2 2369.78176
35.7000 2 3670.016
35.8000 2 5546.96704
35.9000 2 335.54432
36.0000 2 838.8608
36.1000 2 5200.93696
36.2000 2 7444.8896
36.3000 2 2443.18208
36.4000 2 3019.89888
36.5000 2 6836.71552
36.6000 2 7423.91808
36.7000 2 3019.89888
36.8000 2 7675.57632
36.9000 2 7256.14592
37.0000 2 2013.26592
37.1000 2 3858.75968
37.2000 2 8849.98144
37.3000 2 1866.46528
37.4000 2 8556.38016
37.5000 2 7707.0336
37.6000 2 0.0
37.7000 2 0.0
37.8000 2 2652.89728
37.9000 2 8965.3248
38.0000 2 5809.11104
38.1000 2 2013.26592
38.2000 2 5725.22496
38.3000 2 8357.15072
38.4000 2 2181.03808
38.5000 2 7591.69024
38.6000 2 6417.28512
38.7000 2 3858.75968
38.8000 2 9059.69664
38.9000 2 2852.12672
39.0000 2 503.31648
39.1000 2 1174.40512
39.2000 2 5022.67904
39.3000 2 8178.8928
39.4000 2 4362.07616
39.5000 2 7161.77408
39.6000 2 8619.29472
39.7000 2 1184.89088
39.8000 2 346.03008
39.9000 2 1153.4336
40.0000 2 3019.89888
40.1000 2 9143.58272
40.2000 2 2086.66624
40.3000 2 2694.84032
40.4000 2 9353.29792
40.5000 2 5211.42272
40.6000 2 671.08864
40.7000 2 1688.20736
40.8000 2 6102.71232
40.9000 2 7969.1776
41.0000 2 2485.12512
41.1000 2 4225.76128
41.2000 2 5892.99712
41.3000 2 3596.61568
41.4000 2 4687.13472
41.5000 2 9279.8976
41.6000 2 4886.36416
41.7000 2 0.0
41.8000 2 671.08864
41.9000 2 3848.27392
42.0000 2 9206.49728
42.1000 2 5033.1648
42.2000 2 4424.99072
42.3000 2 6301.94176
42.4000 2 6417.28512
42.5000 2 4320.13312
42.6000 2 6280.97024
42.7000 2 8147.43552
42.8000 2 3303.0144
42.9000 2 6931.08736
43.0000 2 7361.00352
43.1000 2 0.0
43.2000 2 1509.94944
43.3000 2 5798.62528
43.4000 2 9091.15392
43.5000 2 2873.09824
43.6000 2 7298.08896
43.7000 2 6962.54464
43.8000 2 4026.53184
43.9000 2 8220.83584
44.0000 2 0.0
44.1000 2 681.5744
44.2000 2 4341.10464
44.3000 2 671.08864
44.4000 2 3019.89888
44.5000 2 8881.43872
44.6000 2 6553.6
44.7000 2 1845.49376
44.8000 2 1845.49376
44.9000 2 3019.89888
45.0000 2 6249.51296
45.1000 2 1887.4368
45.2000 2 6459.22816
45.3000 2 8482.97984
45.4000 2 2558.52544
45.5000 2 3040.8704
45.6000 2 8315.20768
45.7000 2 4246.7328
45.8000 2 5001.70752
45.9000 2 1006.63296
46.0000 2 1342.17728
46.1000 2 3470.78656
46.2000 2 6092.22656
46.3000 2 503.31648
46.4000 2 1509.94944
46.5000 2 6165.62688
46.6000 2 7581.20448
46.7000 2 3607.10144
46.8000 2 7455.37536
46.9000 2 7224.68864
47.0000 2 5934.94016
47.1000 2 5777.65376
47.2000 2 7570.71872
47.3000 2 167.77216
47.4000 2 671.08864
47.5000 2 5295.3088
47.6000 2 5630.85312
47.7000 2 7444.8896
47.8000 2 4781.50656
47.9000 2 2181.03808
48.0000 2 7560.23296
48.1000 2 5704.25344
48.2000 2 3848.27392
48.3000 2 7361.00352
48.4000 2 4697.62048
48.5000 2 4886.36416
48.6000 2 9510.58432
48.7000 2 5200.93696
48.8000 2 6155.14112
48.9000 2 6595.54304
49.0000 2 838.8608
49.1000 2 3523.21536
49.2000 2 9311.35488
49.3000 2 4445.96224
49.4000 2 4634.70592
49.5000 2 2401.23904
49.6000 2 3900.70272
49.7000 2 5484.05248
49.8000 2 2422.21056
49.9000 2 6647.97184
50.0000 2 9657.38496
50.1000 2 891.2896
50.2000 2 335.54432
50.3000 2 2684.35456
50.4000 2 7308.57472
50.5000 2 3250.5856
50.6000 2 2925.52704
50.7000 2 7476.34688
50.8000 2 7476.34688
50.9000 2 2233.46688
51.0000 2 5567.93856
51.1000 2 8996.78208
51.2000 2 2013.26592
51.3000 2 5442.10944
51.4000 2 2254.4384
51.5000 2 3019.89888
51.6000 2 4194.304
51.7000 2 6710.8864
51.8000 2 7811.8912
51.9000 2 3921.67424
52.0000 2 3114.27072
52.1000 2 4267.70432
52.2000 2 5872.0256
52.3000 2 7214.20288
52.4000 2 3921.67424
52.5000 2 6280.97024
52.6000 2 4204.78976
52.7000 2 9521.07008
52.8000 2 5578.42432
52.9000 2 6448.7424
53.0000 2 8273.26464
53.1000 2 5305.79456
53.2000 2 5284.82304
53.3000 2 4278.19008
53.4000 2 8902.41024
53.5000 2 4571.79136
53.6000 2 6039.79776
53.7000 2 7214.20288
53.8000 2 3365.92896
53.9000 2 8891.92448
54.0000 2 1992.2944
54.1000 2 5368.70912
54.2000 2 5242.88
54.3000 2 3470.78656
54.4000 2 335.54432
54.5000 2 4372.56192
54.6000 2 5190.4512
54.7000 2 8262.77888
54.8000 2 3806.33088
54.9000 2 2852.12672
55.0000 2 8252.29312
55.1000 2 8451.52256
55.2000 2 4592.76288
55.3000 2 6710.8864
55.4000 2 5368.70912
55.5000 2 41.94304
55.6000 2 283.11552
55.7000 2 5987.36896
55.8000 2 7266.63168
55.9000 2 7549.7472
56.0000 2 5536.48128
56.1000 2 3019.89888
56.2000 2 7696.54784
56.3000 2 6228.54144
56.4000 2 5368.70912
56.5000 2 3355.4432
56.6000 2 1677.7216
56.7000 2 1960.83712
56.8000 2 5421.13792
56.9000 2 6511.65696
57.0000 2 6123.68384
57.1000 2 5924.4544
57.2000 2 7077.888
57.3000 2 1006.63296
57.4000 2 2548.03968
57.5000 2 4487.90528
57.6000 2 4844.42112
57.7000 2 1855.97952
57.8000 2 2013.26592
57.9000 2 335.54432
58.0000 2 7182.7456
58.1000 2 4204.78976
58.2000 2 1897.92256
58.3000 2 6731.85792
58.4000 2 7623.14752
58.5000 2 167.77216
58.6000 2 1845.49376
58.7000 2 5358.22336
58.8000 2 8000.63488
58.9000 2 2915.04128
59.0000 2 671.08864
59.1000 2 6259.99872
59.2000 2 8996.78208
59.3000 2 1625.2928
59.4000 2 5075.10784
59.5000 2 9143.58272
59.6000 2 933.23264
59.7000 2 2348.81024
59.8000 2 6239.0272
59.9000 2 7518.28992
60.0000 2 3690.98752
60.1000 2 6249.51296
60.2000 2 8336.1792
60.3000 2 3376.41472
60.4000 2 3313.50016
60.5000 2 1845.49376
60.6000 2 2852.12672
60.7000 2 5872.0256
60.8000 2 7046.43072
60.9000 2 2684.35456
61.0000 2 335.54432
61.1000 2 1006.63296
61.2000 2 3690.98752
61.3000 2 5337.25184
61.4000 2 7927.23456
61.5000 2 3512.7296
61.6000 2 3093.2992
61.7000 2 7675.57632
61.8000 2 4991.22176
61.9000 2 2348.81024
62.0000 2 7486.83264
62.1000 2 7277.11744
62.2000 2 3355.4432
62.3000 2 8136.94976
62.4000 2 5117.05088
62.5000 2 335.54432
62.6000 2 1174.40512
62.7000 2 5903.48288
62.8000 2 8870.95296
62.9000 2 2506.09664
63.0000 2 3355.4432
63.1000 2 6794.77248
63.2000 2 7465.86112
63.3000 2 5861.53984
63.4000 2 8367.63648
63.5000 2 3365.92896
63.6000 2 8587.83744
63.7000 2 8168.40704
63.8000 2 7056.91648
63.9000 2 7203.71712
64.0000 2 167.77216
64.1000 2 335.54432
64.2000 2 4645.19168
64.3000 2 8640.26624
64.4000 2 4991.22176
64.5000 2 7518.28992
64.6000 2 7707.0336
64.7000 2 6039.79776
64.8000 2 6553.6
64.9000 2 7717.51936
65.0000 2 6941.57312
65.1000 2 6606.0288
65.2000 2 6878.65856
65.3000 2 3523.21536
65.4000 2 6270.48448
65.5000 2 8703.1808
65.6000 2 618.65984
65.7000 2 1006.63296
65.8000 2 2967.47008
65.9000 2 8378.12224
66.0000 2 3953.13152
66.1000 2 5714.7392
66.2000 2 8273.26464
66.3000 2 2569.0112
66.4000 2 8220.83584
66.5000 2 8535.40864
66.6000 2 1677.7216
66.7000 2 6595.54304
66.8000 2 6312.42752
66.9000 2 3890.21696
67.0000 2 9416.21248
67.1000 2 4466.93376
67.2000 2 6207.56992
67.3000 2 3187.67104
67.4000 2 1677.7216
67.5000 2 5033.1648
67.6000 2 4760.53504
67.7000 2 5641.33888
67.8000 2 4068.47488
67.9000 2 5494.53824
68.0000 2 7686.06208
68.1000 2 8011.12064
68.2000 2 4823.4496
68.3000 2 5809.11104
68.4000 2 4750.04928
68.5000 2 6815.744
68.6000 2 6553.6
68.7000 2 1006.63296
68.8000 2 4194.304
68.9000 2 2013.26592
69.0000 2 6878.65856
69.1000 2 5872.0256
69.2000 2 4529.84832
69.3000 2 9248.44032
69.4000 2 5169.47968
69.5000 2 3460.3008
69.6000 2 9646.8992
69.7000 2 4341.10464
69.8000 2 671.08864
69.9000 2 0.0
70.0000 2 6742.34368
70.1000 2 7507.80416
70.2000 2 1667.23584
70.3000 2 7214.20288
70.4000 2 6878.65856
70.5000 2 5442.10944
70.6000 2 8294.23616
70.7000 2 6081.7408
70.8000 2 8671.72352
70.9000 2 1677.7216
71.0000 2 671.08864
71.1000 2 6375.34208
71.2000 2 6039.79776
71.3000 2 7371.48928
71.4000 2 6931.08736
71.5000 2 4225.76128
71.6000 2 8598.3232
71.7000 2 6564.08576
71.8000 2 503.31648
71.9000 2 0.0
72.0000 2 2852.12672
72.1000 2 4194.304
72.2000 2 8724.15232
72.3000 2 503.31648
72.4000 2 6270.48448
72.5000 2 7308.57472
72.6000 2 3858.75968
72.7000 2 7665.09056
72.8000 2 3911.18848
72.9000 2 4278.19008
73.0000 2 6742.34368
73.1000 2 4068.47488
73.2000 2 5704.25344
73.3000 2 3355.4432
73.4000 2 6731.85792
73.5000 2 6689.91488
73.6000 2 4655.67744
73.7000 2 5735.71072
73.8000 2 8136.94976
73.9000 2 6616.51456
74.0000 2 1342.17728
74.1000 2 2684.35456
74.2000 2 5033.1648
74.3000 2 7717.51936
74.4000 2 6606.0288
74.5000 2 5305.79456
74.6000 2 1163.91936
74.7000 2 4529.84832
74.8000 2 3617.5872
74.9000 2 8629.78048
75.0000 2 4257.21856
75.1000 2 8682.20928
75.2000 2 5158.99392
75.3000 2 1635.77856
75.4000 2 3219.12832
75.5000 2 9688.84224
75.6000 2 5913.96864
75.7000 2 3858.75968
75.8000 2 8598.3232
75.9000 2 3701.47328
76.0000 2 8766.09536
76.1000 2 8923.38176
76.2000 2 0.0
76.3000 2 1342.17728
76.4000 2 3282.04288
76.5000 2 7161.77408
76.6000 2 838.8608
76.7000 2 1509.94944
76.8000 2 4131.38944
76.9000 2 6773.80096
77.0000 2 6857.68704
77.1000 2 2956.98432
77.2000 2 6878.65856
77.3000 2 5200.93696
77.4000 2 4362.07616
77.5000 2 8598.3232
77.6000 2 3963.61728
77.7000 2 849.34656
77.8000 2 4362.07616
77.9000 2 8283.7504
78.0000 2 6144.65536
78.1000 2 4697.62048
78.2000 2 7329.54624
78.3000 2 3921.67424
78.4000 2 5851.05408
78.5000 2 2684.35456
78.6000 2 4016.04608
78.7000 2 4875.8784
78.8000 2 5295.3088
78.9000 2 9038.72512
79.0000 2 2610.95424
79.1000 2 8430.55104
79.2000 2 5830.08256
79.3000 2 3103.78496
79.4000 2 6847.20128
79.5000 2 8996.78208
79.6000 2 671.08864
79.7000 2 503.31648
79.8000 2 3911.18848
79.9000 2 6029.312
80.0000 2 5662.3104
80.1000 2 1174.40512
80.2000 2 2516.5824
80.3000 2 6784.28672
80.4000 2 5284.82304
80.5000 2 3019.89888
80.6000 2 5882.51136
80.7000 2 7203.71712
80.8000 2 3932.16
80.9000 2 6973.0304
81.0000 2 7769.94816
81.1000 2 7025.4592
81.2000 2 4739.56352
81.3000 2 7455.37536
81.4000 2 3523.21536
81.5000 2 5704.25344
81.6000 2 9112.12544
81.7000 2 4812.96384
81.8000 2 4372.56192
81.9000 2 3166.69952
82.0000 2 1677.7216
82.1000 2 3187.67104
82.2000 2 2516.5824
82.3000 2 838.8608
82.4000 2 5033.1648
82.5000 2 7885.29152
82.6000 2 2516.5824
82.7000 2 8294.23616
82.8000 2 5945.42592
82.9000 2 5368.70912
83.0000 2 6050.28352
83.1000 2 5358.22336
83.2000 2 503.31648
83.3000 2 8304.72192
83.4000 2 7465.86112
83.5000 2 6710.8864
83.6000 2 3523.21536
83.7000 2 4519.36256
83.8000 2 7937.72032
83.9000 2 6815.744
84.0000 2 8493.4656
84.1000 2 6931.08736
84.2000 2 7728.00512
84.3000 2 7874.80576
84.4000 2 335.54432
84.5000 2 2181.03808
84.6000 2 4980.736
84.7000 2 8839.49568
84.8000 2 6134.1696
84.9000 2 6207.56992
85.0000 2 6826.22976
85.1000 2 4561.3056
85.2000 2 1509.94944
85.3000 2 5536.48128
85.4000 2 2128.60928
85.5000 2 5903.48288
85.6000 2 6522.14272
85.7000 2 8032.09216
85.8000 2 5735.71072
85.9000 2 671.08864
86.0000 2 2181.03808
86.1000 2 4970.25024
86.2000 2 9416.21248
86.3000 2 1048.576
86.4000 2 0.0
86.5000 2 838.8608
86.6000 2 3334.47168
86.7000 2 5830.08256
86.8000 2 6259.99872
86.9000 2 2516.5824
87.0000 2 7444.8896
87.1000 2 6983.51616
87.2000 2 8996.78208
87.3000 2 3250.5856
87.4000 2 6836.71552
87.5000 2 5567.93856
87.6000 2 6710.8864
87.7000 2 7140.80256
87.8000 2 3711.95904
87.9000 2 3732.93056
88.0000 2 8703.1808
88.1000 2 4047.50336
88.2000 2 503.31648
88.3000 2 1006.63296
88.4000 2 3407.872
88.5000 2 8661.23776
88.6000 2 5872.0256
88.7000 2 8189.37856
88.8000 2 6899.63008
88.9000 2 5735.71072
89.0000 2 4844.42112
89.1000 2 7214.20288
89.2000 2 1006.63296
89.3000 2 6301.94176
89.4000 2 7287.6032
89.5000 2 3858.75968
89.6000 2 7046.43072
89.7000 2 4026.53184
89.8000 2 1174.40512
89.9000 2 2013.26592
90.0000 2 7371.48928
90.1000 2 5588.91008
90.2000 2 4309.64736
90.3000 2 6973.0304
90.4000 2 7948.20608
90.5000 2 1509.94944
90.6000 2 4917.82144
90.7000 2 8829.00992
90.8000 2 3523.21536
90.9000 2 9709.81376
91.0000 2 4047.50336
91.1000 2 335.54432
91.2000 2 3019.89888
91.3000 2 7046.43072
91.4000 2 6794.77248
91.5000 2 7298.08896
91.6000 2 5190.4512
91.7000 2 912.26112
91.8000 2 1090.51904
91.9000 2 5704.25344
92.0000 2 3690.98752
92.1000 2 6647.97184
92.2000 2 5085.5936
92.3000 2 6847.20128
92.4000 2 7906.26304
92.5000 2 167.77216
92.6000 2 1845.49376
92.7000 2 2181.03808
92.8000 2 9867.10016
92.9000 2 4561.3056
93.0000 2 4257.21856
93.1000 2 8115.97824
93.2000 2 859.83232
93.3000 2 0.0
93.4000 2 2181.03808
93.5000 2 6553.6
93.6000 2 9783.21408
93.7000 2 3460.3008
93.8000 2 4970.25024
93.9000 2 6301.94176
94.0000 2 7214.20288
94.1000 2 5945.42592
94.2000 2 5913.96864
94.3000 2 3219.12832
94.4000 2 8849.98144
94.5000 2 5368.70912
94.6000 2 6239.0272
94.7000 2 2642.41152
94.8000 2 0.0
94.9000 2 1342.17728
95.0000 2 5746.19648
95.1000 2 5851.05408
95.2000 2 5651.82464
95.3000 2 4508.8768
95.4000 2 3869.24544
95.5000 2 7790.91968
95.6000 2 5630.85312
95.7000 2 2181.03808
95.8000 2 870.31808
95.9000 2 6459.22816
96.0000 2 3418.35776
96.1000 2 6857.68704
96.2000 2 8388.608
96.3000 2 5861.53984
96.4000 2 1625.2928
96.5000 2 7392.4608
96.6000 2 7539.26144
96.7000 2 5400.1664
96.8000 2 9563.01312
96.9000 2 1006.63296
97.0000 2 671.08864
97.1000 2 2170.55232
97.2000 2 7864.32
97.3000 2 7035.94496
97.4000 2 0.0
97.5000 2 838.8608
97.6000 2 6228.54144
97.7000 2 7518.28992
97.8000 2 5211.42272
97.9000 2 3355.4432
98.0000 2 9122.6112
98.1000 2 3785.35936
98.2000 2 4613.7344
98.3000 2 8126.464
98.4000 2 1006.63296
98.5000 2 3177.18528
98.6000 2 8157.92128
98.7000 2 6102.71232
98.8000 2 5347.7376
98.9000 2 8986.29632
99.0000 2 2705.32608
99.1000 2 7361.00352
99.2000 2 9227.4688
99.3000 2 3397.38624
99.4000 2 6144.65536
99.5000 2 6941.57312
99.6000 2 503.31648
99.7000 2 1006.63296
99.8000 2 6585.05728
99.9000 2 8514.43712
100.0000 2 2202.0096
100.1000 2 7193.23136
100.2000 2 6700.40064
100.3000 2 2348.81024
100.4000 2 5326.76608
100.5000 2 8650.752
100.6000 2 1216.34816
100.7000 2 723.51744
100.8000 2 3019.89888
100.9000 2 7381.97504
101.0000 2 2852.12672
