Will transfer 1000 files
0.1000 1 0.0
0.2000 1 5903.48288
0.3000 1 5075.10784
0.4000 1 6301.94176
0.5000 1 8000.63488
0.6000 1 5630.85312
0.7000 1 6071.25504
0.8000 1 6155.14112
0.9000 1 5976.8832
1.0000 1 5693.76768
1.1000 1 4078.96064
1.2000 1 8399.09376
1.3000 1 6249.51296
1.4000 1 5232.39424
1.5000 1 6102.71232
1.6000 1 7224.68864
1.7000 1 3858.75968
1.8000 1 4750.04928
1.9000 1 5557.4528
2.0000 1 5158.99392
2.1000 1 5955.91168
2.2000 1 5851.05408
2.3000 1 4760.53504
2.4000 1 6155.14112
2.5000 1 8095.00672
2.6000 1 5284.82304
2.7000 1 3785.35936
2.8000 1 6071.25504
2.9000 1 5851.05408
3.0000 1 6574.57152
3.1000 1 6606.0288
3.2000 1 7581.20448
3.3000 1 6280.97024
3.4000 1 4791.99232
3.5000 1 5809.11104
3.6000 1 3764.38784
3.7000 1 4739.56352
3.8000 1 8095.00672
3.9000 1 6291.456
4.0000 1 5232.39424
4.1000 1 5473.56672
4.2000 1 4928.3072
4.3000 1 4120.90368
4.4000 1 7654.6048
4.5000 1 6375.34208
4.6000 1 4571.79136
4.7000 1 5735.71072
4.8000 1 4791.99232
4.9000 1 4865.39264
5.0000 1 5955.91168
5.1000 1 3900.70272
5.2000 1 5641.33888
5.3000 1 5892.99712
5.4000 1 4823.4496
5.5000 1 6039.79776
5.6000 1 7056.91648
5.7000 1 5232.39424
5.8000 1 5368.70912
5.9000 1 6176.11264
6.0000 1 4928.3072
6.1000 1 5966.39744
6.2000 1 7235.1744
6.3000 1 7329.54624
6.4000 1 5725.22496
6.5000 1 6186.5984
6.6000 1 5683.28192
6.7000 1 4582.27712
6.8000 1 5431.62368
6.9000 1 6742.34368
7.0000 1 5190.4512
7.1000 1 4393.53344
7.2000 1 6532.62848
7.3000 1 5442.10944
7.4000 1 4949.27872
7.5000 1 6218.05568
7.6000 1 6637.48608
7.7000 1 7151.28832
7.8000 1 5777.65376
7.9000 1 5987.36896
8.0000 1 6060.76928
8.1000 1 5054.13632
8.2000 1 5494.53824
8.3000 1 5494.53824
8.4000 1 5158.99392
8.5000 1 6501.1712
8.6000 1 7088.37376
8.7000 1 5001.70752
8.8000 1 5588.91008
8.9000 1 7402.94656
9.0000 1 7329.54624
9.1000 1 6564.08576
9.2000 1 5400.1664
9.3000 1 5704.25344
9.4000 1 6406.79936
9.5000 1 3806.33088
9.6000 1 6585.05728
9.7000 1 6312.42752
9.8000 1 6480.19968
9.9000 1 6060.76928
10.0000 1 6291.456
10.1000 1 6375.34208
10.2000 1 4099.93216
10.3000 1 5588.91008
10.4000 1 4823.4496
10.5000 1 4739.56352
10.6000 1 7853.83424
10.7000 1 8378.12224
10.8000 1 5809.11104
10.9000 1 5200.93696
11.0000 1 5683.28192
11.1000 1 7004.48768
11.2000 1 5756.68224
11.3000 1 4435.47648
11.4000 1 5138.0224
11.5000 1 3711.95904
11.6000 1 5148.50816
11.7000 1 2936.0128
11.8000 1 5305.79456
11.9000 1 4519.36256
12.0000 1 6228.54144
12.1000 1 6239.0272
12.2000 1 5934.94016
12.3000 1 5777.65376
12.4000 1 7151.28832
12.5000 1 5735.71072
12.6000 1 4917.82144
12.7000 1 6081.7408
12.8000 1 4477.41952
12.9000 1 4865.39264
13.0000 1 6878.65856
13.1000 1 5525.99552
13.2000 1 5400.1664
13.3000 1 6522.14272
13.4000 1 7602.176
13.5000 1 3932.16
13.6000 1 4896.84992
13.7000 1 5557.4528
13.8000 1 5746.19648
13.9000 1 5546.96704
14.0000 1 4550.81984
14.1000 1 4120.90368
14.2000 1 8021.6064
14.3000 1 4865.39264
14.4000 1 6018.82624
14.5000 1 6983.51616
14.6000 1 7235.1744
14.7000 1 5347.7376
14.8000 1 4278.19008
14.9000 1 5840.56832
15.0000 1 5431.62368
15.1000 1 4299.1616
15.2000 1 8273.26464
15.3000 1 6113.19808
15.4000 1 4026.53184
15.5000 1 5798.62528
15.6000 1 5819.5968
15.7000 1 5934.94016
15.8000 1 5809.11104
15.9000 1 7832.86272
16.0000 1 5830.08256
16.1000 1 6165.62688
16.2000 1 5379.19488
16.3000 1 7340.032
16.4000 1 5578.42432
16.5000 1 3816.81664
16.6000 1 6448.7424
16.7000 1 4833.93536
16.8000 1 5463.08096
16.9000 1 4404.0192
17.0000 1 4194.304
17.1000 1 8168.40704
17.2000 1 6134.1696
17.3000 1 6218.05568
17.4000 1 6480.19968
17.5000 1 6259.99872
17.6000 1 7182.7456
17.7000 1 4708.10624
17.8000 1 4949.27872
17.9000 1 6889.14432
18.0000 1 4959.76448
18.1000 1 5358.22336
18.2000 1 5798.62528
18.3000 1 4519.36256
18.4000 1 5851.05408
18.5000 1 3953.13152
18.6000 1 4896.84992
18.7000 1 6092.22656
18.8000 1 4907.33568
18.9000 1 5725.22496
19.0000 1 7277.11744
19.1000 1 6259.99872
19.2000 1 6553.6
19.3000 1 5798.62528
19.4000 1 7172.25984
19.5000 1 4917.82144
19.6000 1 3890.21696
19.7000 1 5997.85472
19.8000 1 3806.33088
19.9000 1 5735.71072
20.0000 1 4823.4496
20.1000 1 4980.736
20.2000 1 8115.97824
20.3000 1 6637.48608
20.4000 1 5851.05408
20.5000 1 6081.7408
20.6000 1 6438.25664
20.7000 1 6941.57312
20.8000 1 4676.64896
20.9000 1 5117.05088
21.0000 1 5641.33888
21.1000 1 3848.27392
21.2000 1 6364.85632
21.3000 1 4341.10464
21.4000 1 6847.20128
21.5000 1 6679.42912
21.6000 1 8357.15072
21.7000 1 6522.14272
21.8000 1 5851.05408
21.9000 1 4393.53344
22.0000 1 5882.51136
22.1000 1 5117.05088
22.2000 1 5662.3104
22.3000 1 6564.08576
22.4000 1 4393.53344
22.5000 1 5798.62528
22.6000 1 4750.04928
22.7000 1 4592.76288
22.8000 1 7402.94656
22.9000 1 4498.39104
23.0000 1 4812.96384
23.1000 1 6039.79776
23.2000 1 5851.05408
23.3000 1 6878.65856
23.4000 1 5777.65376
23.5000 1 7098.85952
23.6000 1 4907.33568
23.7000 1 4708.10624
23.8000 1 6333.39904
23.9000 1 4896.84992
24.0000 1 5221.90848
24.1000 1 7245.66016
24.2000 1 5033.1648
24.3000 1 4729.07776
24.4000 1 8053.06368
24.5000 1 4812.96384
24.6000 1 4928.3072
24.7000 1 7067.40224
24.8000 1 6700.40064
24.9000 1 5809.11104
25.0000 1 6144.65536
25.1000 1 6522.14272
25.2000 1 6354.37056
25.3000 1 6417.28512
25.4000 1 6322.91328
25.5000 1 5976.8832
25.6000 1 8115.97824
25.7000 1 6039.79776
25.8000 1 6176.11264
25.9000 1 4802.47808
26.0000 1 6941.57312
26.1000 1 5033.1648
26.2000 1 6018.82624
26.3000 1 7004.48768
26.4000 1 6878.65856
26.5000 1 6333.39904
26.6000 1 6700.40064
26.7000 1 5242.88
26.8000 1 6448.7424
26.9000 1 6259.99872
27.0000 1 4435.47648
27.1000 1 6270.48448
27.2000 1 5693.76768
27.3000 1 7025.4592
27.4000 1 6008.34048
27.5000 1 8252.29312
27.6000 1 5536.48128
27.7000 1 6239.0272
27.8000 1 7056.91648
27.9000 1 6270.48448
28.0000 1 5903.48288
28.1000 1 4697.62048
28.2000 1 5987.36896
28.3000 1 6857.68704
28.4000 1 6249.51296
28.5000 1 5012.19328
28.6000 1 7130.3168
28.7000 1 6071.25504
28.8000 1 6280.97024
28.9000 1 6637.48608
29.0000 1 6092.22656
29.1000 1 5148.50816
29.2000 1 4844.42112
29.3000 1 6155.14112
29.4000 1 3732.93056
29.5000 1 5358.22336
29.6000 1 4823.4496
29.7000 1 5085.5936
29.8000 1 6857.68704
29.9000 1 6448.7424
30.0000 1 6092.22656
30.1000 1 6427.77088
30.2000 1 5955.91168
30.3000 1 3869.24544
30.4000 1 4708.10624
30.5000 1 6920.6016
30.6000 1 4823.4496
30.7000 1 5054.13632
30.8000 1 7025.4592
30.9000 1 7654.6048
31.0000 1 6522.14272
31.1000 1 5924.4544
31.2000 1 6406.79936
31.3000 1 5913.96864
31.4000 1 5221.90848
31.5000 1 5630.85312
31.6000 1 5725.22496
31.7000 1 5253.36576
31.8000 1 5620.36736
31.9000 1 6008.34048
32.0000 1 5012.19328
32.1000 1 6322.91328
32.2000 1 7906.26304
32.3000 1 7235.1744
32.4000 1 4959.76448
32.5000 1 4980.736
32.6000 1 6018.82624
32.7000 1 4057.98912
32.8000 1 6008.34048
32.9000 1 4047.50336
33.0000 1 4561.3056
33.1000 1 7172.25984
33.2000 1 5735.71072
33.3000 1 5158.99392
33.4000 1 7161.77408
33.5000 1 7644.11904
33.6000 1 4729.07776
33.7000 1 4613.7344
33.8000 1 7381.97504
33.9000 1 5221.90848
34.0000 1 4802.47808
34.1000 1 6071.25504
34.2000 1 4928.3072
34.3000 1 6427.77088
34.4000 1 6784.28672
34.5000 1 3995.07456
34.6000 1 5347.7376
34.7000 1 7402.94656
34.8000 1 5106.56512
34.9000 1 6553.6
35.0000 1 5127.53664
35.1000 1 6155.14112
35.2000 1 5326.76608
35.3000 1 5221.90848
35.4000 1 6301.94176
35.5000 1 3921.67424
35.6000 1 5945.42592
35.7000 1 4624.22016
35.8000 1 4341.10464
35.9000 1 7560.23296
36.0000 1 4571.79136
36.1000 1 4781.50656
36.2000 1 6280.97024
36.3000 1 5546.96704
36.4000 1 4791.99232
36.5000 1 6553.6
36.6000 1 3953.13152
36.7000 1 5903.48288
36.8000 1 5756.68224
36.9000 1 6417.28512
37.0000 1 5138.0224
37.1000 1 5966.39744
37.2000 1 7035.94496
37.3000 1 6092.22656
37.4000 1 6826.22976
37.5000 1 6113.19808
37.6000 1 3743.41632
37.7000 1 5693.76768
37.8000 1 4037.0176
37.9000 1 4708.10624
38.0000 1 7025.4592
38.1000 1 4781.50656
38.2000 1 4791.99232
38.3000 1 5851.05408
38.4000 1 4173.33248
38.5000 1 5966.39744
38.6000 1 5672.79616
38.7000 1 3953.13152
38.8000 1 5735.71072
38.9000 1 4131.38944
39.0000 1 5997.85472
39.1000 1 5127.53664
39.2000 1 5179.96544
39.3000 1 7203.71712
39.4000 1 5851.05408
39.5000 1 5400.1664
39.6000 1 6962.54464
39.7000 1 6574.57152
39.8000 1 7140.80256
39.9000 1 4802.47808
40.0000 1 5746.19648
40.1000 1 7046.43072
40.2000 1 4676.64896
40.3000 1 4991.22176
40.4000 1 6228.54144
40.5000 1 5043.65056
40.6000 1 4435.47648
40.7000 1 5337.25184
40.8000 1 5976.8832
40.9000 1 5609.8816
41.0000 1 5442.10944
41.1000 1 4928.3072
41.2000 1 6396.3136
41.3000 1 5966.39744
41.4000 1 6228.54144
41.5000 1 5473.56672
41.6000 1 7381.97504
41.7000 1 5767.168
41.8000 1 4708.10624
41.9000 1 6396.3136
42.0000 1 4383.04768
42.1000 1 4005.56032
42.2000 1 8388.608
42.3000 1 6480.19968
42.4000 1 6616.51456
42.5000 1 6658.4576
42.6000 1 5997.85472
42.7000 1 6878.65856
42.8000 1 6826.22976
42.9000 1 6742.34368
43.0000 1 5022.67904
43.1000 1 7434.40384
43.2000 1 4141.8752
43.3000 1 4529.84832
43.4000 1 7319.06048
43.5000 1 6249.51296
43.6000 1 6658.4576
43.7000 1 5903.48288
43.8000 1 7119.83104
43.9000 1 6721.37216
44.0000 1 5326.76608
44.1000 1 4791.99232
44.2000 1 8105.49248
44.3000 1 5714.7392
44.4000 1 5756.68224
44.5000 1 5431.62368
44.6000 1 5515.50976
44.7000 1 4687.13472
44.8000 1 6574.57152
44.9000 1 5337.25184
45.0000 1 4099.93216
45.1000 1 6165.62688
45.2000 1 4508.8768
45.3000 1 5022.67904
45.4000 1 6857.68704
45.5000 1 5546.96704
45.6000 1 6218.05568
45.7000 1 6522.14272
45.8000 1 6742.34368
45.9000 1 6134.1696
46.0000 1 5683.28192
46.1000 1 6606.0288
46.2000 1 7319.06048
46.3000 1 5714.7392
46.4000 1 6417.28512
46.5000 1 5641.33888
46.6000 1 5557.4528
46.7000 1 5106.56512
46.8000 1 5997.85472
46.9000 1 6490.68544
47.0000 1 4645.19168
47.1000 1 5578.42432
47.2000 1 4928.3072
47.3000 1 6102.71232
47.4000 1 6647.97184
47.5000 1 7633.63328
47.6000 1 6731.85792
47.7000 1 5830.08256
47.8000 1 6312.42752
47.9000 1 6291.456
48.0000 1 6857.68704
48.1000 1 4750.04928
48.2000 1 6637.48608
48.3000 1 6889.14432
48.4000 1 5672.79616
48.5000 1 4592.76288
48.6000 1 5683.28192
48.7000 1 6333.39904
48.8000 1 6186.5984
48.9000 1 5054.13632
49.0000 1 6018.82624
49.1000 1 4959.76448
49.2000 1 5945.42592
49.3000 1 8241.80736
49.4000 1 7906.26304
49.5000 1 5987.36896
49.6000 1 4529.84832
49.7000 1 6532.62848
49.8000 1 7109.34528
49.9000 1 5798.62528
50.0000 1 6742.34368
50.1000 1 7507.80416
50.2000 1 6543.11424
50.3000 1 7528.77568
50.4000 1 4791.99232
50.5000 1 4854.90688
50.6000 1 5641.33888
50.7000 1 4865.39264
50.8000 1 5840.56832
50.9000 1 6857.68704
51.0000 1 5452.5952
51.1000 1 5274.33728
51.2000 1 5704.25344
51.3000 1 4875.8784
51.4000 1 5326.76608
51.5000 1 5913.96864
51.6000 1 4938.79296
51.7000 1 5809.11104
51.8000 1 5452.5952
51.9000 1 5903.48288
52.0000 1 5672.79616
52.1000 1 8147.43552
52.2000 1 4613.7344
52.3000 1 4917.82144
52.4000 1 6983.51616
52.5000 1 6301.94176
52.6000 1 5777.65376
52.7000 1 5630.85312
52.8000 1 5704.25344
52.9000 1 4330.61888
53.0000 1 5892.99712
53.1000 1 4078.96064
53.2000 1 4582.27712
53.3000 1 5788.13952
53.4000 1 4571.79136
53.5000 1 6406.79936
53.6000 1 6375.34208
53.7000 1 5085.5936
53.8000 1 5305.79456
53.9000 1 5075.10784
54.0000 1 3963.61728
54.1000 1 5651.82464
54.2000 1 6081.7408
54.3000 1 4854.90688
54.4000 1 5882.51136
54.5000 1 5599.39584
54.6000 1 4802.47808
54.7000 1 6752.82944
54.8000 1 6071.25504
54.9000 1 5987.36896
55.0000 1 6490.68544
55.1000 1 8021.6064
55.2000 1 5190.4512
55.3000 1 5379.19488
55.4000 1 7214.20288
55.5000 1 7549.7472
55.6000 1 5043.65056
55.7000 1 4886.36416
55.8000 1 5620.36736
55.9000 1 4068.47488
56.0000 1 6018.82624
56.1000 1 6647.97184
56.2000 1 5505.024
56.3000 1 4173.33248
56.4000 1 7245.66016
56.5000 1 4341.10464
56.6000 1 5127.53664
56.7000 1 7423.91808
56.8000 1 6207.56992
56.9000 1 4592.76288
57.0000 1 5976.8832
57.1000 1 5106.56512
57.2000 1 6113.19808
57.3000 1 6459.22816
57.4000 1 5515.50976
57.5000 1 6595.54304
57.6000 1 4970.25024
57.7000 1 6501.1712
57.8000 1 7172.25984
57.9000 1 5525.99552
58.0000 1 6249.51296
58.1000 1 6092.22656
58.2000 1 5211.42272
58.3000 1 5421.13792
58.4000 1 5924.4544
58.5000 1 4865.39264
58.6000 1 5337.25184
58.7000 1 5368.70912
58.8000 1 5253.36576
58.9000 1 6197.08416
59.0000 1 5683.28192
59.1000 1 4435.47648
59.2000 1 5840.56832
59.3000 1 4938.79296
59.4000 1 4236.24704
59.5000 1 5892.99712
59.6000 1 4016.04608
59.7000 1 6333.39904
59.8000 1 4194.304
59.9000 1 6218.05568
60.0000 1 7591.69024
60.1000 1 7308.57472
60.2000 1 4110.41792
60.3000 1 5096.07936
60.4000 1 7906.26304
60.5000 1 7203.71712
60.6000 1 6396.3136
60.7000 1 4288.67584
60.8000 1 5892.99712
60.9000 1 4194.304
61.0000 1 5567.93856
61.1000 1 5683.28192
61.2000 1 4802.47808
61.3000 1 6280.97024
61.4000 1 8032.09216
61.5000 1 6197.08416
61.6000 1 5200.93696
61.7000 1 5945.42592
61.8000 1 7172.25984
61.9000 1 4141.8752
62.0000 1 5232.39424
62.1000 1 6249.51296
62.2000 1 4875.8784
62.3000 1 5630.85312
62.4000 1 4781.50656
62.5000 1 5075.10784
62.6000 1 6050.28352
62.7000 1 6333.39904
62.8000 1 7728.00512
62.9000 1 5840.56832
63.0000 1 5945.42592
63.1000 1 4812.96384
63.2000 1 4236.24704
63.3000 1 5872.0256
63.4000 1 6259.99872
63.5000 1 5924.4544
63.6000 1 6564.08576
63.7000 1 7266.63168
63.8000 1 5788.13952
63.9000 1 5987.36896
64.0000 1 5966.39744
64.1000 1 4718.592
64.2000 1 5567.93856
64.3000 1 6878.65856
64.4000 1 6406.79936
64.5000 1 6469.71392
64.6000 1 5431.62368
64.7000 1 6490.68544
64.8000 1 6228.54144
64.9000 1 5494.53824
65.0000 1 5127.53664
65.1000 1 5882.51136
65.2000 1 4697.62048
65.3000 1 6176.11264
65.4000 1 6826.22976
65.5000 1 4896.84992
65.6000 1 5054.13632
65.7000 1 5515.50976
65.8000 1 4005.56032
65.9000 1 5882.51136
66.0000 1 4791.99232
66.1000 1 4959.76448
66.2000 1 5851.05408
66.3000 1 6364.85632
66.4000 1 6259.99872
66.5000 1 6564.08576
66.6000 1 6742.34368
66.7000 1 5861.53984
66.8000 1 4246.7328
66.9000 1 8388.608
67.0000 1 6627.00032
67.1000 1 5085.5936
67.2000 1 5054.13632
67.3000 1 5641.33888
67.4000 1 4152.36096
67.5000 1 6197.08416
67.6000 1 7088.37376
67.7000 1 7025.4592
67.8000 1 5756.68224
67.9000 1 6060.76928
68.0000 1 5903.48288
68.1000 1 7077.888
68.2000 1 5662.3104
68.3000 1 6511.65696
68.4000 1 6050.28352
68.5000 1 5987.36896
68.6000 1 5997.85472
68.7000 1 7056.91648
68.8000 1 7832.86272
68.9000 1 5033.1648
69.0000 1 4844.42112
69.1000 1 5830.08256
69.2000 1 6564.08576
69.3000 1 5221.90848
69.4000 1 5945.42592
69.5000 1 4571.79136
69.6000 1 4498.39104
69.7000 1 6270.48448
69.8000 1 5127.53664
69.9000 1 5305.79456
70.0000 1 8084.52096
70.1000 1 6710.8864
70.2000 1 6689.91488
70.3000 1 4456.448
70.4000 1 5945.42592
70.5000 1 4687.13472
70.6000 1 5400.1664
70.7000 1 5777.65376
70.8000 1 7381.97504
70.9000 1 6564.08576
71.0000 1 5326.76608
71.1000 1 6511.65696
71.2000 1 7507.80416
71.3000 1 6511.65696
71.4000 1 5200.93696
71.5000 1 5798.62528
71.6000 1 6784.28672
71.7000 1 6511.65696
71.8000 1 6155.14112
71.9000 1 5851.05408
72.0000 1 4949.27872
72.1000 1 7392.4608
72.2000 1 6364.85632
72.3000 1 6301.94176
72.4000 1 4771.0208
72.5000 1 5683.28192
72.6000 1 4991.22176
72.7000 1 4236.24704
72.8000 1 7539.26144
72.9000 1 5662.3104
73.0000 1 4844.42112
73.1000 1 6417.28512
73.2000 1 6784.28672
73.3000 1 6039.79776
73.4000 1 6029.312
73.5000 1 7801.40544
73.6000 1 6899.63008
73.7000 1 8095.00672
73.8000 1 5473.56672
73.9000 1 5746.19648
74.0000 1 7371.48928
74.1000 1 6679.42912
74.2000 1 6480.19968
74.3000 1 6606.0288
74.4000 1 5158.99392
74.5000 1 5714.7392
74.6000 1 4833.93536
74.7000 1 6857.68704
74.8000 1 6794.77248
74.9000 1 7832.86272
75.0000 1 6385.82784
75.1000 1 4896.84992
75.2000 1 5494.53824
75.3000 1 4550.81984
75.4000 1 3837.78816
75.5000 1 5767.168
75.6000 1 4582.27712
75.7000 1 6364.85632
75.8000 1 7644.11904
75.9000 1 6794.77248
76.0000 1 5138.0224
76.1000 1 5578.42432
76.2000 1 4823.4496
76.3000 1 4687.13472
76.4000 1 5955.91168
76.5000 1 4875.8784
76.6000 1 4833.93536
76.7000 1 5085.5936
76.8000 1 4047.50336
76.9000 1 5683.28192
77.0000 1 5138.0224
77.1000 1 5200.93696
77.2000 1 7151.28832
77.3000 1 5410.65216
77.4000 1 7245.66016
77.5000 1 6878.65856
77.6000 1 6826.22976
77.7000 1 6522.14272
77.8000 1 4823.4496
77.9000 1 5337.25184
78.0000 1 5546.96704
78.1000 1 5200.93696
78.2000 1 5735.71072
78.3000 1 3848.27392
78.4000 1 4865.39264
78.5000 1 6731.85792
78.6000 1 5662.3104
78.7000 1 4592.76288
78.8000 1 5934.94016
78.9000 1 3921.67424
79.0000 1 6731.85792
79.1000 1 5525.99552
79.2000 1 4844.42112
79.3000 1 5819.5968
79.4000 1 5924.4544
79.5000 1 6301.94176
79.6000 1 5179.96544
79.7000 1 8325.69344
79.8000 1 7277.11744
79.9000 1 4372.56192
80.0000 1 5117.05088
80.1000 1 5484.05248
80.2000 1 6396.3136
80.3000 1 6490.68544
80.4000 1 6773.80096
80.5000 1 7979.66336
80.6000 1 5200.93696
80.7000 1 4760.53504
80.8000 1 6207.56992
80.9000 1 6071.25504
81.0000 1 6155.14112
81.1000 1 5347.7376
81.2000 1 5777.65376
81.3000 1 5609.8816
81.4000 1 6511.65696
81.5000 1 6752.82944
81.6000 1 5389.68064
81.7000 1 4865.39264
81.8000 1 6259.99872
81.9000 1 5106.56512
82.0000 1 5001.70752
82.1000 1 6553.6
82.2000 1 6763.3152
82.3000 1 5242.88
82.4000 1 5756.68224
82.5000 1 8378.12224
82.6000 1 6689.91488
82.7000 1 4823.4496
82.8000 1 5274.33728
82.9000 1 7350.51776
83.0000 1 6731.85792
83.1000 1 5798.62528
83.2000 1 5274.33728
83.3000 1 5819.5968
83.4000 1 5232.39424
83.5000 1 5599.39584
83.6000 1 5788.13952
83.7000 1 6343.8848
83.8000 1 5305.79456
83.9000 1 6207.56992
84.0000 1 7298.08896
84.1000 1 7350.51776
84.2000 1 5557.4528
84.3000 1 6857.68704
84.4000 1 8084.52096
84.5000 1 6301.94176
84.6000 1 3827.3024
84.7000 1 5777.65376
84.8000 1 4057.98912
84.9000 1 4991.22176
85.0000 1 6186.5984
85.1000 1 5693.76768
85.2000 1 6259.99872
85.3000 1 6113.19808
85.4000 1 6239.0272
85.5000 1 5746.19648
85.6000 1 6270.48448
85.7000 1 5913.96864
85.8000 1 4687.13472
85.9000 1 5704.25344
86.0000 1 5924.4544
86.1000 1 6438.25664
86.2000 1 6721.37216
86.3000 1 5735.71072
86.4000 1 4697.62048
86.5000 1 4529.84832
86.6000 1 7056.91648
86.7000 1 6354.37056
86.8000 1 6459.22816
86.9000 1 4896.84992
87.0000 1 5861.53984
87.1000 1 6647.97184
87.2000 1 6312.42752
87.3000 1 6333.39904
87.4000 1 7591.69024
87.5000 1 4582.27712
87.6000 1 4844.42112
87.7000 1 6155.14112
87.8000 1 7392.4608
87.9000 1 7161.77408
88.0000 1 5515.50976
88.1000 1 6952.05888
88.2000 1 7465.86112
88.3000 1 6616.51456
88.4000 1 4812.96384
88.5000 1 6396.3136
88.6000 1 7361.00352
88.7000 1 6931.08736
88.8000 1 6637.48608
88.9000 1 5546.96704
89.0000 1 5913.96864
89.1000 1 4697.62048
89.2000 1 4823.4496
89.3000 1 7381.97504
89.4000 1 6249.51296
89.5000 1 6805.25824
89.6000 1 4896.84992
89.7000 1 6490.68544
89.8000 1 5442.10944
89.9000 1 5410.65216
90.0000 1 6878.65856
90.1000 1 6994.00192
90.2000 1 6710.8864
90.3000 1 6522.14272
90.4000 1 5882.51136
90.5000 1 6134.1696
90.6000 1 5809.11104
90.7000 1 5672.79616
90.8000 1 7392.4608
90.9000 1 8000.63488
91.0000 1 4980.736
91.1000 1 5955.91168
91.2000 1 6448.7424
91.3000 1 7790.91968
91.4000 1 4529.84832
91.5000 1 4771.0208
91.6000 1 7056.91648
91.7000 1 6857.68704
91.8000 1 7277.11744
91.9000 1 6249.51296
92.0000 1 5442.10944
92.1000 1 8388.608
92.2000 1 5630.85312
92.3000 1 7266.63168
92.4000 1 4886.36416
92.5000 1 5851.05408
92.6000 1 5861.53984
92.7000 1 5117.05088
92.8000 1 7130.3168
92.9000 1 6259.99872
93.0000 1 4959.76448
93.1000 1 5756.68224
93.2000 1 8367.63648
93.3000 1 7780.43392
93.4000 1 5997.85472
93.5000 1 4886.36416
93.6000 1 6029.312
93.7000 1 4655.67744
93.8000 1 4917.82144
93.9000 1 5903.48288
94.0000 1 5683.28192
94.1000 1 6532.62848
94.2000 1 6291.456
94.3000 1 4917.82144
94.4000 1 6962.54464
94.5000 1 5138.0224
94.6000 1 5777.65376
94.7000 1 5882.51136
94.8000 1 6039.79776
94.9000 1 7214.20288
95.0000 1 7570.71872
95.1000 1 4917.82144
95.2000 1 6668.94336
95.3000 1 6826.22976
95.4000 1 7256.14592
95.5000 1 4928.3072
95.6000 1 6731.85792
95.7000 1 7497.3184
95.8000 1 6259.99872
95.9000 1 6280.97024
96.0000 1 6878.65856
96.1000 1 7077.888
96.2000 1 6490.68544
96.3000 1 6826.22976
96.4000 1 5578.42432
96.5000 1 6815.744
96.6000 1 7811.8912
96.7000 1 6060.76928
96.8000 1 6259.99872
96.9000 1 6973.0304
97.0000 1 6448.7424
97.1000 1 6218.05568
97.2000 1 5746.19648
97.3000 1 4812.96384
97.4000 1 6343.8848
97.5000 1 7119.83104
97.6000 1 7371.48928
97.7000 1 4708.10624
97.8000 1 5525.99552
97.9000 1 7633.63328
98.0000 1 7413.43232
98.1000 1 6427.77088
98.2000 1 5819.5968
98.3000 1 4865.39264
98.4000 1 7350.51776
98.5000 1 5997.85472
98.6000 1 4634.70592
98.7000 1 6962.54464
98.8000 1 7916.7488
98.9000 1 6627.00032
99.0000 1 6480.19968
99.1000 1 5463.08096
99.2000 1 6018.82624
99.3000 1 6679.42912
99.4000 1 5389.68064
99.5000 1 5934.94016
99.6000 1 6574.57152
99.7000 1 7256.14592
99.8000 1 6585.05728
99.9000 1 6689.91488
100.0000 1 6312.42752
100.1000 1 6039.79776
100.2000 1 5284.82304
100.3000 1 6668.94336
100.4000 1 7035.94496
100.5000 1 7434.40384
100.6000 1 6427.77088
100.7000 1 6081.7408
100.8000 1 6763.3152
100.9000 1 6836.71552
101.0000 1 5809.11104
101.1000 1 5463.08096
101.2000 1 6606.0288
101.3000 1 7256.14592
101.4000 1 5746.19648
101.5000 1 6280.97024
101.6000 1 7235.1744
101.7000 1 6438.25664
101.8000 1 6186.5984
101.9000 1 5117.05088
102.0000 1 5641.33888
102.1000 1 7665.09056
102.2000 1 7507.80416
102.3000 1 4844.42112
102.4000 1 6658.4576
102.5000 1 6008.34048
102.6000 1 5735.71072
102.7000 1 4666.1632
102.8000 1 6522.14272
102.9000 1 5861.53984
103.0000 1 4980.736
103.1000 1 5924.4544
103.2000 1 7528.77568
103.3000 1 5934.94016
103.4000 1 3806.33088
103.5000 1 5347.7376
103.6000 1 5442.10944
103.7000 1 5672.79616
103.8000 1 8168.40704
103.9000 1 7801.40544
104.0000 1 5169.47968
104.1000 1 7465.86112
104.2000 1 7077.888
104.3000 1 6018.82624
104.4000 1 6668.94336
104.5000 1 6784.28672
104.6000 1 6092.22656
104.7000 1 5567.93856
104.8000 1 5463.08096
104.9000 1 5012.19328
105.0000 1 6322.91328
105.1000 1 7990.14912
105.2000 1 7570.71872
105.3000 1 6689.91488
105.4000 1 5892.99712
105.5000 1 5400.1664
105.6000 1 6574.57152
105.7000 1 5851.05408
105.8000 1 7748.97664
105.9000 1 6836.71552
106.0000 1 5924.4544
106.1000 1 6721.37216
106.2000 1 6773.80096
106.3000 1 5777.65376
106.4000 1 6218.05568
106.5000 1 6637.48608
106.6000 1 6406.79936
106.7000 1 5421.13792
106.8000 1 6899.63008
106.9000 1 6763.3152
107.0000 1 5452.5952
107.1000 1 5096.07936
107.2000 1 6857.68704
107.3000 1 6448.7424
107.4000 1 5410.65216
107.5000 1 5892.99712
107.6000 1 6239.0272
107.7000 1 5326.76608
107.8000 1 5190.4512
107.9000 1 7423.91808
108.0000 1 5525.99552
108.1000 1 6144.65536
108.2000 1 7539.26144
108.3000 1 6889.14432
108.4000 1 6239.0272
108.5000 1 5179.96544
108.6000 1 6627.00032
108.7000 1 7109.34528
108.8000 1 5913.96864
108.9000 1 5379.19488
109.0000 1 7067.40224
109.1000 1 6784.28672
109.2000 1 7193.23136
109.3000 1 6459.22816
109.4000 1 5735.71072
109.5000 1 5746.19648
109.6000 1 8378.12224
109.7000 1 7056.91648
109.8000 1 6710.8864
109.9000 1 5389.68064
110.0000 1 7046.43072
110.1000 1 7193.23136
110.2000 1 6396.3136
110.3000 1 5158.99392
110.4000 1 5620.36736
110.5000 1 8115.97824
110.6000 1 7560.23296
110.7000 1 4655.67744
110.8000 1 5683.28192
110.9000 1 7266.63168
111.0000 1 6008.34048
111.1000 1 6176.11264
111.2000 1 6165.62688
111.3000 1 7686.06208
111.4000 1 7497.3184
111.5000 1 5830.08256
111.6000 1 4771.0208
111.7000 1 6165.62688
111.8000 1 5861.53984
111.9000 1 5085.5936
112.0000 1 5609.8816
112.1000 1 5746.19648
112.2000 1 4057.98912
112.3000 1 6396.3136
112.4000 1 6364.85632
112.5000 1 6239.0272
112.6000 1 5117.05088
112.7000 1 6144.65536
112.8000 1 4959.76448
112.9000 1 7025.4592
113.0000 1 6836.71552
113.1000 1 6322.91328
113.2000 1 4498.39104
113.3000 1 5934.94016
113.4000 1 7958.69184
113.5000 1 6333.39904
113.6000 1 5138.0224
113.7000 1 5725.22496
113.8000 1 7308.57472
113.9000 1 6763.3152
114.0000 1 5662.3104
114.1000 1 5221.90848
114.2000 1 6427.77088
114.3000 1 6721.37216
114.4000 1 7277.11744
114.5000 1 6134.1696
114.6000 1 6668.94336
114.7000 1 7507.80416
114.8000 1 7277.11744
114.9000 1 5463.08096
115.0000 1 5253.36576
115.1000 1 6606.0288
115.2000 1 4624.22016
115.3000 1 5085.5936
115.4000 1 5253.36576
115.5000 1 6375.34208
115.6000 1 6857.68704
115.7000 1 7235.1744
115.8000 1 6931.08736
115.9000 1 4697.62048
116.0000 1 5672.79616
116.1000 1 5809.11104
116.2000 1 5158.99392
116.3000 1 5830.08256
116.4000 1 7602.176
116.5000 1 5767.168
116.6000 1 6857.68704
116.7000 1 6742.34368
116.8000 1 6574.57152
116.9000 1 6815.744
117.0000 1 5987.36896
117.1000 1 6280.97024
117.2000 1 5284.82304
117.3000 1 7602.176
117.4000 1 4844.42112
117.5000 1 6700.40064
117.6000 1 6396.3136
117.7000 1 7098.85952
117.8000 1 5777.65376
117.9000 1 6574.57152
118.0000 1 6763.3152
118.1000 1 6522.14272
118.2000 1 7843.34848
118.3000 1 7811.8912
118.4000 1 7287.6032
118.5000 1 6333.39904
118.6000 1 5106.56512
118.7000 1 8168.40704
118.8000 1 7906.26304
118.9000 1 5704.25344
119.0000 1 6658.4576
119.1000 1 6731.85792
119.2000 1 6553.6
119.3000 1 6731.85792
119.4000 1 4991.22176
119.5000 1 5515.50976
119.6000 1 7413.43232
119.7000 1 5525.99552
119.8000 1 6406.79936
119.9000 1 5872.0256
120.0000 1 6962.54464
120.1000 1 7277.11744
120.2000 1 6700.40064
120.3000 1 5064.62208
120.4000 1 6239.0272
120.5000 1 6773.80096
120.6000 1 6658.4576
120.7000 1 6134.1696
120.8000 1 6291.456
120.9000 1 5253.36576
121.0000 1 5819.5968
121.1000 1 5452.5952
121.2000 1 5358.22336
121.3000 1 6291.456
121.4000 1 5672.79616
121.5000 1 6501.1712
121.6000 1 4970.25024
121.7000 1 4980.736
121.8000 1 6406.79936
121.9000 1 6207.56992
122.0000 1 7172.25984
122.1000 1 7056.91648
122.2000 1 6710.8864
122.3000 1 5379.19488
122.4000 1 5767.168
122.5000 1 7298.08896
122.6000 1 6710.8864
122.7000 1 7119.83104
122.8000 1 5158.99392
122.9000 1 7035.94496
123.0000 1 6427.77088
123.1000 1 6962.54464
123.2000 1 5253.36576
123.3000 1 6490.68544
123.4000 1 6952.05888
123.5000 1 7088.37376
123.6000 1 6060.76928
123.7000 1 5798.62528
123.8000 1 6291.456
123.9000 1 7172.25984
124.0000 1 6752.82944
124.1000 1 6595.54304
124.2000 1 5305.79456
124.3000 1 6689.91488
124.4000 1 8178.8928
124.5000 1 6092.22656
124.6000 1 5284.82304
124.7000 1 5221.90848
124.8000 1 6763.3152
124.9000 1 5305.79456
125.0000 1 4896.84992
125.1000 1 6679.42912
125.2000 1 5620.36736
125.3000 1 5127.53664
125.4000 1 6784.28672
125.5000 1 4351.5904
125.6000 1 5347.7376
125.7000 1 7214.20288
125.8000 1 4152.36096
125.9000 1 6249.51296
126.0000 1 6627.00032
126.1000 1 6123.68384
126.2000 1 5662.3104
126.3000 1 7413.43232
126.4000 1 6553.6
126.5000 1 6490.68544
126.6000 1 6899.63008
126.7000 1 6679.42912
126.8000 1 6228.54144
126.9000 1 6270.48448
127.0000 1 6522.14272
127.1000 1 5253.36576
127.2000 1 6606.0288
127.3000 1 7434.40384
127.4000 1 6952.05888
127.5000 1 5599.39584
127.6000 1 6364.85632
127.7000 1 6427.77088
127.8000 1 5924.4544
127.9000 1 7413.43232
128.0000 1 7686.06208
128.1000 1 5840.56832
128.2000 1 6700.40064
128.3000 1 8378.12224
128.4000 1 5882.51136
128.5000 1 5966.39744
128.6000 1 7308.57472
128.7000 1 7098.85952
128.8000 1 6343.8848
128.9000 1 5746.19648
129.0000 1 6144.65536
129.1000 1 5798.62528
129.2000 1 8420.06528
129.3000 1 6385.82784
129.4000 1 5536.48128
129.5000 1 6123.68384
129.6000 1 6857.68704
129.7000 1 5872.0256
129.8000 1 6543.11424
129.9000 1 7193.23136
130.0000 1 5976.8832
130.1000 1 6910.11584
130.2000 1 6668.94336
130.3000 1 6427.77088
130.4000 1 6459.22816
130.5000 1 6647.97184
130.6000 1 7570.71872
130.7000 1 7025.4592
130.8000 1 7025.4592
130.9000 1 5085.5936
131.0000 1 7203.71712
131.1000 1 8199.86432
131.2000 1 6134.1696
131.3000 1 6385.82784
131.4000 1 7140.80256
131.5000 1 6973.0304
131.6000 1 6910.11584
131.7000 1 6406.79936
131.8000 1 5263.85152
131.9000 1 6448.7424
132.0000 1 7035.94496
132.1000 1 7392.4608
132.2000 1 6627.00032
132.3000 1 5767.168
132.4000 1 6343.8848
132.5000 1 7402.94656
132.6000 1 6364.85632
132.7000 1 6008.34048
132.8000 1 7277.11744
132.9000 1 6469.71392
133.0000 1 6480.19968
133.1000 1 7402.94656
133.2000 1 6469.71392
133.3000 1 5767.168
133.4000 1 6448.7424
133.5000 1 7172.25984
133.6000 1 6668.94336
133.7000 1 5096.07936
133.8000 1 6941.57312
133.9000 1 7654.6048
134.0000 1 5966.39744
134.1000 1 5924.4544
134.2000 1 5924.4544
134.3000 1 7340.032
134.4000 1 5913.96864
134.5000 1 5567.93856
134.6000 1 7497.3184
134.7000 1 6553.6
134.8000 1 5043.65056
134.9000 1 5410.65216
135.0000 1 5913.96864
135.1000 1 5819.5968
135.2000 1 5190.4512
135.3000 1 5767.168
135.4000 1 5326.76608
135.5000 1 5892.99712
135.6000 1 5934.94016
135.7000 1 5851.05408
135.8000 1 4938.79296
135.9000 1 5934.94016
136.0000 1 7161.77408
136.1000 1 7633.63328
136.2000 1 6815.744
136.3000 1 5326.76608
136.4000 1 7476.34688
136.5000 1 6994.00192
136.6000 1 8074.0352
136.7000 1 5484.05248
136.8000 1 5788.13952
136.9000 1 5987.36896
137.0000 1 6228.54144
137.1000 1 5505.024
137.2000 1 7329.54624
137.3000 1 6952.05888
137.4000 1 6994.00192
137.5000 1 6417.28512
137.6000 1 5494.53824
137.7000 1 5263.85152
137.8000 1 7014.97344
137.9000 1 5326.76608
138.0000 1 5536.48128
138.1000 1 7193.23136
138.2000 1 6375.34208
138.3000 1 6868.1728
138.4000 1 5337.25184
138.5000 1 6784.28672
138.6000 1 8325.69344
138.7000 1 6689.91488
138.8000 1 6543.11424
138.9000 1 5096.07936
139.0000 1 7046.43072
139.1000 1 8178.8928
139.2000 1 6920.6016
139.3000 1 6186.5984
139.4000 1 5305.79456
139.5000 1 6721.37216
139.6000 1 6396.3136
139.7000 1 1059.06176
Time 139851 ms
