Will transfer 1000 files
0.1000 1 0.0
0.2000 1 7633.63328
0.3000 1 5630.85312
0.4000 1 5200.93696
0.5000 1 6501.1712
0.6000 1 5903.48288
0.7000 1 4613.7344
0.8000 1 6679.42912
0.9000 1 5578.42432
1.0000 1 4613.7344
1.1000 1 5997.85472
1.2000 1 4624.22016
1.3000 1 4016.04608
1.4000 1 5578.42432
1.5000 1 4592.76288
1.6000 1 5872.0256
1.7000 1 4057.98912
1.8000 1 5001.70752
1.9000 1 5662.3104
2.0000 1 4697.62048
2.1000 1 6218.05568
2.2000 1 4886.36416
2.3000 1 6585.05728
2.4000 1 6239.0272
2.5000 1 7455.37536
2.6000 1 6050.28352
2.7000 1 4393.53344
2.8000 1 6239.0272
2.9000 1 6186.5984
3.0000 1 4645.19168
3.1000 1 5672.79616
3.2000 1 7455.37536
3.3000 1 6805.25824
3.4000 1 5505.024
3.5000 1 5431.62368
3.6000 1 7161.77408
3.7000 1 5179.96544
3.8000 1 4980.736
3.9000 1 7780.43392
4.0000 1 5305.79456
4.1000 1 4487.90528
4.2000 1 6291.456
4.3000 1 6647.97184
4.4000 1 6794.77248
4.5000 1 7203.71712
4.6000 1 4970.25024
4.7000 1 6868.1728
4.8000 1 5609.8816
4.9000 1 4571.79136
5.0000 1 8021.6064
5.1000 1 5169.47968
5.2000 1 5892.99712
5.3000 1 6291.456
5.4000 1 7895.77728
5.5000 1 6113.19808
5.6000 1 5840.56832
5.7000 1 6280.97024
5.8000 1 5651.82464
5.9000 1 4120.90368
6.0000 1 5515.50976
6.1000 1 5892.99712
6.2000 1 4571.79136
6.3000 1 6207.56992
6.4000 1 4907.33568
6.5000 1 4561.3056
6.6000 1 7319.06048
6.7000 1 4519.36256
6.8000 1 4215.27552
6.9000 1 8011.12064
7.0000 1 6270.48448
7.1000 1 5232.39424
7.2000 1 5179.96544
7.3000 1 6658.4576
7.4000 1 6050.28352
7.5000 1 5641.33888
7.6000 1 6637.48608
7.7000 1 6647.97184
7.8000 1 5924.4544
7.9000 1 4320.13312
8.0000 1 6291.456
8.1000 1 4183.81824
8.2000 1 5693.76768
8.3000 1 5064.62208
8.4000 1 4110.41792
8.5000 1 6417.28512
8.6000 1 5054.13632
8.7000 1 4907.33568
8.8000 1 6092.22656
8.9000 1 4236.24704
9.0000 1 5851.05408
9.1000 1 6050.28352
9.2000 1 6962.54464
9.3000 1 6983.51616
9.4000 1 5536.48128
9.5000 1 6343.8848
9.6000 1 5777.65376
9.7000 1 6060.76928
9.8000 1 7004.48768
9.9000 1 6239.0272
10.0000 1 5054.13632
10.1000 1 5389.68064
10.2000 1 6165.62688
10.3000 1 4634.70592
10.4000 1 5903.48288
10.5000 1 4634.70592
10.6000 1 3984.5888
10.7000 1 6868.1728
10.8000 1 5085.5936
10.9000 1 4582.27712
11.0000 1 6773.80096
11.1000 1 5075.10784
11.2000 1 6375.34208
11.3000 1 6878.65856
11.4000 1 6878.65856
11.5000 1 4854.90688
11.6000 1 4896.84992
11.7000 1 6511.65696
11.8000 1 5735.71072
11.9000 1 5756.68224
12.0000 1 5767.168
12.1000 1 4634.70592
12.2000 1 5179.96544
12.3000 1 8210.35008
12.4000 1 5777.65376
12.5000 1 6553.6
12.6000 1 6763.3152
12.7000 1 6071.25504
12.8000 1 5746.19648
12.9000 1 4341.10464
13.0000 1 6679.42912
13.1000 1 5557.4528
13.2000 1 3827.3024
13.3000 1 5756.68224
13.4000 1 5179.96544
13.5000 1 6207.56992
13.6000 1 5809.11104
13.7000 1 4697.62048
13.8000 1 7413.43232
13.9000 1 5777.65376
14.0000 1 7696.54784
14.1000 1 5431.62368
14.2000 1 5022.67904
14.3000 1 6952.05888
14.4000 1 5735.71072
14.5000 1 4875.8784
14.6000 1 5913.96864
14.7000 1 6197.08416
14.8000 1 5284.82304
14.9000 1 5473.56672
15.0000 1 5043.65056
15.1000 1 4445.96224
15.2000 1 7308.57472
15.3000 1 5672.79616
15.4000 1 6689.91488
15.5000 1 5630.85312
15.6000 1 5882.51136
15.7000 1 5431.62368
15.8000 1 6668.94336
15.9000 1 5819.5968
16.0000 1 6427.77088
16.1000 1 4592.76288
16.2000 1 5767.168
16.3000 1 8399.09376
16.4000 1 6270.48448
16.5000 1 6018.82624
16.6000 1 5777.65376
16.7000 1 6962.54464
16.8000 1 4886.36416
16.9000 1 4152.36096
17.0000 1 7748.97664
17.1000 1 7151.28832
17.2000 1 4750.04928
17.3000 1 4875.8784
17.4000 1 5798.62528
17.5000 1 3942.64576
17.6000 1 5756.68224
17.7000 1 4991.22176
17.8000 1 4582.27712
17.9000 1 8011.12064
18.0000 1 5788.13952
18.1000 1 4781.50656
18.2000 1 5892.99712
18.3000 1 3848.27392
18.4000 1 5158.99392
18.5000 1 8399.09376
18.6000 1 7612.66176
18.7000 1 4362.07616
18.8000 1 4750.04928
18.9000 1 7088.37376
19.0000 1 4771.0208
19.1000 1 5421.13792
19.2000 1 7518.28992
19.3000 1 6176.11264
19.4000 1 5316.28032
19.5000 1 6239.0272
19.6000 1 7665.09056
19.7000 1 4875.8784
19.8000 1 4519.36256
19.9000 1 7235.1744
20.0000 1 4844.42112
20.1000 1 5746.19648
20.2000 1 6228.54144
20.3000 1 7539.26144
20.4000 1 5662.3104
20.5000 1 5641.33888
20.6000 1 5788.13952
20.7000 1 5431.62368
20.8000 1 4917.82144
20.9000 1 6878.65856
21.0000 1 8388.608
21.1000 1 5798.62528
21.2000 1 6060.76928
21.3000 1 7539.26144
21.4000 1 6071.25504
21.5000 1 6868.1728
21.6000 1 4645.19168
21.7000 1 5117.05088
21.8000 1 5672.79616
21.9000 1 4729.07776
22.0000 1 6081.7408
22.1000 1 7654.6048
22.2000 1 6427.77088
22.3000 1 6144.65536
22.4000 1 4791.99232
22.5000 1 5651.82464
22.6000 1 4938.79296
22.7000 1 6710.8864
22.8000 1 7790.91968
22.9000 1 7402.94656
23.0000 1 5756.68224
23.1000 1 4278.19008
23.2000 1 7707.0336
23.3000 1 6018.82624
23.4000 1 5641.33888
23.5000 1 5389.68064
23.6000 1 7979.66336
23.7000 1 5746.19648
23.8000 1 5347.7376
23.9000 1 6543.11424
24.0000 1 7581.20448
24.1000 1 6752.82944
24.2000 1 6385.82784
24.3000 1 5452.5952
24.4000 1 5714.7392
24.5000 1 4645.19168
24.6000 1 4435.47648
24.7000 1 7434.40384
24.8000 1 5651.82464
24.9000 1 5630.85312
25.0000 1 6448.7424
25.1000 1 7539.26144
25.2000 1 5966.39744
25.3000 1 4540.33408
25.4000 1 5756.68224
25.5000 1 6050.28352
25.6000 1 5221.90848
25.7000 1 5976.8832
25.8000 1 3932.16
25.9000 1 5284.82304
26.0000 1 6700.40064
26.1000 1 5819.5968
26.2000 1 5546.96704
26.3000 1 5809.11104
26.4000 1 5221.90848
26.5000 1 7182.7456
26.6000 1 6354.37056
26.7000 1 7560.23296
26.8000 1 5903.48288
26.9000 1 4487.90528
27.0000 1 6071.25504
27.1000 1 6396.3136
27.2000 1 5630.85312
27.3000 1 5054.13632
27.4000 1 5022.67904
27.5000 1 5263.85152
27.6000 1 6448.7424
27.7000 1 8388.608
27.8000 1 6731.85792
27.9000 1 4928.3072
28.0000 1 5012.19328
28.1000 1 7203.71712
28.2000 1 4246.7328
28.3000 1 5316.28032
28.4000 1 7140.80256
28.5000 1 6396.3136
28.6000 1 6050.28352
28.7000 1 5515.50976
28.8000 1 5756.68224
28.9000 1 4854.90688
29.0000 1 6784.28672
29.1000 1 7308.57472
29.2000 1 5054.13632
29.3000 1 3732.93056
29.4000 1 4949.27872
29.5000 1 3921.67424
29.6000 1 5788.13952
29.7000 1 4781.50656
29.8000 1 5756.68224
29.9000 1 6564.08576
30.0000 1 7738.49088
30.1000 1 6207.56992
30.2000 1 5651.82464
30.3000 1 5892.99712
30.4000 1 5788.13952
30.5000 1 7046.43072
30.6000 1 5746.19648
30.7000 1 6270.48448
30.8000 1 4236.24704
30.9000 1 5662.3104
31.0000 1 4938.79296
31.1000 1 4771.0208
31.2000 1 7151.28832
31.3000 1 6973.0304
31.4000 1 6291.456
31.5000 1 4215.27552
31.6000 1 5672.79616
31.7000 1 4907.33568
31.8000 1 5347.7376
31.9000 1 5756.68224
32.0000 1 4970.25024
32.1000 1 6018.82624
32.2000 1 7151.28832
32.3000 1 5452.5952
32.4000 1 4152.36096
32.5000 1 7161.77408
32.6000 1 6218.05568
32.7000 1 5138.0224
32.8000 1 5851.05408
32.9000 1 3680.50176
33.0000 1 5410.65216
33.1000 1 6228.54144
33.2000 1 5452.5952
33.3000 1 5127.53664
33.4000 1 6973.0304
33.5000 1 6207.56992
33.6000 1 4099.93216
33.7000 1 7004.48768
33.8000 1 6071.25504
33.9000 1 5693.76768
34.0000 1 5746.19648
34.1000 1 7465.86112
34.2000 1 6689.91488
34.3000 1 5001.70752
34.4000 1 6092.22656
34.5000 1 7717.51936
34.6000 1 4571.79136
34.7000 1 4487.90528
34.8000 1 8021.6064
34.9000 1 4676.64896
35.0000 1 5001.70752
35.1000 1 6197.08416
35.2000 1 6050.28352
35.3000 1 5725.22496
35.4000 1 6144.65536
35.5000 1 7665.09056
35.6000 1 6763.3152
35.7000 1 4624.22016
35.8000 1 5767.168
35.9000 1 4812.96384
36.0000 1 4550.81984
36.1000 1 7738.49088
36.2000 1 5924.4544
36.3000 1 4791.99232
36.4000 1 5746.19648
36.5000 1 6029.312
36.6000 1 5536.48128
36.7000 1 5263.85152
36.8000 1 5777.65376
36.9000 1 4771.0208
37.0000 1 6689.91488
37.1000 1 6637.48608
37.2000 1 6574.57152
37.3000 1 7035.94496
37.4000 1 5117.05088
37.5000 1 5746.19648
37.6000 1 5798.62528
37.7000 1 4571.79136
37.8000 1 6123.68384
37.9000 1 5326.76608
38.0000 1 5169.47968
38.1000 1 6427.77088
38.2000 1 4582.27712
38.3000 1 5830.08256
38.4000 1 5882.51136
38.5000 1 5169.47968
38.6000 1 5714.7392
38.7000 1 6469.71392
38.8000 1 6029.312
38.9000 1 5316.28032
39.0000 1 5892.99712
39.1000 1 4802.47808
39.2000 1 5515.50976
39.3000 1 5316.28032
39.4000 1 4435.47648
39.5000 1 6658.4576
39.6000 1 5389.68064
39.7000 1 5872.0256
39.8000 1 6616.51456
39.9000 1 7119.83104
40.0000 1 5630.85312
40.1000 1 4917.82144
40.2000 1 6627.00032
40.3000 1 5756.68224
40.4000 1 6742.34368
40.5000 1 7518.28992
40.6000 1 6134.1696
40.7000 1 6836.71552
40.8000 1 4477.41952
40.9000 1 3963.61728
41.0000 1 8189.37856
41.1000 1 4456.448
41.2000 1 6847.20128
41.3000 1 5599.39584
41.4000 1 7686.06208
41.5000 1 6595.54304
41.6000 1 5714.7392
41.7000 1 5138.0224
41.8000 1 7990.14912
41.9000 1 4634.70592
42.0000 1 4131.38944
42.1000 1 8409.57952
42.2000 1 5966.39744
42.3000 1 6595.54304
42.4000 1 4215.27552
42.5000 1 5138.0224
42.6000 1 4320.13312
42.7000 1 5379.19488
42.8000 1 4309.64736
42.9000 1 5955.91168
43.0000 1 7381.97504
43.1000 1 6752.82944
43.2000 1 5662.3104
43.3000 1 5295.3088
43.4000 1 5347.7376
43.5000 1 6543.11424
43.6000 1 6375.34208
43.7000 1 6815.744
43.8000 1 7633.63328
43.9000 1 4624.22016
44.0000 1 4592.76288
44.1000 1 5284.82304
44.2000 1 5934.94016
44.3000 1 6931.08736
44.4000 1 5777.65376
44.5000 1 3659.53024
44.6000 1 5421.13792
44.7000 1 4624.22016
44.8000 1 6920.6016
44.9000 1 5725.22496
45.0000 1 7507.80416
45.1000 1 5735.71072
45.2000 1 5704.25344
45.3000 1 6134.1696
45.4000 1 7759.4624
45.5000 1 5179.96544
45.6000 1 3974.10304
45.7000 1 5505.024
45.8000 1 3785.35936
45.9000 1 5421.13792
46.0000 1 5976.8832
46.1000 1 4739.56352
46.2000 1 6658.4576
46.3000 1 4802.47808
46.4000 1 6868.1728
46.5000 1 6721.37216
46.6000 1 6543.11424
46.7000 1 4099.93216
46.8000 1 5704.25344
46.9000 1 4896.84992
47.0000 1 3932.16
47.1000 1 5463.08096
47.2000 1 4078.96064
47.3000 1 5840.56832
47.4000 1 4823.4496
47.5000 1 4865.39264
47.6000 1 6910.11584
47.7000 1 6322.91328
47.8000 1 7612.66176
47.9000 1 6396.3136
48.0000 1 5945.42592
48.1000 1 6459.22816
48.2000 1 5987.36896
48.3000 1 6291.456
48.4000 1 5463.08096
48.5000 1 4341.10464
48.6000 1 4875.8784
48.7000 1 6050.28352
48.8000 1 4676.64896
48.9000 1 6081.7408
49.0000 1 5484.05248
49.1000 1 4183.81824
49.2000 1 5913.96864
49.3000 1 4393.53344
49.4000 1 5117.05088
49.5000 1 5788.13952
49.6000 1 5106.56512
49.7000 1 5924.4544
49.8000 1 7381.97504
49.9000 1 6637.48608
50.0000 1 5997.85472
50.1000 1 5001.70752
50.2000 1 5735.71072
50.3000 1 5033.1648
50.4000 1 7067.40224
50.5000 1 6018.82624
50.6000 1 5777.65376
50.7000 1 7109.34528
50.8000 1 7161.77408
50.9000 1 6438.25664
51.0000 1 7402.94656
51.1000 1 7161.77408
51.2000 1 6889.14432
51.3000 1 4949.27872
51.4000 1 7140.80256
51.5000 1 8053.06368
51.6000 1 5253.36576
51.7000 1 4026.53184
51.8000 1 5851.05408
51.9000 1 5934.94016
52.0000 1 6585.05728
52.1000 1 6186.5984
52.2000 1 6459.22816
52.3000 1 5033.1648
52.4000 1 5211.42272
52.5000 1 8105.49248
52.6000 1 4466.93376
52.7000 1 5872.0256
52.8000 1 7927.23456
52.9000 1 7088.37376
53.0000 1 6081.7408
53.1000 1 4655.67744
53.2000 1 5913.96864
53.3000 1 6197.08416
53.4000 1 5693.76768
53.5000 1 4991.22176
53.6000 1 5851.05408
53.7000 1 6333.39904
53.8000 1 6658.4576
53.9000 1 6301.94176
54.0000 1 6490.68544
54.1000 1 6752.82944
54.2000 1 4928.3072
54.3000 1 6994.00192
54.4000 1 5001.70752
54.5000 1 5525.99552
54.6000 1 6574.57152
54.7000 1 7843.34848
54.8000 1 4875.8784
54.9000 1 4708.10624
55.0000 1 6144.65536
55.1000 1 4236.24704
55.2000 1 5337.25184
55.3000 1 7298.08896
55.4000 1 5567.93856
55.5000 1 5001.70752
55.6000 1 5683.28192
55.7000 1 5064.62208
55.8000 1 6406.79936
55.9000 1 6207.56992
56.0000 1 4928.3072
56.1000 1 6710.8864
56.2000 1 5714.7392
56.3000 1 6469.71392
56.4000 1 6092.22656
56.5000 1 6721.37216
56.6000 1 7119.83104
56.7000 1 7130.3168
56.8000 1 7319.06048
56.9000 1 5588.91008
57.0000 1 5400.1664
57.1000 1 5735.71072
57.2000 1 4215.27552
57.3000 1 5242.88
57.4000 1 6574.57152
57.5000 1 4141.8752
57.6000 1 5567.93856
57.7000 1 5913.96864
57.8000 1 5200.93696
57.9000 1 6113.19808
58.0000 1 7203.71712
58.1000 1 7549.7472
58.2000 1 6689.91488
58.3000 1 5830.08256
58.4000 1 6952.05888
58.5000 1 7539.26144
58.6000 1 4854.90688
58.7000 1 4613.7344
58.8000 1 7035.94496
58.9000 1 6218.05568
59.0000 1 6207.56992
59.1000 1 4708.10624
59.2000 1 7476.34688
59.3000 1 6081.7408
59.4000 1 6291.456
59.5000 1 5934.94016
59.6000 1 5672.79616
59.7000 1 4645.19168
59.8000 1 5662.3104
59.9000 1 7235.1744
60.0000 1 6574.57152
60.1000 1 5368.70912
60.2000 1 6060.76928
60.3000 1 5861.53984
60.4000 1 7507.80416
60.5000 1 6050.28352
60.6000 1 5693.76768
60.7000 1 6752.82944
60.8000 1 3470.78656
60.9000 1 4959.76448
61.0000 1 3764.38784
61.1000 1 6134.1696
61.2000 1 4844.42112
61.3000 1 3911.18848
61.4000 1 5840.56832
61.5000 1 6595.54304
61.6000 1 6406.79936
61.7000 1 7340.032
61.8000 1 6721.37216
61.9000 1 4739.56352
62.0000 1 4383.04768
62.1000 1 6459.22816
62.2000 1 5525.99552
62.3000 1 6259.99872
62.4000 1 6385.82784
62.5000 1 8273.26464
62.6000 1 6606.0288
62.7000 1 5305.79456
62.8000 1 4949.27872
62.9000 1 8378.12224
63.0000 1 7686.06208
63.1000 1 5263.85152
63.2000 1 3984.5888
63.3000 1 5872.0256
63.4000 1 4655.67744
63.5000 1 6071.25504
63.6000 1 5987.36896
63.7000 1 4152.36096
63.8000 1 5872.0256
63.9000 1 6176.11264
64.0000 1 7350.51776
64.1000 1 6427.77088
64.2000 1 5840.56832
64.3000 1 7434.40384
64.4000 1 4928.3072
64.5000 1 4466.93376
64.6000 1 7906.26304
64.7000 1 4404.0192
64.8000 1 4697.62048
64.9000 1 6983.51616
65.0000 1 4466.93376
65.1000 1 6668.94336
65.2000 1 6658.4576
65.3000 1 7130.3168
65.4000 1 4697.62048
65.5000 1 6952.05888
65.6000 1 6469.71392
65.7000 1 6805.25824
65.8000 1 4624.22016
65.9000 1 5253.36576
66.0000 1 5253.36576
66.1000 1 5546.96704
66.2000 1 7319.06048
66.3000 1 6973.0304
66.4000 1 5777.65376
66.5000 1 4645.19168
66.6000 1 6448.7424
66.7000 1 8409.57952
66.8000 1 7025.4592
66.9000 1 7130.3168
67.0000 1 4362.07616
67.1000 1 5641.33888
67.2000 1 5138.0224
67.3000 1 7056.91648
67.4000 1 7350.51776
67.5000 1 6480.19968
67.6000 1 7277.11744
67.7000 1 6910.11584
67.8000 1 6574.57152
67.9000 1 5211.42272
68.0000 1 6574.57152
68.1000 1 4781.50656
68.2000 1 5892.99712
68.3000 1 7109.34528
68.4000 1 7790.91968
68.5000 1 6029.312
68.6000 1 4676.64896
68.7000 1 6910.11584
68.8000 1 8095.00672
68.9000 1 5819.5968
69.0000 1 4896.84992
69.1000 1 6186.5984
69.2000 1 5840.56832
69.3000 1 4351.5904
69.4000 1 6071.25504
69.5000 1 5714.7392
69.6000 1 5169.47968
69.7000 1 7413.43232
69.8000 1 7172.25984
69.9000 1 7790.91968
70.0000 1 5945.42592
70.1000 1 6008.34048
70.2000 1 5389.68064
70.3000 1 5096.07936
70.4000 1 4236.24704
70.5000 1 6794.77248
70.6000 1 3774.8736
70.7000 1 5179.96544
70.8000 1 5463.08096
70.9000 1 3680.50176
71.0000 1 5096.07936
71.1000 1 3544.18688
71.2000 1 7098.85952
71.3000 1 5494.53824
71.4000 1 5463.08096
71.5000 1 6018.82624
71.6000 1 4183.81824
71.7000 1 4393.53344
71.8000 1 5913.96864
71.9000 1 4802.47808
72.0000 1 5892.99712
72.1000 1 5851.05408
72.2000 1 4624.22016
72.3000 1 6270.48448
72.4000 1 5358.22336
72.5000 1 4131.38944
72.6000 1 5641.33888
72.7000 1 6259.99872
72.8000 1 6102.71232
72.9000 1 7528.77568
73.0000 1 6889.14432
73.1000 1 5840.56832
73.2000 1 5872.0256
73.3000 1 5054.13632
73.4000 1 7014.97344
73.5000 1 4435.47648
73.6000 1 5305.79456
73.7000 1 8042.57792
73.8000 1 6973.0304
73.9000 1 5924.4544
74.0000 1 4771.0208
74.1000 1 7780.43392
74.2000 1 7371.48928
74.3000 1 6197.08416
74.4000 1 4603.24864
74.5000 1 5788.13952
74.6000 1 4194.304
74.7000 1 5253.36576
74.8000 1 5421.13792
74.9000 1 5431.62368
75.0000 1 6018.82624
75.1000 1 6658.4576
75.2000 1 4057.98912
75.3000 1 6008.34048
75.4000 1 7612.66176
75.5000 1 6952.05888
75.6000 1 6186.5984
75.7000 1 6784.28672
75.8000 1 6459.22816
75.9000 1 6606.0288
76.0000 1 7361.00352
76.1000 1 6815.744
76.2000 1 6899.63008
76.3000 1 6847.20128
76.4000 1 5913.96864
76.5000 1 4278.19008
76.6000 1 5106.56512
76.7000 1 7864.32
76.8000 1 6731.85792
76.9000 1 5295.3088
77.0000 1 5242.88
77.1000 1 5096.07936
77.2000 1 4739.56352
77.3000 1 6259.99872
77.4000 1 6689.91488
77.5000 1 6301.94176
77.6000 1 5714.7392
77.7000 1 7067.40224
77.8000 1 6679.42912
77.9000 1 5735.71072
78.0000 1 4487.90528
78.1000 1 6008.34048
78.2000 1 6060.76928
78.3000 1 6731.85792
78.4000 1 6564.08576
78.5000 1 5924.4544
78.6000 1 5788.13952
78.7000 1 6249.51296
78.8000 1 5840.56832
78.9000 1 5221.90848
79.0000 1 5788.13952
79.1000 1 7371.48928
79.2000 1 7707.0336
79.3000 1 5169.47968
79.4000 1 5851.05408
79.5000 1 6627.00032
79.6000 1 7423.91808
79.7000 1 4687.13472
79.8000 1 4854.90688
79.9000 1 7329.54624
80.0000 1 7350.51776
80.1000 1 6805.25824
80.2000 1 6868.1728
80.3000 1 5295.3088
80.4000 1 7014.97344
80.5000 1 5704.25344
80.6000 1 5704.25344
80.7000 1 5557.4528
80.8000 1 5012.19328
80.9000 1 4865.39264
81.0000 1 6228.54144
81.1000 1 5179.96544
81.2000 1 5347.7376
81.3000 1 6910.11584
81.4000 1 8042.57792
81.5000 1 6228.54144
81.6000 1 4875.8784
81.7000 1 5976.8832
81.8000 1 5463.08096
81.9000 1 5788.13952
82.0000 1 5452.5952
82.1000 1 7759.4624
82.2000 1 6595.54304
82.3000 1 4267.70432
82.4000 1 5830.08256
82.5000 1 4750.04928
82.6000 1 5567.93856
82.7000 1 7172.25984
82.8000 1 8325.69344
82.9000 1 7266.63168
83.0000 1 5452.5952
83.1000 1 5442.10944
83.2000 1 7004.48768
83.3000 1 5389.68064
83.4000 1 5756.68224
83.5000 1 7203.71712
83.6000 1 7224.68864
83.7000 1 7948.20608
83.8000 1 6029.312
83.9000 1 6343.8848
84.0000 1 6050.28352
84.1000 1 6668.94336
84.2000 1 6207.56992
84.3000 1 4844.42112
84.4000 1 5756.68224
84.5000 1 7675.57632
84.6000 1 7256.14592
84.7000 1 5997.85472
84.8000 1 6574.57152
84.9000 1 6039.79776
85.0000 1 4519.36256
85.1000 1 4865.39264
85.2000 1 5819.5968
85.3000 1 4802.47808
85.4000 1 5054.13632
85.5000 1 5798.62528
85.6000 1 6322.91328
85.7000 1 5630.85312
85.8000 1 7465.86112
85.9000 1 4991.22176
86.0000 1 4697.62048
86.1000 1 7056.91648
86.2000 1 7874.80576
86.3000 1 6920.6016
86.4000 1 6375.34208
86.5000 1 5242.88
86.6000 1 5903.48288
86.7000 1 6962.54464
86.8000 1 6469.71392
86.9000 1 6931.08736
87.0000 1 5987.36896
87.1000 1 5735.71072
87.2000 1 4791.99232
87.3000 1 6239.0272
87.4000 1 5022.67904
87.5000 1 4771.0208
87.6000 1 7004.48768
87.7000 1 8357.15072
87.8000 1 7717.51936
87.9000 1 6333.39904
88.0000 1 5085.5936
88.1000 1 6165.62688
88.2000 1 7969.1776
88.3000 1 6102.71232
88.4000 1 5683.28192
88.5000 1 5232.39424
88.6000 1 5525.99552
88.7000 1 5683.28192
88.8000 1 6543.11424
88.9000 1 7266.63168
89.0000 1 4372.56192
89.1000 1 4624.22016
89.2000 1 6794.77248
89.3000 1 6773.80096
89.4000 1 6522.14272
89.5000 1 5211.42272
89.6000 1 6270.48448
89.7000 1 4865.39264
89.8000 1 4949.27872
89.9000 1 5934.94016
90.0000 1 5546.96704
90.1000 1 7224.68864
90.2000 1 6731.85792
90.3000 1 6710.8864
90.4000 1 6459.22816
90.5000 1 6763.3152
90.6000 1 5106.56512
90.7000 1 5872.0256
90.8000 1 6186.5984
90.9000 1 6973.0304
91.0000 1 5830.08256
91.1000 1 4655.67744
91.2000 1 5798.62528
91.3000 1 6333.39904
91.4000 1 5945.42592
91.5000 1 5505.024
91.6000 1 5316.28032
91.7000 1 6071.25504
91.8000 1 5158.99392
91.9000 1 5546.96704
92.0000 1 6931.08736
92.1000 1 5609.8816
92.2000 1 5714.7392
92.3000 1 6679.42912
92.4000 1 5379.19488
92.5000 1 5536.48128
92.6000 1 5934.94016
92.7000 1 5976.8832
92.8000 1 4844.42112
92.9000 1 6050.28352
93.0000 1 5913.96864
93.1000 1 4970.25024
93.2000 1 5892.99712
93.3000 1 6249.51296
93.4000 1 5075.10784
93.5000 1 5431.62368
93.6000 1 6689.91488
93.7000 1 5599.39584
93.8000 1 5421.13792
93.9000 1 6878.65856
94.0000 1 5284.82304
94.1000 1 5389.68064
94.2000 1 6585.05728
94.3000 1 5295.3088
94.4000 1 4708.10624
94.5000 1 6438.25664
94.6000 1 5379.19488
94.7000 1 5211.42272
94.8000 1 6459.22816
94.9000 1 5106.56512
95.0000 1 4215.27552
95.1000 1 6585.05728
95.2000 1 5232.39424
95.3000 1 4991.22176
95.4000 1 4771.0208
95.5000 1 7298.08896
95.6000 1 7161.77408
95.7000 1 6815.744
95.8000 1 6763.3152
95.9000 1 7245.66016
96.0000 1 6343.8848
96.1000 1 6543.11424
96.2000 1 4645.19168
96.3000 1 4729.07776
96.4000 1 5567.93856
96.5000 1 6658.4576
96.6000 1 7990.14912
96.7000 1 4152.36096
96.8000 1 4676.64896
96.9000 1 8220.83584
97.0000 1 7885.29152
97.1000 1 5463.08096
97.2000 1 5221.90848
97.3000 1 5379.19488
97.4000 1 3932.16
97.5000 1 5242.88
97.6000 1 3911.18848
97.7000 1 4886.36416
97.8000 1 8409.57952
97.9000 1 7235.1744
98.0000 1 7193.23136
98.1000 1 5138.0224
98.2000 1 5054.13632
98.3000 1 4288.67584
98.4000 1 5410.65216
98.5000 1 7004.48768
98.6000 1 5725.22496
98.7000 1 5263.85152
98.8000 1 6396.3136
98.9000 1 5316.28032
99.0000 1 5851.05408
99.1000 1 5662.3104
99.2000 1 7109.34528
99.3000 1 5819.5968
99.4000 1 5337.25184
99.5000 1 5861.53984
99.6000 1 4771.0208
99.7000 1 5169.47968
99.8000 1 6186.5984
99.9000 1 5054.13632
100.0000 1 5536.48128
100.1000 1 6511.65696
100.2000 1 5525.99552
100.3000 1 5284.82304
100.4000 1 6658.4576
100.5000 1 5484.05248
100.6000 1 5253.36576
100.7000 1 6564.08576
100.8000 1 5452.5952
100.9000 1 5158.99392
101.0000 1 6113.19808
101.1000 1 6060.76928
101.2000 1 5505.024
101.3000 1 5567.93856
101.4000 1 6396.3136
101.5000 1 5085.5936
101.6000 1 5295.3088
101.7000 1 6490.68544
101.8000 1 5190.4512
101.9000 1 5200.93696
102.0000 1 6606.0288
102.1000 1 5431.62368
102.2000 1 5138.0224
102.3000 1 5861.53984
102.4000 1 4110.41792
102.5000 1 5557.4528
102.6000 1 4141.8752
102.7000 1 4550.81984
102.8000 1 4802.47808
102.9000 1 4393.53344
103.0000 1 5997.85472
103.1000 1 4152.36096
103.2000 1 4959.76448
103.3000 1 4487.90528
103.4000 1 4718.592
103.5000 1 6920.6016
103.6000 1 6029.312
103.7000 1 5347.7376
103.8000 1 5830.08256
103.9000 1 4456.448
104.0000 1 4928.3072
104.1000 1 6752.82944
104.2000 1 6092.22656
104.3000 1 5672.79616
104.4000 1 5955.91168
104.5000 1 6113.19808
104.6000 1 5138.0224
104.7000 1 5903.48288
104.8000 1 4456.448
104.9000 1 6123.68384
105.0000 1 6333.39904
105.1000 1 6469.71392
105.2000 1 4341.10464
105.3000 1 5767.168
105.4000 1 5557.4528
105.5000 1 7098.85952
105.6000 1 5221.90848
105.7000 1 6647.97184
105.8000 1 5840.56832
105.9000 1 5924.4544
106.0000 1 5882.51136
106.1000 1 6931.08736
106.2000 1 5242.88
106.3000 1 5347.7376
106.4000 1 6752.82944
106.5000 1 5431.62368
106.6000 1 5379.19488
106.7000 1 6784.28672
106.8000 1 6186.5984
106.9000 1 5861.53984
107.0000 1 6176.11264
107.1000 1 6899.63008
107.2000 1 6102.71232
107.3000 1 6092.22656
107.4000 1 5903.48288
107.5000 1 7056.91648
107.6000 1 6123.68384
107.7000 1 6522.14272
107.8000 1 6060.76928
107.9000 1 6417.28512
108.0000 1 7046.43072
108.1000 1 5955.91168
108.2000 1 6060.76928
108.3000 1 6102.71232
108.4000 1 7014.97344
108.5000 1 5882.51136
108.6000 1 5913.96864
108.7000 1 6322.91328
108.8000 1 6826.22976
108.9000 1 6270.48448
109.0000 1 5882.51136
109.1000 1 6060.76928
109.2000 1 7098.85952
109.3000 1 5924.4544
109.4000 1 5609.8816
109.5000 1 6511.65696
109.6000 1 3900.70272
109.7000 1 4561.3056
109.8000 1 4498.39104
109.9000 1 5536.48128
110.0000 1 6689.91488
110.1000 1 5169.47968
110.2000 1 4047.50336
110.3000 1 7528.77568
110.4000 1 5421.13792
110.5000 1 5662.3104
110.6000 1 6249.51296
110.7000 1 5945.42592
110.8000 1 6647.97184
110.9000 1 7109.34528
111.0000 1 5242.88
111.1000 1 6794.77248
111.2000 1 4729.07776
111.3000 1 5966.39744
111.4000 1 7119.83104
111.5000 1 5054.13632
111.6000 1 4823.4496
111.7000 1 7098.85952
111.8000 1 5819.5968
111.9000 1 5578.42432
112.0000 1 6763.3152
112.1000 1 6522.14272
112.2000 1 7507.80416
112.3000 1 7203.71712
112.4000 1 6616.51456
112.5000 1 6920.6016
112.6000 1 5756.68224
112.7000 1 5096.07936
112.8000 1 4844.42112
112.9000 1 6742.34368
113.0000 1 5830.08256
113.1000 1 5725.22496
113.2000 1 5620.36736
113.3000 1 7014.97344
113.4000 1 5662.3104
113.5000 1 5788.13952
113.6000 1 6312.42752
113.7000 1 6459.22816
113.8000 1 5924.4544
113.9000 1 5851.05408
114.0000 1 6847.20128
114.1000 1 5934.94016
114.2000 1 5840.56832
114.3000 1 6218.05568
114.4000 1 7151.28832
114.5000 1 6060.76928
114.6000 1 5578.42432
114.7000 1 5662.3104
114.8000 1 6868.1728
114.9000 1 5033.1648
115.0000 1 5106.56512
115.1000 1 7014.97344
115.2000 1 5641.33888
115.3000 1 4362.07616
115.4000 1 6543.11424
115.5000 1 5096.07936
115.6000 1 5148.50816
115.7000 1 5274.33728
115.8000 1 5452.5952
115.9000 1 5022.67904
116.0000 1 5777.65376
116.1000 1 6647.97184
116.2000 1 6029.312
116.3000 1 5976.8832
116.4000 1 5567.93856
116.5000 1 5955.91168
116.6000 1 6008.34048
116.7000 1 6092.22656
116.8000 1 5463.08096
116.9000 1 5442.10944
117.0000 1 6459.22816
117.1000 1 5463.08096
117.2000 1 5347.7376
117.3000 1 5421.13792
117.4000 1 4645.19168
117.5000 1 5851.05408
117.6000 1 4466.93376
117.7000 1 4928.3072
117.8000 1 7465.86112
117.9000 1 7518.28992
118.0000 1 6280.97024
118.1000 1 6689.91488
118.2000 1 6280.97024
118.3000 1 6910.11584
118.4000 1 8220.83584
118.5000 1 5473.56672
118.6000 1 6553.6
118.7000 1 6396.3136
118.8000 1 6627.00032
118.9000 1 5840.56832
119.0000 1 6343.8848
119.1000 1 6322.91328
119.2000 1 7843.34848
119.3000 1 7287.6032
119.4000 1 6689.91488
119.5000 1 7004.48768
119.6000 1 6165.62688
119.7000 1 5274.33728
119.8000 1 6186.5984
119.9000 1 6438.25664
120.0000 1 6396.3136
120.1000 1 6134.1696
120.2000 1 5934.94016
120.3000 1 5525.99552
120.4000 1 6469.71392
120.5000 1 7623.14752
120.6000 1 7906.26304
120.7000 1 5022.67904
120.8000 1 6721.37216
120.9000 1 5934.94016
121.0000 1 7570.71872
121.1000 1 7623.14752
121.2000 1 5169.47968
121.3000 1 5054.13632
121.4000 1 7937.72032
121.5000 1 7769.94816
121.6000 1 7769.94816
121.7000 1 5546.96704
121.8000 1 5955.91168
121.9000 1 7119.83104
122.0000 1 7067.40224
122.1000 1 5882.51136
122.2000 1 6721.37216
122.3000 1 5536.48128
122.4000 1 7361.00352
122.5000 1 8063.54944
122.6000 1 5892.99712
122.7000 1 6501.1712
122.8000 1 6543.11424
122.9000 1 6343.8848
123.0000 1 6385.82784
123.1000 1 4771.0208
123.2000 1 5704.25344
123.3000 1 6071.25504
123.4000 1 4907.33568
123.5000 1 5662.3104
123.6000 1 7025.4592
123.7000 1 5966.39744
123.8000 1 5903.48288
123.9000 1 6123.68384
124.0000 1 7035.94496
124.1000 1 6008.34048
124.2000 1 5798.62528
124.3000 1 6406.79936
124.4000 1 6773.80096
124.5000 1 5861.53984
124.6000 1 5851.05408
124.7000 1 6689.91488
124.8000 1 6312.42752
124.9000 1 5588.91008
125.0000 1 5484.05248
125.1000 1 7004.48768
125.2000 1 4833.93536
125.3000 1 4791.99232
125.4000 1 6102.71232
125.5000 1 5043.65056
125.6000 1 5106.56512
125.7000 1 6574.57152
125.8000 1 5253.36576
125.9000 1 5484.05248
126.0000 1 6553.6
126.1000 1 5578.42432
126.2000 1 5494.53824
126.3000 1 6973.0304
126.4000 1 5609.8816
126.5000 1 5746.19648
126.6000 1 5599.39584
126.7000 1 6994.00192
126.8000 1 5620.36736
126.9000 1 5966.39744
127.0000 1 6406.79936
127.1000 1 6050.28352
127.2000 1 5882.51136
127.3000 1 5714.7392
127.4000 1 6836.71552
127.5000 1 5672.79616
127.6000 1 5777.65376
127.7000 1 5966.39744
127.8000 1 6679.42912
127.9000 1 5861.53984
128.0000 1 5672.79616
128.1000 1 6931.08736
128.2000 1 5662.3104
128.3000 1 5735.71072
128.4000 1 5746.19648
128.5000 1 6920.6016
128.6000 1 5463.08096
128.7000 1 5609.8816
128.8000 1 6773.80096
128.9000 1 5945.42592
129.0000 1 5505.024
129.1000 1 5693.76768
129.2000 1 6973.0304
129.3000 1 5138.0224
129.4000 1 5054.13632
129.5000 1 6826.22976
129.6000 1 5683.28192
129.7000 1 5557.4528
129.8000 1 6301.94176
129.9000 1 5609.8816
130.0000 1 5651.82464
130.1000 1 5683.28192
130.2000 1 6899.63008
130.3000 1 5546.96704
130.4000 1 5609.8816
130.5000 1 6889.14432
130.6000 1 5934.94016
130.7000 1 5683.28192
130.8000 1 5966.39744
130.9000 1 7539.26144
131.0000 1 5735.71072
131.1000 1 4917.82144
131.2000 1 6113.19808
131.3000 1 5221.90848
131.4000 1 5305.79456
131.5000 1 6218.05568
131.6000 1 5756.68224
131.7000 1 5546.96704
131.8000 1 5463.08096
131.9000 1 6689.91488
132.0000 1 5662.3104
132.1000 1 5662.3104
132.2000 1 6721.37216
132.3000 1 5609.8816
132.4000 1 5588.91008
132.5000 1 5934.94016
132.6000 1 6616.51456
132.7000 1 5830.08256
132.8000 1 5830.08256
132.9000 1 6878.65856
133.0000 1 6081.7408
133.1000 1 5966.39744
133.2000 1 5892.99712
133.3000 1 7235.1744
133.4000 1 6071.25504
133.5000 1 5872.0256
133.6000 1 5316.28032
133.7000 1 6679.42912
133.8000 1 5358.22336
133.9000 1 5274.33728
134.0000 1 6585.05728
134.1000 1 5295.3088
134.2000 1 5232.39424
134.3000 1 6291.456
134.4000 1 5452.5952
134.5000 1 5368.70912
134.6000 1 6668.94336
134.7000 1 5567.93856
134.8000 1 5588.91008
134.9000 1 5651.82464
135.0000 1 6752.82944
135.1000 1 5326.76608
135.2000 1 5557.4528
135.3000 1 6564.08576
135.4000 1 5253.36576
135.5000 1 5525.99552
135.6000 1 6448.7424
135.7000 1 5452.5952
135.8000 1 5452.5952
135.9000 1 6155.14112
136.0000 1 5903.48288
136.1000 1 5431.62368
136.2000 1 5431.62368
136.3000 1 5809.11104
136.4000 1 5138.0224
136.5000 1 5903.48288
136.6000 1 5641.33888
136.7000 1 5505.024
136.8000 1 5620.36736
136.9000 1 6511.65696
137.0000 1 5725.22496
137.1000 1 5442.10944
137.2000 1 6543.11424
137.3000 1 5442.10944
137.4000 1 5316.28032
137.5000 1 5997.85472
137.6000 1 5054.13632
137.7000 1 4949.27872
137.8000 1 6123.68384
137.9000 1 5117.05088
138.0000 1 5200.93696
138.1000 1 6553.6
138.2000 1 5368.70912
138.3000 1 5337.25184
138.4000 1 6564.08576
138.5000 1 5274.33728
138.6000 1 5169.47968
138.7000 1 6668.94336
138.8000 1 5651.82464
138.9000 1 5641.33888
139.0000 1 6113.19808
139.1000 1 6354.37056
139.2000 1 5421.13792
139.3000 1 5830.08256
139.4000 1 6637.48608
139.5000 1 5505.024
139.6000 1 5913.96864
139.7000 1 6228.54144
139.8000 1 6333.39904
139.9000 1 5536.48128
140.0000 1 5567.93856
140.1000 1 6532.62848
140.2000 1 5599.39584
140.3000 1 5599.39584
140.4000 1 6668.94336
140.5000 1 5976.8832
140.6000 1 5997.85472
140.7000 1 5693.76768
140.8000 1 6868.1728
140.9000 1 5798.62528
141.0000 1 5683.28192
141.1000 1 5913.96864
141.2000 1 6375.34208
141.3000 1 5851.05408
141.4000 1 5830.08256
141.5000 1 6857.68704
141.6000 1 6008.34048
141.7000 1 5630.85312
141.8000 1 4550.81984
Time 142094 ms
