1 8 0.0
2 8 9075.0
3 8 9310.0
4 8 8630.0
5 8 9240.0
6 8 7960.0
7 8 9410.0
8 8 9349.0
9 8 9459.0
10 8 8293.0
11 8 9414.0
12 8 9415.0
13 8 9416.0
14 8 9430.0
15 8 9398.0
16 8 9405.0
17 8 9419.0
18 8 9406.0
19 8 9430.0
20 8 9097.0
21 8 9427.0
22 8 9410.0
23 8 9366.0
24 8 9448.0
25 8 9412.0
26 8 9415.0
27 8 9412.0
28 8 9367.0
29 8 9410.0
30 8 9458.0
31 8 9405.0
32 8 9428.0
33 8 9399.0
34 8 9395.0
35 8 8955.0
36 8 9426.0
37 8 9380.0
38 8 9451.0
39 8 9404.0
40 8 9429.0
41 8 9397.0
42 8 9422.0
43 8 9331.0
44 8 9510.0
45 8 9398.0
46 8 9392.0
47 8 9426.0
48 8 9423.0
49 8 9381.0
50 8 9455.0
51 8 9416.0
52 8 9355.0
53 8 9453.0
54 8 9398.0
55 8 9387.0
56 8 9461.0
57 8 9102.0
58 8 8593.0
59 8 9419.0
60 8 9416.0
61 8 9404.0
62 8 9409.0
63 8 9381.0
64 8 9433.0
65 8 9431.0
66 8 9389.0
67 8 9439.0
68 8 9418.0
69 8 9418.0
70 8 9393.0
71 8 9424.0
72 8 9383.0
73 8 9448.0
74 8 9424.0
75 8 9429.0
76 8 9372.0
77 8 9463.0
78 8 9371.0
79 8 9418.0
80 8 9436.0
81 8 9388.0
82 8 9360.0
83 8 9481.0
84 8 9309.0
85 8 9401.0
86 8 9369.0
87 8 9437.0
88 8 9334.0
89 8 5965.0
