1 8 0.0
2 8 8361.0
3 8 9414.0
4 8 9425.0
5 8 9356.0
6 8 9441.0
7 8 9421.0
8 8 9417.0
9 8 9413.0
10 8 9414.0
11 8 9416.0
12 8 9404.0
13 8 9427.0
14 8 9397.0
15 8 9416.0
16 8 9421.0
17 8 9416.0
18 8 9414.0
19 8 9428.0
20 8 9410.0
21 8 9405.0
22 8 9317.0
23 8 9515.0
24 8 9421.0
25 8 9389.0
26 8 9431.0
27 8 9426.0
28 8 9391.0
29 8 9398.0
30 8 9433.0
31 8 9434.0
32 8 9404.0
33 8 9421.0
34 8 9378.0
35 8 8601.0
36 8 9504.0
37 8 7921.0
38 8 6710.0
39 8 7890.0
40 8 7822.0
41 8 9525.0
42 8 9422.0
43 8 9348.0
44 8 9470.0
45 8 9421.0
46 8 9419.0
47 8 9375.0
48 8 9436.0
49 8 9366.0
50 8 9407.0
51 8 9402.0
52 8 9411.0
53 8 9425.0
54 8 9415.0
55 8 9392.0
56 8 9378.0
57 8 9440.0
58 8 9394.0
59 8 9416.0
60 8 9448.0
61 8 9368.0
62 8 9413.0
63 8 9257.0
64 8 9391.0
65 8 9391.0
66 8 9459.0
67 8 9411.0
68 8 9406.0
69 8 9408.0
70 8 8285.0
71 8 7974.0
72 8 9415.0
73 8 9381.0
74 8 9432.0
75 8 9316.0
76 8 9499.0
77 8 9418.0
78 8 9406.0
79 8 9417.0
80 8 9394.0
81 8 9422.0
82 8 9364.0
83 8 9431.0
84 8 9447.0
85 8 9410.0
86 8 9414.0
87 8 9377.0
88 8 9380.0
89 8 9372.0
90 8 2488.0
