1 8 0.0
2 8 9194.0
3 8 9316.0
4 8 9436.0
5 8 9412.0
6 8 9388.0
7 8 9366.0
8 8 9430.0
9 8 9451.0
10 8 9418.0
11 8 9414.0
12 8 9406.0
13 8 9419.0
14 8 9386.0
15 8 9447.0
16 8 9381.0
17 8 8579.0
18 8 8733.0
19 8 9403.0
20 8 9397.0
21 8 9432.0
22 8 9422.0
23 8 9390.0
24 8 9424.0
25 8 9410.0
26 8 9425.0
27 8 9395.0
28 8 9415.0
29 8 9410.0
30 8 9406.0
31 8 9391.0
32 8 9425.0
33 8 9441.0
34 8 9391.0
35 8 9371.0
36 8 9423.0
37 8 9435.0
38 8 9393.0
39 8 9445.0
40 8 9392.0
41 8 9417.0
42 8 9374.0
43 8 9421.0
44 8 9409.0
45 8 9387.0
46 8 9453.0
47 8 9404.0
48 8 9380.0
49 8 9477.0
50 8 9392.0
51 8 9391.0
52 8 9354.0
53 8 9496.0
54 8 9404.0
55 8 8962.0
56 8 9464.0
57 8 9362.0
58 8 7991.0
59 8 9261.0
60 8 9359.0
61 8 8942.0
62 8 9381.0
63 8 9426.0
64 8 9408.0
65 8 9407.0
66 8 9418.0
67 8 9312.0
68 8 9502.0
69 8 9404.0
70 8 9383.0
71 8 9429.0
72 8 9407.0
73 8 9367.0
74 8 9464.0
75 8 9420.0
76 8 9412.0
77 8 9412.0
78 8 9404.0
79 8 9367.0
80 8 9470.0
81 8 9402.0
82 8 9386.0
83 8 9449.0
84 8 9401.0
85 8 9358.0
86 8 9421.0
87 8 9376.0
88 8 9396.0
89 8 4620.0
