1 8 0.0
2 8 1807.0
3 8 9506.0
4 8 5478.0
5 8 8833.0
6 8 9376.0
7 8 9356.0
8 8 9495.0
9 8 9379.0
10 8 9389.0
11 8 9010.0
12 8 9399.0
13 8 9416.0
14 8 9435.0
15 8 9385.0
16 8 9364.0
17 8 9479.0
18 8 9418.0
19 8 5702.0
20 8 9443.0
21 8 9344.0
22 8 9478.0
23 8 9417.0
24 8 9415.0
25 8 9407.0
26 8 9428.0
27 8 9412.0
28 8 9416.0
29 8 7503.0
30 8 9315.0
31 8 9408.0
32 8 9380.0
33 8 9312.0
34 8 5639.0
35 8 9384.0
36 8 9430.0
37 8 9381.0
38 8 9441.0
39 8 9422.0
40 8 9399.0
41 8 9431.0
42 8 9384.0
43 8 9441.0
44 8 9365.0
45 8 9458.0
46 8 9414.0
47 8 9339.0
48 8 9428.0
49 8 9463.0
50 8 9321.0
51 8 9240.0
52 8 9405.0
53 8 9413.0
54 8 9371.0
55 8 9415.0
56 8 8485.0
57 8 9461.0
58 8 9342.0
59 8 9411.0
60 8 3445.0
61 8 9454.0
62 8 9414.0
63 8 9421.0
64 8 9418.0
65 8 9410.0
66 8 9403.0
67 8 9401.0
68 8 9354.0
69 8 9134.0
70 8 9394.0
71 8 9412.0
72 8 9416.0
73 8 9423.0
74 8 9349.0
75 8 9472.0
76 8 9429.0
77 8 9406.0
78 8 9410.0
79 8 9414.0
80 8 9392.0
81 8 9331.0
82 8 9413.0
83 8 7787.0
84 8 9420.0
85 8 9062.0
86 8 9422.0
87 8 9415.0
88 8 9363.0
89 8 9370.0
90 8 9418.0
91 8 9385.0
92 8 3571.0
