1 8 0.0
2 8 8956.0
3 8 9489.0
4 8 9398.0
5 8 9428.0
6 8 9397.0
7 8 9399.0
8 8 9406.0
9 8 9442.0
10 8 9374.0
11 8 9425.0
12 8 9417.0
13 8 9418.0
14 8 9410.0
15 8 9422.0
16 8 9415.0
17 8 9393.0
18 8 9405.0
19 8 9447.0
20 8 9411.0
21 8 9402.0
22 8 9396.0
23 8 9445.0
24 8 9388.0
25 8 9414.0
26 8 9410.0
27 8 9412.0
28 8 9425.0
29 8 9407.0
30 8 9405.0
31 8 9401.0
32 8 9421.0
33 8 9347.0
34 8 9418.0
35 8 9312.0
36 8 9486.0
37 8 9410.0
38 8 9418.0
39 8 9428.0
40 8 9399.0
41 8 9399.0
42 8 9369.0
43 8 9430.0
44 8 9369.0
45 8 9488.0
46 8 9412.0
47 8 9410.0
48 8 9376.0
49 8 9381.0
50 8 9438.0
51 8 9440.0
52 8 9392.0
53 8 9437.0
54 8 9376.0
55 8 9443.0
56 8 9406.0
57 8 9426.0
58 8 9356.0
59 8 9449.0
60 8 9439.0
61 8 9415.0
62 8 9408.0
63 8 9407.0
64 8 9422.0
65 8 9392.0
66 8 9350.0
67 8 9469.0
68 8 9401.0
69 8 9371.0
70 8 9458.0
71 8 9363.0
72 8 9435.0
73 8 9430.0
74 8 9423.0
75 8 9408.0
76 8 9419.0
77 8 9406.0
78 8 9414.0
79 8 9372.0
80 8 7718.0
81 8 6334.0
82 8 9414.0
83 8 9412.0
84 8 9412.0
85 8 9421.0
86 8 9420.0
87 8 9313.0
88 8 8985.0
89 8 5016.0
90 8 878.0
