1 16 0.0
2 16 8599.0
3 16 9034.0
4 16 9432.0
5 16 9395.0
6 16 9360.0
7 16 9304.0
8 16 8704.0
9 16 9168.0
10 16 9383.0
11 16 9427.0
12 16 9447.0
13 16 9057.0
14 16 9395.0
15 16 9418.0
16 16 9345.0
17 16 9401.0
18 16 9367.0
19 16 9460.0
20 16 9013.0
21 16 8879.0
22 16 9178.0
23 16 9420.0
24 16 9267.0
25 16 8667.0
26 16 9168.0
27 16 9428.0
28 16 9345.0
29 16 9040.0
30 16 9404.0
31 16 8972.0
32 16 9429.0
33 16 9417.0
34 16 9250.0
35 16 9399.0
36 16 9261.0
37 16 9406.0
38 16 9429.0
39 16 9266.0
40 16 9400.0
41 16 9373.0
42 16 9395.0
43 16 9446.0
44 16 9437.0
45 16 9280.0
46 16 9404.0
47 16 9445.0
48 16 9378.0
49 16 9442.0
50 16 8093.0
51 16 9371.0
52 16 9398.0
53 16 9372.0
54 16 9377.0
55 16 9381.0
56 16 8754.0
57 16 9434.0
58 16 9384.0
59 16 9404.0
60 16 9437.0
61 16 9314.0
62 16 9090.0
63 16 9347.0
64 16 9067.0
65 16 9350.0
66 16 9378.0
67 16 9082.0
68 16 9284.0
69 16 9402.0
70 16 9399.0
71 16 9183.0
72 16 9086.0
73 16 9123.0
74 16 9480.0
75 16 9256.0
76 16 9417.0
77 16 9408.0
78 16 9384.0
79 16 9410.0
80 16 9420.0
81 16 8647.0
82 16 9380.0
83 16 9408.0
84 16 9369.0
85 16 9377.0
86 16 8975.0
87 16 9258.0
88 16 9197.0
89 16 9321.0
90 16 3364.0
