1 16 0.0
2 16 8722.0
3 16 9281.0
4 16 9550.0
5 16 9402.0
6 16 9400.0
7 16 9394.0
8 16 9392.0
9 16 9441.0
10 16 9393.0
11 16 9406.0
12 16 9381.0
13 16 9349.0
14 16 9452.0
15 16 9398.0
16 16 9373.0
17 16 9381.0
18 16 8972.0
19 16 9150.0
20 16 9366.0
21 16 9395.0
22 16 9173.0
23 16 9391.0
24 16 9206.0
25 16 9558.0
26 16 9420.0
27 16 9409.0
28 16 9318.0
29 16 9386.0
30 16 9355.0
31 16 9431.0
32 16 9342.0
33 16 9241.0
34 16 9475.0
35 16 9339.0
36 16 9332.0
37 16 9447.0
38 16 9360.0
39 16 9407.0
40 16 9429.0
41 16 9384.0
42 16 9331.0
43 16 9058.0
44 16 9341.0
45 16 8940.0
46 16 9386.0
47 16 9499.0
48 16 9392.0
49 16 7964.0
50 16 8247.0
51 16 9347.0
52 16 9383.0
53 16 9362.0
54 16 9391.0
55 16 9434.0
56 16 8861.0
57 16 8984.0
58 16 9428.0
59 16 9328.0
60 16 9482.0
61 16 9382.0
62 16 9384.0
63 16 9426.0
64 16 9407.0
65 16 9279.0
66 16 9306.0
67 16 9396.0
68 16 9333.0
69 16 9278.0
70 16 9405.0
71 16 9376.0
72 16 9433.0
73 16 9414.0
74 16 9412.0
75 16 9404.0
76 16 9236.0
77 16 9404.0
78 16 9258.0
79 16 9444.0
80 16 8724.0
81 16 9443.0
82 16 9393.0
83 16 9377.0
84 16 9323.0
85 16 9393.0
86 16 9309.0
87 16 8779.0
88 16 9329.0
89 16 8435.0
90 16 1197.0
