1 16 0.0
2 16 7077.0
3 16 7741.0
4 16 6992.0
5 16 6139.0
6 16 6573.0
7 16 5584.0
8 16 7581.0
9 16 2471.0
10 16 2884.0
11 16 7403.0
12 16 8208.0
13 16 2834.0
14 16 2961.0
15 16 9551.0
16 16 9063.0
17 16 8998.0
18 16 5155.0
19 16 2769.0
20 16 3897.0
21 16 1190.0
22 16 3940.0
23 16 9462.0
24 16 9388.0
25 16 9274.0
26 16 5529.0
27 16 3579.0
28 16 7696.0
29 16 5517.0
30 16 9394.0
31 16 4555.0
32 16 7735.0
33 16 7613.0
34 16 9583.0
35 16 8564.0
36 16 5767.0
37 16 7937.0
38 16 6577.0
39 16 3688.0
40 16 1416.0
41 16 6267.0
42 16 5686.0
43 16 9393.0
44 16 9394.0
45 16 9320.0
46 16 7888.0
47 16 2973.0
48 16 7891.0
49 16 6400.0
50 16 6645.0
51 16 6031.0
52 16 9006.0
53 16 8925.0
54 16 7856.0
55 16 3347.0
56 16 5744.0
57 16 4995.0
58 16 6695.0
59 16 9004.0
60 16 9387.0
61 16 7728.0
62 16 1758.0
63 16 2777.0
64 16 5683.0
65 16 7526.0
66 16 8292.0
67 16 5851.0
68 16 4377.0
69 16 2215.0
70 16 2489.0
71 16 2912.0
72 16 4627.0
73 16 7091.0
74 16 2856.0
75 16 6460.0
76 16 9258.0
77 16 9403.0
78 16 9317.0
79 16 9405.0
80 16 9475.0
81 16 9427.0
82 16 9060.0
83 16 6245.0
84 16 9303.0
85 16 9417.0
86 16 9341.0
87 16 9416.0
88 16 9298.0
89 16 9176.0
90 16 9282.0
91 16 9458.0
92 16 9387.0
93 16 9324.0
94 16 9235.0
95 16 9139.0
96 16 9469.0
97 16 9403.0
98 16 9450.0
99 16 9173.0
100 16 9398.0
101 16 9334.0
102 16 9270.0
103 16 9446.0
104 16 9385.0
105 16 9079.0
106 16 9436.0
107 16 9354.0
108 16 9447.0
109 16 9395.0
110 16 9079.0
111 16 8921.0
112 16 9233.0
113 16 9308.0
114 16 9295.0
115 16 893.0
