1 16 0.0
2 16 3483.0
3 16 4620.0
4 16 9449.0
5 16 9248.0
6 16 8262.0
7 16 8735.0
8 16 5573.0
9 16 8710.0
10 16 8789.0
11 16 9151.0
12 16 9550.0
13 16 9384.0
14 16 8689.0
15 16 9284.0
16 16 9317.0
17 16 7626.0
18 16 9281.0
19 16 9508.0
20 16 6360.0
21 16 6948.0
22 16 9382.0
23 16 9311.0
24 16 9189.0
25 16 9634.0
26 16 4628.0
27 16 8957.0
28 16 9373.0
29 16 6997.0
30 16 4565.0
31 16 9358.0
32 16 9410.0
33 16 9370.0
34 16 9095.0
35 16 8931.0
36 16 7367.0
37 16 9029.0
38 16 9322.0
39 16 7223.0
40 16 9526.0
41 16 9362.0
42 16 9253.0
43 16 9434.0
44 16 9344.0
45 16 9418.0
46 16 9381.0
47 16 9337.0
48 16 9106.0
49 16 9411.0
50 16 9332.0
51 16 9465.0
52 16 9409.0
53 16 8586.0
54 16 8771.0
55 16 9221.0
56 16 6850.0
57 16 9402.0
58 16 9353.0
59 16 9328.0
60 16 9293.0
61 16 8392.0
62 16 9252.0
63 16 8906.0
64 16 4990.0
65 16 9662.0
66 16 9009.0
67 16 9153.0
68 16 7351.0
69 16 9289.0
70 16 8832.0
71 16 9068.0
72 16 6679.0
73 16 9214.0
74 16 9241.0
75 16 8774.0
76 16 9273.0
77 16 9350.0
78 16 9198.0
79 16 9005.0
80 16 9363.0
81 16 9399.0
82 16 9349.0
83 16 9365.0
84 16 9181.0
85 16 9379.0
86 16 6473.0
87 16 9424.0
88 16 6761.0
89 16 9012.0
90 16 9394.0
91 16 9363.0
92 16 9039.0
93 16 8121.0
94 16 9149.0
95 16 7357.0
96 16 8284.0
97 16 201.0
