1 16 0.0
2 16 8902.0
3 16 9472.0
4 16 9210.0
5 16 9423.0
6 16 9375.0
7 16 9436.0
8 16 9414.0
9 16 9387.0
10 16 9377.0
11 16 9348.0
12 16 8770.0
13 16 9194.0
14 16 9392.0
15 16 8935.0
16 16 9089.0
17 16 9422.0
18 16 9397.0
19 16 9352.0
20 16 9405.0
21 16 9447.0
22 16 9385.0
23 16 9334.0
24 16 9408.0
25 16 9383.0
26 16 9026.0
27 16 9526.0
28 16 9094.0
29 16 9405.0
30 16 9371.0
31 16 9419.0
32 16 9363.0
33 16 9391.0
34 16 9436.0
35 16 9125.0
36 16 9432.0
37 16 9432.0
38 16 9129.0
39 16 9436.0
40 16 9389.0
41 16 8330.0
42 16 9035.0
43 16 9366.0
44 16 9440.0
45 16 9422.0
46 16 9339.0
47 16 9438.0
48 16 9392.0
49 16 9348.0
50 16 9315.0
51 16 9416.0
52 16 9416.0
53 16 9310.0
54 16 9439.0
55 16 9416.0
56 16 9387.0
57 16 9408.0
58 16 9431.0
59 16 9329.0
60 16 9402.0
61 16 9296.0
62 16 9306.0
63 16 9376.0
64 16 9385.0
65 16 9405.0
66 16 9456.0
67 16 9374.0
68 16 9386.0
69 16 9416.0
70 16 9381.0
71 16 8910.0
72 16 9382.0
73 16 9419.0
74 16 9343.0
75 16 8606.0
76 16 8806.0
77 16 9422.0
78 16 9409.0
79 16 9358.0
80 16 9415.0
81 16 9416.0
82 16 9411.0
83 16 9432.0
84 16 9234.0
85 16 9375.0
86 16 9321.0
87 16 8256.0
88 16 9013.0
89 16 9183.0
90 16 726.0
