1 16 0.0
2 16 8359.0
3 16 4891.0
4 16 9336.0
5 16 9378.0
6 16 8446.0
7 16 9483.0
8 16 9381.0
9 16 9408.0
10 16 9393.0
11 16 9342.0
12 16 9389.0
13 16 9013.0
14 16 9430.0
15 16 9353.0
16 16 9379.0
17 16 9224.0
18 16 9418.0
19 16 9461.0
20 16 9426.0
21 16 9358.0
22 16 9355.0
23 16 9430.0
24 16 9100.0
25 16 9269.0
26 16 9342.0
27 16 9384.0
28 16 9343.0
29 16 9468.0
30 16 9127.0
31 16 8684.0
32 16 9420.0
33 16 9343.0
34 16 9424.0
35 16 9417.0
36 16 9175.0
37 16 9060.0
38 16 9314.0
39 16 9483.0
40 16 9405.0
41 16 9370.0
42 16 9327.0
43 16 9109.0
44 16 9349.0
45 16 8916.0
46 16 9245.0
47 16 9432.0
48 16 9275.0
49 16 8777.0
50 16 9371.0
51 16 9211.0
52 16 9425.0
53 16 8275.0
54 16 7375.0
55 16 9452.0
56 16 9333.0
57 16 9462.0
58 16 9391.0
59 16 9321.0
60 16 9430.0
61 16 9221.0
62 16 9156.0
63 16 9301.0
64 16 9372.0
65 16 9388.0
66 16 9373.0
67 16 8638.0
68 16 9415.0
69 16 9380.0
70 16 9347.0
71 16 9361.0
72 16 9383.0
73 16 9504.0
74 16 9340.0
75 16 9376.0
76 16 9212.0
77 16 9432.0
78 16 9399.0
79 16 9212.0
80 16 8910.0
81 16 9349.0
82 16 9425.0
83 16 9445.0
84 16 9397.0
85 16 9387.0
86 16 9310.0
87 16 9283.0
88 16 9152.0
89 16 9178.0
90 16 5587.0
91 16 3399.0
