1 16 0.0
2 16 4716.0
3 16 8725.0
4 16 9500.0
5 16 9265.0
6 16 8803.0
7 16 9319.0
8 16 9277.0
9 16 9480.0
10 16 9385.0
11 16 9298.0
12 16 9482.0
13 16 9448.0
14 16 9091.0
15 16 9284.0
16 16 9399.0
17 16 9193.0
18 16 9128.0
19 16 9186.0
20 16 9361.0
21 16 9352.0
22 16 9297.0
23 16 9489.0
24 16 9463.0
25 16 9334.0
26 16 9345.0
27 16 9463.0
28 16 9412.0
29 16 9445.0
30 16 8773.0
31 16 9435.0
32 16 9326.0
33 16 9316.0
34 16 9506.0
35 16 9186.0
36 16 9344.0
37 16 9088.0
38 16 9350.0
39 16 9372.0
40 16 8845.0
41 16 9362.0
42 16 9358.0
43 16 9085.0
44 16 7990.0
45 16 9310.0
46 16 9296.0
47 16 9384.0
48 16 7528.0
49 16 7991.0
50 16 8132.0
51 16 8698.0
52 16 8658.0
53 16 9420.0
54 16 9221.0
55 16 8844.0
56 16 9050.0
57 16 9355.0
58 16 9299.0
59 16 6793.0
60 16 8708.0
61 16 7794.0
62 16 8539.0
63 16 7938.0
64 16 9200.0
65 16 9439.0
66 16 9367.0
67 16 9204.0
68 16 8462.0
69 16 9367.0
70 16 9266.0
71 16 9332.0
72 16 9410.0
73 16 9301.0
74 16 9380.0
75 16 7960.0
76 16 8495.0
77 16 7801.0
78 16 9394.0
79 16 9441.0
80 16 8527.0
81 16 8968.0
82 16 9266.0
83 16 9438.0
84 16 9380.0
85 16 9375.0
86 16 9441.0
87 16 9168.0
88 16 8059.0
89 16 7990.0
90 16 6825.0
91 16 8240.0
92 16 8334.0
93 16 3858.0
