1 1 0.0
2 1 4538.0
3 1 6265.0
4 1 5649.0
5 1 6369.0
6 1 5714.0
7 1 5490.0
8 1 6088.0
9 1 5379.0
10 1 6232.0
11 1 6272.0
12 1 4185.0
13 1 5381.0
14 1 6563.0
15 1 5330.0
16 1 4837.0
17 1 6010.0
18 1 5962.0
19 1 5115.0
20 1 5155.0
21 1 5208.0
22 1 3912.0
23 1 7210.0
24 1 5727.0
25 1 5734.0
26 1 5716.0
27 1 7079.0
28 1 5066.0
29 1 5734.0
30 1 6130.0
31 1 6037.0
32 1 5548.0
33 1 5369.0
34 1 7091.0
35 1 5846.0
36 1 7095.0
37 1 5137.0
38 1 7257.0
39 1 5662.0
40 1 3401.0
41 1 6847.0
42 1 5556.0
43 1 5645.0
44 1 6892.0
45 1 6497.0
46 1 5857.0
47 1 4912.0
48 1 5611.0
49 1 6499.0
50 1 5941.0
51 1 5721.0
52 1 6447.0
53 1 3921.0
54 1 5861.0
55 1 6564.0
56 1 6903.0
57 1 4698.0
58 1 5218.0
59 1 7395.0
60 1 5775.0
61 1 6328.0
62 1 5474.0
63 1 7263.0
64 1 4413.0
65 1 6064.0
66 1 6504.0
67 1 5819.0
68 1 6159.0
69 1 5319.0
70 1 6749.0
71 1 4950.0
72 1 6074.0
73 1 5525.0
74 1 6877.0
75 1 5550.0
76 1 5483.0
77 1 6914.0
78 1 5645.0
79 1 4407.0
80 1 6112.0
81 1 5943.0
82 1 5243.0
83 1 6370.0
84 1 6518.0
85 1 5400.0
86 1 5523.0
87 1 6136.0
88 1 7069.0
89 1 4527.0
90 1 5563.0
91 1 7386.0
92 1 5830.0
93 1 6079.0
94 1 5135.0
95 1 6877.0
96 1 6296.0
97 1 6469.0
98 1 5460.0
99 1 6849.0
100 1 5345.0
101 1 4086.0
102 1 7246.0
103 1 4669.0
104 1 4988.0
105 1 6277.0
106 1 7078.0
107 1 4988.0
108 1 5141.0
109 1 7314.0
110 1 6646.0
111 1 5232.0
112 1 5764.0
113 1 6090.0
114 1 5431.0
115 1 5695.0
116 1 7256.0
117 1 7115.0
118 1 5298.0
119 1 5552.0
120 1 6803.0
121 1 6767.0
122 1 5706.0
123 1 5800.0
124 1 5060.0
125 1 5422.0
126 1 6037.0
127 1 6047.0
128 1 5904.0
129 1 5399.0
130 1 4008.0
131 1 3559.0
132 1 4646.0
133 1 3644.0
134 1 4849.0
135 1 6161.0
136 1 4017.0
137 1 6448.0
138 1 6609.0
139 1 4536.0
140 1 5632.0
141 1 7267.0
142 1 5860.0
143 1 2090.0
