1 1 0.0
2 1 5573.0
3 1 4784.0
4 1 6081.0
5 1 4966.0
6 1 3631.0
7 1 7048.0
8 1 5695.0
9 1 4634.0
10 1 6809.0
11 1 2420.0
12 1 5853.0
13 1 5622.0
14 1 5440.0
15 1 4072.0
16 1 4424.0
17 1 4978.0
18 1 6872.0
19 1 3670.0
20 1 5770.0
21 1 4328.0
22 1 4858.0
23 1 6800.0
24 1 1303.0
25 1 7283.0
26 1 4615.0
27 1 4162.0
28 1 5539.0
29 1 5797.0
30 1 5950.0
31 1 6697.0
32 1 2353.0
33 1 5963.0
34 1 6998.0
35 1 5325.0
36 1 4523.0
37 1 5670.0
38 1 5087.0
39 1 5986.0
40 1 7108.0
41 1 3759.0
42 1 6307.0
43 1 6463.0
44 1 4390.0
45 1 5502.0
46 1 6457.0
47 1 5150.0
48 1 5758.0
49 1 5653.0
50 1 6792.0
51 1 4577.0
52 1 4981.0
53 1 7012.0
54 1 2424.0
55 1 7647.0
56 1 6682.0
57 1 5311.0
58 1 3910.0
59 1 5092.0
60 1 5116.0
61 1 5808.0
62 1 5361.0
63 1 5726.0
64 1 5259.0
65 1 4809.0
66 1 5743.0
67 1 7290.0
68 1 5913.0
69 1 3165.0
70 1 6026.0
71 1 6464.0
72 1 3614.0
73 1 5355.0
74 1 5274.0
75 1 4497.0
76 1 6422.0
77 1 2240.0
78 1 6138.0
79 1 4020.0
80 1 4995.0
81 1 4226.0
82 1 7037.0
83 1 5152.0
84 1 5644.0
85 1 5096.0
86 1 6027.0
87 1 4150.0
88 1 5411.0
89 1 6435.0
90 1 5252.0
91 1 3810.0
92 1 5189.0
93 1 4862.0
94 1 5876.0
95 1 7704.0
96 1 3859.0
97 1 4685.0
98 1 7633.0
99 1 5533.0
100 1 3280.0
101 1 5004.0
102 1 3344.0
103 1 5341.0
104 1 4473.0
105 1 6306.0
106 1 3741.0
107 1 5654.0
108 1 6836.0
109 1 7269.0
110 1 2313.0
111 1 5854.0
112 1 5174.0
113 1 5542.0
114 1 6526.0
115 1 2717.0
116 1 5625.0
117 1 5297.0
118 1 4748.0
119 1 6085.0
120 1 3988.0
121 1 4303.0
122 1 4628.0
123 1 4987.0
124 1 5171.0
125 1 4471.0
126 1 5276.0
127 1 3655.0
128 1 4752.0
129 1 738.0
130 1 4043.0
131 1 3108.0
132 1 2147.0
133 1 6077.0
134 1 3104.0
135 1 5192.0
136 1 5116.0
137 1 4045.0
138 1 5820.0
139 1 4432.0
140 1 5104.0
141 1 5650.0
142 1 2775.0
143 1 7299.0
144 1 3963.0
145 1 5323.0
146 1 6812.0
147 1 2639.0
148 1 6646.0
149 1 6515.0
150 1 4131.0
151 1 4950.0
152 1 3072.0
153 1 5511.0
154 1 4888.0
155 1 6346.0
156 1 5332.0
157 1 5715.0
158 1 4355.0
159 1 6207.0
160 1 2836.0
161 1 5393.0
