0.1000 4 0.0
0.2000 4 450.88768
0.3000 4 18129.87904
0.4000 4 27472.6912
0.5000 4 27200.06144
0.6000 4 26570.91584
0.7000 4 26812.08832
0.8000 4 27042.77504
0.9000 4 26476.544
1.0000 4 27042.77504
1.1000 4 26801.60256
1.2000 4 24725.42208
1.3000 4 24395.12064
1.4000 4 18266.19392
1.5000 4 13117.68576
1.6000 4 5662.3104
1.7000 4 6511.65696
1.8000 4 5384.43776
1.9000 4 7916.7488
2.0000 4 7853.83424
2.1000 4 7895.77728
2.2000 4 7895.77728
2.3000 4 16305.3568
2.4000 4 22324.18304
2.5000 4 23194.50112
2.6000 4 17553.16224
2.7000 4 26696.74496
2.8000 4 31944.86784
2.9000 4 19891.48672
3.0000 4 19146.99776
3.1000 4 19723.71456
3.2000 4 24840.76544
3.3000 4 26812.08832
3.4000 4 26403.14368
3.5000 4 26314.01472
3.6000 4 22974.30016
3.7000 4 19493.02784
3.8000 4 11219.7632
3.9000 4 8042.57792
4.0000 4 7717.51936
4.1000 4 11251.22048
4.2000 4 14087.61856
4.3000 4 7371.48928
4.4000 4 7591.69024
4.5000 4 13568.57344
4.6000 4 17437.81888
4.7000 4 21170.74944
4.8000 4 23760.73216
4.9000 4 23446.15936
5.0000 4 24285.02016
5.1000 4 24085.79072
5.2000 4 24683.47904
5.3000 4 24479.00672
5.4000 4 19860.02944
5.5000 4 18098.42176
5.6000 4 18544.06656
5.7000 4 16944.98816
5.8000 4 19461.57056
5.9000 4 17841.52064
6.0000 4 15576.59648
6.1000 4 13421.7728
6.2000 4 13411.28704
6.3000 4 12771.65568
6.4000 4 15288.23808
6.5000 4 22030.58176
6.6000 4 25616.71168
6.7000 4 25763.51232
6.8000 4 25742.5408
6.9000 4 25616.71168
7.0000 4 25265.43872
7.1000 4 17521.70496
7.2000 4 17023.63136
7.3000 4 10255.07328
7.4000 4 10506.73152
7.5000 4 11838.42304
7.6000 4 11408.50688
7.7000 4 13112.44288
7.8000 4 14292.09088
7.9000 4 15649.9968
8.0000 4 15927.86944
8.1000 4 17584.61952
8.2000 4 17878.2208
8.3000 4 22282.24
8.4000 4 23697.8176
8.5000 4 24536.6784
8.6000 4 24431.8208
8.7000 4 24526.19264
8.8000 4 24368.90624
8.9000 4 24164.43392
9.0000 4 21401.43616
9.1000 4 14915.9936
9.2000 4 11623.46496
9.3000 4 8157.92128
9.4000 4 4917.82144
9.5000 4 7308.57472
9.6000 4 11639.1936
9.7000 4 13306.42944
9.8000 4 18496.88064
9.9000 4 24395.12064
10.0000 4 19566.42816
10.1000 4 19608.3712
10.2000 4 19513.99936
10.3000 4 22649.2416
10.4000 4 26078.08512
10.5000 4 26329.74336
10.6000 4 26549.94432
10.7000 4 26471.30112
10.8000 4 22628.27008
10.9000 4 20798.50496
11.0000 4 14098.10432
11.1000 4 6543.11424
11.2000 4 11188.30592
11.3000 4 13421.7728
11.4000 4 13495.17312
11.5000 4 11864.63744
11.6000 4 10223.616
11.7000 4 18559.7952
11.8000 4 18559.7952
11.9000 4 21453.86496
12.0000 4 23446.15936
12.1000 4 23697.8176
12.2000 4 23865.58976
12.3000 4 23110.61504
12.4000 4 20887.63392
12.5000 4 24452.79232
12.6000 4 27089.96096
12.7000 4 11623.46496
12.8000 4 11665.408
12.9000 4 4844.42112
13.0000 4 5001.70752
13.1000 4 5232.39424
13.2000 4 5400.1664
13.3000 4 12016.68096
13.4000 4 15047.0656
13.5000 4 26728.20224
13.6000 4 22276.99712
13.7000 4 19996.34432
13.8000 4 19545.45664
13.9000 4 20258.48832
14.0000 4 21181.2352
14.1000 4 24337.44896
14.2000 4 23980.93312
14.3000 4 24085.79072
14.4000 4 24227.34848
14.5000 4 23671.6032
14.6000 4 14438.89152
14.7000 4 12189.696
14.8000 4 7077.888
14.9000 4 7277.11744
15.0000 4 7035.94496
15.1000 4 6941.57312
15.2000 4 6805.25824
15.3000 4 6731.85792
15.4000 4 5373.952
15.5000 4 15571.3536
15.6000 4 20415.77472
15.7000 4 20164.11648
15.8000 4 19555.9424
15.9000 4 21946.69568
16.0000 4 24264.04864
16.1000 4 24358.42048
16.2000 4 24578.62144
16.3000 4 24788.33664
16.4000 4 24389.87776
16.5000 4 24720.1792
16.6000 4 20578.304
16.7000 4 14947.45088
16.8000 4 8734.63808
16.9000 4 6606.0288
17.0000 4 6616.51456
17.1000 4 6564.08576
17.2000 4 9814.67136
17.3000 4 13683.9168
17.4000 4 11843.66592
17.5000 4 17416.84736
17.6000 4 18727.56736
17.7000 4 18779.99616
17.8000 4 19964.88704
17.9000 4 22890.41408
18.0000 4 22156.41088
18.1000 4 22345.15456
18.2000 4 22334.6688
18.3000 4 22297.96864
18.4000 4 17018.38848
18.5000 4 17196.6464
18.6000 4 18056.47872
18.7000 4 18890.09664
18.8000 4 16714.30144
18.9000 4 16924.01664
19.0000 4 17002.65984
19.1000 4 14543.74912
19.2000 4 16682.84416
19.3000 4 17899.19232
19.4000 4 20211.3024
19.5000 4 19692.25728
19.6000 4 9940.50048
19.7000 4 6448.7424
19.8000 4 27074.23232
19.9000 4 29978.78784
20.0000 4 28159.50848
20.1000 4 20772.29056
20.2000 4 18350.08
20.3000 4 18302.89408
20.4000 4 16200.4992
20.5000 4 19566.42816
20.6000 4 18245.2224
20.7000 4 25957.49888
20.8000 4 20457.71776
20.9000 4 19692.25728
21.0000 4 19954.40128
21.1000 4 19508.75648
21.2000 4 15277.75232
21.3000 4 14323.54816
21.4000 4 11167.3344
21.5000 4 7465.86112
21.6000 4 9667.87072
21.7000 4 9363.78368
