0.1000 4 0.0
0.2000 4 450.88768
0.3000 4 21569.20832
0.4000 4 25438.45376
0.5000 4 24788.33664
0.6000 4 24410.84928
0.7000 4 24746.3936
0.8000 4 24903.68
0.9000 4 24851.2512
1.0000 4 25029.50912
1.1000 4 25113.3952
1.2000 4 25186.79552
1.3000 4 23713.54624
1.4000 4 17039.36
1.5000 4 16457.40032
1.6000 4 13814.9888
1.7000 4 8231.3216
1.8000 4 11864.63744
1.9000 4 5955.91168
2.0000 4 7119.83104
2.1000 4 7780.43392
2.2000 4 7822.37696
2.3000 4 9007.26784
2.4000 4 15686.69696
2.5000 4 21726.49472
2.6000 4 24180.16256
2.7000 4 24945.62304
2.8000 4 24882.70848
2.9000 4 21626.88
3.0000 4 19178.45504
3.1000 4 19388.17024
3.2000 4 19115.54048
3.3000 4 24264.04864
3.4000 4 25417.48224
3.5000 4 20022.55872
3.6000 4 17390.63296
3.7000 4 12383.68256
3.8000 4 12383.68256
3.9000 4 13883.14624
4.0000 4 19807.60064
4.1000 4 22020.096
4.2000 4 23362.27328
4.3000 4 23383.2448
4.4000 4 13086.22848
4.5000 4 12016.68096
4.6000 4 11922.30912
4.7000 4 12142.51008
4.8000 4 12079.59552
4.9000 4 12184.45312
5.0000 4 21401.43616
5.1000 4 22701.6704
5.2000 4 22811.77088
5.3000 4 19230.88384
5.4000 4 17778.60608
5.5000 4 11471.42144
5.6000 4 11869.88032
5.7000 4 16169.04192
5.8000 4 18339.59424
5.9000 4 23341.30176
6.0000 4 24788.33664
6.1000 4 22423.79776
6.2000 4 19094.56896
6.3000 4 18832.42496
6.4000 4 19629.34272
6.5000 4 23771.21792
6.6000 4 24903.68
6.7000 4 24950.86592
6.8000 4 21579.69408
6.9000 4 16855.8592
7.0000 4 14475.59168
7.1000 4 7392.4608
7.2000 4 9688.84224
7.3000 4 12194.93888
7.4000 4 13170.11456
7.5000 4 12561.94048
7.6000 4 13505.65888
7.7000 4 9002.02496
7.8000 4 8346.66496
7.9000 4 12509.51168
8.0000 4 21390.9504
8.1000 4 24305.99168
8.2000 4 24096.27648
8.3000 4 23918.01856
8.4000 4 24625.80736
8.5000 4 19566.42816
8.6000 4 20216.54528
8.7000 4 19996.34432
8.8000 4 19587.39968
8.9000 4 23068.672
9.0000 4 22874.68544
9.1000 4 15922.62656
9.2000 4 14008.97536
9.3000 4 13568.57344
9.4000 4 14050.9184
9.5000 4 7733.248
9.6000 4 11083.44832
9.7000 4 12341.73952
9.8000 4 16714.30144
9.9000 4 18350.08
10.0000 4 19199.42656
10.1000 4 19671.28576
10.2000 4 21107.83488
10.3000 4 23530.04544
10.4000 4 23021.48608
10.5000 4 18371.05152
10.6000 4 19094.56896
10.7000 4 15555.62496
10.8000 4 13662.94528
10.9000 4 16976.44544
11.0000 4 17437.81888
11.1000 4 20074.98752
11.2000 4 23372.75904
11.3000 4 23404.21632
11.4000 4 23750.2464
11.5000 4 24017.63328
11.6000 4 20195.57376
11.7000 4 20059.25888
11.8000 4 20405.28896
11.9000 4 20688.40448
12.0000 4 23262.65856
12.1000 4 18502.12352
12.2000 4 13390.31552
12.3000 4 13505.65888
12.4000 4 13379.82976
12.5000 4 14680.064
12.6000 4 20289.9456
12.7000 4 23828.8896
12.8000 4 19241.3696
12.9000 4 19828.57216
13.0000 4 20541.60384
13.1000 4 19419.62752
13.2000 4 23121.1008
13.3000 4 24279.77728
13.4000 4 20761.8048
13.5000 4 26445.08672
13.6000 4 26371.6864
13.7000 4 26922.1888
13.8000 4 17631.80544
13.9000 4 14155.776
14.0000 4 14166.26176
14.1000 4 14197.71904
14.2000 4 14187.23328
14.3000 4 14344.51968
14.4000 4 20746.07616
14.5000 4 22628.27008
14.6000 4 18019.77856
14.7000 4 14271.11936
14.8000 4 17542.67648
14.9000 4 19325.25568
15.0000 4 21170.74944
15.1000 4 26717.71648
15.2000 4 26812.08832
15.3000 4 26665.28768
15.4000 4 27074.23232
15.5000 4 24405.6064
15.6000 4 16530.80064
15.7000 4 14176.74752
15.8000 4 14103.3472
15.9000 4 14155.776
16.0000 4 12441.35424
16.1000 4 15802.04032
16.2000 4 17747.1488
16.3000 4 13704.88832
16.4000 4 14197.71904
16.5000 4 14197.71904
16.6000 4 16724.7872
16.7000 4 21705.5232
16.8000 4 24714.93632
16.9000 4 26172.45696
17.0000 4 26382.17216
17.1000 4 21008.22016
17.2000 4 19167.96928
17.3000 4 19566.42816
17.4000 4 20630.7328
17.5000 4 19293.7984
17.6000 4 18329.10848
17.7000 4 19419.62752
17.8000 4 15419.31008
17.9000 4 16001.26976
18.0000 4 16640.90112
18.1000 4 17993.56416
18.2000 4 24337.44896
18.3000 4 24568.13568
18.4000 4 21878.53824
18.5000 4 22518.1696
18.6000 4 15812.52608
18.7000 4 14396.94848
18.8000 4 19597.88544
18.9000 4 22324.18304
19.0000 4 26036.14208
19.1000 4 27928.82176
19.2000 4 20074.98752
19.3000 4 14459.86304
19.4000 4 14407.43424
19.5000 4 14407.43424
19.6000 4 14323.54816
19.7000 4 17815.30624
19.8000 4 24987.56608
19.9000 4 23461.888
20.0000 4 0.0
20.1000 4 19283.31264
20.2000 4 22371.36896
20.3000 4 17270.04672
20.4000 4 4099.93216
20.5000 4 0.0
20.6000 4 209.7152
20.7000 4 419.4304
20.8000 4 17825.792
20.9000 4 19765.6576
21.0000 4 15550.38208
21.1000 4 13007.58528
21.2000 4 7161.77408
21.3000 4 6343.8848
21.4000 4 3507.48672
