0.1000 4 0.0
0.2000 4 482.34496
0.3000 4 16588.47232
0.4000 4 25427.968
0.5000 4 26644.31616
0.6000 4 26633.8304
0.7000 4 25931.28448
0.8000 4 25207.76704
0.9000 4 23173.5296
1.0000 4 23519.55968
1.1000 4 23855.104
1.2000 4 24568.13568
1.3000 4 25669.14048
1.4000 4 13626.24512
1.5000 4 21102.592
1.6000 4 13096.71424
1.7000 4 12451.84
1.8000 4 7397.70368
1.9000 4 12907.97056
2.0000 4 8042.57792
2.1000 4 7906.26304
2.2000 4 11209.27744
2.3000 4 13295.94368
2.4000 4 15288.23808
2.5000 4 17070.81728
2.6000 4 25396.51072
2.7000 4 26109.5424
2.8000 4 25501.36832
2.9000 4 25642.92608
3.0000 4 26424.1152
3.1000 4 23414.70208
3.2000 4 21023.9488
3.3000 4 27053.2608
3.4000 4 26272.07168
3.5000 4 23115.85792
3.6000 4 15151.9232
3.7000 4 14355.00544
3.8000 4 8802.79552
3.9000 4 9825.15712
4.0000 4 13851.68896
4.1000 4 14040.43264
4.2000 4 18538.82368
4.3000 4 22570.5984
4.4000 4 19881.00096
4.5000 4 18486.39488
4.6000 4 18779.99616
4.7000 4 20510.14656
4.8000 4 26549.94432
4.9000 4 27525.12
5.0000 4 25899.8272
5.1000 4 24982.3232
5.2000 4 23807.91808
5.3000 4 15707.66848
5.4000 4 14973.66528
5.5000 4 14543.74912
5.6000 4 18025.02144
5.7000 4 19781.38624
5.8000 4 18234.73664
5.9000 4 15440.2816
6.0000 4 11985.22368
6.1000 4 12352.22528
6.2000 4 14711.52128
6.3000 4 20080.2304
6.4000 4 24064.8192
6.5000 4 25679.62624
6.6000 4 25899.8272
6.7000 4 26025.65632
6.8000 4 25443.69664
6.9000 4 19901.97248
7.0000 4 19335.74144
7.1000 4 19770.90048
7.2000 4 18575.52384
7.3000 4 20415.77472
7.4000 4 15162.40896
7.5000 4 14910.75072
7.6000 4 14989.39392
7.7000 4 13033.79968
7.8000 4 13652.45952
7.9000 4 18150.85056
8.0000 4 21506.29376
8.1000 4 26791.1168
8.2000 4 27614.24896
8.3000 4 19985.85856
8.4000 4 19388.17024
8.5000 4 19954.40128
8.6000 4 23184.01536
8.7000 4 27839.6928
8.8000 4 27813.4784
8.9000 4 23383.2448
9.0000 4 22769.82784
9.1000 4 16190.01344
9.2000 4 15193.86624
9.3000 4 16247.68512
9.4000 4 14480.83456
9.5000 4 14407.43424
9.6000 4 22182.62528
9.7000 4 15414.0672
9.8000 4 17007.90272
9.9000 4 20164.11648
10.0000 4 21579.69408
10.1000 4 25742.5408
10.2000 4 25679.62624
10.3000 4 23005.75744
10.4000 4 20048.77312
10.5000 4 20069.74464
10.6000 4 19922.944
10.7000 4 12488.54016
10.8000 4 12142.51008
10.9000 4 15823.01184
11.0000 4 16588.47232
11.1000 4 21002.97728
11.2000 4 23613.93152
11.3000 4 21941.4528
11.4000 4 17600.34816
11.5000 4 15246.29504
11.6000 4 15823.01184
11.7000 4 14784.9216
11.8000 4 13243.51488
11.9000 4 14396.94848
12.0000 4 21542.99392
12.1000 4 20195.57376
12.2000 4 20012.07296
12.3000 4 14585.69216
12.4000 4 13694.40256
12.5000 4 17962.10688
12.6000 4 18748.53888
12.7000 4 23624.41728
12.8000 4 25029.50912
12.9000 4 25941.77024
13.0000 4 25758.26944
13.1000 4 21065.89184
13.2000 4 19419.62752
13.3000 4 19912.45824
13.4000 4 22491.9552
13.5000 4 26927.43168
13.6000 4 26083.328
13.7000 4 20646.46144
13.8000 4 10380.9024
13.9000 4 8283.7504
14.0000 4 8241.80736
14.1000 4 10307.50208
14.2000 4 15707.66848
14.3000 4 15581.83936
14.4000 4 13835.96032
14.5000 4 14837.3504
14.6000 4 20940.06272
14.7000 4 20615.00416
14.8000 4 21684.55168
14.9000 4 26791.1168
15.0000 4 26193.42848
15.1000 4 26990.34624
15.2000 4 23084.40064
15.3000 4 20982.00576
15.4000 4 20499.6608
15.5000 4 20216.54528
15.6000 4 24028.11904
15.7000 4 19823.32928
15.8000 4 13683.9168
15.9000 4 13589.54496
16.0000 4 13495.17312
16.1000 4 13558.08768
16.2000 4 12116.29568
16.3000 4 15277.75232
16.4000 4 19996.34432
16.5000 4 20027.8016
16.6000 4 22900.89984
16.7000 4 23797.43232
16.8000 4 19367.19872
16.9000 4 20489.17504
17.0000 4 20824.71936
17.1000 4 25732.05504
17.2000 4 26235.37152
17.3000 4 26282.55744
17.4000 4 18066.96448
17.5000 4 18381.53728
17.6000 4 15702.4256
17.7000 4 16819.15904
17.8000 4 19430.11328
17.9000 4 21259.8784
18.0000 4 21369.97888
18.1000 4 20132.6592
18.2000 4 19964.88704
18.3000 4 17726.17728
18.4000 4 16294.87104
18.5000 4 27252.49024
18.6000 4 22995.27168
18.7000 4 26355.95776
18.8000 4 22282.24
18.9000 4 20206.05952
19.0000 4 20478.68928
19.1000 4 21128.8064
19.2000 4 22612.54144
19.3000 4 19314.76992
19.4000 4 14884.53632
19.5000 4 11890.85184
19.6000 4 12048.13824
19.7000 4 12079.59552
19.8000 4 10438.57408
19.9000 4 7707.0336
20.0000 4 7801.40544
20.1000 4 8168.40704
20.2000 4 8241.80736
20.3000 4 8231.3216
20.4000 4 2742.02624
