0.1000 4 0.0
0.2000 4 408.94464
0.3000 4 20677.91872
0.4000 4 30775.7056
0.5000 4 28993.1264
0.6000 4 29664.21504
0.7000 4 29643.24352
0.8000 4 29003.61216
0.9000 4 28793.89696
1.0000 4 28468.8384
1.1000 4 29349.64224
1.2000 4 27776.77824
1.3000 4 26450.3296
1.4000 4 15796.79744
1.5000 4 6018.82624
1.6000 4 0.0
1.7000 4 0.0
1.8000 4 0.0
1.9000 4 0.0
2.0000 4 0.0
2.1000 4 0.0
2.2000 4 723.51744
2.3000 4 8514.43712
2.4000 4 8399.09376
2.5000 4 12845.056
2.6000 4 17133.73184
2.7000 4 25952.256
2.8000 4 25658.65472
2.9000 4 25983.71328
3.0000 4 26004.6848
3.1000 4 26287.80032
3.2000 4 25899.8272
3.3000 4 26057.1136
3.4000 4 25994.19904
3.5000 4 25275.92448
3.6000 4 19173.21216
3.7000 4 14375.97696
3.8000 4 12111.0528
3.9000 4 0.0
4.0000 4 0.0
4.1000 4 3061.84192
4.2000 4 8388.608
4.3000 4 8252.29312
4.4000 4 8283.7504
4.5000 4 8252.29312
4.6000 4 8304.72192
4.7000 4 13946.0608
4.8000 4 15109.98016
4.9000 4 18779.99616
5.0000 4 24410.84928
5.1000 4 21941.4528
5.2000 4 16640.90112
5.3000 4 17070.81728
5.4000 4 17028.87424
5.5000 4 18884.85376
5.6000 4 22523.41248
5.7000 4 22418.55488
5.8000 4 22376.61184
5.9000 4 22282.24
6.0000 4 22481.46944
6.1000 4 19739.4432
6.2000 4 16048.45568
6.3000 4 12824.08448
6.4000 4 12200.18176
6.5000 4 6029.312
6.6000 4 6752.82944
6.7000 4 12845.056
6.8000 4 12792.6272
6.9000 4 10438.57408
7.0000 4 11471.42144
7.1000 4 14596.17792
7.2000 4 19901.97248
7.3000 4 21925.72416
7.4000 4 25994.19904
7.5000 4 28405.92384
7.6000 4 27913.09312
7.7000 4 27619.49184
7.8000 4 25548.55424
7.9000 4 19335.74144
8.0000 4 19755.17184
8.1000 4 20316.16
8.2000 4 16231.95648
8.3000 4 20856.17664
8.4000 4 20195.57376
8.5000 4 8713.66656
8.6000 4 14260.6336
8.7000 4 13673.43104
8.8000 4 13652.45952
8.9000 4 13914.60352
9.0000 4 14040.43264
9.1000 4 14082.37568
9.2000 4 23037.21472
9.3000 4 26287.80032
9.4000 4 22140.68224
9.5000 4 18696.11008
9.6000 4 18748.53888
9.7000 4 17789.09184
9.8000 4 17689.47712
9.9000 4 19629.34272
10.0000 4 19576.91392
10.1000 4 21380.46464
10.2000 4 23121.1008
10.3000 4 22796.04224
10.4000 4 24106.76224
10.5000 4 19068.35456
10.6000 4 17705.20576
10.7000 4 14407.43424
10.8000 4 14543.74912
10.9000 4 12766.4128
11.0000 4 13180.60032
11.1000 4 13956.54656
11.2000 4 13652.45952
11.3000 4 17720.9344
11.4000 4 19288.55552
11.5000 4 18580.76672
11.6000 4 18738.05312
11.7000 4 18905.82528
11.8000 4 21296.57856
11.9000 4 24798.8224
12.0000 4 24945.62304
12.1000 4 23776.4608
12.2000 4 17815.30624
12.3000 4 17374.90432
12.4000 4 18045.99296
12.5000 4 20877.14816
12.6000 4 19907.21536
12.7000 4 19367.19872
12.8000 4 15167.65184
12.9000 4 12761.16992
13.0000 4 14292.09088
13.1000 4 18627.95264
13.2000 4 13830.71744
13.3000 4 17731.42016
13.4000 4 20216.54528
13.5000 4 20646.46144
13.6000 4 25228.73856
13.7000 4 26937.91744
13.8000 4 27011.31776
13.9000 4 23367.51616
14.0000 4 20352.86016
14.1000 4 20578.304
14.2000 4 14029.94688
14.3000 4 15057.55136
14.4000 4 15639.51104
14.5000 4 11670.65088
14.6000 4 12530.4832
14.7000 4 19891.48672
14.8000 4 18166.5792
14.9000 4 14229.17632
15.0000 4 18937.28256
15.1000 4 19985.85856
15.2000 4 20478.68928
15.3000 4 22450.01216
15.4000 4 24903.68
15.5000 4 24683.47904
15.6000 4 24935.13728
15.7000 4 24159.19104
15.8000 4 13904.11776
15.9000 4 14271.11936
16.0000 4 14491.32032
16.1000 4 10658.77504
16.2000 4 7056.91648
16.3000 4 6752.82944
16.4000 4 7801.40544
16.5000 4 16819.15904
16.6000 4 17395.87584
16.7000 4 22161.65376
16.8000 4 20782.77632
16.9000 4 20310.91712
17.0000 4 21432.89344
17.1000 4 21443.3792
17.2000 4 24421.33504
17.3000 4 26004.6848
17.4000 4 25690.112
17.5000 4 25522.33984
17.6000 4 25847.3984
17.7000 4 15057.55136
17.8000 4 7859.07712
17.9000 4 7413.43232
18.0000 4 7549.7472
18.1000 4 7476.34688
18.2000 4 7308.57472
18.3000 4 7361.00352
18.4000 4 7539.26144
18.5000 4 3025.14176
18.6000 4 10433.3312
18.7000 4 17028.87424
18.8000 4 20006.83008
18.9000 4 21548.2368
19.0000 4 26466.05824
19.1000 4 27525.12
19.2000 4 26770.14528
19.3000 4 27221.03296
19.4000 4 27116.17536
19.5000 4 26759.65952
19.6000 4 27619.49184
19.7000 4 26843.5456
19.8000 4 19126.02624
19.9000 4 933.23264
20.0000 4 62.91456
20.1000 4 1892.67968
20.2000 4 0.0
20.3000 4 0.0
20.4000 4 9112.12544
20.5000 4 12200.18176
20.6000 4 10989.07648
20.7000 4 10622.07488
20.8000 4 16137.58464
20.9000 4 20216.54528
21.0000 4 20300.43136
21.1000 4 21002.97728
21.2000 4 22083.01056
21.3000 4 23299.35872
21.4000 4 20740.83328
21.5000 4 31132.22144
21.6000 4 22041.06752
21.7000 4 19954.40128
21.8000 4 22020.096
21.9000 4 17626.56256
22.0000 4 20672.67584
22.1000 4 9604.95616
22.2000 4 7198.47424
22.3000 4 6595.54304
