0.1000 4 0.0
0.2000 4 367.0016
0.3000 4 21705.5232
0.4000 4 29370.61376
0.5000 4 29014.09792
0.6000 4 29108.46976
0.7000 4 28405.92384
0.8000 4 28846.32576
0.9000 4 29014.09792
1.0000 4 28930.21184
1.1000 4 24285.02016
1.2000 4 27420.2624
1.3000 4 31090.2784
1.4000 4 25836.91264
1.5000 4 3869.24544
1.6000 4 136.31488
1.7000 4 157.2864
1.8000 4 73.40032
1.9000 4 0.0
2.0000 4 73.40032
2.1000 4 0.0
2.2000 4 73.40032
2.3000 4 83.88608
2.4000 4 13757.31712
2.5000 4 28668.06784
2.6000 4 28238.15168
2.7000 4 27567.06304
2.8000 4 29087.49824
2.9000 4 28280.09472
3.0000 4 28447.86688
3.1000 4 28615.63904
3.2000 4 28636.61056
3.3000 4 28322.03776
3.4000 4 29213.32736
3.5000 4 18051.23584
3.6000 4 9463.3984
3.7000 4 0.0
3.8000 4 83.88608
3.9000 4 0.0
4.0000 4 94.37184
4.1000 4 83.88608
4.2000 4 0.0
4.3000 4 0.0
4.4000 4 8157.92128
4.5000 4 15854.46912
4.6000 4 25889.34144
4.7000 4 30953.96352
4.8000 4 28772.92544
4.9000 4 29685.18656
5.0000 4 18738.05312
5.1000 4 32830.91456
5.2000 4 32002.53952
5.3000 4 29003.61216
5.4000 4 29087.49824
5.5000 4 24248.32
5.6000 4 17427.33312
5.7000 4 3759.14496
5.8000 4 62.91456
5.9000 4 0.0
6.0000 4 3282.04288
6.1000 4 7874.80576
6.2000 4 7843.34848
6.3000 4 5567.93856
6.4000 4 6952.05888
6.5000 4 16777.216
6.6000 4 27598.52032
6.7000 4 27315.4048
6.8000 4 26749.17376
6.9000 4 27399.29088
7.0000 4 27304.91904
7.1000 4 24783.09376
7.2000 4 19776.14336
7.3000 4 20132.6592
7.4000 4 20913.84832
7.5000 4 24337.44896
7.6000 4 17568.89088
7.7000 4 13579.0592
7.8000 4 13495.17312
7.9000 4 13474.2016
8.0000 4 16777.216
8.1000 4 24132.97664
8.2000 4 24903.68
8.3000 4 20719.86176
8.4000 4 20730.34752
8.5000 4 19865.27232
8.6000 4 15476.98176
8.7000 4 19272.82688
8.8000 4 19230.88384
8.9000 4 25354.56768
9.0000 4 25684.86912
9.1000 4 21380.46464
9.2000 4 18937.28256
9.3000 4 15136.19456
9.4000 4 13295.94368
9.5000 4 13222.54336
9.6000 4 19367.19872
9.7000 4 23414.70208
9.8000 4 28343.00928
9.9000 4 29276.24192
10.0000 4 25139.6096
10.1000 4 17862.49216
10.2000 4 7853.83424
10.3000 4 11062.4768
10.4000 4 16273.89952
10.5000 4 20017.31584
10.6000 4 24442.30656
10.7000 4 24452.79232
10.8000 4 22041.06752
10.9000 4 22712.15616
11.0000 4 13264.4864
11.1000 4 13872.66048
11.2000 4 13830.71744
11.3000 4 13851.68896
11.4000 4 13925.08928
11.5000 4 19618.85696
11.6000 4 23052.94336
11.7000 4 18984.46848
11.8000 4 14638.12096
11.9000 4 13652.45952
12.0000 4 13379.82976
12.1000 4 18108.90752
12.2000 4 23592.96
12.3000 4 26445.08672
12.4000 4 26712.4736
12.5000 4 23792.18944
12.6000 4 18412.99456
12.7000 4 18496.88064
12.8000 4 19461.57056
12.9000 4 22523.41248
13.0000 4 24672.99328
13.1000 4 26602.37312
13.2000 4 21841.83808
13.3000 4 17049.84576
13.4000 4 13526.6304
13.5000 4 11602.49344
13.6000 4 20562.57536
13.7000 4 22733.12768
13.8000 4 24866.97984
13.9000 4 26623.34464
14.0000 4 21978.15296
14.1000 4 21957.18144
14.2000 4 22712.15616
14.3000 4 29402.07104
14.4000 4 29412.5568
14.5000 4 30005.00224
14.6000 4 26623.34464
14.7000 4 17170.432
14.8000 4 15089.00864
14.9000 4 14947.45088
15.0000 4 8619.29472
15.1000 4 12530.4832
15.2000 4 16258.17088
15.3000 4 18276.67968
15.4000 4 18811.45344
15.5000 4 21548.2368
15.6000 4 22303.21152
15.7000 4 29444.01408
15.8000 4 29852.95872
15.9000 4 29643.24352
16.0000 4 29601.30048
16.1000 4 29596.0576
16.2000 4 25679.62624
16.3000 4 21894.26688
16.4000 4 16016.9984
16.5000 4 14265.87648
16.6000 4 12745.44128
16.7000 4 11020.53376
16.8000 4 7937.72032
16.9000 4 13757.31712
17.0000 4 15288.23808
17.1000 4 15476.98176
17.2000 4 21044.92032
17.3000 4 23918.01856
17.4000 4 26560.43008
17.5000 4 26560.43008
17.6000 4 24594.35008
17.7000 4 19440.59904
17.8000 4 19587.39968
17.9000 4 19031.6544
18.0000 4 20169.35936
18.1000 4 20038.28736
18.2000 4 20153.63072
18.3000 4 22738.37056
18.4000 4 19293.7984
18.5000 4 19440.59904
18.6000 4 20111.68768
18.7000 4 20310.91712
18.8000 4 23163.04384
18.9000 4 23404.21632
19.0000 4 19608.3712
19.1000 4 11219.7632
19.2000 4 11481.9072
19.3000 4 11492.39296
19.4000 4 7083.13088
19.5000 4 5096.07936
19.6000 4 15592.32512
19.7000 4 21034.43456
19.8000 4 21097.34912
19.9000 4 20866.6624
20.0000 4 20950.54848
20.1000 4 21118.32064
20.2000 4 21013.46304
20.3000 4 17469.27616
20.4000 4 17280.53248
20.5000 4 19005.44
20.6000 4 7528.77568
