0.1000 4 0.0
0.2000 4 367.0016
0.3000 4 24064.8192
0.4000 4 27766.29248
0.5000 4 27913.09312
0.6000 4 27325.89056
0.7000 4 26015.17056
0.8000 4 25784.48384
0.9000 4 23582.47424
1.0000 4 19199.42656
1.1000 4 22953.32864
1.2000 4 21852.32384
1.3000 4 24725.42208
1.4000 4 19550.69952
1.5000 4 18108.90752
1.6000 4 17196.6464
1.7000 4 12263.09632
1.8000 4 9321.84064
1.9000 4 7088.37376
2.0000 4 7560.23296
2.1000 4 7822.37696
2.2000 4 7822.37696
2.3000 4 7832.86272
2.4000 4 12362.71104
2.5000 4 15005.12256
2.6000 4 19650.31424
2.7000 4 21369.97888
2.8000 4 18774.75328
2.9000 4 15445.52448
3.0000 4 15414.0672
3.1000 4 15697.18272
3.2000 4 21317.55008
3.3000 4 21600.6656
3.4000 4 21716.00896
3.5000 4 21946.69568
3.6000 4 22062.03904
3.7000 4 21548.2368
3.8000 4 17610.83392
3.9000 4 18266.19392
4.0000 4 19377.68448
4.1000 4 19435.35616
4.2000 4 18313.37984
4.3000 4 10380.9024
4.4000 4 10302.2592
4.5000 4 7381.97504
4.6000 4 7287.6032
4.7000 4 7193.23136
4.8000 4 7350.51776
4.9000 4 6784.28672
5.0000 4 12236.88192
5.1000 4 20562.57536
5.2000 4 22806.528
5.3000 4 23918.01856
5.4000 4 23294.11584
5.5000 4 19167.96928
5.6000 4 19713.2288
5.7000 4 19692.25728
5.8000 4 22114.46784
5.9000 4 22701.6704
6.0000 4 23551.01696
6.1000 4 21039.67744
6.2000 4 17165.18912
6.3000 4 17065.5744
6.4000 4 17112.76032
6.5000 4 14590.93504
6.6000 4 13641.97376
6.7000 4 13086.22848
6.8000 4 13243.51488
6.9000 4 13180.60032
7.0000 4 13096.71424
7.1000 4 15230.5664
7.2000 4 15665.72544
7.3000 4 16473.12896
7.4000 4 17238.58944
7.5000 4 20436.74624
7.6000 4 21401.43616
7.7000 4 21548.2368
7.8000 4 21307.06432
7.9000 4 18219.008
8.0000 4 14805.89312
8.1000 4 15917.38368
8.2000 4 16431.18592
8.3000 4 21815.62368
8.4000 4 21736.98048
8.5000 4 16431.18592
8.6000 4 16871.58784
8.7000 4 17270.04672
8.8000 4 20310.91712
8.9000 4 18554.55232
9.0000 4 13804.50304
9.1000 4 13065.25696
9.2000 4 13180.60032
9.3000 4 13065.25696
9.4000 4 12782.14144
9.5000 4 18675.13856
9.6000 4 18323.8656
9.7000 4 15885.9264
9.8000 4 15938.3552
9.9000 4 16231.95648
10.0000 4 22853.71392
10.1000 4 20730.34752
10.2000 4 18035.5072
10.3000 4 17364.41856
10.4000 4 18517.85216
10.5000 4 19398.656
10.6000 4 27189.57568
10.7000 4 21453.86496
10.8000 4 20436.74624
10.9000 4 20594.03264
11.0000 4 20054.016
11.1000 4 14050.9184
11.2000 4 13500.416
11.3000 4 11151.60576
11.4000 4 7140.80256
11.5000 4 8808.0384
11.6000 4 14318.30528
11.7000 4 9961.472
11.8000 4 8063.54944
11.9000 4 8011.12064
12.0000 4 12352.22528
12.1000 4 16326.32832
12.2000 4 17291.01824
12.3000 4 20426.26048
12.4000 4 21474.83648
12.5000 4 20625.48992
12.6000 4 19860.02944
12.7000 4 18690.8672
12.8000 4 16179.52768
12.9000 4 16924.01664
13.0000 4 16955.47392
13.1000 4 23687.33184
13.2000 4 23813.16096
13.3000 4 23446.15936
13.4000 4 23692.57472
13.5000 4 22701.6704
13.6000 4 17605.59104
13.7000 4 15031.33696
13.8000 4 8970.56768
13.9000 4 8126.464
14.0000 4 9919.52896
14.1000 4 10333.71648
14.2000 4 7434.40384
14.3000 4 7340.032
14.4000 4 7203.71712
14.5000 4 13683.9168
14.6000 4 13862.17472
14.7000 4 17049.84576
14.8000 4 20950.54848
14.9000 4 21873.29536
15.0000 4 21086.86336
15.1000 4 21868.05248
15.2000 4 21736.98048
15.3000 4 16557.01504
15.4000 4 16557.01504
15.5000 4 16651.38688
15.6000 4 18989.71136
15.7000 4 21768.43776
15.8000 4 21474.83648
15.9000 4 21852.32384
16.0000 4 20725.10464
16.1000 4 19739.4432
16.2000 4 11225.00608
16.3000 4 7717.51936
16.4000 4 7633.63328
16.5000 4 7361.00352
16.6000 4 11639.1936
16.7000 4 13427.01568
16.8000 4 10852.7616
16.9000 4 10045.35808
17.0000 4 17647.53408
17.1000 4 19178.45504
17.2000 4 18832.42496
17.3000 4 21548.2368
17.4000 4 22229.8112
17.5000 4 22229.8112
17.6000 4 21149.77792
17.7000 4 22145.92512
17.8000 4 21223.17824
17.9000 4 21742.22336
18.0000 4 14659.09248
18.1000 4 15241.05216
18.2000 4 13379.82976
18.3000 4 12656.31232
18.4000 4 13332.64384
18.5000 4 12352.22528
18.6000 4 13107.2
18.7000 4 19220.39808
18.8000 4 20095.95904
18.9000 4 20478.68928
19.0000 4 18601.73824
19.1000 4 18580.76672
19.2000 4 19188.9408
19.3000 4 18234.73664
19.4000 4 19472.05632
19.5000 4 18061.7216
19.6000 4 15330.18112
19.7000 4 15487.46752
19.8000 4 15109.98016
19.9000 4 22439.5264
20.0000 4 21972.91008
20.1000 4 20195.57376
20.2000 4 20887.63392
20.3000 4 16771.97312
20.4000 4 20080.2304
20.5000 4 19335.74144
20.6000 4 20206.05952
20.7000 4 23571.98848
20.8000 4 21128.8064
20.9000 4 15912.1408
21.0000 4 14889.7792
21.1000 4 16064.18432
21.2000 4 18072.20736
21.3000 4 20793.26208
21.4000 4 19713.2288
21.5000 4 20206.05952
21.6000 4 19776.14336
21.7000 4 20148.38784
21.8000 4 21485.32224
21.9000 4 20279.45984
22.0000 4 17023.63136
22.1000 4 15193.86624
22.2000 4 15073.28
22.3000 4 7287.6032
22.4000 4 7245.66016
22.5000 4 7633.63328
22.6000 4 7759.4624
22.7000 4 7790.91968
22.8000 4 3339.71456
