0.1000 4 0.0
0.2000 4 429.91616
0.3000 4 16609.44384
0.4000 4 25983.71328
0.5000 4 26235.37152
0.6000 4 26308.77184
0.7000 4 26434.60096
0.8000 4 26403.14368
0.9000 4 26497.51552
1.0000 4 26539.45856
1.1000 4 26518.48704
1.2000 4 26487.02976
1.3000 4 25789.72672
1.4000 4 16315.84256
1.5000 4 5851.05408
1.6000 4 5861.53984
1.7000 4 7319.06048
1.8000 4 8126.464
1.9000 4 4975.49312
2.0000 4 4372.56192
2.1000 4 9416.21248
2.2000 4 18066.96448
2.3000 4 23204.98688
2.4000 4 23781.70368
2.5000 4 31971.08224
2.6000 4 32495.37024
2.7000 4 32421.96992
2.8000 4 32453.4272
2.9000 4 32191.2832
3.0000 4 32437.69856
3.1000 4 24463.27808
3.2000 4 15948.84096
3.3000 4 8032.09216
3.4000 4 5206.17984
3.5000 4 0.0
3.6000 4 4928.3072
3.7000 4 7696.54784
3.8000 4 7570.71872
3.9000 4 7811.8912
4.0000 4 15445.52448
4.1000 4 19702.74304
4.2000 4 25585.2544
4.3000 4 25197.28128
4.4000 4 25459.42528
4.5000 4 25333.59616
4.6000 4 25511.85408
4.7000 4 21207.4496
4.8000 4 16672.3584
4.9000 4 16997.41696
5.0000 4 16384.0
5.1000 4 20216.54528
5.2000 4 20143.14496
5.3000 4 21212.69248
5.4000 4 25794.9696
5.5000 4 21878.53824
5.6000 4 19681.77152
5.7000 4 20174.60224
5.8000 4 22623.0272
5.9000 4 21936.20992
6.0000 4 22156.41088
6.1000 4 16226.7136
6.2000 4 14522.7776
6.3000 4 17741.90592
6.4000 4 18344.83712
6.5000 4 20698.89024
6.6000 4 21265.12128
6.7000 4 23246.92992
6.8000 4 26109.5424
6.9000 4 25973.22752
7.0000 4 25422.72512
7.1000 4 19052.62592
7.2000 4 18958.25408
7.3000 4 19335.74144
7.4000 4 21584.93696
7.5000 4 15120.46592
7.6000 4 15015.60832
7.7000 4 16326.32832
7.8000 4 22261.26848
7.9000 4 20164.11648
8.0000 4 14522.7776
8.1000 4 14596.17792
8.2000 4 14417.92
8.3000 4 14218.69056
8.4000 4 17469.27616
8.5000 4 26266.8288
8.6000 4 26623.34464
8.7000 4 26487.02976
8.8000 4 23608.68864
8.9000 4 17406.3616
9.0000 4 17668.5056
9.1000 4 17390.63296
9.2000 4 22009.61024
9.3000 4 21076.3776
9.4000 4 24520.94976
9.5000 4 20268.97408
9.6000 4 20573.06112
9.7000 4 20588.78976
9.8000 4 17909.67808
9.9000 4 18119.39328
10.0000 4 18056.47872
10.1000 4 17249.0752
10.2000 4 19073.59744
10.3000 4 20074.98752
10.4000 4 23844.61824
10.5000 4 26570.91584
10.6000 4 25621.95456
10.7000 4 19776.14336
10.8000 4 19639.82848
10.9000 4 20143.14496
11.0000 4 25878.85568
11.1000 4 26539.45856
11.2000 4 23357.0304
11.3000 4 20132.6592
11.4000 4 20504.90368
11.5000 4 10286.53056
11.6000 4 11885.60896
11.7000 4 14365.4912
11.8000 4 15476.98176
11.9000 4 22806.528
12.0000 4 19608.3712
12.1000 4 29496.44288
12.2000 4 27289.1904
12.3000 4 20877.14816
12.4000 4 20310.91712
12.5000 4 19996.34432
12.6000 4 20227.03104
12.7000 4 24112.00512
12.8000 4 18528.33792
12.9000 4 18365.80864
13.0000 4 10422.84544
13.1000 4 7906.26304
13.2000 4 0.0
13.3000 4 828.37504
13.4000 4 9416.21248
13.5000 4 10.48576
13.6000 4 33040.62976
13.7000 4 17935.89248
13.8000 4 25291.65312
13.9000 4 26350.71488
14.0000 4 24557.64992
14.1000 4 23834.13248
14.2000 4 23100.12928
14.3000 4 24683.47904
14.4000 4 22916.62848
14.5000 4 2359.296
14.6000 4 482.34496
14.7000 4 73.40032
14.8000 4 1132.46208
14.9000 4 30759.97696
15.0000 4 25800.21248
15.1000 4 15781.0688
15.2000 4 13662.94528
15.3000 4 11356.07808
15.4000 4 14124.31872
15.5000 4 17500.73344
15.6000 4 25648.16896
15.7000 4 26822.57408
15.8000 4 24248.32
15.9000 4 16425.94304
16.0000 4 15487.46752
16.1000 4 20499.6608
16.2000 4 22701.6704
16.3000 4 21999.12448
16.4000 4 25511.85408
16.5000 4 5305.79456
16.6000 4 513.80224
16.7000 4 3502.24384
16.8000 4 0.0
16.9000 4 22009.61024
17.0000 4 22371.36896
17.1000 4 19482.54208
17.2000 4 19115.54048
17.3000 4 17427.33312
17.4000 4 199.22944
17.5000 4 24164.43392
17.6000 4 22429.04064
17.7000 4 20095.95904
17.8000 4 15917.38368
17.9000 4 18675.13856
18.0000 4 15870.19776
18.1000 4 16452.15744
18.2000 4 21128.8064
18.3000 4 21191.72096
18.4000 4 22350.39744
18.5000 4 20856.17664
18.6000 4 19639.82848
18.7000 4 19430.11328
18.8000 4 23393.73056
18.9000 4 26434.60096
19.0000 4 26770.14528
19.1000 4 23692.57472
19.2000 4 19115.54048
19.3000 4 19157.48352
19.4000 4 20546.84672
19.5000 4 20174.60224
19.6000 4 20635.97568
19.7000 4 20363.34592
19.8000 4 14124.31872
19.9000 4 14218.69056
20.0000 4 13327.40096
20.1000 4 9930.01472
20.2000 4 11209.27744
20.3000 4 15130.95168
20.4000 4 15802.04032
20.5000 4 15403.58144
20.6000 4 14931.72224
20.7000 4 9180.28288
20.8000 4 6501.1712
20.9000 4 3717.20192
