0.1000 4 0.0
0.2000 4 419.4304
0.3000 4 20992.49152
0.4000 4 30209.47456
0.5000 4 27221.03296
0.6000 4 27242.00448
0.7000 4 27011.31776
0.8000 4 26256.34304
0.9000 4 26675.77344
1.0000 4 26382.17216
1.1000 4 26654.80192
1.2000 4 29328.67072
1.3000 4 29952.57344
1.4000 4 17773.3632
1.5000 4 7109.34528
1.6000 4 7093.61664
1.7000 4 62.91456
1.8000 4 73.40032
1.9000 4 73.40032
2.0000 4 62.91456
2.1000 4 0.0
2.2000 4 62.91456
2.3000 4 0.0
2.4000 4 1184.89088
2.5000 4 7885.29152
2.6000 4 12048.13824
2.7000 4 20709.376
2.8000 4 25060.9664
2.9000 4 24033.36192
3.0000 4 23571.98848
3.1000 4 24001.90464
3.2000 4 23792.18944
3.3000 4 23456.64512
3.4000 4 23739.76064
3.5000 4 23802.6752
3.6000 4 23687.33184
3.7000 4 19545.45664
3.8000 4 12593.39776
3.9000 4 13054.7712
4.0000 4 12257.85344
4.1000 4 11067.71968
4.2000 4 1032.84736
4.3000 4 62.91456
4.4000 4 62.91456
4.5000 4 73.40032
4.6000 4 3397.38624
4.7000 4 7014.97344
4.8000 4 14008.97536
4.9000 4 18203.27936
5.0000 4 25637.6832
5.1000 4 26151.48544
5.2000 4 26371.6864
5.3000 4 13044.28544
5.4000 4 24966.59456
5.5000 4 24935.13728
5.6000 4 27074.23232
5.7000 4 24253.56288
5.8000 4 13348.37248
5.9000 4 2191.52384
6.0000 4 31032.60672
6.1000 4 20740.83328
6.2000 4 13757.31712
6.3000 4 10297.01632
6.4000 4 4697.62048
6.5000 4 136.31488
6.6000 4 4404.0192
6.7000 4 8629.78048
6.8000 4 8802.79552
6.9000 4 7035.94496
7.0000 4 10664.01792
7.1000 4 16944.98816
7.2000 4 19555.9424
7.3000 4 20950.54848
7.4000 4 31625.05216
7.5000 4 22397.58336
7.6000 4 0.0
7.7000 4 28804.38272
7.8000 4 32783.72864
7.9000 4 26078.08512
8.0000 4 20300.43136
8.1000 4 21967.6672
8.2000 4 20379.07456
8.3000 4 22282.24
8.4000 4 11172.57728
8.5000 4 22822.25664
8.6000 4 5295.3088
8.7000 4 9437.184
8.8000 4 7864.32
8.9000 4 7361.00352
9.0000 4 534.77376
9.1000 4 9636.41344
9.2000 4 7025.4592
9.3000 4 4372.56192
9.4000 4 31908.16768
9.5000 4 10905.1904
9.6000 4 28248.63744
9.7000 4 38052.82304
9.8000 4 33947.648
9.9000 4 22009.61024
10.0000 4 20688.40448
10.1000 4 20635.97568
10.2000 4 22193.11104
10.3000 4 20808.99072
10.4000 4 13568.57344
10.5000 4 12158.23872
10.6000 4 7119.83104
10.7000 4 6899.63008
10.8000 4 7277.11744
10.9000 4 7214.20288
11.0000 4 11848.9088
11.1000 4 14239.66208
11.2000 4 19000.19712
11.3000 4 23005.75744
11.4000 4 24772.608
11.5000 4 23477.61664
11.6000 4 23844.61824
11.7000 4 21621.63712
11.8000 4 20856.17664
11.9000 4 25417.48224
12.0000 4 26334.98624
12.1000 4 23959.9616
12.2000 4 22560.11264
12.3000 4 16536.04352
12.4000 4 14648.60672
12.5000 4 13290.7008
12.6000 4 9416.21248
12.7000 4 13746.83136
12.8000 4 13977.51808
12.9000 4 15351.15264
13.0000 4 21668.82304
13.1000 4 19807.60064
13.2000 4 22533.89824
13.3000 4 22680.69888
13.4000 4 22083.01056
13.5000 4 27462.20544
13.6000 4 29391.58528
13.7000 4 29617.02912
13.8000 4 23488.1024
13.9000 4 21584.93696
14.0000 4 16127.09888
14.1000 4 14150.53312
14.2000 4 11051.99104
14.3000 4 13767.80288
14.4000 4 14092.86144
14.5000 4 13704.88832
14.6000 4 17977.83552
14.7000 4 17406.3616
14.8000 4 17762.87744
14.9000 4 20258.48832
15.0000 4 20059.25888
15.1000 4 21118.32064
15.2000 4 23278.3872
15.3000 4 23765.97504
15.4000 4 21705.5232
15.5000 4 20426.26048
15.6000 4 19786.62912
15.7000 4 15660.48256
15.8000 4 21778.92352
15.9000 4 22072.5248
16.0000 4 21270.36416
16.1000 4 22806.528
16.2000 4 21516.77952
16.3000 4 20169.35936
16.4000 4 17867.73504
16.5000 4 20143.14496
16.6000 4 20782.77632
16.7000 4 19524.48512
16.8000 4 22392.34048
16.9000 4 23603.44576
17.0000 4 18842.91072
17.1000 4 19943.91552
17.2000 4 21044.92032
17.3000 4 16037.96992
17.4000 4 19367.19872
17.5000 4 19036.89728
17.6000 4 12016.68096
17.7000 4 18612.224
17.8000 4 19671.28576
17.9000 4 19220.39808
18.0000 4 26466.05824
18.1000 4 26518.48704
18.2000 4 26560.43008
18.3000 4 26135.7568
18.4000 4 25349.3248
18.5000 4 18371.05152
18.6000 4 15057.55136
18.7000 4 15204.352
18.8000 4 12168.72448
18.9000 4 8042.57792
19.0000 4 7523.5328
19.1000 4 7329.54624
19.2000 4 6826.22976
19.3000 4 8965.3248
19.4000 4 12383.68256
19.5000 4 12383.68256
19.6000 4 12509.51168
19.7000 4 18790.48192
19.8000 4 27283.94752
19.9000 4 25994.19904
20.0000 4 26151.48544
20.1000 4 25831.66976
20.2000 4 21086.86336
20.3000 4 20185.088
20.4000 4 19776.14336
20.5000 4 20310.91712
20.6000 4 27409.77664
20.7000 4 27666.67776
20.8000 4 19073.59744
20.9000 4 7109.34528
21.0000 4 7224.68864
21.1000 4 7109.34528
21.2000 4 6994.00192
21.3000 4 7067.40224
21.4000 4 6805.25824
21.5000 4 11712.59392
21.6000 4 13898.87488
21.7000 4 7707.0336
21.8000 4 14061.40416
21.9000 4 12824.08448
22.0000 4 13191.08608
22.1000 4 14166.26176
22.2000 4 18496.88064
22.3000 4 15256.7808
22.4000 4 15015.60832
22.5000 4 12095.32416
22.6000 4 6889.14432
22.7000 4 7161.77408
22.8000 4 7261.3888
