0.1000 4 0.0
0.2000 4 251.65824
0.3000 4 18979.2256
0.4000 4 25595.74016
0.5000 4 26245.85728
0.6000 4 26099.05664
0.7000 4 26004.6848
0.8000 4 26004.6848
0.9000 4 26130.51392
1.0000 4 26277.31456
1.1000 4 26015.17056
1.2000 4 26203.91424
1.3000 4 23398.97344
1.4000 4 18774.75328
1.5000 4 12320.768
1.6000 4 11429.4784
1.7000 4 10228.85888
1.8000 4 980.41856
1.9000 4 0.0
2.0000 4 7046.43072
2.1000 4 7298.08896
2.2000 4 7434.40384
2.3000 4 7371.48928
2.4000 4 10412.35968
2.5000 4 12446.59712
2.6000 4 12635.3408
2.7000 4 14124.31872
2.8000 4 26403.14368
2.9000 4 26581.4016
3.0000 4 26833.05984
3.1000 4 26403.14368
3.2000 4 27367.8336
3.3000 4 27158.1184
3.4000 4 22208.83968
3.5000 4 15581.83936
3.6000 4 13484.68736
3.7000 4 13080.9856
3.8000 4 5945.42592
3.9000 4 5735.71072
4.0000 4 5536.48128
4.1000 4 11686.37952
4.2000 4 7308.57472
4.3000 4 9982.44352
4.4000 4 13002.3424
4.5000 4 12960.39936
4.6000 4 13264.4864
4.7000 4 20185.088
4.8000 4 20457.71776
4.9000 4 22775.07072
5.0000 4 25836.91264
5.1000 4 26319.2576
5.2000 4 26759.65952
5.3000 4 20777.53344
5.4000 4 22796.04224
5.5000 4 23005.75744
5.6000 4 20793.26208
5.7000 4 12268.3392
5.8000 4 14103.3472
5.9000 4 14260.6336
6.0000 4 14229.17632
6.1000 4 9369.02656
6.2000 4 6889.14432
6.3000 4 6647.97184
6.4000 4 19975.3728
6.5000 4 12079.59552
6.6000 4 15466.496
6.7000 4 31656.50944
6.8000 4 31971.08224
6.9000 4 31520.19456
7.0000 4 30765.21984
7.1000 4 28243.39456
7.2000 4 23907.5328
7.3000 4 24395.12064
7.4000 4 18350.08
7.5000 4 15356.39552
7.6000 4 11565.79328
7.7000 4 10270.80192
7.8000 4 7518.28992
7.9000 4 2820.66944
8.0000 4 356.51584
8.1000 4 6176.11264
8.2000 4 9846.12864
8.3000 4 10747.904
8.4000 4 7287.6032
8.5000 4 9416.21248
8.6000 4 23645.3888
8.7000 4 27168.60416
8.8000 4 27378.31936
8.9000 4 27944.5504
9.0000 4 25580.01152
9.1000 4 5819.5968
9.2000 4 17039.36
9.3000 4 14627.6352
9.4000 4 17123.24608
9.5000 4 28495.0528
9.6000 4 27844.93568
9.7000 4 22984.78592
9.8000 4 15959.32672
9.9000 4 14103.3472
10.0000 4 16310.59968
10.1000 4 8357.15072
10.2000 4 18318.62272
10.3000 4 19052.62592
10.4000 4 15812.52608
10.5000 4 17768.12032
10.6000 4 19188.9408
10.7000 4 19503.5136
10.8000 4 20206.05952
10.9000 4 18507.3664
11.0000 4 20080.2304
11.1000 4 31541.16608
11.2000 4 30036.45952
11.3000 4 23414.70208
11.4000 4 21107.83488
11.5000 4 20599.27552
11.6000 4 20405.28896
11.7000 4 16562.25792
11.8000 4 19000.19712
11.9000 4 14795.40736
12.0000 4 14837.3504
12.1000 4 14360.24832
12.2000 4 15613.29664
12.3000 4 15749.61152
12.4000 4 15665.72544
12.5000 4 19084.0832
12.6000 4 21894.26688
12.7000 4 21333.27872
12.8000 4 19461.57056
12.9000 4 20090.71616
13.0000 4 19671.28576
13.1000 4 20363.34592
13.2000 4 22313.69728
13.3000 4 26906.46016
13.4000 4 26151.48544
13.5000 4 21653.0944
13.6000 4 14889.7792
13.7000 4 14795.40736
13.8000 4 14847.83616
13.9000 4 14617.14944
14.0000 4 14622.39232
14.1000 4 8881.43872
14.2000 4 15366.88128
14.3000 4 9835.64288
14.4000 4 14113.83296
14.5000 4 13547.60192
14.6000 4 13589.54496
14.7000 4 13746.83136
14.8000 4 13505.65888
14.9000 4 16305.3568
15.0000 4 21118.32064
15.1000 4 28290.58048
15.2000 4 28206.6944
15.3000 4 26597.13024
15.4000 4 26764.9024
15.5000 4 20803.74784
15.6000 4 15927.86944
15.7000 4 14323.54816
15.8000 4 14774.43584
15.9000 4 14601.4208
16.0000 4 13447.9872
16.1000 4 8818.52416
16.2000 4 8241.80736
16.3000 4 10705.96096
16.4000 4 14543.74912
16.5000 4 13893.632
16.6000 4 10968.10496
16.7000 4 9772.72832
16.8000 4 15225.32352
16.9000 4 22554.86976
17.0000 4 24311.23456
17.1000 4 26665.28768
17.2000 4 25983.71328
17.3000 4 22680.69888
17.4000 4 22638.75584
17.5000 4 24667.7504
17.6000 4 27336.37632
17.7000 4 22124.9536
17.8000 4 22460.49792
17.9000 4 22465.7408
18.0000 4 15838.74048
18.1000 4 13400.80128
18.2000 4 13820.23168
18.3000 4 13851.68896
18.4000 4 14103.3472
18.5000 4 15220.08064
18.6000 4 8944.35328
18.7000 4 11041.50528
18.8000 4 18748.53888
18.9000 4 18800.96768
19.0000 4 19723.71456
19.1000 4 26833.05984
19.2000 4 26859.27424
19.3000 4 28154.2656
19.4000 4 20761.8048
19.5000 4 17144.2176
19.6000 4 22733.12768
19.7000 4 26733.44512
19.8000 4 23163.04384
19.9000 4 21354.25024
20.0000 4 16132.34176
20.1000 4 13107.2
20.2000 4 8095.00672
20.3000 4 9804.1856
20.4000 4 12907.97056
20.5000 4 12918.45632
20.6000 4 13159.6288
20.7000 4 13107.2
20.8000 4 17280.53248
20.9000 4 22539.14112
21.0000 4 19629.34272
21.1000 4 20216.54528
21.2000 4 18958.25408
21.3000 4 16981.68832
21.4000 4 13086.22848
21.5000 4 12782.14144
21.6000 4 13054.7712
21.7000 4 13254.00064
21.8000 4 13495.17312
21.9000 4 7691.30496
22.0000 4 5882.51136
22.1000 4 6611.27168
