0.1000 4 0.0
0.2000 4 471.8592
0.3000 4 20635.97568
0.4000 4 24924.65152
0.5000 4 23844.61824
0.6000 4 23519.55968
0.7000 4 23918.01856
0.8000 4 23739.76064
0.9000 4 24463.27808
1.0000 4 24326.9632
1.1000 4 24536.6784
1.2000 4 24190.64832
1.3000 4 22738.37056
1.4000 4 16441.67168
1.5000 4 16483.61472
1.6000 4 16200.4992
1.7000 4 15781.0688
1.8000 4 5027.92192
1.9000 4 73.40032
2.0000 4 2925.52704
2.1000 4 7906.26304
2.2000 4 8074.0352
2.3000 4 14648.60672
2.4000 4 14638.12096
2.5000 4 14606.66368
2.6000 4 14627.6352
2.7000 4 19650.31424
2.8000 4 23467.13088
2.9000 4 24201.13408
3.0000 4 23849.86112
3.1000 4 17857.24928
3.2000 4 16640.90112
3.3000 4 16525.55776
3.4000 4 16452.15744
3.5000 4 23068.672
3.6000 4 23661.11744
3.7000 4 20908.60544
3.8000 4 20352.86016
3.9000 4 20342.3744
4.0000 4 20384.31744
4.1000 4 18475.90912
4.2000 4 14879.29344
4.3000 4 14952.69376
4.4000 4 14805.89312
4.5000 4 14181.9904
4.6000 4 7686.06208
4.7000 4 7769.94816
4.8000 4 7780.43392
4.9000 4 14784.9216
5.0000 4 18989.71136
5.1000 4 20080.2304
5.2000 4 22444.76928
5.3000 4 20069.74464
5.4000 4 19985.85856
5.5000 4 19839.05792
5.6000 4 21590.17984
5.7000 4 26120.02816
5.8000 4 25763.51232
5.9000 4 26287.80032
6.0000 4 26350.71488
6.1000 4 26245.85728
6.2000 4 20268.97408
6.3000 4 12976.128
6.4000 4 7665.09056
6.5000 4 7717.51936
6.6000 4 7801.40544
6.7000 4 6118.44096
6.8000 4 0.0
6.9000 4 0.0
7.0000 4 0.0
7.1000 4 0.0
7.2000 4 0.0
7.3000 4 10978.59072
7.4000 4 13956.54656
7.5000 4 18119.39328
7.6000 4 22219.32544
7.7000 4 23980.93312
7.8000 4 24285.02016
7.9000 4 24379.392
8.0000 4 24326.9632
8.1000 4 24400.36352
8.2000 4 24861.73696
8.3000 4 26020.41344
8.4000 4 19545.45664
8.5000 4 19126.02624
8.6000 4 18612.224
8.7000 4 16656.62976
8.8000 4 17411.60448
8.9000 4 9484.36992
9.0000 4 5997.85472
9.1000 4 6039.79776
9.2000 4 6039.79776
9.3000 4 6018.82624
9.4000 4 10779.36128
9.5000 4 12803.11296
9.6000 4 13065.25696
9.7000 4 20279.45984
9.8000 4 21789.40928
9.9000 4 22282.24
10.0000 4 22366.12608
10.1000 4 20861.41952
10.2000 4 12761.16992
10.3000 4 9867.10016
10.4000 4 27514.63424
10.5000 4 23467.13088
10.6000 4 19618.85696
10.7000 4 16751.0016
10.8000 4 16242.44224
10.9000 4 20662.19008
11.0000 4 19126.02624
11.1000 4 13820.23168
11.2000 4 19681.77152
11.3000 4 19320.0128
11.4000 4 17144.2176
11.5000 4 18591.25248
11.6000 4 13673.43104
11.7000 4 16840.13056
11.8000 4 29223.81312
11.9000 4 29711.40096
12.0000 4 20447.232
12.1000 4 8996.78208
12.2000 4 14701.03552
12.3000 4 18711.83872
12.4000 4 15823.01184
12.5000 4 19849.54368
12.6000 4 6050.28352
12.7000 4 17584.61952
12.8000 4 29370.61376
12.9000 4 30770.46272
13.0000 4 21558.72256
13.1000 4 31798.0672
13.2000 4 15718.15424
13.3000 4 15744.36864
13.4000 4 7088.37376
13.5000 4 13138.65728
13.6000 4 13610.51648
13.7000 4 16588.47232
13.8000 4 17144.2176
13.9000 4 20326.64576
14.0000 4 24169.6768
14.1000 4 23058.18624
14.2000 4 21537.75104
14.3000 4 21516.77952
14.4000 4 23288.87296
14.5000 4 24683.47904
14.6000 4 8844.73856
14.7000 4 513.80224
14.8000 4 14029.94688
14.9000 4 25941.77024
15.0000 4 24201.13408
15.1000 4 26864.51712
15.2000 4 17049.84576
15.3000 4 15120.46592
15.4000 4 15613.29664
15.5000 4 15099.4944
15.6000 4 13594.78784
15.7000 4 7371.48928
15.8000 4 7298.08896
15.9000 4 8545.8944
16.0000 4 16410.2144
16.1000 4 21485.32224
16.2000 4 22350.39744
16.3000 4 25658.65472
16.4000 4 21076.3776
16.5000 4 20573.06112
16.6000 4 21097.34912
16.7000 4 21349.00736
16.8000 4 25406.99648
16.9000 4 25926.0416
17.0000 4 23163.04384
17.1000 4 19146.99776
17.2000 4 17207.13216
17.3000 4 17998.80704
17.4000 4 14433.64864
17.5000 4 14417.92
17.6000 4 14638.12096
17.7000 4 14533.26336
17.8000 4 14659.09248
17.9000 4 14711.52128
18.0000 4 14454.62016
18.1000 4 15613.29664
18.2000 4 19702.74304
18.3000 4 18460.18048
18.4000 4 18360.56576
18.5000 4 14617.14944
18.6000 4 16210.98496
18.7000 4 16399.72864
18.8000 4 15906.89792
18.9000 4 23571.98848
19.0000 4 24012.3904
19.1000 4 23959.9616
19.2000 4 23980.93312
19.3000 4 24085.79072
19.4000 4 23336.05888
19.5000 4 19545.45664
19.6000 4 19713.2288
19.7000 4 19865.27232
19.8000 4 15760.09728
19.9000 4 13935.57504
20.0000 4 7130.3168
20.1000 4 7182.7456
20.2000 4 7235.1744
20.3000 4 7245.66016
20.4000 4 7067.40224
20.5000 4 6700.40064
20.6000 4 11943.28064
20.7000 4 12708.74112
20.8000 4 13159.6288
20.9000 4 20698.89024
21.0000 4 24363.66336
21.1000 4 25281.16736
21.2000 4 21212.69248
21.3000 4 21044.92032
21.4000 4 20982.00576
21.5000 4 23781.70368
21.6000 4 23980.93312
21.7000 4 22701.6704
21.8000 4 27048.01792
21.9000 4 16195.25632
22.0000 4 9127.85408
22.1000 4 7235.1744
22.2000 4 7392.4608
22.3000 4 7329.54624
22.4000 4 7245.66016
22.5000 4 7298.08896
22.6000 4 6915.35872
