0.1000 4 0.0
0.2000 4 356.51584
0.3000 4 14722.00704
0.4000 4 24106.76224
0.5000 4 23142.07232
0.6000 4 22974.30016
0.7000 4 23184.01536
0.8000 4 23446.15936
0.9000 4 22670.21312
1.0000 4 27367.8336
1.1000 4 27892.1216
1.2000 4 27042.77504
1.3000 4 27079.4752
1.4000 4 21328.03584
1.5000 4 19949.1584
1.6000 4 13736.3456
1.7000 4 8236.56448
1.8000 4 6338.64192
1.9000 4 8147.43552
2.0000 4 7843.34848
2.1000 4 8000.63488
2.2000 4 7916.7488
2.3000 4 8063.54944
2.4000 4 11072.96256
2.5000 4 15864.95488
2.6000 4 26203.91424
2.7000 4 27000.832
2.8000 4 26660.0448
2.9000 4 22135.43936
3.0000 4 21485.32224
3.1000 4 21967.6672
3.2000 4 22890.41408
3.3000 4 27042.77504
3.4000 4 26780.63104
3.5000 4 26644.31616
3.6000 4 18696.11008
3.7000 4 11481.9072
3.8000 4 11702.10816
3.9000 4 11555.30752
4.0000 4 11502.87872
4.1000 4 9452.91264
4.2000 4 10632.56064
4.3000 4 19099.81184
4.4000 4 14994.6368
4.5000 4 14606.66368
4.6000 4 18570.28096
4.7000 4 20940.06272
4.8000 4 22020.096
4.9000 4 24746.3936
5.0000 4 25826.42688
5.1000 4 27703.37792
5.2000 4 29391.58528
5.3000 4 23461.888
5.4000 4 21904.75264
5.5000 4 17547.91936
5.6000 4 15948.84096
5.7000 4 16677.60128
5.8000 4 15026.09408
5.9000 4 15288.23808
6.0000 4 15125.7088
6.1000 4 14868.80768
6.2000 4 15728.64
6.3000 4 22890.41408
6.4000 4 22219.32544
6.5000 4 24599.59296
6.6000 4 28143.77984
6.7000 4 26424.1152
6.8000 4 22969.05728
6.9000 4 21432.89344
7.0000 4 16074.67008
7.1000 4 21747.46624
7.2000 4 16981.68832
7.3000 4 20441.98912
7.4000 4 15707.66848
7.5000 4 15613.29664
7.6000 4 18706.59584
7.7000 4 18612.224
7.8000 4 19372.4416
7.9000 4 18874.368
8.0000 4 12111.0528
8.1000 4 21170.74944
8.2000 4 25029.50912
8.3000 4 29475.47136
8.4000 4 28363.9808
8.5000 4 28206.6944
8.6000 4 27792.50688
8.7000 4 15382.60992
8.8000 4 26235.37152
8.9000 4 19398.656
9.0000 4 8095.00672
9.1000 4 12373.1968
9.2000 4 10784.60416
9.3000 4 7570.71872
9.4000 4 7717.51936
9.5000 4 7539.26144
9.6000 4 0.0
9.7000 4 8273.26464
9.8000 4 16693.32992
9.9000 4 5777.65376
10.0000 4 23278.3872
10.1000 4 28322.03776
10.2000 4 25815.94112
10.3000 4 21459.10784
10.4000 4 18549.30944
10.5000 4 22418.55488
10.6000 4 21359.49312
10.7000 4 22670.21312
10.8000 4 29160.89856
10.9000 4 28096.59392
11.0000 4 20510.14656
11.1000 4 20468.20352
11.2000 4 12404.65408
11.3000 4 6186.5984
11.4000 4 2495.61088
11.5000 4 12551.45472
11.6000 4 20982.00576
11.7000 4 14386.46272
11.8000 4 15047.0656
11.9000 4 28453.10976
12.0000 4 20824.71936
12.1000 4 19430.11328
12.2000 4 20174.60224
12.3000 4 22439.5264
12.4000 4 14155.776
12.5000 4 188.74368
12.6000 4 33470.54592
12.7000 4 32720.81408
12.8000 4 23603.44576
12.9000 4 21002.97728
13.0000 4 20871.90528
13.1000 4 11361.32096
13.2000 4 12247.36768
13.3000 4 12740.1984
13.4000 4 12446.59712
13.5000 4 12855.54176
13.6000 4 14417.92
13.7000 4 22591.56992
13.8000 4 18098.42176
13.9000 4 15959.32672
14.0000 4 17217.61792
14.1000 4 18612.224
14.2000 4 25648.16896
14.3000 4 25794.9696
14.4000 4 25705.84064
14.5000 4 19482.54208
14.6000 4 19985.85856
14.7000 4 20258.48832
14.8000 4 23231.20128
14.9000 4 22041.06752
15.0000 4 21668.82304
15.1000 4 16693.32992
15.2000 4 14548.992
15.3000 4 11450.44992
15.4000 4 10779.36128
15.5000 4 6889.14432
15.6000 4 9374.26944
15.7000 4 21621.63712
15.8000 4 25438.45376
15.9000 4 25847.3984
16.0000 4 27152.87552
16.1000 4 23530.04544
16.2000 4 21600.6656
16.3000 4 22166.89664
16.4000 4 24012.3904
16.5000 4 28741.46816
16.6000 4 28411.16672
16.7000 4 21453.86496
16.8000 4 19440.59904
16.9000 4 6543.11424
17.0000 4 6742.34368
17.1000 4 10265.55904
17.2000 4 14396.94848
17.3000 4 14355.00544
17.4000 4 14365.4912
17.5000 4 14800.65024
17.6000 4 22240.29696
17.7000 4 22366.12608
17.8000 4 22124.9536
17.9000 4 22271.75424
18.0000 4 26203.91424
18.1000 4 23634.90304
18.2000 4 24342.69184
18.3000 4 24305.99168
18.4000 4 20929.57696
18.5000 4 22848.47104
18.6000 4 24646.77888
18.7000 4 16730.03008
18.8000 4 14680.064
18.9000 4 13432.25856
19.0000 4 13474.2016
19.1000 4 15587.08224
19.2000 4 17018.38848
19.3000 4 17070.81728
19.4000 4 21359.49312
19.5000 4 22030.58176
19.6000 4 24505.22112
19.7000 4 26906.46016
19.8000 4 26439.84384
19.9000 4 20195.57376
20.0000 4 19482.54208
20.1000 4 19608.3712
20.2000 4 13458.47296
20.3000 4 12341.73952
20.4000 4 10234.10176
20.5000 4 10008.65792
20.6000 4 6710.8864
20.7000 4 6899.63008
20.8000 4 4493.14816
