0.1000 4 0.0
0.2000 4 272.62976
0.3000 4 19430.11328
0.4000 4 25333.59616
0.5000 4 25218.2528
0.6000 4 24819.79392
0.7000 4 24526.19264
0.8000 4 23351.78752
0.9000 4 24767.36512
1.0000 4 26015.17056
1.1000 4 25522.33984
1.2000 4 25721.56928
1.3000 4 24070.06208
1.4000 4 17846.76352
1.5000 4 13731.10272
1.6000 4 12383.68256
1.7000 4 11471.42144
1.8000 4 10139.72992
1.9000 4 7874.80576
2.0000 4 9930.01472
2.1000 4 14407.43424
2.2000 4 14575.2064
2.3000 4 14166.26176
2.4000 4 13799.26016
2.5000 4 19031.6544
2.6000 4 23708.30336
2.7000 4 24138.21952
2.8000 4 24924.65152
2.9000 4 21312.3072
3.0000 4 17972.59264
3.1000 4 18171.82208
3.2000 4 18549.30944
3.3000 4 24846.00832
3.4000 4 18454.9376
3.5000 4 19933.42976
3.6000 4 19660.8
3.7000 4 19482.54208
3.8000 4 21385.70752
3.9000 4 18177.06496
4.0000 4 13212.0576
4.1000 4 13453.23008
4.2000 4 12761.16992
4.3000 4 17118.0032
4.4000 4 15340.66688
4.5000 4 18245.2224
4.6000 4 18119.39328
4.7000 4 20698.89024
4.8000 4 26277.31456
4.9000 4 25459.42528
5.0000 4 25144.85248
5.1000 4 24112.00512
5.2000 4 19943.91552
5.3000 4 19912.45824
5.4000 4 19671.28576
5.5000 4 19498.27072
5.6000 4 19597.88544
5.7000 4 18947.76832
5.8000 4 13741.58848
5.9000 4 18239.97952
6.0000 4 13704.88832
6.1000 4 13537.11616
6.2000 4 17720.9344
6.3000 4 19660.8
6.4000 4 23351.78752
6.5000 4 26088.57088
6.6000 4 25962.74176
6.7000 4 24898.43712
6.8000 4 17332.96128
6.9000 4 17270.04672
7.0000 4 17563.648
7.1000 4 16488.8576
7.2000 4 18182.30784
7.3000 4 18025.02144
7.4000 4 19178.45504
7.5000 4 23488.1024
7.6000 4 19498.27072
7.7000 4 18108.90752
7.8000 4 16373.51424
7.9000 4 12970.88512
8.0000 4 18779.99616
8.1000 4 20866.6624
8.2000 4 23204.98688
8.3000 4 24982.3232
8.4000 4 19639.82848
8.5000 4 19849.54368
8.6000 4 19734.20032
8.7000 4 19728.95744
8.8000 4 19073.59744
8.9000 4 18947.76832
9.0000 4 19372.4416
9.1000 4 18014.53568
9.2000 4 17846.76352
9.3000 4 18433.96608
9.4000 4 22135.43936
9.5000 4 25365.05344
9.6000 4 25260.19584
9.7000 4 24552.40704
9.8000 4 20059.25888
9.9000 4 19776.14336
10.0000 4 17988.32128
10.1000 4 16399.72864
10.2000 4 17668.5056
10.3000 4 14632.87808
10.4000 4 19105.05472
10.5000 4 19671.28576
10.6000 4 13301.18656
10.7000 4 17301.504
10.8000 4 18905.82528
10.9000 4 19262.34112
11.0000 4 25952.256
11.1000 4 26078.08512
11.2000 4 25973.22752
11.3000 4 25763.51232
11.4000 4 25448.93952
11.5000 4 25375.5392
11.6000 4 21364.736
11.7000 4 17159.94624
11.8000 4 13940.81792
11.9000 4 8252.29312
12.0000 4 5594.15296
12.1000 4 3418.35776
12.2000 4 7539.26144
12.3000 4 7413.43232
12.4000 4 7151.28832
12.5000 4 7990.14912
12.6000 4 11890.85184
12.7000 4 17311.98976
12.8000 4 24326.9632
12.9000 4 23089.64352
13.0000 4 22156.41088
13.1000 4 23404.21632
13.2000 4 24117.248
13.3000 4 7214.20288
13.4000 4 29727.1296
13.5000 4 26534.21568
13.6000 4 18392.02304
13.7000 4 20709.376
13.8000 4 19650.31424
13.9000 4 22570.5984
14.0000 4 16504.58624
14.1000 4 5284.82304
14.2000 4 7140.80256
14.3000 4 7497.3184
14.4000 4 7413.43232
14.5000 4 7151.28832
14.6000 4 10601.10336
14.7000 4 14648.60672
14.8000 4 16892.55936
14.9000 4 24788.33664
15.0000 4 21464.35072
15.1000 4 25233.98144
15.2000 4 17500.73344
15.3000 4 20268.97408
15.4000 4 19996.34432
15.5000 4 22156.41088
15.6000 4 24898.43712
15.7000 4 22775.07072
15.8000 4 19776.14336
15.9000 4 21988.63872
16.0000 4 20426.26048
16.1000 4 18617.46688
16.2000 4 15435.03872
16.3000 4 12194.93888
16.4000 4 9080.66816
16.5000 4 17720.9344
16.6000 4 17186.16064
16.7000 4 24085.79072
16.8000 4 27336.37632
16.9000 4 16525.55776
17.0000 4 23367.51616
17.1000 4 27027.0464
17.2000 4 23645.3888
17.3000 4 15812.52608
17.4000 4 10978.59072
17.5000 4 19996.34432
17.6000 4 27357.34784
17.7000 4 26948.4032
17.8000 4 23194.50112
17.9000 4 24400.36352
18.0000 4 14501.80608
18.1000 4 14082.37568
18.2000 4 14837.3504
18.3000 4 15183.38048
18.4000 4 14176.74752
18.5000 4 14339.2768
18.6000 4 19414.38464
18.7000 4 16336.81408
18.8000 4 13904.11776
18.9000 4 14145.29024
19.0000 4 17259.56096
19.1000 4 19251.85536
19.2000 4 24421.33504
19.3000 4 25459.42528
19.4000 4 25679.62624
19.5000 4 25553.79712
19.6000 4 25365.05344
19.7000 4 24028.11904
19.8000 4 18549.30944
19.9000 4 14790.16448
20.0000 4 12666.79808
20.1000 4 12074.35264
20.2000 4 14197.71904
20.3000 4 11093.93408
20.4000 4 9594.4704
20.5000 4 11518.60736
20.6000 4 8084.52096
20.7000 4 8021.6064
20.8000 4 7948.20608
20.9000 4 7738.49088
21.0000 4 7864.32
21.1000 4 7984.90624
