0.1000 4 0.0
0.2000 4 440.40192
0.3000 4 16221.47072
0.4000 4 24641.536
0.5000 4 26413.62944
0.6000 4 25071.45216
0.7000 4 26140.99968
0.8000 4 25532.8256
0.9000 4 26015.17056
1.0000 4 25836.91264
1.1000 4 25931.28448
1.2000 4 26528.9728
1.3000 4 23514.3168
1.4000 4 18916.31104
1.5000 4 18198.03648
1.6000 4 9903.80032
1.7000 4 5452.5952
1.8000 4 5400.1664
1.9000 4 1714.42176
2.0000 4 7979.66336
2.1000 4 8095.00672
2.2000 4 8304.72192
2.3000 4 8178.8928
2.4000 4 8273.26464
2.5000 4 8178.8928
2.6000 4 8241.80736
2.7000 4 8336.1792
2.8000 4 8524.92288
2.9000 4 15335.424
3.0000 4 17343.44704
3.1000 4 18287.16544
3.2000 4 18748.53888
3.3000 4 18496.88064
3.4000 4 20793.26208
3.5000 4 24767.36512
3.6000 4 24337.44896
3.7000 4 23005.75744
3.8000 4 22429.04064
3.9000 4 22827.49952
4.0000 4 23372.75904
4.1000 4 24080.54784
4.2000 4 16798.18752
4.3000 4 16850.61632
4.4000 4 19519.24224
4.5000 4 11932.79488
4.6000 4 7298.08896
4.7000 4 7193.23136
4.8000 4 6889.14432
4.9000 4 7769.94816
5.0000 4 14575.2064
5.1000 4 23225.9584
5.2000 4 24914.16576
5.3000 4 24578.62144
5.4000 4 25270.6816
5.5000 4 25480.3968
5.6000 4 25186.79552
5.7000 4 20431.50336
5.8000 4 15256.7808
5.9000 4 17846.76352
6.0000 4 18968.73984
6.1000 4 25270.6816
6.2000 4 21726.49472
6.3000 4 15235.80928
6.4000 4 15382.60992
6.5000 4 14832.10752
6.6000 4 7602.176
6.7000 4 7906.26304
6.8000 4 9992.92928
6.9000 4 17280.53248
7.0000 4 19493.02784
7.1000 4 24746.3936
7.2000 4 26434.60096
7.3000 4 22151.168
7.4000 4 16944.98816
7.5000 4 19513.99936
7.6000 4 20122.17344
7.7000 4 22429.04064
7.8000 4 23246.92992
7.9000 4 26266.8288
8.0000 4 23645.3888
8.1000 4 12761.16992
8.2000 4 13285.45792
8.3000 4 12425.6256
8.4000 4 11885.60896
8.5000 4 7790.91968
8.6000 4 13746.83136
8.7000 4 18255.70816
8.8000 4 19744.68608
8.9000 4 21826.10944
9.0000 4 15445.52448
9.1000 4 14774.43584
9.2000 4 16441.67168
9.3000 4 22177.3824
9.4000 4 23204.98688
9.5000 4 23425.18784
9.6000 4 23163.04384
9.7000 4 23021.48608
9.8000 4 18266.19392
9.9000 4 17574.13376
10.0000 4 18968.73984
10.1000 4 17180.91776
10.2000 4 19126.02624
10.3000 4 17437.81888
10.4000 4 17327.7184
10.5000 4 21941.4528
10.6000 4 11869.88032
10.7000 4 12016.68096
10.8000 4 11031.01952
10.9000 4 15204.352
11.0000 4 23351.78752
11.1000 4 28573.696
11.2000 4 28091.35104
11.3000 4 28343.00928
11.4000 4 27776.77824
11.5000 4 24489.49248
11.6000 4 19335.74144
11.7000 4 17789.09184
11.8000 4 14575.2064
11.9000 4 20038.28736
12.0000 4 15597.568
12.1000 4 17291.01824
12.2000 4 14129.5616
12.3000 4 10768.87552
12.4000 4 17909.67808
12.5000 4 20027.8016
12.6000 4 23760.73216
12.7000 4 23750.2464
12.8000 4 23666.36032
12.9000 4 24022.87616
13.0000 4 24285.02016
13.1000 4 20022.55872
13.2000 4 18035.5072
13.3000 4 17720.9344
13.4000 4 20122.17344
13.5000 4 23246.92992
13.6000 4 22502.44096
13.7000 4 20242.75968
13.8000 4 10973.34784
13.9000 4 10270.80192
14.0000 4 7067.40224
14.1000 4 7193.23136
14.2000 4 7088.37376
14.3000 4 6763.3152
14.4000 4 11209.27744
14.5000 4 19325.25568
14.6000 4 17411.60448
14.7000 4 19293.7984
14.8000 4 19555.9424
14.9000 4 20132.6592
15.0000 4 23938.99008
15.1000 4 23666.36032
15.2000 4 23823.64672
15.3000 4 23980.93312
15.4000 4 24054.33344
15.5000 4 18648.92416
15.6000 4 16724.7872
15.7000 4 17353.9328
15.8000 4 19162.7264
15.9000 4 16043.2128
16.0000 4 13238.272
16.1000 4 12257.85344
16.2000 4 12530.4832
16.3000 4 18045.99296
16.4000 4 20352.86016
16.5000 4 22858.9568
16.6000 4 23068.672
16.7000 4 25758.26944
16.8000 4 21359.49312
16.9000 4 22806.528
17.0000 4 18659.40992
17.1000 4 8986.29632
17.2000 4 346.03008
17.3000 4 21925.72416
17.4000 4 21957.18144
17.5000 4 25433.21088
17.6000 4 16420.70016
17.7000 4 17359.17568
17.8000 4 13631.488
17.9000 4 14564.72064
18.0000 4 15718.15424
18.1000 4 17815.30624
18.2000 4 24169.6768
18.3000 4 24337.44896
18.4000 4 22429.04064
18.5000 4 23944.23296
18.6000 4 22318.94016
18.7000 4 15623.7824
18.8000 4 14994.6368
18.9000 4 14931.72224
19.0000 4 20961.03424
19.1000 4 21742.22336
19.2000 4 18203.27936
19.3000 4 17920.16384
19.4000 4 15445.52448
19.5000 4 24185.40544
19.6000 4 34529.60768
19.7000 4 19409.14176
19.8000 4 18842.91072
19.9000 4 14449.37728
20.0000 4 1258.2912
20.1000 4 0.0
20.2000 4 18591.25248
20.3000 4 25679.62624
20.4000 4 335.54432
20.5000 4 387.97312
20.6000 4 2773.48352
20.7000 4 6375.34208
20.8000 4 15539.89632
20.9000 4 20562.57536
21.0000 4 14339.2768
21.1000 4 13767.80288
21.2000 4 20310.91712
21.3000 4 18371.05152
21.4000 4 14569.96352
21.5000 4 12698.25536
21.6000 4 10863.24736
21.7000 4 10433.3312
21.8000 4 6422.528
21.9000 4 6081.7408
22.0000 4 6050.28352
22.1000 4 6018.82624
22.2000 4 5924.4544
22.3000 4 6532.62848
22.4000 4 5803.86816
