0.1000 4 0.0
0.2000 4 429.91616
0.3000 4 18087.936
0.4000 4 22764.58496
0.5000 4 23204.98688
0.6000 4 21936.20992
0.7000 4 23016.2432
0.8000 4 24274.5344
0.9000 4 24075.30496
1.0000 4 25113.3952
1.1000 4 25071.45216
1.2000 4 25123.88096
1.3000 4 25469.91104
1.4000 4 24143.4624
1.5000 4 16090.39872
1.6000 4 11434.72128
1.7000 4 7696.54784
1.8000 4 7780.43392
1.9000 4 3224.3712
2.0000 4 73.40032
2.1000 4 52.4288
2.2000 4 52.4288
2.3000 4 0.0
2.4000 4 2873.09824
2.5000 4 8136.94976
2.6000 4 8053.06368
2.7000 4 7864.32
2.8000 4 7906.26304
2.9000 4 8556.38016
3.0000 4 15812.52608
3.1000 4 21957.18144
3.2000 4 22754.0992
3.3000 4 23152.55808
3.4000 4 23142.07232
3.5000 4 23341.30176
3.6000 4 23288.87296
3.7000 4 22743.61344
3.8000 4 21029.19168
3.9000 4 18633.19552
4.0000 4 18643.68128
4.1000 4 18166.5792
4.2000 4 14229.17632
4.3000 4 18156.09344
4.4000 4 11078.20544
4.5000 4 7486.83264
4.6000 4 7560.23296
4.7000 4 7413.43232
4.8000 4 7549.7472
4.9000 4 7067.40224
5.0000 4 10496.24576
5.1000 4 15456.01024
5.2000 4 15330.18112
5.3000 4 15256.7808
5.4000 4 13353.61536
5.5000 4 17941.13536
5.6000 4 17647.53408
5.7000 4 17542.67648
5.8000 4 19146.99776
5.9000 4 19440.59904
6.0000 4 22156.41088
6.1000 4 21563.96544
6.2000 4 15560.86784
6.3000 4 15896.41216
6.4000 4 15760.09728
6.5000 4 16284.38528
6.6000 4 20562.57536
6.7000 4 21899.50976
6.8000 4 18979.2256
6.9000 4 18790.48192
7.0000 4 15251.53792
7.1000 4 14407.43424
7.2000 4 14627.6352
7.3000 4 17521.70496
7.4000 4 20389.56032
7.5000 4 15036.57984
7.6000 4 19136.512
7.7000 4 12577.66912
7.8000 4 12037.65248
7.9000 4 11964.25216
8.0000 4 12027.16672
8.1000 4 12058.624
8.2000 4 17930.6496
8.3000 4 19608.3712
8.4000 4 25071.45216
8.5000 4 26979.86048
8.6000 4 26109.5424
8.7000 4 24898.43712
8.8000 4 20473.4464
8.9000 4 15057.55136
9.0000 4 15256.7808
9.1000 4 15267.26656
9.2000 4 15151.9232
9.3000 4 9893.31456
9.4000 4 7963.93472
9.5000 4 6868.1728
9.6000 4 7098.85952
9.7000 4 6784.28672
9.8000 4 7927.23456
9.9000 4 10831.79008
10.0000 4 11062.4768
10.1000 4 11167.3344
10.2000 4 10989.07648
10.3000 4 11513.36448
10.4000 4 18727.56736
10.5000 4 22114.46784
10.6000 4 23016.2432
10.7000 4 22512.92672
10.8000 4 22387.0976
10.9000 4 22817.01376
11.0000 4 18989.71136
11.1000 4 11985.22368
11.2000 4 12027.16672
11.3000 4 11282.67776
11.4000 4 11125.39136
11.5000 4 12436.11136
11.6000 4 14575.2064
11.7000 4 13500.416
11.8000 4 5363.46624
11.9000 4 9741.27104
12.0000 4 12499.02592
12.1000 4 16588.47232
12.2000 4 15823.01184
12.3000 4 14805.89312
12.4000 4 14260.6336
12.5000 4 14208.2048
12.6000 4 17825.792
12.7000 4 23278.3872
12.8000 4 26843.5456
12.9000 4 26743.93088
13.0000 4 18654.16704
13.1000 4 16771.97312
13.2000 4 13516.14464
13.3000 4 13495.17312
13.4000 4 13652.45952
13.5000 4 13547.60192
13.6000 4 17374.90432
13.7000 4 20850.93376
13.8000 4 14260.6336
13.9000 4 19461.57056
14.0000 4 19472.05632
14.1000 4 16740.51584
14.2000 4 16840.13056
14.3000 4 20216.54528
14.4000 4 19975.3728
14.5000 4 20489.17504
14.6000 4 22465.7408
14.7000 4 18203.27936
14.8000 4 18496.88064
14.9000 4 19063.11168
15.0000 4 19430.11328
15.1000 4 19901.97248
15.2000 4 24421.33504
15.3000 4 19047.38304
15.4000 4 17988.32128
15.5000 4 6322.91328
15.6000 4 1237.31968
15.7000 4 17154.70336
15.8000 4 14428.40576
15.9000 4 13070.49984
16.0000 4 16347.29984
16.1000 4 16158.55616
16.2000 4 16022.24128
16.3000 4 20006.83008
16.4000 4 21930.96704
16.5000 4 14879.29344
16.6000 4 16127.09888
16.7000 4 19513.99936
16.8000 4 18371.05152
16.9000 4 19262.34112
17.0000 4 25920.79872
17.1000 4 26371.6864
17.2000 4 22371.36896
17.3000 4 19587.39968
17.4000 4 12079.59552
17.5000 4 3900.70272
17.6000 4 25239.22432
17.7000 4 10601.10336
17.8000 4 25344.08192
17.9000 4 15760.09728
18.0000 4 15749.61152
18.1000 4 14748.22144
18.2000 4 8241.80736
18.3000 4 7927.23456
18.4000 4 8399.09376
18.5000 4 8157.92128
18.6000 4 8105.49248
18.7000 4 8011.12064
18.8000 4 3528.45824
18.9000 4 10643.0464
19.0000 4 14124.31872
19.1000 4 14092.86144
19.2000 4 17794.33472
19.3000 4 19094.56896
19.4000 4 18245.2224
19.5000 4 24117.248
19.6000 4 26036.14208
19.7000 4 26140.99968
19.8000 4 25962.74176
19.9000 4 26182.94272
20.0000 4 22906.14272
20.1000 4 19099.81184
20.2000 4 14900.26496
20.3000 4 14349.76256
20.4000 4 8220.83584
20.5000 4 5505.024
20.6000 4 8441.0368
20.7000 4 8514.43712
20.8000 4 9861.85728
20.9000 4 7948.20608
21.0000 4 9500.09856
21.1000 4 11198.79168
21.2000 4 7874.80576
21.3000 4 10013.9008
21.4000 4 15277.75232
21.5000 4 21359.49312
21.6000 4 25721.56928
21.7000 4 29417.79968
21.8000 4 21862.8096
21.9000 4 21726.49472
22.0000 4 19555.9424
22.1000 4 20541.60384
22.2000 4 24725.42208
22.3000 4 29737.61536
22.4000 4 29653.72928
22.5000 4 24898.43712
22.6000 4 21139.29216
22.7000 4 7895.77728
22.8000 4 7885.29152
22.9000 4 7843.34848
23.0000 4 7937.72032
23.1000 4 7958.69184
23.2000 4 6737.1008
23.3000 4 0.0
23.4000 4 7067.40224
23.5000 4 8304.72192
23.6000 4 8273.26464
23.7000 4 8032.09216
23.8000 4 8074.0352
23.9000 4 8199.86432
24.0000 4 13453.23008
24.1000 4 15130.95168
24.2000 4 15728.64
24.3000 4 15812.52608
24.4000 4 12713.984
24.5000 4 8346.66496
24.6000 4 8409.57952
24.7000 4 8032.09216
24.8000 4 7444.8896
24.9000 4 6663.70048
