0.1000 4 0.0
0.2000 4 450.88768
0.3000 4 15109.98016
0.4000 4 23131.58656
0.5000 4 21925.72416
0.6000 4 22041.06752
0.7000 4 22072.5248
0.8000 4 22177.3824
0.9000 4 22450.01216
1.0000 4 22292.72576
1.1000 4 22219.32544
1.2000 4 22166.89664
1.3000 4 21584.93696
1.4000 4 19755.17184
1.5000 4 17678.99136
1.6000 4 15665.72544
1.7000 4 17610.83392
1.8000 4 17007.90272
1.9000 4 13794.01728
2.0000 4 12871.2704
2.1000 4 7570.71872
2.2000 4 8608.80896
2.3000 4 12509.51168
2.4000 4 12855.54176
2.5000 4 14648.60672
2.6000 4 19922.944
2.7000 4 21307.06432
2.8000 4 21149.77792
2.9000 4 21317.55008
3.0000 4 21621.63712
3.1000 4 19991.10144
3.2000 4 18643.68128
3.3000 4 18213.76512
3.4000 4 16850.61632
3.5000 4 18769.5104
3.6000 4 19099.81184
3.7000 4 18853.39648
3.8000 4 19031.6544
3.9000 4 17159.94624
4.0000 4 13825.47456
4.1000 4 12624.85504
4.2000 4 12866.02752
4.3000 4 12530.4832
4.4000 4 14019.46112
4.5000 4 16127.09888
4.6000 4 17941.13536
4.7000 4 18591.25248
4.8000 4 18874.368
4.9000 4 16635.65824
5.0000 4 15267.26656
5.1000 4 15036.57984
5.2000 4 16263.41376
5.3000 4 18402.5088
5.4000 4 17526.94784
5.5000 4 17165.18912
5.6000 4 17899.19232
5.7000 4 18234.73664
5.8000 4 21883.78112
5.9000 4 20698.89024
6.0000 4 16279.1424
6.1000 4 15665.72544
6.2000 4 16431.18592
6.3000 4 16284.38528
6.4000 4 17443.06176
6.5000 4 17783.84896
6.6000 4 17589.8624
6.7000 4 13830.71744
6.8000 4 14334.03392
6.9000 4 19084.0832
7.0000 4 19440.59904
7.1000 4 20410.53184
7.2000 4 17500.73344
7.3000 4 17070.81728
7.4000 4 19178.45504
7.5000 4 20856.17664
7.6000 4 21705.5232
7.7000 4 20515.38944
7.8000 4 14763.95008
7.9000 4 15235.80928
8.0000 4 17259.56096
8.1000 4 21674.06592
8.2000 4 20808.99072
8.3000 4 17301.504
8.4000 4 16798.18752
8.5000 4 17186.16064
8.6000 4 19713.2288
8.7000 4 20074.98752
8.8000 4 17395.87584
8.9000 4 19031.6544
9.0000 4 14098.10432
9.1000 4 15781.0688
9.2000 4 16918.77376
9.3000 4 11209.27744
9.4000 4 14606.66368
9.5000 4 16116.61312
9.6000 4 19146.99776
9.7000 4 22754.0992
9.8000 4 22963.8144
9.9000 4 22303.21152
10.0000 4 22491.9552
10.1000 4 21107.83488
10.2000 4 15393.09568
10.3000 4 13741.58848
10.4000 4 19524.48512
10.5000 4 18287.16544
10.6000 4 19220.39808
10.7000 4 20945.3056
10.8000 4 14360.24832
10.9000 4 10511.9744
11.0000 4 7801.40544
11.1000 4 7402.94656
11.2000 4 7654.6048
11.3000 4 7707.0336
11.4000 4 12614.36928
11.5000 4 17469.27616
11.6000 4 19713.2288
11.7000 4 19126.02624
11.8000 4 20814.2336
11.9000 4 21799.89504
12.0000 4 22067.28192
12.1000 4 19618.85696
12.2000 4 18601.73824
12.3000 4 17343.44704
12.4000 4 18727.56736
12.5000 4 21789.40928
12.6000 4 22114.46784
12.7000 4 22182.62528
12.8000 4 14853.07904
12.9000 4 10989.07648
13.0000 4 10679.74656
13.1000 4 6647.97184
13.2000 4 6417.28512
13.3000 4 8619.29472
13.4000 4 11974.73792
13.5000 4 17427.33312
13.6000 4 21307.06432
13.7000 4 22512.92672
13.8000 4 21999.12448
13.9000 4 20295.18848
14.0000 4 18087.936
14.1000 4 18392.02304
14.2000 4 19115.54048
14.3000 4 20615.00416
14.4000 4 21118.32064
14.5000 4 18454.9376
14.6000 4 19010.68288
14.7000 4 18627.95264
14.8000 4 12147.75296
14.9000 4 11261.70624
15.0000 4 11597.25056
15.1000 4 11848.9088
15.2000 4 10805.57568
15.3000 4 9583.98464
15.4000 4 16955.47392
15.5000 4 16661.87264
15.6000 4 19860.02944
15.7000 4 20819.47648
15.8000 4 18412.99456
15.9000 4 17846.76352
16.0000 4 19367.19872
16.1000 4 22953.32864
16.2000 4 23330.816
16.3000 4 20080.2304
16.4000 4 19576.91392
16.5000 4 18559.7952
16.6000 4 19084.0832
16.7000 4 19094.56896
16.8000 4 18911.06816
16.9000 4 13678.67392
17.0000 4 11287.92064
17.1000 4 3240.09984
17.2000 4 3502.24384
17.3000 4 7371.48928
17.4000 4 7507.80416
17.5000 4 5415.89504
17.6000 4 9447.66976
17.7000 4 12918.45632
17.8000 4 15267.26656
17.9000 4 15843.98336
18.0000 4 18926.7968
18.1000 4 18601.73824
18.2000 4 18287.16544
18.3000 4 18318.62272
18.4000 4 18402.5088
18.5000 4 17899.19232
18.6000 4 18538.82368
18.7000 4 18580.76672
18.8000 4 18549.30944
18.9000 4 18559.7952
19.0000 4 18612.224
19.1000 4 18512.60928
19.2000 4 15225.32352
19.3000 4 14722.00704
19.4000 4 11513.36448
19.5000 4 9950.98624
19.6000 4 10532.94592
19.7000 4 7193.23136
19.8000 4 7203.71712
19.9000 4 7235.1744
20.0000 4 7287.6032
20.1000 4 10223.616
20.2000 4 16053.69856
20.3000 4 17458.7904
20.4000 4 19933.42976
20.5000 4 19042.14016
20.6000 4 19388.17024
20.7000 4 18905.82528
20.8000 4 16688.08704
20.9000 4 0.0
21.0000 4 901.77536
21.1000 4 20656.9472
21.2000 4 21768.43776
21.3000 4 20656.9472
21.4000 4 19597.88544
21.5000 4 19052.62592
21.6000 4 19084.0832
21.7000 4 19110.2976
21.8000 4 16703.81568
21.9000 4 19120.78336
22.0000 4 11314.13504
22.1000 4 11146.36288
22.2000 4 9736.02816
22.3000 4 5232.39424
22.4000 4 0.0
22.5000 4 8420.06528
22.6000 4 8388.608
22.7000 4 0.0
22.8000 4 17867.73504
22.9000 4 9604.95616
23.0000 4 21165.50656
23.1000 4 16944.98816
23.2000 4 15623.7824
23.3000 4 14344.51968
23.4000 4 14250.14784
23.5000 4 8304.72192
23.6000 4 13180.60032
23.7000 4 8456.76544
23.8000 4 9007.26784
23.9000 4 8619.29472
24.0000 4 702.54592
24.1000 4 2070.9376
