0.1000 4 0.0
0.2000 4 419.4304
0.3000 4 23037.21472
0.4000 4 21223.17824
0.5000 4 20646.46144
0.6000 4 25134.36672
0.7000 4 25753.02656
0.8000 4 25815.94112
0.9000 4 25826.42688
1.0000 4 25931.28448
1.1000 4 25700.59776
1.2000 4 25952.256
1.3000 4 22853.71392
1.4000 4 19325.25568
1.5000 4 18308.13696
1.6000 4 7728.00512
1.7000 4 9300.86912
1.8000 4 12719.22688
1.9000 4 12855.54176
2.0000 4 11057.23392
2.1000 4 8556.38016
2.2000 4 8283.7504
2.3000 4 12111.0528
2.4000 4 18329.10848
2.5000 4 20279.45984
2.6000 4 23551.01696
2.7000 4 20441.98912
2.8000 4 17469.27616
2.9000 4 17658.01984
3.0000 4 18087.936
3.1000 4 23215.47264
3.2000 4 23320.33024
3.3000 4 23309.84448
3.4000 4 22796.04224
3.5000 4 21831.35232
3.6000 4 22282.24
3.7000 4 19854.78656
3.8000 4 17909.67808
3.9000 4 18066.96448
4.0000 4 12519.99744
4.1000 4 13484.68736
4.2000 4 11287.92064
4.3000 4 7790.91968
4.4000 4 8042.57792
4.5000 4 8074.0352
4.6000 4 8157.92128
4.7000 4 9709.81376
4.8000 4 14512.29184
4.9000 4 19954.40128
5.0000 4 23173.5296
5.1000 4 23184.01536
5.2000 4 22890.41408
5.3000 4 18606.98112
5.4000 4 16221.47072
5.5000 4 16546.52928
5.6000 4 17668.5056
5.7000 4 19513.99936
5.8000 4 23383.2448
5.9000 4 23608.68864
6.0000 4 19367.19872
6.1000 4 18177.06496
6.2000 4 14470.3488
6.3000 4 13998.4896
6.4000 4 14292.09088
6.5000 4 12640.58368
6.6000 4 13988.00384
6.7000 4 17553.16224
6.8000 4 17416.84736
6.9000 4 20730.34752
7.0000 4 19812.84352
7.1000 4 17332.96128
7.2000 4 17699.96288
7.3000 4 19167.96928
7.4000 4 21443.3792
7.5000 4 23823.64672
7.6000 4 23980.93312
7.7000 4 24033.36192
7.8000 4 22969.05728
7.9000 4 15193.86624
8.0000 4 15041.82272
8.1000 4 13893.632
8.2000 4 14307.81952
8.3000 4 13757.31712
8.4000 4 15026.09408
8.5000 4 15183.38048
8.6000 4 12179.21024
8.7000 4 11219.7632
8.8000 4 12488.54016
8.9000 4 16431.18592
9.0000 4 18004.04992
9.1000 4 24138.21952
9.2000 4 24767.36512
9.3000 4 24222.1056
9.4000 4 23692.57472
9.5000 4 17888.70656
9.6000 4 18224.25088
9.7000 4 19555.9424
9.8000 4 22523.41248
9.9000 4 24683.47904
10.0000 4 24662.50752
10.1000 4 18407.75168
10.2000 4 16667.11552
10.3000 4 13647.21664
10.4000 4 9468.64128
10.5000 4 7025.4592
10.6000 4 11439.96416
10.7000 4 13348.37248
10.8000 4 13400.80128
10.9000 4 13212.0576
11.0000 4 22088.25344
11.1000 4 21223.17824
11.2000 4 20625.48992
11.3000 4 21317.55008
11.4000 4 24442.30656
11.5000 4 26675.77344
11.6000 4 27242.00448
11.7000 4 27147.63264
11.8000 4 24049.09056
11.9000 4 20573.06112
12.0000 4 20688.40448
12.1000 4 20824.71936
12.2000 4 13306.42944
12.3000 4 13463.71584
12.4000 4 14323.54816
12.5000 4 13956.54656
12.6000 4 9400.48384
12.7000 4 6889.14432
12.8000 4 7895.77728
12.9000 4 16944.98816
13.0000 4 18444.45184
13.1000 4 23163.04384
13.2000 4 6543.11424
13.3000 4 167.77216
13.4000 4 492.83072
13.5000 4 27242.00448
13.6000 4 13694.40256
13.7000 4 188.74368
13.8000 4 1436.54912
13.9000 4 0.0
14.0000 4 18271.4368
14.1000 4 24442.30656
14.2000 4 10244.58752
14.3000 4 22292.72576
14.4000 4 23225.9584
14.5000 4 21139.29216
14.6000 4 26775.38816
14.7000 4 21847.08096
14.8000 4 16619.9296
14.9000 4 23634.90304
15.0000 4 12367.95392
15.1000 4 13715.37408
15.2000 4 12729.71264
15.3000 4 16148.0704
15.4000 4 19671.28576
15.5000 4 17081.30304
15.6000 4 23498.58816
15.7000 4 20693.64736
15.8000 4 19377.68448
15.9000 4 19241.3696
16.0000 4 19283.31264
16.1000 4 22785.55648
16.2000 4 22722.64192
16.3000 4 27016.56064
16.4000 4 22418.55488
16.5000 4 20457.71776
16.6000 4 14543.74912
16.7000 4 17616.0768
16.8000 4 14501.80608
16.9000 4 14784.9216
17.0000 4 14533.26336
17.1000 4 14669.57824
17.2000 4 14108.59008
17.3000 4 16986.9312
17.4000 4 18360.56576
17.5000 4 19576.91392
17.6000 4 19828.57216
17.7000 4 22942.84288
17.8000 4 24295.50592
17.9000 4 25988.95616
18.0000 4 6039.79776
18.1000 4 2453.66784
18.2000 4 5043.65056
18.3000 4 3439.32928
18.4000 4 21065.89184
18.5000 4 36060.52864
18.6000 4 27336.37632
18.7000 4 29784.80128
18.8000 4 26193.42848
18.9000 4 24091.0336
19.0000 4 14957.93664
19.1000 4 14229.17632
19.2000 4 8493.4656
19.3000 4 14596.17792
19.4000 4 14758.7072
19.5000 4 8482.97984
19.6000 4 10422.84544
19.7000 4 13977.51808
19.8000 4 13295.94368
19.9000 4 19755.17184
20.0000 4 24526.19264
20.1000 4 27598.52032
20.2000 4 24169.6768
20.3000 4 21181.2352
20.4000 4 24693.9648
20.5000 4 25181.55264
20.6000 4 20667.43296
20.7000 4 20698.89024
20.8000 4 19991.10144
20.9000 4 19409.14176
21.0000 4 16074.67008
21.1000 4 6113.19808
21.2000 4 9709.81376
21.3000 4 14197.71904
21.4000 4 13809.74592
21.5000 4 14082.37568
21.6000 4 14208.2048
21.7000 4 14879.29344
21.8000 4 15005.12256
21.9000 4 14858.32192
22.0000 4 12000.95232
22.1000 4 7602.176
22.2000 4 7633.63328
22.3000 4 1148.19072
