0.1000 4 0.0
0.2000 4 367.0016
0.3000 4 18717.0816
0.4000 4 27084.71808
0.5000 4 26057.1136
0.6000 4 26539.45856
0.7000 4 26528.9728
0.8000 4 26623.34464
0.9000 4 27619.49184
1.0000 4 29863.44448
1.1000 4 30377.24672
1.2000 4 30513.5616
1.3000 4 29779.5584
1.4000 4 22423.79776
1.5000 4 8047.8208
1.6000 4 115.34336
1.7000 4 146.80064
1.8000 4 146.80064
1.9000 4 52.4288
2.0000 4 0.0
2.1000 4 7245.66016
2.2000 4 8283.7504
2.3000 4 8042.57792
2.4000 4 10359.93088
2.5000 4 24788.33664
2.6000 4 29045.5552
2.7000 4 28594.66752
2.8000 4 28772.92544
2.9000 4 29097.984
3.0000 4 29056.04096
3.1000 4 27027.0464
3.2000 4 21663.58016
3.3000 4 21055.40608
3.4000 4 22712.15616
3.5000 4 23084.40064
3.6000 4 16656.62976
3.7000 4 7948.20608
3.8000 4 6501.1712
3.9000 4 6773.80096
4.0000 4 6480.19968
4.1000 4 9667.87072
4.2000 4 13411.28704
4.3000 4 19325.25568
4.4000 4 27682.4064
4.5000 4 26528.9728
4.6000 4 25794.9696
4.7000 4 25952.256
4.8000 4 21522.0224
4.9000 4 25302.13888
5.0000 4 29548.87168
5.1000 4 28972.15488
5.2000 4 29653.72928
5.3000 4 24720.1792
5.4000 4 15807.2832
5.5000 4 15047.0656
5.6000 4 10113.51552
5.7000 4 8178.8928
5.8000 4 8241.80736
5.9000 4 6412.04224
6.0000 4 10779.36128
6.1000 4 20394.8032
6.2000 4 20793.26208
6.3000 4 22806.528
6.4000 4 28489.80992
6.5000 4 28437.38112
6.6000 4 28647.09632
6.7000 4 28657.58208
6.8000 4 27996.9792
6.9000 4 28856.81152
7.0000 4 25915.55584
7.1000 4 20567.81824
7.2000 4 15183.38048
7.3000 4 15241.05216
7.4000 4 3822.05952
7.5000 4 7266.63168
7.6000 4 7707.0336
7.7000 4 7748.97664
7.8000 4 10559.16032
7.9000 4 15613.29664
8.0000 4 15990.784
8.1000 4 22481.46944
8.2000 4 28909.24032
8.3000 4 28814.86848
8.4000 4 28626.1248
8.5000 4 25485.63968
8.6000 4 20216.54528
8.7000 4 20510.14656
8.8000 4 22229.8112
8.9000 4 24646.77888
9.0000 4 21569.20832
9.1000 4 22072.5248
9.2000 4 18785.23904
9.3000 4 21275.60704
9.4000 4 19949.1584
9.5000 4 17574.13376
9.6000 4 21978.15296
9.7000 4 23121.1008
9.8000 4 23288.87296
9.9000 4 21815.62368
10.0000 4 19524.48512
10.1000 4 18287.16544
10.2000 4 17616.0768
10.3000 4 24851.2512
10.4000 4 19823.32928
10.5000 4 18811.45344
10.6000 4 17380.1472
10.7000 4 17920.16384
10.8000 4 21044.92032
10.9000 4 21380.46464
11.0000 4 27053.2608
11.1000 4 28940.6976
11.2000 4 28961.66912
11.3000 4 25066.20928
11.4000 4 19781.38624
11.5000 4 14543.74912
11.6000 4 14963.17952
11.7000 4 17311.98976
11.8000 4 16688.08704
11.9000 4 19786.62912
12.0000 4 22177.3824
12.1000 4 20840.448
12.2000 4 22470.98368
12.3000 4 22198.35392
12.4000 4 22586.32704
12.5000 4 29118.95552
12.6000 4 29307.6992
12.7000 4 29066.52672
12.8000 4 23755.48928
12.9000 4 20646.46144
13.0000 4 21238.90688
13.1000 4 15959.32672
13.2000 4 15104.73728
13.3000 4 11681.13664
13.4000 4 11377.0496
13.5000 4 16357.7856
13.6000 4 15996.02688
13.7000 4 18392.02304
13.8000 4 19157.48352
13.9000 4 20877.14816
14.0000 4 25606.22592
14.1000 4 25396.51072
14.2000 4 25564.28288
14.3000 4 25669.14048
14.4000 4 25616.71168
14.5000 4 25585.2544
14.6000 4 25753.02656
14.7000 4 20630.7328
14.8000 4 17726.17728
14.9000 4 12299.79648
15.0000 4 5148.50816
15.1000 4 5851.05408
15.2000 4 7256.14592
15.3000 4 7140.80256
15.4000 4 7256.14592
15.5000 4 7140.80256
15.6000 4 12415.13984
15.7000 4 14082.37568
15.8000 4 28185.72288
15.9000 4 28164.75136
16.0000 4 28353.49504
16.1000 4 28322.03776
16.2000 4 28426.89536
16.3000 4 27006.07488
16.4000 4 21600.6656
16.5000 4 21223.17824
16.6000 4 22502.44096
16.7000 4 20567.81824
16.8000 4 15403.58144
16.9000 4 7444.8896
17.0000 4 7455.37536
17.1000 4 7392.4608
17.2000 4 7245.66016
17.3000 4 8053.06368
17.4000 4 12708.74112
17.5000 4 14543.74912
17.6000 4 23152.55808
17.7000 4 25008.5376
17.8000 4 25973.22752
17.9000 4 25931.28448
18.0000 4 22790.79936
18.1000 4 19419.62752
18.2000 4 19650.31424
18.3000 4 9458.15552
18.4000 4 31604.08064
18.5000 4 29229.056
18.6000 4 21134.04928
18.7000 4 14292.09088
18.8000 4 14512.29184
18.9000 4 13820.23168
19.0000 4 13552.8448
19.1000 4 17752.39168
19.2000 4 20940.06272
19.3000 4 21328.03584
19.4000 4 22030.58176
19.5000 4 21909.99552
19.6000 4 14868.80768
19.7000 4 14638.12096
19.8000 4 15151.9232
19.9000 4 15393.09568
20.0000 4 15592.32512
20.1000 4 9206.49728
