0.1000 4 0.0
0.2000 4 471.8592
0.3000 4 18528.33792
0.4000 4 25721.56928
0.5000 4 25920.79872
0.6000 4 26644.31616
0.7000 4 26445.08672
0.8000 4 26172.45696
0.9000 4 26350.71488
1.0000 4 25815.94112
1.1000 4 27367.8336
1.2000 4 26298.28608
1.3000 4 26382.17216
1.4000 4 26549.94432
1.5000 4 13720.61696
1.6000 4 6176.11264
1.7000 4 2343.56736
1.8000 4 0.0
1.9000 4 0.0
2.0000 4 0.0
2.1000 4 0.0
2.2000 4 0.0
2.3000 4 0.0
2.4000 4 1876.95104
2.5000 4 8409.57952
2.6000 4 21726.49472
2.7000 4 28384.95232
2.8000 4 27095.20384
2.9000 4 28080.86528
3.0000 4 26875.00288
3.1000 4 27430.74816
3.2000 4 26319.2576
3.3000 4 26298.28608
3.4000 4 26046.62784
3.5000 4 25805.45536
3.6000 4 19320.0128
3.7000 4 15178.1376
3.8000 4 12367.95392
3.9000 4 3895.45984
4.0000 4 73.40032
4.1000 4 6983.51616
4.2000 4 7885.29152
4.3000 4 7958.69184
4.4000 4 7937.72032
4.5000 4 8808.0384
4.6000 4 15676.2112
4.7000 4 20132.6592
4.8000 4 25836.91264
4.9000 4 25763.51232
5.0000 4 23760.73216
5.1000 4 20033.04448
5.2000 4 15697.18272
5.3000 4 13704.88832
5.4000 4 12981.37088
5.5000 4 18664.6528
5.6000 4 18905.82528
5.7000 4 19445.84192
5.8000 4 17951.62112
5.9000 4 17553.16224
6.0000 4 17542.67648
6.1000 4 18821.9392
6.2000 4 25354.56768
6.3000 4 24741.15072
6.4000 4 17815.30624
6.5000 4 15136.19456
6.6000 4 12787.38432
6.7000 4 5997.85472
6.8000 4 11010.048
6.9000 4 16882.0736
7.0000 4 18245.2224
7.1000 4 1121.97632
7.2000 4 650.11712
7.3000 4 1583.34976
7.4000 4 7895.77728
7.5000 4 33491.51744
7.6000 4 28835.84
7.7000 4 23734.51776
7.8000 4 20227.03104
7.9000 4 19094.56896
8.0000 4 19105.05472
8.1000 4 10747.904
8.2000 4 618.65984
8.3000 4 2600.46848
8.4000 4 0.0
8.5000 4 3848.27392
8.6000 4 22575.84128
8.7000 4 30969.69216
8.8000 4 24851.2512
8.9000 4 18292.40832
9.0000 4 4204.78976
9.1000 4 12750.68416
9.2000 4 10391.38816
9.3000 4 16016.9984
9.4000 4 21254.63552
9.5000 4 17437.81888
9.6000 4 22491.9552
9.7000 4 24279.77728
9.8000 4 15109.98016
9.9000 4 19314.76992
10.0000 4 16871.58784
10.1000 4 16221.47072
10.2000 4 23592.96
10.3000 4 23288.87296
10.4000 4 27242.00448
10.5000 4 25218.2528
10.6000 4 23493.34528
10.7000 4 16562.25792
10.8000 4 13212.0576
10.9000 4 14648.60672
11.0000 4 14742.97856
11.1000 4 9426.69824
11.2000 4 7151.28832
11.3000 4 11932.79488
11.4000 4 13212.0576
11.5000 4 14365.4912
11.6000 4 13096.71424
11.7000 4 13159.6288
11.8000 4 16871.58784
11.9000 4 26833.05984
12.0000 4 26487.02976
12.1000 4 26224.88576
12.2000 4 25365.05344
12.3000 4 25905.07008
12.4000 4 17909.67808
12.5000 4 18533.5808
12.6000 4 17846.76352
12.7000 4 19860.02944
12.8000 4 19734.20032
12.9000 4 21102.592
13.0000 4 20940.06272
13.1000 4 17878.2208
13.2000 4 18465.42336
13.3000 4 20347.61728
13.4000 4 20772.29056
13.5000 4 20122.17344
13.6000 4 21060.64896
13.7000 4 14449.37728
13.8000 4 19000.19712
13.9000 4 20080.2304
14.0000 4 23865.58976
14.1000 4 26979.86048
14.2000 4 24164.43392
14.3000 4 20971.52
14.4000 4 21244.14976
14.5000 4 20824.71936
14.6000 4 25600.98304
14.7000 4 20206.05952
14.8000 4 17170.432
14.9000 4 16315.84256
15.0000 4 13159.6288
15.1000 4 14098.10432
15.2000 4 12729.71264
15.3000 4 12624.85504
15.4000 4 13516.14464
15.5000 4 16525.55776
15.6000 4 19692.25728
15.7000 4 27420.2624
15.8000 4 25637.6832
15.9000 4 25207.76704
16.0000 4 23362.27328
16.1000 4 23267.90144
16.2000 4 17060.33152
16.3000 4 15393.09568
16.4000 4 15529.41056
16.5000 4 14816.37888
16.6000 4 11686.37952
16.7000 4 7927.23456
16.8000 4 16305.3568
16.9000 4 18428.7232
17.0000 4 14994.6368
17.1000 4 18905.82528
17.2000 4 19881.00096
17.3000 4 24683.47904
17.4000 4 28751.95392
17.5000 4 28647.09632
17.6000 4 28961.66912
17.7000 4 28924.96896
17.8000 4 16724.7872
17.9000 4 14050.9184
18.0000 4 19713.2288
18.1000 4 23729.27488
18.2000 4 26261.58592
18.3000 4 19938.67264
18.4000 4 12881.75616
18.5000 4 8136.94976
18.6000 4 8147.43552
18.7000 4 8063.54944
18.8000 4 10160.70144
18.9000 4 14585.69216
19.0000 4 19723.71456
19.1000 4 25768.7552
19.2000 4 21002.97728
19.3000 4 20122.17344
19.4000 4 21139.29216
19.5000 4 25595.74016
19.6000 4 28196.20864
19.7000 4 28311.552
19.8000 4 27913.09312
19.9000 4 27682.4064
20.0000 4 22790.79936
20.1000 4 20122.17344
20.2000 4 9007.26784
20.3000 4 6333.39904
20.4000 4 6008.34048
20.5000 4 10716.44672
20.6000 4 12247.36768
20.7000 4 12635.3408
20.8000 4 9547.28448
20.9000 4 12404.65408
21.0000 4 14879.29344
21.1000 4 20111.68768
21.2000 4 19430.11328
21.3000 4 18958.25408
21.4000 4 19063.11168
21.5000 4 19178.45504
21.6000 4 19209.91232
21.7000 4 19367.19872
21.8000 4 19839.05792
21.9000 4 17238.58944
22.0000 4 6291.456
22.1000 4 6401.55648
22.2000 4 0.0
