0.1000 4 0.0
0.2000 4 419.4304
0.3000 4 21097.34912
0.4000 4 26780.63104
0.5000 4 27294.43328
0.6000 4 27095.20384
0.7000 4 26875.00288
0.8000 4 27850.17856
0.9000 4 27483.17696
1.0000 4 27346.86208
1.1000 4 27525.12
1.2000 4 27084.71808
1.3000 4 27430.74816
1.4000 4 25831.66976
1.5000 4 11225.00608
1.6000 4 734.0032
1.7000 4 0.0
1.8000 4 0.0
1.9000 4 0.0
2.0000 4 0.0
2.1000 4 0.0
2.2000 4 0.0
2.3000 4 0.0
2.4000 4 5903.48288
2.5000 4 7686.06208
2.6000 4 21537.75104
2.7000 4 25606.22592
2.8000 4 25721.56928
2.9000 4 26770.14528
3.0000 4 26780.63104
3.1000 4 26958.88896
3.2000 4 26770.14528
3.3000 4 10338.95936
3.4000 4 4508.8768
3.5000 4 16992.17408
3.6000 4 20677.91872
3.7000 4 27315.4048
3.8000 4 23624.41728
3.9000 4 26177.69984
4.0000 4 21233.664
4.1000 4 16116.61312
4.2000 4 8273.26464
4.3000 4 8315.20768
4.4000 4 8210.35008
4.5000 4 2757.75488
4.6000 4 13453.23008
4.7000 4 8336.1792
4.8000 4 18418.23744
4.9000 4 24410.84928
5.0000 4 17752.39168
5.1000 4 21527.26528
5.2000 4 20352.86016
5.3000 4 26738.688
5.4000 4 27346.86208
5.5000 4 27629.9776
5.6000 4 27525.12
5.7000 4 22208.83968
5.8000 4 31666.9952
5.9000 4 28495.0528
6.0000 4 20405.28896
6.1000 4 13935.57504
6.2000 4 8068.79232
6.3000 4 5819.5968
6.4000 4 83.88608
6.5000 4 0.0
6.6000 4 4687.13472
6.7000 4 5179.96544
6.8000 4 9458.15552
6.9000 4 8388.608
7.0000 4 14910.75072
7.1000 4 17154.70336
7.2000 4 23876.07552
7.3000 4 22680.69888
7.4000 4 23498.58816
7.5000 4 13662.94528
7.6000 4 22439.5264
7.7000 4 29386.3424
7.8000 4 25291.65312
7.9000 4 27053.2608
8.0000 4 28846.32576
8.1000 4 27142.38976
8.2000 4 20074.98752
8.3000 4 18087.936
8.4000 4 13956.54656
8.5000 4 15062.79424
8.6000 4 15466.496
8.7000 4 13495.17312
8.8000 4 16892.55936
8.9000 4 9458.15552
9.0000 4 45377.1264
9.1000 4 21328.03584
9.2000 4 21527.26528
9.3000 4 21957.18144
9.4000 4 26864.51712
9.5000 4 28888.2688
9.6000 4 28426.89536
9.7000 4 28746.71104
9.8000 4 24793.57952
9.9000 4 14559.47776
10.0000 4 12614.36928
10.1000 4 6815.744
10.2000 4 3869.24544
10.3000 4 4582.27712
10.4000 4 8891.92448
10.5000 4 7030.70208
10.6000 4 8829.00992
10.7000 4 12478.0544
10.8000 4 18045.99296
10.9000 4 21160.26368
11.0000 4 27965.52192
11.1000 4 27871.15008
11.2000 4 28101.8368
11.3000 4 28122.80832
11.4000 4 28332.52352
11.5000 4 28474.08128
11.6000 4 27221.03296
11.7000 4 21286.0928
11.8000 4 21438.13632
11.9000 4 18124.63616
12.0000 4 10454.30272
12.1000 4 12367.95392
12.2000 4 8011.12064
12.3000 4 8095.00672
12.4000 4 8178.8928
12.5000 4 7528.77568
12.6000 4 13526.6304
12.7000 4 21034.43456
12.8000 4 26990.34624
12.9000 4 28285.3376
13.0000 4 28091.35104
13.1000 4 20342.3744
13.2000 4 20541.60384
13.3000 4 19901.97248
13.4000 4 16892.55936
13.5000 4 20143.14496
13.6000 4 30288.11776
13.7000 4 24730.66496
13.8000 4 16861.10208
13.9000 4 13149.14304
14.0000 4 13379.82976
14.1000 4 12415.13984
14.2000 4 22198.35392
14.3000 4 25653.41184
14.4000 4 22434.28352
14.5000 4 18381.53728
14.6000 4 15351.15264
14.7000 4 16567.5008
14.8000 4 21873.29536
14.9000 4 23634.90304
15.0000 4 28668.06784
15.1000 4 28788.65408
15.2000 4 26738.688
15.3000 4 20625.48992
15.4000 4 20085.47328
15.5000 4 14008.97536
15.6000 4 15057.55136
15.7000 4 18245.2224
15.8000 4 19230.88384
15.9000 4 20777.53344
16.0000 4 13552.8448
16.1000 4 12194.93888
16.2000 4 11670.65088
16.3000 4 12111.0528
16.4000 4 11911.82336
16.5000 4 18968.73984
16.6000 4 23047.70048
16.7000 4 23330.816
16.8000 4 23582.47424
16.9000 4 23886.56128
17.0000 4 23739.76064
17.1000 4 22067.28192
17.2000 4 17983.0784
17.3000 4 18669.89568
17.4000 4 19167.96928
17.5000 4 19073.59744
17.6000 4 19141.75488
17.7000 4 10742.66112
17.8000 4 7035.94496
17.9000 4 10664.01792
18.0000 4 15414.0672
18.1000 4 14134.80448
18.2000 4 14103.3472
18.3000 4 15718.15424
18.4000 4 23718.78912
18.5000 4 27808.23552
18.6000 4 26827.81696
18.7000 4 19325.25568
18.8000 4 19493.02784
18.9000 4 20064.50176
19.0000 4 22313.69728
19.1000 4 19230.88384
19.2000 4 19849.54368
19.3000 4 20531.11808
19.4000 4 20950.54848
19.5000 4 22046.3104
19.6000 4 17526.94784
19.7000 4 12677.28384
19.8000 4 12614.36928
19.9000 4 12666.79808
20.0000 4 12708.74112
20.1000 4 12472.81152
20.2000 4 15843.98336
20.3000 4 19293.7984
20.4000 4 15015.60832
20.5000 4 17783.84896
20.6000 4 23341.30176
20.7000 4 20887.63392
20.8000 4 20709.376
20.9000 4 18061.7216
21.0000 4 15235.80928
21.1000 4 13484.68736
21.2000 4 13044.28544
21.3000 4 7801.40544
