0.1000 4 0.0
0.2000 4 482.34496
0.3000 4 21726.49472
0.4000 4 23131.58656
0.5000 4 23676.84608
0.6000 4 24494.73536
0.7000 4 23708.30336
0.8000 4 24285.02016
0.9000 4 23330.816
1.0000 4 24305.99168
1.1000 4 24127.73376
1.2000 4 24683.47904
1.3000 4 24484.2496
1.4000 4 24520.94976
1.5000 4 16709.05856
1.6000 4 9662.62784
1.7000 4 7958.69184
1.8000 4 7953.44896
1.9000 4 1216.34816
2.0000 4 62.91456
2.1000 4 0.0
2.2000 4 0.0
2.3000 4 6815.744
2.4000 4 7885.29152
2.5000 4 10968.10496
2.6000 4 15697.18272
2.7000 4 22775.07072
2.8000 4 23813.16096
2.9000 4 23467.13088
3.0000 4 23949.47584
3.1000 4 23456.64512
3.2000 4 24075.30496
3.3000 4 22539.14112
3.4000 4 16483.61472
3.5000 4 16672.3584
3.6000 4 18580.76672
3.7000 4 23776.4608
3.8000 4 20342.3744
3.9000 4 20866.6624
4.0000 4 22088.25344
4.1000 4 15917.38368
4.2000 4 18103.66464
4.3000 4 14585.69216
4.4000 4 14522.7776
4.5000 4 16682.84416
4.6000 4 19692.25728
4.7000 4 24064.8192
4.8000 4 20127.41632
4.9000 4 18098.42176
5.0000 4 18633.19552
5.1000 4 18612.224
5.2000 4 22208.83968
5.3000 4 23278.3872
5.4000 4 23404.21632
5.5000 4 23561.50272
5.6000 4 22088.25344
5.7000 4 16195.25632
5.8000 4 14774.43584
5.9000 4 11287.92064
6.0000 4 7832.86272
6.1000 4 7822.37696
6.2000 4 12698.25536
6.3000 4 14690.54976
6.4000 4 17831.03488
6.5000 4 14050.9184
6.6000 4 17311.98976
6.7000 4 18140.3648
6.8000 4 22796.04224
6.9000 4 23362.27328
7.0000 4 23225.9584
7.1000 4 23236.44416
7.2000 4 23697.8176
7.3000 4 22329.42592
7.4000 4 18759.02464
7.5000 4 18072.20736
7.6000 4 14145.29024
7.7000 4 16441.67168
7.8000 4 19314.76992
7.9000 4 19493.02784
8.0000 4 23488.1024
8.1000 4 22119.71072
8.2000 4 18161.33632
8.3000 4 18171.82208
8.4000 4 15461.25312
8.5000 4 20677.91872
8.6000 4 22187.86816
8.7000 4 21684.55168
8.8000 4 21522.0224
8.9000 4 19021.16864
9.0000 4 20111.68768
9.1000 4 20808.99072
9.2000 4 18916.31104
9.3000 4 19356.71296
9.4000 4 19839.05792
9.5000 4 21862.8096
9.6000 4 24243.07712
9.7000 4 24264.04864
9.8000 4 21553.47968
9.9000 4 19126.02624
10.0000 4 14181.9904
10.1000 4 12582.912
10.2000 4 11455.6928
10.3000 4 10055.84384
10.4000 4 11765.02272
10.5000 4 17511.2192
10.6000 4 19241.3696
10.7000 4 22156.41088
10.8000 4 24337.44896
10.9000 4 23493.34528
11.0000 4 16504.58624
11.1000 4 18339.59424
11.2000 4 23047.70048
11.3000 4 21978.15296
11.4000 4 25490.88256
11.5000 4 24929.8944
11.6000 4 17154.70336
11.7000 4 16992.17408
11.8000 4 12257.85344
11.9000 4 12651.06944
12.0000 4 14176.74752
12.1000 4 14197.71904
12.2000 4 14417.92
12.3000 4 16766.73024
12.4000 4 20541.60384
12.5000 4 25637.6832
12.6000 4 25029.50912
12.7000 4 21244.14976
12.8000 4 19959.64416
12.9000 4 14365.4912
13.0000 4 13647.21664
13.1000 4 14092.86144
13.2000 4 15193.86624
13.3000 4 20541.60384
13.4000 4 20373.83168
13.5000 4 22518.1696
13.6000 4 20122.17344
13.7000 4 20017.31584
13.8000 4 20038.28736
13.9000 4 26172.45696
14.0000 4 27000.832
14.1000 4 26334.98624
14.2000 4 25333.59616
14.3000 4 20709.376
14.4000 4 21023.9488
14.5000 4 21542.99392
14.6000 4 15419.31008
14.7000 4 15728.64
14.8000 4 21904.75264
14.9000 4 9966.71488
15.0000 4 11974.73792
15.1000 4 7769.94816
15.2000 4 14648.60672
15.3000 4 19639.82848
15.4000 4 21480.07936
15.5000 4 22796.04224
15.6000 4 17437.81888
15.7000 4 17972.59264
15.8000 4 17878.2208
15.9000 4 19472.05632
16.0000 4 17825.792
16.1000 4 18035.5072
16.2000 4 23299.35872
16.3000 4 28594.66752
16.4000 4 27687.64928
16.5000 4 17841.52064
16.6000 4 14701.03552
16.7000 4 14858.32192
16.8000 4 14889.7792
16.9000 4 14648.60672
17.0000 4 10632.56064
17.1000 4 17238.58944
17.2000 4 13904.11776
17.3000 4 13851.68896
17.4000 4 14008.97536
17.5000 4 17941.13536
17.6000 4 21275.60704
17.7000 4 27273.46176
17.8000 4 20457.71776
17.9000 4 25302.13888
18.0000 4 28468.8384
18.1000 4 28107.07968
18.2000 4 19901.97248
18.3000 4 18953.0112
18.4000 4 17878.2208
18.5000 4 13704.88832
18.6000 4 19949.1584
18.7000 4 16064.18432
18.8000 4 15414.0672
18.9000 4 20132.6592
19.0000 4 18177.06496
19.1000 4 16777.216
19.2000 4 19881.00096
19.3000 4 21611.15136
19.4000 4 23592.96
19.5000 4 25679.62624
19.6000 4 24604.83584
19.7000 4 18108.90752
19.8000 4 17909.67808
19.9000 4 19146.99776
20.0000 4 19991.10144
20.1000 4 19152.24064
20.2000 4 14124.31872
20.3000 4 12949.9136
20.4000 4 11356.07808
20.5000 4 12561.94048
20.6000 4 14470.3488
20.7000 4 15235.80928
20.8000 4 10302.2592
20.9000 4 7801.40544
21.0000 4 7937.72032
21.1000 4 5363.46624
