0.1000 4 0.0
0.2000 4 367.0016
0.3000 4 19052.62592
0.4000 4 26675.77344
0.5000 4 27650.94912
0.6000 4 27755.80672
0.7000 4 27713.86368
0.8000 4 27168.60416
0.9000 4 27734.8352
1.0000 4 27483.17696
1.1000 4 27808.23552
1.2000 4 27965.52192
1.3000 4 27519.87712
1.4000 4 20635.97568
1.5000 4 11953.7664
1.6000 4 1567.62112
1.7000 4 0.0
1.8000 4 0.0
1.9000 4 0.0
2.0000 4 0.0
2.1000 4 5672.79616
2.2000 4 7633.63328
2.3000 4 7633.63328
2.4000 4 7507.80416
2.5000 4 8011.12064
2.6000 4 24138.21952
2.7000 4 27042.77504
2.8000 4 26078.08512
2.9000 4 26612.85888
3.0000 4 26633.8304
3.1000 4 26822.57408
3.2000 4 26555.1872
3.3000 4 16965.95968
3.4000 4 16986.9312
3.5000 4 18098.42176
3.6000 4 22397.58336
3.7000 4 22119.71072
3.8000 4 21002.97728
3.9000 4 14470.3488
4.0000 4 7843.34848
4.1000 4 14669.57824
4.2000 4 16074.67008
4.3000 4 15697.18272
4.4000 4 16357.7856
4.5000 4 16756.24448
4.6000 4 21962.42432
4.7000 4 18245.2224
4.8000 4 18066.96448
4.9000 4 18895.33952
5.0000 4 22051.55328
5.1000 4 26277.31456
5.2000 4 26707.23072
5.3000 4 25580.01152
5.4000 4 21548.2368
5.5000 4 21443.3792
5.6000 4 21674.06592
5.7000 4 21438.13632
5.8000 4 18800.96768
5.9000 4 14098.10432
6.0000 4 12042.89536
6.1000 4 6165.62688
6.2000 4 6039.79776
6.3000 4 12373.1968
6.4000 4 12803.11296
6.5000 4 12939.42784
6.6000 4 14355.00544
6.7000 4 23823.64672
6.8000 4 24096.27648
6.9000 4 25522.33984
7.0000 4 25994.19904
7.1000 4 25931.28448
7.2000 4 26256.34304
7.3000 4 23294.11584
7.4000 4 20992.49152
7.5000 4 16625.17248
7.6000 4 15005.12256
7.7000 4 10784.60416
7.8000 4 11953.7664
7.9000 4 7733.248
8.0000 4 5892.99712
8.1000 4 5819.5968
8.2000 4 10926.16192
8.3000 4 12383.68256
8.4000 4 13212.0576
8.5000 4 20080.2304
8.6000 4 24914.16576
8.7000 4 24998.05184
8.8000 4 27179.08992
8.9000 4 29674.7008
9.0000 4 30157.04576
9.1000 4 29365.37088
9.2000 4 21170.74944
9.3000 4 20803.74784
9.4000 4 17878.2208
9.5000 4 9835.64288
9.6000 4 14491.32032
9.7000 4 14386.46272
9.8000 4 9358.5408
9.9000 4 8084.52096
10.0000 4 8199.86432
10.1000 4 8220.83584
10.2000 4 18203.27936
10.3000 4 18412.99456
10.4000 4 18129.87904
10.5000 4 25039.99488
10.6000 4 23430.43072
10.7000 4 19713.2288
10.8000 4 19440.59904
10.9000 4 19681.77152
11.0000 4 23309.84448
11.1000 4 28814.86848
11.2000 4 29391.58528
11.3000 4 25087.1808
11.4000 4 21485.32224
11.5000 4 20200.81664
11.6000 4 14847.83616
11.7000 4 15524.16768
11.8000 4 15047.0656
11.9000 4 15298.72384
12.0000 4 14244.90496
12.1000 4 12132.02432
12.2000 4 14606.66368
12.3000 4 14512.29184
12.4000 4 17710.44864
12.5000 4 19597.88544
12.6000 4 25427.968
12.7000 4 25008.5376
12.8000 4 20368.5888
12.9000 4 18559.7952
13.0000 4 18905.82528
13.1000 4 19178.45504
13.2000 4 24977.08032
13.3000 4 20714.61888
13.4000 4 18612.224
13.5000 4 18297.6512
13.6000 4 13091.47136
13.7000 4 18916.31104
13.8000 4 20950.54848
13.9000 4 24515.70688
14.0000 4 29748.10112
14.1000 4 28327.28064
14.2000 4 23477.61664
14.3000 4 17401.11872
14.4000 4 14753.46432
14.5000 4 14722.00704
14.6000 4 16085.15584
14.7000 4 20782.77632
14.8000 4 20074.98752
14.9000 4 23451.40224
15.0000 4 14585.69216
15.1000 4 14260.6336
15.2000 4 14061.40416
15.3000 4 2107.63776
15.4000 4 681.5744
15.5000 4 660.60288
15.6000 4 1887.4368
15.7000 4 27242.00448
15.8000 4 27682.4064
15.9000 4 26833.05984
16.0000 4 26791.1168
16.1000 4 26686.2592
16.2000 4 23016.2432
16.3000 4 12457.08288
16.4000 4 2642.41152
16.5000 4 6606.0288
16.6000 4 6050.28352
16.7000 4 6270.48448
16.8000 4 17878.2208
16.9000 4 19241.3696
17.0000 4 4183.81824
17.1000 4 901.77536
17.2000 4 1614.80704
17.3000 4 408.94464
17.4000 4 28353.49504
17.5000 4 23341.30176
17.6000 4 12970.88512
17.7000 4 12614.36928
17.8000 4 12247.36768
17.9000 4 12499.02592
18.0000 4 9699.328
18.1000 4 0.0
18.2000 4 576.7168
18.3000 4 0.0
18.4000 4 0.0
18.5000 4 20426.26048
18.6000 4 27955.03616
18.7000 4 26717.71648
18.8000 4 26759.65952
18.9000 4 22748.85632
19.0000 4 19702.74304
19.1000 4 5442.10944
19.2000 4 20866.6624
19.3000 4 24484.2496
19.4000 4 26319.2576
19.5000 4 18591.25248
19.6000 4 16095.6416
19.7000 4 14423.16288
19.8000 4 9237.95456
19.9000 4 7235.1744
20.0000 4 7056.91648
20.1000 4 10234.10176
20.2000 4 13631.488
20.3000 4 18958.25408
20.4000 4 21878.53824
20.5000 4 16944.98816
20.6000 4 17448.30464
20.7000 4 26350.71488
20.8000 4 32684.11392
20.9000 4 408.94464
21.0000 4 19398.656
21.1000 4 34414.26432
21.2000 4 34429.99296
21.3000 4 26686.2592
21.4000 4 15676.2112
21.5000 4 5567.93856
21.6000 4 5840.56832
21.7000 4 12362.71104
21.8000 4 11135.87712
21.9000 4 10716.44672
22.0000 4 9846.12864
22.1000 4 9793.69984
22.2000 4 10747.904
22.3000 4 10653.53216
22.4000 4 13033.79968
22.5000 4 12158.23872
22.6000 4 5463.08096
22.7000 4 5861.53984
22.8000 4 5908.72576
