0.1000 4 0.0
0.2000 4 534.77376
0.3000 4 15015.60832
0.4000 4 26004.6848
0.5000 4 20300.43136
0.6000 4 14092.86144
0.7000 4 29087.49824
0.8000 4 27252.49024
0.9000 4 11146.36288
1.0000 4 5945.42592
1.1000 4 891.2896
1.2000 4 12268.3392
1.3000 4 23152.55808
1.4000 4 27996.9792
1.5000 4 26979.86048
1.6000 4 26135.7568
1.7000 4 25113.3952
1.8000 4 11450.44992
1.9000 4 12326.01088
2.0000 4 23855.104
2.1000 4 1310.72
2.2000 4 6081.7408
2.3000 4 6218.05568
2.4000 4 8210.35008
2.5000 4 18171.82208
2.6000 4 22837.98528
2.7000 4 25302.13888
2.8000 4 23938.99008
2.9000 4 10003.41504
3.0000 4 23173.5296
3.1000 4 31803.31008
3.2000 4 27944.5504
3.3000 4 23540.5312
3.4000 4 19110.2976
3.5000 4 4765.77792
3.6000 4 482.34496
3.7000 4 146.80064
3.8000 4 2998.92736
3.9000 4 4949.27872
4.0000 4 10517.21728
4.1000 4 14061.40416
4.2000 4 17983.0784
4.3000 4 34047.26272
4.4000 4 27346.86208
4.5000 4 30592.2048
4.6000 4 23792.18944
4.7000 4 15744.36864
4.8000 4 20698.89024
4.9000 4 16667.11552
5.0000 4 16368.27136
5.1000 4 14790.16448
5.2000 4 11943.28064
5.3000 4 10999.56224
5.4000 4 11848.9088
5.5000 4 15214.83776
5.6000 4 18371.05152
5.7000 4 25773.99808
5.8000 4 26182.94272
5.9000 4 28437.38112
6.0000 4 27734.8352
6.1000 4 27320.64768
6.2000 4 24285.02016
6.3000 4 21548.2368
6.4000 4 21726.49472
6.5000 4 21836.5952
6.6000 4 15670.96832
6.7000 4 12326.01088
6.8000 4 7371.48928
6.9000 4 8996.78208
7.0000 4 11964.25216
7.1000 4 11995.70944
7.2000 4 11932.79488
7.3000 4 20688.40448
7.4000 4 23267.90144
7.5000 4 23488.1024
7.6000 4 23267.90144
7.7000 4 23372.75904
7.8000 4 23016.2432
7.9000 4 23530.04544
8.0000 4 21700.28032
8.1000 4 15665.72544
8.2000 4 15791.55456
8.3000 4 14664.33536
8.4000 4 14087.61856
8.5000 4 16661.87264
8.6000 4 14606.66368
8.7000 4 18523.09504
8.8000 4 17039.36
8.9000 4 15267.26656
9.0000 4 19513.99936
9.1000 4 21369.97888
9.2000 4 25742.5408
9.3000 4 25344.08192
9.4000 4 25899.8272
9.5000 4 25396.51072
9.6000 4 20400.04608
9.7000 4 14003.73248
9.8000 4 10789.84704
9.9000 4 10527.70304
10.0000 4 11953.7664
10.1000 4 14355.00544
10.2000 4 18182.30784
10.3000 4 20494.41792
10.4000 4 18654.16704
10.5000 4 22229.8112
10.6000 4 20898.11968
10.7000 4 24442.30656
10.8000 4 25632.44032
10.9000 4 25805.45536
11.0000 4 20971.52
11.1000 4 21097.34912
11.2000 4 21018.70592
11.3000 4 10648.28928
11.4000 4 10286.53056
11.5000 4 10223.616
11.6000 4 11062.4768
11.7000 4 10548.67456
11.8000 4 12514.75456
11.9000 4 17479.76192
12.0000 4 16714.30144
12.1000 4 19042.14016
12.2000 4 20583.54688
12.3000 4 24033.36192
12.4000 4 24159.19104
12.5000 4 24526.19264
12.6000 4 23844.61824
12.7000 4 26717.71648
12.8000 4 29160.89856
12.9000 4 24971.83744
13.0000 4 20321.40288
13.1000 4 16268.65664
13.2000 4 11403.264
13.3000 4 10459.5456
13.4000 4 9395.24096
13.5000 4 8220.83584
13.6000 4 8053.06368
13.7000 4 10517.21728
13.8000 4 12886.99904
13.9000 4 14302.57664
14.0000 4 14344.51968
14.1000 4 23225.9584
14.2000 4 24033.36192
14.3000 4 24243.07712
14.4000 4 24704.45056
14.5000 4 25108.15232
14.6000 4 22072.5248
14.7000 4 16263.41376
14.8000 4 12441.35424
14.9000 4 10202.64448
15.0000 4 12226.39616
15.1000 4 18308.13696
15.2000 4 22088.25344
15.3000 4 19167.96928
15.4000 4 18287.16544
15.5000 4 18832.42496
15.6000 4 21390.9504
15.7000 4 24148.70528
15.8000 4 24138.21952
15.9000 4 24096.27648
16.0000 4 24206.37696
16.1000 4 23021.48608
16.2000 4 14627.6352
16.3000 4 13662.94528
16.4000 4 13327.40096
16.5000 4 9431.94112
16.6000 4 8367.63648
16.7000 4 13961.78944
16.8000 4 14292.09088
16.9000 4 14701.03552
17.0000 4 20069.74464
17.1000 4 21716.00896
17.2000 4 24725.42208
17.3000 4 26549.94432
17.4000 4 26717.71648
17.5000 4 26738.688
17.6000 4 26675.77344
17.7000 4 26675.77344
17.8000 4 24505.22112
17.9000 4 12886.99904
18.0000 4 12907.97056
18.1000 4 13023.31392
18.2000 4 12850.29888
18.3000 4 7340.032
18.4000 4 14391.7056
18.5000 4 14784.9216
18.6000 4 14596.17792
18.7000 4 18685.62432
18.8000 4 20782.77632
18.9000 4 24431.8208
19.0000 4 25868.36992
19.1000 4 27640.46336
19.2000 4 26161.9712
19.3000 4 27179.08992
19.4000 4 26995.58912
19.5000 4 20630.7328
19.6000 4 17039.36
19.7000 4 15282.9952
19.8000 4 9007.26784
19.9000 4 12656.31232
20.0000 4 14365.4912
20.1000 4 14900.26496
20.2000 4 15005.12256
20.3000 4 20761.8048
20.4000 4 12661.5552
20.5000 4 10055.84384
20.6000 4 25333.59616
20.7000 4 24809.30816
20.8000 4 22963.8144
20.9000 4 15555.62496
21.0000 4 13264.4864
21.1000 4 13107.2
21.2000 4 14029.94688
21.3000 4 12116.29568
21.4000 4 6312.42752
21.5000 4 6207.56992
21.6000 4 3308.25728
