0.1000 4 0.0
0.2000 4 356.51584
0.3000 4 13673.43104
0.4000 4 25228.73856
0.5000 4 25365.05344
0.6000 4 25994.19904
0.7000 4 25742.5408
0.8000 4 25490.88256
0.9000 4 25637.6832
1.0000 4 25438.45376
1.1000 4 26235.37152
1.2000 4 25931.28448
1.3000 4 25417.48224
1.4000 4 20221.78816
1.5000 4 18601.73824
1.6000 4 14727.24992
1.7000 4 5347.7376
1.8000 4 7748.97664
1.9000 4 7979.66336
2.0000 4 7759.4624
2.1000 4 7853.83424
2.2000 4 7014.97344
2.3000 4 11502.87872
2.4000 4 20646.46144
2.5000 4 25333.59616
2.6000 4 25081.93792
2.7000 4 25459.42528
2.8000 4 25427.968
2.9000 4 21490.56512
3.0000 4 18633.19552
3.1000 4 18832.42496
3.2000 4 20006.83008
3.3000 4 25826.42688
3.4000 4 25773.99808
3.5000 4 24007.14752
3.6000 4 17521.70496
3.7000 4 14307.81952
3.8000 4 12121.53856
3.9000 4 10805.57568
4.0000 4 12362.71104
4.1000 4 13033.79968
4.2000 4 21548.2368
4.3000 4 20200.81664
4.4000 4 19272.82688
4.5000 4 21244.14976
4.6000 4 22041.06752
4.7000 4 24641.536
4.8000 4 25375.5392
4.9000 4 25815.94112
5.0000 4 25532.8256
5.1000 4 25690.112
5.2000 4 25763.51232
5.3000 4 17217.61792
5.4000 4 12708.74112
5.5000 4 8939.1104
5.6000 4 7895.77728
5.7000 4 7874.80576
5.8000 4 7927.23456
5.9000 4 7717.51936
6.0000 4 13563.33056
6.1000 4 19797.11488
6.2000 4 23163.04384
6.3000 4 23928.50432
6.4000 4 25669.14048
6.5000 4 26549.94432
6.6000 4 27986.49344
6.7000 4 27221.03296
6.8000 4 26895.9744
6.9000 4 26749.17376
7.0000 4 26696.74496
7.1000 4 17144.2176
7.2000 4 11335.10656
7.3000 4 11282.67776
7.4000 4 14512.29184
7.5000 4 17909.67808
7.6000 4 15214.83776
7.7000 4 14952.69376
7.8000 4 14522.7776
7.9000 4 14260.6336
8.0000 4 19199.42656
8.1000 4 27776.77824
8.2000 4 28343.00928
8.3000 4 28301.06624
8.4000 4 27976.00768
8.5000 4 24059.57632
8.6000 4 21086.86336
8.7000 4 14947.45088
8.8000 4 13547.60192
8.9000 4 17867.73504
9.0000 4 21831.35232
9.1000 4 24730.66496
9.2000 4 22371.36896
9.3000 4 15466.496
9.4000 4 14732.4928
9.5000 4 14847.83616
9.6000 4 15141.43744
9.7000 4 20730.34752
9.8000 4 24442.30656
9.9000 4 24620.56448
10.0000 4 21868.05248
10.1000 4 16766.73024
10.2000 4 16861.10208
10.3000 4 16572.74368
10.4000 4 17437.81888
10.5000 4 17972.59264
10.6000 4 19325.25568
10.7000 4 25092.42368
10.8000 4 23383.2448
10.9000 4 22874.68544
11.0000 4 17007.90272
11.1000 4 17228.10368
11.2000 4 13489.93024
11.3000 4 12928.94208
11.4000 4 16661.87264
11.5000 4 18633.19552
11.6000 4 23126.34368
11.7000 4 20101.20192
11.8000 4 20195.57376
11.9000 4 20468.20352
12.0000 4 24148.70528
12.1000 4 22072.5248
12.2000 4 23079.15776
12.3000 4 23514.3168
12.4000 4 19786.62912
12.5000 4 20940.06272
12.6000 4 15990.784
12.7000 4 8367.63648
12.8000 4 14753.46432
12.9000 4 16273.89952
13.0000 4 20300.43136
13.1000 4 23341.30176
13.2000 4 23341.30176
13.3000 4 23582.47424
13.4000 4 22313.69728
13.5000 4 19707.98592
13.6000 4 18979.2256
13.7000 4 19650.31424
13.8000 4 21789.40928
13.9000 4 24190.64832
14.0000 4 23944.23296
14.1000 4 15670.96832
14.2000 4 12100.56704
14.3000 4 10375.65952
14.4000 4 6490.68544
14.5000 4 6501.1712
14.6000 4 6155.14112
14.7000 4 12645.82656
14.8000 4 19461.57056
14.9000 4 24033.36192
15.0000 4 24180.16256
15.1000 4 24043.84768
15.2000 4 19477.2992
15.3000 4 19115.54048
15.4000 4 19146.99776
15.5000 4 22984.78592
15.6000 4 23886.56128
15.7000 4 23834.13248
15.8000 4 24049.09056
15.9000 4 17301.504
16.0000 4 14433.64864
16.1000 4 12079.59552
16.2000 4 12090.08128
16.3000 4 16357.7856
16.4000 4 16100.88448
16.5000 4 17039.36
16.6000 4 19220.39808
16.7000 4 20698.89024
16.8000 4 24631.05024
16.9000 4 20714.61888
17.0000 4 19912.45824
17.1000 4 20719.86176
17.2000 4 22817.01376
17.3000 4 25721.56928
17.4000 4 23273.14432
17.5000 4 17228.10368
17.6000 4 17762.87744
17.7000 4 16127.09888
17.8000 4 20562.57536
17.9000 4 21128.8064
18.0000 4 14837.3504
18.1000 4 18255.70816
18.2000 4 19272.82688
18.3000 4 20331.88864
18.4000 4 20101.20192
18.5000 4 22533.89824
18.6000 4 19844.3008
18.7000 4 18769.5104
18.8000 4 20447.232
18.9000 4 21899.50976
19.0000 4 17500.73344
19.1000 4 18318.62272
19.2000 4 2548.03968
19.3000 4 15969.81248
19.4000 4 29706.15808
19.5000 4 20845.69088
19.6000 4 3323.98592
19.7000 4 1436.54912
19.8000 4 2034.23744
19.9000 4 0.0
20.0000 4 23608.68864
20.1000 4 16352.54272
20.2000 4 5368.70912
20.3000 4 15036.57984
20.4000 4 14522.7776
20.5000 4 14071.88992
20.6000 4 13904.11776
20.7000 4 94.37184
20.8000 4 199.22944
20.9000 4 8441.0368
21.0000 4 8147.43552
21.1000 4 5615.12448
21.2000 4 1022.3616
