0.1000 4 0.0
0.2000 4 440.40192
0.3000 4 14491.32032
0.4000 4 24893.19424
0.5000 4 27158.1184
0.6000 4 26906.46016
0.7000 4 26424.1152
0.8000 4 26948.4032
0.9000 4 27000.832
1.0000 4 27084.71808
1.1000 4 27011.31776
1.2000 4 27818.72128
1.3000 4 27928.82176
1.4000 4 19136.512
1.5000 4 8157.92128
1.6000 4 7224.68864
1.7000 4 7203.71712
1.8000 4 3402.62912
1.9000 4 0.0
2.0000 4 0.0
2.1000 4 220.20096
2.2000 4 7969.1776
2.3000 4 8000.63488
2.4000 4 14753.46432
2.5000 4 21443.3792
2.6000 4 26633.8304
2.7000 4 28531.75296
2.8000 4 27598.52032
2.9000 4 27881.63584
3.0000 4 28007.46496
3.1000 4 27850.17856
3.2000 4 28065.13664
3.3000 4 22670.21312
3.4000 4 22271.75424
3.5000 4 17888.70656
3.6000 4 7738.49088
3.7000 4 13337.88672
3.8000 4 8960.08192
3.9000 4 6805.25824
4.0000 4 6731.85792
4.1000 4 6721.37216
4.2000 4 6700.40064
4.3000 4 10926.16192
4.4000 4 21527.26528
4.5000 4 23016.2432
4.6000 4 25134.36672
4.7000 4 25144.85248
4.8000 4 25197.28128
4.9000 4 20368.5888
5.0000 4 19146.99776
5.1000 4 19251.85536
5.2000 4 19671.28576
5.3000 4 24893.19424
5.4000 4 18627.95264
5.5000 4 16347.29984
5.6000 4 16787.70176
5.7000 4 16939.74528
5.8000 4 14239.66208
5.9000 4 17291.01824
6.0000 4 16258.17088
6.1000 4 15854.46912
6.2000 4 18717.0816
6.3000 4 18570.28096
6.4000 4 22229.8112
6.5000 4 22916.62848
6.6000 4 21432.89344
6.7000 4 21191.72096
6.8000 4 21569.20832
6.9000 4 21569.20832
7.0000 4 23697.8176
7.1000 4 22476.22656
7.2000 4 16357.7856
7.3000 4 13951.30368
7.4000 4 10066.3296
7.5000 4 9961.472
7.6000 4 15115.22304
7.7000 4 13505.65888
7.8000 4 15938.3552
7.9000 4 20478.68928
8.0000 4 21202.20672
8.1000 4 24222.1056
8.2000 4 24505.22112
8.3000 4 23068.672
8.4000 4 22240.29696
8.5000 4 23708.30336
8.6000 4 24610.07872
8.7000 4 24756.87936
8.8000 4 13935.57504
8.9000 4 13065.25696
9.0000 4 11497.63584
9.1000 4 13400.80128
9.2000 4 12184.45312
9.3000 4 18475.90912
9.4000 4 16981.68832
9.5000 4 21390.9504
9.6000 4 21674.06592
9.7000 4 21548.2368
9.8000 4 26717.71648
9.9000 4 27315.4048
10.0000 4 36616.27392
10.1000 4 28122.80832
10.2000 4 19089.32608
10.3000 4 15707.66848
10.4000 4 7859.07712
10.5000 4 6532.62848
10.6000 4 9730.78528
10.7000 4 20090.71616
10.8000 4 22512.92672
10.9000 4 12546.21184
11.0000 4 10485.76
11.1000 4 13395.5584
11.2000 4 4089.4464
11.3000 4 11272.192
11.4000 4 272.62976
11.5000 4 8482.97984
11.6000 4 20363.34592
11.7000 4 25826.42688
11.8000 4 21978.15296
11.9000 4 24012.3904
12.0000 4 22775.07072
12.1000 4 23026.72896
12.2000 4 20971.52
12.3000 4 21716.00896
12.4000 4 23566.7456
12.5000 4 15398.33856
12.6000 4 11345.59232
12.7000 4 3198.1568
12.8000 4 272.62976
12.9000 4 901.77536
13.0000 4 0.0
13.1000 4 9851.37152
13.2000 4 17280.53248
13.3000 4 22837.98528
13.4000 4 21301.82144
13.5000 4 14281.60512
13.6000 4 16861.10208
13.7000 4 9154.06848
13.8000 4 9447.66976
13.9000 4 4949.27872
14.0000 4 30775.7056
14.1000 4 27724.34944
14.2000 4 24704.45056
14.3000 4 24924.65152
14.4000 4 22764.58496
14.5000 4 24505.22112
14.6000 4 12378.43968
14.7000 4 2170.55232
14.8000 4 2181.03808
14.9000 4 2778.7264
15.0000 4 10412.35968
15.1000 4 29370.61376
15.2000 4 26796.35968
15.3000 4 18947.76832
15.4000 4 7969.1776
15.5000 4 6994.00192
15.6000 4 7088.37376
15.7000 4 7014.97344
15.8000 4 6742.34368
15.9000 4 10370.41664
16.0000 4 14229.17632
16.1000 4 14166.26176
16.2000 4 15754.8544
16.3000 4 16672.3584
16.4000 4 17532.19072
16.5000 4 18004.04992
16.6000 4 22806.528
16.7000 4 24473.76384
16.8000 4 23928.50432
16.9000 4 24421.33504
17.0000 4 24515.70688
17.1000 4 22124.9536
17.2000 4 23834.13248
17.3000 4 23661.11744
17.4000 4 19340.98432
17.5000 4 15387.8528
17.6000 4 8304.72192
17.7000 4 7528.77568
17.8000 4 5719.98208
17.9000 4 1279.26272
18.0000 4 7109.34528
18.1000 4 6668.94336
18.2000 4 6941.57312
18.3000 4 6931.08736
18.4000 4 7214.20288
18.5000 4 15770.58304
18.6000 4 21789.40928
18.7000 4 18916.31104
18.8000 4 22093.49632
18.9000 4 30607.93344
19.0000 4 27771.53536
19.1000 4 22942.84288
19.2000 4 18790.48192
19.3000 4 18790.48192
19.4000 4 18444.45184
19.5000 4 22984.78592
19.6000 4 25207.76704
19.7000 4 25732.05504
19.8000 4 21023.9488
19.9000 4 14092.86144
20.0000 4 13846.44608
20.1000 4 7119.83104
20.2000 4 7056.91648
20.3000 4 7423.91808
20.4000 4 7182.7456
20.5000 4 7623.14752
20.6000 4 7785.6768
20.7000 4 14533.26336
20.8000 4 22030.58176
20.9000 4 20122.17344
21.0000 4 21443.3792
21.1000 4 28626.1248
21.2000 4 26057.1136
21.3000 4 25753.02656
21.4000 4 25344.08192
21.5000 4 25784.48384
21.6000 4 25926.0416
21.7000 4 22282.24
21.8000 4 21002.97728
21.9000 4 14250.14784
22.0000 4 6270.48448
22.1000 4 10171.1872
22.2000 4 6558.84288
22.3000 4 6731.85792
22.4000 4 6878.65856
22.5000 4 6773.80096
22.6000 4 6878.65856
22.7000 4 7130.3168
22.8000 4 7465.86112
22.9000 4 7602.176
23.0000 4 7686.06208
23.1000 4 7581.20448
23.2000 4 3025.14176
