0.1000 4 0.0
0.2000 4 482.34496
0.3000 4 20971.52
0.4000 4 29999.75936
0.5000 4 29527.90016
0.6000 4 28710.01088
0.7000 4 31090.2784
0.8000 4 31258.05056
0.9000 4 31090.2784
1.0000 4 31310.47936
1.1000 4 30974.93504
1.2000 4 30330.0608
1.3000 4 23126.34368
1.4000 4 11765.02272
1.5000 4 1101.0048
1.6000 4 0.0
1.7000 4 0.0
1.8000 4 0.0
1.9000 4 0.0
2.0000 4 0.0
2.1000 4 387.97312
2.2000 4 7329.54624
2.3000 4 7361.00352
2.4000 4 7402.94656
2.5000 4 9982.44352
2.6000 4 23330.816
2.7000 4 27252.49024
2.8000 4 27262.976
2.9000 4 26675.77344
3.0000 4 27095.20384
3.1000 4 28175.23712
3.2000 4 27829.20704
3.3000 4 23252.1728
3.4000 4 19304.28416
3.5000 4 20017.31584
3.6000 4 15975.05536
3.7000 4 13752.07424
3.8000 4 13558.08768
3.9000 4 13505.65888
4.0000 4 8551.13728
4.1000 4 6805.25824
4.2000 4 7990.14912
4.3000 4 16965.95968
4.4000 4 17374.90432
4.5000 4 19126.02624
4.6000 4 23016.2432
4.7000 4 23404.21632
4.8000 4 23215.47264
4.9000 4 23194.50112
5.0000 4 23351.78752
5.1000 4 21480.07936
5.2000 4 17983.0784
5.3000 4 15555.62496
5.4000 4 13128.17152
5.5000 4 13589.54496
5.6000 4 13149.14304
5.7000 4 17249.0752
5.8000 4 19823.32928
5.9000 4 16195.25632
6.0000 4 15047.0656
6.1000 4 15109.98016
6.2000 4 15267.26656
6.3000 4 15109.98016
6.4000 4 14774.43584
6.5000 4 17395.87584
6.6000 4 23341.30176
6.7000 4 23802.6752
6.8000 4 23765.97504
6.9000 4 15272.50944
7.0000 4 12341.73952
7.1000 4 12499.02592
7.2000 4 12394.16832
7.3000 4 12373.1968
7.4000 4 12121.53856
7.5000 4 13170.11456
7.6000 4 22817.01376
7.7000 4 23760.73216
7.8000 4 24106.76224
7.9000 4 22727.8848
8.0000 4 18895.33952
8.1000 4 18900.5824
8.2000 4 14313.0624
8.3000 4 14732.4928
8.4000 4 20415.77472
8.5000 4 20646.46144
8.6000 4 21065.89184
8.7000 4 18696.11008
8.8000 4 11744.0512
8.9000 4 11702.10816
9.0000 4 11586.7648
9.1000 4 11523.85024
9.2000 4 11345.59232
9.3000 4 13683.9168
9.4000 4 21139.29216
9.5000 4 23163.04384
9.6000 4 23404.21632
9.7000 4 23561.50272
9.8000 4 23834.13248
9.9000 4 18402.5088
10.0000 4 12708.74112
10.1000 4 11335.10656
10.2000 4 9007.26784
10.3000 4 11146.36288
10.4000 4 11906.58048
10.5000 4 7633.63328
10.6000 4 7381.97504
10.7000 4 9772.72832
10.8000 4 16965.95968
10.9000 4 18606.98112
11.0000 4 16997.41696
11.1000 4 17385.39008
11.2000 4 17563.648
11.3000 4 22533.89824
11.4000 4 25354.56768
11.5000 4 25973.22752
11.6000 4 25836.91264
11.7000 4 26004.6848
11.8000 4 26004.6848
11.9000 4 25564.28288
12.0000 4 26371.6864
12.1000 4 20137.90208
12.2000 4 7790.91968
12.3000 4 5840.56832
12.4000 4 6469.71392
12.5000 4 3434.0864
12.6000 4 62.91456
12.7000 4 0.0
12.8000 4 73.40032
12.9000 4 62.91456
13.0000 4 0.0
13.1000 4 73.40032
13.2000 4 849.34656
13.3000 4 9500.09856
13.4000 4 7203.71712
13.5000 4 26833.05984
13.6000 4 23100.12928
13.7000 4 23058.18624
13.8000 4 11387.53536
13.9000 4 356.51584
14.0000 4 12446.59712
14.1000 4 29014.09792
14.2000 4 24767.36512
14.3000 4 29139.92704
14.4000 4 23404.21632
14.5000 4 24148.70528
14.6000 4 24222.1056
14.7000 4 17857.24928
14.8000 4 11083.44832
14.9000 4 11607.73632
15.0000 4 12037.65248
15.1000 4 8986.29632
15.2000 4 4037.0176
15.3000 4 0.0
15.4000 4 0.0
15.5000 4 0.0
15.6000 4 4928.3072
15.7000 4 15340.66688
15.8000 4 15298.72384
15.9000 4 15361.6384
16.0000 4 14638.12096
16.1000 4 20552.0896
16.2000 4 20615.00416
16.3000 4 26728.20224
16.4000 4 26549.94432
16.5000 4 25878.85568
16.6000 4 1142.94784
16.7000 4 524.288
16.8000 4 14103.3472
16.9000 4 0.0
17.0000 4 18203.27936
17.1000 4 13631.488
17.2000 4 22308.4544
17.3000 4 5242.88
17.4000 4 4487.90528
17.5000 4 7392.4608
17.6000 4 11209.27744
17.7000 4 35641.09824
17.8000 4 15623.7824
17.9000 4 9185.52576
18.0000 4 13668.18816
18.1000 4 9007.26784
18.2000 4 7224.68864
18.3000 4 7402.94656
18.4000 4 7140.80256
18.5000 4 8860.4672
18.6000 4 18958.25408
18.7000 4 22203.5968
18.8000 4 18475.90912
18.9000 4 19010.68288
19.0000 4 18748.53888
19.1000 4 19755.17184
19.2000 4 25333.59616
19.3000 4 25480.3968
19.4000 4 24190.64832
19.5000 4 25506.6112
19.6000 4 19755.17184
19.7000 4 19314.76992
19.8000 4 19047.38304
19.9000 4 14197.71904
20.0000 4 18853.39648
20.1000 4 19314.76992
20.2000 4 19430.11328
20.3000 4 20798.50496
20.4000 4 17883.46368
20.5000 4 18475.90912
20.6000 4 15319.69536
20.7000 4 15466.496
20.8000 4 15529.41056
20.9000 4 15560.86784
21.0000 4 16436.4288
21.1000 4 16368.27136
21.2000 4 18874.368
21.3000 4 18937.28256
21.4000 4 20085.47328
21.5000 4 21034.43456
21.6000 4 20772.29056
21.7000 4 19031.6544
21.8000 4 17364.41856
21.9000 4 22083.01056
22.0000 4 27556.57728
22.1000 4 26287.80032
22.2000 4 25244.4672
22.3000 4 19236.12672
22.4000 4 12708.74112
22.5000 4 6086.98368
22.6000 4 5001.70752
22.7000 4 12614.36928
22.8000 4 8189.37856
22.9000 4 8388.608
23.0000 4 11723.07968
23.1000 4 13925.08928
23.2000 4 13049.52832
23.3000 4 11607.73632
23.4000 4 8608.80896
23.5000 4 9279.8976
23.6000 4 14428.40576
23.7000 4 16735.27296
23.8000 4 15330.18112
23.9000 4 15403.58144
24.0000 4 15550.38208
24.1000 4 15539.89632
24.2000 4 9091.15392
