0.1000 4 0.0
0.2000 4 377.48736
0.3000 4 18465.42336
0.4000 4 27976.00768
0.5000 4 28867.29728
0.6000 4 28636.61056
0.7000 4 28384.95232
0.8000 4 28689.03936
0.9000 4 28762.43968
1.0000 4 28720.49664
1.1000 4 28814.86848
1.2000 4 28049.408
1.3000 4 28783.4112
1.4000 4 17395.87584
1.5000 4 6679.42912
1.6000 4 73.40032
1.7000 4 62.91456
1.8000 4 0.0
1.9000 4 0.0
2.0000 4 62.91456
2.1000 4 52.4288
2.2000 4 62.91456
2.3000 4 0.0
2.4000 4 0.0
2.5000 4 0.0
2.6000 4 3114.27072
2.7000 4 11848.9088
2.8000 4 15151.9232
2.9000 4 22785.55648
3.0000 4 24882.70848
3.1000 4 24861.73696
3.2000 4 24264.04864
3.3000 4 25207.76704
3.4000 4 25260.19584
3.5000 4 25427.968
3.6000 4 25291.65312
3.7000 4 23650.63168
3.8000 4 18329.10848
3.9000 4 18365.80864
4.0000 4 13495.17312
4.1000 4 8918.13888
4.2000 4 6805.25824
4.3000 4 12331.25376
4.4000 4 11696.86528
4.5000 4 8095.00672
4.6000 4 8084.52096
4.7000 4 7707.0336
4.8000 4 6784.28672
4.9000 4 6710.8864
5.0000 4 15162.40896
5.1000 4 18926.7968
5.2000 4 21485.32224
5.3000 4 26350.71488
5.4000 4 23304.6016
5.5000 4 20573.06112
5.6000 4 20258.48832
5.7000 4 20132.6592
5.8000 4 22208.83968
5.9000 4 27315.4048
6.0000 4 26581.4016
6.1000 4 28028.43648
6.2000 4 26240.6144
6.3000 4 19377.68448
6.4000 4 8273.26464
6.5000 4 8220.83584
6.6000 4 10412.35968
6.7000 4 15456.01024
6.8000 4 15178.1376
6.9000 4 8084.52096
7.0000 4 8923.38176
7.1000 4 15990.784
7.2000 4 18255.70816
7.3000 4 21757.952
7.4000 4 22208.83968
7.5000 4 27252.49024
7.6000 4 28668.06784
7.7000 4 22717.39904
7.8000 4 20751.31904
7.9000 4 20835.20512
8.0000 4 21286.0928
8.1000 4 19582.1568
8.2000 4 22376.61184
8.3000 4 22722.64192
8.4000 4 20777.53344
8.5000 4 17511.2192
8.6000 4 20630.7328
8.7000 4 15823.01184
8.8000 4 15843.98336
8.9000 4 15948.84096
9.0000 4 18926.7968
9.1000 4 21925.72416
9.2000 4 17076.06016
9.3000 4 21128.8064
9.4000 4 21789.40928
9.5000 4 21490.56512
9.6000 4 15151.9232
9.7000 4 18486.39488
9.8000 4 19010.68288
9.9000 4 18706.59584
10.0000 4 23446.15936
10.1000 4 24840.76544
10.2000 4 23524.80256
10.3000 4 18302.89408
10.4000 4 15927.86944
10.5000 4 15833.4976
10.6000 4 15906.89792
10.7000 4 16032.72704
10.8000 4 16001.26976
10.9000 4 16357.7856
11.0000 4 18287.16544
11.1000 4 14742.97856
11.2000 4 14606.66368
11.3000 4 14722.00704
11.4000 4 14826.86464
11.5000 4 14973.66528
11.6000 4 14963.17952
11.7000 4 14952.69376
11.8000 4 24253.56288
11.9000 4 28080.86528
12.0000 4 28437.38112
12.1000 4 22077.76768
12.2000 4 15503.19616
12.3000 4 14774.43584
12.4000 4 15099.4944
12.5000 4 14921.23648
12.6000 4 15183.38048
12.7000 4 16546.52928
12.8000 4 22790.79936
12.9000 4 17207.13216
13.0000 4 15209.59488
13.1000 4 14627.6352
13.2000 4 14680.064
13.3000 4 14701.03552
13.4000 4 14753.46432
13.5000 4 18203.27936
13.6000 4 22418.55488
13.7000 4 26235.37152
13.8000 4 22423.79776
13.9000 4 17920.16384
14.0000 4 17909.67808
14.1000 4 16111.37024
14.2000 4 14071.88992
14.3000 4 20541.60384
14.4000 4 15686.69696
14.5000 4 0.0
14.6000 4 24148.70528
14.7000 4 24195.8912
14.8000 4 10590.6176
14.9000 4 23267.90144
15.0000 4 18444.45184
15.1000 4 20258.48832
15.2000 4 28678.5536
15.3000 4 29339.15648
15.4000 4 25281.16736
15.5000 4 17637.04832
15.6000 4 7769.94816
15.7000 4 16190.01344
15.8000 4 16352.54272
15.9000 4 9342.81216
16.0000 4 8346.66496
16.1000 4 10873.73312
16.2000 4 14580.44928
16.3000 4 8011.12064
16.4000 4 15225.32352
16.5000 4 15393.09568
16.6000 4 15403.58144
16.7000 4 17731.42016
16.8000 4 20415.77472
16.9000 4 19335.74144
17.0000 4 14638.12096
17.1000 4 24358.42048
17.2000 4 32537.31328
17.3000 4 27168.60416
17.4000 4 23603.44576
17.5000 4 14029.94688
17.6000 4 12729.71264
17.7000 4 12813.59872
17.8000 4 12813.59872
17.9000 4 14412.67712
18.0000 4 9489.6128
18.1000 4 6595.54304
18.2000 4 2521.82528
18.3000 4 7392.4608
18.4000 4 15739.12576
18.5000 4 15781.0688
18.6000 4 15676.2112
18.7000 4 15728.64
18.8000 4 15487.46752
18.9000 4 21170.74944
19.0000 4 28426.89536
19.1000 4 28395.43808
19.2000 4 28500.29568
19.3000 4 26513.24416
19.4000 4 18722.32448
19.5000 4 13662.94528
19.6000 4 15414.0672
19.7000 4 15057.55136
19.8000 4 15623.7824
19.9000 4 4341.10464
20.0000 4 12850.29888
20.1000 4 8703.1808
20.2000 4 12923.6992
20.3000 4 18507.3664
20.4000 4 15980.29824
20.5000 4 15592.32512
20.6000 4 18937.28256
20.7000 4 26277.31456
20.8000 4 25826.42688
20.9000 4 30398.21824
21.0000 4 30440.16128
21.1000 4 29291.97056
21.2000 4 17946.37824
21.3000 4 15151.9232
21.4000 4 15141.43744
21.5000 4 14942.208
21.6000 4 10784.60416
21.7000 4 7371.48928
21.8000 4 7340.032
21.9000 4 7371.48928
22.0000 4 602.9312
22.1000 4 6857.68704
22.2000 4 7329.54624
22.3000 4 7193.23136
22.4000 4 7319.06048
22.5000 4 7319.06048
22.6000 4 7381.97504
22.7000 4 7895.77728
22.8000 4 8409.57952
22.9000 4 8367.63648
23.0000 4 8409.57952
23.1000 4 2060.45184
