0.1000 4 0.0
0.2000 4 377.48736
0.3000 4 19304.28416
0.4000 4 26361.20064
0.5000 4 26413.62944
0.6000 4 26539.45856
0.7000 4 26350.71488
0.8000 4 26382.17216
0.9000 4 26581.4016
1.0000 4 26654.80192
1.1000 4 26549.94432
1.2000 4 26560.43008
1.3000 4 26188.1856
1.4000 4 15356.39552
1.5000 4 13453.23008
1.6000 4 12383.68256
1.7000 4 3785.35936
1.8000 4 73.40032
1.9000 4 73.40032
2.0000 4 5609.8816
2.1000 4 13841.2032
2.2000 4 13662.94528
2.3000 4 14501.80608
2.4000 4 19524.48512
2.5000 4 23184.01536
2.6000 4 24452.79232
2.7000 4 24536.6784
2.8000 4 24903.68
2.9000 4 24935.13728
3.0000 4 24924.65152
3.1000 4 24945.62304
3.2000 4 25019.02336
3.3000 4 21616.39424
3.4000 4 19173.21216
3.5000 4 11225.00608
3.6000 4 8399.09376
3.7000 4 2899.31264
3.8000 4 7298.08896
3.9000 4 7350.51776
4.0000 4 7277.11744
4.1000 4 7308.57472
4.2000 4 11146.36288
4.3000 4 20237.5168
4.4000 4 27996.9792
4.5000 4 27388.80512
4.6000 4 27074.23232
4.7000 4 28762.43968
4.8000 4 28951.18336
4.9000 4 28909.24032
5.0000 4 24416.09216
5.1000 4 24232.59136
5.2000 4 24421.33504
5.3000 4 24075.30496
5.4000 4 11759.77984
5.5000 4 8011.12064
5.6000 4 7958.69184
5.7000 4 7958.69184
5.8000 4 7969.1776
5.9000 4 10569.64608
6.0000 4 26130.51392
6.1000 4 29066.52672
6.2000 4 28710.01088
6.3000 4 26660.0448
6.4000 4 20929.57696
6.5000 4 18706.59584
6.6000 4 19660.8
6.7000 4 24452.79232
6.8000 4 24893.19424
6.9000 4 25092.42368
7.0000 4 24730.66496
7.1000 4 18774.75328
7.2000 4 13453.23008
7.3000 4 12263.09632
7.4000 4 6113.19808
7.5000 4 6018.82624
7.6000 4 8839.49568
7.7000 4 12173.96736
7.8000 4 17364.41856
7.9000 4 23100.12928
8.0000 4 22591.56992
8.1000 4 17888.70656
8.2000 4 17678.99136
8.3000 4 18643.68128
8.4000 4 23592.96
8.5000 4 24410.84928
8.6000 4 24494.73536
8.7000 4 24683.47904
8.8000 4 24683.47904
8.9000 4 21522.0224
9.0000 4 18171.82208
9.1000 4 17149.46048
9.2000 4 10396.63104
9.3000 4 13662.94528
9.4000 4 13820.23168
9.5000 4 14008.97536
9.6000 4 13841.2032
9.7000 4 20546.84672
9.8000 4 23372.75904
9.9000 4 22900.89984
10.0000 4 23110.61504
10.1000 4 24526.19264
10.2000 4 28033.67936
10.3000 4 21569.20832
10.4000 4 20761.8048
10.5000 4 20615.00416
10.6000 4 20982.00576
10.7000 4 20829.96224
10.8000 4 19293.7984
10.9000 4 19026.41152
11.0000 4 13274.97216
11.1000 4 18350.08
11.2000 4 18685.62432
11.3000 4 20919.0912
11.4000 4 26245.85728
11.5000 4 23692.57472
11.6000 4 20069.74464
11.7000 4 20101.20192
11.8000 4 22166.89664
11.9000 4 26665.28768
12.0000 4 26466.05824
12.1000 4 23938.99008
12.2000 4 13767.80288
12.3000 4 13479.44448
12.4000 4 7423.91808
12.5000 4 6322.91328
12.6000 4 6239.0272
12.7000 4 6186.5984
12.8000 4 6039.79776
12.9000 4 15728.64
13.0000 4 21820.86656
13.1000 4 26728.20224
13.2000 4 23640.14592
13.3000 4 20321.40288
13.4000 4 19881.00096
13.5000 4 20950.54848
13.6000 4 28940.6976
13.7000 4 30377.24672
13.8000 4 30146.56
13.9000 4 24237.83424
14.0000 4 20698.89024
14.1000 4 20588.78976
14.2000 4 15560.86784
14.3000 4 19592.64256
14.4000 4 15728.64
14.5000 4 16777.216
14.6000 4 17013.1456
14.7000 4 15550.38208
14.8000 4 19870.5152
14.9000 4 20709.376
15.0000 4 25522.33984
15.1000 4 29496.44288
15.2000 4 28909.24032
15.3000 4 21039.67744
15.4000 4 19545.45664
15.5000 4 19776.14336
15.6000 4 20615.00416
15.7000 4 21060.64896
15.8000 4 19629.34272
15.9000 4 21369.97888
16.0000 4 18418.23744
16.1000 4 11025.77664
16.2000 4 14071.88992
16.3000 4 3093.2992
16.4000 4 346.03008
16.5000 4 7497.3184
16.6000 4 9500.09856
16.7000 4 18580.76672
16.8000 4 34561.06496
16.9000 4 29496.44288
17.0000 4 28720.49664
17.1000 4 11817.45152
17.2000 4 4005.56032
17.3000 4 32615.95648
17.4000 4 14334.03392
17.5000 4 5012.19328
17.6000 4 4005.56032
17.7000 4 2128.60928
17.8000 4 9636.41344
17.9000 4 19440.59904
18.0000 4 23278.3872
18.1000 4 39499.85792
18.2000 4 27892.1216
18.3000 4 14056.16128
18.4000 4 13715.37408
18.5000 4 7214.20288
18.6000 4 7507.80416
18.7000 4 7077.888
18.8000 4 16751.0016
18.9000 4 7801.40544
19.0000 4 15497.95328
19.1000 4 26843.5456
19.2000 4 24085.79072
19.3000 4 25427.968
19.4000 4 28353.49504
19.5000 4 28542.23872
19.6000 4 28154.2656
19.7000 4 28898.75456
19.8000 4 26387.41504
19.9000 4 15178.1376
20.0000 4 13851.68896
20.1000 4 10522.46016
20.2000 4 7256.14592
20.3000 4 3355.4432
20.4000 4 4299.1616
20.5000 4 15681.45408
20.6000 4 6186.5984
20.7000 4 6123.68384
20.8000 4 6805.25824
20.9000 4 7738.49088
21.0000 4 7675.57632
21.1000 4 7707.0336
21.2000 4 7675.57632
21.3000 4 8136.94976
21.4000 4 8241.80736
21.5000 4 4126.14656
