0.1000 4 0.0
0.2000 4 367.0016
0.3000 4 18182.30784
0.4000 4 27671.92064
0.5000 4 28395.43808
0.6000 4 27776.77824
0.7000 4 27567.06304
0.8000 4 27755.80672
0.9000 4 29276.24192
1.0000 4 29485.95712
1.1000 4 29643.24352
1.2000 4 29517.4144
1.3000 4 25202.52416
1.4000 4 14512.29184
1.5000 4 6102.71232
1.6000 4 6018.82624
1.7000 4 2930.76992
1.8000 4 849.34656
1.9000 4 6385.82784
2.0000 4 6322.91328
2.1000 4 6385.82784
2.2000 4 6165.62688
2.3000 4 13883.14624
2.4000 4 24473.76384
2.5000 4 25952.256
2.6000 4 25857.88416
2.7000 4 25952.256
2.8000 4 26266.8288
2.9000 4 26214.4
3.0000 4 26382.17216
3.1000 4 26266.8288
3.2000 4 18921.55392
3.3000 4 15492.7104
3.4000 4 10978.59072
3.5000 4 11765.02272
3.6000 4 11403.264
3.7000 4 12278.82496
3.8000 4 15026.09408
3.9000 4 15566.11072
4.0000 4 15613.29664
4.1000 4 19000.19712
4.2000 4 19692.25728
4.3000 4 23613.93152
4.4000 4 25532.8256
4.5000 4 25375.5392
4.6000 4 25448.93952
4.7000 4 25092.42368
4.8000 4 23954.71872
4.9000 4 18004.04992
5.0000 4 19335.74144
5.1000 4 19178.45504
5.2000 4 16284.38528
5.3000 4 14501.80608
5.4000 4 14659.09248
5.5000 4 14627.6352
5.6000 4 10553.91744
5.7000 4 7895.77728
5.8000 4 18402.5088
5.9000 4 20898.11968
6.0000 4 22921.87136
6.1000 4 25763.51232
6.2000 4 23797.43232
6.3000 4 17846.76352
6.4000 4 17678.99136
6.5000 4 17920.16384
6.6000 4 25438.45376
6.7000 4 25344.08192
6.8000 4 25973.22752
6.9000 4 26182.94272
7.0000 4 19760.41472
7.1000 4 9175.04
7.2000 4 5190.4512
7.3000 4 15901.65504
7.4000 4 19052.62592
7.5000 4 18129.87904
7.6000 4 20373.83168
7.7000 4 21826.10944
7.8000 4 16237.19936
7.9000 4 12173.96736
8.0000 4 13306.42944
8.1000 4 14260.6336
8.2000 4 15686.69696
8.3000 4 21957.18144
8.4000 4 24106.76224
8.5000 4 24872.22272
8.6000 4 24977.08032
8.7000 4 24762.12224
8.8000 4 18397.26592
8.9000 4 14470.3488
9.0000 4 14501.80608
9.1000 4 14501.80608
9.2000 4 15277.75232
9.3000 4 20305.67424
9.4000 4 17647.53408
9.5000 4 15733.88288
9.6000 4 13054.7712
9.7000 4 12236.88192
9.8000 4 12572.42624
9.9000 4 17584.61952
10.0000 4 20331.88864
10.1000 4 20929.57696
10.2000 4 22135.43936
10.3000 4 24410.84928
10.4000 4 25144.85248
10.5000 4 24945.62304
10.6000 4 22203.5968
10.7000 4 17511.2192
10.8000 4 18219.008
10.9000 4 13799.26016
11.0000 4 19419.62752
11.1000 4 17558.40512
11.2000 4 18114.1504
11.3000 4 13379.82976
11.4000 4 13012.82816
11.5000 4 12289.31072
11.6000 4 17416.84736
11.7000 4 21579.69408
11.8000 4 23204.98688
11.9000 4 23026.72896
12.0000 4 23288.87296
12.1000 4 23215.47264
12.2000 4 23320.33024
12.3000 4 19613.61408
12.4000 4 17217.61792
12.5000 4 18014.53568
12.6000 4 20552.0896
12.7000 4 15718.15424
12.8000 4 12299.79648
12.9000 4 12404.65408
13.0000 4 12478.0544
13.1000 4 12184.45312
13.2000 4 12042.89536
13.3000 4 17511.2192
13.4000 4 19870.5152
13.5000 4 18759.02464
13.6000 4 23309.84448
13.7000 4 24987.56608
13.8000 4 22549.62688
13.9000 4 21055.40608
14.0000 4 20772.29056
14.1000 4 21212.69248
14.2000 4 24159.19104
14.3000 4 24526.19264
14.4000 4 17180.91776
14.5000 4 15781.0688
14.6000 4 18738.05312
14.7000 4 13888.38912
14.8000 4 16651.38688
14.9000 4 16467.88608
15.0000 4 15246.29504
15.1000 4 21401.43616
15.2000 4 21674.06592
15.3000 4 24232.59136
15.4000 4 26088.57088
15.5000 4 20966.27712
15.6000 4 18423.48032
15.7000 4 18276.67968
15.8000 4 21747.46624
15.9000 4 25123.88096
16.0000 4 25155.33824
16.1000 4 25412.23936
16.2000 4 19110.2976
16.3000 4 13568.57344
16.4000 4 13778.28864
16.5000 4 13222.54336
16.6000 4 9610.19904
16.7000 4 6868.1728
16.8000 4 16955.47392
16.9000 4 19954.40128
17.0000 4 16866.34496
17.1000 4 18759.02464
17.2000 4 18905.82528
17.3000 4 20908.60544
17.4000 4 27451.71968
17.5000 4 25994.19904
17.6000 4 27105.6896
17.7000 4 26822.57408
17.8000 4 26948.4032
17.9000 4 20074.98752
18.0000 4 19262.34112
18.1000 4 19430.11328
18.2000 4 21165.50656
18.3000 4 21836.5952
18.4000 4 12011.43808
18.5000 4 7801.40544
18.6000 4 8063.54944
18.7000 4 14564.72064
18.8000 4 14627.6352
18.9000 4 14837.3504
19.0000 4 21820.86656
19.1000 4 26445.08672
19.2000 4 27084.71808
19.3000 4 23052.94336
19.4000 4 18433.96608
19.5000 4 19073.59744
19.6000 4 19167.96928
19.7000 4 2778.7264
19.8000 4 199.22944
19.9000 4 398.45888
20.0000 4 2013.26592
20.1000 4 29118.95552
20.2000 4 25412.23936
20.3000 4 13715.37408
20.4000 4 14659.09248
20.5000 4 20646.46144
20.6000 4 14947.45088
20.7000 4 12425.6256
20.8000 4 10878.976
20.9000 4 8032.09216
21.0000 4 8168.40704
21.1000 4 6233.78432
