0.1000 4 0.0
0.2000 4 356.51584
0.3000 4 18077.45024
0.4000 4 24043.84768
0.5000 4 25386.02496
0.6000 4 25113.3952
0.7000 4 23257.41568
0.8000 4 22911.3856
0.9000 4 22523.41248
1.0000 4 23278.3872
1.1000 4 22670.21312
1.2000 4 23362.27328
1.3000 4 23467.13088
1.4000 4 18984.46848
1.5000 4 13018.07104
1.6000 4 12519.99744
1.7000 4 12630.09792
1.8000 4 7927.23456
1.9000 4 7633.63328
2.0000 4 6412.04224
2.1000 4 8053.06368
2.2000 4 8870.95296
2.3000 4 15508.43904
2.4000 4 15550.38208
2.5000 4 15487.46752
2.6000 4 21873.29536
2.7000 4 29433.52832
2.8000 4 29569.8432
2.9000 4 29423.04256
3.0000 4 29800.52992
3.1000 4 22109.22496
3.2000 4 21506.29376
3.3000 4 17243.83232
3.4000 4 15151.9232
3.5000 4 20992.49152
3.6000 4 22214.08256
3.7000 4 14218.69056
3.8000 4 21050.1632
3.9000 4 15550.38208
4.0000 4 15309.2096
4.1000 4 15162.40896
4.2000 4 21841.83808
4.3000 4 23456.64512
4.4000 4 23750.2464
4.5000 4 25076.69504
4.6000 4 19367.19872
4.7000 4 19576.91392
4.8000 4 18082.69312
4.9000 4 15246.29504
5.0000 4 18559.7952
5.1000 4 18486.39488
5.2000 4 20971.52
5.3000 4 20379.07456
5.4000 4 19419.62752
5.5000 4 19755.17184
5.6000 4 21013.46304
5.7000 4 25543.31136
5.8000 4 25648.16896
5.9000 4 25218.2528
6.0000 4 25380.78208
6.1000 4 18433.96608
6.2000 4 19215.1552
6.3000 4 15120.46592
6.4000 4 9945.74336
6.5000 4 13065.25696
6.6000 4 14711.52128
6.7000 4 12724.46976
6.8000 4 7476.34688
6.9000 4 7486.83264
7.0000 4 7465.86112
7.1000 4 7748.97664
7.2000 4 18402.5088
7.3000 4 19702.74304
7.4000 4 26497.51552
7.5000 4 27231.51872
7.6000 4 23189.25824
7.7000 4 19157.48352
7.8000 4 19094.56896
7.9000 4 16127.09888
8.0000 4 22240.29696
8.1000 4 26570.91584
8.2000 4 26450.3296
8.3000 4 23163.04384
8.4000 4 20651.70432
8.5000 4 15120.46592
8.6000 4 14680.064
8.7000 4 13070.49984
8.8000 4 14680.064
8.9000 4 14375.97696
9.0000 4 17490.24768
9.1000 4 20850.93376
9.2000 4 16473.12896
9.3000 4 21296.57856
9.4000 4 21349.00736
9.5000 4 23184.01536
9.6000 4 29066.52672
9.7000 4 29045.5552
9.8000 4 29192.35584
9.9000 4 24437.06368
10.0000 4 22649.2416
10.1000 4 16394.48576
10.2000 4 11943.28064
10.3000 4 13122.92864
10.4000 4 11555.30752
10.5000 4 11649.67936
10.6000 4 14019.46112
10.7000 4 18292.40832
10.8000 4 15560.86784
10.9000 4 15686.69696
11.0000 4 17154.70336
11.1000 4 18685.62432
11.2000 4 23341.30176
11.3000 4 24190.64832
11.4000 4 24232.59136
11.5000 4 24452.79232
11.6000 4 24358.42048
11.7000 4 22014.85312
11.8000 4 15303.96672
11.9000 4 13191.08608
12.0000 4 13149.14304
12.1000 4 13117.68576
12.2000 4 12000.95232
12.3000 4 12708.74112
12.4000 4 15707.66848
12.5000 4 20043.53024
12.6000 4 13075.74272
12.7000 4 15550.38208
12.8000 4 19241.3696
12.9000 4 19430.11328
13.0000 4 21600.6656
13.1000 4 24127.73376
13.2000 4 24148.70528
13.3000 4 24159.19104
13.4000 4 24159.19104
13.5000 4 23970.44736
13.6000 4 20546.84672
13.7000 4 19618.85696
13.8000 4 13867.4176
13.9000 4 12824.08448
14.0000 4 13683.9168
14.1000 4 18853.39648
14.2000 4 8829.00992
14.3000 4 14921.23648
14.4000 4 15581.83936
14.5000 4 15424.55296
14.6000 4 15414.0672
14.7000 4 15403.58144
14.8000 4 15781.0688
14.9000 4 26927.43168
15.0000 4 28762.43968
15.1000 4 24741.15072
15.2000 4 18832.42496
15.3000 4 23031.97184
15.4000 4 15141.43744
15.5000 4 15686.69696
15.6000 4 21684.55168
15.7000 4 20195.57376
15.8000 4 24463.27808
15.9000 4 26843.5456
16.0000 4 20798.50496
16.1000 4 17720.9344
16.2000 4 17102.27456
16.3000 4 12923.6992
16.4000 4 17259.56096
16.5000 4 18339.59424
16.6000 4 18937.28256
16.7000 4 16813.91616
16.8000 4 20615.00416
16.9000 4 8996.78208
17.0000 4 25312.62464
17.1000 4 28615.63904
17.2000 4 283.11552
17.3000 4 35080.11008
17.4000 4 22858.9568
17.5000 4 22397.58336
17.6000 4 20085.47328
17.7000 4 16368.27136
17.8000 4 23986.176
17.9000 4 12645.82656
18.0000 4 17605.59104
18.1000 4 22754.0992
18.2000 4 23603.44576
18.3000 4 22119.71072
18.4000 4 24652.02176
18.5000 4 24421.33504
18.6000 4 24620.56448
18.7000 4 8367.63648
18.8000 4 29134.68416
18.9000 4 19356.71296
19.0000 4 18654.16704
19.1000 4 20468.20352
19.2000 4 29365.37088
19.3000 4 21018.70592
19.4000 4 15183.38048
19.5000 4 15089.00864
19.6000 4 15026.09408
19.7000 4 14281.60512
19.8000 4 9825.15712
19.9000 4 23178.77248
20.0000 4 17668.5056
20.1000 4 16106.12736
20.2000 4 14265.87648
20.3000 4 7738.49088
20.4000 4 7937.72032
20.5000 4 8074.0352
20.6000 4 8357.15072
20.7000 4 8346.66496
20.8000 4 540.01664
