0.1000 4 0.0
0.2000 4 367.0016
0.3000 4 17427.33312
0.4000 4 23372.75904
0.5000 4 24599.59296
0.6000 4 25281.16736
0.7000 4 25165.824
0.8000 4 25165.824
0.9000 4 25134.36672
1.0000 4 25386.02496
1.1000 4 24851.2512
1.2000 4 24033.36192
1.3000 4 23949.47584
1.4000 4 24222.1056
1.5000 4 19419.62752
1.6000 4 14438.89152
1.7000 4 8136.94976
1.8000 4 723.51744
1.9000 4 62.91456
2.0000 4 0.0
2.1000 4 0.0
2.2000 4 901.77536
2.3000 4 9290.38336
2.4000 4 12907.97056
2.5000 4 15718.15424
2.6000 4 21915.2384
2.7000 4 21789.40928
2.8000 4 22020.096
2.9000 4 22083.01056
3.0000 4 22282.24
3.1000 4 22460.49792
3.2000 4 22334.6688
3.3000 4 22366.12608
3.4000 4 22549.62688
3.5000 4 18140.3648
3.6000 4 18051.23584
3.7000 4 13746.83136
3.8000 4 13977.51808
3.9000 4 15927.86944
4.0000 4 18968.73984
4.1000 4 22670.21312
4.2000 4 15508.43904
4.3000 4 14575.2064
4.4000 4 14501.80608
4.5000 4 14344.51968
4.6000 4 17196.6464
4.7000 4 21181.2352
4.8000 4 24652.02176
4.9000 4 24767.36512
5.0000 4 20352.86016
5.1000 4 13715.37408
5.2000 4 12645.82656
5.3000 4 12582.912
5.4000 4 12457.08288
5.5000 4 17699.96288
5.6000 4 20153.63072
5.7000 4 21747.46624
5.8000 4 22020.096
5.9000 4 22135.43936
6.0000 4 21626.88
6.1000 4 15739.12576
6.2000 4 14538.50624
6.3000 4 11544.82176
6.4000 4 13453.23008
6.5000 4 16640.90112
6.6000 4 20531.11808
6.7000 4 22297.96864
6.8000 4 20017.31584
6.9000 4 19755.17184
7.0000 4 20898.11968
7.1000 4 22423.79776
7.2000 4 18612.224
7.3000 4 18329.10848
7.4000 4 17899.19232
7.5000 4 19188.9408
7.6000 4 23089.64352
7.7000 4 23383.2448
7.8000 4 22853.71392
7.9000 4 12095.32416
8.0000 4 11639.1936
8.1000 4 11618.22208
8.2000 4 11702.10816
8.3000 4 9400.48384
8.4000 4 14438.89152
8.5000 4 20164.11648
8.6000 4 21590.17984
8.7000 4 22963.8144
8.8000 4 23225.9584
8.9000 4 23246.92992
9.0000 4 23063.42912
9.1000 4 18570.28096
9.2000 4 18276.67968
9.3000 4 17154.70336
9.4000 4 19199.42656
9.5000 4 23771.21792
9.6000 4 23440.91648
9.7000 4 17039.36
9.8000 4 17133.73184
9.9000 4 14564.72064
10.0000 4 10768.87552
10.1000 4 11282.67776
10.2000 4 11356.07808
10.3000 4 14900.26496
10.4000 4 15372.12416
10.5000 4 23393.73056
10.6000 4 25029.50912
10.7000 4 25071.45216
10.8000 4 21889.024
10.9000 4 18517.85216
11.0000 4 16116.61312
11.1000 4 18318.62272
11.2000 4 8561.62304
11.3000 4 24998.05184
11.4000 4 20940.06272
11.5000 4 22932.35712
11.6000 4 21668.82304
11.7000 4 17962.10688
11.8000 4 18161.33632
11.9000 4 19692.25728
12.0000 4 20127.41632
12.1000 4 19985.85856
12.2000 4 20258.48832
12.3000 4 11377.0496
12.4000 4 39080.42752
12.5000 4 18093.17888
12.6000 4 21170.74944
12.7000 4 11125.39136
12.8000 4 15036.57984
12.9000 4 20284.70272
13.0000 4 13337.88672
13.1000 4 19870.5152
13.2000 4 12782.14144
13.3000 4 19241.3696
13.4000 4 25580.01152
13.5000 4 13762.56
13.6000 4 12289.31072
13.7000 4 13054.7712
13.8000 4 702.54592
13.9000 4 20971.52
14.0000 4 21653.0944
14.1000 4 26612.85888
14.2000 4 25066.20928
14.3000 4 21076.3776
14.4000 4 17773.3632
14.5000 4 18790.48192
14.6000 4 18947.76832
14.7000 4 19498.27072
14.8000 4 1101.0048
14.9000 4 1142.94784
15.0000 4 2516.5824
15.1000 4 9583.98464
15.2000 4 33522.97472
15.3000 4 29255.2704
15.4000 4 24861.73696
15.5000 4 23676.84608
15.6000 4 22130.19648
15.7000 4 12913.21344
15.8000 4 15445.52448
15.9000 4 15010.36544
16.0000 4 12886.99904
16.1000 4 7581.20448
16.2000 4 12111.0528
16.3000 4 17783.84896
16.4000 4 20982.00576
16.5000 4 24405.6064
16.6000 4 25585.2544
16.7000 4 22565.35552
16.8000 4 20415.77472
16.9000 4 20730.34752
17.0000 4 22460.49792
17.1000 4 27095.20384
17.2000 4 25716.3264
17.3000 4 19000.19712
17.4000 4 18627.95264
17.5000 4 16630.41536
17.6000 4 17458.7904
17.7000 4 19587.39968
17.8000 4 19555.9424
17.9000 4 25076.69504
18.0000 4 21411.92192
18.1000 4 21291.33568
18.2000 4 21894.26688
18.3000 4 13830.71744
18.4000 4 17773.3632
18.5000 4 19618.85696
18.6000 4 22748.85632
18.7000 4 17416.84736
18.8000 4 17458.7904
18.9000 4 18066.96448
19.0000 4 21238.90688
19.1000 4 21170.74944
19.2000 4 19839.05792
19.3000 4 20856.17664
19.4000 4 20709.376
19.5000 4 24767.36512
19.6000 4 25815.94112
19.7000 4 25674.38336
19.8000 4 25165.824
19.9000 4 16436.4288
20.0000 4 12991.85664
20.1000 4 8362.3936
20.2000 4 6134.1696
20.3000 4 6176.11264
20.4000 4 7581.20448
20.5000 4 14365.4912
20.6000 4 10658.77504
20.7000 4 7769.94816
20.8000 4 9783.21408
20.9000 4 12478.0544
21.0000 4 15403.58144
21.1000 4 14942.208
21.2000 4 14680.064
21.3000 4 14910.75072
21.4000 4 14732.4928
21.5000 4 14826.86464
21.6000 4 10071.57248
21.7000 4 7371.48928
21.8000 4 498.0736
