0.1000 4 0.0
0.2000 4 471.8592
0.3000 4 17920.16384
0.4000 4 23467.13088
0.5000 4 23267.90144
0.6000 4 23404.21632
0.7000 4 22932.35712
0.8000 4 23278.3872
0.9000 4 23131.58656
1.0000 4 23393.73056
1.1000 4 23184.01536
1.2000 4 23278.3872
1.3000 4 23152.55808
1.4000 4 21836.5952
1.5000 4 16273.89952
1.6000 4 16132.34176
1.7000 4 11298.4064
1.8000 4 7707.0336
1.9000 4 8467.2512
2.0000 4 5756.68224
2.1000 4 6616.51456
2.2000 4 6689.91488
2.3000 4 6742.34368
2.4000 4 6794.77248
2.5000 4 6952.05888
2.6000 4 6752.82944
2.7000 4 6920.6016
2.8000 4 17406.3616
2.9000 4 21044.92032
3.0000 4 21611.15136
3.1000 4 21380.46464
3.2000 4 17747.1488
3.3000 4 16116.61312
3.4000 4 16693.32992
3.5000 4 17049.84576
3.6000 4 19146.99776
3.7000 4 22691.18464
3.8000 4 23016.2432
3.9000 4 23016.2432
4.0000 4 23194.50112
4.1000 4 21710.76608
4.2000 4 15419.31008
4.3000 4 14061.40416
4.4000 4 14187.23328
4.5000 4 9526.31296
4.6000 4 6742.34368
4.7000 4 6658.4576
4.8000 4 3507.48672
4.9000 4 62.91456
5.0000 4 73.40032
5.1000 4 5609.8816
5.2000 4 11765.02272
5.3000 4 12226.39616
5.4000 4 12446.59712
5.5000 4 14459.86304
5.6000 4 17102.27456
5.7000 4 23897.04704
5.8000 4 22942.84288
5.9000 4 22911.3856
6.0000 4 22900.89984
6.1000 4 22450.01216
6.2000 4 22953.32864
6.3000 4 22166.89664
6.4000 4 23236.44416
6.5000 4 11366.56384
6.6000 4 1415.5776
6.7000 4 11523.85024
6.8000 4 23577.23136
6.9000 4 20405.28896
7.0000 4 6978.27328
7.1000 4 73.40032
7.2000 4 0.0
7.3000 4 0.0
7.4000 4 0.0
7.5000 4 0.0
7.6000 4 3219.12832
7.7000 4 7560.23296
7.8000 4 7486.83264
7.9000 4 7497.3184
8.0000 4 7581.20448
8.1000 4 7497.3184
8.2000 4 7423.91808
8.3000 4 15361.6384
8.4000 4 25165.824
8.5000 4 25857.88416
8.6000 4 35987.12832
8.7000 4 23194.50112
8.8000 4 23005.75744
8.9000 4 20662.19008
9.0000 4 19671.28576
9.1000 4 19975.3728
9.2000 4 15739.12576
9.3000 4 20017.31584
9.4000 4 12105.80992
9.5000 4 5221.90848
9.6000 4 19372.4416
9.7000 4 9526.31296
9.8000 4 7361.00352
9.9000 4 8598.3232
10.0000 4 15204.352
10.1000 4 14784.9216
10.2000 4 14774.43584
10.3000 4 14585.69216
10.4000 4 14837.3504
10.5000 4 7193.23136
10.6000 4 19901.97248
10.7000 4 12404.65408
10.8000 4 576.7168
10.9000 4 18764.26752
11.0000 4 18486.39488
11.1000 4 18014.53568
11.2000 4 16714.30144
11.3000 4 16336.81408
11.4000 4 17364.41856
11.5000 4 18837.66784
11.6000 4 22712.15616
11.7000 4 20856.17664
11.8000 4 20772.29056
11.9000 4 11345.59232
12.0000 4 7224.68864
12.1000 4 26030.8992
12.2000 4 20190.33088
12.3000 4 16714.30144
12.4000 4 14826.86464
12.5000 4 15298.72384
12.6000 4 15010.36544
12.7000 4 10118.7584
12.8000 4 10265.55904
12.9000 4 13274.97216
13.0000 4 16588.47232
13.1000 4 17637.04832
13.2000 4 17899.19232
13.3000 4 20462.96064
13.4000 4 16777.216
13.5000 4 17081.30304
13.6000 4 17070.81728
13.7000 4 17175.67488
13.8000 4 22429.04064
13.9000 4 23582.47424
14.0000 4 23446.15936
14.1000 4 23493.34528
14.2000 4 19398.656
14.3000 4 18932.03968
14.4000 4 14847.83616
14.5000 4 14842.59328
14.6000 4 13767.80288
14.7000 4 11083.44832
14.8000 4 14680.064
14.9000 4 11508.1216
15.0000 4 7728.00512
15.1000 4 7444.8896
15.2000 4 12415.13984
15.3000 4 12750.68416
15.4000 4 12886.99904
15.5000 4 12886.99904
15.6000 4 14669.57824
15.7000 4 17689.47712
15.8000 4 22837.98528
15.9000 4 22654.48448
16.0000 4 18769.5104
16.1000 4 19052.62592
16.2000 4 18874.368
16.3000 4 19555.9424
16.4000 4 21857.56672
16.5000 4 18759.02464
16.6000 4 18045.99296
16.7000 4 17951.62112
16.8000 4 18150.85056
16.9000 4 21134.04928
17.0000 4 17044.60288
17.1000 4 16305.3568
17.2000 4 15770.58304
17.3000 4 12939.42784
17.4000 4 15288.23808
17.5000 4 19241.3696
17.6000 4 18921.55392
17.7000 4 14648.60672
17.8000 4 19702.74304
17.9000 4 19776.14336
18.0000 4 19797.11488
18.1000 4 20719.86176
18.2000 4 20987.24864
18.3000 4 18004.04992
18.4000 4 17186.16064
18.5000 4 17196.6464
18.6000 4 17343.44704
18.7000 4 18250.46528
18.8000 4 17332.96128
18.9000 4 16824.40192
19.0000 4 16724.7872
19.1000 4 13547.60192
19.2000 4 13012.82816
19.3000 4 15109.98016
19.4000 4 15870.19776
19.5000 4 15917.38368
19.6000 4 19440.59904
19.7000 4 18025.02144
19.8000 4 19839.05792
19.9000 4 21590.17984
20.0000 4 23446.15936
20.1000 4 22077.76768
20.2000 4 19314.76992
20.3000 4 19723.71456
20.4000 4 20258.48832
20.5000 4 21385.70752
20.6000 4 18402.5088
20.7000 4 19183.69792
20.8000 4 16389.24288
20.9000 4 12561.94048
21.0000 4 11765.02272
21.1000 4 15712.91136
21.2000 4 16703.81568
21.3000 4 14176.74752
21.4000 4 15309.2096
21.5000 4 20604.5184
21.6000 4 20489.17504
21.7000 4 21632.12288
21.8000 4 20971.52
21.9000 4 19424.8704
22.0000 4 17291.01824
22.1000 4 20090.71616
22.2000 4 16436.4288
22.3000 4 11618.22208
22.4000 4 14585.69216
22.5000 4 15319.69536
22.6000 4 15256.7808
22.7000 4 17311.98976
22.8000 4 22072.5248
22.9000 4 22250.78272
23.0000 4 22203.5968
23.1000 4 22408.06912
23.2000 4 16079.91296
23.3000 4 14837.3504
23.4000 4 14826.86464
23.5000 4 14826.86464
23.6000 4 10228.85888
23.7000 4 7948.20608
23.8000 4 6107.9552
23.9000 4 7025.4592
24.0000 4 7035.94496
24.1000 4 7109.34528
24.2000 4 7203.71712
24.3000 4 7340.032
24.4000 4 7235.1744
24.5000 4 7476.34688
24.6000 4 3282.04288
24.7000 4 3711.95904
24.8000 4 10097.78688
24.9000 4 1441.792
