0.1000 4 0.0
0.2000 4 387.97312
0.3000 4 18664.6528
0.4000 4 26078.08512
0.5000 4 25176.30976
0.6000 4 7958.69184
0.7000 4 33103.54432
0.8000 4 31488.73728
0.9000 4 16116.61312
1.0000 4 356.51584
1.1000 4 838.8608
1.2000 4 0.0
1.3000 4 5599.39584
1.4000 4 18842.91072
1.5000 4 23907.5328
1.6000 4 26392.65792
1.7000 4 17741.90592
1.8000 4 26591.88736
1.9000 4 24903.68
2.0000 4 15613.29664
2.1000 4 12483.29728
2.2000 4 5148.50816
2.3000 4 7638.87616
2.4000 4 4215.27552
2.5000 4 62.91456
2.6000 4 52.4288
2.7000 4 62.91456
2.8000 4 0.0
2.9000 4 0.0
3.0000 4 1415.5776
3.1000 4 14501.80608
3.2000 4 19000.19712
3.3000 4 17857.24928
3.4000 4 20709.376
3.5000 4 8399.09376
3.6000 4 22785.55648
3.7000 4 25585.2544
3.8000 4 1908.40832
3.9000 4 29968.30208
4.0000 4 33061.60128
4.1000 4 32589.74208
4.2000 4 25496.12544
4.3000 4 19985.85856
4.4000 4 20158.8736
4.5000 4 19225.64096
4.6000 4 9809.42848
4.7000 4 11534.336
4.8000 4 8011.12064
4.9000 4 10213.13024
5.0000 4 8095.00672
5.1000 4 7958.69184
5.2000 4 7790.91968
5.3000 4 10789.84704
5.4000 4 14271.11936
5.5000 4 14197.71904
5.6000 4 18659.40992
5.7000 4 22282.24
5.8000 4 17678.99136
5.9000 4 16829.6448
6.0000 4 15990.784
6.1000 4 20237.5168
6.2000 4 23781.70368
6.3000 4 19199.42656
6.4000 4 16169.04192
6.5000 4 16100.88448
6.6000 4 14648.60672
6.7000 4 13149.14304
6.8000 4 12415.13984
6.9000 4 12289.31072
7.0000 4 17055.08864
7.1000 4 17668.5056
7.2000 4 14973.66528
7.3000 4 13379.82976
7.4000 4 19702.74304
7.5000 4 23357.0304
7.6000 4 15823.01184
7.7000 4 15781.0688
7.8000 4 12755.92704
7.9000 4 16441.67168
8.0000 4 16850.61632
8.1000 4 17951.62112
8.2000 4 19964.88704
8.3000 4 20326.64576
8.4000 4 18433.96608
8.5000 4 19084.0832
8.6000 4 19215.1552
8.7000 4 18433.96608
8.8000 4 16808.67328
8.9000 4 19587.39968
9.0000 4 19608.3712
9.1000 4 21223.17824
9.2000 4 24604.83584
9.3000 4 19262.34112
9.4000 4 19954.40128
9.5000 4 18863.88224
9.6000 4 18921.55392
9.7000 4 21999.12448
9.8000 4 16588.47232
9.9000 4 14701.03552
10.0000 4 17013.1456
10.1000 4 12100.56704
10.2000 4 10978.59072
10.3000 4 13500.416
10.4000 4 17783.84896
10.5000 4 16703.81568
10.6000 4 16210.98496
10.7000 4 17542.67648
10.8000 4 17637.04832
10.9000 4 19099.81184
11.0000 4 16724.7872
11.1000 4 20950.54848
11.2000 4 19451.0848
11.3000 4 18077.45024
11.4000 4 21590.17984
11.5000 4 23068.672
11.6000 4 24374.14912
11.7000 4 18884.85376
11.8000 4 14396.94848
11.9000 4 14355.00544
12.0000 4 18785.23904
12.1000 4 21307.06432
12.2000 4 18921.55392
12.3000 4 15476.98176
12.4000 4 11827.93728
12.5000 4 10422.84544
12.6000 4 12546.21184
12.7000 4 14753.46432
12.8000 4 13526.6304
12.9000 4 15854.46912
13.0000 4 17574.13376
13.1000 4 20006.83008
13.2000 4 22229.8112
13.3000 4 24489.49248
13.4000 4 24316.47744
13.5000 4 18087.936
13.6000 4 19105.05472
13.7000 4 19304.28416
13.8000 4 19340.98432
13.9000 4 22145.92512
14.0000 4 17081.30304
14.1000 4 14507.04896
14.2000 4 13893.632
14.3000 4 15309.2096
14.4000 4 19178.45504
14.5000 4 17568.89088
14.6000 4 18842.91072
14.7000 4 19503.5136
14.8000 4 18203.27936
14.9000 4 19881.00096
15.0000 4 21810.3808
15.1000 4 25003.29472
15.2000 4 19576.91392
15.3000 4 19524.48512
15.4000 4 20153.63072
15.5000 4 19278.06976
15.6000 4 17542.67648
15.7000 4 18769.5104
15.8000 4 18911.06816
15.9000 4 16210.98496
16.0000 4 17815.30624
16.1000 4 19115.54048
16.2000 4 19283.31264
16.3000 4 21217.93536
16.4000 4 19084.0832
16.5000 4 19367.19872
16.6000 4 19126.02624
16.7000 4 20174.60224
16.8000 4 24342.69184
16.9000 4 23792.18944
17.0000 4 20310.91712
17.1000 4 19162.7264
17.2000 4 14722.00704
17.3000 4 14879.29344
17.4000 4 19084.0832
17.5000 4 18606.98112
17.6000 4 12687.7696
17.7000 4 16011.75552
17.8000 4 17930.6496
17.9000 4 19021.16864
18.0000 4 22224.56832
18.1000 4 18769.5104
18.2000 4 19639.82848
18.3000 4 19860.02944
18.4000 4 18014.53568
18.5000 4 21978.15296
18.6000 4 23262.65856
18.7000 4 22963.8144
18.8000 4 19230.88384
18.9000 4 24227.34848
19.0000 4 18863.88224
19.1000 4 15120.46592
19.2000 4 14727.24992
19.3000 4 15969.81248
19.4000 4 18895.33952
19.5000 4 18171.82208
19.6000 4 18570.28096
19.7000 4 21485.32224
19.8000 4 24615.3216
19.9000 4 22334.6688
20.0000 4 16525.55776
20.1000 4 13694.40256
20.2000 4 13835.96032
20.3000 4 13673.43104
20.4000 4 6585.05728
20.5000 4 7696.54784
20.6000 4 13558.08768
20.7000 4 23755.48928
20.8000 4 24463.27808
20.9000 4 19461.57056
21.0000 4 15078.52288
21.1000 4 19676.52864
21.2000 4 17280.53248
21.3000 4 15665.72544
21.4000 4 19409.14176
21.5000 4 19000.19712
21.6000 4 25669.14048
21.7000 4 26460.81536
21.8000 4 18066.96448
21.9000 4 19943.91552
22.0000 4 10407.1168
22.1000 4 8178.8928
22.2000 4 11345.59232
22.3000 4 10947.13344
22.4000 4 11177.82016
22.5000 4 6800.01536
22.6000 4 6207.56992
22.7000 4 6343.8848
22.8000 4 5347.7376
22.9000 4 3559.91552
