0.1000 4 0.0
0.2000 4 356.51584
0.3000 4 20929.57696
0.4000 4 26245.85728
0.5000 4 26770.14528
0.6000 4 25700.59776
0.7000 4 27231.51872
0.8000 4 26696.74496
0.9000 4 26749.17376
1.0000 4 26476.544
1.1000 4 26518.48704
1.2000 4 24494.73536
1.3000 4 24693.9648
1.4000 4 19089.32608
1.5000 4 17238.58944
1.6000 4 8262.77888
1.7000 4 3014.656
1.8000 4 0.0
1.9000 4 0.0
2.0000 4 5567.93856
2.1000 4 7308.57472
2.2000 4 7381.97504
2.3000 4 7361.00352
2.4000 4 7256.14592
2.5000 4 7413.43232
2.6000 4 23121.1008
2.7000 4 26791.1168
2.8000 4 26812.08832
2.9000 4 26948.4032
3.0000 4 27294.43328
3.1000 4 24028.11904
3.2000 4 19346.2272
3.3000 4 19534.97088
3.4000 4 20174.60224
3.5000 4 25260.19584
3.6000 4 27074.23232
3.7000 4 25254.95296
3.8000 4 18234.73664
3.9000 4 8000.63488
4.0000 4 7340.032
4.1000 4 7329.54624
4.2000 4 7444.8896
4.3000 4 7214.20288
4.4000 4 13568.57344
4.5000 4 14491.32032
4.6000 4 12913.21344
4.7000 4 17678.99136
4.8000 4 19293.7984
4.9000 4 19786.62912
5.0000 4 24798.8224
5.1000 4 27137.14688
5.2000 4 27210.5472
5.3000 4 27315.4048
5.4000 4 27441.23392
5.5000 4 20546.84672
5.6000 4 19576.91392
5.7000 4 19839.05792
5.8000 4 22187.86816
5.9000 4 26602.37312
6.0000 4 15571.3536
6.1000 4 14150.53312
6.2000 4 7864.32
6.3000 4 7885.29152
6.4000 4 7927.23456
6.5000 4 7948.20608
6.6000 4 7780.43392
6.7000 4 8745.12384
6.8000 4 19797.11488
6.9000 4 15199.10912
7.0000 4 15917.38368
7.1000 4 18266.19392
7.2000 4 19629.34272
7.3000 4 26067.59936
7.4000 4 25931.28448
7.5000 4 26182.94272
7.6000 4 24285.02016
7.7000 4 23362.27328
7.8000 4 23425.18784
7.9000 4 23419.94496
8.0000 4 19372.4416
8.1000 4 14816.37888
8.2000 4 14292.09088
8.3000 4 14150.53312
8.4000 4 7948.20608
8.5000 4 3434.0864
8.6000 4 5735.71072
8.7000 4 7224.68864
8.8000 4 7130.3168
8.9000 4 10747.904
9.0000 4 11188.30592
9.1000 4 13170.11456
9.2000 4 18066.96448
9.3000 4 22869.44256
9.4000 4 22649.2416
9.5000 4 23058.18624
9.6000 4 23215.47264
9.7000 4 23383.2448
9.8000 4 22874.68544
9.9000 4 20468.20352
10.0000 4 20573.06112
10.1000 4 20992.49152
10.2000 4 21527.26528
10.3000 4 22869.44256
10.4000 4 15550.38208
10.5000 4 14638.12096
10.6000 4 9306.112
10.7000 4 7465.86112
10.8000 4 7423.91808
10.9000 4 7465.86112
11.0000 4 7340.032
11.1000 4 7077.888
11.2000 4 15340.66688
11.3000 4 21721.25184
11.4000 4 20499.6608
11.5000 4 22544.384
11.6000 4 22229.8112
11.7000 4 24075.30496
11.8000 4 26120.02816
11.9000 4 26099.05664
12.0000 4 25973.22752
12.1000 4 25721.56928
12.2000 4 23965.20448
12.3000 4 16069.4272
12.4000 4 11366.56384
12.5000 4 11660.16512
12.6000 4 11534.336
12.7000 4 14040.43264
12.8000 4 19555.9424
12.9000 4 21668.82304
13.0000 4 16121.856
13.1000 4 14145.29024
13.2000 4 13872.66048
13.3000 4 13977.51808
13.4000 4 13883.14624
13.5000 4 16441.67168
13.6000 4 21653.0944
13.7000 4 24253.56288
13.8000 4 18711.83872
13.9000 4 16850.61632
14.0000 4 16504.58624
14.1000 4 18297.6512
14.2000 4 21595.42272
14.3000 4 18685.62432
14.4000 4 18916.31104
14.5000 4 19639.82848
14.6000 4 23278.3872
14.7000 4 25118.63808
14.8000 4 22072.5248
14.9000 4 23236.44416
15.0000 4 22827.49952
15.1000 4 23802.6752
15.2000 4 19828.57216
15.3000 4 12991.85664
15.4000 4 13096.71424
15.5000 4 13012.82816
15.6000 4 13201.57184
15.7000 4 12939.42784
15.8000 4 13542.35904
15.9000 4 17689.47712
16.0000 4 17542.67648
16.1000 4 21495.808
16.2000 4 20185.088
16.3000 4 24127.73376
16.4000 4 20945.3056
16.5000 4 17741.90592
16.6000 4 19881.00096
16.7000 4 21390.9504
16.8000 4 19755.17184
16.9000 4 26104.29952
17.0000 4 17574.13376
17.1000 4 16515.072
17.2000 4 14858.32192
17.3000 4 11592.00768
17.4000 4 18014.53568
17.5000 4 19597.88544
17.6000 4 20195.57376
17.7000 4 24484.2496
17.8000 4 23163.04384
17.9000 4 11502.87872
18.0000 4 9935.2576
18.1000 4 25296.896
18.2000 4 13956.54656
18.3000 4 13998.4896
18.4000 4 14071.88992
18.5000 4 18606.98112
18.6000 4 14910.75072
18.7000 4 7476.34688
18.8000 4 23634.90304
18.9000 4 25931.28448
19.0000 4 25737.29792
19.1000 4 18423.48032
19.2000 4 18654.16704
19.3000 4 19346.2272
19.4000 4 22712.15616
19.5000 4 26350.71488
19.6000 4 26534.21568
19.7000 4 31840.01024
19.8000 4 15728.64
19.9000 4 15204.352
20.0000 4 15351.15264
20.1000 4 15518.9248
20.2000 4 15592.32512
20.3000 4 14339.2768
20.4000 4 12252.61056
20.5000 4 10150.21568
20.6000 4 14984.15104
20.7000 4 15204.352
20.8000 4 15288.23808
20.9000 4 20206.05952
21.0000 4 20982.00576
21.1000 4 20573.06112
21.2000 4 21118.32064
21.3000 4 20478.68928
21.4000 4 21485.32224
21.5000 4 16294.87104
21.6000 4 7769.94816
21.7000 4 7948.20608
21.8000 4 8074.0352
21.9000 4 2291.13856
