0.1000 4 0.0
0.2000 4 387.97312
0.3000 4 18486.39488
0.4000 4 28825.35424
0.5000 4 29171.38432
0.6000 4 29150.4128
0.7000 4 29957.81632
0.8000 4 27986.49344
0.9000 4 27965.52192
1.0000 4 27692.89216
1.1000 4 27829.20704
1.2000 4 27892.1216
1.3000 4 28101.8368
1.4000 4 22811.77088
1.5000 4 4881.12128
1.6000 4 0.0
1.7000 4 0.0
1.8000 4 0.0
1.9000 4 0.0
2.0000 4 0.0
2.1000 4 0.0
2.2000 4 0.0
2.3000 4 0.0
2.4000 4 0.0
2.5000 4 0.0
2.6000 4 2317.35296
2.7000 4 7811.8912
2.8000 4 20594.03264
2.9000 4 25899.8272
3.0000 4 25406.99648
3.1000 4 25417.48224
3.2000 4 25679.62624
3.3000 4 25721.56928
3.4000 4 25983.71328
3.5000 4 25931.28448
3.6000 4 25920.79872
3.7000 4 25941.77024
3.8000 4 25899.8272
3.9000 4 22161.65376
4.0000 4 13998.4896
4.1000 4 1819.27936
4.2000 4 0.0
4.3000 4 0.0
4.4000 4 0.0
4.5000 4 0.0
4.6000 4 0.0
4.7000 4 0.0
4.8000 4 0.0
4.9000 4 0.0
5.0000 4 3858.75968
5.1000 4 7906.26304
5.2000 4 8923.38176
5.3000 4 19157.48352
5.4000 4 23729.27488
5.5000 4 23750.2464
5.6000 4 23855.104
5.7000 4 23551.01696
5.8000 4 23425.18784
5.9000 4 23393.73056
6.0000 4 23131.58656
6.1000 4 23194.50112
6.2000 4 22995.27168
6.3000 4 19697.50016
6.4000 4 15933.11232
6.5000 4 14973.66528
6.6000 4 9798.94272
6.7000 4 7832.86272
6.8000 4 7492.07552
6.9000 4 0.0
7.0000 4 692.06016
7.1000 4 7916.7488
7.2000 4 7969.1776
7.3000 4 8724.15232
7.4000 4 14575.2064
7.5000 4 14711.52128
7.6000 4 17332.96128
7.7000 4 23456.64512
7.8000 4 26518.48704
7.9000 4 4907.33568
8.0000 4 10747.904
8.1000 4 26927.43168
8.2000 4 32070.69696
8.3000 4 15414.0672
8.4000 4 15445.52448
8.5000 4 14874.05056
8.6000 4 14763.95008
8.7000 4 16022.24128
8.8000 4 28710.01088
8.9000 4 24950.86592
9.0000 4 16210.98496
9.1000 4 18329.10848
9.2000 4 19776.14336
9.3000 4 25134.36672
9.4000 4 26371.6864
9.5000 4 23671.6032
9.6000 4 28358.73792
9.7000 4 20845.69088
9.8000 4 13778.28864
9.9000 4 16074.67008
10.0000 4 178.25792
10.1000 4 220.20096
10.2000 4 62.91456
10.3000 4 16373.51424
10.4000 4 20331.88864
10.5000 4 10391.38816
10.6000 4 27588.03456
10.7000 4 22324.18304
10.8000 4 734.0032
10.9000 4 20478.68928
11.0000 4 5630.85312
11.1000 4 3303.0144
11.2000 4 24206.37696
11.3000 4 31258.05056
11.4000 4 25941.77024
11.5000 4 19325.25568
11.6000 4 22591.56992
11.7000 4 29187.11296
11.8000 4 16735.27296
11.9000 4 13694.40256
12.0000 4 9736.02816
12.1000 4 9500.09856
12.2000 4 8126.464
12.3000 4 7413.43232
12.4000 4 7654.6048
12.5000 4 5232.39424
12.6000 4 10045.35808
12.7000 4 0.0
12.8000 4 12499.02592
12.9000 4 16682.84416
13.0000 4 8325.69344
13.1000 4 33863.76192
13.2000 4 31174.16448
13.3000 4 26361.20064
13.4000 4 22649.2416
13.5000 4 22890.41408
13.6000 4 25931.28448
13.7000 4 26880.24576
13.8000 4 23587.71712
13.9000 4 17144.2176
14.0000 4 13500.416
14.1000 4 12939.42784
14.2000 4 7602.176
14.3000 4 7560.23296
14.4000 4 7602.176
14.5000 4 7560.23296
14.6000 4 11943.28064
14.7000 4 12866.02752
14.8000 4 18769.5104
14.9000 4 21385.70752
15.0000 4 21873.29536
15.1000 4 22837.98528
15.2000 4 17427.33312
15.3000 4 16284.38528
15.4000 4 24746.3936
15.5000 4 25375.5392
15.6000 4 24290.26304
15.7000 4 24557.64992
15.8000 4 26901.21728
15.9000 4 16536.04352
16.0000 4 15938.3552
16.1000 4 16404.97152
16.2000 4 13002.3424
16.3000 4 13683.9168
16.4000 4 13794.01728
16.5000 4 10034.87232
16.6000 4 16095.6416
16.7000 4 13977.51808
16.8000 4 13495.17312
16.9000 4 19188.9408
17.0000 4 21474.83648
17.1000 4 26224.88576
17.2000 4 28175.23712
17.3000 4 28038.92224
17.4000 4 28175.23712
17.5000 4 28447.86688
17.6000 4 19618.85696
17.7000 4 15351.15264
17.8000 4 14318.30528
17.9000 4 12027.16672
18.0000 4 7350.51776
18.1000 4 7371.48928
18.2000 4 5164.2368
18.3000 4 3596.61568
18.4000 4 8011.12064
18.5000 4 11324.6208
18.6000 4 15435.03872
18.7000 4 15560.86784
18.8000 4 15896.41216
18.9000 4 20698.89024
19.0000 4 25344.08192
19.1000 4 25365.05344
19.2000 4 25511.85408
19.3000 4 25323.1104
19.4000 4 25228.73856
19.5000 4 25218.2528
19.6000 4 20101.20192
19.7000 4 16200.4992
19.8000 4 13600.03072
19.9000 4 13783.53152
20.0000 4 8178.8928
20.1000 4 8011.12064
20.2000 4 12860.78464
20.3000 4 6721.37216
20.4000 4 12593.39776
20.5000 4 11953.7664
20.6000 4 15655.23968
20.7000 4 15026.09408
20.8000 4 23372.75904
20.9000 4 25123.88096
21.0000 4 26911.70304
21.1000 4 22198.35392
21.2000 4 15749.61152
21.3000 4 18675.13856
21.4000 4 22764.58496
21.5000 4 25653.41184
21.6000 4 24620.56448
21.7000 4 19419.62752
21.8000 4 19744.68608
21.9000 4 19660.8
22.0000 4 22046.3104
22.1000 4 26251.10016
22.2000 4 17542.67648
22.3000 4 15529.41056
22.4000 4 15393.09568
22.5000 4 9578.74176
22.6000 4 7780.43392
22.7000 4 7665.09056
22.8000 4 14176.74752
22.9000 4 14858.32192
23.0000 4 12084.8384
23.1000 4 14176.74752
23.2000 4 14260.6336
23.3000 4 14019.46112
23.4000 4 14239.66208
23.5000 4 14491.32032
23.6000 4 14596.17792
23.7000 4 13888.38912
23.8000 4 7329.54624
23.9000 4 7256.14592
24.0000 4 7465.86112
24.1000 4 6149.89824
