0.1000 4 0.0
0.2000 4 534.77376
0.3000 4 22733.12768
0.4000 4 26245.85728
0.5000 4 26539.45856
0.6000 4 25679.62624
0.7000 4 26235.37152
0.8000 4 26161.9712
0.9000 4 26046.62784
1.0000 4 26686.2592
1.1000 4 25595.74016
1.2000 4 25658.65472
1.3000 4 25805.45536
1.4000 4 23598.20288
1.5000 4 14187.23328
1.6000 4 8084.52096
1.7000 4 3192.91392
1.8000 4 0.0
1.9000 4 0.0
2.0000 4 0.0
2.1000 4 0.0
2.2000 4 0.0
2.3000 4 0.0
2.4000 4 0.0
2.5000 4 0.0
2.6000 4 7298.08896
2.7000 4 7969.1776
2.8000 4 7811.8912
2.9000 4 15193.86624
3.0000 4 24421.33504
3.1000 4 24683.47904
3.2000 4 24725.42208
3.3000 4 24966.59456
3.4000 4 25008.5376
3.5000 4 25071.45216
3.6000 4 21930.96704
3.7000 4 16672.3584
3.8000 4 17060.33152
3.9000 4 17007.90272
4.0000 4 18412.99456
4.1000 4 21375.22176
4.2000 4 19000.19712
4.3000 4 19021.16864
4.4000 4 15975.05536
4.5000 4 12242.1248
4.6000 4 15089.00864
4.7000 4 15172.89472
4.8000 4 15361.6384
4.9000 4 15382.60992
5.0000 4 15330.18112
5.1000 4 13940.81792
5.2000 4 7717.51936
5.3000 4 15613.29664
5.4000 4 17888.70656
5.5000 4 18601.73824
5.6000 4 16006.51264
5.7000 4 16420.70016
5.8000 4 17144.2176
5.9000 4 17196.6464
6.0000 4 19786.62912
6.1000 4 24190.64832
6.2000 4 24190.64832
6.3000 4 24358.42048
6.4000 4 20945.3056
6.5000 4 17165.18912
6.6000 4 16965.95968
6.7000 4 17647.53408
6.8000 4 18339.59424
6.9000 4 23897.04704
7.0000 4 23855.104
7.1000 4 22701.6704
7.2000 4 9746.51392
7.3000 4 8084.52096
7.4000 4 8147.43552
7.5000 4 8115.97824
7.6000 4 8136.94976
7.7000 4 8157.92128
7.8000 4 8042.57792
7.9000 4 2951.74144
8.0000 4 0.0
8.1000 4 0.0
8.2000 4 398.45888
8.3000 4 8011.12064
8.4000 4 16179.52768
8.5000 4 21653.0944
8.6000 4 22303.21152
8.7000 4 22995.27168
8.8000 4 27179.08992
8.9000 4 27315.4048
9.0000 4 27734.8352
9.1000 4 27913.09312
9.2000 4 27399.29088
9.3000 4 21857.56672
9.4000 4 15796.79744
9.5000 4 12645.82656
9.6000 4 11812.20864
9.7000 4 6155.14112
9.8000 4 6218.05568
9.9000 4 8441.0368
10.0000 4 13725.85984
10.1000 4 13799.26016
10.2000 4 13385.07264
10.3000 4 8482.97984
10.4000 4 12268.3392
10.5000 4 15623.7824
10.6000 4 21642.60864
10.7000 4 13757.31712
10.8000 4 15864.95488
10.9000 4 30272.38912
11.0000 4 21076.3776
11.1000 4 3995.07456
11.2000 4 1798.30784
11.3000 4 3072.32768
11.4000 4 0.0
11.5000 4 20824.71936
11.6000 4 26392.65792
11.7000 4 24693.9648
11.8000 4 21134.04928
11.9000 4 11324.6208
12.0000 4 27713.86368
12.1000 4 22297.96864
12.2000 4 18570.28096
12.3000 4 17815.30624
12.4000 4 24206.37696
12.5000 4 15896.41216
12.6000 4 15151.9232
12.7000 4 16022.24128
12.8000 4 20667.43296
12.9000 4 28369.22368
13.0000 4 19335.74144
13.1000 4 16179.52768
13.2000 4 17699.96288
13.3000 4 18837.66784
13.4000 4 19251.85536
13.5000 4 24358.42048
13.6000 4 19943.91552
13.7000 4 20289.9456
13.8000 4 24929.8944
13.9000 4 14323.54816
14.0000 4 4404.0192
14.1000 4 21453.86496
14.2000 4 26466.05824
14.3000 4 20352.86016
14.4000 4 24615.3216
14.5000 4 21244.14976
14.6000 4 20268.97408
14.7000 4 18224.25088
14.8000 4 19781.38624
14.9000 4 16237.19936
15.0000 4 12027.16672
15.1000 4 12813.59872
15.2000 4 10989.07648
15.3000 4 13117.68576
15.4000 4 15272.50944
15.5000 4 9290.38336
15.6000 4 6532.62848
15.7000 4 7853.83424
15.8000 4 19157.48352
15.9000 4 23267.90144
16.0000 4 21013.46304
16.1000 4 28316.79488
16.2000 4 42960.15872
16.3000 4 23278.3872
16.4000 4 23467.13088
16.5000 4 21516.77952
16.6000 4 26476.544
16.7000 4 25186.79552
16.8000 4 21532.50816
16.9000 4 15760.09728
17.0000 4 11649.67936
17.1000 4 5452.5952
17.2000 4 6973.0304
17.3000 4 6931.08736
17.4000 4 7056.91648
17.5000 4 6962.54464
17.6000 4 6962.54464
17.7000 4 7046.43072
17.8000 4 8383.36512
17.9000 4 9542.0416
18.0000 4 7990.14912
18.1000 4 8346.66496
18.2000 4 18507.3664
18.3000 4 20153.63072
18.4000 4 23876.07552
18.5000 4 23446.15936
18.6000 4 24075.30496
18.7000 4 23907.5328
18.8000 4 24180.16256
18.9000 4 21328.03584
19.0000 4 22817.01376
19.1000 4 30875.32032
19.2000 4 20237.5168
19.3000 4 14129.5616
19.4000 4 13904.11776
19.5000 4 13322.15808
19.6000 4 6506.41408
19.7000 4 0.0
19.8000 4 0.0
19.9000 4 1593.83552
20.0000 4 8084.52096
20.1000 4 8084.52096
20.2000 4 8063.54944
20.3000 4 7969.1776
20.4000 4 8021.6064
20.5000 4 13484.68736
20.6000 4 15120.46592
20.7000 4 17616.0768
20.8000 4 27084.71808
20.9000 4 27782.02112
21.0000 4 22334.6688
21.1000 4 20080.2304
21.2000 4 19555.9424
21.3000 4 19251.85536
21.4000 4 21684.55168
21.5000 4 27247.24736
21.6000 4 22785.55648
21.7000 4 20677.91872
21.8000 4 19456.32768
21.9000 4 15529.41056
22.0000 4 15581.83936
22.1000 4 20389.56032
22.2000 4 17427.33312
22.3000 4 14984.15104
22.4000 4 9127.85408
22.5000 4 11293.16352
22.6000 4 13673.43104
22.7000 4 13893.632
22.8000 4 13820.23168
22.9000 4 13967.03232
23.0000 4 17637.04832
23.1000 4 20237.5168
23.2000 4 17893.94944
23.3000 4 14271.11936
23.4000 4 14260.6336
23.5000 4 14690.54976
23.6000 4 12640.58368
23.7000 4 7885.29152
23.8000 4 7979.66336
23.9000 4 8042.57792
24.0000 4 3989.83168
