0.1000 4 0.0
0.2000 4 524.288
0.3000 4 17018.38848
0.4000 4 26109.5424
0.5000 4 26413.62944
0.6000 4 25637.6832
0.7000 4 23980.93312
0.8000 4 26015.17056
0.9000 4 26791.1168
1.0000 4 26644.31616
1.1000 4 26203.91424
1.2000 4 26749.17376
1.3000 4 26382.17216
1.4000 4 22088.25344
1.5000 4 15691.93984
1.6000 4 12855.54176
1.7000 4 0.0
1.8000 4 0.0
1.9000 4 0.0
2.0000 4 0.0
2.1000 4 0.0
2.2000 4 7014.97344
2.3000 4 8042.57792
2.4000 4 8074.0352
2.5000 4 7948.20608
2.6000 4 9542.0416
2.7000 4 14438.89152
2.8000 4 22187.86816
2.9000 4 21988.63872
3.0000 4 22533.89824
3.1000 4 21726.49472
3.2000 4 22324.18304
3.3000 4 22334.6688
3.4000 4 23351.78752
3.5000 4 26780.63104
3.6000 4 26528.9728
3.7000 4 19582.1568
3.8000 4 16205.74208
3.9000 4 13390.31552
4.0000 4 10092.544
4.1000 4 2364.53888
4.2000 4 3638.55872
4.3000 4 8032.09216
4.4000 4 7958.69184
4.5000 4 7885.29152
4.6000 4 7885.29152
4.7000 4 7874.80576
4.8000 4 8870.95296
4.9000 4 17123.24608
5.0000 4 22187.86816
5.1000 4 24421.33504
5.2000 4 26161.9712
5.3000 4 23084.40064
5.4000 4 19335.74144
5.5000 4 18947.76832
5.6000 4 19241.3696
5.7000 4 21076.3776
5.8000 4 26235.37152
5.9000 4 26361.20064
6.0000 4 23378.00192
6.1000 4 19503.5136
6.2000 4 19372.4416
6.3000 4 12084.8384
6.4000 4 8451.52256
6.5000 4 12561.94048
6.6000 4 12436.11136
6.7000 4 12499.02592
6.8000 4 12478.0544
6.9000 4 8100.2496
7.0000 4 7507.80416
7.1000 4 16001.26976
7.2000 4 16420.70016
7.3000 4 17563.648
7.4000 4 23173.5296
7.5000 4 23299.35872
7.6000 4 23362.27328
7.7000 4 23624.41728
7.8000 4 23823.64672
7.9000 4 23760.73216
8.0000 4 23739.76064
8.1000 4 23561.50272
8.2000 4 21626.88
8.3000 4 18350.08
8.4000 4 8136.94976
8.5000 4 4136.63232
8.6000 4 0.0
8.7000 4 0.0
8.8000 4 0.0
8.9000 4 0.0
9.0000 4 1761.60768
9.1000 4 5358.22336
9.2000 4 5347.7376
9.3000 4 5505.024
9.4000 4 5358.22336
9.5000 4 12163.4816
9.6000 4 22670.21312
9.7000 4 23750.2464
9.8000 4 23865.58976
9.9000 4 23802.6752
10.0000 4 23760.73216
10.1000 4 22617.78432
10.2000 4 21453.86496
10.3000 4 22429.04064
10.4000 4 22512.92672
10.5000 4 25239.22432
10.6000 4 24400.36352
10.7000 4 21480.07936
10.8000 4 9437.184
10.9000 4 4073.71776
11.0000 4 0.0
11.1000 4 0.0
11.2000 4 0.0
11.3000 4 0.0
11.4000 4 0.0
11.5000 4 0.0
11.6000 4 0.0
11.7000 4 2275.40992
11.8000 4 6857.68704
11.9000 4 6543.11424
12.0000 4 12268.3392
12.1000 4 24117.248
12.2000 4 25228.73856
12.3000 4 25983.71328
12.4000 4 26036.14208
12.5000 4 25941.77024
12.6000 4 25773.99808
12.7000 4 25763.51232
12.8000 4 25857.88416
12.9000 4 25889.34144
13.0000 4 25758.26944
13.1000 4 20950.54848
13.2000 4 15859.712
13.3000 4 5305.79456
13.4000 4 0.0
13.5000 4 0.0
13.6000 4 0.0
13.7000 4 0.0
13.8000 4 450.88768
13.9000 4 6815.744
14.0000 4 6731.85792
14.1000 4 6679.42912
14.2000 4 6752.82944
14.3000 4 11806.96576
14.4000 4 20069.74464
14.5000 4 25197.28128
14.6000 4 25312.62464
14.7000 4 25606.22592
14.8000 4 25973.22752
14.9000 4 25794.9696
15.0000 4 25134.36672
15.1000 4 25564.28288
15.2000 4 21186.47808
15.3000 4 20206.05952
15.4000 4 19068.35456
15.5000 4 13610.51648
15.6000 4 15356.39552
15.7000 4 10962.86208
15.8000 4 4215.27552
15.9000 4 4603.24864
16.0000 4 8336.1792
16.1000 4 10139.72992
16.2000 4 14994.6368
16.3000 4 15172.89472
16.4000 4 15078.52288
16.5000 4 17783.84896
16.6000 4 23571.98848
16.7000 4 24316.47744
16.8000 4 22245.53984
16.9000 4 19230.88384
17.0000 4 18958.25408
17.1000 4 19099.81184
17.2000 4 13662.94528
17.3000 4 16871.58784
17.4000 4 18329.10848
17.5000 4 18371.05152
17.6000 4 17909.67808
17.7000 4 24903.68
17.8000 4 25600.98304
17.9000 4 20143.14496
18.0000 4 23697.8176
18.1000 4 26041.38496
18.2000 4 20856.17664
18.3000 4 20929.57696
18.4000 4 19005.44
18.5000 4 14155.776
18.6000 4 20122.17344
18.7000 4 20761.8048
18.8000 4 19802.35776
18.9000 4 17574.13376
19.0000 4 18800.96768
19.1000 4 19398.656
19.2000 4 14863.5648
19.3000 4 19912.45824
19.4000 4 19734.20032
19.5000 4 20132.6592
19.6000 4 25176.30976
19.7000 4 26382.17216
19.8000 4 20379.07456
19.9000 4 14229.17632
20.0000 4 13484.68736
20.1000 4 20279.45984
20.2000 4 23703.06048
20.3000 4 18643.68128
20.4000 4 17574.13376
20.5000 4 19513.99936
20.6000 4 14234.4192
20.7000 4 12782.14144
20.8000 4 12341.73952
20.9000 4 13274.97216
21.0000 4 16551.77216
21.1000 4 15896.41216
21.2000 4 15697.18272
21.3000 4 19566.42816
21.4000 4 23823.64672
21.5000 4 25983.71328
21.6000 4 23650.63168
21.7000 4 18161.33632
21.8000 4 18014.53568
21.9000 4 17574.13376
22.0000 4 18025.02144
22.1000 4 16394.48576
22.2000 4 9306.112
22.3000 4 8357.15072
22.4000 4 7717.51936
22.5000 4 10758.38976
22.6000 4 13725.85984
22.7000 4 17783.84896
22.8000 4 20227.03104
22.9000 4 20866.6624
23.0000 4 18743.296
23.1000 4 22450.01216
23.2000 4 18832.42496
23.3000 4 41890.6112
23.4000 4 14779.67872
23.5000 4 8849.98144
23.6000 4 11335.10656
23.7000 4 6459.22816
23.8000 4 13007.58528
23.9000 4 5693.76768
24.0000 4 6102.71232
24.1000 4 4928.3072
24.2000 4 3423.60064
