0.1000 4 0.0
0.2000 4 492.83072
0.3000 4 21191.72096
0.4000 4 26916.94592
0.5000 4 26791.1168
0.6000 4 26508.00128
0.7000 4 26508.00128
0.8000 4 26371.6864
0.9000 4 26549.94432
1.0000 4 26528.9728
1.1000 4 26969.37472
1.2000 4 24285.02016
1.3000 4 21343.76448
1.4000 4 15047.0656
1.5000 4 10506.73152
1.6000 4 8079.27808
1.7000 4 6857.68704
1.8000 4 11031.01952
1.9000 4 10396.63104
2.0000 4 7287.6032
2.1000 4 9206.49728
2.2000 4 15099.4944
2.3000 4 18926.7968
2.4000 4 22072.5248
2.5000 4 22691.18464
2.6000 4 24840.76544
2.7000 4 24840.76544
2.8000 4 24914.16576
2.9000 4 24552.40704
3.0000 4 17752.39168
3.1000 4 17574.13376
3.2000 4 16100.88448
3.3000 4 13904.11776
3.4000 4 17920.16384
3.5000 4 18748.53888
3.6000 4 24012.3904
3.7000 4 25307.38176
3.8000 4 21925.72416
3.9000 4 21726.49472
4.0000 4 19382.92736
4.1000 4 20552.0896
4.2000 4 22124.9536
4.3000 4 22607.29856
4.4000 4 18355.32288
4.5000 4 18612.224
4.6000 4 17946.37824
4.7000 4 13935.57504
4.8000 4 19660.8
4.9000 4 19597.88544
5.0000 4 22271.75424
5.1000 4 25721.56928
5.2000 4 26298.28608
5.3000 4 25941.77024
5.4000 4 25522.33984
5.5000 4 23849.86112
5.6000 4 18968.73984
5.7000 4 19178.45504
5.8000 4 13316.9152
5.9000 4 12886.99904
6.0000 4 13285.45792
6.1000 4 13353.61536
6.2000 4 7906.26304
6.3000 4 6490.68544
6.4000 4 11146.36288
6.5000 4 19167.96928
6.6000 4 21118.32064
6.7000 4 27399.29088
6.8000 4 27158.1184
6.9000 4 26224.88576
7.0000 4 24924.65152
7.1000 4 25422.72512
7.2000 4 19335.74144
7.3000 4 17490.24768
7.4000 4 21181.2352
7.5000 4 19209.91232
7.6000 4 15036.57984
7.7000 4 19534.97088
7.8000 4 17422.09024
7.9000 4 15241.05216
8.0000 4 10742.66112
8.1000 4 16441.67168
8.2000 4 16819.15904
8.3000 4 20552.0896
8.4000 4 22785.55648
8.5000 4 25291.65312
8.6000 4 24720.1792
8.7000 4 19891.48672
8.8000 4 18538.82368
8.9000 4 19220.39808
9.0000 4 21847.08096
9.1000 4 21265.12128
9.2000 4 17720.9344
9.3000 4 18056.47872
9.4000 4 19230.88384
9.5000 4 25134.36672
9.6000 4 24882.70848
9.7000 4 24353.1776
9.8000 4 23016.2432
9.9000 4 16342.05696
10.0000 4 14491.32032
10.1000 4 5138.0224
10.2000 4 9688.84224
10.3000 4 19697.50016
10.4000 4 19865.27232
10.5000 4 20289.9456
10.6000 4 13358.85824
10.7000 4 0.0
10.8000 4 1551.89248
10.9000 4 1740.63616
11.0000 4 0.0
11.1000 4 26361.20064
11.2000 4 4529.84832
11.3000 4 14554.23488
11.4000 4 36364.61568
11.5000 4 19503.5136
11.6000 4 27231.51872
11.7000 4 33166.45888
11.8000 4 26057.1136
11.9000 4 29931.60192
12.0000 4 28652.3392
12.1000 4 22292.72576
12.2000 4 12326.01088
12.3000 4 7450.13248
12.4000 4 2411.7248
12.5000 4 115.34336
12.6000 4 7843.34848
12.7000 4 8304.72192
12.8000 4 7759.4624
12.9000 4 7801.40544
13.0000 4 7560.23296
13.1000 4 9500.09856
13.2000 4 27283.94752
13.3000 4 29506.92864
13.4000 4 29181.87008
13.5000 4 29160.89856
13.6000 4 29312.94208
13.7000 4 23142.07232
13.8000 4 22429.04064
13.9000 4 22722.64192
14.0000 4 25690.112
14.1000 4 29648.4864
14.2000 4 23991.41888
14.3000 4 10003.41504
14.4000 4 8178.8928
14.5000 4 8136.94976
14.6000 4 8210.35008
14.7000 4 8136.94976
14.8000 4 7633.63328
14.9000 4 9374.26944
15.0000 4 15083.76576
15.1000 4 18507.3664
15.2000 4 20447.232
15.3000 4 20940.06272
15.4000 4 20940.06272
15.5000 4 25406.99648
15.6000 4 25438.45376
15.7000 4 25805.45536
15.8000 4 25354.56768
15.9000 4 25705.84064
16.0000 4 18916.31104
16.1000 4 16446.91456
16.2000 4 12897.4848
16.3000 4 12677.28384
16.4000 4 16441.67168
16.5000 4 20866.6624
16.6000 4 24395.12064
16.7000 4 21626.88
16.8000 4 20971.52
16.9000 4 16892.55936
17.0000 4 16263.41376
17.1000 4 20268.97408
17.2000 4 22292.72576
17.3000 4 26114.78528
17.4000 4 27032.28928
17.5000 4 19692.25728
17.6000 4 19718.47168
17.7000 4 14449.37728
17.8000 4 17720.9344
17.9000 4 19922.944
18.0000 4 17070.81728
18.1000 4 23362.27328
18.2000 4 26895.9744
18.3000 4 28961.66912
18.4000 4 19146.99776
18.5000 4 13673.43104
18.6000 4 13704.88832
18.7000 4 13830.71744
18.8000 4 13584.30208
18.9000 4 9552.52736
19.0000 4 16546.52928
19.1000 4 21674.06592
19.2000 4 27074.23232
19.3000 4 26759.65952
19.4000 4 26560.43008
19.5000 4 26911.70304
19.6000 4 20992.49152
19.7000 4 20520.63232
19.8000 4 21065.89184
19.9000 4 25228.73856
20.0000 4 29040.31232
20.1000 4 15655.23968
20.2000 4 7790.91968
20.3000 4 7969.1776
20.4000 4 4613.7344
20.5000 4 5389.68064
20.6000 4 9311.35488
20.7000 4 7350.51776
20.8000 4 7214.20288
20.9000 4 8021.6064
21.0000 4 2972.71296
