0.1000 4 0.0
0.2000 4 408.94464
0.3000 4 17406.3616
0.4000 4 30062.67392
0.5000 4 29999.75936
0.6000 4 28783.4112
0.7000 4 28122.80832
0.8000 4 27850.17856
0.9000 4 26979.86048
1.0000 4 28007.46496
1.1000 4 26319.2576
1.2000 4 28154.2656
1.3000 4 26864.51712
1.4000 4 22890.41408
1.5000 4 7481.58976
1.6000 4 1661.99296
1.7000 4 0.0
1.8000 4 4236.24704
1.9000 4 7423.91808
2.0000 4 7507.80416
2.1000 4 7381.97504
2.2000 4 7675.57632
2.3000 4 7434.40384
2.4000 4 13170.11456
2.5000 4 19608.3712
2.6000 4 26812.08832
2.7000 4 27084.71808
2.8000 4 26854.03136
2.9000 4 25317.86752
3.0000 4 19388.17024
3.1000 4 19325.25568
3.2000 4 20751.31904
3.3000 4 24557.64992
3.4000 4 26109.5424
3.5000 4 23755.48928
3.6000 4 19084.0832
3.7000 4 18554.55232
3.8000 4 12420.38272
3.9000 4 14166.26176
4.0000 4 14784.9216
4.1000 4 14732.4928
4.2000 4 15078.52288
4.3000 4 14711.52128
4.4000 4 22397.58336
4.5000 4 21228.42112
4.6000 4 20331.88864
4.7000 4 20992.49152
4.8000 4 24169.6768
4.9000 4 27897.36448
5.0000 4 21369.97888
5.1000 4 20059.25888
5.2000 4 21107.83488
5.3000 4 21736.98048
5.4000 4 21018.70592
5.5000 4 18423.48032
5.6000 4 17946.37824
5.7000 4 11974.73792
5.8000 4 11869.88032
5.9000 4 16158.55616
6.0000 4 15555.62496
6.1000 4 16944.98816
6.2000 4 18213.76512
6.3000 4 19608.3712
6.4000 4 22858.9568
6.5000 4 24819.79392
6.6000 4 24683.47904
6.7000 4 24599.59296
6.8000 4 24652.02176
6.9000 4 24049.09056
7.0000 4 18968.73984
7.1000 4 18916.31104
7.2000 4 16331.5712
7.3000 4 13967.03232
7.4000 4 16976.44544
7.5000 4 17374.90432
7.6000 4 14648.60672
7.7000 4 14040.43264
7.8000 4 14082.37568
7.9000 4 13893.632
8.0000 4 14103.3472
8.1000 4 14973.66528
8.2000 4 24400.36352
8.3000 4 27996.9792
8.4000 4 24028.11904
8.5000 4 21023.9488
8.6000 4 21359.49312
8.7000 4 21307.06432
8.8000 4 20001.5872
8.9000 4 20457.71776
9.0000 4 20793.26208
9.1000 4 21390.9504
9.2000 4 27105.6896
9.3000 4 25947.01312
9.4000 4 15146.68032
9.5000 4 13442.74432
9.6000 4 13589.54496
9.7000 4 13568.57344
9.8000 4 13683.9168
9.9000 4 19188.9408
10.0000 4 23011.00032
10.1000 4 21443.3792
10.2000 4 21621.63712
10.3000 4 20179.84512
10.4000 4 15204.352
10.5000 4 19021.16864
10.6000 4 18926.7968
10.7000 4 21894.26688
10.8000 4 24379.392
10.9000 4 24075.30496
11.0000 4 20326.64576
11.1000 4 17138.97472
11.2000 4 11167.3344
11.3000 4 11293.16352
11.4000 4 11335.10656
11.5000 4 8587.83744
11.6000 4 765.46048
11.7000 4 23225.9584
11.8000 4 17878.2208
11.9000 4 22921.87136
12.0000 4 17532.19072
12.1000 4 16887.31648
12.2000 4 12855.54176
12.3000 4 12855.54176
12.4000 4 24725.42208
12.5000 4 22560.11264
12.6000 4 9007.26784
12.7000 4 20090.71616
12.8000 4 8839.49568
12.9000 4 18098.42176
13.0000 4 16751.0016
13.1000 4 104.8576
13.2000 4 27346.86208
13.3000 4 24499.97824
13.4000 4 17626.56256
13.5000 4 21820.86656
13.6000 4 7979.66336
13.7000 4 28762.43968
13.8000 4 31247.5648
13.9000 4 31341.93664
14.0000 4 28636.61056
14.1000 4 22491.9552
14.2000 4 15403.58144
14.3000 4 15256.7808
14.4000 4 15214.83776
14.5000 4 15162.40896
14.6000 4 11235.49184
14.7000 4 7313.8176
14.8000 4 12499.02592
14.9000 4 14428.40576
15.0000 4 14564.72064
15.1000 4 14763.95008
15.2000 4 17207.13216
15.3000 4 15141.43744
15.4000 4 18329.10848
15.5000 4 23802.6752
15.6000 4 28468.8384
15.7000 4 24720.1792
15.8000 4 21778.92352
15.9000 4 18203.27936
16.0000 4 19330.49856
16.1000 4 14596.17792
16.2000 4 12152.99584
16.3000 4 13306.42944
16.4000 4 157.2864
16.5000 4 0.0
16.6000 4 20022.55872
16.7000 4 17007.90272
16.8000 4 28657.58208
16.9000 4 26916.94592
17.0000 4 24138.21952
17.1000 4 27147.63264
17.2000 4 25742.5408
17.3000 4 23215.47264
17.4000 4 17322.47552
17.5000 4 12876.51328
17.6000 4 4917.82144
17.7000 4 6537.87136
17.8000 4 15728.64
17.9000 4 15529.41056
18.0000 4 20310.91712
18.1000 4 20982.00576
18.2000 4 22051.55328
18.3000 4 25249.71008
18.4000 4 24122.49088
18.5000 4 17731.42016
18.6000 4 18255.70816
18.7000 4 18444.45184
18.8000 4 21223.17824
18.9000 4 23807.91808
19.0000 4 20415.77472
19.1000 4 17852.0064
19.2000 4 18171.82208
19.3000 4 13935.57504
19.4000 4 20242.75968
19.5000 4 15466.496
19.6000 4 12551.45472
19.7000 4 17028.87424
19.8000 4 18287.16544
19.9000 4 22187.86816
20.0000 4 26466.05824
20.1000 4 25941.77024
20.2000 4 25763.51232
20.3000 4 26161.9712
20.4000 4 20494.41792
20.5000 4 16452.15744
20.6000 4 17747.1488
20.7000 4 14166.26176
20.8000 4 12263.09632
20.9000 4 3098.54208
