0.1000 4 0.0
0.2000 4 503.31648
0.3000 4 10569.64608
0.4000 4 26612.85888
0.5000 4 26497.51552
0.6000 4 30408.704
0.7000 4 29370.61376
0.8000 4 29852.95872
0.9000 4 30209.47456
1.0000 4 30261.90336
1.1000 4 30461.1328
1.2000 4 30094.1312
1.3000 4 30461.1328
1.4000 4 21055.40608
1.5000 4 3586.12992
1.6000 4 0.0
1.7000 4 0.0
1.8000 4 0.0
1.9000 4 0.0
2.0000 4 0.0
2.1000 4 0.0
2.2000 4 20.97152
2.3000 4 7885.29152
2.4000 4 7717.51936
2.5000 4 16053.69856
2.6000 4 28154.2656
2.7000 4 29129.44128
2.8000 4 29601.30048
2.9000 4 29601.30048
3.0000 4 29748.10112
3.1000 4 29779.5584
3.2000 4 29685.18656
3.3000 4 23262.65856
3.4000 4 21086.86336
3.5000 4 16184.77056
3.6000 4 8551.13728
3.7000 4 12121.53856
3.8000 4 12750.68416
3.9000 4 12750.68416
4.0000 4 12042.89536
4.1000 4 13998.4896
4.2000 4 20405.28896
4.3000 4 23330.816
4.4000 4 24043.84768
4.5000 4 29790.04416
4.6000 4 29716.64384
4.7000 4 28421.65248
4.8000 4 21506.29376
4.9000 4 21768.43776
5.0000 4 22502.44096
5.1000 4 26649.55904
5.2000 4 21579.69408
5.3000 4 15691.93984
5.4000 4 14690.54976
5.5000 4 14585.69216
5.6000 4 14548.992
5.7000 4 14711.52128
5.8000 4 21286.0928
5.9000 4 24295.50592
6.0000 4 26004.6848
6.1000 4 30560.74752
6.2000 4 22691.18464
6.3000 4 22376.61184
6.4000 4 22408.06912
6.5000 4 26151.48544
6.6000 4 29769.07264
6.7000 4 23220.71552
6.8000 4 19424.8704
6.9000 4 12949.9136
7.0000 4 10454.30272
7.1000 4 19115.54048
7.2000 4 20483.93216
7.3000 4 19755.17184
7.4000 4 22628.27008
7.5000 4 24169.6768
7.6000 4 24300.7488
7.7000 4 20688.40448
7.8000 4 20394.8032
7.9000 4 21139.29216
8.0000 4 28489.80992
8.1000 4 28253.88032
8.2000 4 21097.34912
8.3000 4 21296.57856
8.4000 4 13573.81632
8.5000 4 14879.29344
8.6000 4 20908.60544
8.7000 4 20845.69088
8.8000 4 23446.15936
8.9000 4 27084.71808
9.0000 4 27210.5472
9.1000 4 16294.87104
9.2000 4 15047.0656
9.3000 4 14952.69376
9.4000 4 15193.86624
9.5000 4 15592.32512
9.6000 4 21469.5936
9.7000 4 21233.664
9.8000 4 19288.55552
9.9000 4 13054.7712
10.0000 4 13054.7712
10.1000 4 19996.34432
10.2000 4 20782.77632
10.3000 4 28730.9824
10.4000 4 29223.81312
10.5000 4 29957.81632
10.6000 4 28337.7664
10.7000 4 12551.45472
10.8000 4 8577.35168
10.9000 4 21128.8064
11.0000 4 26958.88896
11.1000 4 22381.85472
11.2000 4 21317.55008
11.3000 4 17474.51904
11.4000 4 15298.72384
11.5000 4 18019.77856
11.6000 4 15885.9264
11.7000 4 16085.15584
11.8000 4 18066.96448
11.9000 4 19807.60064
12.0000 4 22780.3136
12.1000 4 18884.85376
12.2000 4 19052.62592
12.3000 4 19954.40128
12.4000 4 26633.8304
12.5000 4 26591.88736
12.6000 4 25962.74176
12.7000 4 23131.58656
12.8000 4 23708.30336
12.9000 4 20656.9472
13.0000 4 12132.02432
13.1000 4 15083.76576
13.2000 4 7864.32
13.3000 4 7885.29152
13.4000 4 7832.86272
13.5000 4 7240.41728
13.6000 4 8074.0352
13.7000 4 8241.80736
13.8000 4 12006.1952
13.9000 4 17322.47552
14.0000 4 19209.91232
14.1000 4 25721.56928
14.2000 4 26969.37472
14.3000 4 26770.14528
14.4000 4 26749.17376
14.5000 4 26927.43168
14.6000 4 26036.14208
14.7000 4 26633.8304
14.8000 4 27252.49024
14.9000 4 24882.70848
15.0000 4 15345.90976
15.1000 4 7240.41728
15.2000 4 62.91456
15.3000 4 0.0
15.4000 4 0.0
15.5000 4 0.0
15.6000 4 0.0
15.7000 4 4299.1616
15.8000 4 7119.83104
15.9000 4 6983.51616
16.0000 4 12677.28384
16.1000 4 24211.61984
16.2000 4 25071.45216
16.3000 4 26203.91424
16.4000 4 28280.09472
16.5000 4 27619.49184
16.6000 4 26822.57408
16.7000 4 27850.17856
16.8000 4 28909.24032
16.9000 4 28012.70784
17.0000 4 22670.21312
17.1000 4 18313.37984
17.2000 4 9956.22912
17.3000 4 2196.76672
17.4000 4 4718.592
17.5000 4 7014.97344
17.6000 4 6994.00192
17.7000 4 7077.888
17.8000 4 7119.83104
17.9000 4 6889.14432
18.0000 4 7748.97664
18.1000 4 17458.7904
18.2000 4 25522.33984
18.3000 4 22607.29856
18.4000 4 19555.9424
18.5000 4 27367.8336
18.6000 4 26298.28608
18.7000 4 33397.1456
18.8000 4 29056.04096
18.9000 4 11644.43648
19.0000 4 24662.50752
19.1000 4 24599.59296
19.2000 4 10590.6176
19.3000 4 6595.54304
19.4000 4 8614.05184
19.5000 4 10485.76
19.6000 4 9049.21088
19.7000 4 7717.51936
19.8000 4 7644.11904
19.9000 4 7581.20448
20.0000 4 12132.02432
20.1000 4 22187.86816
20.2000 4 23047.70048
20.3000 4 22077.76768
20.4000 4 10328.4736
20.5000 4 16389.24288
20.6000 4 15005.12256
20.7000 4 15267.26656
20.8000 4 16001.26976
20.9000 4 16064.18432
21.0000 4 16095.6416
21.1000 4 3806.33088
