0.1000 4 0.0
0.2000 4 440.40192
0.3000 4 15298.72384
0.4000 4 25427.968
0.5000 4 24903.68
0.6000 4 24452.79232
0.7000 4 24526.19264
0.8000 4 24379.392
0.9000 4 24526.19264
1.0000 4 24526.19264
1.1000 4 24631.05024
1.2000 4 24683.47904
1.3000 4 24830.27968
1.4000 4 21134.04928
1.5000 4 12577.66912
1.6000 4 10910.43328
1.7000 4 5347.7376
1.8000 4 5169.47968
1.9000 4 5106.56512
2.0000 4 5263.85152
2.1000 4 2762.99776
2.2000 4 1017.11872
2.3000 4 6018.82624
2.4000 4 10999.56224
2.5000 4 12824.08448
2.6000 4 16766.73024
2.7000 4 18895.33952
2.8000 4 20803.74784
2.9000 4 21579.69408
3.0000 4 21810.3808
3.1000 4 21705.5232
3.2000 4 21757.952
3.3000 4 21736.98048
3.4000 4 21831.35232
3.5000 4 21873.29536
3.6000 4 19655.55712
3.7000 4 14181.9904
3.8000 4 11314.13504
3.9000 4 10700.71808
4.0000 4 5221.90848
4.1000 4 5158.99392
4.2000 4 8000.63488
4.3000 4 12383.68256
4.4000 4 12488.54016
4.5000 4 14648.60672
4.6000 4 16530.80064
4.7000 4 20006.83008
4.8000 4 19650.31424
4.9000 4 20489.17504
5.0000 4 22397.58336
5.1000 4 23163.04384
5.2000 4 23414.70208
5.3000 4 18869.12512
5.4000 4 15843.98336
5.5000 4 16032.72704
5.6000 4 15938.3552
5.7000 4 21390.9504
5.8000 4 22958.57152
5.9000 4 18245.2224
6.0000 4 16352.54272
6.1000 4 12551.45472
6.2000 4 12551.45472
6.3000 4 12446.59712
6.4000 4 17899.19232
6.5000 4 19094.56896
6.6000 4 22890.41408
6.7000 4 23252.1728
6.8000 4 15686.69696
6.9000 4 14244.90496
7.0000 4 13264.4864
7.1000 4 13107.2
7.2000 4 13033.79968
7.3000 4 17909.67808
7.4000 4 20992.49152
7.5000 4 24201.13408
7.6000 4 23173.5296
7.7000 4 20316.16
7.8000 4 19964.88704
7.9000 4 17935.89248
8.0000 4 14763.95008
8.1000 4 18129.87904
8.2000 4 20373.83168
8.3000 4 20567.81824
8.4000 4 17039.36
8.5000 4 16808.67328
8.6000 4 16609.44384
8.7000 4 16588.47232
8.8000 4 20305.67424
8.9000 4 20331.88864
9.0000 4 19797.11488
9.1000 4 20656.9472
9.2000 4 20541.60384
9.3000 4 23582.47424
9.4000 4 21983.39584
9.5000 4 18371.05152
9.6000 4 18350.08
9.7000 4 17558.40512
9.8000 4 13301.18656
9.9000 4 12897.4848
10.0000 4 12740.1984
10.1000 4 11607.73632
10.2000 4 10873.73312
10.3000 4 12205.42464
10.4000 4 12530.4832
10.5000 4 12341.73952
10.6000 4 14575.2064
10.7000 4 16619.9296
10.8000 4 17327.7184
10.9000 4 17752.39168
11.0000 4 11418.99264
11.1000 4 23928.50432
11.2000 4 27068.98944
11.3000 4 19472.05632
11.4000 4 12960.39936
11.5000 4 12037.65248
11.6000 4 14973.66528
11.7000 4 19000.19712
11.8000 4 24620.56448
11.9000 4 22654.48448
12.0000 4 19209.91232
12.1000 4 16834.88768
12.2000 4 13400.80128
12.3000 4 13421.7728
12.4000 4 13159.6288
12.5000 4 14701.03552
12.6000 4 15948.84096
12.7000 4 20022.55872
12.8000 4 20248.00256
12.9000 4 18475.90912
13.0000 4 19398.656
13.1000 4 17547.91936
13.2000 4 17521.70496
13.3000 4 17322.47552
13.4000 4 17731.42016
13.5000 4 17731.42016
13.6000 4 21265.12128
13.7000 4 20740.83328
13.8000 4 21878.53824
13.9000 4 16053.69856
14.0000 4 15581.83936
14.1000 4 15529.41056
14.2000 4 17731.42016
14.3000 4 24657.26464
14.4000 4 16981.68832
14.5000 4 15969.81248
14.6000 4 13746.83136
14.7000 4 13505.65888
14.8000 4 13668.18816
14.9000 4 7780.43392
15.0000 4 13495.17312
15.1000 4 13033.79968
15.2000 4 17364.41856
15.3000 4 18863.88224
15.4000 4 21307.06432
15.5000 4 18837.66784
15.6000 4 16536.04352
15.7000 4 15340.66688
15.8000 4 16043.2128
15.9000 4 20594.03264
16.0000 4 22261.26848
16.1000 4 24505.22112
16.2000 4 24033.36192
16.3000 4 23938.99008
16.4000 4 22643.99872
16.5000 4 21191.72096
16.6000 4 19283.31264
16.7000 4 15697.18272
16.8000 4 5337.25184
16.9000 4 9070.1824
17.0000 4 11256.46336
17.1000 4 7455.37536
17.2000 4 7675.57632
17.3000 4 7518.28992
17.4000 4 7518.28992
17.5000 4 7381.97504
17.6000 4 7224.68864
17.7000 4 12069.10976
17.8000 4 18465.42336
17.9000 4 22124.9536
18.0000 4 21909.99552
18.1000 4 21967.6672
18.2000 4 19272.82688
18.3000 4 19524.48512
18.4000 4 19230.88384
18.5000 4 19786.62912
18.6000 4 22177.3824
18.7000 4 21632.12288
18.8000 4 22114.46784
18.9000 4 22355.64032
19.0000 4 22387.0976
19.1000 4 19912.45824
19.2000 4 11979.9808
19.3000 4 11827.93728
19.4000 4 10097.78688
19.5000 4 7423.91808
19.6000 4 3282.04288
19.7000 4 3659.53024
19.8000 4 3171.9424
19.9000 4 3439.32928
20.0000 4 8346.66496
20.1000 4 12509.51168
20.2000 4 12519.99744
20.3000 4 10601.10336
20.4000 4 18549.30944
20.5000 4 23687.33184
20.6000 4 25344.08192
20.7000 4 23708.30336
20.8000 4 22093.49632
20.9000 4 18507.3664
21.0000 4 20824.71936
21.1000 4 25333.59616
21.2000 4 26266.8288
21.3000 4 22350.39744
21.4000 4 17123.24608
21.5000 4 15943.59808
21.6000 4 11230.24896
21.7000 4 52.4288
21.8000 4 1457.52064
21.9000 4 7182.7456
22.0000 4 7056.91648
22.1000 4 7014.97344
22.2000 4 7014.97344
22.3000 4 6994.00192
22.4000 4 7182.7456
22.5000 4 8430.55104
22.6000 4 16315.84256
22.7000 4 20541.60384
22.8000 4 20824.71936
22.9000 4 21432.89344
23.0000 4 15996.02688
23.1000 4 14973.66528
23.2000 4 15267.26656
23.3000 4 15456.01024
23.4000 4 15781.0688
23.5000 4 11497.63584
23.6000 4 7119.83104
23.7000 4 7182.7456
23.8000 4 938.47552
