1 2 0.0
2 2 11749.0
3 2 9242.0
4 2 10416.0
5 2 8157.0
6 2 10103.0
7 2 9111.0
8 2 10030.0
9 2 8045.0
10 2 9124.0
11 2 8832.0
12 2 8542.0
13 2 13320.0
14 2 10132.0
15 2 11645.0
16 2 11835.0
17 2 9515.0
18 2 9056.0
19 2 11449.0
20 2 9499.0
21 2 8736.0
22 2 8675.0
23 2 10945.0
24 2 8730.0
25 2 11338.0
26 2 8843.0
27 2 10486.0
28 2 13237.0
29 2 9088.0
30 2 9110.0
31 2 9398.0
32 2 10335.0
33 2 12173.0
34 2 9893.0
35 2 10863.0
36 2 8833.0
37 2 9981.0
38 2 9665.0
39 2 8128.0
40 2 10478.0
41 2 9329.0
42 2 9930.0
43 2 9336.0
44 2 11844.0
45 2 11076.0
46 2 9717.0
47 2 10592.0
48 2 9918.0
49 2 10587.0
50 2 10077.0
51 2 10379.0
52 2 10510.0
53 2 13015.0
54 2 11437.0
55 2 9558.0
56 2 10212.0
57 2 11619.0
58 2 10791.0
59 2 12689.0
60 2 10431.0
61 2 8099.0
62 2 11577.0
63 2 7573.0
64 2 12726.0
65 2 9758.0
66 2 11701.0
67 2 10892.0
68 2 10498.0
69 2 11319.0
70 2 12787.0
71 2 9938.0
72 2 10511.0
73 2 10725.0
74 2 10006.0
75 2 10218.0
76 2 10543.0
77 2 11638.0
78 2 11175.0
79 2 12094.0
80 2 9436.0
81 2 10649.0
82 2 12444.0
83 2 9006.0
84 2 9076.0
85 2 2554.0
