1 2 0.0
2 2 10228.0
3 2 7599.0
4 2 12600.0
5 2 10039.0
6 2 12233.0
7 2 9764.0
8 2 10058.0
9 2 10592.0
10 2 10881.0
11 2 11174.0
12 2 9457.0
13 2 13377.0
14 2 11464.0
15 2 8066.0
16 2 12747.0
17 2 7738.0
18 2 10833.0
19 2 9377.0
20 2 9193.0
21 2 9624.0
22 2 10500.0
23 2 8747.0
24 2 10796.0
25 2 5591.0
26 2 9409.0
27 2 9204.0
28 2 9759.0
29 2 9659.0
30 2 10615.0
31 2 11265.0
32 2 11319.0
33 2 10269.0
34 2 9709.0
35 2 10990.0
36 2 11960.0
37 2 11043.0
38 2 10301.0
39 2 11595.0
40 2 8001.0
41 2 9981.0
42 2 8561.0
43 2 8126.0
44 2 10579.0
45 2 10588.0
46 2 8495.0
47 2 10261.0
48 2 10278.0
49 2 9569.0
50 2 11364.0
51 2 11698.0
52 2 11119.0
53 2 10279.0
54 2 10777.0
55 2 11326.0
56 2 10631.0
57 2 12567.0
58 2 10734.0
59 2 9979.0
60 2 13111.0
61 2 10703.0
62 2 11567.0
63 2 11445.0
64 2 10976.0
65 2 9352.0
66 2 9930.0
67 2 9859.0
68 2 9420.0
69 2 10711.0
70 2 8000.0
71 2 10508.0
72 2 9916.0
73 2 8396.0
74 2 10285.0
75 2 8630.0
76 2 10407.0
77 2 10597.0
78 2 11615.0
79 2 9093.0
80 2 8080.0
81 2 10368.0
82 2 9633.0
83 2 10151.0
84 2 10103.0
85 2 6416.0
86 2 4728.0
