1 2 0.0
2 2 9508.0
3 2 8230.0
4 2 9498.0
5 2 9036.0
6 2 12968.0
7 2 8751.0
8 2 10375.0
9 2 9910.0
10 2 8537.0
11 2 10927.0
12 2 8078.0
13 2 12856.0
14 2 9905.0
15 2 11043.0
16 2 12231.0
17 2 10286.0
18 2 10806.0
19 2 11114.0
20 2 12246.0
21 2 9441.0
22 2 10798.0
23 2 12209.0
24 2 9355.0
25 2 11015.0
26 2 8356.0
27 2 8675.0
28 2 9468.0
29 2 8990.0
30 2 9543.0
31 2 11584.0
32 2 10781.0
33 2 10286.0
34 2 11206.0
35 2 9977.0
36 2 12233.0
37 2 10467.0
38 2 7634.0
39 2 11049.0
40 2 10131.0
41 2 11882.0
42 2 7509.0
43 2 10494.0
44 2 8623.0
45 2 9503.0
46 2 10963.0
47 2 10487.0
48 2 11947.0
49 2 8287.0
50 2 10085.0
51 2 12780.0
52 2 9331.0
53 2 11150.0
54 2 9353.0
55 2 9657.0
56 2 11280.0
57 2 10832.0
58 2 11944.0
59 2 10961.0
60 2 9667.0
61 2 12040.0
62 2 11045.0
63 2 10476.0
64 2 12278.0
65 2 11301.0
66 2 10006.0
67 2 12335.0
68 2 9818.0
69 2 9594.0
70 2 10948.0
71 2 8788.0
72 2 11144.0
73 2 9558.0
74 2 10585.0
75 2 12219.0
76 2 9021.0
77 2 12574.0
78 2 8550.0
79 2 8826.0
80 2 11637.0
81 2 9678.0
82 2 12545.0
83 2 11276.0
84 2 6289.0
