1 2 0.0
2 2 8793.0
3 2 8468.0
4 2 10398.0
5 2 8955.0
6 2 9638.0
7 2 9681.0
8 2 11972.0
9 2 10973.0
10 2 8932.0
11 2 9941.0
12 2 8576.0
13 2 10952.0
14 2 8860.0
15 2 10820.0
16 2 10241.0
17 2 7448.0
18 2 10409.0
19 2 7291.0
20 2 12691.0
21 2 8587.0
22 2 10413.0
23 2 7152.0
24 2 12165.0
25 2 9905.0
26 2 9010.0
27 2 10746.0
28 2 9543.0
29 2 11477.0
30 2 10144.0
31 2 10717.0
32 2 10283.0
33 2 10713.0
34 2 10750.0
35 2 10130.0
36 2 9419.0
37 2 10720.0
38 2 8741.0
39 2 9783.0
40 2 8373.0
41 2 10476.0
42 2 8675.0
43 2 10764.0
44 2 11522.0
45 2 9577.0
46 2 10834.0
47 2 10183.0
48 2 10198.0
49 2 10696.0
50 2 10249.0
51 2 11010.0
52 2 10812.0
53 2 11139.0
54 2 10904.0
55 2 11019.0
56 2 11195.0
57 2 10643.0
58 2 11496.0
59 2 10457.0
60 2 10116.0
61 2 12580.0
62 2 10152.0
63 2 10045.0
64 2 10977.0
65 2 11099.0
66 2 11365.0
67 2 10778.0
68 2 12046.0
69 2 12249.0
70 2 11562.0
71 2 9401.0
72 2 10999.0
73 2 11645.0
74 2 10935.0
75 2 11335.0
76 2 10674.0
77 2 10088.0
78 2 11821.0
79 2 10160.0
80 2 10888.0
81 2 10218.0
82 2 9992.0
83 2 10326.0
84 2 8758.0
85 2 2859.0
