1 2 0.0
2 2 10659.0
3 2 7750.0
4 2 12254.0
5 2 8230.0
6 2 11464.0
7 2 9671.0
8 2 8762.0
9 2 8575.0
10 2 10229.0
11 2 8822.0
12 2 10884.0
13 2 7919.0
14 2 11133.0
15 2 9479.0
16 2 11514.0
17 2 9761.0
18 2 10332.0
19 2 11827.0
20 2 10740.0
21 2 9840.0
22 2 12490.0
23 2 8782.0
24 2 10845.0
25 2 7454.0
26 2 9443.0
27 2 7637.0
28 2 9498.0
29 2 9528.0
30 2 10355.0
31 2 10396.0
32 2 10173.0
33 2 9830.0
34 2 10013.0
35 2 10980.0
36 2 10585.0
37 2 9317.0
38 2 11691.0
39 2 10057.0
40 2 8841.0
41 2 12248.0
42 2 8368.0
43 2 11165.0
44 2 9092.0
45 2 10561.0
46 2 11898.0
47 2 10861.0
48 2 10376.0
49 2 8991.0
50 2 10664.0
51 2 11237.0
52 2 9237.0
53 2 11148.0
54 2 9272.0
55 2 10272.0
56 2 11153.0
57 2 9005.0
58 2 10434.0
59 2 9509.0
60 2 9413.0
61 2 8205.0
62 2 9231.0
63 2 9535.0
64 2 7402.0
65 2 11820.0
66 2 8350.0
67 2 13004.0
68 2 9182.0
69 2 9157.0
70 2 12937.0
71 2 8761.0
72 2 11383.0
73 2 8564.0
74 2 10695.0
75 2 10564.0
76 2 9759.0
77 2 11286.0
78 2 10488.0
79 2 10395.0
80 2 10531.0
81 2 9619.0
82 2 11390.0
83 2 10772.0
84 2 10437.0
85 2 11464.0
86 2 7376.0
87 2 3743.0
