1 2 0.0
2 2 10111.0
3 2 7564.0
4 2 9363.0
5 2 9587.0
6 2 11606.0
7 2 9328.0
8 2 10180.0
9 2 12539.0
10 2 11657.0
11 2 10731.0
12 2 10379.0
13 2 12594.0
14 2 9276.0
15 2 11187.0
16 2 8432.0
17 2 10523.0
18 2 8254.0
19 2 9872.0
20 2 9437.0
21 2 12287.0
22 2 9518.0
23 2 9977.0
24 2 9579.0
25 2 11206.0
26 2 9721.0
27 2 10891.0
28 2 9711.0
29 2 10397.0
30 2 12052.0
31 2 9642.0
32 2 9409.0
33 2 10222.0
34 2 9854.0
35 2 10961.0
36 2 10517.0
37 2 10456.0
38 2 10759.0
39 2 11504.0
40 2 10211.0
41 2 10342.0
42 2 10466.0
43 2 9728.0
44 2 12194.0
45 2 9658.0
46 2 9988.0
47 2 6899.0
48 2 8645.0
49 2 10239.0
50 2 8193.0
51 2 10071.0
52 2 10699.0
53 2 10313.0
54 2 11227.0
55 2 11192.0
56 2 12442.0
57 2 10533.0
58 2 9787.0
59 2 10450.0
60 2 9084.0
61 2 12528.0
62 2 9992.0
63 2 9200.0
64 2 10065.0
65 2 11557.0
66 2 12416.0
67 2 10471.0
68 2 11061.0
69 2 11838.0
70 2 11143.0
71 2 10820.0
72 2 10324.0
73 2 10864.0
74 2 9309.0
75 2 9336.0
76 2 10334.0
77 2 9828.0
78 2 10194.0
79 2 8302.0
80 2 9834.0
81 2 10070.0
82 2 11275.0
83 2 10971.0
84 2 7913.0
85 2 4769.0
86 2 723.0
