1 2 0.0
2 2 9775.0
3 2 8174.0
4 2 10637.0
5 2 6923.0
6 2 11050.0
7 2 8221.0
8 2 9849.0
9 2 9467.0
10 2 12549.0
11 2 10156.0
12 2 10041.0
13 2 11626.0
14 2 10347.0
15 2 10204.0
16 2 10153.0
17 2 9976.0
18 2 11198.0
19 2 11517.0
20 2 10422.0
21 2 9848.0
22 2 10957.0
23 2 11464.0
24 2 9825.0
25 2 10043.0
26 2 9596.0
27 2 9077.0
28 2 10710.0
29 2 10774.0
30 2 9520.0
31 2 10309.0
32 2 9844.0
33 2 11312.0
34 2 9818.0
35 2 8512.0
36 2 9761.0
37 2 8031.0
38 2 11767.0
39 2 8658.0
40 2 11006.0
41 2 9194.0
42 2 9834.0
43 2 10450.0
44 2 9345.0
45 2 9964.0
46 2 10066.0
47 2 10681.0
48 2 12214.0
49 2 10992.0
50 2 10375.0
51 2 10804.0
52 2 11704.0
53 2 9762.0
54 2 10904.0
55 2 12053.0
56 2 10797.0
57 2 11443.0
58 2 9630.0
59 2 9732.0
60 2 11174.0
61 2 9853.0
62 2 11243.0
63 2 10139.0
64 2 10860.0
65 2 11645.0
66 2 10718.0
67 2 11048.0
68 2 11063.0
69 2 10433.0
70 2 10892.0
71 2 11105.0
72 2 12062.0
73 2 10468.0
74 2 10045.0
75 2 10603.0
76 2 9801.0
77 2 11822.0
78 2 7822.0
79 2 10808.0
80 2 9395.0
81 2 10625.0
82 2 11432.0
83 2 9460.0
84 2 9931.0
85 2 1201.0
