1 2 0.0
2 2 8836.0
3 2 8457.0
4 2 9111.0
5 2 8379.0
6 2 12963.0
7 2 8338.0
8 2 10073.0
9 2 7666.0
10 2 9681.0
11 2 7034.0
12 2 8373.0
13 2 9382.0
14 2 9456.0
15 2 9525.0
16 2 10977.0
17 2 10069.0
18 2 11099.0
19 2 11569.0
20 2 10652.0
21 2 9915.0
22 2 10436.0
23 2 9490.0
24 2 11615.0
25 2 9854.0
26 2 9907.0
27 2 10668.0
28 2 9771.0
29 2 10581.0
30 2 9895.0
31 2 9863.0
32 2 11662.0
33 2 8789.0
34 2 12205.0
35 2 9812.0
36 2 8207.0
37 2 10994.0
38 2 9460.0
39 2 10466.0
40 2 9318.0
41 2 11490.0
42 2 10506.0
43 2 10084.0
44 2 10641.0
45 2 10515.0
46 2 10166.0
47 2 10570.0
48 2 10212.0
49 2 9072.0
50 2 10777.0
51 2 10199.0
52 2 10448.0
53 2 11660.0
54 2 9398.0
55 2 10850.0
56 2 9273.0
57 2 10571.0
58 2 11722.0
59 2 10804.0
60 2 10098.0
61 2 9969.0
62 2 9611.0
63 2 9912.0
64 2 11232.0
65 2 11225.0
66 2 11406.0
67 2 11809.0
68 2 10602.0
69 2 8892.0
70 2 10653.0
71 2 9347.0
72 2 11084.0
73 2 10280.0
74 2 10390.0
75 2 8517.0
76 2 10277.0
77 2 9244.0
78 2 11121.0
79 2 10553.0
80 2 10906.0
81 2 10135.0
82 2 10803.0
83 2 10693.0
84 2 10600.0
85 2 11376.0
86 2 4486.0
