0.1000 1 0.0
0.2000 1 8315.20768
0.3000 1 6259.99872
0.4000 1 6134.1696
0.5000 1 6176.11264
0.6000 1 8032.09216
0.7000 1 6606.0288
0.8000 1 6207.56992
0.9000 1 6197.08416
1.0000 1 6113.19808
1.1000 1 8357.15072
1.2000 1 6553.6
1.3000 1 6301.94176
1.4000 1 6218.05568
1.5000 1 6375.34208
1.6000 1 8032.09216
1.7000 1 7014.97344
1.8000 1 6218.05568
1.9000 1 6312.42752
2.0000 1 6417.28512
2.1000 1 7455.37536
2.2000 1 7665.09056
2.3000 1 6228.54144
2.4000 1 6343.8848
2.5000 1 6427.77088
2.6000 1 6847.20128
2.7000 1 8231.3216
2.8000 1 6427.77088
2.9000 1 6343.8848
3.0000 1 6228.54144
3.1000 1 6239.0272
3.2000 1 8388.608
3.3000 1 6553.6
3.4000 1 6333.39904
3.5000 1 6197.08416
3.6000 1 6291.456
3.7000 1 8042.57792
3.8000 1 6952.05888
3.9000 1 6343.8848
4.0000 1 6312.42752
4.1000 1 6207.56992
4.2000 1 7654.6048
4.3000 1 7035.94496
4.4000 1 6301.94176
4.5000 1 6176.11264
4.6000 1 6228.54144
4.7000 1 7686.06208
4.8000 1 7287.6032
4.9000 1 6301.94176
5.0000 1 6375.34208
5.1000 1 6270.48448
5.2000 1 7329.54624
5.3000 1 7486.83264
5.4000 1 6438.25664
5.5000 1 6385.82784
5.6000 1 6354.37056
5.7000 1 6805.25824
5.8000 1 8063.54944
5.9000 1 6301.94176
6.0000 1 6322.91328
6.1000 1 6291.456
6.2000 1 6532.62848
6.3000 1 8220.83584
6.4000 1 6343.8848
6.5000 1 6312.42752
6.6000 1 6364.85632
6.7000 1 6291.456
6.8000 1 8262.77888
6.9000 1 6406.79936
7.0000 1 6312.42752
7.1000 1 6333.39904
7.2000 1 6396.3136
7.3000 1 8074.0352
7.4000 1 6595.54304
7.5000 1 6228.54144
7.6000 1 6291.456
7.7000 1 6144.65536
7.8000 1 8220.83584
7.9000 1 6469.71392
8.0000 1 6270.48448
8.1000 1 6343.8848
8.2000 1 6343.8848
8.3000 1 8053.06368
8.4000 1 6952.05888
8.5000 1 6165.62688
8.6000 1 6071.25504
8.7000 1 6123.68384
8.8000 1 8199.86432
8.9000 1 6197.08416
9.0000 1 6155.14112
9.1000 1 6291.456
9.2000 1 6490.68544
9.3000 1 8189.37856
9.4000 1 6406.79936
9.5000 1 6186.5984
9.6000 1 6123.68384
9.7000 1 6543.11424
9.8000 1 8199.86432
9.9000 1 6144.65536
10.0000 1 6270.48448
10.1000 1 6239.0272
10.2000 1 6679.42912
10.3000 1 8053.06368
10.4000 1 6312.42752
10.5000 1 4257.21856
10.6000 1 1719.66464
10.7000 1 8388.608
10.8000 1 9573.49888
10.9000 1 8346.66496
11.0000 1 6354.37056
11.1000 1 6427.77088
11.2000 1 6396.3136
11.3000 1 6490.68544
11.4000 1 7895.77728
11.5000 1 7434.40384
11.6000 1 6522.14272
11.7000 1 6679.42912
11.8000 1 6448.7424
11.9000 1 3460.3008
12.0000 1 10538.1888
12.1000 1 7665.09056
12.2000 1 6406.79936
12.3000 1 6553.6
12.4000 1 6354.37056
12.5000 1 7266.63168
12.6000 1 8283.7504
12.7000 1 6543.11424
12.8000 1 6448.7424
12.9000 1 6343.8848
13.0000 1 6270.48448
13.1000 1 7969.1776
13.2000 1 7319.06048
13.3000 1 6543.11424
13.4000 1 6322.91328
13.5000 1 6511.65696
13.6000 1 6857.68704
13.7000 1 8399.09376
13.8000 1 6543.11424
13.9000 1 6448.7424
14.0000 1 6280.97024
14.1000 1 6186.5984
14.2000 1 8011.12064
14.3000 1 6689.91488
14.4000 1 5945.42592
14.5000 1 6071.25504
14.6000 1 6417.28512
14.7000 1 7853.83424
14.8000 1 6155.14112
14.9000 1 6228.54144
15.0000 1 6008.34048
15.1000 1 7381.97504
15.2000 1 6794.77248
15.3000 1 5819.5968
15.4000 1 6155.14112
15.5000 1 6280.97024
15.6000 1 7853.83424
15.7000 1 5945.42592
15.8000 1 6039.79776
15.9000 1 6081.7408
16.0000 1 7549.7472
16.1000 1 5347.7376
16.2000 1 4624.22016
16.3000 1 6847.20128
16.4000 1 7308.57472
16.5000 1 6176.11264
16.6000 1 6228.54144
16.7000 1 6312.42752
16.8000 1 7486.83264
16.9000 1 7413.43232
17.0000 1 5966.39744
17.1000 1 5892.99712
17.2000 1 6008.34048
17.3000 1 8105.49248
17.4000 1 6071.25504
17.5000 1 6197.08416
17.6000 1 6029.312
17.7000 1 6931.08736
17.8000 1 7497.3184
17.9000 1 6050.28352
18.0000 1 6018.82624
18.1000 1 5945.42592
18.2000 1 7769.94816
18.3000 1 6553.6
18.4000 1 5861.53984
18.5000 1 5976.8832
18.6000 1 6731.85792
18.7000 1 7581.20448
18.8000 1 6134.1696
18.9000 1 6480.19968
19.0000 1 6469.71392
19.1000 1 6805.25824
19.2000 1 8430.55104
19.3000 1 6343.8848
19.4000 1 6501.1712
19.5000 1 6511.65696
19.6000 1 6574.57152
19.7000 1 7560.23296
19.8000 1 7392.4608
19.9000 1 6459.22816
20.0000 1 6522.14272
20.1000 1 6406.79936
20.2000 1 6710.8864
20.3000 1 8325.69344
20.4000 1 6941.57312
20.5000 1 6606.0288
20.6000 1 2254.4384
20.7000 1 3386.90048
20.8000 1 11471.42144
20.9000 1 9489.6128
21.0000 1 6585.05728
21.1000 1 6501.1712
21.2000 1 6322.91328
21.3000 1 7455.37536
21.4000 1 7843.34848
21.5000 1 6364.85632
21.6000 1 6438.25664
21.7000 1 6564.08576
21.8000 1 6585.05728
21.9000 1 8011.12064
22.0000 1 6952.05888
22.1000 1 6081.7408
22.2000 1 6029.312
22.3000 1 6060.76928
22.4000 1 8147.43552
22.5000 1 6029.312
22.6000 1 6008.34048
22.7000 1 5913.96864
22.8000 1 7381.97504
22.9000 1 6679.42912
23.0000 1 6060.76928
23.1000 1 5987.36896
23.2000 1 6343.8848
23.3000 1 7623.14752
23.4000 1 5924.4544
23.5000 1 5861.53984
23.6000 1 5945.42592
23.7000 1 8021.6064
23.8000 1 5924.4544
23.9000 1 5924.4544
24.0000 1 5987.36896
24.1000 1 7455.37536
24.2000 1 7014.97344
24.3000 1 6259.99872
24.4000 1 6553.6
24.5000 1 6322.91328
24.6000 1 7340.032
24.7000 1 7769.94816
24.8000 1 6543.11424
24.9000 1 6427.77088
25.0000 1 6155.14112
25.1000 1 6511.65696
25.2000 1 8482.97984
25.3000 1 6448.7424
25.4000 1 6469.71392
25.5000 1 6574.57152
25.6000 1 6532.62848
25.7000 1 7350.51776
25.8000 1 8074.0352
25.9000 1 6417.28512
26.0000 1 6249.51296
26.1000 1 6333.39904
26.2000 1 6333.39904
26.3000 1 8503.95136
26.4000 1 6532.62848
26.5000 1 6375.34208
26.6000 1 6553.6
26.7000 1 6343.8848
26.8000 1 7518.28992
26.9000 1 7518.28992
27.0000 1 6280.97024
27.1000 1 6312.42752
27.2000 1 6385.82784
27.3000 1 7046.43072
27.4000 1 8084.52096
27.5000 1 6522.14272
27.6000 1 6270.48448
27.7000 1 6270.48448
27.8000 1 6343.8848
27.9000 1 8399.09376
28.0000 1 6385.82784
28.1000 1 6113.19808
28.2000 1 6186.5984
28.3000 1 6459.22816
28.4000 1 8378.12224
28.5000 1 6375.34208
28.6000 1 6197.08416
28.7000 1 6532.62848
28.8000 1 6543.11424
28.9000 1 7790.91968
29.0000 1 7486.83264
29.1000 1 6511.65696
29.2000 1 6259.99872
29.3000 1 6291.456
29.4000 1 6836.71552
29.5000 1 8074.0352
29.6000 1 6406.79936
29.7000 1 6301.94176
29.8000 1 6333.39904
29.9000 1 6406.79936
30.0000 1 8399.09376
30.1000 1 6616.51456
30.2000 1 6459.22816
30.3000 1 6522.14272
30.4000 1 6459.22816
30.5000 1 7486.83264
30.6000 1 7507.80416
30.7000 1 4708.10624
30.8000 1 1971.32288
30.9000 1 4959.76448
31.0000 1 12897.4848
31.1000 1 7549.7472
31.2000 1 6385.82784
31.3000 1 6280.97024
31.4000 1 6459.22816
31.5000 1 8189.37856
31.6000 1 7224.68864
31.7000 1 6553.6
31.8000 1 6406.79936
31.9000 1 6322.91328
32.0000 1 6920.6016
32.1000 1 8252.29312
32.2000 1 6490.68544
32.3000 1 6606.0288
32.4000 1 6448.7424
32.5000 1 6406.79936
32.6000 1 7665.09056
32.7000 1 7623.14752
32.8000 1 6406.79936
32.9000 1 6427.77088
33.0000 1 6490.68544
33.1000 1 6511.65696
33.2000 1 8399.09376
33.3000 1 6721.37216
33.4000 1 6459.22816
33.5000 1 6480.19968
33.6000 1 6553.6
33.7000 1 7266.63168
33.8000 1 8178.8928
33.9000 1 6249.51296
34.0000 1 6312.42752
34.1000 1 6448.7424
34.2000 1 6438.25664
34.3000 1 8252.29312
34.4000 1 7088.37376
34.5000 1 6364.85632
34.6000 1 6396.3136
34.7000 1 6385.82784
34.8000 1 7287.6032
34.9000 1 7434.40384
35.0000 1 6333.39904
35.1000 1 6092.22656
35.2000 1 6291.456
35.3000 1 7340.032
35.4000 1 7549.7472
35.5000 1 6270.48448
35.6000 1 6144.65536
35.7000 1 6144.65536
35.8000 1 7381.97504
35.9000 1 7560.23296
36.0000 1 6375.34208
36.1000 1 6249.51296
36.2000 1 6490.68544
36.3000 1 6763.3152
36.4000 1 8231.3216
36.5000 1 6396.3136
36.6000 1 6029.312
36.7000 1 6050.28352
36.8000 1 6805.25824
36.9000 1 7979.66336
37.0000 1 6155.14112
37.1000 1 6186.5984
37.2000 1 6228.54144
37.3000 1 7004.48768
37.4000 1 7759.4624
37.5000 1 6280.97024
37.6000 1 6364.85632
37.7000 1 6259.99872
37.8000 1 6689.91488
37.9000 1 7958.69184
38.0000 1 6207.56992
38.1000 1 6280.97024
38.2000 1 6259.99872
38.3000 1 6836.71552
38.4000 1 7927.23456
38.5000 1 6291.456
38.6000 1 6280.97024
38.7000 1 6239.0272
38.8000 1 6805.25824
38.9000 1 7958.69184
39.0000 1 6218.05568
39.1000 1 6354.37056
39.2000 1 6197.08416
39.3000 1 6857.68704
39.4000 1 7769.94816
39.5000 1 6249.51296
39.6000 1 6385.82784
39.7000 1 6218.05568
39.8000 1 6836.71552
39.9000 1 7958.69184
40.0000 1 6071.25504
40.1000 1 6060.76928
40.2000 1 6144.65536
40.3000 1 7298.08896
40.4000 1 7413.43232
40.5000 1 6280.97024
40.6000 1 6218.05568
40.7000 1 6123.68384
40.8000 1 7455.37536
40.9000 1 3638.55872
41.0000 1 2936.0128
41.1000 1 7392.4608
41.2000 1 11198.79168
41.3000 1 8283.7504
41.4000 1 6469.71392
41.5000 1 6637.48608
41.6000 1 6375.34208
41.7000 1 6480.19968
41.8000 1 7654.6048
41.9000 1 7497.3184
42.0000 1 6501.1712
42.1000 1 6637.48608
42.2000 1 6469.71392
42.3000 1 6532.62848
42.4000 1 8241.80736
42.5000 1 7056.91648
42.6000 1 6301.94176
42.7000 1 6606.0288
42.8000 1 6333.39904
42.9000 1 7235.1744
43.0000 1 7916.7488
43.1000 1 6259.99872
43.2000 1 6354.37056
43.3000 1 6375.34208
43.4000 1 6501.1712
43.5000 1 7864.32
43.6000 1 7560.23296
43.7000 1 6616.51456
43.8000 1 6469.71392
43.9000 1 6532.62848
44.0000 1 6826.22976
44.1000 1 8409.57952
44.2000 1 6511.65696
44.3000 1 6239.0272
44.4000 1 6113.19808
44.5000 1 6239.0272
44.6000 1 6994.00192
44.7000 1 2747.26912
44.8000 1 10024.38656
44.9000 1 7203.71712
45.0000 1 6606.0288
45.1000 1 8357.15072
45.2000 1 6270.48448
45.3000 1 6280.97024
45.4000 1 6312.42752
45.5000 1 6343.8848
45.6000 1 8304.72192
45.7000 1 6543.11424
45.8000 1 6207.56992
45.9000 1 6218.05568
46.0000 1 6197.08416
46.1000 1 8315.20768
46.2000 1 6438.25664
46.3000 1 6553.6
46.4000 1 6469.71392
46.5000 1 6280.97024
46.6000 1 7769.94816
46.7000 1 7350.51776
46.8000 1 6396.3136
46.9000 1 6375.34208
47.0000 1 6406.79936
47.1000 1 6889.14432
47.2000 1 8409.57952
47.3000 1 6417.28512
47.4000 1 6312.42752
47.5000 1 6564.08576
47.6000 1 6585.05728
47.7000 1 7518.28992
47.8000 1 7853.83424
47.9000 1 6469.71392
48.0000 1 6647.97184
48.1000 1 6469.71392
48.2000 1 6459.22816
48.3000 1 7990.14912
48.4000 1 7423.91808
48.5000 1 6186.5984
48.6000 1 6280.97024
48.7000 1 6427.77088
48.8000 1 7182.7456
48.9000 1 8032.09216
49.0000 1 6543.11424
49.1000 1 6532.62848
49.2000 1 6364.85632
49.3000 1 6459.22816
49.4000 1 7906.26304
49.5000 1 7340.032
49.6000 1 6501.1712
49.7000 1 6259.99872
49.8000 1 6322.91328
49.9000 1 7067.40224
50.0000 1 8032.09216
50.1000 1 6197.08416
50.2000 1 6312.42752
50.3000 1 6427.77088
50.4000 1 6501.1712
50.5000 1 8346.66496
50.6000 1 6490.68544
50.7000 1 6291.456
50.8000 1 6301.94176
50.9000 1 6396.3136
51.0000 1 8115.97824
51.1000 1 2327.83872
51.2000 1 3586.12992
51.3000 1 7906.26304
51.4000 1 11282.67776
51.5000 1 8011.12064
51.6000 1 6207.56992
51.7000 1 6375.34208
51.8000 1 6438.25664
51.9000 1 6511.65696
52.0000 1 8378.12224
52.1000 1 7161.77408
52.2000 1 6406.79936
52.3000 1 6438.25664
52.4000 1 6501.1712
52.5000 1 6920.6016
52.6000 1 8378.12224
52.7000 1 6480.19968
52.8000 1 6469.71392
52.9000 1 6522.14272
53.0000 1 6459.22816
53.1000 1 7549.7472
53.2000 1 7602.176
53.3000 1 6113.19808
53.4000 1 6480.19968
53.5000 1 6396.3136
53.6000 1 7025.4592
53.7000 1 8357.15072
53.8000 1 6637.48608
53.9000 1 6438.25664
54.0000 1 6532.62848
54.1000 1 6490.68544
54.2000 1 7361.00352
54.3000 1 7874.80576
54.4000 1 6574.57152
54.5000 1 6595.54304
54.6000 1 6448.7424
54.7000 1 6417.28512
54.8000 1 8095.00672
54.9000 1 7329.54624
55.0000 1 6511.65696
55.1000 1 6385.82784
55.2000 1 6480.19968
55.3000 1 6805.25824
55.4000 1 8346.66496
55.5000 1 6375.34208
55.6000 1 6480.19968
55.7000 1 6417.28512
55.8000 1 6490.68544
55.9000 1 7748.97664
56.0000 1 7486.83264
56.1000 1 6333.39904
56.2000 1 6228.54144
56.3000 1 6301.94176
56.4000 1 7182.7456
56.5000 1 8199.86432
56.6000 1 6522.14272
56.7000 1 6312.42752
56.8000 1 6364.85632
56.9000 1 6427.77088
57.0000 1 8032.09216
57.1000 1 6899.63008
57.2000 1 6459.22816
57.3000 1 6438.25664
57.4000 1 6511.65696
57.5000 1 7224.68864
57.6000 1 7853.83424
57.7000 1 6364.85632
57.8000 1 6459.22816
57.9000 1 6532.62848
58.0000 1 6543.11424
58.1000 1 7969.1776
58.2000 1 7434.40384
58.3000 1 6438.25664
58.4000 1 6385.82784
58.5000 1 6532.62848
58.6000 1 6805.25824
58.7000 1 8378.12224
58.8000 1 6574.57152
58.9000 1 6417.28512
59.0000 1 6438.25664
59.1000 1 6501.1712
59.2000 1 7612.66176
59.3000 1 7486.83264
59.4000 1 6480.19968
59.5000 1 6511.65696
59.6000 1 6333.39904
59.7000 1 6742.34368
59.8000 1 8325.69344
59.9000 1 6658.4576
60.0000 1 6417.28512
60.1000 1 6501.1712
60.2000 1 6532.62848
60.3000 1 7455.37536
60.4000 1 7759.4624
60.5000 1 6511.65696
60.6000 1 6396.3136
60.7000 1 6280.97024
60.8000 1 6606.0288
60.9000 1 8105.49248
61.0000 1 6406.79936
61.1000 1 6218.05568
61.2000 1 6102.71232
61.3000 1 2023.75168
61.4000 1 5106.56512
61.5000 1 9919.52896
61.6000 1 8032.09216
61.7000 1 6731.85792
61.8000 1 1992.2944
