0.1000 1 0.0
0.2000 1 7402.94656
0.3000 1 6343.8848
0.4000 1 6291.456
0.5000 1 6239.0272
0.6000 1 7769.94816
0.7000 1 7088.37376
0.8000 1 6176.11264
0.9000 1 6301.94176
1.0000 1 6448.7424
1.1000 1 7476.34688
1.2000 1 7549.7472
1.3000 1 6218.05568
1.4000 1 6197.08416
1.5000 1 6280.97024
1.6000 1 7235.1744
1.7000 1 7602.176
1.8000 1 6396.3136
1.9000 1 6249.51296
2.0000 1 6375.34208
2.1000 1 6889.14432
2.2000 1 8346.66496
2.3000 1 6396.3136
2.4000 1 6427.77088
2.5000 1 6417.28512
2.6000 1 6438.25664
2.7000 1 7811.8912
2.8000 1 7004.48768
2.9000 1 6322.91328
3.0000 1 6406.79936
3.1000 1 5368.70912
3.2000 1 8346.66496
3.3000 1 6448.7424
3.4000 1 6312.42752
3.5000 1 6354.37056
3.6000 1 6301.94176
3.7000 1 8032.09216
3.8000 1 6794.77248
3.9000 1 6176.11264
4.0000 1 6301.94176
4.1000 1 6438.25664
4.2000 1 7801.40544
4.3000 1 7109.34528
4.4000 1 6176.11264
4.5000 1 6280.97024
4.6000 1 6343.8848
4.7000 1 7591.69024
4.8000 1 7465.86112
4.9000 1 6553.6
5.0000 1 6480.19968
5.1000 1 6417.28512
5.2000 1 6637.48608
5.3000 1 8126.464
5.4000 1 6417.28512
5.5000 1 6280.97024
5.6000 1 5976.8832
5.7000 1 6606.0288
5.8000 1 6543.11424
5.9000 1 5452.5952
6.0000 1 5546.96704
6.1000 1 7539.26144
6.2000 1 6081.7408
6.3000 1 6134.1696
6.4000 1 6322.91328
6.5000 1 6637.48608
6.6000 1 8325.69344
6.7000 1 6354.37056
6.8000 1 6396.3136
6.9000 1 6532.62848
7.0000 1 6364.85632
7.1000 1 7937.72032
7.2000 1 7088.37376
7.3000 1 6406.79936
7.4000 1 6375.34208
7.5000 1 6427.77088
7.6000 1 7140.80256
7.7000 1 7623.14752
7.8000 1 6291.456
7.9000 1 6385.82784
8.0000 1 6375.34208
8.1000 1 6857.68704
8.2000 1 8157.92128
8.3000 1 6322.91328
8.4000 1 6469.71392
8.5000 1 6417.28512
8.6000 1 6417.28512
8.7000 1 7969.1776
8.8000 1 7151.28832
8.9000 1 6343.8848
9.0000 1 6228.54144
9.1000 1 6406.79936
9.2000 1 7340.032
9.3000 1 7707.0336
9.4000 1 6165.62688
9.5000 1 6228.54144
9.6000 1 6354.37056
9.7000 1 7035.94496
9.8000 1 8074.0352
9.9000 1 6155.14112
10.0000 1 6186.5984
10.1000 1 6144.65536
10.2000 1 6941.57312
10.3000 1 7413.43232
10.4000 1 6123.68384
10.5000 1 5976.8832
10.6000 1 6176.11264
10.7000 1 6983.51616
10.8000 1 7308.57472
10.9000 1 5840.56832
11.0000 1 5830.08256
11.1000 1 4854.90688
11.2000 1 7644.11904
11.3000 1 6259.99872
11.4000 1 6354.37056
11.5000 1 8105.49248
11.6000 1 6228.54144
11.7000 1 6123.68384
11.8000 1 6113.19808
11.9000 1 6249.51296
12.0000 1 9101.63968
12.1000 1 4739.56352
12.2000 1 7497.3184
12.3000 1 6081.7408
12.4000 1 901.77536
12.5000 1 671.08864
12.6000 1 723.51744
12.7000 1 0.0
12.8000 1 3156.21376
12.9000 1 11817.45152
13.0000 1 5263.85152
13.1000 1 8545.8944
13.2000 1 6364.85632
13.3000 1 6301.94176
13.4000 1 7759.4624
13.5000 1 7507.80416
13.6000 1 8115.97824
13.7000 1 6280.97024
13.8000 1 6511.65696
13.9000 1 6406.79936
14.0000 1 7035.94496
14.1000 1 8000.63488
14.2000 1 6165.62688
14.3000 1 6490.68544
14.4000 1 6522.14272
14.5000 1 6501.1712
14.6000 1 8231.3216
14.7000 1 6595.54304
14.8000 1 6417.28512
14.9000 1 6417.28512
15.0000 1 6343.8848
15.1000 1 7686.06208
15.2000 1 7623.14752
15.3000 1 6375.34208
15.4000 1 6291.456
15.5000 1 6459.22816
15.6000 1 6564.08576
15.7000 1 6354.37056
15.8000 1 8388.608
15.9000 1 6689.91488
16.0000 1 6375.34208
16.1000 1 6301.94176
16.2000 1 6480.19968
16.3000 1 7654.6048
16.4000 1 7455.37536
16.5000 1 6249.51296
16.6000 1 6396.3136
16.7000 1 4487.90528
16.8000 1 7728.00512
16.9000 1 5316.28032
17.0000 1 10045.35808
17.1000 1 6354.37056
17.2000 1 6448.7424
17.3000 1 6511.65696
17.4000 1 8388.608
17.5000 1 6668.94336
17.6000 1 6448.7424
17.7000 1 6438.25664
17.8000 1 6511.65696
17.9000 1 7340.032
18.0000 1 7958.69184
18.1000 1 6207.56992
18.2000 1 6385.82784
18.3000 1 6375.34208
18.4000 1 6627.00032
18.5000 1 8336.1792
18.6000 1 6553.6
18.7000 1 6375.34208
18.8000 1 6333.39904
18.9000 1 6322.91328
19.0000 1 7948.20608
19.1000 1 7245.66016
19.2000 1 6438.25664
19.3000 1 6469.71392
19.4000 1 6564.08576
19.5000 1 6752.82944
19.6000 1 8409.57952
19.7000 1 6543.11424
19.8000 1 6343.8848
19.9000 1 6501.1712
20.0000 1 6333.39904
20.1000 1 7769.94816
20.2000 1 7340.032
20.3000 1 6595.54304
20.4000 1 6375.34208
20.5000 1 6522.14272
20.6000 1 6668.94336
20.7000 1 8336.1792
20.8000 1 4666.1632
20.9000 1 2390.75328
21.0000 1 6123.68384
21.1000 1 11460.93568
21.2000 1 8304.72192
21.3000 1 6333.39904
21.4000 1 6385.82784
21.5000 1 6322.91328
21.6000 1 6637.48608
21.7000 1 8399.09376
21.8000 1 6333.39904
21.9000 1 6448.7424
22.0000 1 6322.91328
22.1000 1 6385.82784
22.2000 1 8053.06368
22.3000 1 7025.4592
22.4000 1 6396.3136
22.5000 1 6501.1712
22.6000 1 6312.42752
22.7000 1 7172.25984
22.8000 1 8042.57792
22.9000 1 6375.34208
23.0000 1 6280.97024
23.1000 1 6249.51296
23.2000 1 6585.05728
23.3000 1 8420.06528
23.4000 1 6270.48448
23.5000 1 6280.97024
23.6000 1 6375.34208
23.7000 1 6438.25664
23.8000 1 8147.43552
23.9000 1 7214.20288
24.0000 1 6438.25664
24.1000 1 6427.77088
24.2000 1 6343.8848
24.3000 1 7067.40224
24.4000 1 8105.49248
24.5000 1 6501.1712
24.6000 1 6280.97024
24.7000 1 6333.39904
24.8000 1 6532.62848
24.9000 1 8063.54944
25.0000 1 6952.05888
25.1000 1 6385.82784
25.2000 1 6312.42752
25.3000 1 6280.97024
25.4000 1 7623.14752
25.5000 1 7654.6048
25.6000 1 6564.08576
25.7000 1 6438.25664
25.8000 1 6522.14272
25.9000 1 6322.91328
26.0000 1 8378.12224
26.1000 1 6480.19968
26.2000 1 6438.25664
26.3000 1 6270.48448
26.4000 1 6385.82784
26.5000 1 7895.77728
26.6000 1 7245.66016
26.7000 1 6291.456
26.8000 1 6228.54144
26.9000 1 6459.22816
27.0000 1 7266.63168
27.1000 1 7864.32
27.2000 1 6228.54144
27.3000 1 6459.22816
27.4000 1 6532.62848
27.5000 1 6417.28512
27.6000 1 8493.4656
27.7000 1 6553.6
27.8000 1 6480.19968
27.9000 1 6259.99872
28.0000 1 6438.25664
28.1000 1 7644.11904
28.2000 1 7507.80416
28.3000 1 6448.7424
28.4000 1 6375.34208
28.5000 1 6239.0272
28.6000 1 7088.37376
28.7000 1 7665.09056
28.8000 1 5955.91168
28.9000 1 6092.22656
29.0000 1 5966.39744
29.1000 1 7759.4624
29.2000 1 6637.48608
29.3000 1 6312.42752
29.4000 1 6176.11264
29.5000 1 6060.76928
29.6000 1 8252.29312
29.7000 1 6144.65536
29.8000 1 6113.19808
29.9000 1 6081.7408
30.0000 1 6889.14432
30.1000 1 7748.97664
30.2000 1 6312.42752
30.3000 1 6155.14112
30.4000 1 6050.28352
30.5000 1 7266.63168
30.6000 1 6920.6016
30.7000 1 6123.68384
30.8000 1 5955.91168
30.9000 1 6071.25504
31.0000 1 5578.42432
31.1000 1 2810.18368
31.2000 1 7381.97504
31.3000 1 9741.27104
31.4000 1 8105.49248
31.5000 1 6532.62848
31.6000 1 6144.65536
31.7000 1 6176.11264
31.8000 1 6228.54144
31.9000 1 8126.464
32.0000 1 5934.94016
32.1000 1 6186.5984
32.2000 1 6280.97024
32.3000 1 6910.11584
32.4000 1 7644.11904
32.5000 1 6039.79776
32.6000 1 6186.5984
32.7000 1 6123.68384
32.8000 1 7570.71872
32.9000 1 6962.54464
33.0000 1 6301.94176
33.1000 1 6259.99872
33.2000 1 6144.65536
33.3000 1 7811.8912
33.4000 1 6973.0304
33.5000 1 6165.62688
33.6000 1 6207.56992
33.7000 1 6155.14112
33.8000 1 7088.37376
33.9000 1 7612.66176
34.0000 1 6228.54144
34.1000 1 6280.97024
34.2000 1 6301.94176
34.3000 1 6994.00192
34.4000 1 7738.49088
34.5000 1 6239.0272
34.6000 1 6207.56992
34.7000 1 6364.85632
34.8000 1 6941.57312
34.9000 1 7581.20448
35.0000 1 6165.62688
35.1000 1 6207.56992
35.2000 1 6218.05568
35.3000 1 7319.06048
35.4000 1 7266.63168
35.5000 1 6029.312
35.6000 1 6144.65536
35.7000 1 6165.62688
35.8000 1 8000.63488
35.9000 1 6595.54304
36.0000 1 6018.82624
36.1000 1 6102.71232
36.2000 1 6438.25664
36.3000 1 8220.83584
36.4000 1 6301.94176
36.5000 1 6123.68384
36.6000 1 6092.22656
36.7000 1 6794.77248
36.8000 1 7780.43392
36.9000 1 6239.0272
37.0000 1 6081.7408
37.1000 1 6155.14112
37.2000 1 7277.11744
37.3000 1 6983.51616
37.4000 1 5955.91168
37.5000 1 6165.62688
37.6000 1 6239.0272
37.7000 1 8063.54944
37.8000 1 6668.94336
37.9000 1 6218.05568
38.0000 1 6134.1696
38.1000 1 6102.71232
38.2000 1 8367.63648
38.3000 1 6197.08416
38.4000 1 5945.42592
38.5000 1 6102.71232
38.6000 1 6920.6016
38.7000 1 7801.40544
38.8000 1 6354.37056
38.9000 1 6029.312
39.0000 1 6197.08416
39.1000 1 7140.80256
39.2000 1 7581.20448
39.3000 1 6102.71232
39.4000 1 6060.76928
39.5000 1 6176.11264
39.6000 1 7591.69024
39.7000 1 7098.85952
39.8000 1 5924.4544
39.9000 1 6301.94176
40.0000 1 6239.0272
40.1000 1 7916.7488
40.2000 1 6186.5984
40.3000 1 6092.22656
40.4000 1 6144.65536
40.5000 1 6742.34368
40.6000 1 7895.77728
40.7000 1 6144.65536
40.8000 1 6354.37056
40.9000 1 6270.48448
41.0000 1 6868.1728
41.1000 1 7497.3184
41.2000 1 2432.69632
41.3000 1 3565.1584
41.4000 1 9017.7536
41.5000 1 10580.13184
41.6000 1 6102.71232
41.7000 1 6113.19808
41.8000 1 6102.71232
41.9000 1 7287.6032
42.0000 1 9730.78528
42.1000 1 6973.0304
42.2000 1 7423.91808
42.3000 1 6249.51296
42.4000 1 9164.55424
42.5000 1 7644.11904
42.6000 1 6417.28512
42.7000 1 5117.05088
42.8000 1 7056.91648
42.9000 1 7224.68864
43.0000 1 7623.14752
43.1000 1 6270.48448
43.2000 1 6228.54144
43.3000 1 6270.48448
43.4000 1 7161.77408
43.5000 1 8011.12064
43.6000 1 6375.34208
43.7000 1 5955.91168
43.8000 1 6868.1728
43.9000 1 6417.28512
44.0000 1 8252.29312
44.1000 1 6658.4576
44.2000 1 6239.0272
44.3000 1 6385.82784
44.4000 1 6406.79936
44.5000 1 7769.94816
44.6000 1 6994.00192
44.7000 1 6322.91328
44.8000 1 6354.37056
44.9000 1 6291.456
45.0000 1 7591.69024
45.1000 1 7423.91808
45.2000 1 6427.77088
45.3000 1 6385.82784
45.4000 1 6322.91328
45.5000 1 7004.48768
45.6000 1 7769.94816
45.7000 1 6490.68544
45.8000 1 6448.7424
45.9000 1 6280.97024
46.0000 1 6511.65696
46.1000 1 8388.608
46.2000 1 6249.51296
46.3000 1 6218.05568
46.4000 1 6322.91328
46.5000 1 6406.79936
46.6000 1 8388.608
46.7000 1 6585.05728
46.8000 1 6354.37056
46.9000 1 6270.48448
47.0000 1 6239.0272
47.1000 1 8011.12064
47.2000 1 7203.71712
47.3000 1 6406.79936
47.4000 1 6406.79936
47.5000 1 6385.82784
47.6000 1 7193.23136
47.7000 1 7780.43392
47.8000 1 6165.62688
47.9000 1 6312.42752
48.0000 1 6396.3136
48.1000 1 6815.744
48.2000 1 8189.37856
48.3000 1 6322.91328
48.4000 1 6239.0272
48.5000 1 6291.456
48.6000 1 6501.1712
48.7000 1 8346.66496
48.8000 1 6931.08736
48.9000 1 6333.39904
49.0000 1 6343.8848
49.1000 1 6333.39904
49.2000 1 7612.66176
49.3000 1 7497.3184
49.4000 1 6417.28512
49.5000 1 6301.94176
49.6000 1 6239.0272
49.7000 1 7004.48768
49.8000 1 8105.49248
49.9000 1 6291.456
50.0000 1 6155.14112
50.1000 1 6511.65696
50.2000 1 6396.3136
50.3000 1 8367.63648
50.4000 1 6647.97184
50.5000 1 6354.37056
50.6000 1 6364.85632
50.7000 1 6417.28512
50.8000 1 7738.49088
50.9000 1 7119.83104
51.0000 1 6427.77088
51.1000 1 6291.456
51.2000 1 5599.39584
51.3000 1 2579.49696
51.4000 1 6543.11424
51.5000 1 8514.43712
51.6000 1 8881.43872
51.7000 1 6763.3152
51.8000 1 8252.29312
51.9000 1 6375.34208
52.0000 1 6354.37056
52.1000 1 6333.39904
52.2000 1 6427.77088
52.3000 1 8157.92128
52.4000 1 6941.57312
52.5000 1 6301.94176
52.6000 1 6396.3136
52.7000 1 6490.68544
52.8000 1 7361.00352
52.9000 1 7455.37536
53.0000 1 6375.34208
53.1000 1 6490.68544
53.2000 1 6448.7424
53.3000 1 6721.37216
53.4000 1 8357.15072
53.5000 1 6522.14272
53.6000 1 6176.11264
53.7000 1 6239.0272
53.8000 1 6270.48448
53.9000 1 8304.72192
54.0000 1 6459.22816
54.1000 1 6427.77088
54.2000 1 6270.48448
54.3000 1 6333.39904
54.4000 1 8032.09216
54.5000 1 6962.54464
54.6000 1 6459.22816
54.7000 1 6459.22816
54.8000 1 6406.79936
54.9000 1 7287.6032
55.0000 1 7371.48928
55.1000 1 6218.05568
55.2000 1 6092.22656
55.3000 1 6364.85632
55.4000 1 7539.26144
55.5000 1 7728.00512
55.6000 1 6459.22816
55.7000 1 6343.8848
55.8000 1 6259.99872
55.9000 1 6721.37216
56.0000 1 8357.15072
56.1000 1 6606.0288
56.2000 1 6291.456
56.3000 1 6228.54144
56.4000 1 6469.71392
56.5000 1 7948.20608
56.6000 1 7245.66016
56.7000 1 6406.79936
56.8000 1 6438.25664
56.9000 1 6291.456
57.0000 1 7151.28832
57.1000 1 7906.26304
57.2000 1 6249.51296
57.3000 1 6333.39904
57.4000 1 6270.48448
57.5000 1 6763.3152
57.6000 1 8294.23616
57.7000 1 6312.42752
57.8000 1 6312.42752
57.9000 1 6239.0272
58.0000 1 6301.94176
58.1000 1 8409.57952
58.2000 1 6469.71392
58.3000 1 6364.85632
58.4000 1 6406.79936
58.5000 1 6490.68544
58.6000 1 7843.34848
58.7000 1 7277.11744
58.8000 1 6522.14272
58.9000 1 6448.7424
59.0000 1 6249.51296
59.1000 1 7025.4592
59.2000 1 7570.71872
59.3000 1 6239.0272
59.4000 1 6364.85632
59.5000 1 6259.99872
59.6000 1 7077.888
59.7000 1 7633.63328
59.8000 1 6375.34208
59.9000 1 6459.22816
60.0000 1 6186.5984
60.1000 1 6857.68704
60.2000 1 7990.14912
60.3000 1 6396.3136
60.4000 1 6343.8848
60.5000 1 6427.77088
60.6000 1 6480.19968
60.7000 1 8189.37856
60.8000 1 6952.05888
60.9000 1 6301.94176
61.0000 1 6280.97024
61.1000 1 6375.34208
61.2000 1 7707.0336
61.3000 1 7381.97504
61.4000 1 4624.22016
61.5000 1 2170.55232
61.6000 1 6165.62688
61.7000 1 11660.16512
61.8000 1 6973.0304
61.9000 1 6406.79936
62.0000 1 6417.28512
62.1000 1 6868.1728
62.2000 1 2642.41152
