0.1000 1 0.0
0.2000 1 7161.77408
0.3000 1 5232.39424
0.4000 1 5609.8816
0.5000 1 7266.63168
0.6000 1 6396.3136
0.7000 1 5358.22336
0.8000 1 5525.99552
0.9000 1 7633.63328
1.0000 1 5473.56672
1.1000 1 5274.33728
1.2000 1 6270.48448
1.3000 1 7759.4624
1.4000 1 6081.7408
1.5000 1 5515.50976
1.6000 1 5767.168
1.7000 1 7748.97664
1.8000 1 4928.3072
1.9000 1 5630.85312
2.0000 1 6228.54144
2.1000 1 6878.65856
2.2000 1 5578.42432
2.3000 1 5976.8832
2.4000 1 6375.34208
2.5000 1 1205.8624
2.6000 1 7465.86112
2.7000 1 5442.10944
2.8000 1 4519.36256
2.9000 1 6805.25824
3.0000 1 6836.71552
3.1000 1 5536.48128
3.2000 1 5620.36736
3.3000 1 7035.94496
3.4000 1 5924.4544
3.5000 1 5546.96704
3.6000 1 5630.85312
3.7000 1 7874.80576
3.8000 1 5599.39584
3.9000 1 5536.48128
4.0000 1 9258.92608
4.1000 1 5651.82464
4.2000 1 7549.7472
4.3000 1 5777.65376
4.4000 1 5704.25344
4.5000 1 5756.68224
4.6000 1 7423.91808
4.7000 1 5819.5968
4.8000 1 5777.65376
4.9000 1 5872.0256
5.0000 1 7958.69184
5.1000 1 5630.85312
5.2000 1 5400.1664
5.3000 1 5830.08256
5.4000 1 7172.25984
5.5000 1 6438.25664
5.6000 1 5305.79456
5.7000 1 6176.11264
5.8000 1 6574.57152
5.9000 1 9720.29952
6.0000 1 6186.5984
6.1000 1 5882.51136
6.2000 1 1300.23424
6.3000 1 2013.26592
6.4000 1 8241.80736
6.5000 1 9531.55584
6.6000 1 7717.51936
6.7000 1 6102.71232
6.8000 1 6018.82624
6.9000 1 6155.14112
7.0000 1 7874.80576
7.1000 1 5903.48288
7.2000 1 5997.85472
7.3000 1 5704.25344
7.4000 1 7497.3184
7.5000 1 6574.57152
7.6000 1 5861.53984
7.7000 1 5913.96864
7.8000 1 6847.20128
7.9000 1 7161.77408
8.0000 1 5934.94016
8.1000 1 5830.08256
8.2000 1 6134.1696
8.3000 1 7853.83424
8.4000 1 5997.85472
8.5000 1 5903.48288
8.6000 1 5819.5968
8.7000 1 7927.23456
8.8000 1 5830.08256
8.9000 1 6071.25504
9.0000 1 5798.62528
9.1000 1 7361.00352
9.2000 1 6564.08576
9.3000 1 5966.39744
9.4000 1 5735.71072
9.5000 1 6836.71552
9.6000 1 7046.43072
9.7000 1 5892.99712
9.8000 1 5777.65376
9.9000 1 6354.37056
10.0000 1 7161.77408
10.1000 1 5830.08256
10.2000 1 5934.94016
10.3000 1 6102.71232
10.4000 1 7811.8912
10.5000 1 5934.94016
10.6000 1 5588.91008
10.7000 1 5819.5968
10.8000 1 8021.6064
10.9000 1 5819.5968
11.0000 1 5830.08256
11.1000 1 5819.5968
11.2000 1 7937.72032
11.3000 1 6176.11264
11.4000 1 4750.04928
11.5000 1 4750.04928
11.6000 1 5924.4544
11.7000 1 5536.48128
11.8000 1 4750.04928
11.9000 1 4823.4496
12.0000 1 5567.93856
12.1000 1 6973.0304
12.2000 1 5662.3104
12.3000 1 5536.48128
12.4000 1 6994.00192
12.5000 1 6385.82784
12.6000 1 5515.50976
12.7000 1 5683.28192
12.8000 1 7518.28992
12.9000 1 5704.25344
13.0000 1 5756.68224
13.1000 1 5515.50976
13.2000 1 7633.63328
13.3000 1 5662.3104
13.4000 1 5525.99552
13.5000 1 6071.25504
13.6000 1 7277.11744
13.7000 1 5473.56672
13.8000 1 5473.56672
13.9000 1 6899.63008
14.0000 1 6752.82944
14.1000 1 5379.19488
14.2000 1 5651.82464
14.3000 1 7277.11744
14.4000 1 5725.22496
14.5000 1 5473.56672
14.6000 1 5746.19648
14.7000 1 7696.54784
14.8000 1 5819.5968
14.9000 1 5567.93856
15.0000 1 5903.48288
15.1000 1 7591.69024
15.2000 1 5400.1664
15.3000 1 5578.42432
15.4000 1 6553.6
15.5000 1 6134.1696
15.6000 1 5662.3104
15.7000 1 5546.96704
15.8000 1 7151.28832
15.9000 1 5777.65376
16.0000 1 5473.56672
16.1000 1 6123.68384
16.2000 1 7287.6032
16.3000 1 4120.90368
16.4000 1 2569.0112
16.5000 1 2747.26912
16.6000 1 6543.11424
16.7000 1 5484.05248
16.8000 1 5463.08096
16.9000 1 7654.6048
17.0000 1 5609.8816
17.1000 1 6092.22656
17.2000 1 8074.0352
17.3000 1 10936.64768
17.4000 1 7906.26304
17.5000 1 6018.82624
17.6000 1 5966.39744
17.7000 1 7623.14752
17.8000 1 6291.456
17.9000 1 5903.48288
18.0000 1 5830.08256
18.1000 1 7046.43072
18.2000 1 6752.82944
18.3000 1 5830.08256
18.4000 1 5861.53984
18.5000 1 6627.00032
18.6000 1 7161.77408
18.7000 1 5798.62528
18.8000 1 5840.56832
18.9000 1 6417.28512
19.0000 1 7455.37536
19.1000 1 5819.5968
19.2000 1 5662.3104
19.3000 1 6134.1696
19.4000 1 7612.66176
19.5000 1 5830.08256
19.6000 1 5882.51136
19.7000 1 5945.42592
19.8000 1 8095.00672
19.9000 1 5798.62528
20.0000 1 5788.13952
20.1000 1 5872.0256
20.2000 1 7707.0336
20.3000 1 6197.08416
20.4000 1 5777.65376
20.5000 1 5861.53984
20.6000 1 7245.66016
20.7000 1 6364.85632
20.8000 1 5840.56832
20.9000 1 5746.19648
21.0000 1 7193.23136
21.1000 1 6511.65696
21.2000 1 6081.7408
21.3000 1 5788.13952
21.4000 1 6658.4576
21.5000 1 7035.94496
21.6000 1 5924.4544
21.7000 1 5767.168
21.8000 1 6427.77088
21.9000 1 7455.37536
22.0000 1 5725.22496
22.1000 1 5892.99712
22.2000 1 6081.7408
22.3000 1 7937.72032
22.4000 1 5945.42592
22.5000 1 5819.5968
22.6000 1 5830.08256
22.7000 1 7790.91968
22.8000 1 5934.94016
22.9000 1 5892.99712
23.0000 1 5903.48288
23.1000 1 7476.34688
23.2000 1 6322.91328
23.3000 1 5819.5968
23.4000 1 5830.08256
23.5000 1 7193.23136
23.6000 1 6627.00032
23.7000 1 5683.28192
23.8000 1 5704.25344
23.9000 1 7088.37376
24.0000 1 6794.77248
24.1000 1 5788.13952
24.2000 1 5756.68224
24.3000 1 6784.28672
24.4000 1 6857.68704
24.5000 1 5830.08256
24.6000 1 5934.94016
24.7000 1 6438.25664
24.8000 1 7287.6032
24.9000 1 5672.79616
25.0000 1 5767.168
25.1000 1 6417.28512
25.2000 1 7172.25984
25.3000 1 5882.51136
25.4000 1 5872.0256
25.5000 1 6113.19808
25.6000 1 7560.23296
25.7000 1 5840.56832
25.8000 1 5840.56832
25.9000 1 5819.5968
26.0000 1 8042.57792
26.1000 1 5913.96864
26.2000 1 5830.08256
26.3000 1 5809.11104
26.4000 1 7906.26304
26.5000 1 2202.0096
26.6000 1 1793.06496
26.7000 1 6081.7408
26.8000 1 10454.30272
26.9000 1 7654.6048
27.0000 1 7130.3168
27.1000 1 6606.0288
27.2000 1 7098.85952
27.3000 1 6595.54304
27.4000 1 5693.76768
27.5000 1 5966.39744
27.6000 1 7906.26304
27.7000 1 7581.20448
27.8000 1 4666.1632
27.9000 1 4823.4496
28.0000 1 4424.99072
28.1000 1 3701.47328
28.2000 1 1247.80544
28.3000 1 7214.20288
28.4000 1 6291.456
28.5000 1 5463.08096
28.6000 1 5641.33888
28.7000 1 7560.23296
28.8000 1 5756.68224
28.9000 1 5683.28192
29.0000 1 5725.22496
29.1000 1 7361.00352
29.2000 1 5662.3104
29.3000 1 5798.62528
29.4000 1 5966.39744
29.5000 1 7654.6048
29.6000 1 5463.08096
29.7000 1 5473.56672
29.8000 1 6480.19968
29.9000 1 7046.43072
30.0000 1 5651.82464
30.1000 1 5641.33888
30.2000 1 6731.85792
30.3000 1 6427.77088
30.4000 1 5609.8816
30.5000 1 5693.76768
30.6000 1 7392.4608
30.7000 1 6008.34048
30.8000 1 5609.8816
30.9000 1 1897.92256
31.0000 1 1866.46528
31.1000 1 5494.53824
31.2000 1 5567.93856
31.3000 1 6973.0304
31.4000 1 6312.42752
31.5000 1 3785.35936
31.6000 1 6606.0288
31.7000 1 6532.62848
31.8000 1 5662.3104
31.9000 1 5683.28192
32.0000 1 7193.23136
32.1000 1 6448.7424
32.2000 1 5609.8816
32.3000 1 5767.168
32.4000 1 6459.22816
32.5000 1 6994.00192
32.6000 1 6008.34048
32.7000 1 5777.65376
32.8000 1 6333.39904
32.9000 1 7193.23136
33.0000 1 5578.42432
33.1000 1 5525.99552
33.2000 1 6752.82944
33.3000 1 6952.05888
33.4000 1 5400.1664
33.5000 1 5536.48128
33.6000 1 9489.6128
33.7000 1 8808.0384
33.8000 1 8482.97984
33.9000 1 5976.8832
34.0000 1 7633.63328
34.1000 1 6322.91328
34.2000 1 5924.4544
34.3000 1 5882.51136
34.4000 1 6952.05888
34.5000 1 6899.63008
34.6000 1 6008.34048
34.7000 1 5997.85472
34.8000 1 6218.05568
34.9000 1 7717.51936
35.0000 1 5819.5968
35.1000 1 5976.8832
35.2000 1 5945.42592
35.3000 1 8115.97824
35.4000 1 6218.05568
35.5000 1 5788.13952
35.6000 1 5819.5968
35.7000 1 7266.63168
35.8000 1 6721.37216
35.9000 1 5913.96864
36.0000 1 5861.53984
36.1000 1 6658.4576
36.2000 1 7193.23136
36.3000 1 6060.76928
36.4000 1 5997.85472
36.5000 1 5903.48288
36.6000 1 6123.68384
36.7000 1 1803.55072
36.8000 1 5022.67904
36.9000 1 8168.40704
37.0000 1 10989.07648
37.1000 1 6658.4576
37.2000 1 5851.05408
37.3000 1 5809.11104
37.4000 1 8053.06368
37.5000 1 6029.312
37.6000 1 6071.25504
37.7000 1 5819.5968
37.8000 1 7266.63168
37.9000 1 6658.4576
38.0000 1 6071.25504
38.1000 1 5924.4544
38.2000 1 6532.62848
38.3000 1 7455.37536
38.4000 1 5955.91168
38.5000 1 5798.62528
38.6000 1 5892.99712
38.7000 1 8053.06368
38.8000 1 4771.0208
38.9000 1 4823.4496
39.0000 1 4928.3072
39.1000 1 6280.97024
39.2000 1 5127.53664
39.3000 1 4959.76448
39.4000 1 4718.592
39.5000 1 6847.20128
39.6000 1 6081.7408
39.7000 1 5400.1664
39.8000 1 5431.62368
39.9000 1 7665.09056
40.0000 1 5578.42432
40.1000 1 5662.3104
40.2000 1 6029.312
40.3000 1 7014.97344
40.4000 1 5284.82304
40.5000 1 5274.33728
40.6000 1 6826.22976
40.7000 1 5169.47968
40.8000 1 5012.19328
40.9000 1 7245.66016
41.0000 1 5641.33888
41.1000 1 5557.4528
41.2000 1 5609.8816
41.3000 1 7665.09056
41.4000 1 5525.99552
41.5000 1 5106.56512
41.6000 1 6773.80096
41.7000 1 5389.68064
41.8000 1 5085.5936
41.9000 1 6280.97024
42.0000 1 5861.53984
42.1000 1 4970.25024
42.2000 1 5934.94016
42.3000 1 6448.7424
42.4000 1 5484.05248
42.5000 1 5253.36576
42.6000 1 6427.77088
42.7000 1 5064.62208
42.8000 1 5148.50816
42.9000 1 7067.40224
43.0000 1 5400.1664
43.1000 1 5704.25344
43.2000 1 6543.11424
43.3000 1 6658.4576
43.4000 1 5557.4528
43.5000 1 4907.33568
43.6000 1 7570.71872
43.7000 1 5494.53824
43.8000 1 5326.76608
43.9000 1 6364.85632
44.0000 1 6815.744
44.1000 1 5494.53824
44.2000 1 5683.28192
44.3000 1 7182.7456
44.4000 1 5400.1664
44.5000 1 5651.82464
44.6000 1 7151.28832
44.7000 1 10936.64768
44.8000 1 8220.83584
44.9000 1 5484.05248
45.0000 1 6994.00192
45.1000 1 6721.37216
45.2000 1 5588.91008
45.3000 1 5714.7392
45.4000 1 7025.4592
45.5000 1 6480.19968
45.6000 1 5798.62528
45.7000 1 5672.79616
45.8000 1 7235.1744
45.9000 1 6050.28352
46.0000 1 5662.3104
46.1000 1 5830.08256
46.2000 1 7654.6048
46.3000 1 5704.25344
46.4000 1 5651.82464
46.5000 1 5567.93856
46.6000 1 8115.97824
46.7000 1 5945.42592
46.8000 1 3491.75808
46.9000 1 1876.95104
47.0000 1 7581.20448
47.1000 1 8629.78048
47.2000 1 8545.8944
47.3000 1 5966.39744
47.4000 1 8074.0352
47.5000 1 5756.68224
47.6000 1 5662.3104
47.7000 1 5903.48288
47.8000 1 7895.77728
47.9000 1 6092.22656
48.0000 1 5997.85472
48.1000 1 5882.51136
48.2000 1 7266.63168
48.3000 1 6752.82944
48.4000 1 5903.48288
48.5000 1 5798.62528
48.6000 1 6501.1712
48.7000 1 7581.20448
48.8000 1 5840.56832
48.9000 1 5851.05408
49.0000 1 6008.34048
49.1000 1 7990.14912
49.2000 1 6018.82624
49.3000 1 5903.48288
49.4000 1 5966.39744
49.5000 1 7633.63328
49.6000 1 6176.11264
49.7000 1 5725.22496
49.8000 1 5892.99712
49.9000 1 7224.68864
50.0000 1 6427.77088
50.1000 1 5798.62528
50.2000 1 6060.76928
50.3000 1 6889.14432
50.4000 1 7098.85952
50.5000 1 5872.0256
50.6000 1 5683.28192
50.7000 1 6459.22816
50.8000 1 7361.00352
50.9000 1 5693.76768
51.0000 1 5693.76768
51.1000 1 6385.82784
51.2000 1 7728.00512
51.3000 1 5735.71072
51.4000 1 5830.08256
51.5000 1 5777.65376
51.6000 1 8000.63488
51.7000 1 6081.7408
51.8000 1 5809.11104
51.9000 1 5987.36896
52.0000 1 7675.57632
52.1000 1 6186.5984
52.2000 1 5809.11104
52.3000 1 5840.56832
52.4000 1 7298.08896
52.5000 1 6511.65696
52.6000 1 5830.08256
52.7000 1 5851.05408
52.8000 1 6983.51616
52.9000 1 6931.08736
53.0000 1 5620.36736
53.1000 1 5756.68224
53.2000 1 6784.28672
53.3000 1 7193.23136
53.4000 1 5756.68224
53.5000 1 5641.33888
53.6000 1 6532.62848
53.7000 1 7402.94656
53.8000 1 5693.76768
53.9000 1 5735.71072
54.0000 1 6333.39904
54.1000 1 7434.40384
54.2000 1 5672.79616
54.3000 1 5809.11104
54.4000 1 6186.5984
54.5000 1 7476.34688
54.6000 1 5714.7392
54.7000 1 5966.39744
54.8000 1 5924.4544
54.9000 1 7990.14912
55.0000 1 440.40192
55.1000 1 1509.94944
55.2000 1 11754.53696
55.3000 1 8640.26624
55.4000 1 5693.76768
55.5000 1 6008.34048
55.6000 1 7906.26304
55.7000 1 5672.79616
55.8000 1 6029.312
55.9000 1 5777.65376
56.0000 1 8074.0352
56.1000 1 5913.96864
56.2000 1 5819.5968
56.3000 1 5851.05408
56.4000 1 7570.71872
56.5000 1 6322.91328
56.6000 1 5767.168
56.7000 1 5892.99712
56.8000 1 7203.71712
56.9000 1 6280.97024
57.0000 1 3198.1568
57.1000 1 1782.5792
57.2000 1 7979.66336
57.3000 1 7916.7488
57.4000 1 5494.53824
57.5000 1 8797.55264
57.6000 1 8178.8928
57.7000 1 5767.168
57.8000 1 5882.51136
57.9000 1 5934.94016
58.0000 1 8105.49248
58.1000 1 5987.36896
58.2000 1 4949.27872
58.3000 1 3659.53024
58.4000 1 10590.6176
58.5000 1 6259.99872
58.6000 1 5840.56832
58.7000 1 5851.05408
58.8000 1 7119.83104
58.9000 1 6889.14432
59.0000 1 6029.312
59.1000 1 5945.42592
59.2000 1 6301.94176
59.3000 1 7644.11904
59.4000 1 5924.4544
59.5000 1 5830.08256
59.6000 1 5809.11104
59.7000 1 8105.49248
59.8000 1 5945.42592
59.9000 1 6050.28352
60.0000 1 6186.5984
60.1000 1 7140.80256
60.2000 1 6721.37216
60.3000 1 6071.25504
60.4000 1 5830.08256
60.5000 1 6522.14272
60.6000 1 7476.34688
60.7000 1 5704.25344
60.8000 1 5840.56832
60.9000 1 6186.5984
61.0000 1 7790.91968
61.1000 1 5851.05408
61.2000 1 5840.56832
61.3000 1 6029.312
61.4000 1 7979.66336
61.5000 1 6029.312
61.6000 1 5987.36896
61.7000 1 5861.53984
61.8000 1 7340.032
61.9000 1 6501.1712
62.0000 1 5903.48288
62.1000 1 5924.4544
62.2000 1 6742.34368
62.3000 1 7214.20288
62.4000 1 5725.22496
62.5000 1 5913.96864
62.6000 1 6333.39904
62.7000 1 7717.51936
62.8000 1 5725.22496
62.9000 1 5976.8832
63.0000 1 5976.8832
63.1000 1 7979.66336
63.2000 1 5819.5968
63.3000 1 5819.5968
63.4000 1 5861.53984
63.5000 1 7874.80576
63.6000 1 6239.0272
63.7000 1 5882.51136
63.8000 1 5861.53984
63.9000 1 7119.83104
64.0000 1 6805.25824
64.1000 1 5892.99712
64.2000 1 5693.76768
64.3000 1 6773.80096
64.4000 1 7077.888
64.5000 1 5788.13952
64.6000 1 6071.25504
64.7000 1 6050.28352
64.8000 1 7990.14912
64.9000 1 5714.7392
65.0000 1 5903.48288
65.1000 1 5987.36896
65.2000 1 7990.14912
65.3000 1 5987.36896
65.4000 1 5788.13952
65.5000 1 5840.56832
65.6000 1 7549.7472
65.7000 1 6113.19808
65.8000 1 5966.39744
65.9000 1 5746.19648
66.0000 1 6343.8848
66.1000 1 5683.28192
66.2000 1 4854.90688
66.3000 1 5106.56512
66.4000 1 5714.7392
66.5000 1 5809.11104
66.6000 1 4802.47808
66.7000 1 4833.93536
66.8000 1 6417.28512
66.9000 1 7392.4608
67.0000 1 786.432
