0.1000 1 0.0
0.2000 1 7486.83264
0.3000 1 6249.51296
0.4000 1 6176.11264
0.5000 1 6113.19808
0.6000 1 8042.57792
0.7000 1 6815.744
0.8000 1 6197.08416
0.9000 1 6123.68384
1.0000 1 6155.14112
1.1000 1 8199.86432
1.2000 1 671.08864
1.3000 1 8420.06528
1.4000 1 5662.3104
1.5000 1 5809.11104
1.6000 1 5934.94016
1.7000 1 0.0
1.8000 1 283.11552
1.9000 1 0.0
2.0000 1 0.0
2.1000 1 2495.61088
2.2000 1 5536.48128
2.3000 1 7654.6048
2.4000 1 6008.34048
2.5000 1 6165.62688
2.6000 1 6050.28352
2.7000 1 7654.6048
2.8000 1 6668.94336
2.9000 1 5882.51136
3.0000 1 3072.32768
3.1000 1 8724.15232
3.2000 1 6018.82624
3.3000 1 5997.85472
3.4000 1 6071.25504
3.5000 1 7633.63328
3.6000 1 6543.11424
3.7000 1 6018.82624
3.8000 1 5903.48288
3.9000 1 6647.97184
4.0000 1 7518.28992
4.1000 1 6050.28352
4.2000 1 5976.8832
4.3000 1 5987.36896
4.4000 1 7906.26304
4.5000 1 6197.08416
4.6000 1 6018.82624
4.7000 1 6155.14112
4.8000 1 6721.37216
4.9000 1 7644.11904
5.0000 1 5840.56832
5.1000 1 6060.76928
5.2000 1 5987.36896
5.3000 1 8000.63488
5.4000 1 6155.14112
5.5000 1 5851.05408
5.6000 1 5966.39744
5.7000 1 7046.43072
5.8000 1 7130.3168
5.9000 1 5788.13952
6.0000 1 5966.39744
6.1000 1 6207.56992
6.2000 1 7927.23456
6.3000 1 5966.39744
6.4000 1 6029.312
6.5000 1 6123.68384
6.6000 1 7381.97504
6.7000 1 6773.80096
6.8000 1 5872.0256
6.9000 1 5840.56832
7.0000 1 6679.42912
7.1000 1 7109.34528
7.2000 1 5987.36896
7.3000 1 5955.91168
7.4000 1 6071.25504
7.5000 1 8105.49248
7.6000 1 6144.65536
7.7000 1 5997.85472
7.8000 1 5913.96864
7.9000 1 7266.63168
8.0000 1 6490.68544
8.1000 1 5851.05408
8.2000 1 5966.39744
8.3000 1 6784.28672
8.4000 1 7340.032
8.5000 1 5851.05408
8.6000 1 5767.168
8.7000 1 6134.1696
8.8000 1 8063.54944
8.9000 1 6081.7408
9.0000 1 5872.0256
9.1000 1 5830.08256
9.2000 1 7633.63328
9.3000 1 6627.00032
9.4000 1 6039.79776
9.5000 1 6039.79776
9.6000 1 6396.3136
9.7000 1 7780.43392
9.8000 1 5892.99712
9.9000 1 5767.168
10.0000 1 6123.68384
10.1000 1 7937.72032
10.2000 1 6071.25504
10.3000 1 5903.48288
10.4000 1 5945.42592
10.5000 1 7214.20288
10.6000 1 7654.6048
10.7000 1 6207.56992
10.8000 1 6312.42752
10.9000 1 6343.8848
11.0000 1 6983.51616
11.1000 1 7832.86272
11.2000 1 6207.56992
11.3000 1 4047.50336
11.4000 1 5232.39424
11.5000 1 6679.42912
11.6000 1 5819.5968
11.7000 1 6071.25504
11.8000 1 7623.14752
11.9000 1 5872.0256
12.0000 1 5892.99712
12.1000 1 6291.456
12.2000 1 7832.86272
12.3000 1 6815.744
12.4000 1 6071.25504
12.5000 1 6280.97024
12.6000 1 6259.99872
12.7000 1 7990.14912
12.8000 1 6448.7424
12.9000 1 6186.5984
13.0000 1 6228.54144
13.1000 1 6249.51296
13.2000 1 8325.69344
13.3000 1 6501.1712
13.4000 1 6113.19808
13.5000 1 6270.48448
13.6000 1 6291.456
13.7000 1 8346.66496
13.8000 1 6134.1696
13.9000 1 6008.34048
14.0000 1 6144.65536
14.1000 1 6805.25824
14.2000 1 7790.91968
14.3000 1 6270.48448
14.4000 1 6102.71232
14.5000 1 6113.19808
14.6000 1 7203.71712
14.7000 1 7371.48928
14.8000 1 6207.56992
14.9000 1 6050.28352
15.0000 1 6270.48448
15.1000 1 7581.20448
15.2000 1 7067.40224
15.3000 1 6291.456
15.4000 1 6039.79776
15.5000 1 6228.54144
15.6000 1 7843.34848
15.7000 1 6973.0304
15.8000 1 6291.456
15.9000 1 6280.97024
16.0000 1 6301.94176
16.1000 1 7633.63328
16.2000 1 7224.68864
16.3000 1 6259.99872
16.4000 1 6092.22656
16.5000 1 5934.94016
16.6000 1 7990.14912
16.7000 1 6060.76928
16.8000 1 6071.25504
16.9000 1 6155.14112
17.0000 1 6910.11584
17.1000 1 7245.66016
17.2000 1 5840.56832
17.3000 1 5830.08256
17.4000 1 6197.08416
17.5000 1 7811.8912
17.6000 1 6102.71232
17.7000 1 6081.7408
17.8000 1 6060.76928
17.9000 1 7371.48928
18.0000 1 6910.11584
18.1000 1 6123.68384
18.2000 1 6029.312
18.3000 1 6071.25504
18.4000 1 8126.464
18.5000 1 6008.34048
18.6000 1 5966.39744
18.7000 1 6029.312
18.8000 1 7340.032
18.9000 1 6910.11584
19.0000 1 6018.82624
19.1000 1 6008.34048
19.2000 1 6218.05568
19.3000 1 8011.12064
19.4000 1 5966.39744
19.5000 1 5966.39744
19.6000 1 6060.76928
19.7000 1 7455.37536
19.8000 1 6689.91488
19.9000 1 5987.36896
20.0000 1 6973.0304
20.1000 1 6018.82624
20.2000 1 7832.86272
20.3000 1 6585.05728
20.4000 1 6102.71232
20.5000 1 6207.56992
20.6000 1 6207.56992
20.7000 1 8388.608
20.8000 1 6270.48448
20.9000 1 6301.94176
21.0000 1 6092.22656
21.1000 1 6375.34208
21.2000 1 8168.40704
21.3000 1 6123.68384
21.4000 1 6113.19808
21.5000 1 3722.4448
21.6000 1 5295.3088
21.7000 1 6721.37216
21.8000 1 5767.168
21.9000 1 7895.77728
22.0000 1 5903.48288
22.1000 1 5903.48288
22.2000 1 5976.8832
22.3000 1 7759.4624
22.4000 1 6291.456
22.5000 1 5777.65376
22.6000 1 5903.48288
22.7000 1 7098.85952
22.8000 1 7140.80256
22.9000 1 6071.25504
23.0000 1 6018.82624
23.1000 1 6071.25504
23.2000 1 8168.40704
23.3000 1 6018.82624
23.4000 1 5997.85472
23.5000 1 6071.25504
23.6000 1 7088.37376
23.7000 1 7067.40224
23.8000 1 6113.19808
23.9000 1 4173.33248
24.0000 1 4026.53184
24.1000 1 7214.20288
24.2000 1 6008.34048
24.3000 1 7287.6032
24.4000 1 7675.57632
24.5000 1 6092.22656
24.6000 1 6364.85632
24.7000 1 6207.56992
24.8000 1 7140.80256
24.9000 1 7612.66176
25.0000 1 6186.5984
25.1000 1 6071.25504
25.2000 1 6270.48448
25.3000 1 7371.48928
25.4000 1 7381.97504
25.5000 1 6427.77088
25.6000 1 6354.37056
25.7000 1 6270.48448
25.8000 1 7046.43072
25.9000 1 7707.0336
26.0000 1 6396.3136
26.1000 1 5819.5968
26.2000 1 5955.91168
26.3000 1 5777.65376
26.4000 1 6857.68704
26.5000 1 6333.39904
26.6000 1 6270.48448
26.7000 1 7486.83264
26.8000 1 7193.23136
26.9000 1 6385.82784
27.0000 1 6354.37056
27.1000 1 6249.51296
27.2000 1 7329.54624
27.3000 1 7340.032
27.4000 1 6186.5984
27.5000 1 6176.11264
27.6000 1 6197.08416
27.7000 1 7581.20448
27.8000 1 6679.42912
27.9000 1 5987.36896
28.0000 1 5987.36896
28.1000 1 8000.63488
28.2000 1 6910.11584
28.3000 1 7413.43232
28.4000 1 5966.39744
28.5000 1 6018.82624
28.6000 1 6123.68384
28.7000 1 6385.82784
28.8000 1 2789.21216
28.9000 1 1730.1504
29.0000 1 7591.69024
29.1000 1 6218.05568
29.2000 1 7958.69184
29.3000 1 5861.53984
29.4000 1 6134.1696
29.5000 1 6039.79776
29.6000 1 7507.80416
29.7000 1 6815.744
29.8000 1 6050.28352
29.9000 1 5997.85472
30.0000 1 6343.8848
30.1000 1 8021.6064
30.2000 1 5945.42592
30.3000 1 6039.79776
30.4000 1 5924.4544
30.5000 1 7486.83264
30.6000 1 6616.51456
30.7000 1 6102.71232
30.8000 1 6102.71232
30.9000 1 6280.97024
31.0000 1 8053.06368
31.1000 1 6081.7408
31.2000 1 6123.68384
31.3000 1 6081.7408
31.4000 1 7172.25984
31.5000 1 7035.94496
31.6000 1 4676.64896
31.7000 1 3607.10144
31.8000 1 6784.28672
31.9000 1 6658.4576
32.0000 1 5662.3104
32.1000 1 7423.91808
32.2000 1 6742.34368
32.3000 1 6186.5984
32.4000 1 6291.456
32.5000 1 6259.99872
32.6000 1 7937.72032
32.7000 1 6962.54464
32.8000 1 6218.05568
32.9000 1 6050.28352
33.0000 1 6155.14112
33.1000 1 8126.464
33.2000 1 6595.54304
33.3000 1 6144.65536
33.4000 1 6322.91328
33.5000 1 6239.0272
33.6000 1 8241.80736
33.7000 1 6490.68544
33.8000 1 6301.94176
33.9000 1 6239.0272
34.0000 1 6270.48448
34.1000 1 8199.86432
34.2000 1 6700.40064
34.3000 1 6218.05568
34.4000 1 6102.71232
34.5000 1 6322.91328
34.6000 1 8105.49248
34.7000 1 6438.25664
34.8000 1 6427.77088
34.9000 1 6301.94176
35.0000 1 6239.0272
35.1000 1 8095.00672
35.2000 1 6543.11424
35.3000 1 6312.42752
35.4000 1 6144.65536
35.5000 1 6270.48448
35.6000 1 8157.92128
35.7000 1 6585.05728
35.8000 1 6375.34208
35.9000 1 6291.456
36.0000 1 6301.94176
36.1000 1 7906.26304
36.2000 1 6616.51456
36.3000 1 6071.25504
36.4000 1 6039.79776
36.5000 1 6417.28512
36.6000 1 8315.20768
36.7000 1 6627.00032
36.8000 1 6333.39904
36.9000 1 6186.5984
37.0000 1 6134.1696
37.1000 1 8283.7504
37.2000 1 6343.8848
37.3000 1 6113.19808
37.4000 1 6301.94176
37.5000 1 6375.34208
37.6000 1 8367.63648
37.7000 1 5987.36896
37.8000 1 6060.76928
37.9000 1 6165.62688
38.0000 1 6899.63008
38.1000 1 7633.63328
38.2000 1 6249.51296
38.3000 1 6039.79776
38.4000 1 6134.1696
38.5000 1 7423.91808
38.6000 1 7444.8896
38.7000 1 6259.99872
38.8000 1 6155.14112
38.9000 1 6186.5984
39.0000 1 7455.37536
39.1000 1 7151.28832
39.2000 1 6207.56992
39.3000 1 5997.85472
39.4000 1 6071.25504
39.5000 1 8084.52096
39.6000 1 6176.11264
39.7000 1 6018.82624
39.8000 1 6071.25504
39.9000 1 6857.68704
40.0000 1 7444.8896
40.1000 1 6113.19808
40.2000 1 6060.76928
40.3000 1 6176.11264
40.4000 1 7728.00512
40.5000 1 6511.65696
40.6000 1 6102.71232
40.7000 1 5976.8832
40.8000 1 6543.11424
40.9000 1 7707.0336
41.0000 1 6165.62688
41.1000 1 5966.39744
41.2000 1 5997.85472
41.3000 1 7612.66176
41.4000 1 6627.00032
41.5000 1 6029.312
41.6000 1 6060.76928
41.7000 1 6459.22816
41.8000 1 5410.65216
41.9000 1 3743.41632
42.0000 1 7612.66176
42.1000 1 6249.51296
42.2000 1 5934.94016
42.3000 1 6134.1696
42.4000 1 6826.22976
42.5000 1 8032.09216
42.6000 1 6417.28512
42.7000 1 6113.19808
42.8000 1 6155.14112
42.9000 1 6805.25824
43.0000 1 7990.14912
43.1000 1 6280.97024
43.2000 1 6343.8848
43.3000 1 6270.48448
43.4000 1 6647.97184
43.5000 1 8157.92128
43.6000 1 6186.5984
43.7000 1 6165.62688
43.8000 1 6207.56992
43.9000 1 6752.82944
44.0000 1 8095.00672
44.1000 1 6144.65536
44.2000 1 6186.5984
44.3000 1 6228.54144
44.4000 1 6878.65856
44.5000 1 7686.06208
44.6000 1 5924.4544
44.7000 1 6176.11264
44.8000 1 6280.97024
44.9000 1 7455.37536
45.0000 1 7245.66016
45.1000 1 6155.14112
45.2000 1 6207.56992
45.3000 1 6270.48448
45.4000 1 7602.176
45.5000 1 7203.71712
45.6000 1 6134.1696
45.7000 1 6396.3136
45.8000 1 6417.28512
45.9000 1 7277.11744
46.0000 1 7507.80416
46.1000 1 6364.85632
46.2000 1 6239.0272
46.3000 1 6207.56992
46.4000 1 7172.25984
46.5000 1 7402.94656
46.6000 1 6155.14112
46.7000 1 6207.56992
46.8000 1 6270.48448
46.9000 1 7497.3184
47.0000 1 7235.1744
47.1000 1 6270.48448
47.2000 1 6354.37056
47.3000 1 6249.51296
47.4000 1 7371.48928
47.5000 1 7224.68864
47.6000 1 6071.25504
47.7000 1 6081.7408
47.8000 1 6155.14112
47.9000 1 7948.20608
48.0000 1 6490.68544
48.1000 1 6322.91328
48.2000 1 6343.8848
48.3000 1 6197.08416
48.4000 1 8220.83584
48.5000 1 6595.54304
48.6000 1 6343.8848
48.7000 1 6218.05568
48.8000 1 6081.7408
48.9000 1 8315.20768
49.0000 1 6501.1712
49.1000 1 6259.99872
49.2000 1 6228.54144
49.3000 1 6165.62688
49.4000 1 8346.66496
49.5000 1 6301.94176
49.6000 1 6259.99872
49.7000 1 6207.56992
49.8000 1 6375.34208
49.9000 1 8378.12224
50.0000 1 6197.08416
50.1000 1 6186.5984
50.2000 1 6176.11264
50.3000 1 6574.57152
50.4000 1 0.0
50.5000 1 0.0
50.6000 1 3177.18528
50.7000 1 7759.4624
50.8000 1 8912.896
50.9000 1 7256.14592
51.0000 1 6406.79936
51.1000 1 6448.7424
51.2000 1 6459.22816
51.3000 1 6836.71552
51.4000 1 5431.62368
51.5000 1 8891.92448
51.6000 1 6564.08576
51.7000 1 6291.456
51.8000 1 6354.37056
51.9000 1 8388.608
52.0000 1 6763.3152
52.1000 1 3187.67104
52.2000 1 3659.53024
52.3000 1 7811.8912
52.4000 1 6207.56992
52.5000 1 6794.77248
52.6000 1 9384.7552
52.7000 1 6459.22816
52.8000 1 8441.0368
52.9000 1 6553.6
53.0000 1 6438.25664
53.1000 1 6155.14112
53.2000 1 6259.99872
53.3000 1 8042.57792
53.4000 1 6815.744
53.5000 1 6343.8848
53.6000 1 6197.08416
53.7000 1 6270.48448
53.8000 1 6312.42752
53.9000 1 8787.06688
54.0000 1 5693.76768
54.1000 1 7203.71712
54.2000 1 6333.39904
54.3000 1 7077.888
54.4000 1 8053.06368
54.5000 1 6333.39904
54.6000 1 6406.79936
54.7000 1 6333.39904
54.8000 1 6406.79936
54.9000 1 8325.69344
55.0000 1 6249.51296
55.1000 1 6092.22656
55.2000 1 6343.8848
55.3000 1 6522.14272
55.4000 1 8304.72192
55.5000 1 6490.68544
55.6000 1 6385.82784
55.7000 1 6207.56992
55.8000 1 6322.91328
55.9000 1 8147.43552
56.0000 1 5851.05408
56.1000 1 6931.08736
56.2000 1 6448.7424
56.3000 1 6417.28512
56.4000 1 4162.84672
56.5000 1 13883.14624
56.6000 1 6585.05728
56.7000 1 8315.20768
56.8000 1 6176.11264
56.9000 1 6417.28512
57.0000 1 6364.85632
57.1000 1 6207.56992
57.2000 1 8357.15072
57.3000 1 6543.11424
57.4000 1 6511.65696
57.5000 1 6354.37056
57.6000 1 6396.3136
57.7000 1 7696.54784
57.8000 1 7046.43072
57.9000 1 6071.25504
58.0000 1 6291.456
58.1000 1 6438.25664
58.2000 1 7675.57632
58.3000 1 7277.11744
58.4000 1 6113.19808
58.5000 1 6165.62688
58.6000 1 6249.51296
58.7000 1 7717.51936
58.8000 1 7340.032
58.9000 1 6427.77088
59.0000 1 6301.94176
59.1000 1 6165.62688
59.2000 1 7308.57472
59.3000 1 7801.40544
59.4000 1 6438.25664
59.5000 1 6270.48448
59.6000 1 6249.51296
59.7000 1 6700.40064
59.8000 1 8011.12064
59.9000 1 6071.25504
60.0000 1 6385.82784
60.1000 1 6280.97024
60.2000 1 6784.28672
60.3000 1 8074.0352
60.4000 1 6218.05568
60.5000 1 6228.54144
60.6000 1 6280.97024
60.7000 1 6710.8864
60.8000 1 8252.29312
60.9000 1 6207.56992
61.0000 1 6343.8848
61.1000 1 6375.34208
61.2000 1 6333.39904
61.3000 1 8252.29312
61.4000 1 6134.1696
61.5000 1 6459.22816
61.6000 1 6364.85632
61.7000 1 6270.48448
61.8000 1 8399.09376
61.9000 1 6606.0288
62.0000 1 6364.85632
62.1000 1 6354.37056
62.2000 1 5054.13632
62.3000 1 3690.98752
62.4000 1 7004.48768
62.5000 1 8650.752
62.6000 1 6585.05728
62.7000 1 8000.63488
62.8000 1 6312.42752
62.9000 1 6197.08416
63.0000 1 5997.85472
63.1000 1 6994.00192
63.2000 1 7675.57632
63.3000 1 5976.8832
63.4000 1 5955.91168
63.5000 1 6123.68384
63.6000 1 7748.97664
63.7000 1 6710.8864
63.8000 1 5934.94016
63.9000 1 6060.76928
64.0000 1 6448.7424
64.1000 1 8105.49248
64.2000 1 3565.1584
