0.1000 1 0.0
0.2000 1 7948.20608
0.3000 1 6176.11264
0.4000 1 6197.08416
0.5000 1 6113.19808
0.6000 1 8000.63488
0.7000 1 6637.48608
0.8000 1 6218.05568
0.9000 1 6155.14112
1.0000 1 6155.14112
1.1000 1 8252.29312
1.2000 1 6218.05568
1.3000 1 6176.11264
1.4000 1 6092.22656
1.5000 1 6637.48608
1.6000 1 7790.91968
1.7000 1 6123.68384
1.8000 1 6259.99872
1.9000 1 6280.97024
2.0000 1 7014.97344
2.1000 1 7748.97664
2.2000 1 6197.08416
2.3000 1 6123.68384
2.4000 1 9961.472
2.5000 1 6155.14112
2.6000 1 6155.14112
2.7000 1 7832.86272
2.8000 1 3795.84512
2.9000 1 8178.8928
3.0000 1 6836.71552
3.1000 1 7958.69184
3.2000 1 6197.08416
3.3000 1 6228.54144
3.4000 1 6239.0272
3.5000 1 6868.1728
3.6000 1 7853.83424
3.7000 1 6354.37056
3.8000 1 6364.85632
3.9000 1 6249.51296
4.0000 1 6658.4576
4.1000 1 7885.29152
4.2000 1 6259.99872
4.3000 1 6280.97024
4.4000 1 6102.71232
4.5000 1 6910.11584
4.6000 1 7549.7472
4.7000 1 6186.5984
4.8000 1 7245.66016
4.9000 1 6228.54144
5.0000 1 6364.85632
5.1000 1 8178.8928
5.2000 1 6218.05568
5.3000 1 9080.66816
5.4000 1 9353.29792
5.5000 1 6249.51296
5.6000 1 6280.97024
5.7000 1 6343.8848
5.8000 1 6270.48448
5.9000 1 6721.37216
6.0000 1 8011.12064
6.1000 1 6102.71232
6.2000 1 10905.1904
6.3000 1 6102.71232
6.4000 1 6280.97024
6.5000 1 3544.18688
6.6000 1 9279.8976
6.7000 1 6742.34368
6.8000 1 6207.56992
6.9000 1 6228.54144
7.0000 1 6186.5984
7.1000 1 8021.6064
7.2000 1 6794.77248
7.3000 1 6259.99872
7.4000 1 6134.1696
7.5000 1 6071.25504
7.6000 1 8241.80736
7.7000 1 6385.82784
7.8000 1 6186.5984
7.9000 1 5976.8832
8.0000 1 6595.54304
8.1000 1 8000.63488
8.2000 1 6081.7408
8.3000 1 6270.48448
8.4000 1 6239.0272
8.5000 1 6983.51616
8.6000 1 7413.43232
8.7000 1 6291.456
8.8000 1 6322.91328
8.9000 1 6186.5984
9.0000 1 7308.57472
9.1000 1 7381.97504
9.2000 1 6270.48448
9.3000 1 6280.97024
9.4000 1 6312.42752
9.5000 1 7266.63168
9.6000 1 7539.26144
9.7000 1 6280.97024
9.8000 1 6312.42752
9.9000 1 6322.91328
10.0000 1 6973.0304
10.1000 1 7644.11904
10.2000 1 6259.99872
10.3000 1 6249.51296
10.4000 1 6197.08416
10.5000 1 7161.77408
10.6000 1 7539.26144
10.7000 1 6249.51296
10.8000 1 6228.54144
10.9000 1 6249.51296
11.0000 1 7172.25984
11.1000 1 7319.06048
11.2000 1 6239.0272
11.3000 1 6113.19808
11.4000 1 6039.79776
11.5000 1 7728.00512
11.6000 1 7035.94496
11.7000 1 6071.25504
11.8000 1 6029.312
11.9000 1 6092.22656
12.0000 1 8304.72192
12.1000 1 6081.7408
12.2000 1 6029.312
12.3000 1 6270.48448
12.4000 1 6522.14272
12.5000 1 8241.80736
12.6000 1 2631.92576
12.7000 1 3449.81504
12.8000 1 9563.01312
12.9000 1 5767.168
13.0000 1 5882.51136
13.1000 1 6448.7424
13.2000 1 7927.23456
13.3000 1 5945.42592
13.4000 1 6060.76928
13.5000 1 5809.11104
13.6000 1 6606.0288
13.7000 1 7591.69024
13.8000 1 6092.22656
13.9000 1 6018.82624
14.0000 1 6008.34048
14.1000 1 7759.4624
14.2000 1 6280.97024
14.3000 1 5955.91168
14.4000 1 5955.91168
14.5000 1 6889.14432
14.6000 1 7319.06048
14.7000 1 6018.82624
14.8000 1 5997.85472
14.9000 1 5872.0256
15.0000 1 8032.09216
15.1000 1 6039.79776
15.2000 1 5987.36896
15.3000 1 5945.42592
15.4000 1 7371.48928
15.5000 1 6689.91488
15.6000 1 5903.48288
15.7000 1 5924.4544
15.8000 1 6585.05728
15.9000 1 7570.71872
16.0000 1 6155.14112
16.1000 1 6207.56992
16.2000 1 6081.7408
16.3000 1 7560.23296
16.4000 1 6826.22976
16.5000 1 6113.19808
16.6000 1 5976.8832
16.7000 1 6155.14112
16.8000 1 7864.32
16.9000 1 5966.39744
17.0000 1 5945.42592
17.1000 1 5987.36896
17.2000 1 7675.57632
17.3000 1 6826.22976
17.4000 1 6280.97024
17.5000 1 6113.19808
17.6000 1 5955.91168
17.7000 1 8325.69344
17.8000 1 5903.48288
17.9000 1 6113.19808
18.0000 1 6364.85632
18.1000 1 6794.77248
18.2000 1 7937.72032
18.3000 1 6092.22656
18.4000 1 6186.5984
18.5000 1 6123.68384
18.6000 1 7151.28832
18.7000 1 7633.63328
18.8000 1 6186.5984
18.9000 1 6280.97024
19.0000 1 6333.39904
19.1000 1 7098.85952
19.2000 1 7434.40384
19.3000 1 6270.48448
19.4000 1 6134.1696
19.5000 1 6155.14112
19.6000 1 7476.34688
19.7000 1 7056.91648
19.8000 1 6018.82624
19.9000 1 6113.19808
20.0000 1 6123.68384
20.1000 1 8231.3216
20.2000 1 6427.77088
20.3000 1 6039.79776
20.4000 1 6071.25504
20.5000 1 6553.6
20.6000 1 8241.80736
20.7000 1 6228.54144
20.8000 1 6322.91328
20.9000 1 6144.65536
21.0000 1 6637.48608
21.1000 1 7035.94496
21.2000 1 5819.5968
21.3000 1 5830.08256
21.4000 1 6427.77088
21.5000 1 7455.37536
21.6000 1 5955.91168
21.7000 1 5966.39744
21.8000 1 5788.13952
21.9000 1 8011.12064
22.0000 1 5798.62528
22.1000 1 5913.96864
22.2000 1 5903.48288
22.3000 1 7790.91968
22.4000 1 5861.53984
22.5000 1 5777.65376
22.6000 1 5830.08256
22.7000 1 7759.4624
22.8000 1 6165.62688
22.9000 1 5767.168
23.0000 1 5756.68224
23.1000 1 7423.91808
23.2000 1 5987.36896
23.3000 1 5872.0256
23.4000 1 6291.456
23.5000 1 7025.4592
23.6000 1 7644.11904
23.7000 1 6396.3136
23.8000 1 6259.99872
23.9000 1 6060.76928
24.0000 1 7035.94496
24.1000 1 7717.51936
24.2000 1 6312.42752
24.3000 1 6312.42752
24.4000 1 6228.54144
24.5000 1 7025.4592
24.6000 1 7644.11904
24.7000 1 6165.62688
24.8000 1 6155.14112
24.9000 1 6165.62688
25.0000 1 7329.54624
25.1000 1 7423.91808
25.2000 1 6071.25504
25.3000 1 6029.312
25.4000 1 6018.82624
25.5000 1 7937.72032
25.6000 1 6637.48608
25.7000 1 6354.37056
25.8000 1 6092.22656
25.9000 1 6081.7408
26.0000 1 8357.15072
26.1000 1 6396.3136
26.2000 1 6134.1696
26.3000 1 6144.65536
26.4000 1 6490.68544
26.5000 1 8021.6064
26.6000 1 6060.76928
26.7000 1 5966.39744
26.8000 1 6176.11264
26.9000 1 7329.54624
27.0000 1 7151.28832
27.1000 1 6071.25504
27.2000 1 6134.1696
27.3000 1 6060.76928
27.4000 1 5934.94016
27.5000 1 7465.86112
27.6000 1 7025.4592
27.7000 1 6364.85632
27.8000 1 6291.456
27.9000 1 6354.37056
28.0000 1 7581.20448
28.1000 1 7140.80256
28.2000 1 6239.0272
28.3000 1 6144.65536
28.4000 1 3145.728
28.5000 1 5431.62368
28.6000 1 4047.50336
28.7000 1 8482.97984
28.8000 1 5892.99712
28.9000 1 828.37504
29.0000 1 0.0
29.1000 1 0.0
29.2000 1 0.0
29.3000 1 3711.95904
29.4000 1 9321.84064
29.5000 1 9080.66816
29.6000 1 6155.14112
29.7000 1 6050.28352
29.8000 1 6155.14112
29.9000 1 8199.86432
30.0000 1 6270.48448
30.1000 1 6375.34208
30.2000 1 6029.312
30.3000 1 6469.71392
30.4000 1 7853.83424
30.5000 1 6071.25504
30.6000 1 6270.48448
30.7000 1 6218.05568
30.8000 1 7161.77408
30.9000 1 7277.11744
31.0000 1 6165.62688
31.1000 1 6343.8848
31.2000 1 6333.39904
31.3000 1 7329.54624
31.4000 1 6742.34368
31.5000 1 5001.70752
31.6000 1 4917.82144
31.7000 1 4833.93536
31.8000 1 5179.96544
31.9000 1 7287.6032
32.0000 1 5788.13952
32.1000 1 5452.5952
32.2000 1 6165.62688
32.3000 1 6134.1696
32.4000 1 5305.79456
32.5000 1 5641.33888
32.6000 1 8063.54944
32.7000 1 5295.3088
32.8000 1 5179.96544
32.9000 1 6228.54144
33.0000 1 6071.25504
33.1000 1 3523.21536
33.2000 1 1551.89248
33.3000 1 5704.25344
33.4000 1 6878.65856
33.5000 1 5662.3104
33.6000 1 5788.13952
33.7000 1 6773.80096
33.8000 1 5997.85472
33.9000 1 5127.53664
34.0000 1 5588.91008
34.1000 1 6417.28512
34.2000 1 5117.05088
34.3000 1 5200.93696
34.4000 1 7319.06048
34.5000 1 5463.08096
34.6000 1 5651.82464
34.7000 1 6668.94336
34.8000 1 6228.54144
34.9000 1 5106.56512
35.0000 1 5494.53824
35.1000 1 7319.06048
35.2000 1 5106.56512
35.3000 1 5295.3088
35.4000 1 7413.43232
35.5000 1 5609.8816
35.6000 1 5557.4528
35.7000 1 6060.76928
35.8000 1 6532.62848
35.9000 1 5651.82464
36.0000 1 5620.36736
36.1000 1 6815.744
36.2000 1 6522.14272
36.3000 1 5054.13632
36.4000 1 5410.65216
36.5000 1 7172.25984
36.6000 1 5788.13952
36.7000 1 5987.36896
36.8000 1 5913.96864
36.9000 1 7161.77408
37.0000 1 6060.76928
37.1000 1 6155.14112
37.2000 1 8294.23616
37.3000 1 11555.30752
37.4000 1 6113.19808
37.5000 1 5809.11104
37.6000 1 5966.39744
37.7000 1 8420.06528
37.8000 1 6270.48448
37.9000 1 6291.456
38.0000 1 6396.3136
38.1000 1 6438.25664
38.2000 1 8053.06368
38.3000 1 6994.00192
38.4000 1 5872.0256
38.5000 1 6333.39904
38.6000 1 6448.7424
38.7000 1 7885.29152
38.8000 1 7203.71712
38.9000 1 6291.456
39.0000 1 6301.94176
39.1000 1 6480.19968
39.2000 1 7119.83104
39.3000 1 3229.61408
39.4000 1 3124.75648
39.5000 1 7287.6032
39.6000 1 11051.99104
39.7000 1 7088.37376
39.8000 1 5903.48288
39.9000 1 5882.51136
40.0000 1 6773.80096
40.1000 1 7277.11744
40.2000 1 6176.11264
40.3000 1 6239.0272
40.4000 1 6207.56992
40.5000 1 7644.11904
40.6000 1 7298.08896
40.7000 1 6354.37056
40.8000 1 6343.8848
40.9000 1 6270.48448
41.0000 1 7277.11744
41.1000 1 7759.4624
41.2000 1 6511.65696
41.3000 1 6427.77088
41.4000 1 6459.22816
41.5000 1 6522.14272
41.6000 1 8262.77888
41.7000 1 6700.40064
41.8000 1 6343.8848
41.9000 1 6228.54144
42.0000 1 6249.51296
42.1000 1 8042.57792
42.2000 1 6973.0304
42.3000 1 6490.68544
42.4000 1 6291.456
42.5000 1 6406.79936
42.6000 1 7308.57472
42.7000 1 7665.09056
42.8000 1 6165.62688
42.9000 1 6218.05568
43.0000 1 6280.97024
43.1000 1 7203.71712
43.2000 1 7895.77728
43.3000 1 6490.68544
43.4000 1 6228.54144
43.5000 1 6469.71392
43.6000 1 6417.28512
43.7000 1 8220.83584
43.8000 1 6469.71392
43.9000 1 6113.19808
44.0000 1 6176.11264
44.1000 1 6469.71392
44.2000 1 8294.23616
44.3000 1 6312.42752
44.4000 1 6459.22816
44.5000 1 6354.37056
44.6000 1 6312.42752
44.7000 1 8210.35008
44.8000 1 6637.48608
44.9000 1 6259.99872
45.0000 1 6280.97024
45.1000 1 6385.82784
45.2000 1 8021.6064
45.3000 1 6983.51616
45.4000 1 6280.97024
45.5000 1 6291.456
45.6000 1 6333.39904
45.7000 1 7696.54784
45.8000 1 7056.91648
45.9000 1 6207.56992
46.0000 1 6301.94176
46.1000 1 6301.94176
46.2000 1 7528.77568
46.3000 1 7319.06048
46.4000 1 6280.97024
46.5000 1 6270.48448
46.6000 1 6280.97024
46.7000 1 7434.40384
46.8000 1 7476.34688
46.9000 1 6417.28512
47.0000 1 6155.14112
47.1000 1 6186.5984
47.2000 1 7298.08896
47.3000 1 7581.20448
47.4000 1 5997.85472
47.5000 1 6249.51296
47.6000 1 6029.312
47.7000 1 7686.06208
47.8000 1 7077.888
47.9000 1 6218.05568
48.0000 1 6312.42752
48.1000 1 6343.8848
48.2000 1 7560.23296
48.3000 1 7350.51776
48.4000 1 6249.51296
48.5000 1 6291.456
48.6000 1 6354.37056
48.7000 1 7182.7456
48.8000 1 7644.11904
48.9000 1 6176.11264
49.0000 1 6280.97024
49.1000 1 6364.85632
49.2000 1 7140.80256
49.3000 1 7444.8896
49.4000 1 6333.39904
49.5000 1 2191.52384
49.6000 1 2558.52544
49.7000 1 13316.9152
49.8000 1 7497.3184
49.9000 1 6186.5984
50.0000 1 6102.71232
50.1000 1 7056.91648
50.2000 1 8084.52096
50.3000 1 6501.1712
50.4000 1 6102.71232
50.5000 1 6333.39904
50.6000 1 6511.65696
50.7000 1 8294.23616
50.8000 1 6343.8848
50.9000 1 6385.82784
51.0000 1 6312.42752
51.1000 1 6312.42752
51.2000 1 8189.37856
51.3000 1 6752.82944
51.4000 1 6176.11264
51.5000 1 6312.42752
51.6000 1 6396.3136
51.7000 1 7790.91968
51.8000 1 6731.85792
51.9000 1 6239.0272
52.0000 1 6259.99872
52.1000 1 6501.1712
52.2000 1 7780.43392
52.3000 1 7109.34528
52.4000 1 6039.79776
52.5000 1 6364.85632
52.6000 1 6301.94176
52.7000 1 7707.0336
52.8000 1 7434.40384
52.9000 1 6312.42752
53.0000 1 6343.8848
53.1000 1 6207.56992
53.2000 1 7277.11744
53.3000 1 7381.97504
53.4000 1 6312.42752
53.5000 1 6186.5984
53.6000 1 6039.79776
53.7000 1 7686.06208
53.8000 1 7214.20288
53.9000 1 6270.48448
54.0000 1 6228.54144
54.1000 1 6228.54144
54.2000 1 7528.77568
54.3000 1 3806.33088
54.4000 1 9961.472
54.5000 1 6301.94176
54.6000 1 6354.37056
54.7000 1 7098.85952
54.8000 1 7623.14752
54.9000 1 6354.37056
55.0000 1 6322.91328
55.1000 1 6522.14272
55.2000 1 6553.6
55.3000 1 8482.97984
55.4000 1 6207.56992
55.5000 1 6280.97024
55.6000 1 4162.84672
55.7000 1 0.0
55.8000 1 8063.54944
55.9000 1 9762.24256
56.0000 1 7392.4608
56.1000 1 7633.63328
56.2000 1 6469.71392
56.3000 1 1918.89408
56.4000 1 7203.71712
56.5000 1 10359.93088
56.6000 1 7748.97664
56.7000 1 2631.92576
56.8000 1 0.0
56.9000 1 4183.81824
57.0000 1 8441.0368
57.1000 1 10401.87392
57.2000 1 5316.28032
57.3000 1 0.0
57.4000 1 0.0
57.5000 1 7381.97504
57.6000 1 11932.79488
57.7000 1 5609.8816
57.8000 1 4928.3072
57.9000 1 5075.10784
58.0000 1 5746.19648
58.1000 1 5651.82464
58.2000 1 1111.49056
58.3000 1 7319.06048
58.4000 1 5106.56512
58.5000 1 5358.22336
58.6000 1 6553.6
58.7000 1 6018.82624
58.8000 1 4970.25024
58.9000 1 5924.4544
59.0000 1 6417.28512
59.1000 1 5410.65216
59.2000 1 5442.10944
59.3000 1 7329.54624
59.4000 1 5179.96544
59.5000 1 5316.28032
59.6000 1 6710.8864
59.7000 1 2055.20896
59.8000 1 2862.61248
59.9000 1 4676.64896
60.0000 1 6354.37056
60.1000 1 5012.19328
60.2000 1 4917.82144
60.3000 1 7098.85952
60.4000 1 5274.33728
60.5000 1 5484.05248
60.6000 1 6480.19968
60.7000 1 5347.7376
60.8000 1 4320.13312
60.9000 1 6364.85632
61.0000 1 4875.8784
61.1000 1 4624.22016
61.2000 1 7497.3184
61.3000 1 5410.65216
61.4000 1 5033.1648
61.5000 1 6857.68704
61.6000 1 4750.04928
61.7000 1 5043.65056
61.8000 1 6553.6
61.9000 1 4676.64896
62.0000 1 4582.27712
62.1000 1 6616.51456
62.2000 1 5284.82304
62.3000 1 5211.42272
62.4000 1 7151.28832
62.5000 1 5484.05248
62.6000 1 5043.65056
62.7000 1 6564.08576
62.8000 1 6092.22656
62.9000 1 4980.736
63.0000 1 5746.19648
63.1000 1 6899.63008
63.2000 1 5054.13632
63.3000 1 5347.7376
63.4000 1 7161.77408
63.5000 1 5200.93696
63.6000 1 5033.1648
63.7000 1 7182.7456
63.8000 1 5148.50816
63.9000 1 7203.71712
64.0000 1 9678.35648
64.1000 1 8902.41024
64.2000 1 5662.3104
64.3000 1 6050.28352
64.4000 1 5966.39744
64.5000 1 8409.57952
64.6000 1 6228.54144
64.7000 1 6144.65536
64.8000 1 6186.5984
64.9000 1 6564.08576
65.0000 1 1394.60608
