0.1000 1 0.0
0.2000 1 6406.79936
0.3000 1 5714.7392
0.4000 1 5620.36736
0.5000 1 7780.43392
0.6000 1 5756.68224
0.7000 1 5725.22496
0.8000 1 5630.85312
0.9000 1 7612.66176
1.0000 1 6092.22656
1.1000 1 5725.22496
1.2000 1 5809.11104
1.3000 1 7434.40384
1.4000 1 6123.68384
1.5000 1 5578.42432
1.6000 1 5767.168
1.7000 1 7707.0336
1.8000 1 5725.22496
1.9000 1 5588.91008
2.0000 1 5630.85312
2.1000 1 7612.66176
2.2000 1 5672.79616
2.3000 1 5651.82464
2.4000 1 5903.48288
2.5000 1 7214.20288
2.6000 1 5546.96704
2.7000 1 5599.39584
2.8000 1 6721.37216
2.9000 1 6700.40064
3.0000 1 5693.76768
3.1000 1 5557.4528
3.2000 1 7182.7456
3.3000 1 6343.8848
3.4000 1 5683.28192
3.5000 1 5788.13952
3.6000 1 7277.11744
3.7000 1 6197.08416
3.8000 1 5672.79616
3.9000 1 5672.79616
4.0000 1 7581.20448
4.1000 1 5882.51136
4.2000 1 5609.8816
4.3000 1 5683.28192
4.4000 1 7738.49088
4.5000 1 5651.82464
4.6000 1 5788.13952
4.7000 1 5746.19648
4.8000 1 7759.4624
4.9000 1 5609.8816
5.0000 1 5746.19648
5.1000 1 5777.65376
5.2000 1 7864.32
5.3000 1 5704.25344
5.4000 1 5651.82464
5.5000 1 5704.25344
5.6000 1 7769.94816
5.7000 1 5683.28192
5.8000 1 5714.7392
5.9000 1 5872.0256
6.0000 1 7748.97664
6.1000 1 5515.50976
6.2000 1 5599.39584
6.3000 1 6249.51296
6.4000 1 7256.14592
6.5000 1 1321.20576
6.6000 1 7769.94816
6.7000 1 6186.5984
6.8000 1 5945.42592
6.9000 1 6490.68544
7.0000 1 6805.25824
7.1000 1 5683.28192
7.2000 1 5641.33888
7.3000 1 7014.97344
7.4000 1 6218.05568
7.5000 1 5641.33888
7.6000 1 5630.85312
7.7000 1 7539.26144
7.8000 1 5651.82464
7.9000 1 5494.53824
8.0000 1 5693.76768
8.1000 1 7675.57632
8.2000 1 5798.62528
8.3000 1 5599.39584
8.4000 1 5913.96864
8.5000 1 7277.11744
8.6000 1 5672.79616
8.7000 1 5253.36576
8.8000 1 3670.016
8.9000 1 8671.72352
9.0000 1 6144.65536
9.1000 1 7738.49088
9.2000 1 5515.50976
9.3000 1 5641.33888
9.4000 1 6228.54144
9.5000 1 7308.57472
9.6000 1 5767.168
9.7000 1 5756.68224
9.8000 1 6176.11264
9.9000 1 7266.63168
10.0000 1 5756.68224
10.1000 1 5683.28192
10.2000 1 6406.79936
10.3000 1 7119.83104
10.4000 1 5725.22496
10.5000 1 5788.13952
10.6000 1 6480.19968
10.7000 1 6710.8864
10.8000 1 1772.09344
10.9000 1 4718.592
11.0000 1 11597.25056
11.1000 1 6480.19968
11.2000 1 5788.13952
11.3000 1 5651.82464
11.4000 1 7476.34688
11.5000 1 5924.4544
11.6000 1 5756.68224
11.7000 1 5672.79616
11.8000 1 7738.49088
11.9000 1 5840.56832
12.0000 1 5609.8816
12.1000 1 5505.024
12.2000 1 7790.91968
12.3000 1 5620.36736
12.4000 1 5578.42432
12.5000 1 5945.42592
12.6000 1 7780.43392
12.7000 1 5536.48128
12.8000 1 5704.25344
12.9000 1 6060.76928
13.0000 1 7518.28992
13.1000 1 5588.91008
13.2000 1 5672.79616
13.3000 1 6375.34208
13.4000 1 7130.3168
13.5000 1 5704.25344
13.6000 1 5609.8816
13.7000 1 6700.40064
13.8000 1 6847.20128
13.9000 1 5620.36736
14.0000 1 5630.85312
14.1000 1 6962.54464
14.2000 1 6532.62848
14.3000 1 5651.82464
14.4000 1 5725.22496
14.5000 1 7256.14592
14.6000 1 6249.51296
14.7000 1 5557.4528
14.8000 1 5798.62528
14.9000 1 7413.43232
15.0000 1 5892.99712
15.1000 1 5662.3104
15.2000 1 5714.7392
15.3000 1 7686.06208
15.4000 1 5557.4528
15.5000 1 5714.7392
15.6000 1 5662.3104
15.7000 1 7612.66176
15.8000 1 5567.93856
15.9000 1 5809.11104
16.0000 1 6008.34048
16.1000 1 7308.57472
16.2000 1 5494.53824
16.3000 1 5473.56672
16.4000 1 6805.25824
16.5000 1 6469.71392
16.6000 1 5515.50976
16.7000 1 5662.3104
16.8000 1 7570.71872
16.9000 1 5997.85472
17.0000 1 5714.7392
17.1000 1 5546.96704
17.2000 1 7696.54784
17.3000 1 5525.99552
17.4000 1 5473.56672
17.5000 1 5861.53984
17.6000 1 7560.23296
17.7000 1 5557.4528
17.8000 1 5536.48128
17.9000 1 6522.14272
18.0000 1 6931.08736
18.1000 1 5651.82464
18.2000 1 5630.85312
18.3000 1 6899.63008
18.4000 1 6239.0272
18.5000 1 5662.3104
18.6000 1 5609.8816
18.7000 1 7581.20448
18.8000 1 5662.3104
18.9000 1 5505.024
19.0000 1 5546.96704
19.1000 1 7518.28992
19.2000 1 5442.10944
19.3000 1 5620.36736
19.4000 1 6532.62848
19.5000 1 6501.1712
19.6000 1 5746.19648
19.7000 1 5609.8816
19.8000 1 7245.66016
19.9000 1 6060.76928
20.0000 1 5609.8816
20.1000 1 5505.024
20.2000 1 7633.63328
20.3000 1 5620.36736
20.4000 1 5578.42432
20.5000 1 5767.168
20.6000 1 7518.28992
20.7000 1 5505.024
20.8000 1 5567.93856
20.9000 1 5022.67904
21.0000 1 2694.84032
21.1000 1 5693.76768
21.2000 1 8262.77888
21.3000 1 8902.41024
21.4000 1 5746.19648
21.5000 1 5546.96704
21.6000 1 6385.82784
21.7000 1 7014.97344
21.8000 1 5567.93856
21.9000 1 5578.42432
22.0000 1 6983.51616
22.1000 1 6469.71392
22.2000 1 5641.33888
22.3000 1 5567.93856
22.4000 1 7361.00352
22.5000 1 6092.22656
22.6000 1 5609.8816
22.7000 1 5630.85312
22.8000 1 7602.176
22.9000 1 5809.11104
23.0000 1 5662.3104
23.1000 1 5798.62528
23.2000 1 7707.0336
23.3000 1 5536.48128
23.4000 1 5609.8816
23.5000 1 5966.39744
23.6000 1 7612.66176
23.7000 1 5882.51136
23.8000 1 5536.48128
23.9000 1 6039.79776
24.0000 1 7214.20288
24.1000 1 5473.56672
24.2000 1 5484.05248
24.3000 1 6941.57312
24.4000 1 6092.22656
24.5000 1 5599.39584
24.6000 1 5630.85312
24.7000 1 7675.57632
24.8000 1 5567.93856
24.9000 1 5683.28192
25.0000 1 5704.25344
25.1000 1 7633.63328
25.2000 1 5651.82464
25.3000 1 5704.25344
25.4000 1 5945.42592
25.5000 1 7444.8896
25.6000 1 5809.11104
25.7000 1 5683.28192
25.8000 1 6218.05568
25.9000 1 7035.94496
26.0000 1 5672.79616
26.1000 1 5484.05248
26.2000 1 6931.08736
26.3000 1 6396.3136
26.4000 1 5567.93856
26.5000 1 5379.19488
26.6000 1 7780.43392
26.7000 1 5735.71072
26.8000 1 5599.39584
26.9000 1 5567.93856
27.0000 1 7623.14752
27.1000 1 5756.68224
27.2000 1 5557.4528
27.3000 1 5966.39744
27.4000 1 7392.4608
27.5000 1 5714.7392
27.6000 1 5798.62528
27.7000 1 6239.0272
27.8000 1 7088.37376
27.9000 1 5767.168
28.0000 1 5557.4528
28.1000 1 6647.97184
28.2000 1 6427.77088
28.3000 1 5431.62368
28.4000 1 5609.8816
28.5000 1 7717.51936
28.6000 1 5704.25344
28.7000 1 5442.10944
28.8000 1 5567.93856
28.9000 1 7518.28992
29.0000 1 5599.39584
29.1000 1 5683.28192
29.2000 1 6301.94176
29.3000 1 7004.48768
29.4000 1 5683.28192
29.5000 1 5525.99552
29.6000 1 6899.63008
29.7000 1 6480.19968
29.8000 1 5609.8816
29.9000 1 5609.8816
30.0000 1 7350.51776
30.1000 1 6008.34048
30.2000 1 5662.3104
30.3000 1 5578.42432
30.4000 1 7665.09056
30.5000 1 5641.33888
30.6000 1 5620.36736
30.7000 1 5683.28192
30.8000 1 7633.63328
30.9000 1 5662.3104
31.0000 1 5557.4528
31.1000 1 3711.95904
31.2000 1 3638.55872
31.3000 1 5913.96864
31.4000 1 8178.8928
31.5000 1 8818.52416
31.6000 1 5609.8816
31.7000 1 5735.71072
31.8000 1 6543.11424
31.9000 1 6889.14432
32.0000 1 5746.19648
32.1000 1 5704.25344
32.2000 1 6710.8864
32.3000 1 6815.744
32.4000 1 5746.19648
32.5000 1 5567.93856
32.6000 1 6920.6016
32.7000 1 6637.48608
32.8000 1 5630.85312
32.9000 1 5599.39584
33.0000 1 7329.54624
33.1000 1 6134.1696
33.2000 1 5567.93856
33.3000 1 5599.39584
33.4000 1 7665.09056
33.5000 1 5588.91008
33.6000 1 5546.96704
33.7000 1 5704.25344
33.8000 1 7780.43392
33.9000 1 5536.48128
34.0000 1 5578.42432
34.1000 1 6270.48448
34.2000 1 7025.4592
34.3000 1 5494.53824
34.4000 1 5641.33888
34.5000 1 6931.08736
34.6000 1 6280.97024
34.7000 1 4309.64736
34.8000 1 7151.28832
34.9000 1 7402.94656
35.0000 1 5882.51136
35.1000 1 5672.79616
35.2000 1 5599.39584
35.3000 1 7623.14752
35.4000 1 5735.71072
35.5000 1 5861.53984
35.6000 1 5798.62528
35.7000 1 7486.83264
35.8000 1 5620.36736
35.9000 1 5546.96704
36.0000 1 6123.68384
36.1000 1 7298.08896
36.2000 1 5620.36736
36.3000 1 5484.05248
36.4000 1 6794.77248
36.5000 1 6616.51456
36.6000 1 5578.42432
36.7000 1 5588.91008
36.8000 1 7298.08896
36.9000 1 6039.79776
37.0000 1 5809.11104
37.1000 1 5620.36736
37.2000 1 7665.09056
37.3000 1 5704.25344
37.4000 1 5620.36736
37.5000 1 5662.3104
37.6000 1 7623.14752
37.7000 1 5599.39584
37.8000 1 5777.65376
37.9000 1 5903.48288
38.0000 1 7434.40384
38.1000 1 5599.39584
38.2000 1 5567.93856
38.3000 1 6438.25664
38.4000 1 6878.65856
38.5000 1 5672.79616
38.6000 1 5756.68224
38.7000 1 6794.77248
38.8000 1 6627.00032
38.9000 1 5578.42432
39.0000 1 5777.65376
39.1000 1 7235.1744
39.2000 1 6081.7408
39.3000 1 5578.42432
39.4000 1 5651.82464
39.5000 1 7465.86112
39.6000 1 5546.96704
39.7000 1 5505.024
39.8000 1 6050.28352
39.9000 1 7098.85952
40.0000 1 5651.82464
40.1000 1 5546.96704
40.2000 1 6847.20128
40.3000 1 6427.77088
40.4000 1 5641.33888
40.5000 1 5525.99552
40.6000 1 7518.28992
40.7000 1 5767.168
40.8000 1 5767.168
40.9000 1 5609.8816
41.0000 1 7780.43392
41.1000 1 5662.3104
41.2000 1 5473.56672
41.3000 1 2107.63776
41.4000 1 5179.96544
41.5000 1 9112.12544
41.6000 1 7654.6048
41.7000 1 6868.1728
41.8000 1 6679.42912
41.9000 1 5767.168
42.0000 1 5630.85312
42.1000 1 7077.888
42.2000 1 6165.62688
42.3000 1 5651.82464
42.4000 1 5714.7392
42.5000 1 7602.176
42.6000 1 5620.36736
42.7000 1 5609.8816
42.8000 1 5578.42432
42.9000 1 7748.97664
43.0000 1 5777.65376
43.1000 1 5809.11104
43.2000 1 5693.76768
43.3000 1 7728.00512
43.4000 1 5746.19648
43.5000 1 5662.3104
43.6000 1 5966.39744
43.7000 1 7340.032
43.8000 1 5641.33888
43.9000 1 5620.36736
44.0000 1 6543.11424
44.1000 1 7098.85952
44.2000 1 5546.96704
44.3000 1 5442.10944
44.4000 1 7046.43072
44.5000 1 6385.82784
44.6000 1 5651.82464
44.7000 1 5588.91008
44.8000 1 7497.3184
44.9000 1 5735.71072
45.0000 1 5725.22496
45.1000 1 5641.33888
45.2000 1 7633.63328
45.3000 1 5683.28192
45.4000 1 5662.3104
45.5000 1 5777.65376
45.6000 1 7696.54784
45.7000 1 5505.024
45.8000 1 5714.7392
45.9000 1 6270.48448
46.0000 1 6994.00192
46.1000 1 5463.08096
46.2000 1 5515.50976
46.3000 1 7151.28832
46.4000 1 6280.97024
46.5000 1 5725.22496
46.6000 1 5735.71072
46.7000 1 7319.06048
46.8000 1 5809.11104
46.9000 1 5463.08096
47.0000 1 5651.82464
47.1000 1 7665.09056
47.2000 1 5379.19488
47.3000 1 5525.99552
47.4000 1 6375.34208
47.5000 1 6983.51616
47.6000 1 5567.93856
47.7000 1 5609.8816
47.8000 1 7004.48768
47.9000 1 6322.91328
48.0000 1 5609.8816
48.1000 1 5704.25344
48.2000 1 7455.37536
48.3000 1 5662.3104
48.4000 1 5567.93856
48.5000 1 5620.36736
48.6000 1 7633.63328
48.7000 1 5620.36736
48.8000 1 5567.93856
48.9000 1 6165.62688
49.0000 1 7119.83104
49.1000 1 5809.11104
49.2000 1 5683.28192
49.3000 1 6448.7424
49.4000 1 6805.25824
49.5000 1 5494.53824
49.6000 1 5494.53824
49.7000 1 7329.54624
49.8000 1 5934.94016
49.9000 1 5662.3104
50.0000 1 5599.39584
50.1000 1 7696.54784
50.2000 1 5389.68064
50.3000 1 5347.7376
50.4000 1 6322.91328
50.5000 1 6889.14432
50.6000 1 5630.85312
50.7000 1 5672.79616
50.8000 1 6952.05888
50.9000 1 6155.14112
51.0000 1 5630.85312
51.1000 1 5693.76768
51.2000 1 7455.37536
51.3000 1 5295.3088
51.4000 1 4487.90528
51.5000 1 2023.75168
51.6000 1 6973.0304
51.7000 1 8472.49408
51.8000 1 6994.00192
51.9000 1 7790.91968
52.0000 1 5798.62528
52.1000 1 5798.62528
52.2000 1 5620.36736
52.3000 1 7769.94816
52.4000 1 5651.82464
52.5000 1 5630.85312
52.6000 1 5809.11104
52.7000 1 7790.91968
52.8000 1 5567.93856
52.9000 1 5693.76768
53.0000 1 5840.56832
53.1000 1 7738.49088
53.2000 1 5609.8816
53.3000 1 5788.13952
53.4000 1 5945.42592
53.5000 1 7602.176
53.6000 1 5704.25344
53.7000 1 5861.53984
53.8000 1 6008.34048
53.9000 1 7623.14752
54.0000 1 5651.82464
54.1000 1 5693.76768
54.2000 1 6155.14112
54.3000 1 7801.40544
54.4000 1 5651.82464
54.5000 1 5725.22496
54.6000 1 5735.71072
54.7000 1 7602.176
54.8000 1 5536.48128
54.9000 1 5756.68224
55.0000 1 6280.97024
55.1000 1 7140.80256
55.2000 1 5525.99552
55.3000 1 5609.8816
55.4000 1 6868.1728
55.5000 1 6448.7424
55.6000 1 5693.76768
55.7000 1 5704.25344
55.8000 1 7266.63168
55.9000 1 5966.39744
56.0000 1 5505.024
56.1000 1 5630.85312
56.2000 1 7633.63328
56.3000 1 5651.82464
56.4000 1 5578.42432
56.5000 1 5913.96864
56.6000 1 7119.83104
56.7000 1 5546.96704
56.8000 1 5588.91008
56.9000 1 6878.65856
57.0000 1 6647.97184
57.1000 1 5746.19648
57.2000 1 5536.48128
57.3000 1 7182.7456
57.4000 1 6375.34208
57.5000 1 5683.28192
57.6000 1 5641.33888
57.7000 1 7455.37536
57.8000 1 5892.99712
57.9000 1 5578.42432
58.0000 1 5452.5952
58.1000 1 7633.63328
58.2000 1 5599.39584
58.3000 1 5557.4528
58.4000 1 6197.08416
58.5000 1 6910.11584
58.6000 1 5683.28192
58.7000 1 5609.8816
58.8000 1 6941.57312
58.9000 1 6270.48448
59.0000 1 5599.39584
59.1000 1 5505.024
59.2000 1 7308.57472
59.3000 1 5620.36736
59.4000 1 5620.36736
59.5000 1 5851.05408
59.6000 1 7319.06048
59.7000 1 5505.024
59.8000 1 5578.42432
59.9000 1 6805.25824
60.0000 1 6427.77088
60.1000 1 5588.91008
60.2000 1 5347.7376
60.3000 1 7581.20448
60.4000 1 5630.85312
60.5000 1 5630.85312
60.6000 1 5578.42432
60.7000 1 7612.66176
60.8000 1 5672.79616
60.9000 1 5609.8816
61.0000 1 6197.08416
61.1000 1 6805.25824
61.2000 1 5505.024
61.3000 1 5567.93856
61.4000 1 7308.57472
61.5000 1 5830.08256
61.6000 1 3470.78656
61.7000 1 2359.296
61.8000 1 8776.58112
61.9000 1 8032.09216
62.0000 1 6113.19808
62.1000 1 7287.6032
62.2000 1 5851.05408
62.3000 1 5662.3104
62.4000 1 5746.19648
62.5000 1 2810.18368
62.6000 1 7465.86112
62.7000 1 7182.7456
62.8000 1 7067.40224
62.9000 1 6878.65856
63.0000 1 5651.82464
63.1000 1 5746.19648
63.2000 1 6910.11584
63.3000 1 6564.08576
63.4000 1 5651.82464
63.5000 1 5672.79616
63.6000 1 7182.7456
63.7000 1 6039.79776
63.8000 1 5578.42432
63.9000 1 5620.36736
64.0000 1 7748.97664
64.1000 1 5578.42432
64.2000 1 6039.79776
64.3000 1 5641.33888
64.4000 1 5599.39584
64.5000 1 7644.11904
64.6000 1 5714.7392
64.7000 1 5536.48128
64.8000 1 5735.71072
64.9000 1 7591.69024
65.0000 1 5767.168
65.1000 1 5557.4528
65.2000 1 6259.99872
65.3000 1 6826.22976
65.4000 1 5567.93856
65.5000 1 5714.7392
65.6000 1 7014.97344
65.7000 1 796.91776
65.8000 1 7392.4608
65.9000 1 7654.6048
66.0000 1 8849.98144
66.1000 1 5546.96704
66.2000 1 5641.33888
66.3000 1 5976.8832
66.4000 1 7340.032
66.5000 1 5578.42432
66.6000 1 5662.3104
66.7000 1 6585.05728
66.8000 1 6994.00192
66.9000 1 5620.36736
67.0000 1 5704.25344
67.1000 1 6784.28672
67.2000 1 6585.05728
67.3000 1 5641.33888
67.4000 1 5704.25344
67.5000 1 7203.71712
67.6000 1 3198.1568
