0.1000 1 0.0
0.2000 1 7528.77568
0.3000 1 6490.68544
0.4000 1 6280.97024
0.5000 1 6144.65536
0.6000 1 7277.11744
0.7000 1 7486.83264
0.8000 1 6301.94176
0.9000 1 6291.456
1.0000 1 5347.7376
1.1000 1 8420.06528
1.2000 1 6228.54144
1.3000 1 6218.05568
1.4000 1 6144.65536
1.5000 1 6543.11424
1.6000 1 8388.608
1.7000 1 8336.1792
1.8000 1 73.40032
1.9000 1 9279.8976
2.0000 1 6071.25504
2.1000 1 6165.62688
2.2000 1 6249.51296
2.3000 1 7319.06048
2.4000 1 7465.86112
2.5000 1 6270.48448
2.6000 1 6102.71232
2.7000 1 6249.51296
2.8000 1 7361.00352
2.9000 1 7245.66016
3.0000 1 6134.1696
3.1000 1 6207.56992
3.2000 1 6312.42752
3.3000 1 7518.28992
3.4000 1 7371.48928
3.5000 1 6197.08416
3.6000 1 6291.456
3.7000 1 6228.54144
3.8000 1 7455.37536
3.9000 1 7361.00352
4.0000 1 6228.54144
4.1000 1 6123.68384
4.2000 1 6134.1696
4.3000 1 7696.54784
4.4000 1 7025.4592
4.5000 1 6092.22656
4.6000 1 5966.39744
4.7000 1 6029.312
4.8000 1 8304.72192
4.9000 1 6165.62688
5.0000 1 6291.456
5.1000 1 6312.42752
5.2000 1 6165.62688
5.3000 1 6197.08416
5.4000 1 7969.1776
5.5000 1 6480.19968
5.6000 1 5966.39744
5.7000 1 6197.08416
5.8000 1 6448.7424
5.9000 1 8189.37856
6.0000 1 6312.42752
6.1000 1 6207.56992
6.2000 1 5913.96864
6.3000 1 6742.34368
6.4000 1 8367.63648
6.5000 1 6280.97024
6.6000 1 6239.0272
6.7000 1 6270.48448
6.8000 1 6396.3136
6.9000 1 8304.72192
7.0000 1 6207.56992
7.1000 1 6186.5984
7.2000 1 6092.22656
7.3000 1 6616.51456
7.4000 1 8000.63488
7.5000 1 6008.34048
7.6000 1 6176.11264
7.7000 1 6291.456
7.8000 1 7004.48768
7.9000 1 7644.11904
8.0000 1 6123.68384
8.1000 1 6322.91328
8.2000 1 6280.97024
8.3000 1 7151.28832
8.4000 1 7371.48928
8.5000 1 6123.68384
8.6000 1 6029.312
8.7000 1 6291.456
8.8000 1 7675.57632
8.9000 1 6931.08736
9.0000 1 6207.56992
9.1000 1 6270.48448
9.2000 1 6249.51296
9.3000 1 7864.32
9.4000 1 6826.22976
9.5000 1 6155.14112
9.6000 1 6113.19808
9.7000 1 6165.62688
9.8000 1 8199.86432
9.9000 1 6270.48448
10.0000 1 3890.21696
10.1000 1 4424.99072
10.2000 1 7864.32
10.3000 1 6448.7424
10.4000 1 6155.14112
10.5000 1 6710.8864
10.6000 1 8000.63488
10.7000 1 6134.1696
10.8000 1 6008.34048
10.9000 1 6259.99872
11.0000 1 7046.43072
11.1000 1 8252.29312
11.2000 1 6291.456
11.3000 1 6249.51296
11.4000 1 6197.08416
11.5000 1 6480.19968
11.6000 1 8346.66496
11.7000 1 6291.456
11.8000 1 6102.71232
11.9000 1 6113.19808
12.0000 1 6595.54304
12.1000 1 7759.4624
12.2000 1 6239.0272
12.3000 1 6280.97024
12.4000 1 6322.91328
12.5000 1 6805.25824
12.6000 1 7748.97664
12.7000 1 6343.8848
12.8000 1 6176.11264
12.9000 1 6218.05568
13.0000 1 7004.48768
13.1000 1 7591.69024
13.2000 1 6092.22656
13.3000 1 6113.19808
13.4000 1 6081.7408
13.5000 1 7549.7472
13.6000 1 7004.48768
13.7000 1 6218.05568
13.8000 1 6249.51296
13.9000 1 6134.1696
14.0000 1 7340.032
14.1000 1 5788.13952
14.2000 1 5672.79616
14.3000 1 5882.51136
14.4000 1 6113.19808
14.5000 1 7560.23296
14.6000 1 5714.7392
14.7000 1 5714.7392
14.8000 1 6165.62688
14.9000 1 8053.06368
15.0000 1 5767.168
15.1000 1 5316.28032
15.2000 1 6092.22656
15.3000 1 7675.57632
15.4000 1 5505.024
15.5000 1 5337.25184
15.6000 1 6427.77088
15.7000 1 6385.82784
15.8000 1 5546.96704
15.9000 1 5442.10944
16.0000 1 7507.80416
16.1000 1 5515.50976
16.2000 1 5651.82464
16.3000 1 5830.08256
16.4000 1 7728.00512
16.5000 1 5651.82464
16.6000 1 5735.71072
16.7000 1 6071.25504
16.8000 1 7811.8912
16.9000 1 6239.0272
17.0000 1 5525.99552
17.1000 1 5620.36736
17.2000 1 7696.54784
17.3000 1 5641.33888
17.4000 1 5683.28192
17.5000 1 6176.11264
17.6000 1 7560.23296
17.7000 1 5452.5952
17.8000 1 5389.68064
17.9000 1 6480.19968
18.0000 1 7182.7456
18.1000 1 5641.33888
18.2000 1 5536.48128
18.3000 1 6679.42912
18.4000 1 7245.66016
18.5000 1 6081.7408
18.6000 1 5882.51136
18.7000 1 5913.96864
18.8000 1 7518.28992
18.9000 1 5484.05248
19.0000 1 5599.39584
19.1000 1 6469.71392
19.2000 1 7182.7456
19.3000 1 5924.4544
19.4000 1 6752.82944
19.5000 1 7402.94656
19.6000 1 8115.97824
19.7000 1 5924.4544
19.8000 1 5955.91168
19.9000 1 5997.85472
20.0000 1 7528.77568
20.1000 1 7182.7456
20.2000 1 3596.61568
20.3000 1 4519.36256
20.4000 1 9709.81376
20.5000 1 6081.7408
20.6000 1 6092.22656
20.7000 1 6176.11264
20.8000 1 6878.65856
20.9000 1 7990.14912
21.0000 1 6280.97024
21.1000 1 6102.71232
21.2000 1 6249.51296
21.3000 1 6847.20128
21.4000 1 7906.26304
21.5000 1 6270.48448
21.6000 1 6218.05568
21.7000 1 6186.5984
21.8000 1 6836.71552
21.9000 1 7832.86272
22.0000 1 6165.62688
22.1000 1 6249.51296
22.2000 1 6155.14112
22.3000 1 7046.43072
22.4000 1 7518.28992
22.5000 1 6176.11264
22.6000 1 6301.94176
22.7000 1 6176.11264
22.8000 1 7371.48928
22.9000 1 7340.032
23.0000 1 6301.94176
23.1000 1 6333.39904
23.2000 1 6207.56992
23.3000 1 7308.57472
23.4000 1 7329.54624
23.5000 1 6165.62688
23.6000 1 6396.3136
23.7000 1 6270.48448
23.8000 1 7245.66016
23.9000 1 7413.43232
24.0000 1 6081.7408
24.1000 1 5966.39744
24.2000 1 6186.5984
24.3000 1 7916.7488
24.4000 1 6668.94336
24.5000 1 6301.94176
24.6000 1 5872.0256
24.7000 1 6259.99872
24.8000 1 7256.14592
24.9000 1 5861.53984
25.0000 1 6081.7408
25.1000 1 6259.99872
25.2000 1 8074.0352
25.3000 1 6553.6
25.4000 1 4812.96384
25.5000 1 6186.5984
25.6000 1 7549.7472
25.7000 1 7182.7456
25.8000 1 6197.08416
25.9000 1 6123.68384
26.0000 1 6186.5984
26.1000 1 7801.40544
26.2000 1 7025.4592
26.3000 1 6008.34048
26.4000 1 6794.77248
26.5000 1 6123.68384
26.6000 1 7623.14752
26.7000 1 6931.08736
26.8000 1 6186.5984
26.9000 1 6155.14112
27.0000 1 6144.65536
27.1000 1 8021.6064
27.2000 1 6501.1712
27.3000 1 6207.56992
27.4000 1 6039.79776
27.5000 1 6396.3136
27.6000 1 7623.14752
27.7000 1 5903.48288
27.8000 1 6469.71392
27.9000 1 6029.312
28.0000 1 7476.34688
28.1000 1 7077.888
28.2000 1 6165.62688
28.3000 1 6081.7408
28.4000 1 6144.65536
28.5000 1 7958.69184
28.6000 1 6710.8864
28.7000 1 5997.85472
28.8000 1 6144.65536
28.9000 1 6333.39904
29.0000 1 8157.92128
29.1000 1 6385.82784
29.2000 1 6249.51296
29.3000 1 6092.22656
29.4000 1 6595.54304
29.5000 1 7906.26304
29.6000 1 6071.25504
29.7000 1 6301.94176
29.8000 1 6239.0272
29.9000 1 7014.97344
30.0000 1 7507.80416
30.1000 1 3051.35616
30.2000 1 6102.71232
30.3000 1 178.25792
30.4000 1 1289.74848
30.5000 1 4823.4496
30.6000 1 12331.25376
30.7000 1 6165.62688
30.8000 1 6239.0272
30.9000 1 6427.77088
31.0000 1 6606.0288
31.1000 1 8388.608
31.2000 1 6375.34208
31.3000 1 6280.97024
31.4000 1 6406.79936
31.5000 1 4624.22016
31.6000 1 83.88608
31.7000 1 492.83072
31.8000 1 8262.77888
31.9000 1 9342.81216
32.0000 1 6910.11584
32.1000 1 6197.08416
32.2000 1 6375.34208
32.3000 1 6385.82784
32.4000 1 7623.14752
32.5000 1 7371.48928
32.6000 1 6354.37056
32.7000 1 6490.68544
32.8000 1 6385.82784
32.9000 1 6847.20128
33.0000 1 8032.09216
33.1000 1 5872.0256
33.2000 1 8294.23616
33.3000 1 5106.56512
33.4000 1 3156.21376
33.5000 1 11051.99104
33.6000 1 6448.7424
33.7000 1 6385.82784
33.8000 1 6396.3136
33.9000 1 6343.8848
34.0000 1 8420.06528
34.1000 1 6752.82944
34.2000 1 6322.91328
34.3000 1 6354.37056
34.4000 1 6239.0272
34.5000 1 7790.91968
34.6000 1 6941.57312
34.7000 1 6301.94176
34.8000 1 6270.48448
34.9000 1 6218.05568
35.0000 1 7780.43392
35.1000 1 7056.91648
35.2000 1 6375.34208
35.3000 1 6333.39904
35.4000 1 6375.34208
35.5000 1 7235.1744
35.6000 1 7518.28992
35.7000 1 6280.97024
35.8000 1 6280.97024
35.9000 1 6176.11264
36.0000 1 7203.71712
36.1000 1 7633.63328
36.2000 1 6207.56992
36.3000 1 6343.8848
36.4000 1 6008.34048
36.5000 1 7245.66016
36.6000 1 7591.69024
36.7000 1 6375.34208
36.8000 1 6385.82784
36.9000 1 6322.91328
37.0000 1 6773.80096
37.1000 1 8042.57792
37.2000 1 6301.94176
37.3000 1 6092.22656
37.4000 1 6239.0272
37.5000 1 6857.68704
37.6000 1 7822.37696
37.7000 1 6291.456
37.8000 1 6354.37056
37.9000 1 6354.37056
38.0000 1 6668.94336
38.1000 1 8136.94976
38.2000 1 6375.34208
38.3000 1 6155.14112
38.4000 1 6322.91328
38.5000 1 6501.1712
38.6000 1 8168.40704
38.7000 1 6270.48448
38.8000 1 6176.11264
38.9000 1 6270.48448
39.0000 1 6564.08576
39.1000 1 8273.26464
39.2000 1 6197.08416
39.3000 1 6239.0272
39.4000 1 6018.82624
39.5000 1 6752.82944
39.6000 1 8168.40704
39.7000 1 6270.48448
39.8000 1 6186.5984
39.9000 1 6113.19808
40.0000 1 6742.34368
40.1000 1 7916.7488
40.2000 1 6113.19808
40.3000 1 4634.70592
40.4000 1 6459.22816
40.5000 1 5064.62208
40.6000 1 3649.04448
40.7000 1 5620.36736
40.8000 1 10789.84704
40.9000 1 5882.51136
41.0000 1 5725.22496
41.1000 1 5924.4544
41.2000 1 7549.7472
41.3000 1 6333.39904
41.4000 1 5840.56832
41.5000 1 5903.48288
41.6000 1 7056.91648
41.7000 1 7256.14592
41.8000 1 6197.08416
41.9000 1 6144.65536
42.0000 1 6218.05568
42.1000 1 7675.57632
42.2000 1 6952.05888
42.3000 1 6322.91328
42.4000 1 6239.0272
42.5000 1 6270.48448
42.6000 1 7675.57632
42.7000 1 7130.3168
42.8000 1 6259.99872
42.9000 1 6176.11264
43.0000 1 6270.48448
43.1000 1 7581.20448
43.2000 1 7235.1744
43.3000 1 6113.19808
43.4000 1 6291.456
43.5000 1 6322.91328
43.6000 1 7570.71872
43.7000 1 7444.8896
43.8000 1 6406.79936
43.9000 1 6239.0272
44.0000 1 6280.97024
44.1000 1 7109.34528
44.2000 1 7612.66176
44.3000 1 6239.0272
44.4000 1 6186.5984
44.5000 1 6406.79936
44.6000 1 6931.08736
44.7000 1 7885.29152
44.8000 1 6197.08416
44.9000 1 6155.14112
45.0000 1 6427.77088
45.1000 1 6868.1728
45.2000 1 8084.52096
45.3000 1 6218.05568
45.4000 1 6364.85632
45.5000 1 6364.85632
45.6000 1 6427.77088
45.7000 1 8357.15072
45.8000 1 6270.48448
45.9000 1 6155.14112
46.0000 1 6218.05568
46.1000 1 6459.22816
46.2000 1 8346.66496
46.3000 1 6322.91328
46.4000 1 6375.34208
46.5000 1 6396.3136
46.6000 1 6102.71232
46.7000 1 8315.20768
46.8000 1 6364.85632
46.9000 1 6144.65536
47.0000 1 6071.25504
47.1000 1 6511.65696
47.2000 1 8346.66496
47.3000 1 6375.34208
47.4000 1 6018.82624
47.5000 1 6102.71232
47.6000 1 6721.37216
47.7000 1 8126.464
47.8000 1 6228.54144
47.9000 1 6375.34208
48.0000 1 6354.37056
48.1000 1 6406.79936
48.2000 1 8367.63648
48.3000 1 6155.14112
48.4000 1 6239.0272
48.5000 1 6081.7408
48.6000 1 6658.4576
48.7000 1 8241.80736
48.8000 1 6259.99872
48.9000 1 6102.71232
49.0000 1 6060.76928
49.1000 1 6784.28672
49.2000 1 7864.32
49.3000 1 6197.08416
49.4000 1 6081.7408
49.5000 1 6207.56992
49.6000 1 7193.23136
49.7000 1 7675.57632
49.8000 1 6322.91328
49.9000 1 6155.14112
50.0000 1 6312.42752
50.1000 1 7014.97344
50.2000 1 7539.26144
50.3000 1 6123.68384
50.4000 1 6249.51296
50.5000 1 6228.54144
50.6000 1 7423.91808
50.7000 1 2726.2976
50.8000 1 4078.96064
50.9000 1 8000.63488
51.0000 1 9615.44192
51.1000 1 6176.11264
51.2000 1 6134.1696
51.3000 1 6123.68384
51.4000 1 7350.51776
51.5000 1 7560.23296
51.6000 1 6301.94176
51.7000 1 6228.54144
51.8000 1 6438.25664
51.9000 1 6931.08736
52.0000 1 8000.63488
52.1000 1 6165.62688
52.2000 1 6249.51296
52.3000 1 6165.62688
52.4000 1 6847.20128
52.5000 1 8053.06368
52.6000 1 6417.28512
52.7000 1 6270.48448
52.8000 1 6259.99872
52.9000 1 6574.57152
53.0000 1 8325.69344
53.1000 1 6249.51296
53.2000 1 6270.48448
53.3000 1 6239.0272
53.4000 1 6427.77088
53.5000 1 8378.12224
53.6000 1 6710.8864
53.7000 1 6312.42752
53.8000 1 6375.34208
53.9000 1 6186.5984
54.0000 1 7937.72032
54.1000 1 6931.08736
54.2000 1 6165.62688
54.3000 1 6301.94176
54.4000 1 6249.51296
54.5000 1 7916.7488
54.6000 1 6794.77248
54.7000 1 6228.54144
54.8000 1 6343.8848
54.9000 1 6270.48448
55.0000 1 7780.43392
55.1000 1 7088.37376
55.2000 1 5421.13792
55.3000 1 4299.1616
55.4000 1 8954.83904
55.5000 1 7780.43392
55.6000 1 7035.94496
55.7000 1 6186.5984
55.8000 1 6270.48448
55.9000 1 6312.42752
56.0000 1 7738.49088
56.1000 1 7035.94496
56.2000 1 6322.91328
56.3000 1 7434.40384
56.4000 1 6291.456
56.5000 1 6448.7424
56.6000 1 8409.57952
56.7000 1 6050.28352
56.8000 1 5798.62528
56.9000 1 11995.70944
57.0000 1 2044.7232
57.1000 1 859.83232
57.2000 1 5505.024
57.3000 1 9604.95616
57.4000 1 7602.176
57.5000 1 6228.54144
57.6000 1 6207.56992
57.7000 1 6291.456
57.8000 1 7266.63168
57.9000 1 7319.06048
58.0000 1 6050.28352
58.1000 1 6008.34048
58.2000 1 6784.28672
58.3000 1 7361.00352
58.4000 1 7140.80256
58.5000 1 5997.85472
58.6000 1 5934.94016
58.7000 1 6721.37216
58.8000 1 7675.57632
58.9000 1 7277.11744
59.0000 1 6354.37056
59.1000 1 6039.79776
59.2000 1 5096.07936
59.3000 1 8692.69504
59.4000 1 6637.48608
59.5000 1 6259.99872
59.6000 1 6249.51296
59.7000 1 6060.76928
59.8000 1 4645.19168
59.9000 1 0.0
60.0000 1 7245.66016
60.1000 1 8294.23616
60.2000 1 6511.65696
60.3000 1 6794.77248
60.4000 1 7371.48928
60.5000 1 6155.14112
60.6000 1 6375.34208
60.7000 1 6354.37056
60.8000 1 3292.52864
60.9000 1 4708.10624
61.0000 1 4750.04928
61.1000 1 7277.11744
61.2000 1 9521.07008
61.3000 1 7130.3168
61.4000 1 6364.85632
61.5000 1 6375.34208
61.6000 1 8178.8928
61.7000 1 6637.48608
61.8000 1 6249.51296
61.9000 1 6406.79936
62.0000 1 6239.0272
62.1000 1 7885.29152
62.2000 1 6941.57312
62.3000 1 6259.99872
62.4000 1 6280.97024
62.5000 1 6113.19808
62.6000 1 8000.63488
62.7000 1 6962.54464
62.8000 1 6207.56992
62.9000 1 6259.99872
63.0000 1 6239.0272
63.1000 1 7780.43392
63.2000 1 7151.28832
63.3000 1 6060.76928
63.4000 1 6280.97024
63.5000 1 6385.82784
63.6000 1 3229.61408
