0.1000 1 0.0
0.2000 1 6668.94336
0.3000 1 5693.76768
0.4000 1 5746.19648
0.5000 1 7518.28992
0.6000 1 5997.85472
0.7000 1 5746.19648
0.8000 1 5735.71072
0.9000 1 7644.11904
1.0000 1 5955.91168
1.1000 1 5672.79616
1.2000 1 5683.28192
1.3000 1 7801.40544
1.4000 1 5819.5968
1.5000 1 5609.8816
1.6000 1 6469.71392
1.7000 1 7245.66016
1.8000 1 6291.456
1.9000 1 5536.48128
2.0000 1 5725.22496
2.1000 1 7570.71872
2.2000 1 6123.68384
2.3000 1 5809.11104
2.4000 1 5599.39584
2.5000 1 7549.7472
2.6000 1 5861.53984
2.7000 1 5546.96704
2.8000 1 5630.85312
2.9000 1 7832.86272
3.0000 1 5672.79616
3.1000 1 5746.19648
3.2000 1 5777.65376
3.3000 1 7686.06208
3.4000 1 5609.8816
3.5000 1 5662.3104
3.6000 1 5913.96864
3.7000 1 7549.7472
3.8000 1 5452.5952
3.9000 1 5735.71072
4.0000 1 6375.34208
4.1000 1 6731.85792
4.2000 1 5641.33888
4.3000 1 5536.48128
4.4000 1 7161.77408
4.5000 1 6364.85632
4.6000 1 5567.93856
4.7000 1 5620.36736
4.8000 1 7539.26144
4.9000 1 6018.82624
5.0000 1 5683.28192
5.1000 1 5641.33888
5.2000 1 7790.91968
5.3000 1 5746.19648
5.4000 1 5546.96704
5.5000 1 5641.33888
5.6000 1 7696.54784
5.7000 1 5494.53824
5.8000 1 5567.93856
5.9000 1 6092.22656
6.0000 1 7434.40384
6.1000 1 5693.76768
6.2000 1 5630.85312
6.3000 1 6375.34208
6.4000 1 7193.23136
6.5000 1 5620.36736
6.6000 1 5599.39584
6.7000 1 6668.94336
6.8000 1 6773.80096
6.9000 1 5641.33888
7.0000 1 5704.25344
7.1000 1 6962.54464
7.2000 1 6606.0288
7.3000 1 5693.76768
7.4000 1 5557.4528
7.5000 1 7235.1744
7.6000 1 6616.51456
7.7000 1 5746.19648
7.8000 1 5442.10944
7.9000 1 7287.6032
8.0000 1 5525.99552
8.1000 1 5410.65216
8.2000 1 5840.56832
8.3000 1 7340.032
8.4000 1 5588.91008
8.5000 1 5494.53824
8.6000 1 6742.34368
8.7000 1 6689.91488
8.8000 1 5693.76768
8.9000 1 5704.25344
9.0000 1 6994.00192
9.1000 1 6658.4576
9.2000 1 5777.65376
9.3000 1 5777.65376
9.4000 1 6973.0304
9.5000 1 6511.65696
9.6000 1 5809.11104
9.7000 1 5714.7392
9.8000 1 7119.83104
9.9000 1 6207.56992
10.0000 1 5725.22496
10.1000 1 5756.68224
10.2000 1 7413.43232
10.3000 1 6039.79776
10.4000 1 5725.22496
10.5000 1 5788.13952
10.6000 1 7602.176
10.7000 1 5788.13952
10.8000 1 5452.5952
10.9000 1 5651.82464
11.0000 1 7822.37696
11.1000 1 5588.91008
11.2000 1 5735.71072
11.3000 1 5777.65376
11.4000 1 7853.83424
11.5000 1 5756.68224
11.6000 1 5599.39584
11.7000 1 5851.05408
11.8000 1 7308.57472
11.9000 1 5609.8816
12.0000 1 5704.25344
12.1000 1 6438.25664
12.2000 1 7266.63168
12.3000 1 5903.48288
12.4000 1 5851.05408
12.5000 1 6123.68384
12.6000 1 7392.4608
12.7000 1 5672.79616
12.8000 1 5494.53824
12.9000 1 6501.1712
13.0000 1 6899.63008
13.1000 1 5620.36736
13.2000 1 5641.33888
13.3000 1 6983.51616
13.4000 1 6438.25664
13.5000 1 5809.11104
13.6000 1 5735.71072
13.7000 1 7224.68864
13.8000 1 6050.28352
13.9000 1 5599.39584
14.0000 1 5620.36736
14.1000 1 7581.20448
14.2000 1 5872.0256
14.3000 1 5641.33888
14.4000 1 5714.7392
14.5000 1 7748.97664
14.6000 1 5662.3104
14.7000 1 5746.19648
14.8000 1 5704.25344
14.9000 1 7832.86272
15.0000 1 5620.36736
15.1000 1 5714.7392
15.2000 1 5882.51136
15.3000 1 7560.23296
15.4000 1 5725.22496
15.5000 1 5704.25344
15.6000 1 6029.312
15.7000 1 5148.50816
15.8000 1 3837.78816
15.9000 1 7801.40544
16.0000 1 6973.0304
16.1000 1 5494.53824
16.2000 1 5546.96704
16.3000 1 6752.82944
16.4000 1 6658.4576
16.5000 1 5421.13792
16.6000 1 5693.76768
16.7000 1 7098.85952
16.8000 1 4886.36416
16.9000 1 5442.10944
17.0000 1 6616.51456
17.1000 1 6679.42912
17.2000 1 5683.28192
17.3000 1 5693.76768
17.4000 1 7088.37376
17.5000 1 6364.85632
17.6000 1 1258.2912
17.7000 1 0.0
17.8000 1 5169.47968
17.9000 1 7067.40224
18.0000 1 7864.32
18.1000 1 5641.33888
18.2000 1 5588.91008
18.3000 1 6008.34048
18.4000 1 7539.26144
18.5000 1 5620.36736
18.6000 1 5651.82464
18.7000 1 6280.97024
18.8000 1 5295.3088
18.9000 1 6280.97024
19.0000 1 6731.85792
19.1000 1 6794.77248
19.2000 1 6742.34368
19.3000 1 5620.36736
19.4000 1 5683.28192
19.5000 1 6962.54464
19.6000 1 6658.4576
19.7000 1 5735.71072
19.8000 1 7088.37376
19.9000 1 5725.22496
20.0000 1 7507.80416
20.1000 1 5620.36736
20.2000 1 5714.7392
20.3000 1 6301.94176
20.4000 1 6983.51616
20.5000 1 1342.17728
20.6000 1 8157.92128
20.7000 1 4697.62048
20.8000 1 440.40192
20.9000 1 8441.0368
21.0000 1 6805.25824
21.1000 1 5746.19648
21.2000 1 7497.3184
21.3000 1 5955.91168
21.4000 1 5704.25344
21.5000 1 5651.82464
21.6000 1 7759.4624
21.7000 1 5693.76768
21.8000 1 5809.11104
21.9000 1 5788.13952
22.0000 1 7119.83104
22.1000 1 4152.36096
22.2000 1 7748.97664
22.3000 1 5788.13952
22.4000 1 7738.49088
22.5000 1 5819.5968
22.6000 1 5609.8816
22.7000 1 5861.53984
22.8000 1 7434.40384
22.9000 1 5641.33888
23.0000 1 5683.28192
23.1000 1 6291.456
23.2000 1 6962.54464
23.3000 1 5662.3104
23.4000 1 5693.76768
23.5000 1 6857.68704
23.6000 1 6522.14272
23.7000 1 5536.48128
23.8000 1 5578.42432
23.9000 1 7528.77568
24.0000 1 5620.36736
24.1000 1 5473.56672
24.2000 1 5672.79616
24.3000 1 7098.85952
24.4000 1 5190.4512
24.5000 1 5211.42272
24.6000 1 7182.7456
24.7000 1 5221.90848
24.8000 1 5169.47968
24.9000 1 6731.85792
25.0000 1 5756.68224
25.1000 1 5337.25184
25.2000 1 5683.28192
25.3000 1 6658.4576
25.4000 1 5221.90848
25.5000 1 5242.88
25.6000 1 7088.37376
25.7000 1 5096.07936
25.8000 1 3963.61728
25.9000 1 3858.75968
26.0000 1 7864.32
26.1000 1 7182.7456
26.2000 1 6396.3136
26.3000 1 7088.37376
26.4000 1 5735.71072
26.5000 1 5567.93856
26.6000 1 6752.82944
26.7000 1 6459.22816
26.8000 1 5620.36736
26.9000 1 5546.96704
27.0000 1 7465.86112
27.1000 1 5683.28192
27.2000 1 5505.024
27.3000 1 5536.48128
27.4000 1 7686.06208
27.5000 1 5452.5952
27.6000 1 5704.25344
27.7000 1 6322.91328
27.8000 1 6994.00192
27.9000 1 5630.85312
28.0000 1 5630.85312
28.1000 1 6826.22976
28.2000 1 6270.48448
28.3000 1 5641.33888
28.4000 1 5651.82464
28.5000 1 7602.176
28.6000 1 5672.79616
28.7000 1 5683.28192
28.8000 1 5672.79616
28.9000 1 7738.49088
29.0000 1 5630.85312
29.1000 1 5578.42432
29.2000 1 5872.0256
29.3000 1 7350.51776
29.4000 1 5567.93856
29.5000 1 5578.42432
29.6000 1 6564.08576
29.7000 1 6784.28672
29.8000 1 5693.76768
29.9000 1 5704.25344
30.0000 1 6983.51616
30.1000 1 6301.94176
30.2000 1 5515.50976
30.3000 1 5578.42432
30.4000 1 7654.6048
30.5000 1 5725.22496
30.6000 1 5620.36736
30.7000 1 5515.50976
30.8000 1 7738.49088
30.9000 1 5641.33888
31.0000 1 5672.79616
31.1000 1 6113.19808
31.2000 1 7329.54624
31.3000 1 5525.99552
31.4000 1 5599.39584
31.5000 1 6689.91488
31.6000 1 6700.40064
31.7000 1 5588.91008
31.8000 1 5525.99552
31.9000 1 7245.66016
32.0000 1 6050.28352
32.1000 1 5536.48128
32.2000 1 5672.79616
32.3000 1 7665.09056
32.4000 1 5746.19648
32.5000 1 5641.33888
32.6000 1 5641.33888
32.7000 1 7528.77568
32.8000 1 5505.024
32.9000 1 5672.79616
33.0000 1 6343.8848
33.1000 1 6994.00192
33.2000 1 5777.65376
33.3000 1 5578.42432
33.4000 1 6658.4576
33.5000 1 6312.42752
33.6000 1 5525.99552
33.7000 1 5473.56672
33.8000 1 7707.0336
33.9000 1 5620.36736
34.0000 1 5609.8816
34.1000 1 5630.85312
34.2000 1 7602.176
34.3000 1 5641.33888
34.4000 1 5578.42432
34.5000 1 6249.51296
34.6000 1 7025.4592
34.7000 1 5536.48128
34.8000 1 5672.79616
34.9000 1 6868.1728
35.0000 1 6218.05568
35.1000 1 5735.71072
35.2000 1 5588.91008
35.3000 1 7654.6048
35.4000 1 5672.79616
35.5000 1 5368.70912
35.6000 1 5735.71072
35.7000 1 7329.54624
35.8000 1 5683.28192
35.9000 1 5672.79616
36.0000 1 3093.2992
36.1000 1 5158.99392
36.2000 1 7340.032
36.3000 1 7539.26144
36.4000 1 6364.85632
36.5000 1 5368.70912
36.6000 1 5305.79456
36.7000 1 7067.40224
36.8000 1 5305.79456
36.9000 1 5389.68064
37.0000 1 7119.83104
37.1000 1 5389.68064
37.2000 1 5735.71072
37.3000 1 5746.19648
37.4000 1 7623.14752
37.5000 1 5662.3104
37.6000 1 5620.36736
37.7000 1 6113.19808
37.8000 1 7025.4592
37.9000 1 5651.82464
38.0000 1 5630.85312
38.1000 1 6784.28672
38.2000 1 6501.1712
38.3000 1 5630.85312
38.4000 1 5672.79616
38.5000 1 7308.57472
38.6000 1 5955.91168
38.7000 1 5567.93856
38.8000 1 5714.7392
38.9000 1 7570.71872
39.0000 1 5609.8816
39.1000 1 5735.71072
39.2000 1 5767.168
39.3000 1 7707.0336
39.4000 1 5683.28192
39.5000 1 5662.3104
39.6000 1 6102.71232
39.7000 1 7098.85952
39.8000 1 5494.53824
39.9000 1 5536.48128
40.0000 1 6920.6016
40.1000 1 6165.62688
40.2000 1 5578.42432
40.3000 1 5630.85312
40.4000 1 7644.11904
40.5000 1 5599.39584
40.6000 1 5599.39584
40.7000 1 5683.28192
40.8000 1 7623.14752
40.9000 1 5693.76768
41.0000 1 5599.39584
41.1000 1 6207.56992
41.2000 1 7025.4592
41.3000 1 5651.82464
41.4000 1 5641.33888
41.5000 1 6836.71552
41.6000 1 6291.456
41.7000 1 5620.36736
41.8000 1 5630.85312
41.9000 1 7633.63328
42.0000 1 5620.36736
42.1000 1 5588.91008
42.2000 1 5746.19648
42.3000 1 7717.51936
42.4000 1 5484.05248
42.5000 1 5578.42432
42.6000 1 6102.71232
42.7000 1 7004.48768
42.8000 1 5693.76768
42.9000 1 5567.93856
43.0000 1 6700.40064
43.1000 1 6249.51296
43.2000 1 5567.93856
43.3000 1 5567.93856
43.4000 1 7623.14752
43.5000 1 5609.8816
43.6000 1 5557.4528
43.7000 1 5693.76768
43.8000 1 7423.91808
43.9000 1 5452.5952
44.0000 1 5599.39584
44.1000 1 6637.48608
44.2000 1 6071.25504
44.3000 1 5662.3104
44.4000 1 5588.91008
44.5000 1 7654.6048
44.6000 1 5242.88
44.7000 1 5651.82464
44.8000 1 6050.28352
44.9000 1 7361.00352
45.0000 1 5630.85312
45.1000 1 5735.71072
45.2000 1 6427.77088
45.3000 1 7035.94496
45.4000 1 5630.85312
45.5000 1 5620.36736
45.6000 1 6868.1728
45.7000 1 6501.1712
45.8000 1 5641.33888
45.9000 1 5672.79616
46.0000 1 7298.08896
46.1000 1 5861.53984
46.2000 1 2023.75168
46.3000 1 5379.19488
46.4000 1 9657.38496
46.5000 1 5609.8816
46.6000 1 5557.4528
46.7000 1 7612.66176
46.8000 1 5567.93856
46.9000 1 5599.39584
47.0000 1 5798.62528
47.1000 1 7591.69024
47.2000 1 5557.4528
47.3000 1 5756.68224
47.4000 1 6218.05568
47.5000 1 7130.3168
47.6000 1 5662.3104
47.7000 1 5704.25344
47.8000 1 5955.91168
47.9000 1 7067.40224
48.0000 1 5442.10944
48.1000 1 5473.56672
48.2000 1 6113.19808
48.3000 1 7214.20288
48.4000 1 3649.04448
48.5000 1 5064.62208
48.6000 1 943.7184
48.7000 1 8902.41024
48.8000 1 7235.1744
48.9000 1 5484.05248
49.0000 1 5578.42432
49.1000 1 7109.34528
49.2000 1 6155.14112
49.3000 1 5693.76768
49.4000 1 5620.36736
49.5000 1 7633.63328
49.6000 1 5913.96864
49.7000 1 5588.91008
49.8000 1 5704.25344
49.9000 1 7728.00512
50.0000 1 5714.7392
50.1000 1 5599.39584
50.2000 1 5641.33888
50.3000 1 7560.23296
50.4000 1 5609.8816
50.5000 1 5651.82464
50.6000 1 6301.94176
50.7000 1 6899.63008
50.8000 1 5567.93856
50.9000 1 5609.8816
51.0000 1 7035.94496
51.1000 1 6333.39904
51.2000 1 5672.79616
51.3000 1 5609.8816
51.4000 1 7465.86112
51.5000 1 5536.48128
51.6000 1 5337.25184
51.7000 1 5913.96864
51.8000 1 7381.97504
51.9000 1 5588.91008
52.0000 1 5599.39584
52.1000 1 6606.0288
52.2000 1 6784.28672
52.3000 1 5662.3104
52.4000 1 5620.36736
52.5000 1 7014.97344
52.6000 1 5913.96864
52.7000 1 5588.91008
52.8000 1 5557.4528
52.9000 1 7539.26144
53.0000 1 5484.05248
53.1000 1 5557.4528
53.2000 1 6197.08416
53.3000 1 7119.83104
53.4000 1 5693.76768
53.5000 1 5672.79616
53.6000 1 6689.91488
53.7000 1 6459.22816
53.8000 1 5578.42432
53.9000 1 5358.22336
54.0000 1 7602.176
54.1000 1 5641.33888
54.2000 1 5735.71072
54.3000 1 5525.99552
54.4000 1 7455.37536
54.5000 1 5756.68224
54.6000 1 5588.91008
54.7000 1 6333.39904
54.8000 1 6658.4576
54.9000 1 5494.53824
55.0000 1 5630.85312
55.1000 1 7361.00352
55.2000 1 6039.79776
55.3000 1 5704.25344
55.4000 1 5620.36736
55.5000 1 7696.54784
55.6000 1 5546.96704
55.7000 1 5578.42432
55.8000 1 5693.76768
55.9000 1 7560.23296
56.0000 1 5609.8816
56.1000 1 5683.28192
56.2000 1 6312.42752
56.3000 1 5819.5968
56.4000 1 2747.26912
56.5000 1 4729.07776
56.6000 1 10936.64768
56.7000 1 6113.19808
56.8000 1 6249.51296
56.9000 1 6186.5984
57.0000 1 7371.48928
57.1000 1 5840.56832
57.2000 1 5672.79616
57.3000 1 5620.36736
57.4000 1 7717.51936
57.5000 1 5641.33888
57.6000 1 5672.79616
57.7000 1 5788.13952
57.8000 1 7476.34688
57.9000 1 5546.96704
58.0000 1 5546.96704
58.1000 1 6574.57152
58.2000 1 6794.77248
58.3000 1 5683.28192
58.4000 1 5777.65376
58.5000 1 6847.20128
58.6000 1 6522.14272
58.7000 1 5599.39584
58.8000 1 5662.3104
58.9000 1 7455.37536
59.0000 1 5788.13952
59.1000 1 5557.4528
59.2000 1 5599.39584
59.3000 1 7686.06208
59.4000 1 5672.79616
59.5000 1 5557.4528
59.6000 1 6029.312
59.7000 1 7203.71712
59.8000 1 5777.65376
59.9000 1 5672.79616
60.0000 1 6417.28512
60.1000 1 6805.25824
60.2000 1 5641.33888
60.3000 1 5620.36736
60.4000 1 6994.00192
60.5000 1 6312.42752
60.6000 1 5494.53824
60.7000 1 5567.93856
60.8000 1 7707.0336
60.9000 1 5672.79616
61.0000 1 5599.39584
61.1000 1 5578.42432
61.2000 1 7696.54784
61.3000 1 5746.19648
61.4000 1 5557.4528
61.5000 1 6113.19808
61.6000 1 7067.40224
61.7000 1 5714.7392
61.8000 1 5662.3104
61.9000 1 6721.37216
62.0000 1 6354.37056
62.1000 1 5557.4528
62.2000 1 5557.4528
62.3000 1 7644.11904
62.4000 1 5620.36736
62.5000 1 5630.85312
62.6000 1 5536.48128
62.7000 1 7381.97504
62.8000 1 5630.85312
62.9000 1 5641.33888
63.0000 1 6469.71392
63.1000 1 6396.3136
63.2000 1 5421.13792
63.3000 1 5431.62368
63.4000 1 7434.40384
63.5000 1 5410.65216
63.6000 1 5326.76608
63.7000 1 6448.7424
63.8000 1 6543.11424
63.9000 1 5442.10944
64.0000 1 5368.70912
64.1000 1 7434.40384
64.2000 1 5326.76608
64.3000 1 5389.68064
64.4000 1 6375.34208
64.5000 1 6564.08576
64.6000 1 5442.10944
64.7000 1 5442.10944
64.8000 1 7381.97504
64.9000 1 5400.1664
65.0000 1 5389.68064
65.1000 1 6291.456
65.2000 1 6606.0288
65.3000 1 5442.10944
65.4000 1 5379.19488
65.5000 1 7465.86112
65.6000 1 5274.33728
65.7000 1 5389.68064
65.8000 1 6333.39904
65.9000 1 6511.65696
66.0000 1 5484.05248
66.1000 1 5515.50976
66.2000 1 7465.86112
66.3000 1 5588.91008
66.4000 1 5599.39584
66.5000 1 4582.27712
66.6000 1 4099.93216
66.7000 1 6018.82624
66.8000 1 7832.86272
66.9000 1 6700.40064
67.0000 1 5389.68064
67.1000 1 5389.68064
67.2000 1 7172.25984
67.3000 1 5379.19488
67.4000 1 5316.28032
67.5000 1 6490.68544
67.6000 1 5851.05408
67.7000 1 5295.3088
67.8000 1 5672.79616
67.9000 1 6931.08736
68.0000 1 5358.22336
68.1000 1 5358.22336
68.2000 1 7266.63168
68.3000 1 4928.3072
