0.1000 1 0.0
0.2000 1 7518.28992
0.3000 1 5777.65376
0.4000 1 5746.19648
0.5000 1 6532.62848
0.6000 1 7109.34528
0.7000 1 5798.62528
0.8000 1 5672.79616
0.9000 1 6574.57152
1.0000 1 7675.57632
1.1000 1 6092.22656
1.2000 1 6008.34048
1.3000 1 6155.14112
1.4000 1 7539.26144
1.5000 1 5903.48288
1.6000 1 5515.50976
1.7000 1 5725.22496
1.8000 1 7874.80576
1.9000 1 5578.42432
2.0000 1 5683.28192
2.1000 1 5725.22496
2.2000 1 7759.4624
2.3000 1 5683.28192
2.4000 1 5704.25344
2.5000 1 5746.19648
2.6000 1 7644.11904
2.7000 1 5662.3104
2.8000 1 5872.0256
2.9000 1 5934.94016
3.0000 1 7748.97664
3.1000 1 5683.28192
3.2000 1 5641.33888
3.3000 1 6039.79776
3.4000 1 7298.08896
3.5000 1 5515.50976
3.6000 1 5788.13952
3.7000 1 6564.08576
3.8000 1 6983.51616
3.9000 1 5421.13792
4.0000 1 5777.65376
4.1000 1 6962.54464
4.2000 1 6501.1712
4.3000 1 5767.168
4.4000 1 5651.82464
4.5000 1 7161.77408
4.6000 1 6270.48448
4.7000 1 5704.25344
4.8000 1 5693.76768
4.9000 1 7423.91808
5.0000 1 6029.312
5.1000 1 5567.93856
5.2000 1 5599.39584
5.3000 1 7885.29152
5.4000 1 5777.65376
5.5000 1 5620.36736
5.6000 1 5672.79616
5.7000 1 7948.20608
5.8000 1 5588.91008
5.9000 1 5767.168
6.0000 1 5714.7392
6.1000 1 7853.83424
6.2000 1 5683.28192
6.3000 1 5672.79616
6.4000 1 5693.76768
6.5000 1 7822.37696
6.6000 1 5672.79616
6.7000 1 5830.08256
6.8000 1 5725.22496
6.9000 1 7728.00512
7.0000 1 5767.168
7.1000 1 5798.62528
7.2000 1 5735.71072
7.3000 1 7801.40544
7.4000 1 5588.91008
7.5000 1 5505.024
7.6000 1 6270.48448
7.7000 1 7434.40384
7.8000 1 5809.11104
7.9000 1 5599.39584
8.0000 1 6259.99872
8.1000 1 7319.06048
8.2000 1 5767.168
8.3000 1 5683.28192
8.4000 1 6364.85632
8.5000 1 7046.43072
8.6000 1 5651.82464
8.7000 1 5819.5968
8.8000 1 6627.00032
8.9000 1 7056.91648
9.0000 1 5798.62528
9.1000 1 5693.76768
9.2000 1 6553.6
9.3000 1 6983.51616
9.4000 1 5578.42432
9.5000 1 5714.7392
9.6000 1 6857.68704
9.7000 1 6480.19968
9.8000 1 5620.36736
9.9000 1 5662.3104
10.0000 1 7434.40384
10.1000 1 6417.28512
10.2000 1 5830.08256
10.3000 1 5840.56832
10.4000 1 7035.94496
10.5000 1 6595.54304
10.6000 1 5704.25344
10.7000 1 5756.68224
10.8000 1 7067.40224
10.9000 1 6522.14272
11.0000 1 5735.71072
11.1000 1 5693.76768
11.2000 1 7161.77408
11.3000 1 6501.1712
11.4000 1 5536.48128
11.5000 1 5756.68224
11.6000 1 7340.032
11.7000 1 6176.11264
11.8000 1 5746.19648
11.9000 1 5725.22496
12.0000 1 6920.6016
12.1000 1 6689.91488
12.2000 1 5746.19648
12.3000 1 5735.71072
12.4000 1 6910.11584
12.5000 1 6742.34368
12.6000 1 5714.7392
12.7000 1 5714.7392
12.8000 1 7004.48768
12.9000 1 6427.77088
13.0000 1 6029.312
13.1000 1 5693.76768
13.2000 1 6973.0304
13.3000 1 6606.0288
13.4000 1 5567.93856
13.5000 1 5735.71072
13.6000 1 7140.80256
13.7000 1 6490.68544
13.8000 1 5609.8816
13.9000 1 5714.7392
14.0000 1 7308.57472
14.1000 1 6259.99872
14.2000 1 5683.28192
14.3000 1 5641.33888
14.4000 1 7528.77568
14.5000 1 5672.79616
14.6000 1 5735.71072
14.7000 1 5683.28192
14.8000 1 7843.34848
14.9000 1 5819.5968
15.0000 1 5672.79616
15.1000 1 5599.39584
15.2000 1 7885.29152
15.3000 1 5840.56832
15.4000 1 5830.08256
15.5000 1 5840.56832
15.6000 1 7874.80576
15.7000 1 5882.51136
15.8000 1 5704.25344
15.9000 1 5767.168
16.0000 1 7864.32
16.1000 1 4278.19008
16.2000 1 5693.76768
16.3000 1 6815.744
16.4000 1 6679.42912
16.5000 1 5788.13952
16.6000 1 5756.68224
16.7000 1 6889.14432
16.8000 1 6920.6016
16.9000 1 5683.28192
17.0000 1 5704.25344
17.1000 1 6847.20128
17.2000 1 6731.85792
17.3000 1 5704.25344
17.4000 1 5683.28192
17.5000 1 7035.94496
17.6000 1 6385.82784
17.7000 1 5630.85312
17.8000 1 5609.8816
17.9000 1 7507.80416
18.0000 1 6218.05568
18.1000 1 5809.11104
18.2000 1 5756.68224
18.3000 1 7350.51776
18.4000 1 6039.79776
18.5000 1 5777.65376
18.6000 1 5672.79616
18.7000 1 7612.66176
18.8000 1 5819.5968
18.9000 1 5735.71072
19.0000 1 5767.168
19.1000 1 7780.43392
19.2000 1 6060.76928
19.3000 1 5735.71072
19.4000 1 5651.82464
19.5000 1 7644.11904
19.6000 1 5861.53984
19.7000 1 5442.10944
19.8000 1 5609.8816
19.9000 1 7623.14752
20.0000 1 5169.47968
20.1000 1 4833.93536
20.2000 1 2264.92416
20.3000 1 5840.56832
20.4000 1 7193.23136
20.5000 1 6008.34048
20.6000 1 3449.81504
20.7000 1 220.20096
20.8000 1 314.5728
20.9000 1 0.0
21.0000 1 2254.4384
21.1000 1 3680.50176
21.2000 1 838.8608
21.3000 1 5913.96864
21.4000 1 5200.93696
21.5000 1 5630.85312
21.6000 1 7581.20448
21.7000 1 5442.10944
21.8000 1 5410.65216
21.9000 1 6679.42912
22.0000 1 6029.312
22.1000 1 5494.53824
22.2000 1 5735.71072
22.3000 1 7591.69024
22.4000 1 5316.28032
22.5000 1 5473.56672
22.6000 1 4362.07616
22.7000 1 1174.40512
22.8000 1 765.46048
22.9000 1 1646.26432
23.0000 1 1059.06176
23.1000 1 5683.28192
23.2000 1 6574.57152
23.3000 1 5158.99392
23.4000 1 8954.83904
23.5000 1 5620.36736
23.6000 1 7151.28832
23.7000 1 5746.19648
23.8000 1 5064.62208
23.9000 1 5903.48288
24.0000 1 7109.34528
24.1000 1 5546.96704
24.2000 1 5211.42272
24.3000 1 7235.1744
24.4000 1 5725.22496
24.5000 1 5452.5952
24.6000 1 5704.25344
24.7000 1 6973.0304
24.8000 1 5305.79456
24.9000 1 5400.1664
25.0000 1 7172.25984
25.1000 1 5148.50816
25.2000 1 5473.56672
25.3000 1 6343.8848
25.4000 1 6039.79776
25.5000 1 5054.13632
25.6000 1 5672.79616
25.7000 1 6847.20128
25.8000 1 5546.96704
25.9000 1 5536.48128
26.0000 1 7214.20288
26.1000 1 5641.33888
26.2000 1 5274.33728
26.3000 1 6259.99872
26.4000 1 7340.032
26.5000 1 5746.19648
26.6000 1 5746.19648
26.7000 1 6291.456
26.8000 1 7287.6032
26.9000 1 5746.19648
27.0000 1 5809.11104
27.1000 1 6239.0272
27.2000 1 7591.69024
27.3000 1 5662.3104
27.4000 1 5756.68224
27.5000 1 6155.14112
27.6000 1 7612.66176
27.7000 1 5662.3104
27.8000 1 5756.68224
27.9000 1 6039.79776
28.0000 1 7413.43232
28.1000 1 5777.65376
28.2000 1 5693.76768
28.3000 1 6218.05568
28.4000 1 7340.032
28.5000 1 5557.4528
28.6000 1 5840.56832
28.7000 1 6060.76928
28.8000 1 3722.4448
28.9000 1 5075.10784
29.0000 1 7937.72032
29.1000 1 5851.05408
29.2000 1 5777.65376
29.3000 1 5725.22496
29.4000 1 7958.69184
29.5000 1 5735.71072
29.6000 1 5746.19648
29.7000 1 5777.65376
29.8000 1 7864.32
29.9000 1 5872.0256
30.0000 1 5756.68224
30.1000 1 5819.5968
30.2000 1 7864.32
30.3000 1 5830.08256
30.4000 1 5934.94016
30.5000 1 5872.0256
30.6000 1 7518.28992
30.7000 1 6071.25504
30.8000 1 5641.33888
30.9000 1 5756.68224
31.0000 1 7654.6048
31.1000 1 5976.8832
31.2000 1 5620.36736
31.3000 1 5494.53824
31.4000 1 7958.69184
31.5000 1 5819.5968
31.6000 1 5788.13952
31.7000 1 5693.76768
31.8000 1 7916.7488
31.9000 1 5830.08256
32.0000 1 5872.0256
32.1000 1 5840.56832
32.2000 1 7528.77568
32.3000 1 5892.99712
32.4000 1 5609.8816
32.5000 1 5756.68224
32.6000 1 7927.23456
32.7000 1 5809.11104
32.8000 1 5861.53984
32.9000 1 5861.53984
33.0000 1 7549.7472
33.1000 1 6050.28352
33.2000 1 5913.96864
33.3000 1 5746.19648
33.4000 1 7371.48928
33.5000 1 6144.65536
33.6000 1 5767.168
33.7000 1 5746.19648
33.8000 1 7507.80416
33.9000 1 6259.99872
34.0000 1 5819.5968
34.1000 1 5788.13952
34.2000 1 7256.14592
34.3000 1 6364.85632
34.4000 1 5861.53984
34.5000 1 5735.71072
34.6000 1 7140.80256
34.7000 1 6427.77088
34.8000 1 5735.71072
34.9000 1 5735.71072
35.0000 1 7235.1744
35.1000 1 6627.00032
35.2000 1 5861.53984
35.3000 1 5693.76768
35.4000 1 6994.00192
35.5000 1 6794.77248
35.6000 1 5809.11104
35.7000 1 5777.65376
35.8000 1 6752.82944
35.9000 1 7067.40224
36.0000 1 5872.0256
36.1000 1 5840.56832
36.2000 1 6343.8848
36.3000 1 7340.032
36.4000 1 5819.5968
36.5000 1 5830.08256
36.6000 1 6134.1696
36.7000 1 7434.40384
36.8000 1 5704.25344
36.9000 1 5683.28192
37.0000 1 6259.99872
37.1000 1 7465.86112
37.2000 1 5714.7392
37.3000 1 5620.36736
37.4000 1 6364.85632
37.5000 1 7350.51776
37.6000 1 5693.76768
37.7000 1 5809.11104
37.8000 1 6291.456
37.9000 1 7486.83264
38.0000 1 5882.51136
38.1000 1 5851.05408
38.2000 1 5913.96864
38.3000 1 7780.43392
38.4000 1 5756.68224
38.5000 1 5892.99712
38.6000 1 5788.13952
38.7000 1 7769.94816
38.8000 1 5588.91008
38.9000 1 5630.85312
39.0000 1 6018.82624
39.1000 1 7623.14752
39.2000 1 5704.25344
39.3000 1 5641.33888
39.4000 1 6228.54144
39.5000 1 7581.20448
39.6000 1 5588.91008
39.7000 1 5861.53984
39.8000 1 6071.25504
39.9000 1 7465.86112
40.0000 1 5756.68224
40.1000 1 5672.79616
40.2000 1 6249.51296
40.3000 1 7235.1744
40.4000 1 5620.36736
40.5000 1 5830.08256
40.6000 1 6438.25664
40.7000 1 7235.1744
40.8000 1 5777.65376
40.9000 1 5704.25344
41.0000 1 6406.79936
41.1000 1 7308.57472
41.2000 1 5630.85312
41.3000 1 5588.91008
41.4000 1 6564.08576
41.5000 1 7046.43072
41.6000 1 5609.8816
41.7000 1 5578.42432
41.8000 1 6836.71552
41.9000 1 6784.28672
42.0000 1 5683.28192
42.1000 1 5641.33888
42.2000 1 7025.4592
42.3000 1 6427.77088
42.4000 1 5525.99552
42.5000 1 5756.68224
42.6000 1 7444.8896
42.7000 1 6333.39904
42.8000 1 5861.53984
42.9000 1 5693.76768
43.0000 1 7214.20288
43.1000 1 6480.19968
43.2000 1 5735.71072
43.3000 1 5683.28192
43.4000 1 7245.66016
43.5000 1 6417.28512
43.6000 1 5630.85312
43.7000 1 5683.28192
43.8000 1 7381.97504
43.9000 1 6291.456
44.0000 1 5830.08256
44.1000 1 5536.48128
44.2000 1 7728.00512
44.3000 1 7958.69184
44.4000 1 5662.3104
44.5000 1 5704.25344
44.6000 1 5777.65376
44.7000 1 7948.20608
44.8000 1 5567.93856
44.9000 1 5662.3104
45.0000 1 5746.19648
45.1000 1 7958.69184
45.2000 1 5609.8816
45.3000 1 5578.42432
45.4000 1 6008.34048
45.5000 1 7633.63328
45.6000 1 5651.82464
45.7000 1 5788.13952
45.8000 1 6018.82624
45.9000 1 7140.80256
46.0000 1 5851.05408
46.1000 1 5767.168
46.2000 1 6417.28512
46.3000 1 7381.97504
46.4000 1 5809.11104
46.5000 1 5756.68224
46.6000 1 6123.68384
46.7000 1 7560.23296
46.8000 1 5714.7392
46.9000 1 5672.79616
47.0000 1 4309.64736
47.1000 1 136.31488
47.2000 1 6815.744
47.3000 1 5861.53984
47.4000 1 7707.0336
47.5000 1 5704.25344
47.6000 1 5714.7392
47.7000 1 5746.19648
47.8000 1 7790.91968
47.9000 1 5767.168
48.0000 1 5725.22496
48.1000 1 5714.7392
48.2000 1 5473.56672
48.3000 1 3502.24384
48.4000 1 1960.83712
48.5000 1 83.88608
48.6000 1 4676.64896
48.7000 1 8650.752
48.8000 1 6931.08736
48.9000 1 5725.22496
49.0000 1 5746.19648
49.1000 1 6710.8864
49.2000 1 6742.34368
49.3000 1 3355.4432
49.4000 1 3355.4432
49.5000 1 7056.91648
49.6000 1 5714.7392
49.7000 1 7277.11744
49.8000 1 6144.65536
49.9000 1 5798.62528
50.0000 1 5683.28192
50.1000 1 7476.34688
50.2000 1 6039.79776
50.3000 1 5578.42432
50.4000 1 5452.5952
50.5000 1 7675.57632
50.6000 1 5515.50976
50.7000 1 5546.96704
50.8000 1 6134.1696
50.9000 1 7308.57472
51.0000 1 5578.42432
51.1000 1 5505.024
51.2000 1 6784.28672
51.3000 1 6511.65696
51.4000 1 5546.96704
51.5000 1 5630.85312
51.6000 1 7340.032
51.7000 1 6071.25504
51.8000 1 5620.36736
51.9000 1 5746.19648
52.0000 1 7654.6048
52.1000 1 5756.68224
52.2000 1 5431.62368
52.3000 1 5599.39584
52.4000 1 7769.94816
52.5000 1 5683.28192
52.6000 1 5756.68224
52.7000 1 5966.39744
52.8000 1 7549.7472
52.9000 1 5735.71072
53.0000 1 5620.36736
53.1000 1 6197.08416
53.2000 1 7088.37376
53.3000 1 5588.91008
53.4000 1 5672.79616
53.5000 1 6773.80096
53.6000 1 6501.1712
53.7000 1 5641.33888
53.8000 1 5588.91008
53.9000 1 6962.54464
54.0000 1 4886.36416
54.1000 1 4750.04928
54.2000 1 5536.48128
54.3000 1 7172.25984
54.4000 1 5347.7376
54.5000 1 5746.19648
54.6000 1 6375.34208
54.7000 1 6710.8864
54.8000 1 5169.47968
54.9000 1 5347.7376
55.0000 1 7549.7472
55.1000 1 5358.22336
55.2000 1 5253.36576
55.3000 1 6501.1712
55.4000 1 5358.22336
55.5000 1 5190.4512
55.6000 1 6197.08416
55.7000 1 7067.40224
55.8000 1 5421.13792
55.9000 1 4288.67584
56.0000 1 2600.46848
56.1000 1 4687.13472
56.2000 1 5305.79456
56.3000 1 5232.39424
56.4000 1 7256.14592
56.5000 1 5672.79616
56.6000 1 5630.85312
56.7000 1 5704.25344
56.8000 1 7539.26144
56.9000 1 5966.39744
57.0000 1 5861.53984
57.1000 1 5683.28192
57.2000 1 7570.71872
57.3000 1 5620.36736
57.4000 1 5442.10944
57.5000 1 6333.39904
57.6000 1 6773.80096
57.7000 1 5557.4528
57.8000 1 5505.024
57.9000 1 7277.11744
58.0000 1 5767.168
58.1000 1 5735.71072
58.2000 1 5263.85152
58.3000 1 7528.77568
58.4000 1 5567.93856
58.5000 1 5536.48128
58.6000 1 6333.39904
58.7000 1 6616.51456
58.8000 1 5725.22496
58.9000 1 5190.4512
59.0000 1 7570.71872
59.1000 1 5347.7376
59.2000 1 5704.25344
59.3000 1 5704.25344
59.4000 1 7151.28832
59.5000 1 5840.56832
59.6000 1 5515.50976
59.7000 1 8556.38016
59.8000 1 7539.26144
59.9000 1 5567.93856
60.0000 1 5620.36736
60.1000 1 6994.00192
60.2000 1 6511.65696
60.3000 1 5735.71072
60.4000 1 5746.19648
60.5000 1 7140.80256
60.6000 1 6291.456
60.7000 1 5798.62528
60.8000 1 5704.25344
60.9000 1 7308.57472
61.0000 1 6060.76928
61.1000 1 5620.36736
61.2000 1 5630.85312
61.3000 1 7717.51936
61.4000 1 5756.68224
61.5000 1 5651.82464
61.6000 1 5525.99552
61.7000 1 7748.97664
61.8000 1 5620.36736
61.9000 1 5788.13952
62.0000 1 5913.96864
62.1000 1 7591.69024
62.2000 1 5546.96704
62.3000 1 5788.13952
62.4000 1 6207.56992
62.5000 1 7423.91808
62.6000 1 5630.85312
62.7000 1 5463.08096
62.8000 1 6658.4576
62.9000 1 6731.85792
63.0000 1 5515.50976
63.1000 1 5588.91008
63.2000 1 7287.6032
63.3000 1 6207.56992
63.4000 1 5819.5968
63.5000 1 5735.71072
63.6000 1 7371.48928
63.7000 1 6039.79776
63.8000 1 5599.39584
63.9000 1 5704.25344
64.0000 1 7644.11904
64.1000 1 5630.85312
64.2000 1 5463.08096
64.3000 1 5798.62528
64.4000 1 7549.7472
64.5000 1 5546.96704
64.6000 1 5484.05248
64.7000 1 6543.11424
64.8000 1 6920.6016
64.9000 1 5515.50976
65.0000 1 5651.82464
65.1000 1 7077.888
65.2000 1 6490.68544
65.3000 1 5536.48128
65.4000 1 5620.36736
65.5000 1 7497.3184
65.6000 1 5913.96864
65.7000 1 5756.68224
65.8000 1 5714.7392
65.9000 1 7707.0336
66.0000 1 5588.91008
66.1000 1 5609.8816
66.2000 1 5557.4528
66.3000 1 7801.40544
66.4000 1 5819.5968
66.5000 1 5557.4528
66.6000 1 5997.85472
66.7000 1 7581.20448
66.8000 1 5536.48128
66.9000 1 5525.99552
67.0000 1 6522.14272
67.1000 1 6679.42912
67.2000 1 5557.4528
67.3000 1 5693.76768
67.4000 1 7161.77408
67.5000 1 6197.08416
67.6000 1 5651.82464
67.7000 1 5735.71072
67.8000 1 7581.20448
67.9000 1 5945.42592
68.0000 1 5609.8816
68.1000 1 5599.39584
68.2000 1 7790.91968
68.3000 1 5725.22496
68.4000 1 5620.36736
68.5000 1 5756.68224
68.6000 1 5525.99552
