0.1000 1 0.0
0.2000 1 6207.56992
0.3000 1 5546.96704
0.4000 1 5578.42432
0.5000 1 7759.4624
0.6000 1 5892.99712
0.7000 1 6259.99872
0.8000 1 6322.91328
0.9000 1 7308.57472
1.0000 1 7843.34848
1.1000 1 6385.82784
1.2000 1 6385.82784
1.3000 1 6375.34208
1.4000 1 6532.62848
1.5000 1 8378.12224
1.6000 1 6721.37216
1.7000 1 6280.97024
1.8000 1 6396.3136
1.9000 1 6417.28512
2.0000 1 7686.06208
2.1000 1 7465.86112
2.2000 1 6176.11264
2.3000 1 6385.82784
2.4000 1 6396.3136
2.5000 1 7067.40224
2.6000 1 8273.26464
2.7000 1 6039.79776
2.8000 1 6155.14112
2.9000 1 6060.76928
3.0000 1 6994.00192
3.1000 1 7560.23296
3.2000 1 6039.79776
3.3000 1 6102.71232
3.4000 1 6050.28352
3.5000 1 7769.94816
3.6000 1 6668.94336
3.7000 1 6008.34048
3.8000 1 6155.14112
3.9000 1 6291.456
4.0000 1 8210.35008
4.1000 1 6113.19808
4.2000 1 5955.91168
4.3000 1 6081.7408
4.4000 1 7088.37376
4.5000 1 7182.7456
4.6000 1 5924.4544
4.7000 1 5997.85472
4.8000 1 6113.19808
4.9000 1 8273.26464
5.0000 1 5945.42592
5.1000 1 6039.79776
5.2000 1 6102.71232
5.3000 1 7025.4592
5.4000 1 7465.86112
5.5000 1 6207.56992
5.6000 1 5966.39744
5.7000 1 6123.68384
5.8000 1 7748.97664
5.9000 1 6847.20128
6.0000 1 6280.97024
6.1000 1 4236.24704
6.2000 1 0.0
6.3000 1 4267.70432
6.4000 1 6679.42912
6.5000 1 8818.52416
6.6000 1 4183.81824
6.7000 1 0.0
6.8000 1 125.82912
6.9000 1 0.0
7.0000 1 0.0
7.1000 1 8598.3232
7.2000 1 9667.87072
7.3000 1 7203.71712
7.4000 1 7832.86272
7.5000 1 5326.76608
7.6000 1 5882.51136
7.7000 1 9049.21088
7.8000 1 6427.77088
7.9000 1 6857.68704
8.0000 1 8378.12224
8.1000 1 6763.3152
8.2000 1 6658.4576
8.3000 1 6564.08576
8.4000 1 6480.19968
8.5000 1 7109.34528
8.6000 1 8126.464
8.7000 1 6406.79936
8.8000 1 6333.39904
8.9000 1 6406.79936
9.0000 1 6606.0288
9.1000 1 7990.14912
9.2000 1 2852.12672
9.3000 1 1908.40832
9.4000 1 6658.4576
9.5000 1 10716.44672
9.6000 1 11366.56384
9.7000 1 6910.11584
9.8000 1 6752.82944
9.9000 1 6668.94336
10.0000 1 6627.00032
10.1000 1 6469.71392
10.2000 1 7014.97344
10.3000 1 8409.57952
10.4000 1 6218.05568
10.5000 1 6522.14272
10.6000 1 6606.0288
10.7000 1 6742.34368
10.8000 1 7476.34688
10.9000 1 7769.94816
11.0000 1 6532.62848
11.1000 1 6522.14272
11.2000 1 6490.68544
11.3000 1 6731.85792
11.4000 1 7717.51936
11.5000 1 7853.83424
11.6000 1 6501.1712
11.7000 1 6763.3152
11.8000 1 6469.71392
11.9000 1 6270.48448
12.0000 1 7916.7488
12.1000 1 7570.71872
12.2000 1 6522.14272
12.3000 1 6301.94176
12.4000 1 6752.82944
12.5000 1 6417.28512
12.6000 1 8336.1792
12.7000 1 6427.77088
12.8000 1 6427.77088
12.9000 1 6490.68544
13.0000 1 6354.37056
13.1000 1 7769.94816
13.2000 1 7329.54624
13.3000 1 6553.6
13.4000 1 6480.19968
13.5000 1 6511.65696
13.6000 1 6721.37216
13.7000 1 8388.608
13.8000 1 6773.80096
13.9000 1 6731.85792
14.0000 1 6501.1712
14.1000 1 6689.91488
14.2000 1 6731.85792
14.3000 1 8462.00832
14.4000 1 7035.94496
14.5000 1 6385.82784
14.6000 1 6270.48448
14.7000 1 6574.57152
14.8000 1 7224.68864
14.9000 1 8388.608
15.0000 1 6522.14272
15.1000 1 6721.37216
15.2000 1 6417.28512
15.3000 1 6627.00032
15.4000 1 7193.23136
15.5000 1 7990.14912
15.6000 1 6218.05568
15.7000 1 6606.0288
15.8000 1 3240.09984
15.9000 1 1960.83712
16.0000 1 12320.768
16.1000 1 10066.3296
16.2000 1 6564.08576
16.3000 1 6480.19968
16.4000 1 6438.25664
16.5000 1 7528.77568
16.6000 1 7444.8896
16.7000 1 6543.11424
16.8000 1 6480.19968
16.9000 1 6480.19968
17.0000 1 6606.0288
17.1000 1 8283.7504
17.2000 1 7224.68864
17.3000 1 6574.57152
17.4000 1 6564.08576
17.5000 1 6459.22816
17.6000 1 6826.22976
17.7000 1 8378.12224
17.8000 1 6700.40064
17.9000 1 6501.1712
18.0000 1 6490.68544
18.1000 1 6637.48608
18.2000 1 7130.3168
18.3000 1 8409.57952
18.4000 1 6532.62848
18.5000 1 6647.97184
18.6000 1 6585.05728
18.7000 1 6606.0288
18.8000 1 7182.7456
18.9000 1 8283.7504
19.0000 1 6480.19968
19.1000 1 6752.82944
19.2000 1 6553.6
19.3000 1 6469.71392
19.4000 1 7371.48928
19.5000 1 7675.57632
19.6000 1 6700.40064
19.7000 1 6459.22816
19.8000 1 6522.14272
19.9000 1 6553.6
20.0000 1 7916.7488
20.1000 1 7392.4608
20.2000 1 6291.456
20.3000 1 6658.4576
20.4000 1 6543.11424
20.5000 1 6616.51456
20.6000 1 8241.80736
20.7000 1 7067.40224
20.8000 1 6364.85632
20.9000 1 6438.25664
21.0000 1 6532.62848
21.1000 1 6375.34208
21.2000 1 8409.57952
21.3000 1 6406.79936
21.4000 1 6543.11424
21.5000 1 6427.77088
21.6000 1 6333.39904
21.7000 1 7832.86272
21.8000 1 7549.7472
21.9000 1 6427.77088
22.0000 1 6417.28512
22.1000 1 6396.3136
22.2000 1 6742.34368
22.3000 1 8199.86432
22.4000 1 6522.14272
22.5000 1 6511.65696
22.6000 1 6113.19808
22.7000 1 6522.14272
22.8000 1 7906.26304
22.9000 1 7140.80256
23.0000 1 6459.22816
23.1000 1 6312.42752
23.2000 1 6249.51296
23.3000 1 7308.57472
23.4000 1 7696.54784
23.5000 1 6186.5984
23.6000 1 6343.8848
23.7000 1 6249.51296
23.8000 1 7182.7456
23.9000 1 7948.20608
24.0000 1 6176.11264
24.1000 1 6280.97024
24.2000 1 6301.94176
24.3000 1 6763.3152
24.4000 1 8220.83584
24.5000 1 6081.7408
24.6000 1 6270.48448
24.7000 1 6522.14272
24.8000 1 6427.77088
24.9000 1 8346.66496
25.0000 1 6815.744
25.1000 1 6668.94336
25.2000 1 6469.71392
25.3000 1 6511.65696
25.4000 1 7056.91648
25.5000 1 8084.52096
25.6000 1 6427.77088
25.7000 1 6385.82784
25.8000 1 6532.62848
25.9000 1 6427.77088
26.0000 1 7203.71712
26.1000 1 2422.21056
26.2000 1 2925.52704
26.3000 1 8870.95296
26.4000 1 9783.21408
26.5000 1 9563.01312
26.6000 1 7801.40544
26.7000 1 6511.65696
26.8000 1 6396.3136
26.9000 1 6385.82784
27.0000 1 6343.8848
27.1000 1 8462.00832
27.2000 1 6532.62848
27.3000 1 6532.62848
27.4000 1 6490.68544
27.5000 1 6647.97184
27.6000 1 7235.1744
27.7000 1 8011.12064
27.8000 1 6522.14272
27.9000 1 6375.34208
28.0000 1 6406.79936
28.1000 1 6448.7424
28.2000 1 8105.49248
28.3000 1 7182.7456
28.4000 1 6679.42912
28.5000 1 6511.65696
28.6000 1 6616.51456
28.7000 1 6606.0288
28.8000 1 8294.23616
28.9000 1 7224.68864
29.0000 1 6312.42752
29.1000 1 6574.57152
29.2000 1 6480.19968
29.3000 1 6889.14432
29.4000 1 8178.8928
29.5000 1 6322.91328
29.6000 1 6280.97024
29.7000 1 6354.37056
29.8000 1 6564.08576
29.9000 1 8199.86432
30.0000 1 7172.25984
30.1000 1 6469.71392
30.2000 1 6689.91488
30.3000 1 6585.05728
30.4000 1 6564.08576
30.5000 1 8399.09376
30.6000 1 6731.85792
30.7000 1 6448.7424
30.8000 1 6228.54144
30.9000 1 6532.62848
31.0000 1 6438.25664
31.1000 1 7990.14912
31.2000 1 7151.28832
31.3000 1 6438.25664
31.4000 1 6438.25664
31.5000 1 6637.48608
31.6000 1 6857.68704
31.7000 1 8294.23616
31.8000 1 5777.65376
31.9000 1 2967.47008
32.0000 1 0.0
32.1000 1 0.0
32.2000 1 62.91456
32.3000 1 1835.008
32.4000 1 10611.58912
32.5000 1 10905.1904
32.6000 1 6857.68704
32.7000 1 6627.00032
32.8000 1 6312.42752
32.9000 1 6752.82944
33.0000 1 8336.1792
33.1000 1 6763.3152
33.2000 1 6606.0288
33.3000 1 6469.71392
33.4000 1 6375.34208
33.5000 1 7287.6032
33.6000 1 8063.54944
33.7000 1 6543.11424
33.8000 1 6700.40064
33.9000 1 6417.28512
34.0000 1 6343.8848
34.1000 1 7937.72032
34.2000 1 7077.888
34.3000 1 6354.37056
34.4000 1 6186.5984
34.5000 1 6092.22656
34.6000 1 7738.49088
34.7000 1 7413.43232
34.8000 1 6417.28512
34.9000 1 6197.08416
35.0000 1 6176.11264
35.1000 1 7423.91808
35.2000 1 7486.83264
35.3000 1 6312.42752
35.4000 1 6427.77088
35.5000 1 6228.54144
35.6000 1 6983.51616
35.7000 1 7906.26304
35.8000 1 6165.62688
35.9000 1 6239.0272
36.0000 1 6375.34208
36.1000 1 6773.80096
36.2000 1 6448.7424
36.3000 1 1929.37984
36.4000 1 5588.91008
36.5000 1 10684.98944
36.6000 1 8902.41024
36.7000 1 8472.49408
36.8000 1 7088.37376
36.9000 1 6364.85632
37.0000 1 6438.25664
37.1000 1 6490.68544
37.2000 1 7077.888
37.3000 1 8367.63648
37.4000 1 2202.0096
37.5000 1 1436.54912
37.6000 1 10244.58752
37.7000 1 11282.67776
37.8000 1 7591.69024
37.9000 1 6553.6
38.0000 1 6763.3152
38.1000 1 6532.62848
38.2000 1 6364.85632
38.3000 1 8084.52096
38.4000 1 7277.11744
38.5000 1 6564.08576
38.6000 1 6511.65696
38.7000 1 6543.11424
38.8000 1 6574.57152
38.9000 1 8378.12224
39.0000 1 6857.68704
39.1000 1 6354.37056
39.2000 1 6647.97184
39.3000 1 6543.11424
39.4000 1 7193.23136
39.5000 1 8084.52096
39.6000 1 6763.3152
39.7000 1 6564.08576
39.8000 1 6574.57152
39.9000 1 6616.51456
40.0000 1 7402.94656
40.1000 1 8042.57792
40.2000 1 6448.7424
40.3000 1 6647.97184
40.4000 1 6385.82784
40.5000 1 6113.19808
40.6000 1 8231.3216
40.7000 1 6952.05888
40.8000 1 6375.34208
40.9000 1 6448.7424
41.0000 1 6564.08576
41.1000 1 7109.34528
41.2000 1 8388.608
41.3000 1 6427.77088
41.4000 1 6469.71392
41.5000 1 6448.7424
41.6000 1 6480.19968
41.7000 1 7728.00512
41.8000 1 7581.20448
41.9000 1 6574.57152
42.0000 1 6564.08576
42.1000 1 6469.71392
42.2000 1 6627.00032
42.3000 1 8115.97824
42.4000 1 7486.83264
42.5000 1 6375.34208
42.6000 1 6668.94336
42.7000 1 6333.39904
42.8000 1 6647.97184
42.9000 1 8367.63648
43.0000 1 7025.4592
43.1000 1 6438.25664
43.2000 1 6364.85632
43.3000 1 6364.85632
43.4000 1 7340.032
43.5000 1 8126.464
43.6000 1 6501.1712
43.7000 1 6406.79936
43.8000 1 6532.62848
43.9000 1 6417.28512
44.0000 1 7906.26304
44.1000 1 7350.51776
44.2000 1 6385.82784
44.3000 1 6490.68544
44.4000 1 6658.4576
44.5000 1 6606.0288
44.6000 1 8388.608
44.7000 1 7035.94496
44.8000 1 6459.22816
44.9000 1 6595.54304
45.0000 1 6102.71232
45.1000 1 7361.00352
45.2000 1 8136.94976
45.3000 1 6469.71392
45.4000 1 6532.62848
45.5000 1 6647.97184
45.6000 1 6501.1712
45.7000 1 7560.23296
45.8000 1 7822.37696
45.9000 1 6543.11424
46.0000 1 6637.48608
46.1000 1 6595.54304
46.2000 1 6501.1712
46.3000 1 7874.80576
46.4000 1 4676.64896
46.5000 1 1950.35136
46.6000 1 6459.22816
46.7000 1 10391.38816
46.8000 1 10066.3296
46.9000 1 8210.35008
47.0000 1 6647.97184
47.1000 1 6574.57152
47.2000 1 6459.22816
47.3000 1 6501.1712
47.4000 1 7465.86112
47.5000 1 8210.35008
47.6000 1 6763.3152
47.7000 1 6354.37056
47.8000 1 6417.28512
47.9000 1 6658.4576
48.0000 1 7539.26144
48.1000 1 7790.91968
48.2000 1 6459.22816
48.3000 1 6480.19968
48.4000 1 6354.37056
48.5000 1 6480.19968
48.6000 1 8441.0368
48.7000 1 6889.14432
48.8000 1 6700.40064
48.9000 1 6469.71392
49.0000 1 6501.1712
49.1000 1 6973.0304
49.2000 1 8462.00832
49.3000 1 6322.91328
49.4000 1 6543.11424
49.5000 1 6574.57152
49.6000 1 6459.22816
49.7000 1 7591.69024
49.8000 1 7623.14752
49.9000 1 6270.48448
50.0000 1 6333.39904
50.1000 1 6301.94176
50.2000 1 6899.63008
50.3000 1 8462.00832
50.4000 1 6543.11424
50.5000 1 6532.62848
50.6000 1 6532.62848
50.7000 1 6448.7424
50.8000 1 7413.43232
50.9000 1 7728.00512
51.0000 1 4928.3072
51.1000 1 4718.592
51.2000 1 6794.77248
51.3000 1 6595.54304
51.4000 1 6616.51456
51.5000 1 6679.42912
51.6000 1 6176.11264
51.7000 1 8262.77888
51.8000 1 6427.77088
51.9000 1 6280.97024
52.0000 1 6354.37056
52.1000 1 6186.5984
52.2000 1 8430.55104
52.3000 1 6259.99872
52.4000 1 6239.0272
52.5000 1 6396.3136
52.6000 1 6595.54304
52.7000 1 8053.06368
52.8000 1 7161.77408
52.9000 1 6469.71392
53.0000 1 6396.3136
53.1000 1 6480.19968
53.2000 1 7014.97344
53.3000 1 8147.43552
53.4000 1 6574.57152
53.5000 1 6658.4576
53.6000 1 6532.62848
53.7000 1 6354.37056
53.8000 1 7696.54784
53.9000 1 7612.66176
54.0000 1 6448.7424
54.1000 1 6291.456
54.2000 1 6532.62848
54.3000 1 6564.08576
54.4000 1 8304.72192
54.5000 1 7046.43072
54.6000 1 6301.94176
54.7000 1 6480.19968
54.8000 1 6186.5984
54.9000 1 7413.43232
55.0000 1 7958.69184
55.1000 1 6511.65696
55.2000 1 6396.3136
55.3000 1 6532.62848
55.4000 1 6532.62848
55.5000 1 8189.37856
55.6000 1 6931.08736
55.7000 1 6333.39904
55.8000 1 6889.14432
55.9000 1 6354.37056
56.0000 1 7025.4592
56.1000 1 7927.23456
56.2000 1 6710.8864
56.3000 1 6301.94176
56.4000 1 6259.99872
56.5000 1 6522.14272
56.6000 1 5368.70912
56.7000 1 2160.06656
56.8000 1 7623.14752
56.9000 1 10422.84544
57.0000 1 8430.55104
57.1000 1 7686.06208
57.2000 1 7769.94816
57.3000 1 6396.3136
57.4000 1 6270.48448
57.5000 1 6574.57152
57.6000 1 6564.08576
57.7000 1 8378.12224
57.8000 1 6847.20128
57.9000 1 6406.79936
58.0000 1 6448.7424
58.1000 1 6637.48608
58.2000 1 7151.28832
58.3000 1 8388.608
58.4000 1 7214.20288
58.5000 1 7937.72032
58.6000 1 6522.14272
58.7000 1 6448.7424
58.8000 1 6459.22816
58.9000 1 6679.42912
59.0000 1 7843.34848
59.1000 1 7287.6032
59.2000 1 6658.4576
59.3000 1 6448.7424
59.4000 1 6427.77088
59.5000 1 6689.91488
59.6000 1 8252.29312
59.7000 1 6501.1712
59.8000 1 6606.0288
59.9000 1 6448.7424
60.0000 1 5798.62528
60.1000 1 8462.00832
60.2000 1 7675.57632
60.3000 1 6480.19968
60.4000 1 6637.48608
60.5000 1 4068.47488
60.6000 1 0.0
60.7000 1 62.91456
60.8000 1 0.0
60.9000 1 5484.05248
61.0000 1 10213.13024
61.1000 1 9615.44192
61.2000 1 7895.77728
61.3000 1 6679.42912
61.4000 1 6763.3152
61.5000 1 6354.37056
61.6000 1 6375.34208
61.7000 1 7843.34848
61.8000 1 7549.7472
61.9000 1 6647.97184
62.0000 1 2558.52544
