0.1000 1 0.0
0.2000 1 7130.3168
0.3000 1 5651.82464
0.4000 1 5609.8816
0.5000 1 7623.14752
0.6000 1 5662.3104
0.7000 1 5389.68064
0.8000 1 5830.08256
0.9000 1 7350.51776
1.0000 1 5662.3104
1.1000 1 5672.79616
1.2000 1 6459.22816
1.3000 1 6763.3152
1.4000 1 5683.28192
1.5000 1 5578.42432
1.6000 1 7014.97344
1.7000 1 6176.11264
1.8000 1 5484.05248
1.9000 1 5484.05248
2.0000 1 7560.23296
2.1000 1 5662.3104
2.2000 1 5725.22496
2.3000 1 5777.65376
2.4000 1 7549.7472
2.5000 1 5578.42432
2.6000 1 5305.79456
2.7000 1 6710.8864
2.8000 1 6480.19968
2.9000 1 5536.48128
3.0000 1 5525.99552
3.1000 1 7560.23296
3.2000 1 5588.91008
3.3000 1 5557.4528
3.4000 1 5651.82464
3.5000 1 7675.57632
3.6000 1 5662.3104
3.7000 1 5620.36736
3.8000 1 6144.65536
3.9000 1 7088.37376
4.0000 1 5683.28192
4.1000 1 5578.42432
4.2000 1 6794.77248
4.3000 1 6280.97024
4.4000 1 5599.39584
4.5000 1 5641.33888
4.6000 1 7528.77568
4.7000 1 5693.76768
4.8000 1 5725.22496
4.9000 1 5662.3104
5.0000 1 7728.00512
5.1000 1 5725.22496
5.2000 1 5578.42432
5.3000 1 5798.62528
5.4000 1 7319.06048
5.5000 1 5546.96704
5.6000 1 5557.4528
5.7000 1 6721.37216
5.8000 1 6396.3136
5.9000 1 5620.36736
6.0000 1 5651.82464
6.1000 1 7486.83264
6.2000 1 5662.3104
6.3000 1 5494.53824
6.4000 1 5588.91008
6.5000 1 7581.20448
6.6000 1 5421.13792
6.7000 1 5525.99552
6.8000 1 6564.08576
6.9000 1 6836.71552
7.0000 1 5515.50976
7.1000 1 5442.10944
7.2000 1 7287.6032
7.3000 1 5725.22496
7.4000 1 5672.79616
7.5000 1 5746.19648
7.6000 1 7549.7472
7.7000 1 5578.42432
7.8000 1 5473.56672
7.9000 1 6113.19808
8.0000 1 6868.1728
8.1000 1 5452.5952
8.2000 1 5515.50976
8.3000 1 7266.63168
8.4000 1 5882.51136
8.5000 1 5630.85312
8.6000 1 5557.4528
8.7000 1 7623.14752
8.8000 1 5662.3104
8.9000 1 5546.96704
9.0000 1 6018.82624
9.1000 1 7203.71712
9.2000 1 5515.50976
9.3000 1 5515.50976
9.4000 1 6931.08736
9.5000 1 6343.8848
9.6000 1 5683.28192
9.7000 1 5567.93856
9.8000 1 7560.23296
9.9000 1 5536.48128
10.0000 1 5620.36736
10.1000 1 5588.91008
10.2000 1 7497.3184
10.3000 1 5358.22336
10.4000 1 5515.50976
10.5000 1 6721.37216
10.6000 1 6438.25664
10.7000 1 5578.42432
10.8000 1 5494.53824
10.9000 1 7423.91808
11.0000 1 5494.53824
11.1000 1 5683.28192
11.2000 1 5746.19648
11.3000 1 7497.3184
11.4000 1 5683.28192
11.5000 1 5683.28192
11.6000 1 6333.39904
11.7000 1 6752.82944
11.8000 1 5484.05248
11.9000 1 5662.3104
12.0000 1 7140.80256
12.1000 1 6092.22656
12.2000 1 5515.50976
12.3000 1 5546.96704
12.4000 1 7686.06208
12.5000 1 5599.39584
12.6000 1 5651.82464
12.7000 1 5788.13952
12.8000 1 7423.91808
12.9000 1 5567.93856
13.0000 1 5463.08096
13.1000 1 6574.57152
13.2000 1 6637.48608
13.3000 1 5641.33888
13.4000 1 5599.39584
13.5000 1 7224.68864
13.6000 1 5945.42592
13.7000 1 5536.48128
13.8000 1 5578.42432
13.9000 1 7654.6048
14.0000 1 5672.79616
14.1000 1 5630.85312
14.2000 1 5840.56832
14.3000 1 7256.14592
14.4000 1 5630.85312
14.5000 1 5620.36736
14.6000 1 6658.4576
14.7000 1 6249.51296
14.8000 1 5567.93856
14.9000 1 5620.36736
15.0000 1 7591.69024
15.1000 1 5672.79616
15.2000 1 5525.99552
15.3000 1 5578.42432
15.4000 1 7591.69024
15.5000 1 5546.96704
15.6000 1 5536.48128
15.7000 1 6480.19968
15.8000 1 6773.80096
15.9000 1 5641.33888
16.0000 1 5609.8816
16.1000 1 6396.3136
16.2000 1 6679.42912
16.3000 1 5578.42432
16.4000 1 5599.39584
16.5000 1 7193.23136
16.6000 1 5955.91168
16.7000 1 5672.79616
16.8000 1 5546.96704
16.9000 1 7518.28992
17.0000 1 5557.4528
17.1000 1 5630.85312
17.2000 1 5882.51136
17.3000 1 7434.40384
17.4000 1 5599.39584
17.5000 1 5557.4528
17.6000 1 6480.19968
17.7000 1 6878.65856
17.8000 1 5672.79616
17.9000 1 5546.96704
18.0000 1 6994.00192
18.1000 1 6165.62688
18.2000 1 5463.08096
18.3000 1 5588.91008
18.4000 1 6155.14112
18.5000 1 7182.7456
18.6000 1 5410.65216
18.7000 1 5557.4528
18.8000 1 6899.63008
18.9000 1 6448.7424
19.0000 1 5410.65216
19.1000 1 5630.85312
19.2000 1 7570.71872
19.3000 1 5546.96704
19.4000 1 5651.82464
19.5000 1 5557.4528
19.6000 1 7654.6048
19.7000 1 5641.33888
19.8000 1 5588.91008
19.9000 1 6249.51296
20.0000 1 7067.40224
20.1000 1 5756.68224
20.2000 1 5588.91008
20.3000 1 6679.42912
20.4000 1 6721.37216
20.5000 1 5473.56672
20.6000 1 5484.05248
20.7000 1 7465.86112
20.8000 1 5777.65376
20.9000 1 5641.33888
21.0000 1 5620.36736
21.1000 1 7528.77568
21.2000 1 5463.08096
21.3000 1 5431.62368
21.4000 1 6354.37056
21.5000 1 6941.57312
21.6000 1 5735.71072
21.7000 1 5672.79616
21.8000 1 6805.25824
21.9000 1 6501.1712
22.0000 1 5536.48128
22.1000 1 5735.71072
22.2000 1 7350.51776
22.3000 1 5945.42592
22.4000 1 5641.33888
22.5000 1 5662.3104
22.6000 1 10139.72992
22.7000 1 6197.08416
22.8000 1 6794.77248
22.9000 1 5567.93856
23.0000 1 5767.168
23.1000 1 5976.8832
23.2000 1 7130.3168
23.3000 1 5588.91008
23.4000 1 5567.93856
23.5000 1 6868.1728
23.6000 1 6385.82784
23.7000 1 5599.39584
23.8000 1 5620.36736
23.9000 1 7549.7472
24.0000 1 5672.79616
24.1000 1 5599.39584
24.2000 1 5767.168
24.3000 1 7696.54784
24.4000 1 5641.33888
24.5000 1 5620.36736
24.6000 1 5830.08256
24.7000 1 7539.26144
24.8000 1 5630.85312
24.9000 1 5567.93856
25.0000 1 6417.28512
25.1000 1 6721.37216
25.2000 1 5515.50976
25.3000 1 5567.93856
25.4000 1 7224.68864
25.5000 1 5955.91168
25.6000 1 5546.96704
25.7000 1 5421.13792
25.8000 1 7497.3184
25.9000 1 5442.10944
26.0000 1 5505.024
26.1000 1 6438.25664
26.2000 1 6459.22816
26.3000 1 5651.82464
26.4000 1 5525.99552
26.5000 1 7476.34688
26.6000 1 5872.0256
26.7000 1 5704.25344
26.8000 1 5630.85312
26.9000 1 7507.80416
27.0000 1 5452.5952
27.1000 1 5379.19488
27.2000 1 6333.39904
27.3000 1 6868.1728
27.4000 1 5557.4528
27.5000 1 5662.3104
27.6000 1 7025.4592
27.7000 1 6050.28352
27.8000 1 5421.13792
27.9000 1 5494.53824
28.0000 1 7612.66176
28.1000 1 5515.50976
28.2000 1 5463.08096
28.3000 1 6207.56992
28.4000 1 7035.94496
28.5000 1 5588.91008
28.6000 1 5546.96704
28.7000 1 6920.6016
28.8000 1 6165.62688
28.9000 1 5557.4528
29.0000 1 5609.8816
29.1000 1 7518.28992
29.2000 1 5662.3104
29.3000 1 5505.024
29.4000 1 5851.05408
29.5000 1 7266.63168
29.6000 1 5557.4528
29.7000 1 5379.19488
29.8000 1 6889.14432
29.9000 1 6239.0272
30.0000 1 5620.36736
30.1000 1 4246.7328
30.2000 1 5714.7392
30.3000 1 5819.5968
30.4000 1 5882.51136
30.5000 1 7434.40384
30.6000 1 5693.76768
30.7000 1 5714.7392
30.8000 1 6249.51296
30.9000 1 7025.4592
31.0000 1 5525.99552
31.1000 1 5536.48128
31.2000 1 6952.05888
31.3000 1 6249.51296
31.4000 1 5578.42432
31.5000 1 5588.91008
31.6000 1 7654.6048
31.7000 1 5536.48128
31.8000 1 5672.79616
31.9000 1 5641.33888
32.0000 1 7623.14752
32.1000 1 5463.08096
32.2000 1 5662.3104
32.3000 1 6249.51296
32.4000 1 7046.43072
32.5000 1 5651.82464
32.6000 1 5546.96704
32.7000 1 6847.20128
32.8000 1 6354.37056
32.9000 1 5599.39584
33.0000 1 5546.96704
33.1000 1 7444.8896
33.2000 1 5567.93856
33.3000 1 4089.4464
33.4000 1 7193.23136
33.5000 1 6018.82624
33.6000 1 5484.05248
33.7000 1 5536.48128
33.8000 1 7675.57632
33.9000 1 5599.39584
34.0000 1 5746.19648
34.1000 1 5872.0256
34.2000 1 7591.69024
34.3000 1 5557.4528
34.4000 1 5473.56672
34.5000 1 6333.39904
34.6000 1 6847.20128
34.7000 1 5525.99552
34.8000 1 5725.22496
34.9000 1 7056.91648
35.0000 1 6259.99872
35.1000 1 5463.08096
35.2000 1 5515.50976
35.3000 1 7549.7472
35.4000 1 5662.3104
35.5000 1 5588.91008
35.6000 1 5788.13952
35.7000 1 7486.83264
35.8000 1 5630.85312
35.9000 1 5536.48128
36.0000 1 6459.22816
36.1000 1 6763.3152
36.2000 1 5389.68064
36.3000 1 5557.4528
36.4000 1 7455.37536
36.5000 1 5955.91168
36.6000 1 5620.36736
36.7000 1 5620.36736
36.8000 1 7665.09056
36.9000 1 5599.39584
37.0000 1 5505.024
37.1000 1 5809.11104
37.2000 1 7277.11744
37.3000 1 5672.79616
37.4000 1 5567.93856
37.5000 1 6658.4576
37.6000 1 6459.22816
37.7000 1 5588.91008
37.8000 1 5609.8816
37.9000 1 7434.40384
38.0000 1 5851.05408
38.1000 1 5662.3104
38.2000 1 5630.85312
38.3000 1 7633.63328
38.4000 1 5683.28192
38.5000 1 5557.4528
38.6000 1 5809.11104
38.7000 1 7319.06048
38.8000 1 5630.85312
38.9000 1 5620.36736
39.0000 1 6553.6
39.1000 1 6532.62848
39.2000 1 5442.10944
39.3000 1 5546.96704
39.4000 1 7549.7472
39.5000 1 5672.79616
39.6000 1 5567.93856
39.7000 1 5641.33888
39.8000 1 7612.66176
39.9000 1 5505.024
40.0000 1 5494.53824
40.1000 1 6385.82784
40.2000 1 6658.4576
40.3000 1 3355.4432
40.4000 1 5148.50816
40.5000 1 6553.6
40.6000 1 5505.024
40.7000 1 6280.97024
40.8000 1 6983.51616
40.9000 1 5767.168
41.0000 1 5599.39584
41.1000 1 6794.77248
41.2000 1 6501.1712
41.3000 1 5651.82464
41.4000 1 5609.8816
41.5000 1 7381.97504
41.6000 1 5798.62528
41.7000 1 5567.93856
41.8000 1 5505.024
41.9000 1 7686.06208
42.0000 1 5473.56672
42.1000 1 5263.85152
42.2000 1 6564.08576
42.3000 1 6553.6
42.4000 1 5714.7392
42.5000 1 5536.48128
42.6000 1 7319.06048
42.7000 1 5913.96864
42.8000 1 5683.28192
42.9000 1 5767.168
43.0000 1 7728.00512
43.1000 1 5725.22496
43.2000 1 5693.76768
43.3000 1 5735.71072
43.4000 1 7686.06208
43.5000 1 5494.53824
43.6000 1 5546.96704
43.7000 1 6008.34048
43.8000 1 7172.25984
43.9000 1 5662.3104
44.0000 1 5620.36736
44.1000 1 6658.4576
44.2000 1 6375.34208
44.3000 1 5620.36736
44.4000 1 5599.39584
44.5000 1 7444.8896
44.6000 1 5756.68224
44.7000 1 5536.48128
44.8000 1 5536.48128
44.9000 1 7476.34688
45.0000 1 5442.10944
45.1000 1 5463.08096
45.2000 1 6700.40064
45.3000 1 6427.77088
45.4000 1 5421.13792
45.5000 1 5484.05248
45.6000 1 7518.28992
45.7000 1 5620.36736
45.8000 1 5641.33888
45.9000 1 5777.65376
46.0000 1 7455.37536
46.1000 1 5484.05248
46.2000 1 5662.3104
46.3000 1 6522.14272
46.4000 1 6647.97184
46.5000 1 5788.13952
46.6000 1 5599.39584
46.7000 1 7119.83104
46.8000 1 6123.68384
46.9000 1 5620.36736
47.0000 1 5557.4528
47.1000 1 7539.26144
47.2000 1 5672.79616
47.3000 1 5672.79616
47.4000 1 5735.71072
47.5000 1 7486.83264
47.6000 1 5609.8816
47.7000 1 9437.184
47.8000 1 188.74368
47.9000 1 3900.70272
48.0000 1 10632.56064
48.1000 1 8671.72352
48.2000 1 4288.67584
48.3000 1 7277.11744
48.4000 1 6595.54304
48.5000 1 3858.75968
48.6000 1 7696.54784
48.7000 1 7077.888
48.8000 1 8115.97824
48.9000 1 5882.51136
49.0000 1 5756.68224
49.1000 1 5997.85472
49.2000 1 7497.3184
49.3000 1 6375.34208
49.4000 1 5934.94016
49.5000 1 5945.42592
49.6000 1 6983.51616
49.7000 1 6941.57312
49.8000 1 5924.4544
49.9000 1 5777.65376
50.0000 1 6469.71392
50.1000 1 7151.28832
50.2000 1 1205.8624
50.3000 1 8095.00672
50.4000 1 8640.26624
50.5000 1 7990.14912
50.6000 1 5809.11104
50.7000 1 5976.8832
50.8000 1 5987.36896
50.9000 1 7811.8912
51.0000 1 6018.82624
51.1000 1 6018.82624
51.2000 1 5872.0256
51.3000 1 7203.71712
51.4000 1 6878.65856
51.5000 1 5819.5968
51.6000 1 5934.94016
51.7000 1 6490.68544
51.8000 1 7444.8896
51.9000 1 5872.0256
52.0000 1 5976.8832
52.1000 1 6008.34048
52.2000 1 8074.0352
52.3000 1 5945.42592
52.4000 1 5924.4544
52.5000 1 5903.48288
52.6000 1 7486.83264
52.7000 1 6322.91328
52.8000 1 5966.39744
52.9000 1 5934.94016
53.0000 1 6920.6016
53.1000 1 6700.40064
53.2000 1 5546.96704
53.3000 1 5819.5968
53.4000 1 7056.91648
53.5000 1 6606.0288
53.6000 1 5830.08256
53.7000 1 5861.53984
53.8000 1 6941.57312
53.9000 1 6931.08736
54.0000 1 5714.7392
54.1000 1 5641.33888
54.2000 1 6815.744
54.3000 1 6700.40064
54.4000 1 5851.05408
54.5000 1 5882.51136
54.6000 1 6658.4576
54.7000 1 7245.66016
54.8000 1 5955.91168
54.9000 1 5714.7392
55.0000 1 6312.42752
55.1000 1 4571.79136
55.2000 1 1824.52224
55.3000 1 5431.62368
55.4000 1 9384.7552
55.5000 1 10968.10496
55.6000 1 5861.53984
55.7000 1 5924.4544
55.8000 1 6218.05568
55.9000 1 7990.14912
56.0000 1 5903.48288
56.1000 1 5903.48288
56.2000 1 5945.42592
56.3000 1 7811.8912
56.4000 1 6008.34048
56.5000 1 5693.76768
56.6000 1 5830.08256
56.7000 1 7591.69024
56.8000 1 6532.62848
56.9000 1 5924.4544
57.0000 1 5861.53984
57.1000 1 6805.25824
57.2000 1 7402.94656
57.3000 1 5809.11104
57.4000 1 5809.11104
57.5000 1 6123.68384
57.6000 1 7864.32
57.7000 1 6039.79776
57.8000 1 6239.0272
57.9000 1 6259.99872
58.0000 1 7130.3168
58.1000 1 7675.57632
58.2000 1 5809.11104
58.3000 1 5630.85312
58.4000 1 6018.82624
58.5000 1 7748.97664
58.6000 1 5966.39744
58.7000 1 5819.5968
58.8000 1 5840.56832
58.9000 1 7822.37696
59.0000 1 5997.85472
59.1000 1 5966.39744
59.2000 1 5851.05408
59.3000 1 7549.7472
59.4000 1 6354.37056
59.5000 1 5987.36896
59.6000 1 5903.48288
59.7000 1 6910.11584
59.8000 1 7109.34528
59.9000 1 5777.65376
60.0000 1 5620.36736
60.1000 1 6606.0288
60.2000 1 7413.43232
60.3000 1 5630.85312
60.4000 1 5976.8832
60.5000 1 6050.28352
60.6000 1 7885.29152
60.7000 1 5966.39744
60.8000 1 5798.62528
60.9000 1 5651.82464
61.0000 1 7853.83424
61.1000 1 5882.51136
61.2000 1 5840.56832
61.3000 1 5641.33888
61.4000 1 8042.57792
61.5000 1 5746.19648
61.6000 1 5913.96864
61.7000 1 5851.05408
61.8000 1 7675.57632
61.9000 1 6050.28352
62.0000 1 5725.22496
62.1000 1 5819.5968
62.2000 1 7507.80416
62.3000 1 6343.8848
62.4000 1 5955.91168
62.5000 1 5924.4544
62.6000 1 7025.4592
62.7000 1 6742.34368
62.8000 1 5714.7392
62.9000 1 5840.56832
63.0000 1 6784.28672
63.1000 1 6721.37216
63.2000 1 5609.8816
63.3000 1 5924.4544
63.4000 1 6868.1728
63.5000 1 6700.40064
63.6000 1 5588.91008
63.7000 1 5809.11104
63.8000 1 6962.54464
63.9000 1 6868.1728
64.0000 1 5683.28192
64.1000 1 5872.0256
64.2000 1 6679.42912
64.3000 1 7298.08896
64.4000 1 5830.08256
64.5000 1 5809.11104
64.6000 1 6322.91328
64.7000 1 7402.94656
64.8000 1 5546.96704
64.9000 1 5861.53984
65.0000 1 6259.99872
65.1000 1 7402.94656
65.2000 1 5997.85472
65.3000 1 3869.24544
65.4000 1 1866.46528
65.5000 1 7675.57632
65.6000 1 8105.49248
65.7000 1 8346.66496
65.8000 1 6973.0304
65.9000 1 7602.176
66.0000 1 5882.51136
66.1000 1 5976.8832
66.2000 1 5913.96864
66.3000 1 7979.66336
66.4000 1 5809.11104
66.5000 1 5892.99712
66.6000 1 5725.22496
66.7000 1 7864.32
66.8000 1 6176.11264
66.9000 1 5819.5968
67.0000 1 5735.71072
67.1000 1 7444.8896
67.2000 1 6700.40064
67.3000 1 1698.69312
