0.1000 1 0.0
0.2000 1 5075.10784
0.3000 1 4141.8752
0.4000 1 5819.5968
0.5000 1 4299.1616
0.6000 1 5819.5968
0.7000 1 5358.22336
0.8000 1 4194.304
0.9000 1 5882.51136
1.0000 1 7738.49088
1.1000 1 5819.5968
1.2000 1 5630.85312
1.3000 1 5725.22496
1.4000 1 7832.86272
1.5000 1 5672.79616
1.6000 1 5630.85312
1.7000 1 5641.33888
1.8000 1 7696.54784
1.9000 1 5777.65376
2.0000 1 6994.00192
2.1000 1 5934.94016
2.2000 1 7287.6032
2.3000 1 5546.96704
2.4000 1 5536.48128
2.5000 1 6689.91488
2.6000 1 6375.34208
2.7000 1 5651.82464
2.8000 1 5683.28192
2.9000 1 7413.43232
3.0000 1 5882.51136
3.1000 1 5620.36736
3.2000 1 5505.024
3.3000 1 7707.0336
3.4000 1 5609.8816
3.5000 1 5630.85312
3.6000 1 5955.91168
3.7000 1 7371.48928
3.8000 1 5630.85312
3.9000 1 5578.42432
4.0000 1 6480.19968
4.1000 1 6564.08576
4.2000 1 5515.50976
4.3000 1 5452.5952
4.4000 1 7591.69024
4.5000 1 5620.36736
4.6000 1 5484.05248
4.7000 1 5651.82464
4.8000 1 7591.69024
4.9000 1 5609.8816
5.0000 1 5662.3104
5.1000 1 6218.05568
5.2000 1 7182.7456
5.3000 1 5662.3104
5.4000 1 5546.96704
5.5000 1 6731.85792
5.6000 1 6543.11424
5.7000 1 5588.91008
5.8000 1 5567.93856
5.9000 1 7434.40384
6.0000 1 5966.39744
6.1000 1 5620.36736
6.2000 1 5609.8816
6.3000 1 7612.66176
6.4000 1 5567.93856
6.5000 1 5620.36736
6.6000 1 5892.99712
6.7000 1 7444.8896
6.8000 1 5599.39584
6.9000 1 5567.93856
7.0000 1 6480.19968
7.1000 1 6836.71552
7.2000 1 5588.91008
7.3000 1 5546.96704
7.4000 1 7140.80256
7.5000 1 6165.62688
7.6000 1 5599.39584
7.7000 1 5630.85312
7.8000 1 7675.57632
7.9000 1 5672.79616
8.0000 1 5630.85312
8.1000 1 5630.85312
8.2000 1 7675.57632
8.3000 1 5735.71072
8.4000 1 5525.99552
8.5000 1 5955.91168
8.6000 1 7056.91648
8.7000 1 5546.96704
8.8000 1 5725.22496
8.9000 1 6742.34368
9.0000 1 6585.05728
9.1000 1 5662.3104
9.2000 1 5714.7392
9.3000 1 7109.34528
9.4000 1 6071.25504
9.5000 1 5567.93856
9.6000 1 5651.82464
9.7000 1 7591.69024
9.8000 1 5725.22496
9.9000 1 5588.91008
10.0000 1 5704.25344
10.1000 1 7581.20448
10.2000 1 5525.99552
10.3000 1 5599.39584
10.4000 1 6312.42752
10.5000 1 6815.744
10.6000 1 5484.05248
10.7000 1 5473.56672
10.8000 1 7329.54624
10.9000 1 6071.25504
11.0000 1 5609.8816
11.1000 1 5672.79616
11.2000 1 7581.20448
11.3000 1 2915.04128
11.4000 1 3858.75968
11.5000 1 9059.69664
11.6000 1 5630.85312
11.7000 1 5662.3104
11.8000 1 6448.7424
11.9000 1 7004.48768
12.0000 1 5609.8816
12.1000 1 5567.93856
12.2000 1 6857.68704
12.3000 1 6228.54144
12.4000 1 5484.05248
12.5000 1 5567.93856
12.6000 1 7675.57632
12.7000 1 5651.82464
12.8000 1 5599.39584
12.9000 1 5756.68224
13.0000 1 7780.43392
13.1000 1 5735.71072
13.2000 1 5693.76768
13.3000 1 5756.68224
13.4000 1 7413.43232
13.5000 1 5714.7392
13.6000 1 5777.65376
13.7000 1 6270.48448
13.8000 1 7182.7456
13.9000 1 5599.39584
14.0000 1 5410.65216
14.1000 1 6868.1728
14.2000 1 6448.7424
14.3000 1 5484.05248
14.4000 1 5368.70912
14.5000 1 7675.57632
14.6000 1 5557.4528
14.7000 1 5672.79616
14.8000 1 5630.85312
14.9000 1 7717.51936
15.0000 1 5672.79616
15.1000 1 5609.8816
15.2000 1 5987.36896
15.3000 1 7329.54624
15.4000 1 5421.13792
15.5000 1 5442.10944
15.6000 1 6899.63008
15.7000 1 6218.05568
15.8000 1 5609.8816
15.9000 1 5557.4528
16.0000 1 7644.11904
16.1000 1 5536.48128
16.2000 1 5599.39584
16.3000 1 5620.36736
16.4000 1 7507.80416
16.5000 1 5578.42432
16.6000 1 5609.8816
16.7000 1 6375.34208
16.8000 1 7035.94496
16.9000 1 5630.85312
17.0000 1 5431.62368
17.1000 1 7004.48768
17.2000 1 6375.34208
17.3000 1 5431.62368
17.4000 1 5410.65216
17.5000 1 7717.51936
17.6000 1 5599.39584
17.7000 1 5578.42432
17.8000 1 5798.62528
17.9000 1 7528.77568
18.0000 1 5578.42432
18.1000 1 5683.28192
18.2000 1 6301.94176
18.3000 1 7004.48768
18.4000 1 5389.68064
18.5000 1 5442.10944
18.6000 1 7224.68864
18.7000 1 6071.25504
18.8000 1 5662.3104
18.9000 1 5641.33888
19.0000 1 7665.09056
19.1000 1 5442.10944
19.2000 1 5546.96704
19.3000 1 5830.08256
19.4000 1 7381.97504
19.5000 1 5651.82464
19.6000 1 5588.91008
19.7000 1 6511.65696
19.8000 1 6763.3152
19.9000 1 5714.7392
20.0000 1 5588.91008
20.1000 1 7056.91648
20.2000 1 6092.22656
20.3000 1 5463.08096
20.4000 1 5463.08096
20.5000 1 7497.3184
20.6000 1 5494.53824
20.7000 1 5599.39584
20.8000 1 6176.11264
20.9000 1 7056.91648
21.0000 1 5641.33888
21.1000 1 5567.93856
21.2000 1 6773.80096
21.3000 1 6511.65696
21.4000 1 4624.22016
21.5000 1 3858.75968
21.6000 1 5326.76608
21.7000 1 6322.91328
21.8000 1 6868.1728
21.9000 1 5777.65376
22.0000 1 5400.1664
22.1000 1 5546.96704
22.2000 1 7465.86112
22.3000 1 5389.68064
22.4000 1 5316.28032
22.5000 1 6899.63008
22.6000 1 5892.99712
22.7000 1 5421.13792
22.8000 1 5567.93856
22.9000 1 7486.83264
23.0000 1 5515.50976
23.1000 1 5494.53824
23.2000 1 6448.7424
23.3000 1 6249.51296
23.4000 1 5337.25184
23.5000 1 5431.62368
23.6000 1 7402.94656
23.7000 1 5525.99552
23.8000 1 5410.65216
23.9000 1 6448.7424
24.0000 1 6448.7424
24.1000 1 5442.10944
24.2000 1 5452.5952
24.3000 1 7507.80416
24.4000 1 5368.70912
24.5000 1 5536.48128
24.6000 1 6071.25504
24.7000 1 6826.22976
24.8000 1 5463.08096
24.9000 1 5389.68064
25.0000 1 7256.14592
25.1000 1 5505.024
25.2000 1 5389.68064
25.3000 1 6071.25504
25.4000 1 6710.8864
25.5000 1 5494.53824
25.6000 1 5431.62368
25.7000 1 7455.37536
25.8000 1 5410.65216
25.9000 1 5431.62368
26.0000 1 5934.94016
26.1000 1 7004.48768
26.2000 1 5505.024
26.3000 1 5536.48128
26.4000 1 7046.43072
26.5000 1 5861.53984
26.6000 1 5442.10944
26.7000 1 5505.024
26.8000 1 7140.80256
26.9000 1 5536.48128
27.0000 1 5410.65216
27.1000 1 6983.51616
27.2000 1 5767.168
27.3000 1 5379.19488
27.4000 1 5672.79616
27.5000 1 7088.37376
27.6000 1 5347.7376
27.7000 1 5505.024
27.8000 1 7172.25984
27.9000 1 5567.93856
28.0000 1 5400.1664
28.1000 1 5840.56832
28.2000 1 7046.43072
28.3000 1 5400.1664
28.4000 1 5421.13792
28.5000 1 7256.14592
28.6000 1 5735.71072
28.7000 1 5337.25184
28.8000 1 5683.28192
28.9000 1 7046.43072
29.0000 1 5588.91008
29.1000 1 5463.08096
29.2000 1 7056.91648
29.3000 1 5651.82464
29.4000 1 5242.88
29.5000 1 5788.13952
29.6000 1 7046.43072
29.7000 1 5295.3088
29.8000 1 5326.76608
29.9000 1 7235.1744
30.0000 1 5221.90848
30.1000 1 5389.68064
30.2000 1 6291.456
30.3000 1 6543.11424
30.4000 1 5421.13792
30.5000 1 5546.96704
30.6000 1 7413.43232
30.7000 1 4162.84672
30.8000 1 5672.79616
30.9000 1 7098.85952
31.0000 1 6259.99872
31.1000 1 5525.99552
31.2000 1 5578.42432
31.3000 1 7633.63328
31.4000 1 5693.76768
31.5000 1 5578.42432
31.6000 1 5672.79616
31.7000 1 7675.57632
31.8000 1 5515.50976
31.9000 1 5620.36736
32.0000 1 6228.54144
32.1000 1 7046.43072
32.2000 1 5714.7392
32.3000 1 5505.024
32.4000 1 6889.14432
32.5000 1 6008.34048
32.6000 1 5725.22496
32.7000 1 5567.93856
32.8000 1 7654.6048
32.9000 1 5442.10944
33.0000 1 5452.5952
33.1000 1 6029.312
33.2000 1 7161.77408
33.3000 1 5599.39584
33.4000 1 5410.65216
33.5000 1 6910.11584
33.6000 1 6270.48448
33.7000 1 5630.85312
33.8000 1 5662.3104
33.9000 1 7539.26144
34.0000 1 5714.7392
34.1000 1 5651.82464
34.2000 1 5536.48128
34.3000 1 7570.71872
34.4000 1 5704.25344
34.5000 1 5693.76768
34.6000 1 6018.82624
34.7000 1 7025.4592
34.8000 1 5578.42432
34.9000 1 5431.62368
35.0000 1 7140.80256
35.1000 1 5735.71072
35.2000 1 5505.024
35.3000 1 5505.024
35.4000 1 7308.57472
35.5000 1 5463.08096
35.6000 1 5494.53824
35.7000 1 6784.28672
35.8000 1 6165.62688
35.9000 1 5515.50976
36.0000 1 5358.22336
36.1000 1 7423.91808
36.2000 1 5326.76608
36.3000 1 5200.93696
36.4000 1 6868.1728
36.5000 1 5934.94016
36.6000 1 5442.10944
36.7000 1 5546.96704
36.8000 1 7423.91808
36.9000 1 5379.19488
37.0000 1 5358.22336
37.1000 1 6815.744
37.2000 1 6071.25504
37.3000 1 5421.13792
37.4000 1 5316.28032
37.5000 1 7361.00352
37.6000 1 5452.5952
37.7000 1 5421.13792
37.8000 1 6784.28672
37.9000 1 5997.85472
38.0000 1 5347.7376
38.1000 1 5463.08096
38.2000 1 7371.48928
38.3000 1 3219.12832
38.4000 1 4246.7328
38.5000 1 8493.4656
38.6000 1 5557.4528
38.7000 1 5588.91008
38.8000 1 7308.57472
38.9000 1 6280.97024
39.0000 1 5746.19648
39.1000 1 5693.76768
39.2000 1 7361.00352
39.3000 1 5767.168
39.4000 1 5211.42272
39.5000 1 5788.13952
39.6000 1 7476.34688
39.7000 1 5630.85312
39.8000 1 5641.33888
39.9000 1 6364.85632
40.0000 1 6994.00192
40.1000 1 5620.36736
40.2000 1 5662.3104
40.3000 1 6826.22976
40.4000 1 6543.11424
40.5000 1 5599.39584
40.6000 1 5651.82464
40.7000 1 7319.06048
40.8000 1 6039.79776
40.9000 1 5704.25344
41.0000 1 5630.85312
41.1000 1 7654.6048
41.2000 1 5578.42432
41.3000 1 5609.8816
41.4000 1 5683.28192
41.5000 1 7717.51936
41.6000 1 5609.8816
41.7000 1 5599.39584
41.8000 1 6176.11264
41.9000 1 7077.888
42.0000 1 4561.3056
42.1000 1 5117.05088
42.2000 1 4760.53504
42.3000 1 4099.93216
42.4000 1 5599.39584
42.5000 1 4089.4464
42.6000 1 5767.168
42.7000 1 4183.81824
42.8000 1 4949.27872
42.9000 1 4980.736
43.0000 1 4875.8784
43.1000 1 6868.1728
43.2000 1 6427.77088
43.3000 1 5588.91008
43.4000 1 5609.8816
43.5000 1 7465.86112
43.6000 1 5651.82464
43.7000 1 5452.5952
43.8000 1 5672.79616
43.9000 1 7455.37536
44.0000 1 5557.4528
44.1000 1 5567.93856
44.2000 1 6574.57152
44.3000 1 6616.51456
44.4000 1 5725.22496
44.5000 1 5714.7392
44.6000 1 7025.4592
44.7000 1 6364.85632
44.8000 1 5557.4528
44.9000 1 5410.65216
45.0000 1 7623.14752
45.1000 1 5756.68224
45.2000 1 5515.50976
45.3000 1 5641.33888
45.4000 1 7381.97504
45.5000 1 5609.8816
45.6000 1 5557.4528
45.7000 1 6532.62848
45.8000 1 6700.40064
45.9000 1 5588.91008
46.0000 1 5557.4528
46.1000 1 7224.68864
46.2000 1 5767.168
46.3000 1 5389.68064
46.4000 1 5662.3104
46.5000 1 7644.11904
46.6000 1 5672.79616
46.7000 1 5672.79616
46.8000 1 6155.14112
46.9000 1 7256.14592
47.0000 1 5662.3104
47.1000 1 5641.33888
47.2000 1 6564.08576
47.3000 1 6679.42912
47.4000 1 5609.8816
47.5000 1 5567.93856
47.6000 1 7266.63168
47.7000 1 5934.94016
47.8000 1 5725.22496
47.9000 1 5641.33888
48.0000 1 7581.20448
48.1000 1 5316.28032
48.2000 1 5410.65216
48.3000 1 6333.39904
48.4000 1 6574.57152
48.5000 1 3303.0144
48.6000 1 5064.62208
48.7000 1 7130.3168
48.8000 1 5473.56672
48.9000 1 5892.99712
49.0000 1 7077.888
49.1000 1 3743.41632
49.2000 1 5525.99552
49.3000 1 6784.28672
49.4000 1 5505.024
49.5000 1 5421.13792
49.6000 1 7507.80416
49.7000 1 5484.05248
49.8000 1 5525.99552
49.9000 1 6134.1696
50.0000 1 7224.68864
50.1000 1 5672.79616
50.2000 1 5578.42432
50.3000 1 6637.48608
50.4000 1 6480.19968
50.5000 1 5557.4528
50.6000 1 5525.99552
50.7000 1 7612.66176
50.8000 1 5232.39424
50.9000 1 5987.36896
51.0000 1 5672.79616
51.1000 1 7686.06208
51.2000 1 5704.25344
51.3000 1 5819.5968
51.4000 1 5830.08256
51.5000 1 7361.00352
51.6000 1 5599.39584
51.7000 1 5641.33888
51.8000 1 6553.6
51.9000 1 6239.0272
52.0000 1 5368.70912
52.1000 1 5494.53824
52.2000 1 7444.8896
52.3000 1 5316.28032
52.4000 1 5494.53824
52.5000 1 6511.65696
52.6000 1 6406.79936
52.7000 1 5442.10944
52.8000 1 5442.10944
52.9000 1 7371.48928
53.0000 1 5567.93856
53.1000 1 5442.10944
53.2000 1 6186.5984
53.3000 1 6490.68544
53.4000 1 5347.7376
53.5000 1 5211.42272
53.6000 1 7361.00352
53.7000 1 5452.5952
53.8000 1 5494.53824
53.9000 1 6553.6
54.0000 1 6343.8848
54.1000 1 5421.13792
54.2000 1 5379.19488
54.3000 1 7235.1744
54.4000 1 5295.3088
54.5000 1 5295.3088
54.6000 1 6994.00192
54.7000 1 5892.99712
54.8000 1 5400.1664
54.9000 1 5473.56672
55.0000 1 5672.79616
55.1000 1 2149.5808
55.2000 1 11565.79328
55.3000 1 6794.77248
55.4000 1 6081.7408
55.5000 1 5463.08096
55.6000 1 5567.93856
55.7000 1 7560.23296
55.8000 1 5484.05248
55.9000 1 5515.50976
56.0000 1 6228.54144
56.1000 1 6826.22976
56.2000 1 5484.05248
56.3000 1 5578.42432
56.4000 1 7266.63168
56.5000 1 5630.85312
56.6000 1 5431.62368
56.7000 1 5683.28192
56.8000 1 7256.14592
56.9000 1 5620.36736
57.0000 1 5599.39584
57.1000 1 6658.4576
57.2000 1 6249.51296
57.3000 1 5484.05248
57.4000 1 5473.56672
57.5000 1 7455.37536
57.6000 1 5536.48128
57.7000 1 5452.5952
57.8000 1 6186.5984
57.9000 1 6532.62848
58.0000 1 5630.85312
58.1000 1 5746.19648
58.2000 1 7203.71712
58.3000 1 6050.28352
58.4000 1 5683.28192
58.5000 1 5672.79616
58.6000 1 5075.10784
58.7000 1 4005.56032
58.8000 1 5484.05248
58.9000 1 9646.8992
59.0000 1 5599.39584
59.1000 1 5693.76768
59.2000 1 5767.168
59.3000 1 7623.14752
59.4000 1 5725.22496
59.5000 1 5756.68224
59.6000 1 5955.91168
59.7000 1 7455.37536
59.8000 1 5683.28192
59.9000 1 5714.7392
60.0000 1 6280.97024
60.1000 1 7245.66016
60.2000 1 5599.39584
60.3000 1 5672.79616
60.4000 1 6564.08576
60.5000 1 6773.80096
60.6000 1 5588.91008
60.7000 1 5452.5952
60.8000 1 7340.032
60.9000 1 6291.456
61.0000 1 5546.96704
61.1000 1 5515.50976
61.2000 1 7560.23296
61.3000 1 5651.82464
61.4000 1 5809.11104
61.5000 1 5683.28192
61.6000 1 7591.69024
61.7000 1 5546.96704
61.8000 1 5704.25344
61.9000 1 6102.71232
62.0000 1 7277.11744
62.1000 1 5746.19648
62.2000 1 5578.42432
62.3000 1 6532.62848
62.4000 1 6637.48608
62.5000 1 5788.13952
62.6000 1 5672.79616
62.7000 1 7035.94496
62.8000 1 6312.42752
62.9000 1 5494.53824
63.0000 1 5609.8816
63.1000 1 7728.00512
63.2000 1 5662.3104
63.3000 1 5809.11104
63.4000 1 5725.22496
63.5000 1 7644.11904
63.6000 1 5662.3104
63.7000 1 5746.19648
63.8000 1 5714.7392
63.9000 1 7654.6048
64.0000 1 5725.22496
64.1000 1 5735.71072
64.2000 1 5882.51136
64.3000 1 7371.48928
64.4000 1 5714.7392
64.5000 1 5578.42432
64.6000 1 6480.19968
64.7000 1 6763.3152
64.8000 1 5746.19648
64.9000 1 5442.10944
65.0000 1 7161.77408
65.1000 1 6249.51296
65.2000 1 5662.3104
65.3000 1 5588.91008
65.4000 1 7707.0336
65.5000 1 5683.28192
65.6000 1 5599.39584
65.7000 1 5630.85312
65.8000 1 7832.86272
65.9000 1 5473.56672
66.0000 1 5599.39584
66.1000 1 6029.312
66.2000 1 7465.86112
66.3000 1 5830.08256
66.4000 1 5683.28192
66.5000 1 6144.65536
66.6000 1 7130.3168
66.7000 1 5693.76768
66.8000 1 5672.79616
66.9000 1 6595.54304
67.0000 1 6931.08736
67.1000 1 5809.11104
67.2000 1 5809.11104
67.3000 1 6616.51456
67.4000 1 6857.68704
67.5000 1 5777.65376
67.6000 1 5672.79616
67.7000 1 6878.65856
67.8000 1 6228.54144
67.9000 1 5693.76768
68.0000 1 5704.25344
68.1000 1 7465.86112
68.2000 1 5934.94016
68.3000 1 5536.48128
68.4000 1 5505.024
68.5000 1 7581.20448
68.6000 1 5767.168
68.7000 1 5704.25344
68.8000 1 2883.584
