0.1000 1 0.0
0.2000 1 7350.51776
0.3000 1 5882.51136
0.4000 1 6102.71232
0.5000 1 6239.0272
0.6000 1 7748.97664
0.7000 1 5903.48288
0.8000 1 5976.8832
0.9000 1 6071.25504
1.0000 1 7811.8912
1.1000 1 6427.77088
1.2000 1 6123.68384
1.3000 1 5976.8832
1.4000 1 6689.91488
1.5000 1 4005.56032
1.6000 1 1132.46208
1.7000 1 6448.7424
1.8000 1 6259.99872
1.9000 1 7811.8912
2.0000 1 5263.85152
2.1000 1 6144.65536
2.2000 1 6218.05568
2.3000 1 8021.6064
2.4000 1 0.0
2.5000 1 6553.6
2.6000 1 8000.63488
2.7000 1 6354.37056
2.8000 1 7738.49088
2.9000 1 7214.20288
3.0000 1 6060.76928
3.1000 1 6176.11264
3.2000 1 6364.85632
3.3000 1 7675.57632
3.4000 1 7056.91648
3.5000 1 6343.8848
3.6000 1 5830.08256
3.7000 1 6637.48608
3.8000 1 7633.63328
3.9000 1 7298.08896
4.0000 1 6364.85632
4.1000 1 6522.14272
4.2000 1 6469.71392
4.3000 1 6794.77248
4.4000 1 7906.26304
4.5000 1 6343.8848
4.6000 1 6375.34208
4.7000 1 6396.3136
4.8000 1 6522.14272
4.9000 1 8178.8928
5.0000 1 6280.97024
5.1000 1 6186.5984
5.2000 1 1059.06176
5.3000 1 0.0
5.4000 1 4991.22176
5.5000 1 6784.28672
5.6000 1 8535.40864
5.7000 1 8199.86432
5.8000 1 6480.19968
5.9000 1 6123.68384
6.0000 1 5966.39744
6.1000 1 6543.11424
6.2000 1 7895.77728
6.3000 1 6239.0272
6.4000 1 6102.71232
6.5000 1 6134.1696
6.6000 1 7119.83104
6.7000 1 7528.77568
6.8000 1 6071.25504
6.9000 1 6102.71232
7.0000 1 6207.56992
7.1000 1 7591.69024
7.2000 1 6973.0304
7.3000 1 5966.39744
7.4000 1 5987.36896
7.5000 1 6249.51296
7.6000 1 8315.20768
7.7000 1 6228.54144
7.8000 1 6197.08416
7.9000 1 6218.05568
8.0000 1 6511.65696
8.1000 1 8420.06528
8.2000 1 6375.34208
8.3000 1 6176.11264
8.4000 1 6280.97024
8.5000 1 6354.37056
8.6000 1 8304.72192
8.7000 1 6794.77248
8.8000 1 6417.28512
8.9000 1 6322.91328
9.0000 1 6176.11264
9.1000 1 7780.43392
9.2000 1 7172.25984
9.3000 1 6081.7408
9.4000 1 6291.456
9.5000 1 6396.3136
9.6000 1 7518.28992
9.7000 1 7277.11744
9.8000 1 6176.11264
9.9000 1 6039.79776
10.0000 1 6092.22656
10.1000 1 7885.29152
10.2000 1 6920.6016
10.3000 1 6197.08416
10.4000 1 6396.3136
10.5000 1 6322.91328
10.6000 1 7665.09056
10.7000 1 7340.032
10.8000 1 6144.65536
10.9000 1 6165.62688
11.0000 1 6270.48448
11.1000 1 7623.14752
11.2000 1 7109.34528
11.3000 1 6406.79936
11.4000 1 3323.98592
11.5000 1 3323.98592
11.6000 1 9510.58432
11.7000 1 7486.83264
11.8000 1 5714.7392
11.9000 1 7371.48928
12.0000 1 6689.91488
12.1000 1 6134.1696
12.2000 1 6301.94176
12.3000 1 6197.08416
12.4000 1 8262.77888
12.5000 1 6899.63008
12.6000 1 6259.99872
12.7000 1 6354.37056
12.8000 1 6312.42752
12.9000 1 7696.54784
13.0000 1 7298.08896
13.1000 1 6354.37056
13.2000 1 6522.14272
13.3000 1 6459.22816
13.4000 1 6857.68704
13.5000 1 8157.92128
13.6000 1 6322.91328
13.7000 1 6480.19968
13.8000 1 6333.39904
13.9000 1 6291.456
14.0000 1 8325.69344
14.1000 1 6710.8864
14.2000 1 6270.48448
14.3000 1 6438.25664
14.4000 1 6501.1712
14.5000 1 7497.3184
14.6000 1 7371.48928
14.7000 1 5903.48288
14.8000 1 6333.39904
14.9000 1 6343.8848
15.0000 1 7696.54784
15.1000 1 7381.97504
15.2000 1 6364.85632
15.3000 1 6417.28512
15.4000 1 6480.19968
15.5000 1 6826.22976
15.6000 1 8063.54944
15.7000 1 6113.19808
15.8000 1 6490.68544
15.9000 1 6291.456
16.0000 1 6553.6
16.1000 1 8315.20768
16.2000 1 6228.54144
16.3000 1 6301.94176
16.4000 1 6176.11264
16.5000 1 6480.19968
16.6000 1 8304.72192
16.7000 1 6029.312
16.8000 1 6417.28512
16.9000 1 6375.34208
17.0000 1 6406.79936
17.1000 1 8367.63648
17.2000 1 6448.7424
17.3000 1 6333.39904
17.4000 1 6249.51296
17.5000 1 6291.456
17.6000 1 7539.26144
17.7000 1 7182.7456
17.8000 1 6218.05568
17.9000 1 6018.82624
18.0000 1 6207.56992
18.1000 1 7822.37696
18.2000 1 7025.4592
18.3000 1 6322.91328
18.4000 1 6280.97024
18.5000 1 6270.48448
18.6000 1 7623.14752
18.7000 1 6983.51616
18.8000 1 6197.08416
18.9000 1 6259.99872
19.0000 1 6270.48448
19.1000 1 7811.8912
19.2000 1 6973.0304
19.3000 1 6259.99872
19.4000 1 6186.5984
19.5000 1 6249.51296
19.6000 1 7780.43392
19.7000 1 6962.54464
19.8000 1 6259.99872
19.9000 1 6039.79776
20.0000 1 6144.65536
20.1000 1 8147.43552
20.2000 1 6532.62848
20.3000 1 6155.14112
20.4000 1 6176.11264
20.5000 1 6259.99872
20.6000 1 8388.608
20.7000 1 6239.0272
20.8000 1 6113.19808
20.9000 1 6207.56992
21.0000 1 6543.11424
21.1000 1 8388.608
21.2000 1 6207.56992
21.3000 1 6113.19808
21.4000 1 6249.51296
21.5000 1 6511.65696
21.6000 1 2852.12672
21.7000 1 3460.3008
21.8000 1 7832.86272
21.9000 1 10297.01632
22.0000 1 5525.99552
22.1000 1 5788.13952
22.2000 1 6102.71232
22.3000 1 7801.40544
22.4000 1 5819.5968
22.5000 1 5735.71072
22.6000 1 5851.05408
22.7000 1 8000.63488
22.8000 1 5819.5968
22.9000 1 6071.25504
23.0000 1 6270.48448
23.1000 1 7350.51776
23.2000 1 7518.28992
23.3000 1 6249.51296
23.4000 1 6301.94176
23.5000 1 6343.8848
23.6000 1 6973.0304
23.7000 1 7518.28992
23.8000 1 6155.14112
23.9000 1 6050.28352
24.0000 1 5987.36896
24.1000 1 7769.94816
24.2000 1 6826.22976
24.3000 1 6207.56992
24.4000 1 6176.11264
24.5000 1 6249.51296
24.6000 1 8147.43552
24.7000 1 6197.08416
24.8000 1 5934.94016
24.9000 1 6029.312
25.0000 1 6931.08736
25.1000 1 7612.66176
25.2000 1 6008.34048
25.3000 1 6039.79776
25.4000 1 6018.82624
25.5000 1 7801.40544
25.6000 1 6532.62848
25.7000 1 6060.76928
25.8000 1 6060.76928
25.9000 1 6564.08576
26.0000 1 6564.08576
26.1000 1 7686.06208
26.2000 1 5945.42592
26.3000 1 5945.42592
26.4000 1 5924.4544
26.5000 1 8000.63488
26.6000 1 6480.19968
26.7000 1 6081.7408
26.8000 1 6039.79776
26.9000 1 6627.00032
27.0000 1 3670.016
27.1000 1 3565.1584
27.2000 1 9604.95616
27.3000 1 8231.3216
27.4000 1 6448.7424
27.5000 1 6249.51296
27.6000 1 6239.0272
27.7000 1 6354.37056
27.8000 1 8210.35008
27.9000 1 6731.85792
28.0000 1 5725.22496
28.1000 1 7214.20288
28.2000 1 6427.77088
28.3000 1 7444.8896
28.4000 1 7581.20448
28.5000 1 6585.05728
28.6000 1 6312.42752
28.7000 1 6501.1712
28.8000 1 6658.4576
28.9000 1 8378.12224
29.0000 1 6427.77088
29.1000 1 6312.42752
29.2000 1 6144.65536
29.3000 1 6333.39904
29.4000 1 8273.26464
29.5000 1 6637.48608
29.6000 1 6438.25664
29.7000 1 6396.3136
29.8000 1 6438.25664
29.9000 1 7465.86112
30.0000 1 7402.94656
30.1000 1 6186.5984
30.2000 1 6280.97024
30.3000 1 6364.85632
30.4000 1 3753.90208
30.5000 1 765.46048
30.6000 1 8808.0384
30.7000 1 10548.67456
30.8000 1 6291.456
30.9000 1 6291.456
31.0000 1 6522.14272
31.1000 1 6364.85632
31.2000 1 5662.3104
31.3000 1 8755.6096
31.4000 1 5934.94016
31.5000 1 6931.08736
31.6000 1 6448.7424
31.7000 1 5567.93856
31.8000 1 2915.04128
31.9000 1 4571.79136
32.0000 1 10527.70304
32.1000 1 7570.71872
32.2000 1 5987.36896
32.3000 1 6249.51296
32.4000 1 6522.14272
32.5000 1 8252.29312
32.6000 1 6039.79776
32.7000 1 6259.99872
32.8000 1 6239.0272
32.9000 1 6668.94336
33.0000 1 8388.608
33.1000 1 6333.39904
33.2000 1 6259.99872
33.3000 1 6186.5984
33.4000 1 6417.28512
33.5000 1 8315.20768
33.6000 1 6627.00032
33.7000 1 6385.82784
33.8000 1 6270.48448
33.9000 1 6123.68384
34.0000 1 8032.09216
34.1000 1 7004.48768
34.2000 1 6228.54144
34.3000 1 6176.11264
34.4000 1 6144.65536
34.5000 1 8021.6064
34.6000 1 6616.51456
34.7000 1 6385.82784
34.8000 1 6270.48448
34.9000 1 6333.39904
35.0000 1 7927.23456
35.1000 1 7214.20288
35.2000 1 6270.48448
35.3000 1 6343.8848
35.4000 1 6207.56992
35.5000 1 7528.77568
35.6000 1 7172.25984
35.7000 1 6123.68384
35.8000 1 6018.82624
35.9000 1 6134.1696
36.0000 1 8021.6064
36.1000 1 6910.11584
36.2000 1 6333.39904
36.3000 1 6511.65696
36.4000 1 6186.5984
36.5000 1 7549.7472
36.6000 1 7392.4608
36.7000 1 6259.99872
36.8000 1 6071.25504
36.9000 1 6165.62688
37.0000 1 7675.57632
37.1000 1 6815.744
37.2000 1 6375.34208
37.3000 1 6176.11264
37.4000 1 5997.85472
37.5000 1 8084.52096
37.6000 1 7004.48768
37.7000 1 6197.08416
37.8000 1 6312.42752
37.9000 1 6312.42752
38.0000 1 7801.40544
38.1000 1 7077.888
38.2000 1 6301.94176
38.3000 1 6291.456
38.4000 1 6322.91328
38.5000 1 7507.80416
38.6000 1 7402.94656
38.7000 1 6417.28512
38.8000 1 6176.11264
38.9000 1 6144.65536
39.0000 1 7402.94656
39.1000 1 6983.51616
39.2000 1 6197.08416
39.3000 1 6312.42752
39.4000 1 6280.97024
39.5000 1 7644.11904
39.6000 1 7014.97344
39.7000 1 6322.91328
39.8000 1 6343.8848
39.9000 1 6144.65536
40.0000 1 7780.43392
40.1000 1 6983.51616
40.2000 1 6165.62688
40.3000 1 6155.14112
40.4000 1 6364.85632
40.5000 1 7832.86272
40.6000 1 7098.85952
40.7000 1 6364.85632
40.8000 1 6343.8848
40.9000 1 6207.56992
41.0000 1 7549.7472
41.1000 1 7308.57472
41.2000 1 6186.5984
41.3000 1 6071.25504
41.4000 1 6270.48448
41.5000 1 7665.09056
41.6000 1 7172.25984
41.7000 1 6197.08416
41.8000 1 6333.39904
41.9000 1 3921.67424
42.0000 1 3984.5888
42.1000 1 7895.77728
42.2000 1 8021.6064
42.3000 1 6815.744
42.4000 1 6931.08736
42.5000 1 5777.65376
42.6000 1 5798.62528
42.7000 1 6616.51456
42.8000 1 7277.11744
42.9000 1 5819.5968
43.0000 1 5872.0256
43.1000 1 6207.56992
43.2000 1 8304.72192
43.3000 1 6742.34368
43.4000 1 6249.51296
43.5000 1 6291.456
43.6000 1 6176.11264
43.7000 1 8157.92128
43.8000 1 6836.71552
43.9000 1 6343.8848
44.0000 1 6406.79936
44.1000 1 6280.97024
44.2000 1 7665.09056
44.3000 1 7298.08896
44.4000 1 6343.8848
44.5000 1 6259.99872
44.6000 1 6312.42752
44.7000 1 7329.54624
44.8000 1 7455.37536
44.9000 1 6459.22816
45.0000 1 6322.91328
45.1000 1 6249.51296
45.2000 1 6973.0304
45.3000 1 7811.8912
45.4000 1 6354.37056
45.5000 1 6249.51296
45.6000 1 6343.8848
45.7000 1 6742.34368
45.8000 1 8053.06368
45.9000 1 6270.48448
46.0000 1 6207.56992
46.1000 1 6301.94176
46.2000 1 6763.3152
46.3000 1 8115.97824
46.4000 1 6239.0272
46.5000 1 6459.22816
46.6000 1 6291.456
46.7000 1 6385.82784
46.8000 1 8273.26464
46.9000 1 6322.91328
47.0000 1 6102.71232
47.1000 1 6176.11264
47.2000 1 6700.40064
47.3000 1 7916.7488
47.4000 1 6364.85632
47.5000 1 6333.39904
47.6000 1 6207.56992
47.7000 1 6679.42912
47.8000 1 7801.40544
47.9000 1 6375.34208
48.0000 1 6228.54144
48.1000 1 6186.5984
48.2000 1 6952.05888
48.3000 1 7843.34848
48.4000 1 6249.51296
48.5000 1 6343.8848
48.6000 1 6333.39904
48.7000 1 6731.85792
48.8000 1 8252.29312
48.9000 1 6218.05568
49.0000 1 6228.54144
49.1000 1 6218.05568
49.2000 1 6647.97184
49.3000 1 8178.8928
49.4000 1 6291.456
49.5000 1 6291.456
49.6000 1 6144.65536
49.7000 1 6616.51456
49.8000 1 8346.66496
49.9000 1 6134.1696
50.0000 1 6165.62688
50.1000 1 6197.08416
50.2000 1 6700.40064
50.3000 1 8210.35008
50.4000 1 6291.456
50.5000 1 6176.11264
50.6000 1 6228.54144
50.7000 1 6543.11424
50.8000 1 8199.86432
50.9000 1 6218.05568
51.0000 1 6354.37056
51.1000 1 6228.54144
51.2000 1 6627.00032
51.3000 1 7969.1776
51.4000 1 6259.99872
51.5000 1 6165.62688
51.6000 1 6165.62688
51.7000 1 6899.63008
51.8000 1 7874.80576
51.9000 1 6322.91328
52.0000 1 6291.456
52.1000 1 3061.84192
52.2000 1 4372.56192
52.3000 1 4592.76288
52.4000 1 7780.43392
52.5000 1 2160.06656
52.6000 1 7864.32
52.7000 1 8241.80736
52.8000 1 8136.94976
52.9000 1 6333.39904
53.0000 1 6532.62848
53.1000 1 5798.62528
53.2000 1 6039.79776
53.3000 1 9154.06848
53.4000 1 6354.37056
53.5000 1 6354.37056
53.6000 1 6427.77088
53.7000 1 6385.82784
53.8000 1 8011.12064
53.9000 1 6962.54464
54.0000 1 6343.8848
54.1000 1 6186.5984
54.2000 1 6301.94176
54.3000 1 4351.5904
54.4000 1 4550.81984
54.5000 1 0.0
54.6000 1 0.0
54.7000 1 0.0
54.8000 1 2673.8688
54.9000 1 11681.13664
55.0000 1 7927.23456
55.1000 1 4655.67744
55.2000 1 283.11552
55.3000 1 188.74368
55.4000 1 9237.95456
55.5000 1 8053.06368
55.6000 1 6333.39904
55.7000 1 6511.65696
55.8000 1 8388.608
55.9000 1 6595.54304
56.0000 1 6280.97024
56.1000 1 6354.37056
56.2000 1 6375.34208
56.3000 1 7927.23456
56.4000 1 6941.57312
56.5000 1 6176.11264
56.6000 1 6343.8848
56.7000 1 6375.34208
56.8000 1 7644.11904
56.9000 1 7056.91648
57.0000 1 6176.11264
57.1000 1 6239.0272
57.2000 1 6459.22816
57.3000 1 7581.20448
57.4000 1 7402.94656
57.5000 1 6249.51296
57.6000 1 6207.56992
57.7000 1 6364.85632
57.8000 1 7298.08896
57.9000 1 7654.6048
58.0000 1 6417.28512
58.1000 1 6280.97024
58.2000 1 3051.35616
58.3000 1 8682.20928
58.4000 1 3953.13152
58.5000 1 10055.84384
58.6000 1 6438.25664
58.7000 1 6490.68544
58.8000 1 8042.57792
58.9000 1 7067.40224
59.0000 1 6543.11424
59.1000 1 6469.71392
59.2000 1 6280.97024
59.3000 1 7161.77408
59.4000 1 7874.80576
59.5000 1 6354.37056
59.6000 1 6102.71232
59.7000 1 6396.3136
59.8000 1 6805.25824
59.9000 1 8315.20768
60.0000 1 6165.62688
60.1000 1 6144.65536
60.2000 1 6375.34208
60.3000 1 6543.11424
60.4000 1 8388.608
60.5000 1 6354.37056
60.6000 1 6322.91328
60.7000 1 6218.05568
60.8000 1 6259.99872
60.9000 1 8367.63648
61.0000 1 6532.62848
61.1000 1 6375.34208
61.2000 1 6197.08416
61.3000 1 6228.54144
61.4000 1 7990.14912
61.5000 1 5861.53984
61.6000 1 5903.48288
61.7000 1 5976.8832
61.8000 1 7581.20448
61.9000 1 6280.97024
62.0000 1 5934.94016
62.1000 1 6029.312
62.2000 1 5075.10784
62.3000 1 2768.24064
62.4000 1 4278.19008
62.5000 1 9258.92608
62.6000 1 9269.41184
62.7000 1 5861.53984
62.8000 1 6113.19808
62.9000 1 6228.54144
63.0000 1 7801.40544
63.1000 1 6312.42752
63.2000 1 6280.97024
63.3000 1 6270.48448
63.4000 1 6857.68704
63.5000 1 7874.80576
63.6000 1 6280.97024
63.7000 1 5861.53984
