0.1000 1 0.0
0.2000 1 7465.86112
0.3000 1 5714.7392
0.4000 1 5746.19648
0.5000 1 6637.48608
0.6000 1 6994.00192
0.7000 1 5662.3104
0.8000 1 5735.71072
0.9000 1 6721.37216
1.0000 1 6836.71552
1.1000 1 5735.71072
1.2000 1 5599.39584
1.3000 1 6899.63008
1.4000 1 6585.05728
1.5000 1 5630.85312
1.6000 1 5672.79616
1.7000 1 7277.11744
1.8000 1 6050.28352
1.9000 1 5641.33888
2.0000 1 5809.11104
2.1000 1 7570.71872
2.2000 1 5851.05408
2.3000 1 5672.79616
2.4000 1 5746.19648
2.5000 1 7707.0336
2.6000 1 5872.0256
2.7000 1 5662.3104
2.8000 1 5662.3104
2.9000 1 7644.11904
3.0000 1 5704.25344
3.1000 1 5693.76768
3.2000 1 5693.76768
3.3000 1 7717.51936
3.4000 1 5641.33888
3.5000 1 5630.85312
3.6000 1 6092.22656
3.7000 1 7329.54624
3.8000 1 5641.33888
3.9000 1 5746.19648
4.0000 1 6375.34208
4.1000 1 7140.80256
4.2000 1 5714.7392
4.3000 1 5672.79616
4.4000 1 6574.57152
4.5000 1 7004.48768
4.6000 1 5830.08256
4.7000 1 5735.71072
4.8000 1 6553.6
4.9000 1 6878.65856
5.0000 1 5599.39584
5.1000 1 5756.68224
5.2000 1 6280.97024
5.3000 1 6941.57312
5.4000 1 5620.36736
5.5000 1 5693.76768
5.6000 1 6868.1728
5.7000 1 6794.77248
5.8000 1 5672.79616
5.9000 1 5756.68224
6.0000 1 6532.62848
6.1000 1 6501.1712
6.2000 1 5284.82304
6.3000 1 5525.99552
6.4000 1 7109.34528
6.5000 1 5557.4528
6.6000 1 5337.25184
6.7000 1 6522.14272
6.8000 1 6469.71392
6.9000 1 5473.56672
7.0000 1 5515.50976
7.1000 1 7570.71872
7.2000 1 5421.13792
7.3000 1 5484.05248
7.4000 1 5903.48288
7.5000 1 6899.63008
7.6000 1 5410.65216
7.7000 1 5515.50976
7.8000 1 7340.032
7.9000 1 5830.08256
8.0000 1 5295.3088
8.1000 1 5620.36736
8.2000 1 7077.888
8.3000 1 5515.50976
8.4000 1 5316.28032
8.5000 1 7151.28832
8.6000 1 5830.08256
8.7000 1 5599.39584
8.8000 1 5525.99552
8.9000 1 7728.00512
9.0000 1 5567.93856
9.1000 1 5368.70912
9.2000 1 6218.05568
9.3000 1 6689.91488
9.4000 1 5463.08096
9.5000 1 5515.50976
9.6000 1 7402.94656
9.7000 1 5368.70912
9.8000 1 5505.024
9.9000 1 5861.53984
10.0000 1 7287.6032
10.1000 1 5546.96704
10.2000 1 5546.96704
10.3000 1 6700.40064
10.4000 1 6721.37216
10.5000 1 5578.42432
10.6000 1 5473.56672
10.7000 1 7109.34528
10.8000 1 6354.37056
10.9000 1 5651.82464
11.0000 1 5567.93856
11.1000 1 7581.20448
11.2000 1 5714.7392
11.3000 1 5704.25344
11.4000 1 5830.08256
11.5000 1 7161.77408
11.6000 1 5368.70912
11.7000 1 5358.22336
11.8000 1 6731.85792
11.9000 1 5379.19488
12.0000 1 5473.56672
12.1000 1 5945.42592
12.2000 1 7465.86112
12.3000 1 5892.99712
12.4000 1 5096.07936
12.5000 1 6574.57152
12.6000 1 1782.5792
12.7000 1 304.08704
12.8000 1 136.31488
12.9000 1 356.51584
13.0000 1 5452.5952
13.1000 1 6008.34048
13.2000 1 5316.28032
13.3000 1 5767.168
13.4000 1 2149.5808
13.5000 1 6239.0272
13.6000 1 6784.28672
13.7000 1 6343.8848
13.8000 1 5693.76768
13.9000 1 6301.94176
14.0000 1 5966.39744
14.1000 1 3544.18688
14.2000 1 1258.2912
14.3000 1 1373.63456
14.4000 1 4991.22176
14.5000 1 7843.34848
14.6000 1 618.65984
14.7000 1 7444.8896
14.8000 1 5966.39744
14.9000 1 5672.79616
15.0000 1 5767.168
15.1000 1 7843.34848
15.2000 1 5746.19648
15.3000 1 5651.82464
15.4000 1 5735.71072
15.5000 1 7686.06208
15.6000 1 5672.79616
15.7000 1 5913.96864
15.8000 1 6029.312
15.9000 1 7696.54784
16.0000 1 5599.39584
16.1000 1 5903.48288
16.2000 1 5756.68224
16.3000 1 7277.11744
16.4000 1 5588.91008
16.5000 1 5683.28192
16.6000 1 3313.50016
16.7000 1 1373.63456
16.8000 1 5505.024
16.9000 1 5662.3104
17.0000 1 7308.57472
17.1000 1 5651.82464
17.2000 1 5473.56672
17.3000 1 5599.39584
17.4000 1 7025.4592
17.5000 1 5169.47968
17.6000 1 5232.39424
17.7000 1 7686.06208
17.8000 1 5557.4528
17.9000 1 5232.39424
18.0000 1 5945.42592
18.1000 1 11408.50688
18.2000 1 5882.51136
18.3000 1 5809.11104
18.4000 1 6469.71392
18.5000 1 7140.80256
18.6000 1 5830.08256
18.7000 1 5756.68224
18.8000 1 6427.77088
18.9000 1 7067.40224
19.0000 1 5903.48288
19.1000 1 5892.99712
19.2000 1 6239.0272
19.3000 1 7623.14752
19.4000 1 5651.82464
19.5000 1 5714.7392
19.6000 1 6113.19808
19.7000 1 7361.00352
19.8000 1 5714.7392
19.9000 1 5578.42432
20.0000 1 6511.65696
20.1000 1 7025.4592
20.2000 1 5641.33888
20.3000 1 5819.5968
20.4000 1 6564.08576
20.5000 1 6952.05888
20.6000 1 5840.56832
20.7000 1 5756.68224
20.8000 1 6553.6
20.9000 1 7140.80256
21.0000 1 5767.168
21.1000 1 5809.11104
21.2000 1 6438.25664
21.3000 1 7256.14592
21.4000 1 5693.76768
21.5000 1 5463.08096
21.6000 1 6668.94336
21.7000 1 6857.68704
21.8000 1 5777.65376
21.9000 1 5777.65376
22.0000 1 6658.4576
22.1000 1 6952.05888
22.2000 1 5609.8816
22.3000 1 5767.168
22.4000 1 6784.28672
22.5000 1 6585.05728
22.6000 1 5809.11104
22.7000 1 5672.79616
22.8000 1 7014.97344
22.9000 1 6585.05728
23.0000 1 5798.62528
23.1000 1 5620.36736
23.2000 1 7035.94496
23.3000 1 6543.11424
23.4000 1 5693.76768
23.5000 1 5966.39744
23.6000 1 6920.6016
23.7000 1 6689.91488
23.8000 1 5599.39584
23.9000 1 5714.7392
24.0000 1 7140.80256
24.1000 1 6354.37056
24.2000 1 5830.08256
24.3000 1 5735.71072
24.4000 1 7235.1744
24.5000 1 6280.97024
24.6000 1 5683.28192
24.7000 1 5651.82464
24.8000 1 7413.43232
24.9000 1 6176.11264
25.0000 1 5693.76768
25.1000 1 5515.50976
25.2000 1 7738.49088
25.3000 1 5641.33888
25.4000 1 5473.56672
25.5000 1 5798.62528
25.6000 1 7874.80576
25.7000 1 5840.56832
25.8000 1 5662.3104
25.9000 1 5588.91008
26.0000 1 7832.86272
26.1000 1 5767.168
26.2000 1 5620.36736
26.3000 1 5945.42592
26.4000 1 7277.11744
26.5000 1 5830.08256
26.6000 1 5630.85312
26.7000 1 6333.39904
26.8000 1 6941.57312
26.9000 1 5651.82464
27.0000 1 5767.168
27.1000 1 6742.34368
27.2000 1 6543.11424
27.3000 1 5546.96704
27.4000 1 5389.68064
27.5000 1 7602.176
27.6000 1 5819.5968
27.7000 1 5662.3104
27.8000 1 5851.05408
27.9000 1 7654.6048
28.0000 1 5693.76768
28.1000 1 5840.56832
28.2000 1 5714.7392
28.3000 1 7591.69024
28.4000 1 5809.11104
28.5000 1 5767.168
28.6000 1 5725.22496
28.7000 1 7811.8912
28.8000 1 5536.48128
28.9000 1 5704.25344
29.0000 1 5840.56832
29.1000 1 7654.6048
29.2000 1 5672.79616
29.3000 1 5599.39584
29.4000 1 6207.56992
29.5000 1 7151.28832
29.6000 1 5693.76768
29.7000 1 5567.93856
29.8000 1 6731.85792
29.9000 1 6417.28512
30.0000 1 5567.93856
30.1000 1 5536.48128
30.2000 1 7549.7472
30.3000 1 6060.76928
30.4000 1 5620.36736
30.5000 1 5714.7392
30.6000 1 7686.06208
30.7000 1 5735.71072
30.8000 1 5767.168
30.9000 1 5599.39584
31.0000 1 7675.57632
31.1000 1 5798.62528
31.2000 1 5777.65376
31.3000 1 5651.82464
31.4000 1 7717.51936
31.5000 1 5788.13952
31.6000 1 5683.28192
31.7000 1 5840.56832
31.8000 1 7654.6048
31.9000 1 5683.28192
32.0000 1 5819.5968
32.1000 1 5997.85472
32.2000 1 7371.48928
32.3000 1 5777.65376
32.4000 1 5704.25344
32.5000 1 6280.97024
32.6000 1 7088.37376
32.7000 1 5515.50976
32.8000 1 5798.62528
32.9000 1 6689.91488
33.0000 1 6627.00032
33.1000 1 5693.76768
33.2000 1 5641.33888
33.3000 1 7130.3168
33.4000 1 6134.1696
33.5000 1 5620.36736
33.6000 1 5452.5952
33.7000 1 7581.20448
33.8000 1 5683.28192
33.9000 1 5662.3104
34.0000 1 5819.5968
34.1000 1 7518.28992
34.2000 1 5609.8816
34.3000 1 5505.024
34.4000 1 6469.71392
34.5000 1 6826.22976
34.6000 1 5578.42432
34.7000 1 5515.50976
34.8000 1 7235.1744
34.9000 1 6312.42752
35.0000 1 5725.22496
35.1000 1 5609.8816
35.2000 1 7528.77568
35.3000 1 5809.11104
35.4000 1 5620.36736
35.5000 1 5599.39584
35.6000 1 7686.06208
35.7000 1 2915.04128
35.8000 1 3093.2992
35.9000 1 8115.97824
36.0000 1 7728.00512
36.1000 1 6039.79776
36.2000 1 5934.94016
36.3000 1 7644.11904
36.4000 1 5704.25344
36.5000 1 5725.22496
36.6000 1 6029.312
36.7000 1 7581.20448
36.8000 1 5767.168
36.9000 1 5777.65376
37.0000 1 5966.39744
37.1000 1 7560.23296
37.2000 1 5746.19648
37.3000 1 4781.50656
37.4000 1 0.0
37.5000 1 3690.98752
37.6000 1 10527.70304
37.7000 1 5809.11104
37.8000 1 5830.08256
37.9000 1 6375.34208
38.0000 1 7277.11744
38.1000 1 5693.76768
38.2000 1 5536.48128
38.3000 1 6564.08576
38.4000 1 6857.68704
38.5000 1 5588.91008
38.6000 1 10517.21728
38.7000 1 5756.68224
38.8000 1 5788.13952
38.9000 1 7371.48928
39.0000 1 6249.51296
39.1000 1 5651.82464
39.2000 1 5777.65376
39.3000 1 7402.94656
39.4000 1 6228.54144
39.5000 1 5798.62528
39.6000 1 5641.33888
39.7000 1 9363.78368
39.8000 1 6543.11424
39.9000 1 7004.48768
40.0000 1 5662.3104
40.1000 1 5525.99552
40.2000 1 6920.6016
40.3000 1 6553.6
40.4000 1 1918.89408
40.5000 1 1289.74848
40.6000 1 7581.20448
40.7000 1 7790.91968
40.8000 1 7413.43232
40.9000 1 5819.5968
41.0000 1 5746.19648
41.1000 1 6197.08416
41.2000 1 7287.6032
41.3000 1 5788.13952
41.4000 1 5620.36736
41.5000 1 8860.4672
41.6000 1 5945.42592
41.7000 1 7518.28992
41.8000 1 5882.51136
41.9000 1 5819.5968
42.0000 1 5872.0256
42.1000 1 7728.00512
42.2000 1 5819.5968
42.3000 1 5746.19648
42.4000 1 5861.53984
42.5000 1 7644.11904
42.6000 1 5588.91008
42.7000 1 5746.19648
42.8000 1 6165.62688
42.9000 1 346.03008
43.0000 1 0.0
43.1000 1 6197.08416
43.2000 1 9814.67136
43.3000 1 5777.65376
43.4000 1 5651.82464
43.5000 1 5746.19648
43.6000 1 7675.57632
43.7000 1 5683.28192
43.8000 1 5693.76768
43.9000 1 6060.76928
44.0000 1 7581.20448
44.1000 1 5704.25344
44.2000 1 5693.76768
44.3000 1 6144.65536
44.4000 1 7350.51776
44.5000 1 5662.3104
44.6000 1 5777.65376
44.7000 1 6364.85632
44.8000 1 7056.91648
44.9000 1 5840.56832
45.0000 1 5840.56832
45.1000 1 6469.71392
45.2000 1 6983.51616
45.3000 1 5725.22496
45.4000 1 5620.36736
45.5000 1 6784.28672
45.6000 1 6742.34368
45.7000 1 4477.41952
45.8000 1 2181.03808
45.9000 1 6459.22816
46.0000 1 8126.464
46.1000 1 7004.48768
46.2000 1 6857.68704
46.3000 1 6721.37216
46.4000 1 5756.68224
46.5000 1 5714.7392
46.6000 1 7004.48768
46.7000 1 6364.85632
46.8000 1 5494.53824
46.9000 1 5515.50976
47.0000 1 7612.66176
47.1000 1 5599.39584
47.2000 1 5819.5968
47.3000 1 5735.71072
47.4000 1 7822.37696
47.5000 1 5756.68224
47.6000 1 5683.28192
47.7000 1 5851.05408
47.8000 1 7843.34848
47.9000 1 5630.85312
48.0000 1 5599.39584
48.1000 1 5798.62528
48.2000 1 7539.26144
48.3000 1 5777.65376
48.4000 1 5840.56832
48.5000 1 5987.36896
48.6000 1 7507.80416
48.7000 1 5809.11104
48.8000 1 5714.7392
48.9000 1 6113.19808
49.0000 1 7329.54624
49.1000 1 5641.33888
49.2000 1 5463.08096
49.3000 1 6647.97184
49.4000 1 6742.34368
49.5000 1 5704.25344
49.6000 1 5683.28192
49.7000 1 7056.91648
49.8000 1 6375.34208
49.9000 1 5693.76768
50.0000 1 5693.76768
50.1000 1 7308.57472
50.2000 1 6113.19808
50.3000 1 5735.71072
50.4000 1 5651.82464
50.5000 1 7738.49088
50.6000 1 5651.82464
50.7000 1 5693.76768
50.8000 1 5788.13952
50.9000 1 7780.43392
51.0000 1 5662.3104
51.1000 1 5683.28192
51.2000 1 5746.19648
51.3000 1 7801.40544
51.4000 1 5588.91008
51.5000 1 5714.7392
51.6000 1 5851.05408
51.7000 1 7444.8896
51.8000 1 5735.71072
51.9000 1 5578.42432
52.0000 1 6385.82784
52.1000 1 6868.1728
52.2000 1 5693.76768
52.3000 1 5767.168
52.4000 1 6794.77248
52.5000 1 6668.94336
52.6000 1 5693.76768
52.7000 1 5410.65216
52.8000 1 7392.4608
52.9000 1 5882.51136
53.0000 1 5557.4528
53.1000 1 5651.82464
53.2000 1 7707.0336
53.3000 1 5746.19648
53.4000 1 5578.42432
53.5000 1 5735.71072
53.6000 1 7728.00512
53.7000 1 5693.76768
53.8000 1 5630.85312
53.9000 1 6029.312
54.0000 1 7402.94656
54.1000 1 5672.79616
54.2000 1 5746.19648
54.3000 1 6259.99872
54.4000 1 7319.06048
54.5000 1 5683.28192
54.6000 1 5714.7392
54.7000 1 6459.22816
54.8000 1 7004.48768
54.9000 1 5672.79616
55.0000 1 5672.79616
55.1000 1 6773.80096
55.2000 1 6773.80096
55.3000 1 5735.71072
55.4000 1 5662.3104
55.5000 1 6952.05888
55.6000 1 6291.456
55.7000 1 5746.19648
55.8000 1 5704.25344
55.9000 1 5169.47968
56.0000 1 2841.64096
56.1000 1 4592.76288
56.2000 1 11135.87712
56.3000 1 5777.65376
56.4000 1 5693.76768
56.5000 1 5662.3104
56.6000 1 7759.4624
56.7000 1 5819.5968
56.8000 1 5609.8816
56.9000 1 5903.48288
57.0000 1 7507.80416
57.1000 1 5599.39584
57.2000 1 5767.168
57.3000 1 6322.91328
57.4000 1 7161.77408
57.5000 1 5798.62528
57.6000 1 5725.22496
57.7000 1 6427.77088
57.8000 1 7266.63168
57.9000 1 5567.93856
58.0000 1 5630.85312
58.1000 1 6637.48608
58.2000 1 6658.4576
58.3000 1 5714.7392
58.4000 1 5851.05408
58.5000 1 6889.14432
58.6000 1 6480.19968
58.7000 1 5620.36736
58.8000 1 5704.25344
58.9000 1 7245.66016
59.0000 1 6144.65536
59.1000 1 5578.42432
59.2000 1 5809.11104
59.3000 1 7675.57632
59.4000 1 5830.08256
59.5000 1 5620.36736
59.6000 1 5735.71072
59.7000 1 7780.43392
59.8000 1 5641.33888
59.9000 1 5578.42432
60.0000 1 5872.0256
60.1000 1 7675.57632
60.2000 1 5872.0256
60.3000 1 5662.3104
60.4000 1 5693.76768
60.5000 1 7759.4624
60.6000 1 5672.79616
60.7000 1 5798.62528
60.8000 1 5683.28192
60.9000 1 7686.06208
61.0000 1 5777.65376
61.1000 1 5651.82464
61.2000 1 5851.05408
61.3000 1 7528.77568
61.4000 1 5756.68224
61.5000 1 5809.11104
61.6000 1 5987.36896
61.7000 1 7707.0336
61.8000 1 5735.71072
61.9000 1 5630.85312
62.0000 1 6092.22656
62.1000 1 7203.71712
62.2000 1 5683.28192
62.3000 1 5536.48128
62.4000 1 6700.40064
62.5000 1 6637.48608
62.6000 1 5798.62528
62.7000 1 5557.4528
62.8000 1 7098.85952
62.9000 1 6113.19808
63.0000 1 5777.65376
63.1000 1 5725.22496
63.2000 1 7497.3184
63.3000 1 5872.0256
63.4000 1 5630.85312
63.5000 1 5567.93856
63.6000 1 7539.26144
63.7000 1 5725.22496
63.8000 1 5693.76768
63.9000 1 5851.05408
64.0000 1 7717.51936
64.1000 1 5704.25344
64.2000 1 5704.25344
64.3000 1 6060.76928
64.4000 1 7277.11744
64.5000 1 5557.4528
64.6000 1 5609.8816
64.7000 1 6668.94336
64.8000 1 6815.744
64.9000 1 5630.85312
65.0000 1 5683.28192
65.1000 1 7056.91648
65.2000 1 6291.456
65.3000 1 5840.56832
65.4000 1 5683.28192
65.5000 1 7340.032
65.6000 1 1971.32288
65.7000 1 6123.68384
65.8000 1 8619.29472
65.9000 1 7172.25984
66.0000 1 5662.3104
66.1000 1 3177.18528
66.2000 1 4320.13312
66.3000 1 7633.63328
66.4000 1 7549.7472
66.5000 1 6364.85632
66.6000 1 2023.75168
66.7000 1 7654.6048
66.8000 1 7738.49088
66.9000 1 7686.06208
67.0000 1 6029.312
67.1000 1 5693.76768
67.2000 1 5756.68224
67.3000 1 7675.57632
67.4000 1 5819.5968
67.5000 1 5725.22496
67.6000 1 5284.82304
67.7000 1 8199.86432
67.8000 1 5662.3104
67.9000 1 5756.68224
68.0000 1 5735.71072
68.1000 1 7728.00512
68.2000 1 5714.7392
68.3000 1 5746.19648
68.4000 1 964.68992
