0.1000 1 0.0
0.2000 1 6155.14112
0.3000 1 5337.25184
0.4000 1 5347.7376
0.5000 1 6889.14432
0.6000 1 5106.56512
0.7000 1 5022.67904
0.8000 1 7056.91648
0.9000 1 5578.42432
1.0000 1 5725.22496
1.1000 1 6543.11424
1.2000 1 6396.3136
1.3000 1 5788.13952
1.4000 1 5630.85312
1.5000 1 7329.54624
1.6000 1 5693.76768
1.7000 1 5012.19328
1.8000 1 6071.25504
1.9000 1 6574.57152
2.0000 1 5096.07936
2.1000 1 5211.42272
2.2000 1 7224.68864
2.3000 1 5054.13632
2.4000 1 5085.5936
2.5000 1 7623.14752
2.6000 1 5295.3088
2.7000 1 5096.07936
2.8000 1 6322.91328
2.9000 1 6018.82624
3.0000 1 5117.05088
3.1000 1 5630.85312
3.2000 1 6312.42752
3.3000 1 5138.0224
3.4000 1 5295.3088
3.5000 1 7109.34528
3.6000 1 5452.5952
3.7000 1 5232.39424
3.8000 1 7308.57472
3.9000 1 5001.70752
4.0000 1 5190.4512
4.1000 1 6973.0304
4.2000 1 5840.56832
4.3000 1 5337.25184
4.4000 1 5777.65376
4.5000 1 7728.00512
4.6000 1 5400.1664
4.7000 1 5379.19488
4.8000 1 6039.79776
4.9000 1 6585.05728
5.0000 1 5316.28032
5.1000 1 4970.25024
5.2000 1 8315.20768
5.3000 1 5892.99712
5.4000 1 5578.42432
5.5000 1 5442.10944
5.6000 1 10443.81696
5.7000 1 6071.25504
5.8000 1 6857.68704
5.9000 1 1625.2928
6.0000 1 1342.17728
6.1000 1 6910.11584
6.2000 1 5295.3088
6.3000 1 5148.50816
6.4000 1 5913.96864
6.5000 1 838.8608
6.6000 1 7035.94496
6.7000 1 5463.08096
6.8000 1 5326.76608
6.9000 1 6878.65856
7.0000 1 5536.48128
7.1000 1 5442.10944
7.2000 1 5767.168
7.3000 1 5096.07936
7.4000 1 3061.84192
7.5000 1 5368.70912
7.6000 1 5368.70912
7.7000 1 6239.0272
7.8000 1 6134.1696
7.9000 1 5138.0224
8.0000 1 5484.05248
8.1000 1 6952.05888
8.2000 1 1394.60608
8.3000 1 5630.85312
8.4000 1 4980.736
8.5000 1 6176.11264
8.6000 1 6176.11264
8.7000 1 5232.39424
8.8000 1 7035.94496
8.9000 1 12876.51328
9.0000 1 5452.5952
9.1000 1 0.0
9.2000 1 7780.43392
9.3000 1 8755.6096
9.4000 1 8566.86592
9.5000 1 6165.62688
9.6000 1 6071.25504
9.7000 1 7748.97664
9.8000 1 8304.72192
9.9000 1 7245.66016
10.0000 1 6123.68384
10.1000 1 6123.68384
10.2000 1 5987.36896
10.3000 1 8147.43552
10.4000 1 6459.22816
10.5000 1 6134.1696
10.6000 1 6207.56992
10.7000 1 6291.456
10.8000 1 8283.7504
10.9000 1 6207.56992
11.0000 1 6291.456
11.1000 1 6186.5984
11.2000 1 6522.14272
11.3000 1 8178.8928
11.4000 1 6239.0272
11.5000 1 6144.65536
11.6000 1 6312.42752
11.7000 1 6564.08576
11.8000 1 8032.09216
11.9000 1 6144.65536
12.0000 1 6176.11264
12.1000 1 6218.05568
12.2000 1 6931.08736
12.3000 1 8000.63488
12.4000 1 6176.11264
12.5000 1 6155.14112
12.6000 1 6071.25504
12.7000 1 7004.48768
12.8000 1 7518.28992
12.9000 1 6165.62688
13.0000 1 6218.05568
13.1000 1 6123.68384
13.2000 1 7434.40384
13.3000 1 6889.14432
13.4000 1 6270.48448
13.5000 1 6259.99872
13.6000 1 6165.62688
13.7000 1 7948.20608
13.8000 1 6763.3152
13.9000 1 6165.62688
14.0000 1 6270.48448
14.1000 1 6186.5984
14.2000 1 8063.54944
14.3000 1 6710.8864
14.4000 1 6228.54144
14.5000 1 6270.48448
14.6000 1 6039.79776
14.7000 1 8304.72192
14.8000 1 6574.57152
14.9000 1 6207.56992
15.0000 1 6218.05568
15.1000 1 6144.65536
15.2000 1 8346.66496
15.3000 1 6627.00032
15.4000 1 6228.54144
15.5000 1 6102.71232
15.6000 1 6197.08416
15.7000 1 8262.77888
15.8000 1 6469.71392
15.9000 1 6438.25664
16.0000 1 6144.65536
16.1000 1 6186.5984
16.2000 1 8367.63648
16.3000 1 6134.1696
16.4000 1 6071.25504
16.5000 1 6102.71232
16.6000 1 6815.744
16.7000 1 7738.49088
16.8000 1 6249.51296
16.9000 1 5033.1648
17.0000 1 1824.52224
17.1000 1 5599.39584
17.2000 1 9521.07008
17.3000 1 8241.80736
17.4000 1 6081.7408
17.5000 1 8220.83584
17.6000 1 6469.71392
17.7000 1 6134.1696
17.8000 1 6008.34048
17.9000 1 6406.79936
18.0000 1 8388.608
18.1000 1 6354.37056
18.2000 1 6406.79936
18.3000 1 6155.14112
18.4000 1 6385.82784
18.5000 1 8336.1792
18.6000 1 6176.11264
18.7000 1 6176.11264
18.8000 1 6312.42752
18.9000 1 6469.71392
19.0000 1 8430.55104
19.1000 1 6312.42752
19.2000 1 6176.11264
19.3000 1 6280.97024
19.4000 1 6322.91328
19.5000 1 8273.26464
19.6000 1 6385.82784
19.7000 1 6123.68384
19.8000 1 5987.36896
19.9000 1 6616.51456
20.0000 1 7707.0336
20.1000 1 6186.5984
20.2000 1 6280.97024
20.3000 1 6270.48448
20.4000 1 7077.888
20.5000 1 7654.6048
20.6000 1 6176.11264
20.7000 1 6218.05568
20.8000 1 6018.82624
20.9000 1 7413.43232
21.0000 1 7423.91808
21.1000 1 6228.54144
21.2000 1 6406.79936
21.3000 1 6239.0272
21.4000 1 7224.68864
21.5000 1 7287.6032
21.6000 1 6343.8848
21.7000 1 6228.54144
21.8000 1 6060.76928
21.9000 1 7591.69024
22.0000 1 7109.34528
22.1000 1 6270.48448
22.2000 1 6071.25504
22.3000 1 6123.68384
22.4000 1 7874.80576
22.5000 1 6710.8864
22.6000 1 6270.48448
22.7000 1 6081.7408
22.8000 1 6071.25504
22.9000 1 8388.608
23.0000 1 6092.22656
23.1000 1 6008.34048
23.2000 1 5987.36896
23.3000 1 7077.888
23.4000 1 6910.11584
23.5000 1 5830.08256
23.6000 1 5987.36896
23.7000 1 6312.42752
23.8000 1 7822.37696
23.9000 1 6039.79776
24.0000 1 6018.82624
24.1000 1 5934.94016
24.2000 1 7644.11904
24.3000 1 6459.22816
24.4000 1 5892.99712
24.5000 1 6553.6
24.6000 1 6239.0272
24.7000 1 7885.29152
24.8000 1 6102.71232
24.9000 1 5945.42592
25.0000 1 6197.08416
25.1000 1 7402.94656
25.2000 1 6700.40064
25.3000 1 5955.91168
25.4000 1 6071.25504
25.5000 1 6417.28512
25.6000 1 7707.0336
25.7000 1 5987.36896
25.8000 1 5955.91168
25.9000 1 5934.94016
26.0000 1 7769.94816
26.1000 1 6354.37056
26.2000 1 5997.85472
26.3000 1 5955.91168
26.4000 1 6815.744
26.5000 1 7434.40384
26.6000 1 6060.76928
26.7000 1 6123.68384
26.8000 1 6343.8848
26.9000 1 7507.80416
27.0000 1 6910.11584
27.1000 1 3407.872
27.2000 1 1824.52224
27.3000 1 8587.83744
27.4000 1 9625.92768
27.5000 1 6165.62688
27.6000 1 6301.94176
27.7000 1 7486.83264
27.8000 1 7140.80256
27.9000 1 6113.19808
28.0000 1 6417.28512
28.1000 1 5400.1664
28.2000 1 7927.23456
28.3000 1 6322.91328
28.4000 1 6155.14112
28.5000 1 6239.0272
28.6000 1 6952.05888
28.7000 1 7979.66336
28.8000 1 6123.68384
28.9000 1 6144.65536
29.0000 1 6092.22656
29.1000 1 7161.77408
29.2000 1 7790.91968
29.3000 1 6218.05568
29.4000 1 6207.56992
29.5000 1 6270.48448
29.6000 1 6962.54464
29.7000 1 7759.4624
29.8000 1 6218.05568
29.9000 1 6207.56992
30.0000 1 6008.34048
30.1000 1 7245.66016
30.2000 1 7455.37536
30.3000 1 5903.48288
30.4000 1 6134.1696
30.5000 1 6186.5984
30.6000 1 7916.7488
30.7000 1 6931.08736
30.8000 1 6102.71232
30.9000 1 5987.36896
31.0000 1 6071.25504
31.1000 1 8409.57952
31.2000 1 6501.1712
31.3000 1 6259.99872
31.4000 1 6249.51296
31.5000 1 6165.62688
31.6000 1 8315.20768
31.7000 1 6071.25504
31.8000 1 6364.85632
31.9000 1 6197.08416
32.0000 1 6553.6
32.1000 1 8231.3216
32.2000 1 6176.11264
32.3000 1 6071.25504
32.4000 1 6228.54144
32.5000 1 6773.80096
32.6000 1 10831.79008
32.7000 1 6071.25504
32.8000 1 8283.7504
32.9000 1 6658.4576
33.0000 1 6396.3136
33.1000 1 6239.0272
33.2000 1 6134.1696
33.3000 1 10580.13184
33.4000 1 6249.51296
33.5000 1 7990.14912
33.6000 1 8378.12224
33.7000 1 7665.09056
33.8000 1 6102.71232
33.9000 1 6406.79936
34.0000 1 6322.91328
34.1000 1 7046.43072
34.2000 1 7707.0336
34.3000 1 6218.05568
34.4000 1 6312.42752
34.5000 1 8210.35008
34.6000 1 6018.82624
34.7000 1 7392.4608
34.8000 1 7287.6032
34.9000 1 6511.65696
35.0000 1 6322.91328
35.1000 1 6259.99872
35.2000 1 7182.7456
35.3000 1 7486.83264
35.4000 1 6228.54144
35.5000 1 6396.3136
35.6000 1 6228.54144
35.7000 1 7235.1744
35.8000 1 7266.63168
35.9000 1 6050.28352
36.0000 1 6155.14112
36.1000 1 6155.14112
36.2000 1 7728.00512
36.3000 1 6847.20128
36.4000 1 6050.28352
36.5000 1 6018.82624
36.6000 1 6270.48448
36.7000 1 8378.12224
36.8000 1 6385.82784
36.9000 1 6312.42752
37.0000 1 6134.1696
37.1000 1 5976.8832
37.2000 1 2621.44
37.3000 1 6385.82784
37.4000 1 10632.56064
37.5000 1 6480.19968
37.6000 1 7748.97664
37.7000 1 7465.86112
37.8000 1 6291.456
37.9000 1 6343.8848
38.0000 1 6396.3136
38.1000 1 7077.888
38.2000 1 7790.91968
38.3000 1 6218.05568
38.4000 1 6322.91328
38.5000 1 6301.94176
38.6000 1 6731.85792
38.7000 1 8084.52096
38.8000 1 6197.08416
38.9000 1 6438.25664
39.0000 1 6354.37056
39.1000 1 6490.68544
39.2000 1 8063.54944
39.3000 1 6322.91328
39.4000 1 6249.51296
39.5000 1 6113.19808
39.6000 1 6689.91488
39.7000 1 8157.92128
39.8000 1 6239.0272
39.9000 1 6207.56992
40.0000 1 6113.19808
40.1000 1 6805.25824
40.2000 1 7916.7488
40.3000 1 6301.94176
40.4000 1 6218.05568
40.5000 1 6197.08416
40.6000 1 6847.20128
40.7000 1 8011.12064
40.8000 1 6144.65536
40.9000 1 6060.76928
41.0000 1 6197.08416
41.1000 1 7119.83104
41.2000 1 7287.6032
41.3000 1 6249.51296
41.4000 1 5934.94016
41.5000 1 6322.91328
41.6000 1 7696.54784
41.7000 1 5672.79616
41.8000 1 7423.91808
41.9000 1 5966.39744
42.0000 1 6186.5984
42.1000 1 8189.37856
42.2000 1 6280.97024
42.3000 1 6385.82784
42.4000 1 6406.79936
42.5000 1 6385.82784
42.6000 1 8042.57792
42.7000 1 6469.71392
42.8000 1 6354.37056
42.9000 1 6259.99872
43.0000 1 6312.42752
43.1000 1 8157.92128
43.2000 1 6585.05728
43.3000 1 6165.62688
43.4000 1 6039.79776
43.5000 1 6396.3136
43.6000 1 8241.80736
43.7000 1 6417.28512
43.8000 1 6228.54144
43.9000 1 6417.28512
44.0000 1 6144.65536
44.1000 1 8451.52256
44.2000 1 6291.456
44.3000 1 5966.39744
44.4000 1 6197.08416
44.5000 1 6689.91488
44.6000 1 7937.72032
44.7000 1 6322.91328
44.8000 1 6123.68384
44.9000 1 6050.28352
45.0000 1 7098.85952
45.1000 1 7581.20448
45.2000 1 6060.76928
45.3000 1 6102.71232
45.4000 1 6018.82624
45.5000 1 7675.57632
45.6000 1 6920.6016
45.7000 1 6050.28352
45.8000 1 6081.7408
45.9000 1 6239.0272
46.0000 1 8178.8928
46.1000 1 6385.82784
46.2000 1 6134.1696
46.3000 1 6176.11264
46.4000 1 6532.62848
46.5000 1 8399.09376
46.6000 1 6354.37056
46.7000 1 6113.19808
46.8000 1 6134.1696
46.9000 1 6553.6
47.0000 1 8042.57792
47.1000 1 6291.456
47.2000 1 6228.54144
47.3000 1 4771.0208
47.4000 1 2076.18048
47.5000 1 7958.69184
47.6000 1 8787.06688
47.7000 1 6585.05728
47.8000 1 7895.77728
47.9000 1 6553.6
48.0000 1 6280.97024
48.1000 1 6134.1696
48.2000 1 6207.56992
48.3000 1 8252.29312
48.4000 1 6081.7408
48.5000 1 6102.71232
48.6000 1 6123.68384
48.7000 1 6920.6016
48.8000 1 7895.77728
48.9000 1 6354.37056
49.0000 1 6197.08416
49.1000 1 6249.51296
49.2000 1 6794.77248
49.3000 1 7895.77728
49.4000 1 6218.05568
49.5000 1 6165.62688
49.6000 1 6081.7408
49.7000 1 6207.56992
49.8000 1 5735.71072
49.9000 1 5148.50816
50.0000 1 4791.99232
50.1000 1 4718.592
50.2000 1 7340.032
50.3000 1 5305.79456
50.4000 1 5075.10784
50.5000 1 6637.48608
50.6000 1 5326.76608
50.7000 1 4833.93536
50.8000 1 6658.4576
50.9000 1 5400.1664
51.0000 1 4938.79296
51.1000 1 6385.82784
51.2000 1 5546.96704
51.3000 1 5001.70752
51.4000 1 5693.76768
51.5000 1 6291.456
51.6000 1 5085.5936
51.7000 1 5295.3088
51.8000 1 6679.42912
51.9000 1 4833.93536
52.0000 1 5211.42272
52.1000 1 6689.91488
52.2000 1 5075.10784
52.3000 1 5106.56512
52.4000 1 6784.28672
52.5000 1 5106.56512
52.6000 1 5043.65056
52.7000 1 7088.37376
52.8000 1 5211.42272
52.9000 1 4928.3072
53.0000 1 7423.91808
53.1000 1 4928.3072
53.2000 1 4875.8784
53.3000 1 6794.77248
53.4000 1 5253.36576
53.5000 1 5190.4512
53.6000 1 6742.34368
53.7000 1 5106.56512
53.8000 1 5001.70752
53.9000 1 6595.54304
54.0000 1 5693.76768
54.1000 1 5337.25184
54.2000 1 5725.22496
54.3000 1 6585.05728
54.4000 1 5316.28032
54.5000 1 5400.1664
54.6000 1 7256.14592
54.7000 1 5096.07936
54.8000 1 5316.28032
54.9000 1 6857.68704
55.0000 1 5620.36736
55.1000 1 5001.70752
55.2000 1 6123.68384
55.3000 1 6197.08416
55.4000 1 5169.47968
55.5000 1 5567.93856
55.6000 1 7696.54784
55.7000 1 5442.10944
55.8000 1 7811.8912
55.9000 1 10464.78848
56.0000 1 7298.08896
56.1000 1 5892.99712
56.2000 1 5997.85472
56.3000 1 5997.85472
56.4000 1 8325.69344
56.5000 1 6322.91328
56.6000 1 6008.34048
56.7000 1 6060.76928
56.8000 1 6773.80096
56.9000 1 7654.6048
57.0000 1 6102.71232
57.1000 1 6071.25504
57.2000 1 5987.36896
57.3000 1 7748.97664
57.4000 1 6742.34368
57.5000 1 2904.55552
57.6000 1 450.88768
57.7000 1 7738.49088
57.8000 1 9458.15552
57.9000 1 6197.08416
58.0000 1 8273.26464
58.1000 1 6259.99872
58.2000 1 5987.36896
58.3000 1 6029.312
58.4000 1 6857.68704
58.5000 1 7612.66176
58.6000 1 6155.14112
58.7000 1 6176.11264
58.8000 1 6071.25504
58.9000 1 7402.94656
59.0000 1 7319.06048
59.1000 1 6176.11264
59.2000 1 6197.08416
59.3000 1 6218.05568
59.4000 1 7560.23296
59.5000 1 7077.888
59.6000 1 6155.14112
59.7000 1 6092.22656
59.8000 1 6050.28352
59.9000 1 5830.08256
60.0000 1 8115.97824
60.1000 1 6668.94336
60.2000 1 6197.08416
60.3000 1 6270.48448
60.4000 1 6050.28352
60.5000 1 8420.06528
60.6000 1 6144.65536
60.7000 1 6029.312
60.8000 1 6312.42752
60.9000 1 6469.71392
61.0000 1 8042.57792
61.1000 1 6092.22656
61.2000 1 6207.56992
61.3000 1 6197.08416
61.4000 1 7035.94496
61.5000 1 7539.26144
61.6000 1 6092.22656
61.7000 1 6165.62688
61.8000 1 6249.51296
61.9000 1 7465.86112
62.0000 1 7319.06048
62.1000 1 6039.79776
62.2000 1 6207.56992
62.3000 1 6259.99872
62.4000 1 7717.51936
62.5000 1 6931.08736
62.6000 1 6333.39904
62.7000 1 6312.42752
62.8000 1 6259.99872
62.9000 1 7696.54784
63.0000 1 7119.83104
63.1000 1 6155.14112
63.2000 1 6155.14112
63.3000 1 6207.56992
63.4000 1 7780.43392
63.5000 1 7130.3168
63.6000 1 6239.0272
63.7000 1 6259.99872
63.8000 1 6123.68384
63.9000 1 7780.43392
64.0000 1 6878.65856
64.1000 1 6249.51296
64.2000 1 6092.22656
64.3000 1 6123.68384
64.4000 1 8000.63488
64.5000 1 6710.8864
64.6000 1 6270.48448
64.7000 1 5546.96704
