0.1000 1 0.0
0.2000 1 7056.91648
0.3000 1 6459.22816
0.4000 1 6144.65536
0.5000 1 5955.91168
0.6000 1 8220.83584
0.7000 1 6060.76928
0.8000 1 6155.14112
0.9000 1 6176.11264
1.0000 1 6385.82784
1.1000 1 8399.09376
1.2000 1 6301.94176
1.3000 1 6018.82624
1.4000 1 6113.19808
1.5000 1 6689.91488
1.6000 1 7916.7488
1.7000 1 6207.56992
1.8000 1 6092.22656
1.9000 1 6270.48448
2.0000 1 7822.37696
2.1000 1 7402.94656
2.2000 1 5945.42592
2.3000 1 5945.42592
2.4000 1 5903.48288
2.5000 1 8147.43552
2.6000 1 5934.94016
2.7000 1 5913.96864
2.8000 1 6018.82624
2.9000 1 7361.00352
3.0000 1 6731.85792
3.1000 1 6008.34048
3.2000 1 3407.872
3.3000 1 220.20096
3.4000 1 209.7152
3.5000 1 377.48736
3.6000 1 1447.03488
3.7000 1 9028.23936
3.8000 1 6721.37216
3.9000 1 6123.68384
4.0000 1 6092.22656
4.1000 1 6155.14112
4.2000 1 8378.12224
4.3000 1 6606.0288
4.4000 1 6385.82784
4.5000 1 6249.51296
4.6000 1 6354.37056
4.7000 1 7801.40544
4.8000 1 7035.94496
4.9000 1 6301.94176
5.0000 1 2789.21216
5.1000 1 9028.23936
5.2000 1 8378.12224
5.3000 1 1331.69152
5.4000 1 8870.95296
5.5000 1 6532.62848
5.6000 1 8304.72192
5.7000 1 6018.82624
5.8000 1 2453.66784
5.9000 1 0.0
6.0000 1 5578.42432
6.1000 1 6847.20128
6.2000 1 6249.51296
6.3000 1 2852.12672
6.4000 1 3670.016
6.5000 1 13820.23168
6.6000 1 6364.85632
6.7000 1 6312.42752
6.8000 1 6742.34368
6.9000 1 8115.97824
7.0000 1 6270.48448
7.1000 1 6186.5984
7.2000 1 6165.62688
7.3000 1 6773.80096
7.4000 1 7801.40544
7.5000 1 6259.99872
7.6000 1 6291.456
7.7000 1 6406.79936
7.8000 1 6668.94336
7.9000 1 8378.12224
8.0000 1 6364.85632
8.1000 1 6333.39904
8.2000 1 6207.56992
8.3000 1 6312.42752
8.4000 1 8241.80736
8.5000 1 6606.0288
8.6000 1 6354.37056
8.7000 1 6354.37056
8.8000 1 6301.94176
8.9000 1 7885.29152
9.0000 1 7119.83104
9.1000 1 6144.65536
9.2000 1 6249.51296
9.3000 1 6144.65536
9.4000 1 7780.43392
9.5000 1 7182.7456
9.6000 1 6134.1696
9.7000 1 6259.99872
9.8000 1 6280.97024
9.9000 1 7528.77568
10.0000 1 7203.71712
10.1000 1 6312.42752
10.2000 1 6312.42752
10.3000 1 6259.99872
10.4000 1 7423.91808
10.5000 1 7528.77568
10.6000 1 6406.79936
10.7000 1 6280.97024
10.8000 1 6270.48448
10.9000 1 6983.51616
11.0000 1 7853.83424
11.1000 1 6354.37056
11.2000 1 6155.14112
11.3000 1 6343.8848
11.4000 1 6742.34368
11.5000 1 8021.6064
11.6000 1 6176.11264
11.7000 1 6364.85632
11.8000 1 6144.65536
11.9000 1 6721.37216
12.0000 1 7969.1776
12.1000 1 6322.91328
12.2000 1 3617.5872
12.3000 1 4152.36096
12.4000 1 9720.29952
12.5000 1 6962.54464
12.6000 1 6249.51296
12.7000 1 6364.85632
12.8000 1 6700.40064
12.9000 1 6249.51296
13.0000 1 5347.7376
13.1000 1 6280.97024
13.2000 1 6459.22816
13.3000 1 6543.11424
13.4000 1 8053.06368
13.5000 1 6176.11264
13.6000 1 5872.0256
13.7000 1 6438.25664
13.8000 1 6910.11584
13.9000 1 7528.77568
14.0000 1 5976.8832
14.1000 1 6155.14112
14.2000 1 6270.48448
14.3000 1 7528.77568
14.4000 1 7350.51776
14.5000 1 6123.68384
14.6000 1 6448.7424
14.7000 1 6039.79776
14.8000 1 7402.94656
14.9000 1 6952.05888
15.0000 1 5872.0256
15.1000 1 6239.0272
15.2000 1 6102.71232
15.3000 1 8325.69344
15.4000 1 6448.7424
15.5000 1 6176.11264
15.6000 1 5903.48288
15.7000 1 6595.54304
15.8000 1 8042.57792
15.9000 1 6081.7408
16.0000 1 6018.82624
16.1000 1 6123.68384
16.2000 1 7235.1744
16.3000 1 7161.77408
16.4000 1 5934.94016
16.5000 1 6312.42752
16.6000 1 5892.99712
16.7000 1 8147.43552
16.8000 1 6113.19808
16.9000 1 6144.65536
17.0000 1 6218.05568
17.1000 1 6658.4576
17.2000 1 7885.29152
17.3000 1 6280.97024
17.4000 1 6385.82784
17.5000 1 6165.62688
17.6000 1 6773.80096
17.7000 1 7979.66336
17.8000 1 6050.28352
17.9000 1 6249.51296
18.0000 1 8713.66656
18.1000 1 7570.71872
18.2000 1 7644.11904
18.3000 1 6480.19968
18.4000 1 6301.94176
18.5000 1 6176.11264
18.6000 1 6910.11584
18.7000 1 8115.97824
18.8000 1 6280.97024
18.9000 1 6354.37056
19.0000 1 5997.85472
19.1000 1 6647.97184
19.2000 1 8084.52096
19.3000 1 6155.14112
19.4000 1 6322.91328
19.5000 1 6364.85632
19.6000 1 6564.08576
19.7000 1 8189.37856
19.8000 1 6291.456
19.9000 1 6301.94176
20.0000 1 6312.42752
20.1000 1 6406.79936
20.2000 1 8367.63648
20.3000 1 6721.37216
20.4000 1 6448.7424
20.5000 1 6280.97024
20.6000 1 6354.37056
20.7000 1 7738.49088
20.8000 1 7413.43232
20.9000 1 6301.94176
21.0000 1 6176.11264
21.1000 1 6249.51296
21.2000 1 7266.63168
21.3000 1 7707.0336
21.4000 1 6259.99872
21.5000 1 6270.48448
21.6000 1 6354.37056
21.7000 1 6878.65856
21.8000 1 7948.20608
21.9000 1 6396.3136
22.0000 1 6228.54144
22.1000 1 6155.14112
22.2000 1 6658.4576
22.3000 1 7927.23456
22.4000 1 2600.46848
22.5000 1 3984.5888
22.6000 1 10338.95936
22.7000 1 5913.96864
22.8000 1 5945.42592
22.9000 1 5913.96864
23.0000 1 7675.57632
23.1000 1 6752.82944
23.2000 1 6155.14112
23.3000 1 6239.0272
23.4000 1 6060.76928
23.5000 1 8210.35008
23.6000 1 6207.56992
23.7000 1 6113.19808
23.8000 1 6207.56992
23.9000 1 6606.0288
24.0000 1 7759.4624
24.1000 1 6071.25504
24.2000 1 6081.7408
24.3000 1 6029.312
24.4000 1 7518.28992
24.5000 1 6857.68704
24.6000 1 6008.34048
24.7000 1 6039.79776
24.8000 1 6165.62688
24.9000 1 8304.72192
25.0000 1 6301.94176
25.1000 1 6364.85632
25.2000 1 6406.79936
25.3000 1 6375.34208
25.4000 1 8032.09216
25.5000 1 6910.11584
25.6000 1 6322.91328
25.7000 1 6438.25664
25.8000 1 6218.05568
25.9000 1 7560.23296
26.0000 1 7308.57472
26.1000 1 6301.94176
26.2000 1 6396.3136
26.3000 1 6385.82784
26.4000 1 7077.888
26.5000 1 8021.6064
26.6000 1 6343.8848
26.7000 1 6333.39904
26.8000 1 6417.28512
26.9000 1 6343.8848
27.0000 1 8346.66496
27.1000 1 6469.71392
27.2000 1 6102.71232
27.3000 1 6406.79936
27.4000 1 6396.3136
27.5000 1 8147.43552
27.6000 1 6973.0304
27.7000 1 6333.39904
27.8000 1 6228.54144
27.9000 1 6186.5984
28.0000 1 7811.8912
28.1000 1 7182.7456
28.2000 1 6144.65536
28.3000 1 6291.456
28.4000 1 6197.08416
28.5000 1 7591.69024
28.6000 1 7067.40224
28.7000 1 6427.77088
28.8000 1 6322.91328
28.9000 1 6333.39904
29.0000 1 7350.51776
29.1000 1 7728.00512
29.2000 1 5997.85472
29.3000 1 6249.51296
29.4000 1 6301.94176
29.5000 1 1782.5792
29.6000 1 9216.98304
29.7000 1 6448.7424
29.8000 1 6448.7424
29.9000 1 6333.39904
30.0000 1 8283.7504
30.1000 1 6396.3136
30.2000 1 6228.54144
30.3000 1 6354.37056
30.4000 1 6249.51296
30.5000 1 1887.4368
30.6000 1 786.432
30.7000 1 6920.6016
30.8000 1 2831.1552
30.9000 1 9793.69984
31.0000 1 6427.77088
31.1000 1 6312.42752
31.2000 1 7109.34528
31.3000 1 7518.28992
31.4000 1 6354.37056
31.5000 1 6417.28512
31.6000 1 2684.35456
31.7000 1 9563.01312
31.8000 1 7885.29152
31.9000 1 6794.77248
32.0000 1 6155.14112
32.1000 1 6239.0272
32.2000 1 7371.48928
32.3000 1 7707.0336
32.4000 1 6469.71392
32.5000 1 964.68992
32.6000 1 7654.6048
32.7000 1 8755.6096
32.8000 1 6448.7424
32.9000 1 6322.91328
33.0000 1 6417.28512
33.1000 1 7853.83424
33.2000 1 7224.68864
33.3000 1 2065.69472
33.4000 1 9888.07168
33.5000 1 6197.08416
33.6000 1 8115.97824
33.7000 1 7109.34528
33.8000 1 6259.99872
33.9000 1 6364.85632
34.0000 1 6280.97024
34.1000 1 7518.28992
34.2000 1 7633.63328
34.3000 1 6364.85632
34.4000 1 6259.99872
34.5000 1 6249.51296
34.6000 1 7056.91648
34.7000 1 4278.19008
34.8000 1 6606.0288
34.9000 1 7476.34688
35.0000 1 6700.40064
35.1000 1 8115.97824
35.2000 1 6186.5984
35.3000 1 6438.25664
35.4000 1 6291.456
35.5000 1 6490.68544
35.6000 1 8367.63648
35.7000 1 6280.97024
35.8000 1 6113.19808
35.9000 1 6427.77088
36.0000 1 6480.19968
36.1000 1 8136.94976
36.2000 1 6857.68704
36.3000 1 6333.39904
36.4000 1 6270.48448
36.5000 1 6228.54144
36.6000 1 7885.29152
36.7000 1 6868.1728
36.8000 1 6155.14112
36.9000 1 6438.25664
37.0000 1 6343.8848
37.1000 1 7665.09056
37.2000 1 7340.032
37.3000 1 6354.37056
37.4000 1 6490.68544
37.5000 1 6280.97024
37.6000 1 7014.97344
37.7000 1 7979.66336
37.8000 1 6480.19968
37.9000 1 6228.54144
38.0000 1 6301.94176
38.1000 1 6585.05728
38.2000 1 8357.15072
38.3000 1 6197.08416
38.4000 1 6406.79936
38.5000 1 6448.7424
38.6000 1 6364.85632
38.7000 1 8136.94976
38.8000 1 6532.62848
38.9000 1 6364.85632
39.0000 1 6249.51296
39.1000 1 6312.42752
39.2000 1 8011.12064
39.3000 1 6973.0304
39.4000 1 6239.0272
39.5000 1 6322.91328
39.6000 1 6165.62688
39.7000 1 7832.86272
39.8000 1 6805.25824
39.9000 1 6259.99872
40.0000 1 6270.48448
40.1000 1 6259.99872
40.2000 1 7948.20608
40.3000 1 6805.25824
40.4000 1 6343.8848
40.5000 1 6396.3136
40.6000 1 6364.85632
40.7000 1 7539.26144
40.8000 1 7465.86112
40.9000 1 6301.94176
41.0000 1 6228.54144
41.1000 1 6144.65536
41.2000 1 7381.97504
41.3000 1 7780.43392
41.4000 1 6375.34208
41.5000 1 6270.48448
41.6000 1 6123.68384
41.7000 1 6941.57312
41.8000 1 7937.72032
41.9000 1 6490.68544
42.0000 1 6239.0272
42.1000 1 6291.456
42.2000 1 6585.05728
42.3000 1 8304.72192
42.4000 1 6364.85632
42.5000 1 6364.85632
42.6000 1 4687.13472
42.7000 1 4194.304
42.8000 1 10234.10176
42.9000 1 6333.39904
43.0000 1 6280.97024
43.1000 1 6406.79936
43.2000 1 7811.8912
43.3000 1 7193.23136
43.4000 1 6280.97024
43.5000 1 6364.85632
43.6000 1 6301.94176
43.7000 1 7402.94656
43.8000 1 7686.06208
43.9000 1 6134.1696
44.0000 1 6218.05568
44.1000 1 6228.54144
44.2000 1 7182.7456
44.3000 1 7612.66176
44.4000 1 6343.8848
44.5000 1 6165.62688
44.6000 1 6343.8848
44.7000 1 6994.00192
44.8000 1 7948.20608
44.9000 1 6144.65536
45.0000 1 6186.5984
45.1000 1 6134.1696
45.2000 1 7140.80256
45.3000 1 7927.23456
45.4000 1 6176.11264
45.5000 1 6343.8848
45.6000 1 6364.85632
45.7000 1 6658.4576
45.8000 1 8189.37856
45.9000 1 6301.94176
46.0000 1 6385.82784
46.1000 1 6322.91328
46.2000 1 6312.42752
46.3000 1 8357.15072
46.4000 1 6710.8864
46.5000 1 6207.56992
46.6000 1 6259.99872
46.7000 1 6322.91328
46.8000 1 7958.69184
46.9000 1 6616.51456
47.0000 1 6259.99872
47.1000 1 6259.99872
47.2000 1 6239.0272
47.3000 1 8210.35008
47.4000 1 6647.97184
47.5000 1 6333.39904
47.6000 1 6218.05568
47.7000 1 6354.37056
47.8000 1 7916.7488
47.9000 1 6721.37216
48.0000 1 6113.19808
48.1000 1 6176.11264
48.2000 1 6144.65536
48.3000 1 8336.1792
48.4000 1 6784.28672
48.5000 1 6155.14112
48.6000 1 6218.05568
48.7000 1 6239.0272
48.8000 1 8011.12064
48.9000 1 6689.91488
49.0000 1 6291.456
49.1000 1 6333.39904
49.2000 1 6343.8848
49.3000 1 7895.77728
49.4000 1 6878.65856
49.5000 1 6134.1696
49.6000 1 6280.97024
49.7000 1 6375.34208
49.8000 1 7895.77728
49.9000 1 6931.08736
50.0000 1 6301.94176
50.1000 1 6176.11264
50.2000 1 6207.56992
50.3000 1 7874.80576
50.4000 1 7130.3168
50.5000 1 6396.3136
50.6000 1 6186.5984
50.7000 1 6207.56992
50.8000 1 7612.66176
50.9000 1 6773.80096
51.0000 1 6113.19808
51.1000 1 6375.34208
51.2000 1 6354.37056
51.3000 1 7790.91968
51.4000 1 7130.3168
51.5000 1 6385.82784
51.6000 1 6239.0272
51.7000 1 6280.97024
51.8000 1 7518.28992
51.9000 1 7025.4592
52.0000 1 6343.8848
52.1000 1 6406.79936
52.2000 1 6417.28512
52.3000 1 7277.11744
52.4000 1 7843.34848
52.5000 1 6322.91328
52.6000 1 6333.39904
52.7000 1 6259.99872
52.8000 1 3261.07136
52.9000 1 5295.3088
53.0000 1 8818.52416
53.1000 1 6700.40064
53.2000 1 7780.43392
53.3000 1 7245.66016
53.4000 1 6270.48448
53.5000 1 6207.56992
53.6000 1 6270.48448
53.7000 1 7518.28992
53.8000 1 5630.85312
53.9000 1 4802.47808
54.0000 1 6364.85632
54.1000 1 5085.5936
54.2000 1 4823.4496
54.3000 1 6543.11424
54.4000 1 6301.94176
54.5000 1 6375.34208
54.6000 1 6438.25664
54.7000 1 6270.48448
54.8000 1 8378.12224
54.9000 1 6700.40064
55.0000 1 6333.39904
55.1000 1 6459.22816
55.2000 1 6343.8848
55.3000 1 7696.54784
55.4000 1 6973.0304
55.5000 1 6343.8848
55.6000 1 6385.82784
55.7000 1 6270.48448
55.8000 1 7591.69024
55.9000 1 7203.71712
56.0000 1 6197.08416
56.1000 1 6228.54144
56.2000 1 6364.85632
56.3000 1 7497.3184
56.4000 1 7549.7472
56.5000 1 6490.68544
56.6000 1 6176.11264
56.7000 1 1342.17728
56.8000 1 11387.53536
56.9000 1 6333.39904
57.0000 1 6438.25664
57.1000 1 6239.0272
57.2000 1 6742.34368
57.3000 1 4645.19168
57.4000 1 8420.06528
57.5000 1 6291.456
57.6000 1 6291.456
57.7000 1 7769.94816
57.8000 1 7046.43072
57.9000 1 6480.19968
58.0000 1 6396.3136
58.1000 1 6417.28512
58.2000 1 7130.3168
58.3000 1 7728.00512
58.4000 1 6218.05568
58.5000 1 6364.85632
58.6000 1 6249.51296
58.7000 1 7004.48768
58.8000 1 8199.86432
58.9000 1 6239.0272
59.0000 1 5945.42592
59.1000 1 6427.77088
59.2000 1 6742.34368
59.3000 1 8199.86432
59.4000 1 6218.05568
59.5000 1 6406.79936
59.6000 1 6060.76928
59.7000 1 8273.26464
59.8000 1 6606.0288
59.9000 1 8315.20768
60.0000 1 6197.08416
60.1000 1 6249.51296
60.2000 1 6270.48448
60.3000 1 6228.54144
60.4000 1 8032.09216
60.5000 1 7025.4592
60.6000 1 6448.7424
60.7000 1 6459.22816
60.8000 1 3019.89888
60.9000 1 5641.33888
61.0000 1 7612.66176
61.1000 1 6018.82624
61.2000 1 5515.50976
61.3000 1 9279.8976
61.4000 1 6511.65696
61.5000 1 6354.37056
61.6000 1 6427.77088
61.7000 1 7423.91808
61.8000 1 7497.3184
61.9000 1 6343.8848
62.0000 1 6406.79936
62.1000 1 6280.97024
62.2000 1 7046.43072
62.3000 1 7790.91968
62.4000 1 6354.37056
62.5000 1 6438.25664
62.6000 1 6417.28512
62.7000 1 6459.22816
62.8000 1 8346.66496
62.9000 1 5033.1648
63.0000 1 3303.0144
63.1000 1 5253.36576
63.2000 1 11282.67776
63.3000 1 4896.84992
