0.1000 1 0.0
0.2000 1 8178.8928
0.3000 1 6239.0272
0.4000 1 6385.82784
0.5000 1 6459.22816
0.6000 1 6784.28672
0.7000 1 8011.12064
0.8000 1 6322.91328
0.9000 1 6406.79936
1.0000 1 6375.34208
1.1000 1 6427.77088
1.2000 1 8241.80736
1.3000 1 6469.71392
1.4000 1 5851.05408
1.5000 1 5872.0256
1.6000 1 6899.63008
1.7000 1 7203.71712
1.8000 1 5924.4544
1.9000 1 5903.48288
2.0000 1 6060.76928
2.1000 1 7990.14912
2.2000 1 5704.25344
2.3000 1 5861.53984
2.4000 1 5945.42592
2.5000 1 7948.20608
2.6000 1 5945.42592
2.7000 1 5840.56832
2.8000 1 5704.25344
2.9000 1 7644.11904
3.0000 1 6396.3136
3.1000 1 5746.19648
3.2000 1 5714.7392
3.3000 1 7245.66016
3.4000 1 6564.08576
3.5000 1 5840.56832
3.6000 1 5955.91168
3.7000 1 6763.3152
3.8000 1 7329.54624
3.9000 1 5903.48288
4.0000 1 5945.42592
4.1000 1 5924.4544
4.2000 1 8021.6064
4.3000 1 5976.8832
4.4000 1 5840.56832
4.5000 1 5840.56832
4.6000 1 7769.94816
4.7000 1 6165.62688
4.8000 1 5830.08256
4.9000 1 5840.56832
5.0000 1 7298.08896
5.1000 1 6679.42912
5.2000 1 5903.48288
5.3000 1 5672.79616
5.4000 1 6773.80096
5.5000 1 4309.64736
5.6000 1 5955.91168
5.7000 1 6113.19808
5.8000 1 7056.91648
5.9000 1 5872.0256
6.0000 1 5473.56672
6.1000 1 6595.54304
6.2000 1 6647.97184
6.3000 1 5976.8832
6.4000 1 6123.68384
6.5000 1 6585.05728
6.6000 1 8210.35008
6.7000 1 6280.97024
6.8000 1 6385.82784
6.9000 1 6039.79776
7.0000 1 6385.82784
7.1000 1 8105.49248
7.2000 1 4854.90688
7.3000 1 5662.3104
7.4000 1 6522.14272
7.5000 1 8231.3216
7.6000 1 6102.71232
7.7000 1 5987.36896
7.8000 1 5861.53984
7.9000 1 7277.11744
8.0000 1 7004.48768
8.1000 1 6375.34208
8.2000 1 5976.8832
8.3000 1 5966.39744
8.4000 1 8115.97824
8.5000 1 146.80064
8.6000 1 3586.12992
8.7000 1 6134.1696
8.8000 1 6889.14432
8.9000 1 6868.1728
9.0000 1 6029.312
9.1000 1 6301.94176
9.2000 1 5043.65056
9.3000 1 482.34496
9.4000 1 5536.48128
9.5000 1 6018.82624
9.6000 1 5903.48288
9.7000 1 7969.1776
9.8000 1 5546.96704
9.9000 1 5746.19648
10.0000 1 5484.05248
10.1000 1 73.40032
10.2000 1 0.0
10.3000 1 0.0
10.4000 1 3009.41312
10.5000 1 5242.88
10.6000 1 1258.2912
10.7000 1 419.4304
10.8000 1 1101.0048
10.9000 1 765.46048
11.0000 1 4204.78976
11.1000 1 6071.25504
11.2000 1 5966.39744
11.3000 1 6134.1696
11.4000 1 7539.26144
11.5000 1 6375.34208
11.6000 1 5557.4528
11.7000 1 5892.99712
11.8000 1 9258.92608
11.9000 1 6081.7408
12.0000 1 4739.56352
12.1000 1 6616.51456
12.2000 1 4613.7344
12.3000 1 5179.96544
12.4000 1 6270.48448
12.5000 1 5515.50976
12.6000 1 6291.456
12.7000 1 7109.34528
12.8000 1 8053.06368
12.9000 1 6522.14272
13.0000 1 6564.08576
13.1000 1 6354.37056
13.2000 1 6427.77088
13.3000 1 7979.66336
13.4000 1 7046.43072
13.5000 1 6668.94336
13.6000 1 6459.22816
13.7000 1 6354.37056
13.8000 1 6805.25824
13.9000 1 8367.63648
14.0000 1 6469.71392
14.1000 1 6480.19968
14.2000 1 6511.65696
14.3000 1 6574.57152
14.4000 1 7455.37536
14.5000 1 7864.32
14.6000 1 6627.00032
14.7000 1 6417.28512
14.8000 1 6354.37056
14.9000 1 6522.14272
15.0000 1 8063.54944
15.1000 1 7056.91648
15.2000 1 4204.78976
15.3000 1 2002.78016
15.4000 1 4487.90528
15.5000 1 13453.23008
15.6000 1 9216.98304
15.7000 1 6312.42752
15.8000 1 6469.71392
15.9000 1 6490.68544
16.0000 1 7266.63168
16.1000 1 8168.40704
16.2000 1 6406.79936
16.3000 1 6417.28512
16.4000 1 6375.34208
16.5000 1 6448.7424
16.6000 1 8032.09216
16.7000 1 6847.20128
16.8000 1 5263.85152
16.9000 1 5075.10784
17.0000 1 5096.07936
17.1000 1 5651.82464
17.2000 1 6574.57152
17.3000 1 5515.50976
17.4000 1 6092.22656
17.5000 1 5955.91168
17.6000 1 6658.4576
17.7000 1 8115.97824
17.8000 1 6343.8848
17.9000 1 6354.37056
18.0000 1 6029.312
18.1000 1 6616.51456
18.2000 1 7969.1776
18.3000 1 5997.85472
18.4000 1 6197.08416
18.5000 1 5819.5968
18.6000 1 7350.51776
18.7000 1 7214.20288
18.8000 1 6301.94176
18.9000 1 6039.79776
19.0000 1 6406.79936
19.1000 1 7518.28992
19.2000 1 7214.20288
19.3000 1 6123.68384
19.4000 1 6459.22816
19.5000 1 5861.53984
19.6000 1 7790.91968
19.7000 1 6731.85792
19.8000 1 6228.54144
19.9000 1 5966.39744
20.0000 1 6207.56992
20.1000 1 8021.6064
20.2000 1 5809.11104
20.3000 1 4498.39104
20.4000 1 6794.77248
20.5000 1 7916.7488
20.6000 1 6113.19808
20.7000 1 5997.85472
20.8000 1 6039.79776
20.9000 1 7340.032
21.0000 1 7549.7472
21.1000 1 5788.13952
21.2000 1 6102.71232
21.3000 1 6155.14112
21.4000 1 7895.77728
21.5000 1 6847.20128
21.6000 1 5976.8832
21.7000 1 6018.82624
21.8000 1 6291.456
21.9000 1 8126.464
22.0000 1 8283.7504
22.1000 1 10129.24416
22.2000 1 8797.55264
22.3000 1 6459.22816
22.4000 1 8262.77888
22.5000 1 7151.28832
22.6000 1 6417.28512
22.7000 1 6564.08576
22.8000 1 6574.57152
22.9000 1 6889.14432
23.0000 1 8304.72192
23.1000 1 6826.22976
23.2000 1 6406.79936
23.3000 1 6501.1712
23.4000 1 6564.08576
23.5000 1 7151.28832
23.6000 1 8178.8928
23.7000 1 6511.65696
23.8000 1 6522.14272
23.9000 1 6553.6
24.0000 1 6438.25664
24.1000 1 7748.97664
24.2000 1 7707.0336
24.3000 1 6501.1712
24.4000 1 6469.71392
24.5000 1 6312.42752
24.6000 1 6427.77088
24.7000 1 8493.4656
24.8000 1 6941.57312
24.9000 1 6469.71392
25.0000 1 6469.71392
25.1000 1 6522.14272
25.2000 1 7004.48768
25.3000 1 8409.57952
25.4000 1 1971.32288
25.5000 1 2212.49536
25.6000 1 7256.14592
25.7000 1 11628.70784
25.8000 1 9646.8992
25.9000 1 6553.6
26.0000 1 6532.62848
26.1000 1 6438.25664
26.2000 1 6448.7424
26.3000 1 8346.66496
26.4000 1 6805.25824
26.5000 1 6459.22816
26.6000 1 6564.08576
26.7000 1 6501.1712
26.8000 1 7067.40224
26.9000 1 7193.23136
27.0000 1 5945.42592
27.1000 1 5976.8832
27.2000 1 6029.312
27.3000 1 8304.72192
27.4000 1 5997.85472
27.5000 1 5987.36896
27.6000 1 5976.8832
27.7000 1 7214.20288
27.8000 1 6679.42912
27.9000 1 6123.68384
28.0000 1 5976.8832
28.1000 1 6259.99872
28.2000 1 8273.26464
28.3000 1 6144.65536
28.4000 1 6039.79776
28.5000 1 5882.51136
28.6000 1 7203.71712
28.7000 1 7098.85952
28.8000 1 6060.76928
28.9000 1 5997.85472
29.0000 1 5945.42592
29.1000 1 8325.69344
29.2000 1 6081.7408
29.3000 1 5934.94016
29.4000 1 6039.79776
29.5000 1 7067.40224
29.6000 1 7014.97344
29.7000 1 5882.51136
29.8000 1 5872.0256
29.9000 1 6364.85632
30.0000 1 7654.6048
30.1000 1 5913.96864
30.2000 1 5882.51136
30.3000 1 5913.96864
30.4000 1 8053.06368
30.5000 1 5987.36896
30.6000 1 5872.0256
30.7000 1 5955.91168
30.8000 1 7329.54624
30.9000 1 6973.0304
31.0000 1 6144.65536
31.1000 1 5966.39744
31.2000 1 6050.28352
31.3000 1 8000.63488
31.4000 1 5987.36896
31.5000 1 5924.4544
31.6000 1 5976.8832
31.7000 1 7644.11904
31.8000 1 6637.48608
31.9000 1 6092.22656
32.0000 1 6092.22656
32.1000 1 5672.79616
32.2000 1 6511.65696
32.3000 1 4917.82144
32.4000 1 4854.90688
32.5000 1 5410.65216
32.6000 1 6994.00192
32.7000 1 5012.19328
32.8000 1 4959.76448
32.9000 1 4833.93536
33.0000 1 7465.86112
33.1000 1 5400.1664
33.2000 1 5955.91168
33.3000 1 6071.25504
33.4000 1 7654.6048
33.5000 1 6742.34368
33.6000 1 6113.19808
33.7000 1 6155.14112
33.8000 1 6197.08416
33.9000 1 8304.72192
34.0000 1 6197.08416
34.1000 1 6249.51296
34.2000 1 5976.8832
34.3000 1 6689.91488
34.4000 1 7843.34848
34.5000 1 3753.90208
34.6000 1 4424.99072
34.7000 1 859.83232
34.8000 1 7665.09056
34.9000 1 5997.85472
35.0000 1 6207.56992
35.1000 1 5892.99712
35.2000 1 7623.14752
35.3000 1 7004.48768
35.4000 1 6280.97024
35.5000 1 5945.42592
35.6000 1 2925.52704
35.7000 1 2904.55552
35.8000 1 6291.456
35.9000 1 6144.65536
36.0000 1 6102.71232
36.1000 1 6574.57152
36.2000 1 6532.62848
36.3000 1 6228.54144
36.4000 1 6029.312
36.5000 1 6396.3136
36.6000 1 7560.23296
36.7000 1 5536.48128
36.8000 1 5442.10944
36.9000 1 5075.10784
37.0000 1 0.0
37.1000 1 0.0
37.2000 1 0.0
37.3000 1 3166.69952
37.4000 1 6784.28672
37.5000 1 6417.28512
37.6000 1 5410.65216
37.7000 1 1855.97952
37.8000 1 5284.82304
37.9000 1 6406.79936
38.0000 1 7675.57632
38.1000 1 2390.75328
38.2000 1 0.0
38.3000 1 6385.82784
38.4000 1 9363.78368
38.5000 1 10286.53056
38.6000 1 7675.57632
38.7000 1 6564.08576
38.8000 1 7864.32
38.9000 1 11681.13664
39.0000 1 6469.71392
39.1000 1 6931.08736
39.2000 1 8409.57952
39.3000 1 6668.94336
39.4000 1 6343.8848
39.5000 1 6585.05728
39.6000 1 6595.54304
39.7000 1 7329.54624
39.8000 1 8063.54944
39.9000 1 6606.0288
40.0000 1 6585.05728
40.1000 1 6532.62848
40.2000 1 6511.65696
40.3000 1 7581.20448
40.4000 1 7654.6048
40.5000 1 6375.34208
40.6000 1 6700.40064
40.7000 1 6448.7424
40.8000 1 6501.1712
40.9000 1 8210.35008
41.0000 1 7277.11744
41.1000 1 6543.11424
41.2000 1 6270.48448
41.3000 1 6364.85632
41.4000 1 6994.00192
41.5000 1 8283.7504
41.6000 1 6815.744
41.7000 1 6375.34208
41.8000 1 6406.79936
41.9000 1 6532.62848
42.0000 1 7381.97504
42.1000 1 8032.09216
42.2000 1 6406.79936
42.3000 1 6270.48448
42.4000 1 6280.97024
42.5000 1 6469.71392
42.6000 1 8482.97984
42.7000 1 6574.57152
42.8000 1 6322.91328
42.9000 1 6322.91328
43.0000 1 6396.3136
43.1000 1 7790.91968
43.2000 1 5830.08256
43.3000 1 5064.62208
43.4000 1 5106.56512
43.5000 1 4959.76448
43.6000 1 5158.99392
43.7000 1 7612.66176
43.8000 1 6102.71232
43.9000 1 6197.08416
44.0000 1 6039.79776
44.1000 1 6847.20128
44.2000 1 7549.7472
44.3000 1 6218.05568
44.4000 1 5955.91168
44.5000 1 6123.68384
44.6000 1 7623.14752
44.7000 1 6501.1712
44.8000 1 6029.312
44.9000 1 5924.4544
45.0000 1 6689.91488
45.1000 1 7539.26144
45.2000 1 5987.36896
45.3000 1 6218.05568
45.4000 1 6155.14112
45.5000 1 7581.20448
45.6000 1 2810.18368
45.7000 1 2726.2976
45.8000 1 4812.96384
45.9000 1 6459.22816
46.0000 1 7895.77728
46.1000 1 6060.76928
46.2000 1 5819.5968
46.3000 1 5704.25344
46.4000 1 7885.29152
46.5000 1 5714.7392
46.6000 1 5704.25344
46.7000 1 5735.71072
46.8000 1 7644.11904
46.9000 1 5735.71072
47.0000 1 5494.53824
47.1000 1 5913.96864
47.2000 1 7801.40544
47.3000 1 5945.42592
47.4000 1 5683.28192
47.5000 1 5704.25344
47.6000 1 7182.7456
47.7000 1 5683.28192
47.8000 1 5798.62528
47.9000 1 6459.22816
48.0000 1 7308.57472
48.1000 1 5683.28192
48.2000 1 5955.91168
48.3000 1 6134.1696
48.4000 1 7497.3184
48.5000 1 5924.4544
48.6000 1 6176.11264
48.7000 1 7486.83264
48.8000 1 9720.29952
48.9000 1 9216.98304
49.0000 1 8084.52096
49.1000 1 7287.6032
49.2000 1 6490.68544
49.3000 1 7277.11744
49.4000 1 8147.43552
49.5000 1 6627.00032
49.6000 1 6553.6
49.7000 1 6532.62848
49.8000 1 6522.14272
49.9000 1 7518.28992
50.0000 1 7769.94816
50.1000 1 6469.71392
50.2000 1 6312.42752
50.3000 1 6249.51296
50.4000 1 6689.91488
50.5000 1 8336.1792
50.6000 1 6543.11424
50.7000 1 6165.62688
50.8000 1 6427.77088
50.9000 1 6480.19968
51.0000 1 7864.32
51.1000 1 7109.34528
51.2000 1 6511.65696
51.3000 1 6490.68544
51.4000 1 6564.08576
51.5000 1 6899.63008
51.6000 1 8430.55104
51.7000 1 6343.8848
51.8000 1 6448.7424
51.9000 1 6616.51456
52.0000 1 6438.25664
52.1000 1 7623.14752
52.2000 1 7329.54624
52.3000 1 6606.0288
52.4000 1 6417.28512
52.5000 1 6595.54304
52.6000 1 6522.14272
52.7000 1 8399.09376
52.8000 1 6501.1712
52.9000 1 6511.65696
53.0000 1 6417.28512
53.1000 1 6417.28512
53.2000 1 7623.14752
53.3000 1 7623.14752
53.4000 1 6249.51296
53.5000 1 6606.0288
53.6000 1 6259.99872
53.7000 1 6847.20128
53.8000 1 8420.06528
53.9000 1 6259.99872
54.0000 1 6438.25664
54.1000 1 6637.48608
54.2000 1 6647.97184
54.3000 1 7361.00352
54.4000 1 7832.86272
54.5000 1 6396.3136
54.6000 1 6280.97024
54.7000 1 6375.34208
54.8000 1 6511.65696
54.9000 1 8441.0368
55.0000 1 6784.28672
55.1000 1 6469.71392
55.2000 1 6501.1712
55.3000 1 6375.34208
55.4000 1 7423.91808
55.5000 1 7654.6048
55.6000 1 6375.34208
55.7000 1 6176.11264
55.8000 1 1981.80864
55.9000 1 3009.41312
56.0000 1 12331.25376
56.1000 1 9846.12864
56.2000 1 6627.00032
56.3000 1 6438.25664
56.4000 1 6564.08576
56.5000 1 8367.63648
56.6000 1 7140.80256
56.7000 1 6553.6
56.8000 1 6480.19968
56.9000 1 6469.71392
57.0000 1 6773.80096
57.1000 1 8336.1792
57.2000 1 6532.62848
57.3000 1 6322.91328
57.4000 1 6008.34048
57.5000 1 6931.08736
57.6000 1 7728.00512
57.7000 1 7392.4608
57.8000 1 6259.99872
57.9000 1 6322.91328
58.0000 1 6532.62848
58.1000 1 7098.85952
58.2000 1 8399.09376
58.3000 1 6197.08416
58.4000 1 6532.62848
58.5000 1 5777.65376
58.6000 1 5012.19328
58.7000 1 5892.99712
58.8000 1 6228.54144
58.9000 1 4729.07776
59.0000 1 5588.91008
59.1000 1 5924.4544
59.2000 1 6899.63008
59.3000 1 7319.06048
59.4000 1 5945.42592
59.5000 1 6081.7408
59.6000 1 6123.68384
59.7000 1 7958.69184
59.8000 1 6197.08416
59.9000 1 6165.62688
60.0000 1 5903.48288
60.1000 1 6994.00192
60.2000 1 9479.12704
60.3000 1 7298.08896
60.4000 1 6899.63008
60.5000 1 6008.34048
60.6000 1 5945.42592
60.7000 1 6322.91328
60.8000 1 8336.1792
60.9000 1 6218.05568
61.0000 1 5987.36896
61.1000 1 5798.62528
61.2000 1 7035.94496
61.3000 1 6469.71392
61.4000 1 6081.7408
61.5000 1 6197.08416
61.6000 1 6427.77088
61.7000 1 7654.6048
61.8000 1 6155.14112
61.9000 1 5263.85152
62.0000 1 6039.79776
62.1000 1 6637.48608
62.2000 1 5442.10944
62.3000 1 3816.81664
62.4000 1 94.37184
62.5000 1 3313.50016
62.6000 1 5830.08256
62.7000 1 6784.28672
62.8000 1 5305.79456
62.9000 1 5620.36736
63.0000 1 7182.7456
63.1000 1 5651.82464
63.2000 1 5316.28032
63.3000 1 5997.85472
63.4000 1 7675.57632
63.5000 1 6333.39904
63.6000 1 6029.312
63.7000 1 6071.25504
63.8000 1 7361.00352
63.9000 1 6060.76928
64.0000 1 1814.03648
64.1000 1 817.88928
64.2000 1 2873.09824
64.3000 1 6071.25504
64.4000 1 7497.3184
64.5000 1 6857.68704
64.6000 1 6092.22656
64.7000 1 4634.70592
64.8000 1 0.0
64.9000 1 5358.22336
65.0000 1 5955.91168
65.1000 1 6071.25504
65.2000 1 6920.6016
65.3000 1 7853.83424
65.4000 1 5987.36896
65.5000 1 6081.7408
65.6000 1 5064.62208
