0.1000 1 0.0
0.2000 1 5609.8816
0.3000 1 4215.27552
0.4000 1 5683.28192
0.5000 1 4215.27552
0.6000 1 5788.13952
0.7000 1 4299.1616
0.8000 1 4246.7328
0.9000 1 5725.22496
1.0000 1 4162.84672
1.1000 1 5840.56832
1.2000 1 4246.7328
1.3000 1 5064.62208
1.4000 1 5001.70752
1.5000 1 4152.36096
1.6000 1 7088.37376
1.7000 1 6092.22656
1.8000 1 5872.0256
1.9000 1 5872.0256
2.0000 1 7287.6032
2.1000 1 6343.8848
2.2000 1 5651.82464
2.3000 1 5704.25344
2.4000 1 7329.54624
2.5000 1 6343.8848
2.6000 1 5882.51136
2.7000 1 5704.25344
2.8000 1 7214.20288
2.9000 1 6501.1712
3.0000 1 5725.22496
3.1000 1 5872.0256
3.2000 1 6962.54464
3.3000 1 6910.11584
3.4000 1 5903.48288
3.5000 1 5903.48288
3.6000 1 6406.79936
3.7000 1 7256.14592
3.8000 1 5651.82464
3.9000 1 5683.28192
4.0000 1 6385.82784
4.1000 1 7298.08896
4.2000 1 5725.22496
4.3000 1 5819.5968
4.4000 1 6291.456
4.5000 1 7350.51776
4.6000 1 5693.76768
4.7000 1 5693.76768
4.8000 1 6385.82784
4.9000 1 7098.85952
5.0000 1 5882.51136
5.1000 1 5819.5968
5.2000 1 6270.48448
5.3000 1 7465.86112
5.4000 1 5872.0256
5.5000 1 5840.56832
5.6000 1 5903.48288
5.7000 1 7748.97664
5.8000 1 5756.68224
5.9000 1 5620.36736
6.0000 1 5987.36896
6.1000 1 7665.09056
6.2000 1 5725.22496
6.3000 1 5851.05408
6.4000 1 5872.0256
6.5000 1 7518.28992
6.6000 1 5473.56672
6.7000 1 5777.65376
6.8000 1 5798.62528
6.9000 1 7581.20448
7.0000 1 5798.62528
7.1000 1 5861.53984
7.2000 1 5872.0256
7.3000 1 7769.94816
7.4000 1 5872.0256
7.5000 1 5756.68224
7.6000 1 5819.5968
7.7000 1 7832.86272
7.8000 1 5976.8832
7.9000 1 5809.11104
8.0000 1 5903.48288
8.1000 1 7465.86112
8.2000 1 6427.77088
8.3000 1 5882.51136
8.4000 1 5861.53984
8.5000 1 6868.1728
8.6000 1 6543.11424
8.7000 1 5651.82464
8.8000 1 5651.82464
8.9000 1 7245.66016
9.0000 1 6092.22656
9.1000 1 5903.48288
9.2000 1 5872.0256
9.3000 1 7193.23136
9.4000 1 6553.6
9.5000 1 5672.79616
9.6000 1 5809.11104
9.7000 1 7035.94496
9.8000 1 6668.94336
9.9000 1 5567.93856
10.0000 1 5882.51136
10.1000 1 6931.08736
10.2000 1 6889.14432
10.3000 1 5557.4528
10.4000 1 5830.08256
10.5000 1 6805.25824
10.6000 1 6910.11584
10.7000 1 5851.05408
10.8000 1 5777.65376
10.9000 1 6616.51456
11.0000 1 7182.7456
11.1000 1 5756.68224
11.2000 1 6647.97184
11.3000 1 5830.08256
11.4000 1 7958.69184
11.5000 1 5830.08256
11.6000 1 5788.13952
11.7000 1 5756.68224
11.8000 1 7109.34528
11.9000 1 6480.19968
12.0000 1 5641.33888
12.1000 1 5777.65376
12.2000 1 7214.20288
12.3000 1 6595.54304
12.4000 1 5892.99712
12.5000 1 5798.62528
12.6000 1 6805.25824
12.7000 1 6952.05888
12.8000 1 5892.99712
12.9000 1 5872.0256
13.0000 1 6385.82784
13.1000 1 7434.40384
13.2000 1 5903.48288
13.3000 1 5819.5968
13.4000 1 5997.85472
13.5000 1 7570.71872
13.6000 1 5777.65376
13.7000 1 5788.13952
13.8000 1 5987.36896
13.9000 1 7665.09056
14.0000 1 5851.05408
14.1000 1 5777.65376
14.2000 1 5840.56832
14.3000 1 7539.26144
14.4000 1 7392.4608
14.5000 1 6448.7424
14.6000 1 5913.96864
14.7000 1 5872.0256
14.8000 1 6878.65856
14.9000 1 6627.00032
15.0000 1 5735.71072
15.1000 1 5767.168
15.2000 1 6962.54464
15.3000 1 6668.94336
15.4000 1 5840.56832
15.5000 1 5861.53984
15.6000 1 6721.37216
15.7000 1 3219.12832
15.8000 1 8441.0368
15.9000 1 9384.7552
16.0000 1 5777.65376
16.1000 1 5851.05408
16.2000 1 5767.168
16.3000 1 0.0
16.4000 1 0.0
16.5000 1 671.08864
16.6000 1 7172.25984
16.7000 1 8829.00992
16.8000 1 7528.77568
16.9000 1 5892.99712
17.0000 1 5861.53984
17.1000 1 5840.56832
17.2000 1 7916.7488
17.3000 1 5966.39744
17.4000 1 5767.168
17.5000 1 5599.39584
17.6000 1 8084.52096
17.7000 1 5924.4544
17.8000 1 5704.25344
17.9000 1 5809.11104
18.0000 1 7832.86272
18.1000 1 5714.7392
18.2000 1 5788.13952
18.3000 1 5903.48288
18.4000 1 7581.20448
18.5000 1 6406.79936
18.6000 1 5746.19648
18.7000 1 5840.56832
18.8000 1 7151.28832
18.9000 1 6480.19968
19.0000 1 6029.312
19.1000 1 5955.91168
19.2000 1 6668.94336
19.3000 1 7130.3168
19.4000 1 5903.48288
19.5000 1 6071.25504
19.6000 1 6039.79776
19.7000 1 7822.37696
19.8000 1 5851.05408
19.9000 1 5840.56832
20.0000 1 5955.91168
20.1000 1 7895.77728
20.2000 1 5798.62528
20.3000 1 5809.11104
20.4000 1 5892.99712
20.5000 1 7696.54784
20.6000 1 6301.94176
20.7000 1 5809.11104
20.8000 1 5798.62528
20.9000 1 7193.23136
21.0000 1 6700.40064
21.1000 1 5882.51136
21.2000 1 5913.96864
21.3000 1 6564.08576
21.4000 1 7256.14592
21.5000 1 5872.0256
21.6000 1 5609.8816
21.7000 1 6406.79936
21.8000 1 7392.4608
21.9000 1 5892.99712
22.0000 1 5851.05408
22.1000 1 5945.42592
22.2000 1 7885.29152
22.3000 1 5746.19648
22.4000 1 5525.99552
22.5000 1 5934.94016
22.6000 1 7885.29152
22.7000 1 5955.91168
22.8000 1 5819.5968
22.9000 1 5840.56832
23.0000 1 7937.72032
23.1000 1 5672.79616
23.2000 1 5882.51136
23.3000 1 5830.08256
23.4000 1 7748.97664
23.5000 1 6291.456
23.6000 1 5892.99712
23.7000 1 5840.56832
23.8000 1 7035.94496
23.9000 1 6532.62848
24.0000 1 5861.53984
24.1000 1 5756.68224
24.2000 1 6931.08736
24.3000 1 6815.744
24.4000 1 5840.56832
24.5000 1 5913.96864
24.6000 1 6553.6
24.7000 1 7182.7456
24.8000 1 5725.22496
24.9000 1 5882.51136
25.0000 1 6354.37056
25.1000 1 7591.69024
25.2000 1 5704.25344
25.3000 1 5704.25344
25.4000 1 4424.99072
25.5000 1 3596.61568
25.6000 1 7235.1744
25.7000 1 8682.20928
25.8000 1 7371.48928
25.9000 1 6511.65696
26.0000 1 5945.42592
26.1000 1 5945.42592
26.2000 1 6689.91488
26.3000 1 7256.14592
26.4000 1 5725.22496
26.5000 1 5767.168
26.6000 1 6333.39904
26.7000 1 7570.71872
26.8000 1 5861.53984
26.9000 1 5955.91168
27.0000 1 5851.05408
27.1000 1 7916.7488
27.2000 1 5798.62528
27.3000 1 5903.48288
27.4000 1 5788.13952
27.5000 1 7895.77728
27.6000 1 5840.56832
27.7000 1 5997.85472
27.8000 1 5725.22496
27.9000 1 7602.176
28.0000 1 6249.51296
28.1000 1 6081.7408
28.2000 1 5777.65376
28.3000 1 7098.85952
28.4000 1 6427.77088
28.5000 1 5997.85472
28.6000 1 5704.25344
28.7000 1 6952.05888
28.8000 1 6511.65696
28.9000 1 5693.76768
29.0000 1 5777.65376
29.1000 1 7046.43072
29.2000 1 6647.97184
29.3000 1 5872.0256
29.4000 1 5714.7392
29.5000 1 6973.0304
29.6000 1 7035.94496
29.7000 1 5798.62528
29.8000 1 5672.79616
29.9000 1 6532.62848
30.0000 1 7329.54624
30.1000 1 5987.36896
30.2000 1 5934.94016
30.3000 1 5955.91168
30.4000 1 7958.69184
30.5000 1 5861.53984
30.6000 1 5861.53984
30.7000 1 5819.5968
30.8000 1 7811.8912
30.9000 1 5892.99712
31.0000 1 5704.25344
31.1000 1 5578.42432
31.2000 1 8084.52096
31.3000 1 5861.53984
31.4000 1 5788.13952
31.5000 1 5714.7392
31.6000 1 7654.6048
31.7000 1 5777.65376
31.8000 1 5672.79616
31.9000 1 5798.62528
32.0000 1 7853.83424
32.1000 1 5798.62528
32.2000 1 5777.65376
32.3000 1 5788.13952
32.4000 1 7738.49088
32.5000 1 6585.05728
32.6000 1 6144.65536
32.7000 1 5767.168
32.8000 1 6658.4576
32.9000 1 6983.51616
33.0000 1 5913.96864
33.1000 1 5767.168
33.2000 1 6469.71392
33.3000 1 7245.66016
33.4000 1 5725.22496
33.5000 1 5955.91168
33.6000 1 6186.5984
33.7000 1 7801.40544
33.8000 1 5819.5968
33.9000 1 5945.42592
34.0000 1 5924.4544
34.1000 1 7843.34848
34.2000 1 5809.11104
34.3000 1 5924.4544
34.4000 1 5945.42592
34.5000 1 7644.11904
34.6000 1 6071.25504
34.7000 1 5861.53984
34.8000 1 5882.51136
34.9000 1 7340.032
35.0000 1 6427.77088
35.1000 1 5903.48288
35.2000 1 5830.08256
35.3000 1 6910.11584
35.4000 1 6773.80096
35.5000 1 5798.62528
35.6000 1 2799.69792
35.7000 1 4487.90528
35.8000 1 8619.29472
35.9000 1 7864.32
36.0000 1 5788.13952
36.1000 1 7958.69184
36.2000 1 6039.79776
36.3000 1 5777.65376
36.4000 1 5830.08256
36.5000 1 7612.66176
36.6000 1 6134.1696
36.7000 1 5913.96864
36.8000 1 5934.94016
36.9000 1 7067.40224
37.0000 1 6899.63008
37.1000 1 5955.91168
37.2000 1 5976.8832
37.3000 1 6228.54144
37.4000 1 7654.6048
37.5000 1 5777.65376
37.6000 1 5809.11104
37.7000 1 5882.51136
37.8000 1 7864.32
37.9000 1 5809.11104
38.0000 1 5725.22496
38.1000 1 5809.11104
38.2000 1 7916.7488
38.3000 1 5798.62528
38.4000 1 5641.33888
38.5000 1 5987.36896
38.6000 1 8000.63488
38.7000 1 5861.53984
38.8000 1 5819.5968
38.9000 1 5840.56832
39.0000 1 7539.26144
39.1000 1 6364.85632
39.2000 1 5746.19648
39.3000 1 5851.05408
39.4000 1 6207.56992
39.5000 1 7728.00512
39.6000 1 3806.33088
39.7000 1 5872.0256
39.8000 1 7832.86272
39.9000 1 7990.14912
40.0000 1 6029.312
40.1000 1 5934.94016
40.2000 1 5861.53984
40.3000 1 7654.6048
40.4000 1 6008.34048
40.5000 1 5851.05408
40.6000 1 5819.5968
40.7000 1 7423.91808
40.8000 1 6259.99872
40.9000 1 5861.53984
41.0000 1 5997.85472
41.1000 1 7067.40224
41.2000 1 6889.14432
41.3000 1 5955.91168
41.4000 1 5934.94016
41.5000 1 6354.37056
41.6000 1 7570.71872
41.7000 1 5903.48288
41.8000 1 5934.94016
41.9000 1 5934.94016
42.0000 1 8042.57792
42.1000 1 5798.62528
42.2000 1 5966.39744
42.3000 1 5809.11104
42.4000 1 7675.57632
42.5000 1 6186.5984
42.6000 1 5872.0256
42.7000 1 5861.53984
42.8000 1 7151.28832
42.9000 1 6826.22976
43.0000 1 5851.05408
43.1000 1 5830.08256
43.2000 1 6658.4576
43.3000 1 7014.97344
43.4000 1 5861.53984
43.5000 1 5746.19648
43.6000 1 6595.54304
43.7000 1 7119.83104
43.8000 1 5861.53984
43.9000 1 5851.05408
44.0000 1 734.0032
44.1000 1 4519.36256
44.2000 1 9049.21088
44.3000 1 6532.62848
44.4000 1 5263.85152
44.5000 1 7298.08896
44.6000 1 7172.25984
44.7000 1 5861.53984
44.8000 1 7811.8912
44.9000 1 5704.25344
45.0000 1 5672.79616
45.1000 1 5987.36896
45.2000 1 7182.7456
45.3000 1 2065.69472
45.4000 1 9101.63968
45.5000 1 6910.11584
45.6000 1 7780.43392
45.7000 1 4194.304
45.8000 1 2401.23904
45.9000 1 5641.33888
46.0000 1 11481.9072
46.1000 1 6270.48448
46.2000 1 6039.79776
46.3000 1 5903.48288
46.4000 1 8063.54944
46.5000 1 6081.7408
46.6000 1 5746.19648
46.7000 1 5620.36736
46.8000 1 7969.1776
46.9000 1 5672.79616
47.0000 1 5809.11104
47.1000 1 5872.0256
47.2000 1 7707.0336
47.3000 1 6144.65536
47.4000 1 5683.28192
47.5000 1 5966.39744
47.6000 1 7329.54624
47.7000 1 6522.14272
47.8000 1 5913.96864
47.9000 1 5882.51136
48.0000 1 6836.71552
48.1000 1 6983.51616
48.2000 1 5872.0256
48.3000 1 5851.05408
48.4000 1 6333.39904
48.5000 1 7371.48928
48.6000 1 5840.56832
48.7000 1 5809.11104
48.8000 1 6144.65536
48.9000 1 7801.40544
49.0000 1 5997.85472
49.1000 1 5840.56832
49.2000 1 5882.51136
49.3000 1 7990.14912
49.4000 1 5798.62528
49.5000 1 5725.22496
49.6000 1 5777.65376
49.7000 1 7790.91968
49.8000 1 5976.8832
49.9000 1 5798.62528
50.0000 1 6029.312
50.1000 1 7413.43232
50.2000 1 6553.6
50.3000 1 5714.7392
50.4000 1 5809.11104
50.5000 1 7035.94496
50.6000 1 6899.63008
50.7000 1 5683.28192
50.8000 1 5704.25344
50.9000 1 6826.22976
51.0000 1 6847.20128
51.1000 1 5987.36896
51.2000 1 5756.68224
51.3000 1 6480.19968
51.4000 1 7245.66016
51.5000 1 5913.96864
51.6000 1 5830.08256
51.7000 1 6134.1696
51.8000 1 7665.09056
51.9000 1 5861.53984
52.0000 1 5997.85472
52.1000 1 5945.42592
52.2000 1 7927.23456
52.3000 1 5976.8832
52.4000 1 5788.13952
52.5000 1 5840.56832
52.6000 1 7497.3184
52.7000 1 6322.91328
52.8000 1 5882.51136
52.9000 1 5882.51136
53.0000 1 7035.94496
53.1000 1 6700.40064
53.2000 1 5945.42592
53.3000 1 5830.08256
53.4000 1 6721.37216
53.5000 1 7182.7456
53.6000 1 5651.82464
53.7000 1 5672.79616
53.8000 1 6553.6
53.9000 1 6889.14432
54.0000 1 5819.5968
54.1000 1 5609.8816
54.2000 1 6763.3152
54.3000 1 6899.63008
54.4000 1 5882.51136
54.5000 1 5851.05408
54.6000 1 6448.7424
54.7000 1 7319.06048
54.8000 1 5683.28192
54.9000 1 5651.82464
55.0000 1 6469.71392
55.1000 1 7371.48928
55.2000 1 5987.36896
55.3000 1 5934.94016
55.4000 1 5872.0256
55.5000 1 7633.63328
55.6000 1 5809.11104
55.7000 1 5662.3104
55.8000 1 5924.4544
55.9000 1 4592.76288
56.0000 1 2873.09824
56.1000 1 5861.53984
56.2000 1 10999.56224
56.3000 1 6343.8848
56.4000 1 5903.48288
56.5000 1 5934.94016
56.6000 1 7738.49088
56.7000 1 6102.71232
56.8000 1 5735.71072
56.9000 1 5777.65376
57.0000 1 7528.77568
57.1000 1 6364.85632
57.2000 1 5809.11104
57.3000 1 5756.68224
57.4000 1 7235.1744
57.5000 1 6385.82784
57.6000 1 5788.13952
57.7000 1 5641.33888
57.8000 1 7245.66016
57.9000 1 6501.1712
58.0000 1 5798.62528
58.1000 1 5892.99712
58.2000 1 6983.51616
58.3000 1 6994.00192
58.4000 1 5861.53984
58.5000 1 5767.168
58.6000 1 6480.19968
58.7000 1 7203.71712
58.8000 1 5955.91168
58.9000 1 5903.48288
59.0000 1 6144.65536
59.1000 1 7675.57632
59.2000 1 5851.05408
59.3000 1 5924.4544
59.4000 1 5872.0256
59.5000 1 7895.77728
59.6000 1 5788.13952
59.7000 1 5840.56832
59.8000 1 5756.68224
59.9000 1 7979.66336
60.0000 1 5788.13952
60.1000 1 5641.33888
60.2000 1 5599.39584
60.3000 1 7728.00512
60.4000 1 5672.79616
60.5000 1 5788.13952
60.6000 1 5578.42432
60.7000 1 7644.11904
60.8000 1 5630.85312
60.9000 1 5494.53824
61.0000 1 6385.82784
61.1000 1 6857.68704
61.2000 1 5609.8816
61.3000 1 5557.4528
61.4000 1 7109.34528
61.5000 1 5945.42592
61.6000 1 5473.56672
61.7000 1 5630.85312
61.8000 1 7507.80416
61.9000 1 5672.79616
62.0000 1 5463.08096
62.1000 1 6207.56992
62.2000 1 6889.14432
62.3000 1 5463.08096
62.4000 1 5599.39584
62.5000 1 7172.25984
62.6000 1 6081.7408
62.7000 1 5662.3104
62.8000 1 5819.5968
62.9000 1 7507.80416
63.0000 1 6301.94176
63.1000 1 5746.19648
63.2000 1 5746.19648
63.3000 1 7340.032
63.4000 1 6301.94176
63.5000 1 5851.05408
63.6000 1 5630.85312
63.7000 1 7319.06048
63.8000 1 6532.62848
63.9000 1 5861.53984
64.0000 1 5557.4528
64.1000 1 7077.888
64.2000 1 6081.7408
64.3000 1 5599.39584
64.4000 1 5672.79616
64.5000 1 7780.43392
64.6000 1 5515.50976
64.7000 1 5452.5952
64.8000 1 5819.5968
64.9000 1 7465.86112
65.0000 1 5777.65376
65.1000 1 5599.39584
65.2000 1 6322.91328
65.3000 1 7224.68864
65.4000 1 5578.42432
65.5000 1 5641.33888
65.6000 1 6637.48608
65.7000 1 6742.34368
65.8000 1 5630.85312
65.9000 1 5725.22496
66.0000 1 7004.48768
66.1000 1 2118.12352
66.2000 1 3439.32928
66.3000 1 8566.86592
66.4000 1 9542.0416
66.5000 1 4540.33408
