0.1000 1 0.0
0.2000 1 6008.34048
0.3000 1 5337.25184
0.4000 1 5966.39744
0.5000 1 7539.26144
0.6000 1 5651.82464
0.7000 1 5651.82464
0.8000 1 6301.94176
0.9000 1 7004.48768
1.0000 1 5630.85312
1.1000 1 5578.42432
1.2000 1 6826.22976
1.3000 1 6092.22656
1.4000 1 5683.28192
1.5000 1 5557.4528
1.6000 1 7696.54784
1.7000 1 6060.76928
1.8000 1 6155.14112
1.9000 1 6081.7408
2.0000 1 7014.97344
2.1000 1 6721.37216
2.2000 1 5494.53824
2.3000 1 5305.79456
2.4000 1 7465.86112
2.5000 1 7203.71712
2.6000 1 6113.19808
2.7000 1 6186.5984
2.8000 1 6207.56992
2.9000 1 7790.91968
3.0000 1 7119.83104
3.1000 1 6354.37056
3.2000 1 5609.8816
3.3000 1 6123.68384
3.4000 1 7067.40224
3.5000 1 5630.85312
3.6000 1 5630.85312
3.7000 1 6805.25824
3.8000 1 6490.68544
3.9000 1 5525.99552
4.0000 1 5337.25184
4.1000 1 7707.0336
4.2000 1 5588.91008
4.3000 1 5599.39584
4.4000 1 5536.48128
4.5000 1 7990.14912
4.6000 1 5756.68224
4.7000 1 5746.19648
4.8000 1 5651.82464
4.9000 1 7560.23296
5.0000 1 5798.62528
5.1000 1 5683.28192
5.2000 1 6050.28352
5.3000 1 7109.34528
5.4000 1 5714.7392
5.5000 1 5641.33888
5.6000 1 6606.0288
5.7000 1 6805.25824
5.8000 1 5662.3104
5.9000 1 5683.28192
6.0000 1 6952.05888
6.1000 1 6501.1712
6.2000 1 5599.39584
6.3000 1 5662.3104
6.4000 1 7340.032
6.5000 1 6155.14112
6.6000 1 5630.85312
6.7000 1 5662.3104
6.8000 1 7633.63328
6.9000 1 5746.19648
7.0000 1 5651.82464
7.1000 1 5672.79616
7.2000 1 7728.00512
7.3000 1 5641.33888
7.4000 1 5819.5968
7.5000 1 5756.68224
7.6000 1 7738.49088
7.7000 1 5672.79616
7.8000 1 5662.3104
7.9000 1 5924.4544
8.0000 1 7266.63168
8.1000 1 5505.024
8.2000 1 5557.4528
8.3000 1 6742.34368
8.4000 1 6511.65696
8.5000 1 5578.42432
8.6000 1 5662.3104
8.7000 1 7308.57472
8.8000 1 6228.54144
8.9000 1 2380.26752
9.0000 1 7486.83264
9.1000 1 5515.50976
9.2000 1 5599.39584
9.3000 1 6322.91328
9.4000 1 7077.888
9.5000 1 5693.76768
9.6000 1 5746.19648
9.7000 1 6606.0288
9.8000 1 6941.57312
9.9000 1 5693.76768
10.0000 1 5704.25344
10.1000 1 6742.34368
10.2000 1 6773.80096
10.3000 1 5546.96704
10.4000 1 5693.76768
10.5000 1 7077.888
10.6000 1 6333.39904
10.7000 1 5609.8816
10.8000 1 5630.85312
10.9000 1 7560.23296
11.0000 1 5872.0256
11.1000 1 5599.39584
11.2000 1 5830.08256
11.3000 1 7759.4624
11.4000 1 5714.7392
11.5000 1 5620.36736
11.6000 1 5452.5952
11.7000 1 7644.11904
11.8000 1 5693.76768
11.9000 1 5714.7392
12.0000 1 5966.39744
12.1000 1 7434.40384
12.2000 1 5630.85312
12.3000 1 5609.8816
12.4000 1 6396.3136
12.5000 1 6784.28672
12.6000 1 5557.4528
12.7000 1 5672.79616
12.8000 1 7067.40224
12.9000 1 3942.64576
13.0000 1 3963.61728
13.1000 1 7056.91648
13.2000 1 5630.85312
13.3000 1 5672.79616
13.4000 1 7161.77408
13.5000 1 6280.97024
13.6000 1 5641.33888
13.7000 1 5557.4528
13.8000 1 7612.66176
13.9000 1 5630.85312
14.0000 1 5546.96704
14.1000 1 5578.42432
14.2000 1 7654.6048
14.3000 1 5546.96704
14.4000 1 5599.39584
14.5000 1 5735.71072
14.6000 1 6710.8864
14.7000 1 6920.6016
14.8000 1 5798.62528
14.9000 1 5525.99552
15.0000 1 6941.57312
15.1000 1 6427.77088
15.2000 1 5620.36736
15.3000 1 5630.85312
15.4000 1 7381.97504
15.5000 1 5966.39744
15.6000 1 5725.22496
15.7000 1 5693.76768
15.8000 1 7696.54784
15.9000 1 5546.96704
16.0000 1 5620.36736
16.1000 1 5683.28192
16.2000 1 7780.43392
16.3000 1 5557.4528
16.4000 1 5536.48128
16.5000 1 6259.99872
16.6000 1 7172.25984
16.7000 1 5525.99552
16.8000 1 5557.4528
16.9000 1 4435.47648
17.0000 1 6920.6016
17.1000 1 5714.7392
17.2000 1 7591.69024
17.3000 1 5714.7392
17.4000 1 8818.52416
17.5000 1 5557.4528
17.6000 1 5756.68224
17.7000 1 7748.97664
17.8000 1 5546.96704
17.9000 1 5704.25344
18.0000 1 5945.42592
18.1000 1 7235.1744
18.2000 1 5452.5952
18.3000 1 5641.33888
18.4000 1 6815.744
18.5000 1 1080.03328
18.6000 1 7319.06048
18.7000 1 7203.71712
18.8000 1 5567.93856
18.9000 1 5693.76768
19.0000 1 6606.0288
19.1000 1 7623.14752
19.2000 1 5651.82464
19.3000 1 5578.42432
19.4000 1 6186.5984
19.5000 1 7088.37376
19.6000 1 5578.42432
19.7000 1 5515.50976
19.8000 1 6857.68704
19.9000 1 6165.62688
20.0000 1 5662.3104
20.1000 1 5620.36736
20.2000 1 7654.6048
20.3000 1 5515.50976
20.4000 1 5557.4528
20.5000 1 5798.62528
20.6000 1 7549.7472
20.7000 1 5662.3104
20.8000 1 5578.42432
20.9000 1 6333.39904
21.0000 1 6931.08736
21.1000 1 5546.96704
21.2000 1 5494.53824
21.3000 1 7077.888
21.4000 1 6218.05568
21.5000 1 5704.25344
21.6000 1 5704.25344
21.7000 1 7560.23296
21.8000 1 5662.3104
21.9000 1 5525.99552
22.0000 1 5546.96704
22.1000 1 7591.69024
22.2000 1 5484.05248
22.3000 1 5630.85312
22.4000 1 6406.79936
22.5000 1 6731.85792
22.6000 1 5620.36736
22.7000 1 5536.48128
22.8000 1 7298.08896
22.9000 1 5578.42432
23.0000 1 5609.8816
23.1000 1 5609.8816
23.2000 1 7623.14752
23.3000 1 5599.39584
23.4000 1 4194.304
23.5000 1 7644.11904
23.6000 1 5452.5952
23.7000 1 5505.024
23.8000 1 5830.08256
23.9000 1 7203.71712
24.0000 1 5326.76608
24.1000 1 5274.33728
24.2000 1 7035.94496
24.3000 1 5326.76608
24.4000 1 5295.3088
24.5000 1 6385.82784
24.6000 1 5966.39744
24.7000 1 5158.99392
24.8000 1 5651.82464
24.9000 1 6574.57152
25.0000 1 5295.3088
25.1000 1 5316.28032
25.2000 1 7025.4592
25.3000 1 5211.42272
25.4000 1 5263.85152
25.5000 1 7004.48768
25.6000 1 5924.4544
25.7000 1 5253.36576
25.8000 1 5662.3104
25.9000 1 6627.00032
26.0000 1 5242.88
26.1000 1 5200.93696
26.2000 1 7151.28832
26.3000 1 2705.32608
26.4000 1 4267.70432
26.5000 1 8420.06528
26.6000 1 5609.8816
26.7000 1 5515.50976
26.8000 1 7361.00352
26.9000 1 5557.4528
27.0000 1 5536.48128
27.1000 1 6102.71232
27.2000 1 6941.57312
27.3000 1 5756.68224
27.4000 1 5599.39584
27.5000 1 6773.80096
27.6000 1 6218.05568
27.7000 1 5683.28192
27.8000 1 5525.99552
27.9000 1 7581.20448
28.0000 1 5588.91008
28.1000 1 5505.024
28.2000 1 5830.08256
28.3000 1 7224.68864
28.4000 1 5326.76608
28.5000 1 5515.50976
28.6000 1 6994.00192
28.7000 1 6197.08416
28.8000 1 5505.024
28.9000 1 5567.93856
29.0000 1 7602.176
29.1000 1 5525.99552
29.2000 1 5620.36736
29.3000 1 5830.08256
29.4000 1 7560.23296
29.5000 1 5473.56672
29.6000 1 5494.53824
29.7000 1 6585.05728
29.8000 1 6511.65696
29.9000 1 5525.99552
30.0000 1 5609.8816
30.1000 1 7528.77568
30.2000 1 5725.22496
30.3000 1 5609.8816
30.4000 1 5662.3104
30.5000 1 7591.69024
30.6000 1 5463.08096
30.7000 1 5505.024
30.8000 1 6280.97024
30.9000 1 6994.00192
31.0000 1 5620.36736
31.1000 1 5536.48128
31.2000 1 6962.54464
31.3000 1 6176.11264
31.4000 1 5546.96704
31.5000 1 5484.05248
31.6000 1 7549.7472
31.7000 1 5505.024
31.8000 1 5337.25184
31.9000 1 6270.48448
32.0000 1 6616.51456
32.1000 1 5588.91008
32.2000 1 5599.39584
32.3000 1 7287.6032
32.4000 1 5966.39744
32.5000 1 5662.3104
32.6000 1 5546.96704
32.7000 1 7444.8896
32.8000 1 5494.53824
32.9000 1 5672.79616
33.0000 1 6134.1696
33.1000 1 7161.77408
33.2000 1 5620.36736
33.3000 1 5536.48128
33.4000 1 6868.1728
33.5000 1 6291.456
33.6000 1 5651.82464
33.7000 1 5672.79616
33.8000 1 7528.77568
33.9000 1 5704.25344
34.0000 1 5494.53824
34.1000 1 5546.96704
34.2000 1 7612.66176
34.3000 1 5494.53824
34.4000 1 5452.5952
34.5000 1 6553.6
34.6000 1 6427.77088
34.7000 1 5515.50976
34.8000 1 5494.53824
34.9000 1 7654.6048
35.0000 1 5588.91008
35.1000 1 5505.024
35.2000 1 5693.76768
35.3000 1 7455.37536
35.4000 1 5431.62368
35.5000 1 5505.024
35.6000 1 6700.40064
35.7000 1 6385.82784
35.8000 1 5431.62368
35.9000 1 5557.4528
36.0000 1 7612.66176
36.1000 1 5505.024
36.2000 1 5442.10944
36.3000 1 5851.05408
36.4000 1 7298.08896
36.5000 1 3051.35616
36.6000 1 4309.64736
36.7000 1 8849.98144
36.8000 1 5788.13952
36.9000 1 5756.68224
37.0000 1 6805.25824
37.1000 1 6354.37056
37.2000 1 5505.024
37.3000 1 5473.56672
37.4000 1 7675.57632
37.5000 1 5809.11104
37.6000 1 5672.79616
37.7000 1 5609.8816
37.8000 1 7570.71872
37.9000 1 5672.79616
38.0000 1 5525.99552
38.1000 1 6155.14112
38.2000 1 6910.11584
38.3000 1 5609.8816
38.4000 1 5599.39584
38.5000 1 7035.94496
38.6000 1 6186.5984
38.7000 1 5410.65216
38.8000 1 5683.28192
38.9000 1 7507.80416
39.0000 1 5494.53824
39.1000 1 5452.5952
39.2000 1 6144.65536
39.3000 1 6994.00192
39.4000 1 5505.024
39.5000 1 5651.82464
39.6000 1 6962.54464
39.7000 1 6134.1696
39.8000 1 5599.39584
39.9000 1 5651.82464
40.0000 1 7623.14752
40.1000 1 5578.42432
40.2000 1 5421.13792
40.3000 1 5913.96864
40.4000 1 7151.28832
40.5000 1 5358.22336
40.6000 1 5546.96704
40.7000 1 7098.85952
40.8000 1 6081.7408
40.9000 1 5620.36736
41.0000 1 5620.36736
41.1000 1 7623.14752
41.2000 1 5609.8816
41.3000 1 5400.1664
41.4000 1 5913.96864
41.5000 1 7193.23136
41.6000 1 5599.39584
41.7000 1 5588.91008
41.8000 1 6805.25824
41.9000 1 6197.08416
42.0000 1 5473.56672
42.1000 1 5494.53824
42.2000 1 7476.34688
42.3000 1 5421.13792
42.4000 1 5567.93856
42.5000 1 6249.51296
42.6000 1 6899.63008
42.7000 1 5463.08096
42.8000 1 5515.50976
42.9000 1 7224.68864
43.0000 1 5830.08256
43.1000 1 5515.50976
43.2000 1 5536.48128
43.3000 1 7455.37536
43.4000 1 5683.28192
43.5000 1 5557.4528
43.6000 1 6343.8848
43.7000 1 6742.34368
43.8000 1 5567.93856
43.9000 1 5379.19488
44.0000 1 7423.91808
44.1000 1 5546.96704
44.2000 1 5410.65216
44.3000 1 5809.11104
44.4000 1 7193.23136
44.5000 1 5578.42432
44.6000 1 5505.024
44.7000 1 6805.25824
44.8000 1 6312.42752
44.9000 1 5588.91008
45.0000 1 5599.39584
45.1000 1 7465.86112
45.2000 1 5473.56672
45.3000 1 5578.42432
45.4000 1 1614.80704
45.5000 1 0.0
45.6000 1 4949.27872
45.7000 1 8912.896
45.8000 1 5976.8832
45.9000 1 5704.25344
46.0000 1 5158.99392
46.1000 1 0.0
46.2000 1 0.0
46.3000 1 6910.11584
46.4000 1 8084.52096
46.5000 1 5557.4528
46.6000 1 5567.93856
46.7000 1 3932.16
46.8000 1 4309.64736
46.9000 1 7014.97344
47.0000 1 8671.72352
47.1000 1 5934.94016
47.2000 1 2485.12512
47.3000 1 0.0
47.4000 1 5955.91168
47.5000 1 6385.82784
47.6000 1 6333.39904
47.7000 1 6553.6
47.8000 1 6647.97184
47.9000 1 5662.3104
48.0000 1 5567.93856
48.1000 1 7256.14592
48.2000 1 5903.48288
48.3000 1 5693.76768
48.4000 1 5494.53824
48.5000 1 7675.57632
48.6000 1 5484.05248
48.7000 1 5452.5952
48.8000 1 6071.25504
48.9000 1 7298.08896
49.0000 1 5609.8816
49.1000 1 5630.85312
49.2000 1 6553.6
49.3000 1 6710.8864
49.4000 1 5756.68224
49.5000 1 5599.39584
49.6000 1 7035.94496
49.7000 1 5882.51136
49.8000 1 5400.1664
49.9000 1 5641.33888
50.0000 1 7497.3184
50.1000 1 5641.33888
50.2000 1 5704.25344
50.3000 1 6197.08416
50.4000 1 7214.20288
50.5000 1 5651.82464
50.6000 1 5536.48128
50.7000 1 6700.40064
50.8000 1 6501.1712
50.9000 1 5630.85312
51.0000 1 5546.96704
51.1000 1 7476.34688
51.2000 1 5840.56832
51.3000 1 5442.10944
51.4000 1 5473.56672
51.5000 1 7728.00512
51.6000 1 5442.10944
51.7000 1 5400.1664
51.8000 1 6480.19968
51.9000 1 6731.85792
52.0000 1 5536.48128
52.1000 1 5316.28032
52.2000 1 7434.40384
52.3000 1 5505.024
52.4000 1 5588.91008
52.5000 1 5746.19648
52.6000 1 7507.80416
52.7000 1 5410.65216
52.8000 1 5431.62368
52.9000 1 6731.85792
53.0000 1 6354.37056
53.1000 1 5536.48128
53.2000 1 5672.79616
53.3000 1 7423.91808
53.4000 1 5630.85312
53.5000 1 5536.48128
53.6000 1 5735.71072
53.7000 1 7193.23136
53.8000 1 5442.10944
53.9000 1 5421.13792
54.0000 1 7067.40224
54.1000 1 5882.51136
54.2000 1 5389.68064
54.3000 1 5452.5952
54.4000 1 7539.26144
54.5000 1 5274.33728
54.6000 1 5599.39584
54.7000 1 6710.8864
54.8000 1 6018.82624
54.9000 1 5442.10944
55.0000 1 5599.39584
55.1000 1 7465.86112
55.2000 1 5389.68064
55.3000 1 5358.22336
55.4000 1 6606.0288
55.5000 1 6270.48448
55.6000 1 5525.99552
55.7000 1 5442.10944
55.8000 1 7570.71872
55.9000 1 5400.1664
56.0000 1 5379.19488
56.1000 1 6291.456
56.2000 1 6920.6016
56.3000 1 5588.91008
56.4000 1 5578.42432
56.5000 1 6994.00192
56.6000 1 6008.34048
56.7000 1 5232.39424
56.8000 1 5557.4528
56.9000 1 3533.70112
57.0000 1 4016.04608
57.1000 1 8787.06688
57.2000 1 8755.6096
57.3000 1 6627.00032
57.4000 1 6239.0272
57.5000 1 5851.05408
57.6000 1 6406.79936
57.7000 1 6459.22816
57.8000 1 5578.42432
57.9000 1 5651.82464
58.0000 1 7444.8896
58.1000 1 5966.39744
58.2000 1 5515.50976
58.3000 1 5567.93856
58.4000 1 7675.57632
58.5000 1 5704.25344
58.6000 1 5641.33888
58.7000 1 5861.53984
58.8000 1 7298.08896
58.9000 1 5609.8816
59.0000 1 5630.85312
59.1000 1 6616.51456
59.2000 1 6700.40064
59.3000 1 5704.25344
59.4000 1 5620.36736
59.5000 1 7035.94496
59.6000 1 6165.62688
59.7000 1 5473.56672
59.8000 1 5578.42432
59.9000 1 7612.66176
60.0000 1 5546.96704
60.1000 1 5505.024
60.2000 1 6060.76928
60.3000 1 6878.65856
60.4000 1 5431.62368
60.5000 1 5546.96704
60.6000 1 7245.66016
60.7000 1 5851.05408
60.8000 1 5557.4528
60.9000 1 5609.8816
61.0000 1 7738.49088
61.1000 1 5567.93856
61.2000 1 5693.76768
61.3000 1 5851.05408
61.4000 1 7518.28992
61.5000 1 5515.50976
61.6000 1 5546.96704
61.7000 1 6564.08576
61.8000 1 6343.8848
61.9000 1 5557.4528
62.0000 1 5609.8816
62.1000 1 7623.14752
62.2000 1 5442.10944
62.3000 1 5473.56672
62.4000 1 5872.0256
62.5000 1 6994.00192
62.6000 1 5683.28192
62.7000 1 5505.024
62.8000 1 6973.0304
62.9000 1 6333.39904
63.0000 1 5609.8816
63.1000 1 5662.3104
63.2000 1 7476.34688
63.3000 1 5819.5968
63.4000 1 5536.48128
63.5000 1 5525.99552
63.6000 1 7528.77568
63.7000 1 5494.53824
63.8000 1 5546.96704
63.9000 1 6469.71392
64.0000 1 6616.51456
64.1000 1 5672.79616
64.2000 1 5725.22496
64.3000 1 7098.85952
64.4000 1 6228.54144
64.5000 1 5662.3104
64.6000 1 5651.82464
64.7000 1 7413.43232
64.8000 1 5693.76768
64.9000 1 5536.48128
65.0000 1 5693.76768
65.1000 1 7361.00352
65.2000 1 5337.25184
65.3000 1 5463.08096
65.4000 1 6973.0304
65.5000 1 5798.62528
65.6000 1 5651.82464
65.7000 1 5515.50976
65.8000 1 7507.80416
65.9000 1 5494.53824
66.0000 1 5515.50976
66.1000 1 6364.85632
66.2000 1 6742.34368
66.3000 1 5641.33888
66.4000 1 5494.53824
66.5000 1 7319.06048
66.6000 1 5788.13952
66.7000 1 5525.99552
66.8000 1 5567.93856
66.9000 1 7644.11904
67.0000 1 4404.0192
67.1000 1 2967.47008
67.2000 1 7623.14752
67.3000 1 8273.26464
67.4000 1 6165.62688
67.5000 1 6018.82624
67.6000 1 7035.94496
67.7000 1 6259.99872
67.8000 1 5651.82464
67.9000 1 5525.99552
68.0000 1 6102.71232
68.1000 1 7014.97344
68.2000 1 5609.8816
68.3000 1 4529.84832
68.4000 1 8451.52256
68.5000 1 7853.83424
68.6000 1 5819.5968
68.7000 1 5578.42432
68.8000 1 1887.4368
