0.1000 1 0.0
0.2000 1 6532.62848
0.3000 1 1908.40832
0.4000 1 7067.40224
0.5000 1 5651.82464
0.6000 1 5746.19648
0.7000 1 6983.51616
0.8000 1 6585.05728
0.9000 1 5651.82464
1.0000 1 5788.13952
1.1000 1 7098.85952
1.2000 1 6102.71232
1.3000 1 5662.3104
1.4000 1 5788.13952
1.5000 1 7465.86112
1.6000 1 6071.25504
1.7000 1 5788.13952
1.8000 1 5840.56832
1.9000 1 7528.77568
2.0000 1 6239.0272
2.1000 1 5725.22496
2.2000 1 5725.22496
2.3000 1 7402.94656
2.4000 1 6364.85632
2.5000 1 5693.76768
2.6000 1 5788.13952
2.7000 1 7203.71712
2.8000 1 6333.39904
2.9000 1 5567.93856
3.0000 1 5704.25344
3.1000 1 7497.3184
3.2000 1 5934.94016
3.3000 1 5714.7392
3.4000 1 5767.168
3.5000 1 7665.09056
3.6000 1 6071.25504
3.7000 1 5798.62528
3.8000 1 5819.5968
3.9000 1 7423.91808
4.0000 1 6134.1696
4.1000 1 5840.56832
4.2000 1 5777.65376
4.3000 1 7371.48928
4.4000 1 5830.08256
4.5000 1 5725.22496
4.6000 1 5735.71072
4.7000 1 7748.97664
4.8000 1 5819.5968
4.9000 1 5651.82464
5.0000 1 5756.68224
5.1000 1 7769.94816
5.2000 1 5725.22496
5.3000 1 5725.22496
5.4000 1 5798.62528
5.5000 1 7717.51936
5.6000 1 5777.65376
5.7000 1 5756.68224
5.8000 1 5756.68224
5.9000 1 7843.34848
6.0000 1 5777.65376
6.1000 1 5630.85312
6.2000 1 5735.71072
6.3000 1 7895.77728
6.4000 1 5599.39584
6.5000 1 5683.28192
6.6000 1 5767.168
6.7000 1 7633.63328
6.8000 1 5662.3104
6.9000 1 5630.85312
7.0000 1 5966.39744
7.1000 1 7413.43232
7.2000 1 5672.79616
7.3000 1 5725.22496
7.4000 1 6280.97024
7.5000 1 7172.25984
7.6000 1 5609.8816
7.7000 1 5830.08256
7.8000 1 6511.65696
7.9000 1 7172.25984
8.0000 1 5662.3104
8.1000 1 5630.85312
8.2000 1 6658.4576
8.3000 1 7025.4592
8.4000 1 5756.68224
8.5000 1 5630.85312
8.6000 1 6700.40064
8.7000 1 6889.14432
8.8000 1 5851.05408
8.9000 1 5840.56832
9.0000 1 6469.71392
9.1000 1 7340.032
9.2000 1 5714.7392
9.3000 1 5851.05408
9.4000 1 6207.56992
9.5000 1 7549.7472
9.6000 1 5809.11104
9.7000 1 5819.5968
9.8000 1 5872.0256
9.9000 1 7916.7488
10.0000 1 5777.65376
10.1000 1 5809.11104
10.2000 1 5851.05408
10.3000 1 7801.40544
10.4000 1 5788.13952
10.5000 1 5588.91008
10.6000 1 5819.5968
10.7000 1 7958.69184
10.8000 1 5840.56832
10.9000 1 5630.85312
11.0000 1 5704.25344
11.1000 1 7927.23456
11.2000 1 5913.96864
11.3000 1 5735.71072
11.4000 1 5756.68224
11.5000 1 7801.40544
11.6000 1 5809.11104
11.7000 1 5913.96864
11.8000 1 5872.0256
11.9000 1 7528.77568
12.0000 1 6092.22656
12.1000 1 5725.22496
12.2000 1 5693.76768
12.3000 1 7570.71872
12.4000 1 5987.36896
12.5000 1 5578.42432
12.6000 1 5788.13952
12.7000 1 7748.97664
12.8000 1 6071.25504
12.9000 1 5756.68224
13.0000 1 5809.11104
13.1000 1 7381.97504
13.2000 1 6427.77088
13.3000 1 5672.79616
13.4000 1 5924.4544
13.5000 1 7077.888
13.6000 1 6553.6
13.7000 1 5735.71072
13.8000 1 5788.13952
13.9000 1 7130.3168
14.0000 1 6427.77088
14.1000 1 5756.68224
14.2000 1 5735.71072
14.3000 1 7140.80256
14.4000 1 6522.14272
14.5000 1 5588.91008
14.6000 1 5609.8816
14.7000 1 7434.40384
14.8000 1 6071.25504
14.9000 1 5735.71072
15.0000 1 5767.168
15.1000 1 7507.80416
15.2000 1 6071.25504
15.3000 1 5609.8816
15.4000 1 5651.82464
15.5000 1 7675.57632
15.6000 1 5851.05408
15.7000 1 5693.76768
15.8000 1 5767.168
15.9000 1 6994.00192
16.0000 1 5033.1648
16.1000 1 5756.68224
16.2000 1 6931.08736
16.3000 1 6794.77248
16.4000 1 5567.93856
16.5000 1 5546.96704
16.6000 1 7172.25984
16.7000 1 6532.62848
16.8000 1 5830.08256
16.9000 1 5714.7392
17.0000 1 7025.4592
17.1000 1 6721.37216
17.2000 1 5777.65376
17.3000 1 5704.25344
17.4000 1 6899.63008
17.5000 1 6815.744
17.6000 1 5777.65376
17.7000 1 5798.62528
17.8000 1 6700.40064
17.9000 1 7056.91648
18.0000 1 5809.11104
18.1000 1 5819.5968
18.2000 1 6406.79936
18.3000 1 7245.66016
18.4000 1 5725.22496
18.5000 1 5735.71072
18.6000 1 6459.22816
18.7000 1 6931.08736
18.8000 1 5588.91008
18.9000 1 5620.36736
19.0000 1 6983.51616
19.1000 1 6710.8864
19.2000 1 5788.13952
19.3000 1 5945.42592
19.4000 1 6668.94336
19.5000 1 7067.40224
19.6000 1 5725.22496
19.7000 1 5662.3104
19.8000 1 6668.94336
19.9000 1 6794.77248
20.0000 1 5735.71072
20.1000 1 5892.99712
20.2000 1 6637.48608
20.3000 1 7014.97344
20.4000 1 5641.33888
20.5000 1 5620.36736
20.6000 1 6826.22976
20.7000 1 6501.1712
20.8000 1 5693.76768
20.9000 1 5788.13952
21.0000 1 7140.80256
21.1000 1 6490.68544
21.2000 1 5714.7392
21.3000 1 5683.28192
21.4000 1 7235.1744
21.5000 1 7644.11904
21.6000 1 6029.312
21.7000 1 5651.82464
21.8000 1 5075.10784
21.9000 1 1038.09024
22.0000 1 0.0
22.1000 1 0.0
22.2000 1 0.0
22.3000 1 7748.97664
22.4000 1 7958.69184
22.5000 1 8178.8928
22.6000 1 7990.14912
22.7000 1 6522.14272
22.8000 1 1929.37984
22.9000 1 6197.08416
23.0000 1 10139.72992
23.1000 1 7004.48768
23.2000 1 5620.36736
23.3000 1 6123.68384
23.4000 1 6668.94336
23.5000 1 7172.25984
23.6000 1 5609.8816
23.7000 1 5840.56832
23.8000 1 6490.68544
23.9000 1 7444.8896
24.0000 1 1468.0064
24.1000 1 325.05856
24.2000 1 6312.42752
24.3000 1 7665.09056
24.4000 1 9636.41344
24.5000 1 7874.80576
24.6000 1 5997.85472
24.7000 1 5882.51136
24.8000 1 6092.22656
24.9000 1 7811.8912
25.0000 1 5892.99712
25.1000 1 5263.85152
25.2000 1 8378.12224
25.3000 1 10569.64608
25.4000 1 5934.94016
25.5000 1 5892.99712
25.6000 1 7591.69024
25.7000 1 5830.08256
25.8000 1 7350.51776
25.9000 1 4991.22176
26.0000 1 2086.66624
26.1000 1 5337.25184
26.2000 1 8210.35008
26.3000 1 7990.14912
26.4000 1 9112.12544
26.5000 1 6962.54464
26.6000 1 5767.168
26.7000 1 4424.99072
26.8000 1 7937.72032
26.9000 1 6186.5984
27.0000 1 5966.39744
27.1000 1 10443.81696
27.2000 1 5798.62528
27.3000 1 5966.39744
27.4000 1 7560.23296
27.5000 1 6553.6
27.6000 1 5672.79616
27.7000 1 5819.5968
27.8000 1 7014.97344
27.9000 1 6857.68704
28.0000 1 5934.94016
28.1000 1 5830.08256
28.2000 1 6574.57152
28.3000 1 7361.00352
28.4000 1 5735.71072
28.5000 1 5976.8832
28.6000 1 5934.94016
28.7000 1 8042.57792
28.8000 1 5767.168
28.9000 1 5725.22496
29.0000 1 5934.94016
29.1000 1 8021.6064
29.2000 1 5546.96704
29.3000 1 5872.0256
29.4000 1 5830.08256
29.5000 1 7906.26304
29.6000 1 5934.94016
29.7000 1 5777.65376
29.8000 1 5704.25344
29.9000 1 7665.09056
30.0000 1 6144.65536
30.1000 1 5798.62528
30.2000 1 5693.76768
30.3000 1 7486.83264
30.4000 1 6197.08416
30.5000 1 5725.22496
30.6000 1 5903.48288
30.7000 1 7245.66016
30.8000 1 6490.68544
30.9000 1 5714.7392
31.0000 1 5882.51136
31.1000 1 7109.34528
31.2000 1 6710.8864
31.3000 1 5704.25344
31.4000 1 5997.85472
31.5000 1 6637.48608
31.6000 1 7329.54624
31.7000 1 5777.65376
31.8000 1 5934.94016
31.9000 1 6081.7408
32.0000 1 7748.97664
32.1000 1 5746.19648
32.2000 1 5767.168
32.3000 1 5861.53984
32.4000 1 7969.1776
32.5000 1 5662.3104
32.6000 1 5714.7392
32.7000 1 5735.71072
32.8000 1 7958.69184
32.9000 1 5693.76768
33.0000 1 5830.08256
33.1000 1 5599.39584
33.2000 1 7738.49088
33.3000 1 5861.53984
33.4000 1 5662.3104
33.5000 1 5693.76768
33.6000 1 7979.66336
33.7000 1 5882.51136
33.8000 1 5809.11104
33.9000 1 5714.7392
34.0000 1 7990.14912
34.1000 1 5903.48288
34.2000 1 5777.65376
34.3000 1 5756.68224
34.4000 1 7780.43392
34.5000 1 6176.11264
34.6000 1 5819.5968
34.7000 1 5976.8832
34.8000 1 7266.63168
34.9000 1 6606.0288
35.0000 1 5830.08256
35.1000 1 5861.53984
35.2000 1 6847.20128
35.3000 1 6857.68704
35.4000 1 5913.96864
35.5000 1 5725.22496
35.6000 1 6606.0288
35.7000 1 7298.08896
35.8000 1 5809.11104
35.9000 1 5830.08256
36.0000 1 6155.14112
36.1000 1 2422.21056
36.2000 1 2673.8688
36.3000 1 8608.80896
36.4000 1 9363.78368
36.5000 1 9510.58432
36.6000 1 5934.94016
36.7000 1 6081.7408
36.8000 1 5945.42592
36.9000 1 7874.80576
37.0000 1 5913.96864
37.1000 1 5997.85472
37.2000 1 5746.19648
37.3000 1 7644.11904
37.4000 1 6889.14432
37.5000 1 5892.99712
37.6000 1 6029.312
37.7000 1 6354.37056
37.8000 1 7822.37696
37.9000 1 5934.94016
38.0000 1 6008.34048
38.1000 1 5997.85472
38.2000 1 7665.09056
38.3000 1 6186.5984
38.4000 1 5704.25344
38.5000 1 5746.19648
38.6000 1 7591.69024
38.7000 1 6312.42752
38.8000 1 5777.65376
38.9000 1 5746.19648
39.0000 1 7277.11744
39.1000 1 6406.79936
39.2000 1 5809.11104
39.3000 1 5830.08256
39.4000 1 7046.43072
39.5000 1 6857.68704
39.6000 1 5913.96864
39.7000 1 6029.312
39.8000 1 6333.39904
39.9000 1 7675.57632
40.0000 1 5945.42592
40.1000 1 5725.22496
40.2000 1 5861.53984
40.3000 1 7916.7488
40.4000 1 6092.22656
40.5000 1 5777.65376
40.6000 1 5872.0256
40.7000 1 7707.0336
40.8000 1 6280.97024
40.9000 1 5777.65376
41.0000 1 5830.08256
41.1000 1 7214.20288
41.2000 1 6763.3152
41.3000 1 5861.53984
41.4000 1 5913.96864
41.5000 1 6700.40064
41.6000 1 7266.63168
41.7000 1 5704.25344
41.8000 1 5767.168
41.9000 1 6438.25664
42.0000 1 7528.77568
42.1000 1 5955.91168
42.2000 1 5851.05408
42.3000 1 5882.51136
42.4000 1 7937.72032
42.5000 1 5777.65376
42.6000 1 5714.7392
42.7000 1 5924.4544
42.8000 1 7937.72032
42.9000 1 5882.51136
43.0000 1 5777.65376
43.1000 1 5819.5968
43.2000 1 7623.14752
43.3000 1 6008.34048
43.4000 1 5903.48288
43.5000 1 5714.7392
43.6000 1 7633.63328
43.7000 1 6155.14112
43.8000 1 5819.5968
43.9000 1 5924.4544
44.0000 1 7182.7456
44.1000 1 6469.71392
44.2000 1 5746.19648
44.3000 1 5725.22496
44.4000 1 7235.1744
44.5000 1 6375.34208
44.6000 1 5966.39744
44.7000 1 5767.168
44.8000 1 6920.6016
44.9000 1 6868.1728
45.0000 1 5913.96864
45.1000 1 5693.76768
45.2000 1 6637.48608
45.3000 1 7004.48768
45.4000 1 5945.42592
45.5000 1 5756.68224
45.6000 1 6511.65696
45.7000 1 6973.0304
45.8000 1 5651.82464
45.9000 1 5798.62528
46.0000 1 6668.94336
46.1000 1 6931.08736
46.2000 1 4131.38944
46.3000 1 1803.55072
46.4000 1 4645.19168
46.5000 1 9426.69824
46.6000 1 8199.86432
46.7000 1 7759.4624
46.8000 1 7308.57472
46.9000 1 6668.94336
47.0000 1 5913.96864
47.1000 1 5767.168
47.2000 1 6805.25824
47.3000 1 7035.94496
47.4000 1 5798.62528
47.5000 1 5997.85472
47.6000 1 6312.42752
47.7000 1 7549.7472
47.8000 1 9248.44032
47.9000 1 7665.09056
48.0000 1 5777.65376
48.1000 1 4875.8784
48.2000 1 1163.91936
48.3000 1 83.88608
48.4000 1 251.65824
48.5000 1 0.0
48.6000 1 6018.82624
48.7000 1 6459.22816
48.8000 1 8241.80736
48.9000 1 9867.10016
49.0000 1 1688.20736
49.1000 1 7109.34528
49.2000 1 3701.47328
49.3000 1 377.48736
49.4000 1 2149.5808
49.5000 1 0.0
49.6000 1 1174.40512
49.7000 1 7465.86112
49.8000 1 3386.90048
49.9000 1 9846.12864
50.0000 1 9573.49888
50.1000 1 7319.06048
50.2000 1 5851.05408
50.3000 1 7203.71712
50.4000 1 6574.57152
50.5000 1 5924.4544
50.6000 1 5976.8832
50.7000 1 6752.82944
50.8000 1 7329.54624
50.9000 1 5903.48288
51.0000 1 5767.168
51.1000 1 6113.19808
51.2000 1 7843.34848
51.3000 1 5788.13952
51.4000 1 5798.62528
51.5000 1 5851.05408
51.6000 1 7979.66336
51.7000 1 5651.82464
51.8000 1 10496.24576
51.9000 1 5767.168
52.0000 1 4582.27712
52.1000 1 440.40192
52.2000 1 10632.56064
52.3000 1 7801.40544
52.4000 1 7769.94816
52.5000 1 5672.79616
52.6000 1 8157.92128
52.7000 1 5693.76768
52.8000 1 5767.168
52.9000 1 5798.62528
53.0000 1 7916.7488
53.1000 1 5903.48288
53.2000 1 5777.65376
53.3000 1 5840.56832
53.4000 1 7780.43392
53.5000 1 5997.85472
53.6000 1 5788.13952
53.7000 1 5913.96864
53.8000 1 7350.51776
53.9000 1 6343.8848
54.0000 1 5725.22496
54.1000 1 5966.39744
54.2000 1 7182.7456
54.3000 1 6511.65696
54.4000 1 5976.8832
54.5000 1 5819.5968
54.6000 1 6899.63008
54.7000 1 7014.97344
54.8000 1 5934.94016
54.9000 1 5788.13952
55.0000 1 6322.91328
55.1000 1 7381.97504
55.2000 1 5777.65376
55.3000 1 5798.62528
55.4000 1 6144.65536
55.5000 1 7591.69024
55.6000 1 5767.168
55.7000 1 5892.99712
55.8000 1 5809.11104
55.9000 1 7853.83424
56.0000 1 5851.05408
56.1000 1 5945.42592
56.2000 1 5641.33888
56.3000 1 2569.0112
56.4000 1 3816.81664
56.5000 1 8220.83584
56.6000 1 8136.94976
56.7000 1 10506.73152
56.8000 1 5788.13952
56.9000 1 5903.48288
57.0000 1 5903.48288
57.1000 1 7769.94816
57.2000 1 6123.68384
57.3000 1 5756.68224
57.4000 1 5830.08256
57.5000 1 7392.4608
57.6000 1 6375.34208
57.7000 1 5903.48288
57.8000 1 5861.53984
57.9000 1 6899.63008
58.0000 1 6973.0304
58.1000 1 5966.39744
58.2000 1 5830.08256
58.3000 1 6438.25664
58.4000 1 7444.8896
58.5000 1 5851.05408
58.6000 1 5746.19648
58.7000 1 6029.312
58.8000 1 7675.57632
58.9000 1 5788.13952
59.0000 1 5861.53984
59.1000 1 5861.53984
59.2000 1 7990.14912
59.3000 1 5714.7392
59.4000 1 5798.62528
59.5000 1 5746.19648
59.6000 1 7874.80576
59.7000 1 5945.42592
59.8000 1 5756.68224
59.9000 1 5798.62528
60.0000 1 7927.23456
60.1000 1 5725.22496
60.2000 1 5788.13952
60.3000 1 5714.7392
60.4000 1 7895.77728
60.5000 1 5945.42592
60.6000 1 5809.11104
60.7000 1 5767.168
60.8000 1 7570.71872
60.9000 1 6197.08416
61.0000 1 5892.99712
61.1000 1 5767.168
61.2000 1 7319.06048
61.3000 1 6375.34208
61.4000 1 5756.68224
61.5000 1 5809.11104
61.6000 1 7203.71712
61.7000 1 6574.57152
61.8000 1 5798.62528
61.9000 1 5725.22496
62.0000 1 7004.48768
62.1000 1 6522.14272
62.2000 1 5704.25344
62.3000 1 5777.65376
62.4000 1 7098.85952
62.5000 1 6689.91488
62.6000 1 5735.71072
62.7000 1 5872.0256
62.8000 1 6847.20128
62.9000 1 6889.14432
63.0000 1 5819.5968
63.1000 1 5735.71072
63.2000 1 6710.8864
63.3000 1 6763.3152
63.4000 1 5672.79616
63.5000 1 5903.48288
63.6000 1 6721.37216
63.7000 1 7014.97344
63.8000 1 5767.168
63.9000 1 5798.62528
64.0000 1 6616.51456
64.1000 1 6836.71552
64.2000 1 5788.13952
64.3000 1 5819.5968
64.4000 1 6553.6
64.5000 1 6878.65856
64.6000 1 5819.5968
64.7000 1 5756.68224
64.8000 1 6658.4576
64.9000 1 6784.28672
65.0000 1 5819.5968
65.1000 1 5746.19648
65.2000 1 6763.3152
65.3000 1 6700.40064
65.4000 1 5662.3104
65.5000 1 5830.08256
65.6000 1 6994.00192
65.7000 1 6627.00032
65.8000 1 5725.22496
65.9000 1 5714.7392
66.0000 1 7056.91648
66.1000 1 6752.82944
66.2000 1 5693.76768
66.3000 1 5788.13952
66.4000 1 5473.56672
66.5000 1 2076.18048
66.6000 1 4445.96224
66.7000 1 6994.00192
66.8000 1 8524.92288
66.9000 1 4561.3056
