0.1000 1 0.0
0.2000 1 6249.51296
0.3000 1 5557.4528
0.4000 1 5630.85312
0.5000 1 7738.49088
0.6000 1 5672.79616
0.7000 1 5662.3104
0.8000 1 5725.22496
0.9000 1 7434.40384
1.0000 1 5599.39584
1.1000 1 5620.36736
1.2000 1 6501.1712
1.3000 1 6983.51616
1.4000 1 5505.024
1.5000 1 5505.024
1.6000 1 7098.85952
1.7000 1 6301.94176
1.8000 1 5494.53824
1.9000 1 5421.13792
2.0000 1 7549.7472
2.1000 1 5683.28192
2.2000 1 5525.99552
2.3000 1 5840.56832
2.4000 1 7434.40384
2.5000 1 5484.05248
2.6000 1 5620.36736
2.7000 1 6490.68544
2.8000 1 6805.25824
2.9000 1 5484.05248
3.0000 1 5588.91008
3.1000 1 7172.25984
3.2000 1 6427.77088
3.3000 1 5756.68224
3.4000 1 5704.25344
3.5000 1 7161.77408
3.6000 1 6385.82784
3.7000 1 5756.68224
3.8000 1 5693.76768
3.9000 1 7329.54624
4.0000 1 5882.51136
4.1000 1 5662.3104
4.2000 1 5662.3104
4.3000 1 6994.00192
4.4000 1 6364.85632
4.5000 1 5683.28192
4.6000 1 5725.22496
4.7000 1 7350.51776
4.8000 1 6144.65536
4.9000 1 5494.53824
5.0000 1 5316.28032
5.1000 1 7423.91808
5.2000 1 5484.05248
5.3000 1 5463.08096
5.4000 1 6532.62848
5.5000 1 6480.19968
5.6000 1 5452.5952
5.7000 1 5515.50976
5.8000 1 7549.7472
5.9000 1 5463.08096
6.0000 1 5379.19488
6.1000 1 5976.8832
6.2000 1 6931.08736
6.3000 1 5452.5952
6.4000 1 5473.56672
6.5000 1 7319.06048
6.6000 1 5588.91008
6.7000 1 5515.50976
6.8000 1 5662.3104
6.9000 1 7329.54624
7.0000 1 5536.48128
7.1000 1 5525.99552
7.2000 1 6721.37216
7.3000 1 6385.82784
7.4000 1 5546.96704
7.5000 1 5620.36736
7.6000 1 7528.77568
7.7000 1 5484.05248
7.8000 1 5515.50976
7.9000 1 5767.168
8.0000 1 7172.25984
8.1000 1 5326.76608
8.2000 1 5379.19488
8.3000 1 7266.63168
8.4000 1 5735.71072
8.5000 1 5463.08096
8.6000 1 5578.42432
8.7000 1 7340.032
8.8000 1 5546.96704
8.9000 1 5494.53824
9.0000 1 6658.4576
9.1000 1 6322.91328
9.2000 1 5473.56672
9.3000 1 5494.53824
9.4000 1 3240.09984
9.5000 1 5106.56512
9.6000 1 7486.83264
9.7000 1 5358.22336
9.8000 1 5525.99552
9.9000 1 6228.54144
10.0000 1 6763.3152
10.1000 1 5305.79456
10.2000 1 3219.12832
10.3000 1 5001.70752
10.4000 1 5567.93856
10.5000 1 7056.91648
10.6000 1 5410.65216
10.7000 1 5410.65216
10.8000 1 7214.20288
10.9000 1 5546.96704
11.0000 1 5295.3088
11.1000 1 5903.48288
11.2000 1 6637.48608
11.3000 1 5326.76608
11.4000 1 5358.22336
11.5000 1 7277.11744
11.6000 1 5431.62368
11.7000 1 5379.19488
11.8000 1 6301.94176
11.9000 1 6501.1712
12.0000 1 5609.8816
12.1000 1 5525.99552
12.2000 1 7497.3184
12.3000 1 5012.19328
12.4000 1 4959.76448
12.5000 1 5683.28192
12.6000 1 7329.54624
12.7000 1 5588.91008
12.8000 1 5672.79616
12.9000 1 6501.1712
13.0000 1 7035.94496
13.1000 1 5641.33888
13.2000 1 5442.10944
13.3000 1 7004.48768
13.4000 1 6448.7424
13.5000 1 5672.79616
13.6000 1 5494.53824
13.7000 1 7623.14752
13.8000 1 5599.39584
13.9000 1 5620.36736
14.0000 1 5442.10944
14.1000 1 7937.72032
14.2000 1 5347.7376
14.3000 1 5410.65216
14.4000 1 6270.48448
14.5000 1 6826.22976
14.6000 1 5693.76768
14.7000 1 5546.96704
14.8000 1 7056.91648
14.9000 1 5872.0256
15.0000 1 5714.7392
15.1000 1 5830.08256
15.2000 1 7623.14752
15.3000 1 5903.48288
15.4000 1 5798.62528
15.5000 1 5484.05248
15.6000 1 7958.69184
15.7000 1 5777.65376
15.8000 1 5505.024
15.9000 1 5546.96704
16.0000 1 7717.51936
16.1000 1 5358.22336
16.2000 1 5484.05248
16.3000 1 6343.8848
16.4000 1 7413.43232
16.5000 1 5819.5968
16.6000 1 5798.62528
16.7000 1 6113.19808
16.8000 1 7151.28832
16.9000 1 5882.51136
17.0000 1 5882.51136
17.1000 1 6102.71232
17.2000 1 2317.35296
17.3000 1 3512.7296
17.4000 1 5546.96704
17.5000 1 5431.62368
17.6000 1 7014.97344
17.7000 1 5473.56672
17.8000 1 5777.65376
17.9000 1 6889.14432
18.0000 1 8755.6096
18.1000 1 5892.99712
18.2000 1 5557.4528
18.3000 1 5903.48288
18.4000 1 7088.37376
18.5000 1 5546.96704
18.6000 1 5567.93856
18.7000 1 6910.11584
18.8000 1 5955.91168
18.9000 1 5494.53824
19.0000 1 5442.10944
19.1000 1 7465.86112
19.2000 1 5484.05248
19.3000 1 5337.25184
19.4000 1 6710.8864
19.5000 1 6354.37056
19.6000 1 5463.08096
19.7000 1 5389.68064
19.8000 1 7455.37536
19.9000 1 5567.93856
20.0000 1 5567.93856
20.1000 1 6113.19808
20.2000 1 6847.20128
20.3000 1 5421.13792
20.4000 1 5557.4528
20.5000 1 7277.11744
20.6000 1 5735.71072
20.7000 1 5557.4528
20.8000 1 5525.99552
20.9000 1 7507.80416
21.0000 1 5641.33888
21.1000 1 5452.5952
21.2000 1 6490.68544
21.3000 1 6564.08576
21.4000 1 5484.05248
21.5000 1 5431.62368
21.6000 1 7518.28992
21.7000 1 5536.48128
21.8000 1 5442.10944
21.9000 1 5809.11104
22.0000 1 7266.63168
22.1000 1 5620.36736
22.2000 1 5546.96704
22.3000 1 6616.51456
22.4000 1 6459.22816
22.5000 1 5484.05248
22.6000 1 5431.62368
22.7000 1 7539.26144
22.8000 1 5347.7376
22.9000 1 5473.56672
23.0000 1 6102.71232
23.1000 1 7004.48768
23.2000 1 5431.62368
23.3000 1 5557.4528
23.4000 1 7140.80256
23.5000 1 5672.79616
23.6000 1 4854.90688
23.7000 1 5567.93856
23.8000 1 7686.06208
23.9000 1 5997.85472
24.0000 1 6092.22656
24.1000 1 5746.19648
24.2000 1 7486.83264
24.3000 1 6050.28352
24.4000 1 5683.28192
24.5000 1 5788.13952
24.6000 1 6878.65856
24.7000 1 5672.79616
24.8000 1 5851.05408
24.9000 1 5924.4544
25.0000 1 7811.8912
25.1000 1 5840.56832
25.2000 1 5630.85312
25.3000 1 5809.11104
25.4000 1 7612.66176
25.5000 1 5903.48288
25.6000 1 5924.4544
25.7000 1 5851.05408
25.8000 1 7948.20608
25.9000 1 5578.42432
26.0000 1 5830.08256
26.1000 1 5788.13952
26.2000 1 7864.32
26.3000 1 5840.56832
26.4000 1 5515.50976
26.5000 1 5777.65376
26.6000 1 7864.32
26.7000 1 5609.8816
26.8000 1 5484.05248
26.9000 1 6039.79776
27.0000 1 7717.51936
27.1000 1 5714.7392
27.2000 1 5892.99712
27.3000 1 5777.65376
27.4000 1 7801.40544
27.5000 1 5851.05408
27.6000 1 5913.96864
27.7000 1 5861.53984
27.8000 1 8063.54944
27.9000 1 5840.56832
28.0000 1 5725.22496
28.1000 1 5735.71072
28.2000 1 7843.34848
28.3000 1 5735.71072
28.4000 1 5798.62528
28.5000 1 6050.28352
28.6000 1 7518.28992
28.7000 1 6616.51456
28.8000 1 5672.79616
28.9000 1 5966.39744
29.0000 1 7958.69184
29.1000 1 7790.91968
29.2000 1 6270.48448
29.3000 1 5337.25184
29.4000 1 5725.22496
29.5000 1 7109.34528
29.6000 1 5400.1664
29.7000 1 5473.56672
29.8000 1 7067.40224
29.9000 1 5704.25344
30.0000 1 5515.50976
30.1000 1 5525.99552
30.2000 1 7214.20288
30.3000 1 5546.96704
30.4000 1 5557.4528
30.5000 1 6805.25824
30.6000 1 6207.56992
30.7000 1 5609.8816
30.8000 1 5452.5952
30.9000 1 7518.28992
31.0000 1 5557.4528
31.1000 1 5525.99552
31.2000 1 5997.85472
31.3000 1 7025.4592
31.4000 1 5431.62368
31.5000 1 5567.93856
31.6000 1 7046.43072
31.7000 1 5851.05408
31.8000 1 5389.68064
31.9000 1 5536.48128
32.0000 1 7434.40384
32.1000 1 5536.48128
32.2000 1 5494.53824
32.3000 1 6595.54304
32.4000 1 6438.25664
32.5000 1 5546.96704
32.6000 1 5578.42432
32.7000 1 7560.23296
32.8000 1 5463.08096
32.9000 1 5515.50976
33.0000 1 5872.0256
33.1000 1 7119.83104
33.2000 1 5473.56672
33.3000 1 4225.76128
33.4000 1 3386.90048
33.5000 1 8262.77888
33.6000 1 7738.49088
33.7000 1 5599.39584
33.8000 1 5704.25344
33.9000 1 6039.79776
34.0000 1 7371.48928
34.1000 1 5536.48128
34.2000 1 5683.28192
34.3000 1 6343.8848
34.4000 1 6931.08736
34.5000 1 5672.79616
34.6000 1 5651.82464
34.7000 1 7035.94496
34.8000 1 6259.99872
34.9000 1 7392.4608
35.0000 1 5641.33888
35.1000 1 5798.62528
35.2000 1 7581.20448
35.3000 1 5505.024
35.4000 1 5683.28192
35.5000 1 6406.79936
35.6000 1 6962.54464
35.7000 1 5620.36736
35.8000 1 5578.42432
35.9000 1 6952.05888
36.0000 1 6060.76928
36.1000 1 5567.93856
36.2000 1 5630.85312
36.3000 1 7696.54784
36.4000 1 5505.024
36.5000 1 5484.05248
36.6000 1 5913.96864
36.7000 1 7361.00352
36.8000 1 5505.024
36.9000 1 5672.79616
37.0000 1 6668.94336
37.1000 1 6585.05728
37.2000 1 5693.76768
37.3000 1 5525.99552
37.4000 1 7266.63168
37.5000 1 5861.53984
37.6000 1 5620.36736
37.7000 1 5473.56672
37.8000 1 7434.40384
37.9000 1 5557.4528
38.0000 1 5494.53824
38.1000 1 6459.22816
38.2000 1 6574.57152
38.3000 1 5588.91008
38.4000 1 5557.4528
38.5000 1 7423.91808
38.6000 1 5840.56832
38.7000 1 5567.93856
38.8000 1 5578.42432
38.9000 1 7581.20448
39.0000 1 5452.5952
39.1000 1 5651.82464
39.2000 1 6144.65536
39.3000 1 7056.91648
39.4000 1 5557.4528
39.5000 1 5505.024
39.6000 1 6983.51616
39.7000 1 5924.4544
39.8000 1 5672.79616
39.9000 1 5662.3104
40.0000 1 7591.69024
40.1000 1 5641.33888
40.2000 1 5546.96704
40.3000 1 5872.0256
40.4000 1 7119.83104
40.5000 1 5515.50976
40.6000 1 5609.8816
40.7000 1 6899.63008
40.8000 1 6301.94176
40.9000 1 5567.93856
41.0000 1 5473.56672
41.1000 1 7644.11904
41.2000 1 5588.91008
41.3000 1 5620.36736
41.4000 1 5662.3104
41.5000 1 7528.77568
41.6000 1 5578.42432
41.7000 1 5505.024
41.8000 1 6511.65696
41.9000 1 6794.77248
42.0000 1 5484.05248
42.1000 1 5494.53824
42.2000 1 4414.50496
42.3000 1 3386.90048
42.4000 1 5861.53984
42.5000 1 10003.41504
42.6000 1 8210.35008
42.7000 1 6354.37056
42.8000 1 6343.8848
42.9000 1 6385.82784
43.0000 1 6710.8864
43.1000 1 8336.1792
43.2000 1 6511.65696
43.3000 1 6113.19808
43.4000 1 5484.05248
43.5000 1 6994.00192
43.6000 1 6406.79936
43.7000 1 5599.39584
43.8000 1 5588.91008
43.9000 1 7528.77568
44.0000 1 5767.168
44.1000 1 5567.93856
44.2000 1 5599.39584
44.3000 1 7696.54784
44.4000 1 5683.28192
44.5000 1 5463.08096
44.6000 1 6176.11264
44.7000 1 6931.08736
44.8000 1 5578.42432
44.9000 1 5704.25344
45.0000 1 6910.11584
45.1000 1 6280.97024
45.2000 1 5525.99552
45.3000 1 5651.82464
45.4000 1 7644.11904
45.5000 1 5588.91008
45.6000 1 5484.05248
45.7000 1 5672.79616
45.8000 1 7423.91808
45.9000 1 5735.71072
46.0000 1 5672.79616
46.1000 1 6354.37056
46.2000 1 6941.57312
46.3000 1 5421.13792
46.4000 1 5546.96704
46.5000 1 7140.80256
46.6000 1 6071.25504
46.7000 1 5431.62368
46.8000 1 5473.56672
46.9000 1 7528.77568
47.0000 1 5599.39584
47.1000 1 5463.08096
47.2000 1 6322.91328
47.3000 1 6920.6016
47.4000 1 5620.36736
47.5000 1 5630.85312
47.6000 1 6973.0304
47.7000 1 6176.11264
47.8000 1 5442.10944
47.9000 1 5546.96704
48.0000 1 7497.3184
48.1000 1 5515.50976
48.2000 1 5567.93856
48.3000 1 6134.1696
48.4000 1 7056.91648
48.5000 1 5463.08096
48.6000 1 5620.36736
48.7000 1 6973.0304
48.8000 1 6050.28352
48.9000 1 5641.33888
49.0000 1 5609.8816
49.1000 1 7612.66176
49.2000 1 5546.96704
49.3000 1 5463.08096
49.4000 1 5976.8832
49.5000 1 6941.57312
49.6000 1 5620.36736
49.7000 1 5452.5952
49.8000 1 7067.40224
49.9000 1 6060.76928
50.0000 1 5557.4528
50.1000 1 5599.39584
50.2000 1 7413.43232
50.3000 1 5263.85152
50.4000 1 5379.19488
50.5000 1 6511.65696
50.6000 1 6522.14272
50.7000 1 5421.13792
50.8000 1 5672.79616
50.9000 1 7518.28992
51.0000 1 5578.42432
51.1000 1 5546.96704
51.2000 1 5641.33888
51.3000 1 7381.97504
51.4000 1 5609.8816
51.5000 1 5525.99552
51.6000 1 6606.0288
51.7000 1 6553.6
51.8000 1 5494.53824
51.9000 1 5546.96704
52.0000 1 7518.28992
52.1000 1 5484.05248
52.2000 1 5358.22336
52.3000 1 5903.48288
52.4000 1 2789.21216
52.5000 1 3628.07296
52.6000 1 8388.608
52.7000 1 9846.12864
52.8000 1 6081.7408
52.9000 1 6249.51296
53.0000 1 6280.97024
53.1000 1 7025.4592
53.2000 1 8021.6064
53.3000 1 5410.65216
53.4000 1 5442.10944
53.5000 1 6280.97024
53.6000 1 6637.48608
53.7000 1 5515.50976
53.8000 1 5515.50976
53.9000 1 7423.91808
54.0000 1 5442.10944
54.1000 1 5505.024
54.2000 1 5788.13952
54.3000 1 7182.7456
54.4000 1 5452.5952
54.5000 1 5337.25184
54.6000 1 7182.7456
54.7000 1 5484.05248
54.8000 1 5505.024
54.9000 1 5777.65376
55.0000 1 6983.51616
55.1000 1 5347.7376
55.2000 1 5578.42432
55.3000 1 7277.11744
55.4000 1 5536.48128
55.5000 1 5421.13792
55.6000 1 5798.62528
55.7000 1 6899.63008
55.8000 1 5179.96544
55.9000 1 5379.19488
56.0000 1 7539.26144
56.1000 1 5515.50976
56.2000 1 5431.62368
56.3000 1 5861.53984
56.4000 1 7130.3168
56.5000 1 5326.76608
56.6000 1 5452.5952
56.7000 1 7266.63168
56.8000 1 5505.024
56.9000 1 5410.65216
57.0000 1 5903.48288
57.1000 1 6931.08736
57.2000 1 5494.53824
57.3000 1 4330.61888
57.4000 1 6773.80096
57.5000 1 5347.7376
57.6000 1 5452.5952
57.7000 1 587.20256
57.8000 1 0.0
57.9000 1 4886.36416
58.0000 1 8891.92448
58.1000 1 6805.25824
58.2000 1 5452.5952
58.3000 1 5515.50976
58.4000 1 7423.91808
58.5000 1 5641.33888
58.6000 1 5525.99552
58.7000 1 5557.4528
58.8000 1 7539.26144
58.9000 1 5557.4528
59.0000 1 5546.96704
59.1000 1 6427.77088
59.2000 1 6574.57152
59.3000 1 5525.99552
59.4000 1 5578.42432
59.5000 1 7486.83264
59.6000 1 5525.99552
59.7000 1 5473.56672
59.8000 1 5788.13952
59.9000 1 7151.28832
60.0000 1 5347.7376
60.1000 1 5410.65216
60.2000 1 7151.28832
60.3000 1 5809.11104
60.4000 1 5431.62368
60.5000 1 5620.36736
60.6000 1 9594.4704
60.7000 1 7140.80256
60.8000 1 5987.36896
60.9000 1 5525.99552
61.0000 1 5515.50976
61.1000 1 7528.77568
61.2000 1 5452.5952
61.3000 1 5452.5952
61.4000 1 6343.8848
61.5000 1 6553.6
61.6000 1 5410.65216
61.7000 1 5442.10944
61.8000 1 7413.43232
61.9000 1 5473.56672
62.0000 1 5473.56672
62.1000 1 5830.08256
62.2000 1 6857.68704
62.3000 1 5567.93856
62.4000 1 5463.08096
62.5000 1 2820.66944
62.6000 1 4299.1616
62.7000 1 9416.21248
62.8000 1 7465.86112
62.9000 1 8399.09376
63.0000 1 6490.68544
63.1000 1 6364.85632
63.2000 1 6354.37056
63.3000 1 6385.82784
63.4000 1 7916.7488
63.5000 1 7245.66016
63.6000 1 6270.48448
63.7000 1 5672.79616
63.8000 1 5934.94016
63.9000 1 7329.54624
64.0000 1 5672.79616
64.1000 1 5641.33888
64.2000 1 6501.1712
64.3000 1 7004.48768
64.4000 1 5683.28192
64.5000 1 5725.22496
64.6000 1 6668.94336
64.7000 1 6574.57152
64.8000 1 5609.8816
64.9000 1 5672.79616
65.0000 1 7245.66016
65.1000 1 6008.34048
65.2000 1 5536.48128
65.3000 1 5536.48128
65.4000 1 7644.11904
65.5000 1 5567.93856
65.6000 1 5599.39584
65.7000 1 6050.28352
65.8000 1 7287.6032
65.9000 1 5557.4528
66.0000 1 5525.99552
66.1000 1 6742.34368
66.2000 1 6333.39904
66.3000 1 5567.93856
66.4000 1 5714.7392
66.5000 1 7465.86112
66.6000 1 5861.53984
66.7000 1 5630.85312
66.8000 1 5588.91008
66.9000 1 7423.91808
67.0000 1 5599.39584
67.1000 1 5484.05248
67.2000 1 6270.48448
67.3000 1 7109.34528
67.4000 1 5662.3104
67.5000 1 5683.28192
67.6000 1 6616.51456
67.7000 1 6375.34208
67.8000 1 5431.62368
67.9000 1 5714.7392
68.0000 1 7602.176
68.1000 1 5599.39584
68.2000 1 5588.91008
68.3000 1 5641.33888
68.4000 1 3764.38784
