0.1000 1 0.0
0.2000 1 7906.26304
0.3000 1 5609.8816
0.4000 1 5557.4528
0.5000 1 7423.91808
0.6000 1 5882.51136
0.7000 1 5578.42432
0.8000 1 5620.36736
0.9000 1 7738.49088
1.0000 1 5452.5952
1.1000 1 5525.99552
1.2000 1 6060.76928
1.3000 1 7245.66016
1.4000 1 5693.76768
1.5000 1 5599.39584
1.6000 1 6637.48608
1.7000 1 6501.1712
1.8000 1 5525.99552
1.9000 1 5651.82464
2.0000 1 7465.86112
2.1000 1 5683.28192
2.2000 1 5536.48128
2.3000 1 5557.4528
2.4000 1 7507.80416
2.5000 1 5630.85312
2.6000 1 5620.36736
2.7000 1 6291.456
2.8000 1 7025.4592
2.9000 1 5714.7392
3.0000 1 5536.48128
3.1000 1 6836.71552
3.2000 1 6480.19968
3.3000 1 5442.10944
3.4000 1 5693.76768
3.5000 1 7560.23296
3.6000 1 5830.08256
3.7000 1 5641.33888
3.8000 1 5641.33888
3.9000 1 7644.11904
4.0000 1 5567.93856
4.1000 1 5431.62368
4.2000 1 6039.79776
4.3000 1 7371.48928
4.4000 1 5672.79616
4.5000 1 5588.91008
4.6000 1 6490.68544
4.7000 1 6480.19968
4.8000 1 5452.5952
4.9000 1 5557.4528
5.0000 1 7644.11904
5.1000 1 5567.93856
5.2000 1 5295.3088
5.3000 1 5872.0256
5.4000 1 7413.43232
5.5000 1 5505.024
5.6000 1 5536.48128
5.7000 1 6710.8864
5.8000 1 6438.25664
5.9000 1 5588.91008
6.0000 1 5546.96704
6.1000 1 7539.26144
6.2000 1 5473.56672
6.3000 1 5452.5952
6.4000 1 5872.0256
6.5000 1 7539.26144
6.6000 1 5588.91008
6.7000 1 5515.50976
6.8000 1 6396.3136
6.9000 1 6710.8864
7.0000 1 5546.96704
7.1000 1 5368.70912
7.2000 1 7476.34688
7.3000 1 5672.79616
7.4000 1 5662.3104
7.5000 1 5693.76768
7.6000 1 7581.20448
7.7000 1 5620.36736
7.8000 1 5746.19648
7.9000 1 5945.42592
8.0000 1 7371.48928
8.1000 1 5725.22496
8.2000 1 5809.11104
8.3000 1 6270.48448
8.4000 1 6910.11584
8.5000 1 5557.4528
8.6000 1 5463.08096
8.7000 1 7161.77408
8.8000 1 5861.53984
8.9000 1 5588.91008
9.0000 1 5725.22496
9.1000 1 7654.6048
9.2000 1 5683.28192
9.3000 1 5494.53824
9.4000 1 5934.94016
9.5000 1 7308.57472
9.6000 1 5630.85312
9.7000 1 5704.25344
9.8000 1 6427.77088
9.9000 1 2799.69792
10.0000 1 5882.51136
10.1000 1 8115.97824
10.2000 1 5966.39744
10.3000 1 5892.99712
10.4000 1 5683.28192
10.5000 1 7434.40384
10.6000 1 5515.50976
10.7000 1 5609.8816
10.8000 1 5809.11104
10.9000 1 5064.62208
11.0000 1 4477.41952
11.1000 1 7266.63168
11.2000 1 7130.3168
11.3000 1 5546.96704
11.4000 1 5672.79616
11.5000 1 6742.34368
11.6000 1 6637.48608
11.7000 1 5609.8816
11.8000 1 5641.33888
11.9000 1 7224.68864
12.0000 1 6071.25504
12.1000 1 5651.82464
12.2000 1 5725.22496
12.3000 1 7644.11904
12.4000 1 5777.65376
12.5000 1 5693.76768
12.6000 1 5714.7392
12.7000 1 7717.51936
12.8000 1 5735.71072
12.9000 1 5641.33888
13.0000 1 5672.79616
13.1000 1 7465.86112
13.2000 1 5662.3104
13.3000 1 5620.36736
13.4000 1 6406.79936
13.5000 1 7046.43072
13.6000 1 5075.10784
13.7000 1 6144.65536
13.8000 1 6826.22976
13.9000 1 146.80064
14.0000 1 104.8576
14.1000 1 9835.64288
14.2000 1 5924.4544
14.3000 1 5819.5968
14.4000 1 5777.65376
14.5000 1 7696.54784
14.6000 1 5892.99712
14.7000 1 5851.05408
14.8000 1 2862.61248
14.9000 1 10454.30272
15.0000 1 5798.62528
15.1000 1 5463.08096
15.2000 1 5578.42432
15.3000 1 7633.63328
15.4000 1 5484.05248
15.5000 1 6668.94336
15.6000 1 5620.36736
15.7000 1 7864.32
15.8000 1 5872.0256
15.9000 1 5651.82464
16.0000 1 5756.68224
16.1000 1 7748.97664
16.2000 1 5725.22496
16.3000 1 5746.19648
16.4000 1 5735.71072
16.5000 1 7811.8912
16.6000 1 5819.5968
16.7000 1 5672.79616
16.8000 1 5588.91008
16.9000 1 7790.91968
17.0000 1 5809.11104
17.1000 1 5693.76768
17.2000 1 5798.62528
17.3000 1 7581.20448
17.4000 1 5704.25344
17.5000 1 5851.05408
17.6000 1 5945.42592
17.7000 1 7518.28992
17.8000 1 5714.7392
17.9000 1 5609.8816
18.0000 1 6364.85632
18.1000 1 7025.4592
18.2000 1 5609.8816
18.3000 1 5735.71072
18.4000 1 6805.25824
18.5000 1 6658.4576
18.6000 1 5473.56672
18.7000 1 5683.28192
18.8000 1 7308.57472
18.9000 1 6155.14112
19.0000 1 5735.71072
19.1000 1 5777.65376
19.2000 1 7361.00352
19.3000 1 5892.99712
19.4000 1 5725.22496
19.5000 1 5777.65376
19.6000 1 7801.40544
19.7000 1 5578.42432
19.8000 1 5714.7392
19.9000 1 5746.19648
20.0000 1 7686.06208
20.1000 1 5756.68224
20.2000 1 5620.36736
20.3000 1 5819.5968
20.4000 1 7182.7456
20.5000 1 5641.33888
20.6000 1 5662.3104
20.7000 1 6637.48608
20.8000 1 6994.00192
20.9000 1 5599.39584
21.0000 1 4592.76288
21.1000 1 4037.0176
21.2000 1 5442.10944
21.3000 1 7602.176
21.4000 1 7623.14752
21.5000 1 5431.62368
21.6000 1 5389.68064
21.7000 1 5934.94016
21.8000 1 6847.20128
21.9000 1 5169.47968
22.0000 1 5337.25184
22.1000 1 7329.54624
22.2000 1 5316.28032
22.3000 1 5484.05248
22.4000 1 6448.7424
22.5000 1 6354.37056
22.6000 1 5546.96704
22.7000 1 5368.70912
22.8000 1 7381.97504
22.9000 1 5463.08096
23.0000 1 5347.7376
23.1000 1 6364.85632
23.2000 1 6113.19808
23.3000 1 5379.19488
23.4000 1 5358.22336
23.5000 1 7172.25984
23.6000 1 5463.08096
23.7000 1 5515.50976
23.8000 1 6973.0304
23.9000 1 5588.91008
24.0000 1 5242.88
24.1000 1 5924.4544
24.2000 1 6731.85792
24.3000 1 5368.70912
24.4000 1 5358.22336
24.5000 1 7277.11744
24.6000 1 5505.024
24.7000 1 5263.85152
24.8000 1 6406.79936
24.9000 1 6322.91328
25.0000 1 5463.08096
25.1000 1 5284.82304
25.2000 1 7172.25984
25.3000 1 5232.39424
25.4000 1 5326.76608
25.5000 1 7088.37376
25.6000 1 5410.65216
25.7000 1 5316.28032
25.8000 1 6039.79776
25.9000 1 6710.8864
26.0000 1 5421.13792
26.1000 1 5326.76608
26.2000 1 7140.80256
26.3000 1 5588.91008
26.4000 1 5242.88
26.5000 1 5903.48288
26.6000 1 6805.25824
26.7000 1 5274.33728
26.8000 1 5242.88
26.9000 1 7256.14592
27.0000 1 5452.5952
27.1000 1 5326.76608
27.2000 1 6595.54304
27.3000 1 6008.34048
27.4000 1 5232.39424
27.5000 1 5515.50976
27.6000 1 7277.11744
27.7000 1 5337.25184
27.8000 1 5263.85152
27.9000 1 7224.68864
28.0000 1 5368.70912
28.1000 1 5295.3088
28.2000 1 6123.68384
28.3000 1 6448.7424
28.4000 1 5463.08096
28.5000 1 5505.024
28.6000 1 7350.51776
28.7000 1 5452.5952
28.8000 1 5242.88
28.9000 1 6438.25664
29.0000 1 6259.99872
29.1000 1 5494.53824
29.2000 1 5316.28032
29.3000 1 7392.4608
29.4000 1 5410.65216
29.5000 1 5274.33728
29.6000 1 6763.3152
29.7000 1 5798.62528
29.8000 1 5337.25184
29.9000 1 5641.33888
30.0000 1 6952.05888
30.1000 1 5326.76608
30.2000 1 5190.4512
30.3000 1 7067.40224
30.4000 1 5295.3088
30.5000 1 5274.33728
30.6000 1 6763.3152
30.7000 1 5567.93856
30.8000 1 5190.4512
30.9000 1 5997.85472
31.0000 1 6647.97184
31.1000 1 5442.10944
31.2000 1 3701.47328
31.3000 1 4131.38944
31.4000 1 7308.57472
31.5000 1 7266.63168
31.6000 1 7392.4608
31.7000 1 6113.19808
31.8000 1 5704.25344
31.9000 1 5725.22496
32.0000 1 7560.23296
32.1000 1 6029.312
32.2000 1 5767.168
32.3000 1 5651.82464
32.4000 1 7717.51936
32.5000 1 5767.168
32.6000 1 5746.19648
32.7000 1 5693.76768
32.8000 1 7822.37696
32.9000 1 5588.91008
33.0000 1 5704.25344
33.1000 1 5777.65376
33.2000 1 7591.69024
33.3000 1 5714.7392
33.4000 1 5651.82464
33.5000 1 5976.8832
33.6000 1 7644.11904
33.7000 1 5704.25344
33.8000 1 5630.85312
33.9000 1 6155.14112
34.0000 1 7214.20288
34.1000 1 5809.11104
34.2000 1 5599.39584
34.3000 1 6564.08576
34.4000 1 6815.744
34.5000 1 5714.7392
34.6000 1 5704.25344
34.7000 1 6941.57312
34.8000 1 6469.71392
34.9000 1 5683.28192
35.0000 1 5651.82464
35.1000 1 7224.68864
35.2000 1 6144.65536
35.3000 1 5588.91008
35.4000 1 5609.8816
35.5000 1 7654.6048
35.6000 1 5578.42432
35.7000 1 5620.36736
35.8000 1 5714.7392
35.9000 1 7759.4624
36.0000 1 5578.42432
36.1000 1 5704.25344
36.2000 1 6123.68384
36.3000 1 7434.40384
36.4000 1 5651.82464
36.5000 1 5693.76768
36.6000 1 6343.8848
36.7000 1 3900.70272
36.8000 1 8482.97984
36.9000 1 6438.25664
37.0000 1 6280.97024
37.1000 1 7256.14592
37.2000 1 3753.90208
37.3000 1 5767.168
37.4000 1 4372.56192
37.5000 1 4299.1616
37.6000 1 5798.62528
37.7000 1 4288.67584
37.8000 1 5819.5968
37.9000 1 3334.47168
38.0000 1 0.0
38.1000 1 3386.90048
38.2000 1 6784.28672
38.3000 1 4078.96064
38.4000 1 5725.22496
38.5000 1 2516.5824
38.6000 1 6595.54304
38.7000 1 8095.00672
38.8000 1 5704.25344
38.9000 1 5756.68224
39.0000 1 7319.06048
39.1000 1 6018.82624
39.2000 1 5620.36736
39.3000 1 5809.11104
39.4000 1 7686.06208
39.5000 1 5746.19648
39.6000 1 5588.91008
39.7000 1 5714.7392
39.8000 1 7790.91968
39.9000 1 5777.65376
40.0000 1 5693.76768
40.1000 1 5536.48128
40.2000 1 8063.54944
40.3000 1 5882.51136
40.4000 1 5630.85312
40.5000 1 5284.82304
40.6000 1 8074.0352
40.7000 1 5536.48128
40.8000 1 0.0
40.9000 1 6438.25664
41.0000 1 8252.29312
41.1000 1 6637.48608
41.2000 1 7402.94656
41.3000 1 5809.11104
41.4000 1 3554.67264
41.5000 1 3554.67264
41.6000 1 6438.25664
41.7000 1 5127.53664
41.8000 1 13432.25856
41.9000 1 5809.11104
42.0000 1 7591.69024
42.1000 1 5892.99712
42.2000 1 5756.68224
42.3000 1 5106.56512
42.4000 1 5274.33728
42.5000 1 8462.00832
42.6000 1 6259.99872
42.7000 1 5777.65376
42.8000 1 7738.49088
42.9000 1 5934.94016
43.0000 1 5830.08256
43.1000 1 5704.25344
43.2000 1 7644.11904
43.3000 1 6018.82624
43.4000 1 5735.71072
43.5000 1 5788.13952
43.6000 1 7570.71872
43.7000 1 6144.65536
43.8000 1 5819.5968
43.9000 1 5641.33888
44.0000 1 7528.77568
44.1000 1 5714.7392
44.2000 1 5746.19648
44.3000 1 5851.05408
44.4000 1 7801.40544
44.5000 1 5830.08256
44.6000 1 5693.76768
44.7000 1 5788.13952
44.8000 1 7738.49088
44.9000 1 5651.82464
45.0000 1 5651.82464
45.1000 1 5662.3104
45.2000 1 7759.4624
45.3000 1 5609.8816
45.4000 1 5630.85312
45.5000 1 6050.28352
45.6000 1 7549.7472
45.7000 1 5683.28192
45.8000 1 5588.91008
45.9000 1 6312.42752
46.0000 1 6983.51616
46.1000 1 5651.82464
46.2000 1 5630.85312
46.3000 1 6773.80096
46.4000 1 6878.65856
46.5000 1 5882.51136
46.6000 1 5767.168
46.7000 1 6606.0288
46.8000 1 6731.85792
46.9000 1 5683.28192
47.0000 1 5599.39584
47.1000 1 7151.28832
47.2000 1 6155.14112
47.3000 1 5756.68224
47.4000 1 5725.22496
47.5000 1 7528.77568
47.6000 1 5851.05408
47.7000 1 5693.76768
47.8000 1 5819.5968
47.9000 1 7790.91968
48.0000 1 5693.76768
48.1000 1 5620.36736
48.2000 1 5714.7392
48.3000 1 7853.83424
48.4000 1 5641.33888
48.5000 1 5725.22496
48.6000 1 5662.3104
48.7000 1 7843.34848
48.8000 1 5903.48288
48.9000 1 5599.39584
49.0000 1 5819.5968
49.1000 1 7287.6032
49.2000 1 5725.22496
49.3000 1 5630.85312
49.4000 1 6501.1712
49.5000 1 6941.57312
49.6000 1 5746.19648
49.7000 1 5662.3104
49.8000 1 6773.80096
49.9000 1 6784.28672
50.0000 1 5746.19648
50.1000 1 5578.42432
50.2000 1 7088.37376
50.3000 1 6364.85632
50.4000 1 5651.82464
50.5000 1 5830.08256
50.6000 1 7308.57472
50.7000 1 6123.68384
50.8000 1 5714.7392
50.9000 1 5777.65376
51.0000 1 7497.3184
51.1000 1 5976.8832
51.2000 1 5767.168
51.3000 1 5693.76768
51.4000 1 7696.54784
51.5000 1 3240.09984
51.6000 1 2778.7264
51.7000 1 7287.6032
51.8000 1 8420.06528
51.9000 1 6553.6
52.0000 1 5630.85312
52.1000 1 7759.4624
52.2000 1 5987.36896
52.3000 1 5809.11104
52.4000 1 5756.68224
52.5000 1 7623.14752
52.6000 1 5777.65376
52.7000 1 5840.56832
52.8000 1 5683.28192
52.9000 1 7864.32
53.0000 1 5599.39584
53.1000 1 5599.39584
53.2000 1 5704.25344
53.3000 1 7864.32
53.4000 1 5725.22496
53.5000 1 5788.13952
53.6000 1 5872.0256
53.7000 1 7916.7488
53.8000 1 5934.94016
53.9000 1 5714.7392
54.0000 1 5798.62528
54.1000 1 7654.6048
54.2000 1 5882.51136
54.3000 1 5756.68224
54.4000 1 5599.39584
54.5000 1 7623.14752
54.6000 1 5525.99552
54.7000 1 5557.4528
54.8000 1 6375.34208
54.9000 1 7203.71712
55.0000 1 5892.99712
55.1000 1 5746.19648
55.2000 1 6280.97024
55.3000 1 7381.97504
55.4000 1 5672.79616
55.5000 1 5704.25344
55.6000 1 6343.8848
55.7000 1 7046.43072
55.8000 1 5777.65376
55.9000 1 5788.13952
56.0000 1 6595.54304
56.1000 1 6731.85792
56.2000 1 5683.28192
56.3000 1 5767.168
56.4000 1 7004.48768
56.5000 1 6438.25664
56.6000 1 5882.51136
56.7000 1 5704.25344
56.8000 1 7077.888
56.9000 1 6459.22816
57.0000 1 5746.19648
57.1000 1 5578.42432
57.2000 1 7308.57472
57.3000 1 6259.99872
57.4000 1 5630.85312
57.5000 1 5693.76768
57.6000 1 7581.20448
57.7000 1 5358.22336
57.8000 1 5337.25184
57.9000 1 6039.79776
58.0000 1 6606.0288
58.1000 1 5274.33728
58.2000 1 5410.65216
58.3000 1 7329.54624
58.4000 1 5316.28032
58.5000 1 5389.68064
58.6000 1 6606.0288
58.7000 1 6050.28352
58.8000 1 5442.10944
58.9000 1 5389.68064
59.0000 1 7423.91808
59.1000 1 5735.71072
59.2000 1 5651.82464
59.3000 1 6144.65536
59.4000 1 7465.86112
59.5000 1 5840.56832
59.6000 1 5630.85312
59.7000 1 6259.99872
59.8000 1 7109.34528
59.9000 1 5630.85312
60.0000 1 5756.68224
60.1000 1 6658.4576
60.2000 1 6585.05728
60.3000 1 5651.82464
60.4000 1 5651.82464
60.5000 1 7182.7456
60.6000 1 6228.54144
60.7000 1 5609.8816
60.8000 1 5704.25344
60.9000 1 7623.14752
61.0000 1 5903.48288
61.1000 1 5767.168
61.2000 1 5693.76768
61.3000 1 7644.11904
61.4000 1 5777.65376
61.5000 1 5641.33888
61.6000 1 5651.82464
61.7000 1 4288.67584
61.8000 1 3481.27232
61.9000 1 6239.0272
62.0000 1 10611.58912
62.1000 1 6364.85632
62.2000 1 5819.5968
62.3000 1 5777.65376
62.4000 1 7612.66176
62.5000 1 6060.76928
62.6000 1 5588.91008
62.7000 1 5746.19648
62.8000 1 7728.00512
62.9000 1 5672.79616
63.0000 1 5546.96704
63.1000 1 5546.96704
63.2000 1 7979.66336
63.3000 1 5672.79616
63.4000 1 5630.85312
63.5000 1 5861.53984
63.6000 1 7444.8896
63.7000 1 5704.25344
63.8000 1 5735.71072
63.9000 1 6259.99872
64.0000 1 7308.57472
64.1000 1 5536.48128
64.2000 1 5515.50976
64.3000 1 6763.3152
64.4000 1 6543.11424
64.5000 1 5756.68224
64.6000 1 5672.79616
64.7000 1 7203.71712
64.8000 1 6155.14112
64.9000 1 5746.19648
65.0000 1 5767.168
65.1000 1 7497.3184
65.2000 1 136.31488
65.3000 1 2579.49696
65.4000 1 1184.89088
65.5000 1 8671.72352
65.6000 1 7769.94816
65.7000 1 5830.08256
65.8000 1 7361.00352
65.9000 1 6218.05568
66.0000 1 5578.42432
66.1000 1 5714.7392
66.2000 1 7602.176
66.3000 1 2065.69472
66.4000 1 2013.26592
66.5000 1 7665.09056
66.6000 1 3942.64576
66.7000 1 4655.67744
66.8000 1 10590.6176
66.9000 1 7235.1744
67.0000 1 5735.71072
67.1000 1 6396.3136
67.2000 1 7256.14592
67.3000 1 5693.76768
67.4000 1 5693.76768
67.5000 1 6532.62848
67.6000 1 1897.92256
67.7000 1 8084.52096
67.8000 1 7507.80416
67.9000 1 7581.20448
68.0000 1 5913.96864
68.1000 1 5704.25344
68.2000 1 5756.68224
68.3000 1 7675.57632
68.4000 1 5840.56832
68.5000 1 5882.51136
68.6000 1 5683.28192
68.7000 1 2894.06976
