1 4 0.0
2 4 17251.0
3 4 17229.0
4 4 12510.0
5 4 15183.0
6 4 9353.0
7 4 21217.0
8 4 10435.0
9 4 14640.0
10 4 13918.0
11 4 6179.0
12 4 19063.0
13 4 13029.0
14 4 9523.0
15 4 12284.0
16 4 12711.0
17 4 10622.0
18 4 12579.0
19 4 13006.0
20 4 11429.0
21 4 14152.0
22 4 14050.0
23 4 13824.0
24 4 12747.0
25 4 13235.0
26 4 14637.0
27 4 14164.0
28 4 11151.0
29 4 10596.0
30 4 14864.0
31 4 12290.0
32 4 12357.0
33 4 9518.0
34 4 11266.0
35 4 13299.0
36 4 14023.0
37 4 11096.0
38 4 12871.0
39 4 13138.0
40 4 13087.0
41 4 14027.0
42 4 13457.0
43 4 14987.0
44 4 13228.0
45 4 11248.0
46 4 10563.0
47 4 12094.0
48 4 13248.0
49 4 13747.0
50 4 13586.0
51 4 11690.0
52 4 12252.0
53 4 15367.0
54 4 11417.0
55 4 12439.0
56 4 11355.0
57 4 12014.0
58 4 12862.0
59 4 11568.0
60 4 12301.0
61 4 14705.0
62 4 13566.0
63 4 15032.0
64 4 11259.0
65 4 10638.0
66 4 13339.0
67 4 11895.0
68 4 6076.0
