1 4 0.0
2 4 9980.0
3 4 13932.0
4 4 10601.0
5 4 17677.0
6 4 12828.0
7 4 12485.0
8 4 19438.0
9 4 11310.0
10 4 15783.0
11 4 13342.0
12 4 14138.0
13 4 13166.0
14 4 15247.0
15 4 13252.0
16 4 12833.0
17 4 11823.0
18 4 9428.0
19 4 10903.0
20 4 12675.0
21 4 10485.0
22 4 13256.0
23 4 12038.0
24 4 11601.0
25 4 11523.0
26 4 11053.0
27 4 10921.0
28 4 15322.0
29 4 11210.0
30 4 10265.0
31 4 11840.0
32 4 13287.0
33 4 11835.0
34 4 11221.0
35 4 11899.0
36 4 10950.0
37 4 11479.0
38 4 13066.0
39 4 11014.0
40 4 12862.0
41 4 12198.0
42 4 11259.0
43 4 14219.0
44 4 12451.0
45 4 10520.0
46 4 9790.0
47 4 12638.0
48 4 12868.0
49 4 11450.0
50 4 11817.0
51 4 13673.0
52 4 11472.0
53 4 12854.0
54 4 10947.0
55 4 9827.0
56 4 12201.0
57 4 13339.0
58 4 12138.0
59 4 12432.0
60 4 12435.0
61 4 11886.0
62 4 12726.0
63 4 11546.0
64 4 10345.0
65 4 11948.0
66 4 11989.0
67 4 13296.0
68 4 10830.0
69 4 10487.0
70 4 10190.0
71 4 10712.0
72 4 4073.0
