1 4 0.0
2 4 18505.0
3 4 14826.0
4 4 7970.0
5 4 16417.0
6 4 11145.0
7 4 15361.0
8 4 14084.0
9 4 10667.0
10 4 17043.0
11 4 13522.0
12 4 13307.0
13 4 14291.0
14 4 12860.0
15 4 9544.0
16 4 14790.0
17 4 13805.0
18 4 12634.0
19 4 10750.0
20 4 11853.0
21 4 12980.0
22 4 11976.0
23 4 11456.0
24 4 15104.0
25 4 12799.0
26 4 12345.0
27 4 13134.0
28 4 11403.0
29 4 14662.0
30 4 11947.0
31 4 10977.0
32 4 10935.0
33 4 11489.0
34 4 7737.0
35 4 17726.0
36 4 11459.0
37 4 9577.0
38 4 11208.0
39 4 12751.0
40 4 10970.0
41 4 14797.0
42 4 12219.0
43 4 12012.0
44 4 13850.0
45 4 11597.0
46 4 12112.0
47 4 12286.0
48 4 13507.0
49 4 10895.0
50 4 13236.0
51 4 13076.0
52 4 12442.0
53 4 12378.0
54 4 13669.0
55 4 9668.0
56 4 12517.0
57 4 12838.0
58 4 9406.0
59 4 11677.0
60 4 12873.0
61 4 9907.0
62 4 12453.0
63 4 12311.0
64 4 10009.0
65 4 12051.0
66 4 11363.0
67 4 11061.0
68 4 11532.0
69 4 11456.0
70 4 10098.0
71 4 3191.0
