1 4 0.0
2 4 14231.0
3 4 11817.0
4 4 8481.0
5 4 14269.0
6 4 13547.0
7 4 9413.0
8 4 16258.0
9 4 11845.0
10 4 15560.0
11 4 12896.0
12 4 11079.0
13 4 12324.0
14 4 11460.0
15 4 13717.0
16 4 19883.0
17 4 17519.0
18 4 13486.0
19 4 12146.0
20 4 10919.0
21 4 11689.0
22 4 13079.0
23 4 12398.0
24 4 11975.0
25 4 11816.0
26 4 17390.0
27 4 10924.0
28 4 10505.0
29 4 12801.0
30 4 13564.0
31 4 12099.0
32 4 12524.0
33 4 13701.0
34 4 13691.0
35 4 12409.0
36 4 14883.0
37 4 14598.0
38 4 11634.0
39 4 10699.0
40 4 11783.0
41 4 11267.0
42 4 11306.0
43 4 13574.0
44 4 12697.0
45 4 12223.0
46 4 12180.0
47 4 11638.0
48 4 14063.0
49 4 12342.0
50 4 11141.0
51 4 13502.0
52 4 11514.0
53 4 11282.0
54 4 11729.0
55 4 11113.0
56 4 10684.0
57 4 11621.0
58 4 11691.0
59 4 10858.0
60 4 12286.0
61 4 14308.0
62 4 11792.0
63 4 11193.0
64 4 11740.0
65 4 11888.0
66 4 12441.0
67 4 12799.0
68 4 13281.0
69 4 10510.0
70 4 4871.0
