1 4 0.0
2 4 18171.0
3 4 15694.0
4 4 5859.0
5 4 21862.0
6 4 11143.0
7 4 18544.0
8 4 15553.0
9 4 11504.0
10 4 11393.0
11 4 10542.0
12 4 16004.0
13 4 13395.0
14 4 14914.0
15 4 11634.0
16 4 10854.0
17 4 13502.0
18 4 10975.0
19 4 12785.0
20 4 11384.0
21 4 14301.0
22 4 13290.0
23 4 13511.0
24 4 11647.0
25 4 13060.0
26 4 14307.0
27 4 13313.0
28 4 13217.0
29 4 15216.0
30 4 12582.0
31 4 12247.0
32 4 13034.0
33 4 11978.0
34 4 10551.0
35 4 10605.0
36 4 11614.0
37 4 11543.0
38 4 12530.0
39 4 13026.0
40 4 9974.0
41 4 10724.0
42 4 9947.0
43 4 12381.0
44 4 12164.0
45 4 13693.0
46 4 12000.0
47 4 11535.0
48 4 13110.0
49 4 12900.0
50 4 11155.0
51 4 12590.0
52 4 11014.0
53 4 12092.0
54 4 13378.0
55 4 11058.0
56 4 13195.0
57 4 11410.0
58 4 12339.0
59 4 11605.0
60 4 10723.0
61 4 11971.0
62 4 11931.0
63 4 11384.0
64 4 13086.0
65 4 10826.0
66 4 11017.0
67 4 14068.0
68 4 12149.0
69 4 10029.0
70 4 5747.0
