0.1000 16 0.0
0.2000 16 16924.01664
0.3000 16 37423.67744
0.4000 16 30922.50624
0.5000 16 35494.2976
0.6000 16 19975.3728
0.7000 16 12782.14144
0.8000 16 30513.5616
0.9000 16 37434.1632
1.0000 16 28017.95072
1.1000 16 32778.48576
1.2000 16 29014.09792
1.3000 16 34288.4352
1.4000 16 37287.36256
1.5000 16 36343.64416
1.6000 16 32495.37024
1.7000 16 33785.11872
1.8000 16 36878.41792
1.9000 16 33952.89088
2.0000 16 34466.69312
2.1000 16 33218.88768
2.2000 16 33250.34496
2.3000 16 35861.2992
2.4000 16 30335.30368
2.5000 16 31604.08064
2.6000 16 28678.5536
2.7000 16 34697.37984
2.8000 16 33281.80224
2.9000 16 31971.08224
3.0000 16 34718.35136
3.1000 16 36500.93056
3.2000 16 33963.37664
3.3000 16 35903.24224
3.4000 16 33124.51584
3.5000 16 35819.35616
3.6000 16 36133.92896
3.7000 16 34319.89248
3.8000 16 35431.38304
3.9000 16 35337.0112
4.0000 16 35399.92576
4.1000 16 31866.22464
4.2000 16 36532.38784
4.3000 16 31352.4224
4.4000 16 29915.87328
4.5000 16 35704.0128
4.6000 16 32002.53952
4.7000 16 35903.24224
4.8000 16 36825.98912
4.9000 16 34655.4368
5.0000 16 34089.20576
5.1000 16 35085.35296
5.2000 16 33910.94784
5.3000 16 36511.41632
5.4000 16 30146.56
5.5000 16 32327.59808
5.6000 16 36899.38944
5.7000 16 37664.84992
5.8000 16 34403.77856
5.9000 16 35997.61408
6.0000 16 33848.03328
6.1000 16 35158.75328
6.2000 16 34781.26592
6.3000 16 35641.09824
6.4000 16 34309.40672
6.5000 16 32117.88288
6.6000 16 34508.63616
6.7000 16 31845.25312
6.8000 16 35095.83872
6.9000 16 34697.37984
7.0000 16 35483.81184
7.1000 16 30607.93344
7.2000 16 35641.09824
7.3000 16 34036.77696
7.4000 16 36553.35936
7.5000 16 30094.1312
7.6000 16 34456.20736
7.7000 16 35179.7248
7.8000 16 36175.872
7.9000 16 34917.5808
8.0000 16 33942.40512
8.1000 16 35924.21376
8.2000 16 36144.41472
8.3000 16 36060.52864
8.4000 16 34655.4368
8.5000 16 33984.34816
8.6000 16 36333.1584
8.7000 16 34802.23744
8.8000 16 31425.82272
8.9000 16 35064.38144
9.0000 16 37528.53504
9.1000 16 33879.49056
9.2000 16 31216.10752
9.3000 16 34980.49536
9.4000 16 37318.81984
9.5000 16 35074.8672
9.6000 16 32421.96992
9.7000 16 34068.23424
9.8000 16 35588.66944
9.9000 16 35924.21376
10.0000 16 33187.4304
10.1000 16 30901.53472
10.2000 16 32673.62816
10.3000 16 37654.36416
10.4000 16 27021.80352
10.5000 16 30366.76096
10.6000 16 37046.19008
10.7000 16 35641.09824
10.8000 16 30744.24832
10.9000 16 30440.16128
11.0000 16 33889.97632
11.1000 16 37580.96384
11.2000 16 36584.81664
11.3000 16 29811.01568
11.4000 16 29202.8416
11.5000 16 36458.98752
11.6000 16 34676.40832
11.7000 16 33271.31648
11.8000 16 33344.7168
11.9000 16 34298.92096
12.0000 16 36490.4448
12.1000 16 37486.592
12.2000 16 32526.82752
12.3000 16 30115.10272
12.4000 16 32768.0
12.5000 16 34277.94944
12.6000 16 36270.24384
12.7000 16 35798.38464
12.8000 16 34623.97952
12.9000 16 33973.8624
13.0000 16 35651.584
13.1000 16 36123.4432
13.2000 16 35578.18368
13.3000 16 33502.0032
13.4000 16 36228.3008
13.5000 16 36060.52864
13.6000 16 34162.60608
13.7000 16 33103.54432
13.8000 16 36259.75808
13.9000 16 36217.81504
14.0000 16 34309.40672
14.1000 16 35441.8688
14.2000 16 34267.46368
14.3000 16 33806.09024
14.4000 16 36972.78976
14.5000 16 35578.18368
14.6000 16 35200.69632
14.7000 16 35966.1568
14.8000 16 35672.55552
14.9000 16 35274.09664
15.0000 16 35106.32448
15.1000 16 35599.1552
15.2000 16 34309.40672
15.3000 16 36354.12992
15.4000 16 36920.36096
15.5000 16 35609.64096
15.6000 16 31845.25312
15.7000 16 35410.41152
15.8000 16 36595.3024
15.9000 16 35200.69632
16.0000 16 35242.63936
16.1000 16 36385.5872
16.2000 16 34550.5792
16.3000 16 34760.2944
16.4000 16 29989.2736
16.5000 16 35704.0128
16.6000 16 34015.80544
16.7000 16 34907.09504
16.8000 16 36752.5888
16.9000 16 35085.35296
17.0000 16 31729.90976
17.1000 16 35672.55552
17.2000 16 36165.38624
17.3000 16 34477.17888
17.4000 16 34676.40832
17.5000 16 36312.18688
17.6000 16 36427.53024
17.7000 16 35211.18208
17.8000 16 34005.31968
17.9000 16 35704.0128
18.0000 16 35693.52704
18.1000 16 36228.3008
18.2000 16 36647.7312
18.3000 16 35420.89728
18.4000 16 34634.46528
18.5000 16 35840.32768
18.6000 16 34445.7216
18.7000 16 35693.52704
18.8000 16 33229.37344
18.9000 16 35399.92576
19.0000 16 35693.52704
19.1000 16 37077.64736
19.2000 16 36123.4432
19.3000 16 33449.5744
19.4000 16 32935.77216
19.5000 16 36731.61728
19.6000 16 36731.61728
19.7000 16 35179.7248
19.8000 16 33292.288
19.9000 16 35798.38464
20.0000 16 36301.70112
20.1000 16 34298.92096
20.2000 16 34319.89248
20.3000 16 36679.18848
20.4000 16 33617.34656
20.5000 16 35190.21056
20.6000 16 33806.09024
20.7000 16 34959.52384
20.8000 16 36228.3008
20.9000 16 35441.8688
21.0000 16 34267.46368
21.1000 16 34529.60768
21.2000 16 36658.21696
21.3000 16 36815.50336
21.4000 16 31981.568
21.5000 16 34173.09184
21.6000 16 36784.04608
21.7000 16 36584.81664
21.8000 16 34152.12032
21.9000 16 32694.59968
22.0000 16 35263.61088
22.1000 16 37224.448
22.2000 16 35840.32768
22.3000 16 34330.37824
22.4000 16 34886.12352
22.5000 16 33973.8624
22.6000 16 31897.68192
22.7000 16 36920.36096
22.8000 16 32432.45568
22.9000 16 37035.70432
23.0000 16 36815.50336
23.1000 16 33439.08864
23.2000 16 34456.20736
23.3000 16 35798.38464
23.4000 16 36857.4464
23.5000 16 33869.0048
23.6000 16 33680.26112
23.7000 16 34036.77696
23.8000 16 36668.70272
23.9000 16 33533.46048
24.0000 16 33806.09024
24.1000 16 36333.1584
24.2000 16 37392.22016
24.3000 16 33239.8592
24.4000 16 26182.94272
24.5000 16 14669.57824
