0.1000 16 0.0
0.2000 16 32537.31328
0.3000 16 37455.13472
0.4000 16 36186.35776
0.5000 16 28059.89376
0.6000 16 2967.47008
0.7000 16 12698.25536
0.8000 16 34907.09504
0.9000 16 37423.67744
1.0000 16 33208.40192
1.1000 16 30083.64544
1.2000 16 29223.81312
1.3000 16 31299.9936
1.4000 16 32296.1408
1.5000 16 30932.992
1.6000 16 30198.9888
1.7000 16 35337.0112
1.8000 16 36542.8736
1.9000 16 32117.88288
2.0000 16 30471.61856
2.1000 16 37077.64736
2.2000 16 30953.96352
2.3000 16 33994.83392
2.4000 16 34393.2928
2.5000 16 29611.78624
2.6000 16 34854.66624
2.7000 16 33208.40192
2.8000 16 34865.152
2.9000 16 34844.18048
3.0000 16 34047.26272
3.1000 16 32306.62656
3.2000 16 37109.10464
3.3000 16 34676.40832
3.4000 16 34907.09504
3.5000 16 35745.95584
3.6000 16 34005.31968
3.7000 16 35515.26912
3.8000 16 36825.98912
3.9000 16 31824.2816
4.0000 16 29831.9872
4.1000 16 33837.54752
4.2000 16 37192.99072
4.3000 16 34655.4368
4.4000 16 29999.75936
4.5000 16 32558.2848
4.6000 16 36878.41792
4.7000 16 34770.78016
4.8000 16 31803.31008
4.9000 16 33575.40352
5.0000 16 34928.06656
5.1000 16 32883.34336
5.2000 16 35106.32448
5.3000 16 29370.61376
5.4000 16 32505.856
5.5000 16 35420.89728
5.6000 16 35641.09824
5.7000 16 34236.0064
5.8000 16 33260.83072
5.9000 16 32694.59968
6.0000 16 37109.10464
6.1000 16 36448.50176
6.2000 16 30891.04896
6.3000 16 33072.08704
6.4000 16 35924.21376
6.5000 16 33952.89088
6.6000 16 35190.21056
6.7000 16 33722.20416
6.8000 16 36542.8736
6.9000 16 36805.0176
7.0000 16 33764.1472
7.1000 16 33764.1472
7.2000 16 33973.8624
7.3000 16 37507.56352
7.4000 16 34309.40672
7.5000 16 29035.06944
7.6000 16 34152.12032
7.7000 16 37549.50656
7.8000 16 32862.37184
7.9000 16 31352.4224
8.0000 16 33858.51904
8.1000 16 34340.864
8.2000 16 31950.11072
8.3000 16 30408.704
8.4000 16 33376.17408
8.5000 16 32348.5696
8.6000 16 34256.97792
8.7000 16 34204.54912
8.8000 16 35504.78336
8.9000 16 35798.38464
9.0000 16 34781.26592
9.1000 16 36658.21696
9.2000 16 32243.712
9.3000 16 35536.24064
9.4000 16 36438.016
9.5000 16 34854.66624
9.6000 16 33743.17568
9.7000 16 33627.83232
9.8000 16 36469.47328
9.9000 16 34823.20896
10.0000 16 34099.69152
10.1000 16 33365.68832
10.2000 16 36532.38784
10.3000 16 32768.0
10.4000 16 33711.7184
10.5000 16 37077.64736
10.6000 16 37234.93376
10.7000 16 34403.77856
10.8000 16 30115.10272
10.9000 16 35473.32608
11.0000 16 35651.584
11.1000 16 36679.18848
11.2000 16 35357.98272
11.3000 16 34582.03648
11.4000 16 36878.41792
11.5000 16 31761.36704
11.6000 16 33827.06176
11.7000 16 33963.37664
11.8000 16 37381.7344
11.9000 16 33376.17408
12.0000 16 22324.18304
12.1000 16 32998.68672
12.2000 16 29370.61376
12.3000 16 37539.0208
12.4000 16 33596.37504
12.5000 16 32400.9984
12.6000 16 32579.25632
12.7000 16 35924.21376
12.8000 16 31016.87808
12.9000 16 26885.48864
13.0000 16 33522.97472
13.1000 16 37255.90528
13.2000 16 34760.2944
13.3000 16 32956.74368
13.4000 16 37276.8768
13.5000 16 37161.53344
13.6000 16 33197.91616
13.7000 16 35536.24064
13.8000 16 37151.04768
13.9000 16 35263.61088
14.0000 16 33669.77536
14.1000 16 35295.06816
14.2000 16 35819.35616
14.3000 16 36060.52864
14.4000 16 32537.31328
14.5000 16 36029.07136
14.6000 16 30324.81792
14.7000 16 33009.17248
14.8000 16 36857.4464
14.9000 16 35326.52544
15.0000 16 34697.37984
15.1000 16 34246.49216
15.2000 16 35074.8672
15.3000 16 36396.07296
15.4000 16 34823.20896
15.5000 16 35095.83872
15.6000 16 33816.576
15.7000 16 35326.52544
15.8000 16 35148.26752
15.9000 16 36375.10144
16.0000 16 35536.24064
16.1000 16 34938.55232
16.2000 16 33533.46048
16.3000 16 35850.81344
16.4000 16 35724.98432
16.5000 16 36112.95744
16.6000 16 33889.97632
16.7000 16 36396.07296
16.8000 16 34393.2928
16.9000 16 31289.50784
17.0000 16 37151.04768
17.1000 16 35892.75648
17.2000 16 35599.1552
17.3000 16 34152.12032
17.4000 16 36553.35936
17.5000 16 34623.97952
17.6000 16 31960.59648
17.7000 16 34215.03488
17.8000 16 35200.69632
17.9000 16 36154.90048
18.0000 16 33386.65984
18.1000 16 34739.32288
18.2000 16 36322.67264
18.3000 16 34382.80704
18.4000 16 33617.34656
18.5000 16 34487.66464
18.6000 16 37371.24864
18.7000 16 36102.47168
18.8000 16 34361.83552
18.9000 16 35190.21056
19.0000 16 35378.95424
19.1000 16 36102.47168
19.2000 16 35515.26912
19.3000 16 35284.5824
19.4000 16 33470.54592
19.5000 16 34477.17888
19.6000 16 34477.17888
19.7000 16 35368.46848
19.8000 16 34372.32128
19.9000 16 34582.03648
20.0000 16 36962.304
20.1000 16 33239.8592
20.2000 16 34194.06336
20.3000 16 35305.55392
20.4000 16 37014.7328
20.5000 16 33051.11552
20.6000 16 33910.94784
20.7000 16 33155.97312
20.8000 16 34047.26272
20.9000 16 37213.96224
21.0000 16 36836.47488
21.1000 16 33806.09024
21.2000 16 32652.65664
21.3000 16 36133.92896
21.4000 16 35431.38304
21.5000 16 36091.98592
21.6000 16 33218.88768
21.7000 16 33208.40192
21.8000 16 34466.69312
21.9000 16 37612.42112
22.0000 16 35389.44
22.1000 16 31163.67872
22.2000 16 35735.47008
22.3000 16 37203.47648
22.4000 16 31446.79424
22.5000 16 34372.32128
22.6000 16 35861.2992
22.7000 16 35766.92736
22.8000 16 34697.37984
22.9000 16 35399.92576
23.0000 16 36909.8752
23.1000 16 34791.75168
23.2000 16 34204.54912
23.3000 16 32243.712
23.4000 16 36689.67424
23.5000 16 35127.296
23.6000 16 36385.5872
23.7000 16 33019.65824
23.8000 16 30964.44928
23.9000 16 35966.1568
24.0000 16 37497.07776
24.1000 16 33250.34496
24.2000 16 29989.2736
24.3000 16 35389.44
24.4000 16 35976.64256
24.5000 16 32359.05536
24.6000 16 27514.63424
24.7000 16 7539.26144
