0.1000 16 0.0
0.2000 16 34665.92256
0.3000 16 37392.22016
0.4000 16 35641.09824
0.5000 16 28814.86848
0.6000 16 24012.3904
0.7000 16 33323.74528
0.8000 16 34162.60608
0.9000 16 37172.0192
1.0000 16 32851.88608
1.1000 16 27818.72128
1.2000 16 33764.1472
1.3000 16 37507.56352
1.4000 16 33690.74688
1.5000 16 31006.39232
1.6000 16 31530.68032
1.7000 16 31583.10912
1.8000 16 36763.07456
1.9000 16 35284.5824
2.0000 16 25721.56928
2.1000 16 35955.67104
2.2000 16 36679.18848
2.3000 16 31719.424
2.4000 16 32400.9984
2.5000 16 35683.04128
2.6000 16 36343.64416
2.7000 16 32463.91296
2.8000 16 31908.16768
2.9000 16 33690.74688
3.0000 16 35882.27072
3.1000 16 33040.62976
3.2000 16 32180.79744
3.3000 16 34466.69312
3.4000 16 37276.8768
3.5000 16 37329.3056
3.6000 16 33176.94464
3.7000 16 35242.63936
3.8000 16 30261.90336
3.9000 16 36888.90368
4.0000 16 35997.61408
4.1000 16 31100.76416
4.2000 16 32421.96992
4.3000 16 35641.09824
4.4000 16 33187.4304
4.5000 16 34686.89408
4.6000 16 32516.34176
4.7000 16 34319.89248
4.8000 16 36584.81664
4.9000 16 34959.52384
5.0000 16 35745.95584
5.1000 16 34697.37984
5.2000 16 36112.95744
5.3000 16 31950.11072
5.4000 16 34445.7216
5.5000 16 37077.64736
5.6000 16 33764.1472
5.7000 16 31876.7104
5.8000 16 35494.2976
5.9000 16 31635.53792
6.0000 16 35399.92576
6.1000 16 34676.40832
6.2000 16 34791.75168
6.3000 16 33051.11552
6.4000 16 35588.66944
6.5000 16 37612.42112
6.6000 16 36249.27232
6.7000 16 30230.44608
6.8000 16 31310.47936
6.9000 16 36595.3024
7.0000 16 37287.36256
7.1000 16 35032.92416
7.2000 16 32044.48256
7.3000 16 34256.97792
7.4000 16 37056.67584
7.5000 16 36364.61568
7.6000 16 33418.11712
7.7000 16 31404.8512
7.8000 16 35074.8672
7.9000 16 35452.35456
8.0000 16 36280.7296
8.1000 16 35578.18368
8.2000 16 33502.0032
8.3000 16 35966.1568
8.4000 16 34739.32288
8.5000 16 28783.4112
8.6000 16 28552.72448
8.7000 16 34791.75168
8.8000 16 32212.25472
8.9000 16 30450.64704
9.0000 16 34152.12032
9.1000 16 35536.24064
9.2000 16 35179.7248
9.3000 16 27692.89216
9.4000 16 30817.64864
9.5000 16 35032.92416
9.6000 16 34718.35136
9.7000 16 36731.61728
9.8000 16 33302.77376
9.9000 16 33302.77376
10.0000 16 32757.51424
10.1000 16 36731.61728
10.2000 16 32306.62656
10.3000 16 26130.51392
10.4000 16 33984.34816
10.5000 16 35714.49856
10.6000 16 35903.24224
10.7000 16 34047.26272
10.8000 16 33449.5744
10.9000 16 34330.37824
11.0000 16 32138.8544
11.1000 16 32516.34176
11.2000 16 36427.53024
11.3000 16 34256.97792
11.4000 16 35735.47008
11.5000 16 36364.61568
11.6000 16 33449.5744
11.7000 16 33239.8592
11.8000 16 34089.20576
11.9000 16 36490.4448
12.0000 16 35546.7264
12.1000 16 35934.69952
12.2000 16 31247.5648
12.3000 16 31635.53792
12.4000 16 35882.27072
12.5000 16 35357.98272
12.6000 16 34749.80864
12.7000 16 30754.73408
12.8000 16 32432.45568
12.9000 16 37423.67744
13.0000 16 34414.26432
13.1000 16 32757.51424
13.2000 16 34361.83552
13.3000 16 36228.3008
13.4000 16 34393.2928
13.5000 16 35420.89728
13.6000 16 33072.08704
13.7000 16 32296.1408
13.8000 16 36815.50336
13.9000 16 34665.92256
14.0000 16 31100.76416
14.1000 16 36029.07136
14.2000 16 35095.83872
14.3000 16 35913.728
14.4000 16 30041.7024
14.5000 16 34456.20736
14.6000 16 37696.3072
14.7000 16 35997.61408
14.8000 16 30859.59168
14.9000 16 34875.63776
15.0000 16 35441.8688
15.1000 16 36102.47168
15.2000 16 35840.32768
15.3000 16 33386.65984
15.4000 16 33187.4304
15.5000 16 37109.10464
15.6000 16 35557.21216
15.7000 16 27189.57568
15.8000 16 22020.096
15.9000 16 33785.11872
16.0000 16 37528.53504
16.1000 16 36249.27232
16.2000 16 28133.29408
16.3000 16 32505.856
16.4000 16 36469.47328
16.5000 16 36301.70112
16.6000 16 35798.38464
16.7000 16 34456.20736
16.8000 16 34466.69312
16.9000 16 35966.1568
17.0000 16 36123.4432
17.1000 16 35997.61408
17.2000 16 33617.34656
17.3000 16 34141.63456
17.4000 16 35724.98432
17.5000 16 35211.18208
17.6000 16 36479.95904
17.7000 16 33900.46208
17.8000 16 32484.88448
17.9000 16 36867.93216
18.0000 16 33585.88928
18.1000 16 33764.1472
18.2000 16 32904.31488
18.3000 16 36784.04608
18.4000 16 33638.31808
18.5000 16 32956.74368
18.6000 16 34990.98112
18.7000 16 36133.92896
18.8000 16 36312.18688
18.9000 16 33019.65824
19.0000 16 34833.69472
19.1000 16 36511.41632
19.2000 16 33585.88928
19.3000 16 32768.0
19.4000 16 36763.07456
19.5000 16 34298.92096
19.6000 16 34886.12352
19.7000 16 33900.46208
19.8000 16 35032.92416
19.9000 16 33344.7168
20.0000 16 33638.31808
20.1000 16 35630.61248
20.2000 16 33176.94464
20.3000 16 35850.81344
20.4000 16 35787.89888
20.5000 16 33900.46208
20.6000 16 32275.16928
20.7000 16 36626.75968
20.8000 16 35987.12832
20.9000 16 34183.5776
21.0000 16 32610.7136
21.1000 16 36060.52864
21.2000 16 34980.49536
21.3000 16 34781.26592
21.4000 16 32054.96832
21.5000 16 34540.09344
21.6000 16 34351.34976
21.7000 16 35494.2976
21.8000 16 33848.03328
21.9000 16 34613.49376
22.0000 16 35903.24224
22.1000 16 35389.44
22.2000 16 36805.0176
22.3000 16 34236.0064
22.4000 16 34309.40672
22.5000 16 36679.18848
22.6000 16 35221.66784
22.7000 16 34540.09344
22.8000 16 36301.70112
22.9000 16 36500.93056
23.0000 16 32904.31488
23.1000 16 33124.51584
23.2000 16 35934.69952
23.3000 16 36689.67424
23.4000 16 34393.2928
23.5000 16 35829.84192
23.6000 16 31551.65184
23.7000 16 35934.69952
23.8000 16 36217.81504
23.9000 16 34959.52384
24.0000 16 34613.49376
24.1000 16 35158.75328
24.2000 16 37035.70432
24.3000 16 33879.49056
24.4000 16 34403.77856
24.5000 16 31163.67872
24.6000 16 7308.57472
