0.1000 16 0.0
0.2000 16 34812.7232
0.3000 16 29664.21504
0.4000 16 37518.04928
0.5000 16 28751.95392
0.6000 16 2778.7264
0.7000 16 12698.25536
0.8000 16 35085.35296
0.9000 16 37465.62048
1.0000 16 36291.21536
1.1000 16 28311.552
1.2000 16 28647.09632
1.3000 16 35494.2976
1.4000 16 36039.55712
1.5000 16 29171.38432
1.6000 16 32453.4272
1.7000 16 33040.62976
1.8000 16 36207.32928
1.9000 16 35756.4416
2.0000 16 32809.94304
2.1000 16 33701.23264
2.2000 16 36909.8752
2.3000 16 34487.66464
2.4000 16 33218.88768
2.5000 16 34204.54912
2.6000 16 35116.81024
2.7000 16 35819.35616
2.8000 16 30660.36224
2.9000 16 37476.10624
3.0000 16 33690.74688
3.1000 16 32778.48576
3.2000 16 35745.95584
3.3000 16 37339.79136
3.4000 16 30387.73248
3.5000 16 20604.5184
3.6000 16 29423.04256
3.7000 16 37035.70432
3.8000 16 37465.62048
3.9000 16 32977.7152
4.0000 16 31761.36704
4.1000 16 36794.53184
4.2000 16 36322.67264
4.3000 16 35274.09664
4.4000 16 33952.89088
4.5000 16 32694.59968
4.6000 16 36637.24544
4.7000 16 30545.01888
4.8000 16 28028.43648
4.9000 16 36878.41792
5.0000 16 35987.12832
5.1000 16 32673.62816
5.2000 16 30272.38912
5.3000 16 36238.78656
5.4000 16 32033.9968
5.5000 16 32830.91456
5.6000 16 34802.23744
5.7000 16 33124.51584
5.8000 16 29464.9856
5.9000 16 32998.68672
6.0000 16 32610.7136
6.1000 16 36144.41472
6.2000 16 36962.304
6.3000 16 33470.54592
6.4000 16 31729.90976
6.5000 16 36165.38624
6.6000 16 35462.84032
6.7000 16 37067.1616
6.8000 16 33208.40192
6.9000 16 31981.568
7.0000 16 37486.592
7.1000 16 35169.23904
7.2000 16 35011.95264
7.3000 16 35525.75488
7.4000 16 34823.20896
7.5000 16 36154.90048
7.6000 16 31226.59328
7.7000 16 33659.2896
7.8000 16 34980.49536
7.9000 16 31331.45088
8.0000 16 35179.7248
8.1000 16 33764.1472
8.2000 16 33722.20416
8.3000 16 34561.06496
8.4000 16 19482.54208
8.5000 16 34707.8656
8.6000 16 35043.40992
8.7000 16 35452.35456
8.8000 16 31677.48096
8.9000 16 32788.97152
9.0000 16 36511.41632
9.1000 16 34959.52384
9.2000 16 36364.61568
9.3000 16 28678.5536
9.4000 16 33627.83232
9.5000 16 32065.45408
9.6000 16 35892.75648
9.7000 16 34141.63456
9.8000 16 25113.3952
9.9000 16 34728.83712
10.0000 16 34571.55072
10.1000 16 35053.89568
10.2000 16 32904.31488
10.3000 16 34896.60928
10.4000 16 35588.66944
10.5000 16 34917.5808
10.6000 16 35599.1552
10.7000 16 33460.06016
10.8000 16 26172.45696
10.9000 16 37245.41952
11.0000 16 33648.80384
11.1000 16 31488.73728
11.2000 16 36071.0144
11.3000 16 35431.38304
11.4000 16 33606.8608
11.5000 16 34540.09344
11.6000 16 33596.37504
11.7000 16 34047.26272
11.8000 16 33827.06176
11.9000 16 34036.77696
12.0000 16 34382.80704
12.1000 16 35808.8704
12.2000 16 31729.90976
12.3000 16 29999.75936
12.4000 16 34592.52224
12.5000 16 34676.40832
12.6000 16 35399.92576
12.7000 16 34089.20576
12.8000 16 34456.20736
12.9000 16 34225.52064
13.0000 16 36668.70272
13.1000 16 34382.80704
13.2000 16 33040.62976
13.3000 16 35337.0112
13.4000 16 36637.24544
13.5000 16 34990.98112
13.6000 16 32317.11232
13.7000 16 28720.49664
13.8000 16 34718.35136
13.9000 16 34603.008
14.0000 16 35567.69792
14.1000 16 34833.69472
14.2000 16 33040.62976
14.3000 16 35599.1552
14.4000 16 34445.7216
14.5000 16 35766.92736
14.6000 16 32421.96992
14.7000 16 34644.95104
14.8000 16 34026.2912
14.9000 16 36029.07136
15.0000 16 35326.52544
15.1000 16 32453.4272
15.2000 16 33124.51584
15.3000 16 23320.33024
15.4000 16 36941.33248
15.5000 16 33533.46048
15.6000 16 34644.95104
15.7000 16 36029.07136
15.8000 16 35557.21216
15.9000 16 36553.35936
16.0000 16 34435.23584
16.1000 16 34644.95104
16.2000 16 35221.66784
16.3000 16 35892.75648
16.4000 16 35735.47008
16.5000 16 35462.84032
16.6000 16 30482.10432
16.7000 16 35483.81184
16.8000 16 37109.10464
16.9000 16 36532.38784
17.0000 16 34582.03648
17.1000 16 32359.05536
17.2000 16 34781.26592
17.3000 16 36322.67264
17.4000 16 35976.64256
17.5000 16 34728.83712
17.6000 16 34802.23744
17.7000 16 35766.92736
17.8000 16 35053.89568
17.9000 16 37308.33408
18.0000 16 34477.17888
18.1000 16 32799.45728
18.2000 16 35882.27072
18.3000 16 34770.78016
18.4000 16 36312.18688
18.5000 16 32893.82912
18.6000 16 35284.5824
18.7000 16 37192.99072
18.8000 16 35064.38144
18.9000 16 36050.04288
19.0000 16 34749.80864
19.1000 16 35840.32768
19.2000 16 35200.69632
19.3000 16 33963.37664
19.4000 16 35819.35616
19.5000 16 34351.34976
19.6000 16 35420.89728
19.7000 16 30136.07424
19.8000 16 36742.10304
19.9000 16 36291.21536
20.0000 16 34382.80704
20.1000 16 34141.63456
20.2000 16 36385.5872
20.3000 16 34907.09504
20.4000 16 32075.93984
20.5000 16 34236.0064
20.6000 16 37423.67744
20.7000 16 34319.89248
20.8000 16 34403.77856
20.9000 16 37182.50496
21.0000 16 35095.83872
21.1000 16 33690.74688
21.2000 16 37528.53504
21.3000 16 34141.63456
21.4000 16 34529.60768
21.5000 16 36836.47488
21.6000 16 34959.52384
21.7000 16 34057.74848
21.8000 16 34760.2944
21.9000 16 36448.50176
22.0000 16 34812.7232
22.1000 16 36165.38624
22.2000 16 36144.41472
22.3000 16 36385.5872
22.4000 16 35106.32448
22.5000 16 34477.17888
22.6000 16 34445.7216
22.7000 16 35462.84032
22.8000 16 36700.16
22.9000 16 32023.51104
23.0000 16 36385.5872
23.1000 16 33669.77536
23.2000 16 35850.81344
23.3000 16 34571.55072
23.4000 16 30387.73248
23.5000 16 33481.03168
23.6000 16 37559.99232
23.7000 16 33711.7184
23.8000 16 33176.94464
23.9000 16 36867.93216
24.0000 16 36479.95904
24.1000 16 33701.23264
24.2000 16 34644.95104
24.3000 16 34844.18048
24.4000 16 36396.07296
24.5000 16 35368.46848
24.6000 16 30282.87488
24.7000 16 20866.6624
24.8000 16 3386.90048
