0.1000 16 0.0
0.2000 16 35787.89888
0.3000 16 37518.04928
0.4000 16 37224.448
0.5000 16 21275.60704
0.6000 16 11177.82016
0.7000 16 28049.408
0.8000 16 37465.62048
0.9000 16 31048.33536
1.0000 16 13683.9168
1.1000 16 30849.10592
1.2000 16 27818.72128
1.3000 16 30733.76256
1.4000 16 32998.68672
1.5000 16 34435.23584
1.6000 16 34655.4368
1.7000 16 31184.65024
1.8000 16 36301.70112
1.9000 16 33931.91936
2.0000 16 33512.48896
2.1000 16 31488.73728
2.2000 16 31352.4224
2.3000 16 36626.75968
2.4000 16 36207.32928
2.5000 16 32778.48576
2.6000 16 34403.77856
2.7000 16 37245.41952
2.8000 16 35515.26912
2.9000 16 33376.17408
3.0000 16 32820.4288
3.1000 16 31237.07904
3.2000 16 33449.5744
3.3000 16 33040.62976
3.4000 16 33271.31648
3.5000 16 34267.46368
3.6000 16 35378.95424
3.7000 16 35179.7248
3.8000 16 33218.88768
3.9000 16 33428.60288
4.0000 16 35997.61408
4.1000 16 33386.65984
4.2000 16 27745.32096
4.3000 16 34005.31968
4.4000 16 37182.50496
4.5000 16 33669.77536
4.6000 16 33795.60448
4.7000 16 35536.24064
4.8000 16 35997.61408
4.9000 16 33596.37504
5.0000 16 33900.46208
5.1000 16 34351.34976
5.2000 16 35347.49696
5.3000 16 34707.8656
5.4000 16 35253.12512
5.5000 16 34907.09504
5.6000 16 36878.41792
5.7000 16 32495.37024
5.8000 16 36102.47168
5.9000 16 31436.30848
6.0000 16 36763.07456
6.1000 16 34634.46528
6.2000 16 34445.7216
6.3000 16 32883.34336
6.4000 16 36448.50176
6.5000 16 34875.63776
6.6000 16 35200.69632
6.7000 16 33785.11872
6.8000 16 37004.24704
6.9000 16 34749.80864
7.0000 16 30534.53312
7.1000 16 36144.41472
7.2000 16 29915.87328
7.3000 16 30807.16288
7.4000 16 31163.67872
7.5000 16 33323.74528
7.6000 16 36280.7296
7.7000 16 37675.33568
7.8000 16 31163.67872
7.9000 16 27105.6896
8.0000 16 34319.89248
8.1000 16 34697.37984
8.2000 16 35945.18528
8.3000 16 32117.88288
8.4000 16 31425.82272
8.5000 16 35798.38464
8.6000 16 30702.30528
8.7000 16 29139.92704
8.8000 16 28311.552
8.9000 16 31960.59648
9.0000 16 33973.8624
9.1000 16 35337.0112
9.2000 16 33963.37664
9.3000 16 30345.78944
9.4000 16 36909.8752
9.5000 16 32663.1424
9.6000 16 34183.5776
9.7000 16 34372.32128
9.8000 16 34372.32128
9.9000 16 34634.46528
10.0000 16 35473.32608
10.1000 16 23404.21632
10.2000 16 32883.34336
10.3000 16 35850.81344
10.4000 16 33795.60448
10.5000 16 35095.83872
10.6000 16 33030.144
10.7000 16 34655.4368
10.8000 16 36616.27392
10.9000 16 35253.12512
11.0000 16 35766.92736
11.1000 16 33313.25952
11.2000 16 31436.30848
11.3000 16 29821.50144
11.4000 16 33973.8624
11.5000 16 33281.80224
11.6000 16 36207.32928
11.7000 16 31541.16608
11.8000 16 36291.21536
11.9000 16 31855.73888
12.0000 16 37350.27712
12.1000 16 34152.12032
12.2000 16 32013.02528
12.3000 16 34194.06336
12.4000 16 34928.06656
12.5000 16 34603.008
12.6000 16 33271.31648
12.7000 16 33764.1472
12.8000 16 35913.728
12.9000 16 32285.65504
13.0000 16 33585.88928
13.1000 16 34298.92096
13.2000 16 36836.47488
13.3000 16 35274.09664
13.4000 16 32652.65664
13.5000 16 35074.8672
13.6000 16 34288.4352
13.7000 16 30765.21984
13.8000 16 36878.41792
13.9000 16 35431.38304
14.0000 16 34204.54912
14.1000 16 34718.35136
14.2000 16 36039.55712
14.3000 16 34844.18048
14.4000 16 37140.56192
14.5000 16 33418.11712
14.6000 16 34540.09344
14.7000 16 35347.49696
14.8000 16 37528.53504
14.9000 16 33837.54752
15.0000 16 33921.4336
15.1000 16 33082.5728
15.2000 16 36312.18688
15.3000 16 35903.24224
15.4000 16 36385.5872
15.5000 16 35620.12672
15.6000 16 35357.98272
15.7000 16 34068.23424
15.8000 16 33837.54752
15.9000 16 35043.40992
16.0000 16 35840.32768
16.1000 16 36228.3008
16.2000 16 35064.38144
16.3000 16 35840.32768
16.4000 16 34582.03648
16.5000 16 35924.21376
16.6000 16 36731.61728
16.7000 16 35316.03968
16.8000 16 35001.46688
16.9000 16 36993.76128
17.0000 16 35064.38144
17.1000 16 34718.35136
17.2000 16 35787.89888
17.3000 16 36574.33088
17.4000 16 34487.66464
17.5000 16 36668.70272
17.6000 16 34382.80704
17.7000 16 34036.77696
17.8000 16 35148.26752
17.9000 16 36689.67424
18.0000 16 32935.77216
18.1000 16 29160.89856
18.2000 16 32820.4288
18.3000 16 36479.95904
18.4000 16 35945.18528
18.5000 16 35043.40992
18.6000 16 30450.64704
18.7000 16 31708.93824
18.8000 16 34089.20576
18.9000 16 36469.47328
19.0000 16 36542.8736
19.1000 16 34435.23584
19.2000 16 33722.20416
19.3000 16 34456.20736
19.4000 16 37486.592
19.5000 16 34970.0096
19.6000 16 31698.45248
19.7000 16 35924.21376
19.8000 16 36846.96064
19.9000 16 34078.72
20.0000 16 37245.41952
20.1000 16 32568.77056
20.2000 16 35295.06816
20.3000 16 35399.92576
20.4000 16 36899.38944
20.5000 16 36039.55712
20.6000 16 31981.568
20.7000 16 34875.63776
20.8000 16 37276.8768
20.9000 16 35389.44
21.0000 16 36039.55712
21.1000 16 35829.84192
21.2000 16 35829.84192
21.3000 16 34089.20576
21.4000 16 35913.728
21.5000 16 33617.34656
21.6000 16 37119.5904
21.7000 16 33942.40512
21.8000 16 33848.03328
21.9000 16 36490.4448
22.0000 16 36417.04448
22.1000 16 34215.03488
22.2000 16 32159.82592
22.3000 16 35987.12832
22.4000 16 35924.21376
22.5000 16 35871.78496
22.6000 16 32610.7136
22.7000 16 34225.52064
22.8000 16 37601.93536
22.9000 16 33009.17248
23.0000 16 30859.59168
23.1000 16 33774.63296
23.2000 16 36794.53184
23.3000 16 35724.98432
23.4000 16 35274.09664
23.5000 16 31677.48096
23.6000 16 35074.8672
23.7000 16 34382.80704
23.8000 16 33764.1472
23.9000 16 35777.41312
24.0000 16 33942.40512
24.1000 16 32484.88448
24.2000 16 33743.17568
24.3000 16 35337.0112
24.4000 16 34896.60928
24.5000 16 34173.09184
24.6000 16 30366.76096
24.7000 16 15424.55296
