0.1000 16 0.0
0.2000 16 33585.88928
0.3000 16 37591.4496
0.4000 16 37255.90528
0.5000 16 28038.92224
0.6000 16 15141.43744
0.7000 16 27147.63264
0.8000 16 37413.19168
0.9000 16 37371.24864
1.0000 16 33617.34656
1.1000 16 16357.7856
1.2000 16 22512.92672
1.3000 16 35997.61408
1.4000 16 37570.47808
1.5000 16 34655.4368
1.6000 16 27252.49024
1.7000 16 31205.62176
1.8000 16 29360.128
1.9000 16 33533.46048
2.0000 16 31037.8496
2.1000 16 31614.5664
2.2000 16 37140.56192
2.3000 16 36469.47328
2.4000 16 30576.47616
2.5000 16 31404.8512
2.6000 16 36574.33088
2.7000 16 35043.40992
2.8000 16 32715.5712
2.9000 16 34309.40672
3.0000 16 34865.152
3.1000 16 36280.7296
3.2000 16 29360.128
3.3000 16 35242.63936
3.4000 16 33774.63296
3.5000 16 36259.75808
3.6000 16 33135.0016
3.7000 16 32925.2864
3.8000 16 26602.37312
3.9000 16 30157.04576
4.0000 16 35955.67104
4.1000 16 33806.09024
4.2000 16 30345.78944
4.3000 16 32484.88448
4.4000 16 36679.18848
4.5000 16 35798.38464
4.6000 16 32065.45408
4.7000 16 30303.8464
4.8000 16 34068.23424
4.9000 16 36175.872
5.0000 16 36175.872
5.1000 16 33250.34496
5.2000 16 32799.45728
5.3000 16 33638.31808
5.4000 16 36091.98592
5.5000 16 35074.8672
5.6000 16 34718.35136
5.7000 16 27556.57728
5.8000 16 35945.18528
5.9000 16 36647.7312
6.0000 16 36039.55712
6.1000 16 31960.59648
6.2000 16 34068.23424
6.3000 16 32233.22624
6.4000 16 32222.74048
6.5000 16 33323.74528
6.6000 16 35169.23904
6.7000 16 34634.46528
6.8000 16 33418.11712
6.9000 16 33281.80224
7.0000 16 34298.92096
7.1000 16 33994.83392
7.2000 16 35274.09664
7.3000 16 33460.06016
7.4000 16 29139.92704
7.5000 16 35494.2976
7.6000 16 33260.83072
7.7000 16 31373.39392
7.8000 16 34131.1488
7.9000 16 35892.75648
8.0000 16 34854.66624
8.1000 16 34026.2912
8.2000 16 32956.74368
8.3000 16 34267.46368
8.4000 16 35431.38304
8.5000 16 34403.77856
8.6000 16 34959.52384
8.7000 16 34435.23584
8.8000 16 37119.5904
8.9000 16 34697.37984
9.0000 16 31750.88128
9.1000 16 36154.90048
9.2000 16 36805.0176
9.3000 16 33638.31808
9.4000 16 34351.34976
9.5000 16 36228.3008
9.6000 16 36805.0176
9.7000 16 31929.1392
9.8000 16 31876.7104
9.9000 16 27158.1184
10.0000 16 36438.016
10.1000 16 33145.48736
10.2000 16 32023.51104
10.3000 16 33533.46048
10.4000 16 31761.36704
10.5000 16 34403.77856
10.6000 16 31121.73568
10.7000 16 33627.83232
10.8000 16 35924.21376
10.9000 16 35987.12832
11.0000 16 35053.89568
11.1000 16 33271.31648
11.2000 16 31436.30848
11.3000 16 34707.8656
11.4000 16 35724.98432
11.5000 16 35546.7264
11.6000 16 33627.83232
11.7000 16 32023.51104
11.8000 16 33554.432
11.9000 16 35829.84192
12.0000 16 35431.38304
12.1000 16 31415.33696
12.2000 16 28573.696
12.3000 16 29664.21504
12.4000 16 33627.83232
12.5000 16 33197.91616
12.6000 16 26182.94272
12.7000 16 35630.61248
12.8000 16 33837.54752
12.9000 16 35546.7264
13.0000 16 34047.26272
13.1000 16 29475.47136
13.2000 16 34896.60928
13.3000 16 34393.2928
13.4000 16 30597.44768
13.5000 16 31604.08064
13.6000 16 35378.95424
13.7000 16 35263.61088
13.8000 16 35368.46848
13.9000 16 33533.46048
14.0000 16 35704.0128
14.1000 16 34592.52224
14.2000 16 34403.77856
14.3000 16 36805.0176
14.4000 16 34120.66304
14.5000 16 36458.98752
14.6000 16 31929.1392
14.7000 16 33502.0032
14.8000 16 34540.09344
14.9000 16 36794.53184
15.0000 16 34928.06656
15.1000 16 29171.38432
15.2000 16 35221.66784
15.3000 16 36417.04448
15.4000 16 34665.92256
15.5000 16 34361.83552
15.6000 16 35829.84192
15.7000 16 35997.61408
15.8000 16 34833.69472
15.9000 16 35704.0128
16.0000 16 34445.7216
16.1000 16 36763.07456
16.2000 16 35850.81344
16.3000 16 33575.40352
16.4000 16 32998.68672
16.5000 16 37601.93536
16.6000 16 35536.24064
16.7000 16 30618.4192
16.8000 16 34351.34976
16.9000 16 37035.70432
17.0000 16 33722.20416
17.1000 16 35808.8704
17.2000 16 34592.52224
17.3000 16 37119.5904
17.4000 16 32432.45568
17.5000 16 33418.11712
17.6000 16 36867.93216
17.7000 16 34959.52384
17.8000 16 35032.92416
17.9000 16 34676.40832
18.0000 16 37109.10464
18.1000 16 35546.7264
18.2000 16 34603.008
18.3000 16 35326.52544
18.4000 16 36595.3024
18.5000 16 35672.55552
18.6000 16 33994.83392
18.7000 16 33648.80384
18.8000 16 37413.19168
18.9000 16 35001.46688
19.0000 16 33680.26112
19.1000 16 36154.90048
19.2000 16 36700.16
19.3000 16 33743.17568
19.4000 16 34372.32128
19.5000 16 35829.84192
19.6000 16 34540.09344
19.7000 16 32547.79904
19.8000 16 32589.74208
19.9000 16 34194.06336
20.0000 16 34162.60608
20.1000 16 36008.09984
20.2000 16 32275.16928
20.3000 16 31100.76416
20.4000 16 33470.54592
20.5000 16 37192.99072
20.6000 16 34152.12032
20.7000 16 32138.8544
20.8000 16 34928.06656
20.9000 16 33155.97312
21.0000 16 36710.64576
21.1000 16 33491.51744
21.2000 16 33669.77536
21.3000 16 35777.41312
21.4000 16 34665.92256
21.5000 16 34267.46368
21.6000 16 35368.46848
21.7000 16 36354.12992
21.8000 16 33543.94624
21.9000 16 37088.13312
22.0000 16 35620.12672
22.1000 16 34676.40832
22.2000 16 35557.21216
22.3000 16 35169.23904
22.4000 16 35158.75328
22.5000 16 34078.72
22.6000 16 37539.0208
22.7000 16 35095.83872
22.8000 16 34068.23424
22.9000 16 34949.03808
23.0000 16 37622.90688
23.1000 16 35190.21056
23.2000 16 30639.39072
23.3000 16 32359.05536
23.4000 16 34110.17728
23.5000 16 33848.03328
23.6000 16 35536.24064
23.7000 16 36668.70272
23.8000 16 34582.03648
23.9000 16 25501.36832
24.0000 16 30817.64864
24.1000 16 37308.33408
24.2000 16 36175.872
24.3000 16 35085.35296
24.4000 16 33407.63136
24.5000 16 35064.38144
24.6000 16 34225.52064
24.7000 16 30209.47456
24.8000 16 16305.3568
24.9000 16 1184.89088
