0.1000 16 0.0
0.2000 16 34718.35136
0.3000 16 37413.19168
0.4000 16 37350.27712
0.5000 16 23855.104
0.6000 16 2589.98272
0.7000 16 24851.2512
0.8000 16 37465.62048
0.9000 16 37203.47648
1.0000 16 27996.9792
1.1000 16 32694.59968
1.2000 16 33313.25952
1.3000 16 36354.12992
1.4000 16 34770.78016
1.5000 16 36574.33088
1.6000 16 31237.07904
1.7000 16 34236.0064
1.8000 16 33428.60288
1.9000 16 36563.84512
2.0000 16 29485.95712
2.1000 16 34938.55232
2.2000 16 37172.0192
2.3000 16 36375.10144
2.4000 16 34414.26432
2.5000 16 35882.27072
2.6000 16 34330.37824
2.7000 16 33355.20256
2.8000 16 34665.92256
2.9000 16 36186.35776
3.0000 16 33365.68832
3.1000 16 35829.84192
3.2000 16 32694.59968
3.3000 16 36574.33088
3.4000 16 36647.7312
3.5000 16 34833.69472
3.6000 16 31079.79264
3.7000 16 34173.09184
3.8000 16 35672.55552
3.9000 16 35588.66944
4.0000 16 35745.95584
4.1000 16 33858.51904
4.2000 16 36689.67424
4.3000 16 34980.49536
4.4000 16 32998.68672
4.5000 16 36280.7296
4.6000 16 35704.0128
4.7000 16 35148.26752
4.8000 16 34833.69472
4.9000 16 36899.38944
5.0000 16 34592.52224
5.1000 16 32663.1424
5.2000 16 32663.1424
5.3000 16 32149.34016
5.4000 16 34036.77696
5.5000 16 31562.1376
5.6000 16 35997.61408
5.7000 16 34466.69312
5.8000 16 33627.83232
5.9000 16 34477.17888
6.0000 16 34361.83552
6.1000 16 35085.35296
6.2000 16 36249.27232
6.3000 16 31583.10912
6.4000 16 35735.47008
6.5000 16 36668.70272
6.6000 16 34749.80864
6.7000 16 31079.79264
6.8000 16 35651.584
6.9000 16 37224.448
7.0000 16 33208.40192
7.1000 16 33397.1456
7.2000 16 35892.75648
7.3000 16 36207.32928
7.4000 16 30261.90336
7.5000 16 31740.39552
7.6000 16 34215.03488
7.7000 16 34267.46368
7.8000 16 36731.61728
7.9000 16 34707.8656
8.0000 16 34267.46368
8.1000 16 34361.83552
8.2000 16 36091.98592
8.3000 16 34403.77856
8.4000 16 30733.76256
8.5000 16 34256.97792
8.6000 16 37455.13472
8.7000 16 35337.0112
8.8000 16 27304.91904
8.9000 16 31845.25312
9.0000 16 36983.27552
9.1000 16 34225.52064
9.2000 16 32516.34176
9.3000 16 35295.06816
9.4000 16 34917.5808
9.5000 16 36805.0176
9.6000 16 32369.54112
9.7000 16 32747.02848
9.8000 16 36584.81664
9.9000 16 33669.77536
10.0000 16 33921.4336
10.1000 16 32715.5712
10.2000 16 37245.41952
10.3000 16 33250.34496
10.4000 16 36825.98912
10.5000 16 34319.89248
10.6000 16 36721.13152
10.7000 16 33942.40512
10.8000 16 34026.2912
10.9000 16 31992.05376
11.0000 16 36742.10304
11.1000 16 35599.1552
11.2000 16 32977.7152
11.3000 16 31960.59648
11.4000 16 28542.23872
11.5000 16 36605.78816
11.6000 16 32935.77216
11.7000 16 33921.4336
11.8000 16 35536.24064
11.9000 16 35641.09824
12.0000 16 34781.26592
12.1000 16 33910.94784
12.2000 16 32600.22784
12.3000 16 35032.92416
12.4000 16 36920.36096
12.5000 16 34110.17728
12.6000 16 32904.31488
12.7000 16 31352.4224
12.8000 16 36899.38944
12.9000 16 34372.32128
13.0000 16 35924.21376
13.1000 16 35924.21376
13.2000 16 32872.8576
13.3000 16 33418.11712
13.4000 16 35987.12832
13.5000 16 37203.47648
13.6000 16 34183.5776
13.7000 16 32747.02848
13.8000 16 36438.016
13.9000 16 36133.92896
14.0000 16 37161.53344
14.1000 16 34382.80704
14.2000 16 30712.79104
14.3000 16 35095.83872
14.4000 16 36668.70272
14.5000 16 34256.97792
14.6000 16 34099.69152
14.7000 16 32841.40032
14.8000 16 34477.17888
14.9000 16 36930.84672
15.0000 16 35756.4416
15.1000 16 33449.5744
15.2000 16 33281.80224
15.3000 16 36259.75808
15.4000 16 34980.49536
15.5000 16 33323.74528
15.6000 16 35641.09824
15.7000 16 36679.18848
15.8000 16 35861.2992
15.9000 16 30807.16288
16.0000 16 34540.09344
16.1000 16 37455.13472
16.2000 16 36322.67264
16.3000 16 33355.20256
16.4000 16 34015.80544
16.5000 16 35641.09824
16.6000 16 35232.1536
16.7000 16 33176.94464
16.8000 16 33910.94784
16.9000 16 35913.728
17.0000 16 34917.5808
17.1000 16 34833.69472
17.2000 16 33921.4336
17.3000 16 34382.80704
17.4000 16 35022.4384
17.5000 16 34812.7232
17.6000 16 35305.55392
17.7000 16 32956.74368
17.8000 16 37109.10464
17.9000 16 37224.448
18.0000 16 34917.5808
18.1000 16 32841.40032
18.2000 16 35137.78176
18.3000 16 37402.70592
18.4000 16 35641.09824
18.5000 16 29811.01568
18.6000 16 31247.5648
18.7000 16 33973.8624
18.8000 16 35253.12512
18.9000 16 33250.34496
19.0000 16 36563.84512
19.1000 16 36071.0144
19.2000 16 35808.8704
19.3000 16 34236.0064
19.4000 16 37119.5904
19.5000 16 36689.67424
19.6000 16 32138.8544
19.7000 16 33764.1472
19.8000 16 36731.61728
19.9000 16 33334.23104
20.0000 16 36448.50176
20.1000 16 32883.34336
20.2000 16 34110.17728
20.3000 16 35200.69632
20.4000 16 34634.46528
20.5000 16 32191.2832
20.6000 16 33774.63296
20.7000 16 33009.17248
20.8000 16 35871.78496
20.9000 16 35808.8704
21.0000 16 35242.63936
21.1000 16 35462.84032
21.2000 16 33376.17408
21.3000 16 34749.80864
21.4000 16 35808.8704
21.5000 16 36825.98912
21.6000 16 32180.79744
21.7000 16 33502.0032
21.8000 16 34697.37984
21.9000 16 37224.448
22.0000 16 33994.83392
22.1000 16 35724.98432
22.2000 16 35462.84032
22.3000 16 34990.98112
22.4000 16 34770.78016
22.5000 16 37465.62048
22.6000 16 32296.1408
22.7000 16 35745.95584
22.8000 16 35609.64096
22.9000 16 35745.95584
23.0000 16 35724.98432
23.1000 16 36857.4464
23.2000 16 28772.92544
23.3000 16 26633.8304
23.4000 16 35357.98272
23.5000 16 36060.52864
23.6000 16 34917.5808
23.7000 16 34791.75168
23.8000 16 33575.40352
23.9000 16 36123.4432
24.0000 16 35095.83872
24.1000 16 35074.8672
24.2000 16 32463.91296
24.3000 16 34246.49216
24.4000 16 27818.72128
24.5000 16 14134.80448
24.6000 16 20.97152
