0.1000 16 0.0
0.2000 16 35106.32448
0.3000 16 37308.33408
0.4000 16 37539.0208
0.5000 16 26895.9744
0.6000 16 12048.13824
0.7000 16 23571.98848
0.8000 16 37465.62048
0.9000 16 37213.96224
1.0000 16 32946.25792
1.1000 16 32243.712
1.2000 16 33376.17408
1.3000 16 37413.19168
1.4000 16 20740.83328
1.5000 16 27011.31776
1.6000 16 32988.20096
1.7000 16 35976.64256
1.8000 16 34110.17728
1.9000 16 31079.79264
2.0000 16 34256.97792
2.1000 16 34131.1488
2.2000 16 36794.53184
2.3000 16 34298.92096
2.4000 16 33397.1456
2.5000 16 34047.26272
2.6000 16 34508.63616
2.7000 16 35840.32768
2.8000 16 37381.7344
2.9000 16 33292.288
3.0000 16 33512.48896
3.1000 16 33690.74688
3.2000 16 34246.49216
3.3000 16 34288.4352
3.4000 16 36700.16
3.5000 16 34487.66464
3.6000 16 33921.4336
3.7000 16 36542.8736
3.8000 16 35787.89888
3.9000 16 34498.1504
4.0000 16 34120.66304
4.1000 16 37213.96224
4.2000 16 35882.27072
4.3000 16 33879.49056
4.4000 16 36825.98912
4.5000 16 34728.83712
4.6000 16 32768.0
4.7000 16 34582.03648
4.8000 16 37392.22016
4.9000 16 34120.66304
5.0000 16 33869.0048
5.1000 16 35305.55392
5.2000 16 22701.6704
5.3000 16 12478.0544
5.4000 16 31352.4224
5.5000 16 35934.69952
5.6000 16 32673.62816
5.7000 16 33638.31808
5.8000 16 37360.76288
5.9000 16 33323.74528
6.0000 16 34749.80864
6.1000 16 31687.96672
6.2000 16 36721.13152
6.3000 16 35536.24064
6.4000 16 35787.89888
6.5000 16 32516.34176
6.6000 16 31247.5648
6.7000 16 37266.39104
6.8000 16 34665.92256
6.9000 16 32191.2832
7.0000 16 33281.80224
7.1000 16 35693.52704
7.2000 16 35777.41312
7.3000 16 35913.728
7.4000 16 35284.5824
7.5000 16 34435.23584
7.6000 16 37476.10624
7.7000 16 34110.17728
7.8000 16 31247.5648
7.9000 16 35766.92736
8.0000 16 37392.22016
8.1000 16 33963.37664
8.2000 16 33009.17248
8.3000 16 37308.33408
8.4000 16 35095.83872
8.5000 16 34907.09504
8.6000 16 35389.44
8.7000 16 35179.7248
8.8000 16 36752.5888
8.9000 16 31729.90976
9.0000 16 34120.66304
9.1000 16 37172.0192
9.2000 16 37130.07616
9.3000 16 32264.68352
9.4000 16 32579.25632
9.5000 16 36280.7296
9.6000 16 37014.7328
9.7000 16 34707.8656
9.8000 16 36259.75808
9.9000 16 32956.74368
10.0000 16 36784.04608
10.1000 16 35473.32608
10.2000 16 37360.76288
10.3000 16 32998.68672
10.4000 16 34403.77856
10.5000 16 36993.76128
10.6000 16 36270.24384
10.7000 16 30932.992
10.8000 16 37025.21856
10.9000 16 33785.11872
11.0000 16 37088.13312
11.1000 16 33512.48896
11.2000 16 24851.2512
11.3000 16 35630.61248
11.4000 16 34288.4352
11.5000 16 36301.70112
11.6000 16 36060.52864
11.7000 16 33795.60448
11.8000 16 34057.74848
11.9000 16 36427.53024
12.0000 16 35368.46848
12.1000 16 32935.77216
12.2000 16 33334.23104
12.3000 16 36930.84672
12.4000 16 36993.76128
12.5000 16 36123.4432
12.6000 16 32768.0
12.7000 16 34340.864
12.8000 16 37276.8768
12.9000 16 35840.32768
13.0000 16 35714.49856
13.1000 16 31216.10752
13.2000 16 34131.1488
13.3000 16 36763.07456
13.4000 16 37203.47648
13.5000 16 30786.19136
13.6000 16 32673.62816
13.7000 16 32673.62816
13.8000 16 35766.92736
13.9000 16 32411.48416
14.0000 16 33313.25952
14.1000 16 36878.41792
14.2000 16 35295.06816
14.3000 16 30744.24832
14.4000 16 26245.85728
14.5000 16 37518.04928
14.6000 16 35064.38144
14.7000 16 32013.02528
14.8000 16 27577.5488
14.9000 16 34466.69312
15.0000 16 36479.95904
15.1000 16 35399.92576
15.2000 16 32096.91136
15.3000 16 32505.856
15.4000 16 30628.90496
15.5000 16 35829.84192
15.6000 16 35295.06816
15.7000 16 36784.04608
15.8000 16 34298.92096
15.9000 16 33145.48736
16.0000 16 37025.21856
16.1000 16 35683.04128
16.2000 16 33606.8608
16.3000 16 35284.5824
16.4000 16 34099.69152
16.5000 16 34886.12352
16.6000 16 36144.41472
16.7000 16 35609.64096
16.8000 16 34131.1488
16.9000 16 37245.41952
17.0000 16 34005.31968
17.1000 16 35368.46848
17.2000 16 36616.27392
17.3000 16 36291.21536
17.4000 16 37046.19008
17.5000 16 33795.60448
17.6000 16 34749.80864
17.7000 16 34036.77696
17.8000 16 36081.50016
17.9000 16 34949.03808
18.0000 16 33942.40512
18.1000 16 33921.4336
18.2000 16 37371.24864
18.3000 16 35672.55552
18.4000 16 34204.54912
18.5000 16 34078.72
18.6000 16 35494.2976
18.7000 16 37308.33408
18.8000 16 27850.17856
18.9000 16 31897.68192
19.0000 16 34561.06496
19.1000 16 37381.7344
19.2000 16 36259.75808
19.3000 16 27850.17856
19.4000 16 35368.46848
19.5000 16 36175.872
19.6000 16 36668.70272
19.7000 16 35420.89728
19.8000 16 33208.40192
19.9000 16 34582.03648
20.0000 16 36563.84512
20.1000 16 34298.92096
20.2000 16 35001.46688
20.3000 16 37266.39104
20.4000 16 32736.54272
20.5000 16 33009.17248
20.6000 16 33470.54592
20.7000 16 34907.09504
20.8000 16 34970.0096
20.9000 16 36312.18688
21.0000 16 34802.23744
21.1000 16 34676.40832
21.2000 16 36207.32928
21.3000 16 36784.04608
21.4000 16 34760.2944
21.5000 16 35766.92736
21.6000 16 35766.92736
21.7000 16 30891.04896
21.8000 16 35903.24224
21.9000 16 36280.7296
22.0000 16 32432.45568
22.1000 16 36417.04448
22.2000 16 34152.12032
22.3000 16 36438.016
22.4000 16 34592.52224
22.5000 16 36951.81824
22.6000 16 33827.06176
22.7000 16 33816.576
22.8000 16 34844.18048
22.9000 16 34603.008
23.0000 16 34393.2928
23.1000 16 32673.62816
23.2000 16 33774.63296
23.3000 16 37507.56352
23.4000 16 35630.61248
23.5000 16 33491.51744
23.6000 16 33439.08864
23.7000 16 36343.64416
23.8000 16 36794.53184
23.9000 16 35567.69792
24.0000 16 33481.03168
24.1000 16 36825.98912
24.2000 16 32411.48416
24.3000 16 32432.45568
24.4000 16 33889.97632
24.5000 16 19849.54368
