0.1000 16 0.0
0.2000 16 35074.8672
0.3000 16 37465.62048
0.4000 16 37580.96384
0.5000 16 23163.04384
0.6000 16 12687.7696
0.7000 16 29181.87008
0.8000 16 37518.04928
0.9000 16 24547.16416
1.0000 16 28867.29728
1.1000 16 29947.33056
1.2000 16 30922.50624
1.3000 16 37192.99072
1.4000 16 34791.75168
1.5000 16 29234.29888
1.6000 16 27955.03616
1.7000 16 15015.60832
1.8000 16 26266.8288
1.9000 16 31562.1376
2.0000 16 33900.46208
2.1000 16 33690.74688
2.2000 16 33030.144
2.3000 16 26958.88896
2.4000 16 33785.11872
2.5000 16 31729.90976
2.6000 16 30901.53472
2.7000 16 36647.7312
2.8000 16 35053.89568
2.9000 16 33271.31648
3.0000 16 34288.4352
3.1000 16 36270.24384
3.2000 16 36500.93056
3.3000 16 32107.39712
3.4000 16 31887.19616
3.5000 16 36406.55872
3.6000 16 32191.2832
3.7000 16 35106.32448
3.8000 16 35305.55392
3.9000 16 36542.8736
4.0000 16 32086.4256
4.1000 16 34550.5792
4.2000 16 36133.92896
4.3000 16 34980.49536
4.4000 16 34990.98112
4.5000 16 30324.81792
4.6000 16 37004.24704
4.7000 16 36930.84672
4.8000 16 35745.95584
4.9000 16 26948.4032
5.0000 16 30524.04736
5.1000 16 35987.12832
5.2000 16 35777.41312
5.3000 16 35882.27072
5.4000 16 28710.01088
5.5000 16 24725.42208
5.6000 16 34529.60768
5.7000 16 36165.38624
5.8000 16 34844.18048
5.9000 16 14166.26176
6.0000 16 11555.30752
6.1000 16 18433.96608
6.2000 16 35609.64096
6.3000 16 35525.75488
6.4000 16 34277.94944
6.5000 16 33155.97312
6.6000 16 33439.08864
6.7000 16 34529.60768
6.8000 16 34990.98112
6.9000 16 32033.9968
7.0000 16 25396.51072
7.1000 16 33889.97632
7.2000 16 34781.26592
7.3000 16 33575.40352
7.4000 16 31677.48096
7.5000 16 33753.66144
7.6000 16 36165.38624
7.7000 16 34770.78016
7.8000 16 33764.1472
7.9000 16 32275.16928
8.0000 16 35032.92416
8.1000 16 31750.88128
8.2000 16 35924.21376
8.3000 16 37423.67744
8.4000 16 35840.32768
8.5000 16 30775.7056
8.6000 16 24798.8224
8.7000 16 33837.54752
8.8000 16 31761.36704
8.9000 16 23551.01696
9.0000 16 30062.67392
9.1000 16 34498.1504
9.2000 16 35410.41152
9.3000 16 34361.83552
9.4000 16 35672.55552
9.5000 16 31216.10752
9.6000 16 29328.67072
9.7000 16 35861.2992
9.8000 16 35724.98432
9.9000 16 32516.34176
10.0000 16 34781.26592
10.1000 16 34267.46368
10.2000 16 28248.63744
10.3000 16 28552.72448
10.4000 16 35053.89568
10.5000 16 35808.8704
10.6000 16 32862.37184
10.7000 16 35274.09664
10.8000 16 34592.52224
10.9000 16 34215.03488
11.0000 16 34550.5792
11.1000 16 35378.95424
11.2000 16 35326.52544
11.3000 16 31656.50944
11.4000 16 33889.97632
11.5000 16 36322.67264
11.6000 16 33879.49056
11.7000 16 30796.67712
11.8000 16 34047.26272
11.9000 16 34204.54912
12.0000 16 35588.66944
12.1000 16 25648.16896
12.2000 16 28374.46656
12.3000 16 30020.73088
12.4000 16 33848.03328
12.5000 16 34718.35136
12.6000 16 32893.82912
12.7000 16 32505.856
12.8000 16 34959.52384
12.9000 16 35410.41152
13.0000 16 33774.63296
13.1000 16 32610.7136
13.2000 16 37528.53504
13.3000 16 33260.83072
13.4000 16 31394.36544
13.5000 16 33344.7168
13.6000 16 35735.47008
13.7000 16 32201.76896
13.8000 16 34236.0064
13.9000 16 33743.17568
14.0000 16 32526.82752
14.1000 16 36668.70272
14.2000 16 33627.83232
14.3000 16 33606.8608
14.4000 16 35190.21056
14.5000 16 32474.39872
14.6000 16 32348.5696
14.7000 16 33418.11712
14.8000 16 34015.80544
14.9000 16 33040.62976
15.0000 16 32977.7152
15.1000 16 31541.16608
15.2000 16 35211.18208
15.3000 16 34372.32128
15.4000 16 33575.40352
15.5000 16 34120.66304
15.6000 16 34802.23744
15.7000 16 33963.37664
15.8000 16 34487.66464
15.9000 16 29548.87168
16.0000 16 26979.86048
16.1000 16 35043.40992
16.2000 16 34519.12192
16.3000 16 35955.67104
16.4000 16 34162.60608
16.5000 16 33187.4304
16.6000 16 31866.22464
16.7000 16 36301.70112
16.8000 16 34854.66624
16.9000 16 30670.848
17.0000 16 33711.7184
17.1000 16 36469.47328
17.2000 16 33984.34816
17.3000 16 35179.7248
17.4000 16 33910.94784
17.5000 16 37056.67584
17.6000 16 30335.30368
17.7000 16 32610.7136
17.8000 16 34812.7232
17.9000 16 35169.23904
18.0000 16 32998.68672
18.1000 16 30261.90336
18.2000 16 33397.1456
18.3000 16 32956.74368
18.4000 16 35420.89728
18.5000 16 35085.35296
18.6000 16 34068.23424
18.7000 16 34928.06656
18.8000 16 35567.69792
18.9000 16 35085.35296
19.0000 16 33418.11712
19.1000 16 34990.98112
19.2000 16 32505.856
19.3000 16 32977.7152
19.4000 16 32589.74208
19.5000 16 35263.61088
19.6000 16 36825.98912
19.7000 16 34068.23424
19.8000 16 32128.36864
19.9000 16 34949.03808
20.0000 16 37507.56352
20.1000 16 33124.51584
20.2000 16 34256.97792
20.3000 16 34686.89408
20.4000 16 34194.06336
20.5000 16 35095.83872
20.6000 16 36333.1584
20.7000 16 32432.45568
20.8000 16 31205.62176
20.9000 16 35274.09664
21.0000 16 36196.84352
21.1000 16 36679.18848
21.2000 16 30178.01728
21.3000 16 33564.91776
21.4000 16 34529.60768
21.5000 16 36448.50176
21.6000 16 32610.7136
21.7000 16 34550.5792
21.8000 16 32233.22624
21.9000 16 34519.12192
22.0000 16 35724.98432
22.1000 16 34330.37824
22.2000 16 36354.12992
22.3000 16 36060.52864
22.4000 16 32432.45568
22.5000 16 33502.0032
22.6000 16 33365.68832
22.7000 16 35683.04128
22.8000 16 34351.34976
22.9000 16 33711.7184
23.0000 16 31174.16448
23.1000 16 37360.76288
23.2000 16 36406.55872
23.3000 16 34403.77856
23.4000 16 29590.81472
23.5000 16 33910.94784
23.6000 16 36312.18688
23.7000 16 35368.46848
23.8000 16 33952.89088
23.9000 16 35861.2992
24.0000 16 34194.06336
24.1000 16 35242.63936
24.2000 16 32442.94144
24.3000 16 35987.12832
24.4000 16 35903.24224
24.5000 16 36511.41632
24.6000 16 33218.88768
24.7000 16 33732.68992
24.8000 16 31950.11072
24.9000 16 37224.448
25.0000 16 32516.34176
25.1000 16 31341.93664
25.2000 16 32600.22784
25.3000 16 22984.78592
25.4000 16 3722.4448
