0.1000 16 0.0
0.2000 16 36427.53024
0.3000 16 35808.8704
0.4000 16 37539.0208
0.5000 16 26214.4
0.6000 16 7759.4624
0.7000 16 22900.89984
0.8000 16 37014.7328
0.9000 16 37601.93536
1.0000 16 35001.46688
1.1000 16 30953.96352
1.2000 16 32526.82752
1.3000 16 28993.1264
1.4000 16 31079.79264
1.5000 16 36364.61568
1.6000 16 29831.9872
1.7000 16 26508.00128
1.8000 16 29066.52672
1.9000 16 37130.07616
2.0000 16 34361.83552
2.1000 16 30461.1328
2.2000 16 35903.24224
2.3000 16 36553.35936
2.4000 16 35053.89568
2.5000 16 32191.2832
2.6000 16 36301.70112
2.7000 16 35924.21376
2.8000 16 34152.12032
2.9000 16 33732.68992
3.0000 16 33627.83232
3.1000 16 36815.50336
3.2000 16 35158.75328
3.3000 16 33889.97632
3.4000 16 35662.06976
3.5000 16 36511.41632
3.6000 16 35452.35456
3.7000 16 32736.54272
3.8000 16 33785.11872
3.9000 16 37507.56352
4.0000 16 33428.60288
4.1000 16 34603.008
4.2000 16 34844.18048
4.3000 16 37591.4496
4.4000 16 32275.16928
4.5000 16 34760.2944
4.6000 16 36375.10144
4.7000 16 33837.54752
4.8000 16 29601.30048
4.9000 16 33355.20256
5.0000 16 35399.92576
5.1000 16 35410.41152
5.2000 16 35389.44
5.3000 16 28594.66752
5.4000 16 32705.08544
5.5000 16 36941.33248
5.6000 16 34634.46528
5.7000 16 33281.80224
5.8000 16 31971.08224
5.9000 16 31289.50784
6.0000 16 35179.7248
6.1000 16 35787.89888
6.2000 16 33722.20416
6.3000 16 30251.4176
6.4000 16 33816.576
6.5000 16 36584.81664
6.6000 16 35337.0112
6.7000 16 28940.6976
6.8000 16 31352.4224
6.9000 16 33522.97472
7.0000 16 35777.41312
7.1000 16 33155.97312
7.2000 16 32799.45728
7.3000 16 34529.60768
7.4000 16 37224.448
7.5000 16 35882.27072
7.6000 16 32390.51264
7.7000 16 34445.7216
7.8000 16 34865.152
7.9000 16 35190.21056
8.0000 16 33648.80384
8.1000 16 35095.83872
8.2000 16 28961.66912
8.3000 16 34256.97792
8.4000 16 34340.864
8.5000 16 36542.8736
8.6000 16 31971.08224
8.7000 16 27871.15008
8.8000 16 35368.46848
8.9000 16 37192.99072
9.0000 16 33764.1472
9.1000 16 32631.68512
9.2000 16 33921.4336
9.3000 16 24714.93632
9.4000 16 33753.66144
9.5000 16 34802.23744
9.6000 16 33994.83392
9.7000 16 31509.7088
9.8000 16 33879.49056
9.9000 16 31813.79584
10.0000 16 31289.50784
10.1000 16 35242.63936
10.2000 16 33690.74688
10.3000 16 33365.68832
10.4000 16 33543.94624
10.5000 16 35620.12672
10.6000 16 31866.22464
10.7000 16 33869.0048
10.8000 16 33187.4304
10.9000 16 35127.296
11.0000 16 35651.584
11.1000 16 33313.25952
11.2000 16 35295.06816
11.3000 16 34896.60928
11.4000 16 34582.03648
11.5000 16 35106.32448
11.6000 16 33910.94784
11.7000 16 36354.12992
11.8000 16 35410.41152
11.9000 16 36448.50176
12.0000 16 33040.62976
12.1000 16 27420.2624
12.2000 16 34676.40832
12.3000 16 36867.93216
12.4000 16 37664.84992
12.5000 16 33155.97312
12.6000 16 29947.33056
12.7000 16 36500.93056
12.8000 16 34854.66624
12.9000 16 35536.24064
13.0000 16 35148.26752
13.1000 16 34393.2928
13.2000 16 32327.59808
13.3000 16 35473.32608
13.4000 16 35557.21216
13.5000 16 35798.38464
13.6000 16 33491.51744
13.7000 16 35714.49856
13.8000 16 35221.66784
13.9000 16 35955.67104
14.0000 16 34508.63616
14.1000 16 35148.26752
14.2000 16 35641.09824
14.3000 16 37444.64896
14.4000 16 32977.7152
14.5000 16 35546.7264
14.6000 16 35452.35456
14.7000 16 34047.26272
14.8000 16 33292.288
14.9000 16 37339.79136
15.0000 16 31205.62176
15.1000 16 30796.67712
15.2000 16 34907.09504
15.3000 16 35326.52544
15.4000 16 33889.97632
15.5000 16 35399.92576
15.6000 16 35819.35616
15.7000 16 32411.48416
15.8000 16 36091.98592
15.9000 16 34089.20576
16.0000 16 35829.84192
16.1000 16 36427.53024
16.2000 16 34152.12032
16.3000 16 36867.93216
16.4000 16 33176.94464
16.5000 16 37234.93376
16.6000 16 36039.55712
16.7000 16 32736.54272
16.8000 16 31855.73888
16.9000 16 36668.70272
17.0000 16 33439.08864
17.1000 16 35557.21216
17.2000 16 36532.38784
17.3000 16 37486.592
17.4000 16 32317.11232
17.5000 16 29464.9856
17.6000 16 36637.24544
17.7000 16 36280.7296
17.8000 16 32579.25632
17.9000 16 32411.48416
18.0000 16 35777.41312
18.1000 16 36679.18848
18.2000 16 34928.06656
18.3000 16 34959.52384
18.4000 16 35714.49856
18.5000 16 36500.93056
18.6000 16 33889.97632
18.7000 16 28227.66592
18.8000 16 36846.96064
18.9000 16 36689.67424
19.0000 16 34519.12192
19.1000 16 32799.45728
19.2000 16 37182.50496
19.3000 16 35190.21056
19.4000 16 35032.92416
19.5000 16 34865.152
19.6000 16 36417.04448
19.7000 16 35420.89728
19.8000 16 30733.76256
19.9000 16 30387.73248
20.0000 16 36333.1584
20.1000 16 36071.0144
20.2000 16 37507.56352
20.3000 16 32054.96832
20.4000 16 36794.53184
20.5000 16 36836.47488
20.6000 16 33575.40352
20.7000 16 35357.98272
20.8000 16 36438.016
20.9000 16 35368.46848
21.0000 16 35693.52704
21.1000 16 35169.23904
21.2000 16 36154.90048
21.3000 16 35242.63936
21.4000 16 35221.66784
21.5000 16 33533.46048
21.6000 16 35724.98432
21.7000 16 35158.75328
21.8000 16 32495.37024
21.9000 16 32285.65504
22.0000 16 35274.09664
22.1000 16 37192.99072
22.2000 16 33921.4336
22.3000 16 34152.12032
22.4000 16 36563.84512
22.5000 16 36071.0144
22.6000 16 36291.21536
22.7000 16 33564.91776
22.8000 16 32516.34176
22.9000 16 35672.55552
23.0000 16 36050.04288
23.1000 16 35420.89728
23.2000 16 35662.06976
23.3000 16 37004.24704
23.4000 16 31950.11072
23.5000 16 32359.05536
23.6000 16 36060.52864
23.7000 16 36354.12992
23.8000 16 37119.5904
23.9000 16 34015.80544
24.0000 16 33942.40512
24.1000 16 37287.36256
24.2000 16 36930.84672
24.3000 16 34844.18048
24.4000 16 30817.64864
24.5000 16 29517.4144
24.6000 16 17752.39168
24.7000 16 0.0
