0.1000 16 0.0
0.2000 16 30335.30368
0.3000 16 37507.56352
0.4000 16 37266.39104
0.5000 16 31509.7088
0.6000 16 13274.97216
0.7000 16 24431.8208
0.8000 16 37098.61888
0.9000 16 33942.40512
1.0000 16 29181.87008
1.1000 16 31090.2784
1.2000 16 30083.64544
1.3000 16 34571.55072
1.4000 16 33218.88768
1.5000 16 34477.17888
1.6000 16 29758.58688
1.7000 16 36532.38784
1.8000 16 34592.52224
1.9000 16 34120.66304
2.0000 16 29800.52992
2.1000 16 33827.06176
2.2000 16 36238.78656
2.3000 16 34592.52224
2.4000 16 35672.55552
2.5000 16 32201.76896
2.6000 16 35242.63936
2.7000 16 35955.67104
2.8000 16 35787.89888
2.9000 16 35819.35616
3.0000 16 29737.61536
3.1000 16 32977.7152
3.2000 16 36595.3024
3.3000 16 32663.1424
3.4000 16 32191.2832
3.5000 16 34036.77696
3.6000 16 37109.10464
3.7000 16 30922.50624
3.8000 16 25039.99488
3.9000 16 13516.14464
4.0000 16 11356.07808
4.1000 16 27063.74656
4.2000 16 34215.03488
4.3000 16 32809.94304
4.4000 16 35284.5824
4.5000 16 33900.46208
4.6000 16 34949.03808
4.7000 16 29695.67232
4.8000 16 35462.84032
4.9000 16 33942.40512
5.0000 16 34540.09344
5.1000 16 33795.60448
5.2000 16 34959.52384
5.3000 16 36825.98912
5.4000 16 32872.8576
5.5000 16 30157.04576
5.6000 16 23907.5328
5.7000 16 35882.27072
5.8000 16 35200.69632
5.9000 16 30922.50624
6.0000 16 31981.568
6.1000 16 25312.62464
6.2000 16 17962.10688
6.3000 16 37465.62048
6.4000 16 33009.17248
6.5000 16 29821.50144
6.6000 16 33848.03328
6.7000 16 29475.47136
6.8000 16 34141.63456
6.9000 16 33994.83392
7.0000 16 35305.55392
7.1000 16 36364.61568
7.2000 16 34015.80544
7.3000 16 33386.65984
7.4000 16 35011.95264
7.5000 16 33900.46208
7.6000 16 35127.296
7.7000 16 35766.92736
7.8000 16 34686.89408
7.9000 16 33208.40192
8.0000 16 35966.1568
8.1000 16 34928.06656
8.2000 16 36417.04448
8.3000 16 32023.51104
8.4000 16 35137.78176
8.5000 16 35840.32768
8.6000 16 34582.03648
8.7000 16 32946.25792
8.8000 16 33281.80224
8.9000 16 36406.55872
9.0000 16 34236.0064
9.1000 16 31656.50944
9.2000 16 35253.12512
9.3000 16 36532.38784
9.4000 16 33397.1456
9.5000 16 35337.0112
9.6000 16 35221.66784
9.7000 16 34152.12032
9.8000 16 35064.38144
9.9000 16 36794.53184
10.0000 16 34089.20576
10.1000 16 30649.87648
10.2000 16 35494.2976
10.3000 16 36920.36096
10.4000 16 31813.79584
10.5000 16 31279.02208
10.6000 16 35452.35456
10.7000 16 37423.67744
10.8000 16 35357.98272
10.9000 16 33564.91776
11.0000 16 32589.74208
11.1000 16 36343.64416
11.2000 16 36039.55712
11.3000 16 33994.83392
11.4000 16 30293.36064
11.5000 16 34970.0096
11.6000 16 30440.16128
11.7000 16 34361.83552
11.8000 16 33669.77536
11.9000 16 29611.78624
12.0000 16 37192.99072
12.1000 16 36238.78656
12.2000 16 33166.45888
12.3000 16 31625.05216
12.4000 16 34540.09344
12.5000 16 31593.59488
12.6000 16 35452.35456
12.7000 16 33061.60128
12.8000 16 31635.53792
12.9000 16 34236.0064
13.0000 16 36196.84352
13.1000 16 34718.35136
13.2000 16 32568.77056
13.3000 16 35840.32768
13.4000 16 37046.19008
13.5000 16 33617.34656
13.6000 16 29265.75616
13.7000 16 28343.00928
13.8000 16 36500.93056
13.9000 16 35274.09664
14.0000 16 30534.53312
14.1000 16 28626.1248
14.2000 16 36091.98592
14.3000 16 34131.1488
14.4000 16 35546.7264
14.5000 16 34456.20736
14.6000 16 35798.38464
14.7000 16 30628.90496
14.8000 16 34613.49376
14.9000 16 35399.92576
15.0000 16 34854.66624
15.1000 16 31048.33536
15.2000 16 35064.38144
15.3000 16 35976.64256
15.4000 16 34393.2928
15.5000 16 32054.96832
15.6000 16 34330.37824
15.7000 16 37308.33408
15.8000 16 32914.80064
15.9000 16 33743.17568
16.0000 16 35253.12512
16.1000 16 35745.95584
16.2000 16 34005.31968
16.3000 16 35987.12832
16.4000 16 34760.2944
16.5000 16 32747.02848
16.6000 16 36417.04448
16.7000 16 35011.95264
16.8000 16 35819.35616
16.9000 16 36479.95904
17.0000 16 33827.06176
17.1000 16 34288.4352
17.2000 16 35850.81344
17.3000 16 33271.31648
17.4000 16 36878.41792
17.5000 16 35641.09824
17.6000 16 35064.38144
17.7000 16 33470.54592
17.8000 16 36207.32928
17.9000 16 35808.8704
18.0000 16 35987.12832
18.1000 16 31583.10912
18.2000 16 37161.53344
18.3000 16 37444.64896
18.4000 16 33313.25952
18.5000 16 33407.63136
18.6000 16 36941.33248
18.7000 16 35599.1552
18.8000 16 34309.40672
18.9000 16 32904.31488
19.0000 16 36983.27552
19.1000 16 32380.02688
19.2000 16 29307.6992
19.3000 16 34665.92256
19.4000 16 37245.41952
19.5000 16 35829.84192
19.6000 16 36112.95744
19.7000 16 37140.56192
19.8000 16 35158.75328
19.9000 16 34477.17888
20.0000 16 36280.7296
20.1000 16 35630.61248
20.2000 16 35966.1568
20.3000 16 34089.20576
20.4000 16 35620.12672
20.5000 16 35504.78336
20.6000 16 27808.23552
20.7000 16 30219.96032
20.8000 16 35662.06976
20.9000 16 34990.98112
21.0000 16 35787.89888
21.1000 16 34634.46528
21.2000 16 35179.7248
21.3000 16 36647.7312
21.4000 16 36312.18688
21.5000 16 33585.88928
21.6000 16 35588.66944
21.7000 16 35473.32608
21.8000 16 36805.0176
21.9000 16 34644.95104
22.0000 16 32799.45728
22.1000 16 30932.992
22.2000 16 36951.81824
22.3000 16 36448.50176
22.4000 16 33093.05856
22.5000 16 31121.73568
22.6000 16 37381.7344
22.7000 16 35630.61248
22.8000 16 34907.09504
22.9000 16 36941.33248
23.0000 16 33030.144
23.1000 16 34749.80864
23.2000 16 34865.152
23.3000 16 37203.47648
23.4000 16 35756.4416
23.5000 16 34215.03488
23.6000 16 32128.36864
23.7000 16 36857.4464
23.8000 16 37580.96384
23.9000 16 35284.5824
24.0000 16 33229.37344
24.1000 16 36144.41472
24.2000 16 36301.70112
24.3000 16 34896.60928
24.4000 16 37423.67744
24.5000 16 35431.38304
24.6000 16 33460.06016
24.7000 16 34508.63616
24.8000 16 31593.59488
24.9000 16 7109.34528
