0.1000 16 0.0
0.2000 16 34739.32288
0.3000 16 37559.99232
0.4000 16 36742.10304
0.5000 16 23834.13248
0.6000 16 19891.48672
0.7000 16 32568.77056
0.8000 16 31258.05056
0.9000 16 17070.81728
1.0000 16 36825.98912
1.1000 16 28689.03936
1.2000 16 23970.44736
1.3000 16 31541.16608
1.4000 16 35934.69952
1.5000 16 29852.95872
1.6000 16 32191.2832
1.7000 16 33585.88928
1.8000 16 37392.22016
1.9000 16 33051.11552
2.0000 16 33743.17568
2.1000 16 32442.94144
2.2000 16 33386.65984
2.3000 16 33040.62976
2.4000 16 34697.37984
2.5000 16 32411.48416
2.6000 16 33701.23264
2.7000 16 33260.83072
2.8000 16 34749.80864
2.9000 16 32317.11232
3.0000 16 26885.48864
3.1000 16 33606.8608
3.2000 16 31184.65024
3.3000 16 32275.16928
3.4000 16 34634.46528
3.5000 16 30922.50624
3.6000 16 34382.80704
3.7000 16 35599.1552
3.8000 16 35840.32768
3.9000 16 31792.82432
4.0000 16 32642.17088
4.1000 16 34833.69472
4.2000 16 34089.20576
4.3000 16 33984.34816
4.4000 16 33030.144
4.5000 16 34435.23584
4.6000 16 33984.34816
4.7000 16 36196.84352
4.8000 16 30272.38912
4.9000 16 30744.24832
5.0000 16 34550.5792
5.1000 16 32369.54112
5.2000 16 34183.5776
5.3000 16 33386.65984
5.4000 16 31845.25312
5.5000 16 31320.96512
5.6000 16 27818.72128
5.7000 16 35337.0112
5.8000 16 34875.63776
5.9000 16 32338.08384
6.0000 16 35368.46848
6.1000 16 36322.67264
6.2000 16 30576.47616
6.3000 16 31310.47936
6.4000 16 30807.16288
6.5000 16 33575.40352
6.6000 16 19723.71456
6.7000 16 35441.8688
6.8000 16 31226.59328
6.9000 16 33680.26112
7.0000 16 33753.66144
7.1000 16 34393.2928
7.2000 16 34980.49536
7.3000 16 33617.34656
7.4000 16 29160.89856
7.5000 16 33155.97312
7.6000 16 33827.06176
7.7000 16 35011.95264
7.8000 16 35557.21216
7.9000 16 35483.81184
8.0000 16 30849.10592
8.1000 16 32705.08544
8.2000 16 30356.2752
8.3000 16 36228.3008
8.4000 16 34036.77696
8.5000 16 34529.60768
8.6000 16 27650.94912
8.7000 16 30565.9904
8.8000 16 35483.81184
8.9000 16 32705.08544
9.0000 16 33019.65824
9.1000 16 32505.856
9.2000 16 37077.64736
9.3000 16 33690.74688
9.4000 16 32788.97152
9.5000 16 34728.83712
9.6000 16 33428.60288
9.7000 16 29391.58528
9.8000 16 34665.92256
9.9000 16 33135.0016
10.0000 16 28164.75136
10.1000 16 34340.864
10.2000 16 34078.72
10.3000 16 32977.7152
10.4000 16 35295.06816
10.5000 16 36888.90368
10.6000 16 30985.4208
10.7000 16 27116.17536
10.8000 16 35567.69792
10.9000 16 34571.55072
11.0000 16 37192.99072
11.1000 16 29097.984
11.2000 16 30188.50304
11.3000 16 36060.52864
11.4000 16 36029.07136
11.5000 16 33082.5728
11.6000 16 33910.94784
11.7000 16 34183.5776
11.8000 16 33732.68992
11.9000 16 35892.75648
12.0000 16 32327.59808
12.1000 16 34907.09504
12.2000 16 28678.5536
12.3000 16 31981.568
12.4000 16 36050.04288
12.5000 16 36018.5856
12.6000 16 30765.21984
12.7000 16 31467.76576
12.8000 16 36479.95904
12.9000 16 34728.83712
13.0000 16 35662.06976
13.1000 16 26172.45696
13.2000 16 29894.90176
13.3000 16 26707.23072
13.4000 16 33208.40192
13.5000 16 31887.19616
13.6000 16 35378.95424
13.7000 16 31604.08064
13.8000 16 35158.75328
13.9000 16 34791.75168
14.0000 16 35934.69952
14.1000 16 33009.17248
14.2000 16 34875.63776
14.3000 16 35483.81184
14.4000 16 33806.09024
14.5000 16 33334.23104
14.6000 16 35641.09824
14.7000 16 34844.18048
14.8000 16 36721.13152
14.9000 16 34319.89248
15.0000 16 34361.83552
15.1000 16 32065.45408
15.2000 16 36815.50336
15.3000 16 33879.49056
15.4000 16 32778.48576
15.5000 16 33418.11712
15.6000 16 35578.18368
15.7000 16 34970.0096
15.8000 16 34173.09184
15.9000 16 35976.64256
16.0000 16 35011.95264
16.1000 16 36647.7312
16.2000 16 32788.97152
16.3000 16 34403.77856
16.4000 16 33816.576
16.5000 16 35567.69792
16.6000 16 35137.78176
16.7000 16 35127.296
16.8000 16 34057.74848
16.9000 16 33449.5744
17.0000 16 36186.35776
17.1000 16 33816.576
17.2000 16 35326.52544
17.3000 16 36343.64416
17.4000 16 34718.35136
17.5000 16 33082.5728
17.6000 16 36993.76128
17.7000 16 36112.95744
17.8000 16 34791.75168
17.9000 16 34508.63616
18.0000 16 31520.19456
18.1000 16 37392.22016
18.2000 16 36867.93216
18.3000 16 32359.05536
18.4000 16 35913.728
18.5000 16 36784.04608
18.6000 16 35693.52704
18.7000 16 31992.05376
18.8000 16 32474.39872
18.9000 16 36951.81824
19.0000 16 36417.04448
19.1000 16 33869.0048
19.2000 16 33963.37664
19.3000 16 35578.18368
19.4000 16 36396.07296
19.5000 16 37339.79136
19.6000 16 32170.31168
19.7000 16 34194.06336
19.8000 16 37056.67584
19.9000 16 36354.12992
20.0000 16 34215.03488
20.1000 16 33543.94624
20.2000 16 36710.64576
20.3000 16 35840.32768
20.4000 16 32600.22784
20.5000 16 31939.62496
20.6000 16 34183.5776
20.7000 16 35232.1536
20.8000 16 36249.27232
20.9000 16 34707.8656
21.0000 16 33491.51744
21.1000 16 35515.26912
21.2000 16 36888.90368
21.3000 16 35116.81024
21.4000 16 34057.74848
21.5000 16 36396.07296
21.6000 16 33879.49056
21.7000 16 32243.712
21.8000 16 31499.22304
21.9000 16 36878.41792
22.0000 16 35567.69792
22.1000 16 32495.37024
22.2000 16 32421.96992
22.3000 16 28877.78304
22.4000 16 37476.10624
22.5000 16 36595.3024
22.6000 16 32117.88288
22.7000 16 32547.79904
22.8000 16 34330.37824
22.9000 16 33648.80384
23.0000 16 35808.8704
23.1000 16 37360.76288
23.2000 16 30534.53312
23.3000 16 31226.59328
23.4000 16 34131.1488
23.5000 16 36039.55712
23.6000 16 33690.74688
23.7000 16 35462.84032
23.8000 16 35441.8688
23.9000 16 35053.89568
24.0000 16 33575.40352
24.1000 16 35756.4416
24.2000 16 34865.152
24.3000 16 35745.95584
24.4000 16 34424.75008
24.5000 16 36742.10304
24.6000 16 35179.7248
24.7000 16 34697.37984
24.8000 16 34865.152
24.9000 16 34592.52224
25.0000 16 22229.8112
