0.1000 16 0.0
0.2000 16 18077.45024
0.3000 16 37465.62048
0.4000 16 37192.99072
0.5000 16 34372.32128
0.6000 16 10202.64448
0.7000 16 7182.7456
0.8000 16 20101.20192
0.9000 16 37570.47808
1.0000 16 37507.56352
1.1000 16 33606.8608
1.2000 16 23131.58656
1.3000 16 30545.01888
1.4000 16 35913.728
1.5000 16 35819.35616
1.6000 16 36228.3008
1.7000 16 23467.13088
1.8000 16 28961.66912
1.9000 16 36039.55712
2.0000 16 22198.35392
2.1000 16 13274.97216
2.2000 16 15812.52608
2.3000 16 31436.30848
2.4000 16 31855.73888
2.5000 16 37109.10464
2.6000 16 32159.82592
2.7000 16 22754.0992
2.8000 16 35462.84032
2.9000 16 29244.78464
3.0000 16 29181.87008
3.1000 16 32243.712
3.2000 16 34875.63776
3.3000 16 37224.448
3.4000 16 35871.78496
3.5000 16 36364.61568
3.6000 16 35924.21376
3.7000 16 34844.18048
3.8000 16 24253.56288
3.9000 16 35976.64256
4.0000 16 32327.59808
4.1000 16 35683.04128
4.2000 16 30670.848
4.3000 16 32998.68672
4.4000 16 36584.81664
4.5000 16 27231.51872
4.6000 16 33302.77376
4.7000 16 35536.24064
4.8000 16 30293.36064
4.9000 16 35756.4416
5.0000 16 33019.65824
5.1000 16 35274.09664
5.2000 16 36207.32928
5.3000 16 33816.576
5.4000 16 32390.51264
5.5000 16 33994.83392
5.6000 16 31111.24992
5.7000 16 32621.19936
5.8000 16 34403.77856
5.9000 16 35011.95264
6.0000 16 37004.24704
6.1000 16 33187.4304
6.2000 16 30565.9904
6.3000 16 35389.44
6.4000 16 34351.34976
6.5000 16 36710.64576
6.6000 16 34225.52064
6.7000 16 35032.92416
6.8000 16 30586.96192
6.9000 16 33082.5728
7.0000 16 34529.60768
7.1000 16 34141.63456
7.2000 16 34529.60768
7.3000 16 33732.68992
7.4000 16 34382.80704
7.5000 16 36060.52864
7.6000 16 34896.60928
7.7000 16 32652.65664
7.8000 16 34110.17728
7.9000 16 35829.84192
8.0000 16 34529.60768
8.1000 16 34131.1488
8.2000 16 35861.2992
8.3000 16 33638.31808
8.4000 16 33166.45888
8.5000 16 34141.63456
8.6000 16 32621.19936
8.7000 16 33376.17408
8.8000 16 34970.0096
8.9000 16 33764.1472
9.0000 16 28112.32256
9.1000 16 34603.008
9.2000 16 36930.84672
9.3000 16 35242.63936
9.4000 16 29915.87328
9.5000 16 32128.36864
9.6000 16 36458.98752
9.7000 16 35913.728
9.8000 16 33596.37504
9.9000 16 28133.29408
10.0000 16 35326.52544
10.1000 16 35378.95424
10.2000 16 27609.00608
10.3000 16 31320.96512
10.4000 16 19870.5152
10.5000 16 31394.36544
10.6000 16 35200.69632
10.7000 16 35599.1552
10.8000 16 32013.02528
10.9000 16 30440.16128
11.0000 16 37287.36256
11.1000 16 33879.49056
11.2000 16 33491.51744
11.3000 16 33281.80224
11.4000 16 36008.09984
11.5000 16 29464.9856
11.6000 16 24966.59456
11.7000 16 33145.48736
11.8000 16 33596.37504
11.9000 16 36133.92896
12.0000 16 31079.79264
12.1000 16 35011.95264
12.2000 16 33564.91776
12.3000 16 36175.872
12.4000 16 32400.9984
12.5000 16 33564.91776
12.6000 16 35525.75488
12.7000 16 33554.432
12.8000 16 35787.89888
12.9000 16 32369.54112
13.0000 16 35011.95264
13.1000 16 35536.24064
13.2000 16 36752.5888
13.3000 16 29811.01568
13.4000 16 28311.552
13.5000 16 35850.81344
13.6000 16 36322.67264
13.7000 16 34791.75168
13.8000 16 35735.47008
13.9000 16 33994.83392
14.0000 16 35536.24064
14.1000 16 34403.77856
14.2000 16 36071.0144
14.3000 16 33764.1472
14.4000 16 35966.1568
14.5000 16 35148.26752
14.6000 16 35462.84032
14.7000 16 37004.24704
14.8000 16 33638.31808
14.9000 16 33481.03168
15.0000 16 35903.24224
15.1000 16 36668.70272
15.2000 16 33208.40192
15.3000 16 36217.81504
15.4000 16 35536.24064
15.5000 16 33082.5728
15.6000 16 33564.91776
15.7000 16 36081.50016
15.8000 16 34225.52064
15.9000 16 34036.77696
16.0000 16 34015.80544
16.1000 16 35158.75328
16.2000 16 35263.61088
16.3000 16 34665.92256
16.4000 16 31782.33856
16.5000 16 34267.46368
16.6000 16 31362.90816
16.7000 16 34833.69472
16.8000 16 32809.94304
16.9000 16 34498.1504
17.0000 16 30817.64864
17.1000 16 35662.06976
17.2000 16 33512.48896
17.3000 16 33711.7184
17.4000 16 30440.16128
17.5000 16 35724.98432
17.6000 16 34529.60768
17.7000 16 31216.10752
17.8000 16 34173.09184
17.9000 16 35924.21376
18.0000 16 34875.63776
18.1000 16 33145.48736
18.2000 16 31604.08064
18.3000 16 36186.35776
18.4000 16 36018.5856
18.5000 16 32065.45408
18.6000 16 34886.12352
18.7000 16 34298.92096
18.8000 16 36458.98752
18.9000 16 35735.47008
19.0000 16 33564.91776
19.1000 16 34917.5808
19.2000 16 36081.50016
19.3000 16 35357.98272
19.4000 16 32705.08544
19.5000 16 34204.54912
19.6000 16 35378.95424
19.7000 16 34498.1504
19.8000 16 35987.12832
19.9000 16 31352.4224
20.0000 16 32610.7136
20.1000 16 31729.90976
20.2000 16 35662.06976
20.3000 16 34980.49536
20.4000 16 31027.36384
20.5000 16 35148.26752
20.6000 16 36521.90208
20.7000 16 36217.81504
20.8000 16 34204.54912
20.9000 16 37046.19008
21.0000 16 32013.02528
21.1000 16 34372.32128
21.2000 16 36626.75968
21.3000 16 36112.95744
21.4000 16 34288.4352
21.5000 16 36123.4432
21.6000 16 37192.99072
21.7000 16 35106.32448
21.8000 16 31373.39392
21.9000 16 32442.94144
22.0000 16 36165.38624
22.1000 16 36490.4448
22.2000 16 33575.40352
22.3000 16 35735.47008
22.4000 16 33439.08864
22.5000 16 37559.99232
22.6000 16 34498.1504
22.7000 16 32579.25632
22.8000 16 34592.52224
22.9000 16 37014.7328
23.0000 16 34131.1488
23.1000 16 33376.17408
23.2000 16 33827.06176
23.3000 16 33837.54752
23.4000 16 34519.12192
23.5000 16 36259.75808
23.6000 16 33973.8624
23.7000 16 35494.2976
23.8000 16 37182.50496
23.9000 16 31708.93824
24.0000 16 30020.73088
24.1000 16 36018.5856
24.2000 16 36962.304
24.3000 16 34917.5808
24.4000 16 37234.93376
24.5000 16 34498.1504
24.6000 16 31729.90976
24.7000 16 29653.72928
24.8000 16 36354.12992
24.9000 16 27231.51872
25.0000 16 11901.3376
