0.1000 16 0.0
0.2000 16 34561.06496
0.3000 16 37245.41952
0.4000 16 37434.1632
0.5000 16 24578.62144
0.6000 16 9154.06848
0.7000 16 23666.36032
0.8000 16 34823.20896
0.9000 16 16787.70176
1.0000 16 13369.344
1.1000 16 34246.49216
1.2000 16 21957.18144
1.3000 16 11932.79488
1.4000 16 31551.65184
1.5000 16 37559.99232
1.6000 16 34990.98112
1.7000 16 31048.33536
1.8000 16 34267.46368
1.9000 16 36930.84672
2.0000 16 33743.17568
2.1000 16 33250.34496
2.2000 16 35745.95584
2.3000 16 37297.84832
2.4000 16 33743.17568
2.5000 16 34141.63456
2.6000 16 35095.83872
2.7000 16 34686.89408
2.8000 16 33512.48896
2.9000 16 31845.25312
3.0000 16 37151.04768
3.1000 16 34791.75168
3.2000 16 32694.59968
3.3000 16 35536.24064
3.4000 16 36249.27232
3.5000 16 34718.35136
3.6000 16 27755.80672
3.7000 16 33554.432
3.8000 16 32768.0
3.9000 16 35274.09664
4.0000 16 34340.864
4.1000 16 31509.7088
4.2000 16 32505.856
4.3000 16 36742.10304
4.4000 16 36071.0144
4.5000 16 34498.1504
4.6000 16 32390.51264
4.7000 16 35221.66784
4.8000 16 35295.06816
4.9000 16 34561.06496
5.0000 16 34162.60608
5.1000 16 35525.75488
5.2000 16 34697.37984
5.3000 16 35368.46848
5.4000 16 34865.152
5.5000 16 36354.12992
5.6000 16 35672.55552
5.7000 16 31897.68192
5.8000 16 29936.8448
5.9000 16 20562.57536
6.0000 16 37182.50496
6.1000 16 33082.5728
6.2000 16 31331.45088
6.3000 16 35882.27072
6.4000 16 34414.26432
6.5000 16 33952.89088
6.6000 16 34256.97792
6.7000 16 34319.89248
6.8000 16 36175.872
6.9000 16 36490.4448
7.0000 16 36050.04288
7.1000 16 33963.37664
7.2000 16 28185.72288
7.3000 16 36773.56032
7.4000 16 35924.21376
7.5000 16 33827.06176
7.6000 16 32914.80064
7.7000 16 35850.81344
7.8000 16 35724.98432
7.9000 16 34781.26592
8.0000 16 33774.63296
8.1000 16 34351.34976
8.2000 16 33418.11712
8.3000 16 34970.0096
8.4000 16 36920.36096
8.5000 16 34603.008
8.6000 16 33135.0016
8.7000 16 31121.73568
8.8000 16 37423.67744
8.9000 16 31939.62496
9.0000 16 37119.5904
9.1000 16 32809.94304
9.2000 16 34728.83712
9.3000 16 35032.92416
9.4000 16 33659.2896
9.5000 16 36008.09984
9.6000 16 32956.74368
9.7000 16 32904.31488
9.8000 16 37056.67584
9.9000 16 34015.80544
10.0000 16 31111.24992
10.1000 16 35672.55552
10.2000 16 35420.89728
10.3000 16 36144.41472
10.4000 16 32809.94304
10.5000 16 34089.20576
10.6000 16 29538.38592
10.7000 16 35966.1568
10.8000 16 35410.41152
10.9000 16 32537.31328
11.0000 16 31855.73888
11.1000 16 33522.97472
11.2000 16 35064.38144
11.3000 16 31687.96672
11.4000 16 34886.12352
11.5000 16 34907.09504
11.6000 16 35221.66784
11.7000 16 33344.7168
11.8000 16 35074.8672
11.9000 16 34529.60768
12.0000 16 35106.32448
12.1000 16 31625.05216
12.2000 16 34456.20736
12.3000 16 35945.18528
12.4000 16 34015.80544
12.5000 16 34435.23584
12.6000 16 34697.37984
12.7000 16 35148.26752
12.8000 16 35913.728
12.9000 16 34277.94944
13.0000 16 35389.44
13.1000 16 34603.008
13.2000 16 35756.4416
13.3000 16 35850.81344
13.4000 16 36763.07456
13.5000 16 34865.152
13.6000 16 31090.2784
13.7000 16 33575.40352
13.8000 16 37423.67744
13.9000 16 34728.83712
14.0000 16 34655.4368
14.1000 16 31216.10752
14.2000 16 33942.40512
14.3000 16 34236.0064
14.4000 16 32946.25792
14.5000 16 32128.36864
14.6000 16 36721.13152
14.7000 16 34582.03648
14.8000 16 35473.32608
14.9000 16 34623.97952
15.0000 16 34791.75168
15.1000 16 33732.68992
15.2000 16 35473.32608
15.3000 16 34141.63456
15.4000 16 30985.4208
15.5000 16 36175.872
15.6000 16 36962.304
15.7000 16 35599.1552
15.8000 16 34372.32128
15.9000 16 34990.98112
16.0000 16 37067.1616
16.1000 16 35997.61408
16.2000 16 33470.54592
16.3000 16 36375.10144
16.4000 16 36343.64416
16.5000 16 35483.81184
16.6000 16 31677.48096
16.7000 16 37413.19168
16.8000 16 33281.80224
16.9000 16 33155.97312
17.0000 16 35924.21376
17.1000 16 36867.93216
17.2000 16 33879.49056
17.3000 16 36133.92896
17.4000 16 34487.66464
17.5000 16 32516.34176
17.6000 16 37056.67584
17.7000 16 36846.96064
17.8000 16 35127.296
17.9000 16 31750.88128
18.0000 16 34131.1488
18.1000 16 37245.41952
18.2000 16 35672.55552
18.3000 16 35641.09824
18.4000 16 33543.94624
18.5000 16 34970.0096
18.6000 16 35525.75488
18.7000 16 35766.92736
18.8000 16 34519.12192
18.9000 16 36112.95744
19.0000 16 35557.21216
19.1000 16 35704.0128
19.2000 16 33344.7168
19.3000 16 37402.70592
19.4000 16 35808.8704
19.5000 16 35934.69952
19.6000 16 35001.46688
19.7000 16 34728.83712
19.8000 16 33984.34816
19.9000 16 36679.18848
20.0000 16 33271.31648
20.1000 16 33208.40192
20.2000 16 37140.56192
20.3000 16 36626.75968
20.4000 16 31897.68192
20.5000 16 33135.0016
20.6000 16 36857.4464
20.7000 16 36123.4432
20.8000 16 34865.152
20.9000 16 35357.98272
21.0000 16 34057.74848
21.1000 16 35714.49856
21.2000 16 35148.26752
21.3000 16 36060.52864
21.4000 16 35777.41312
21.5000 16 35032.92416
21.6000 16 36605.78816
21.7000 16 34665.92256
21.8000 16 32610.7136
21.9000 16 35274.09664
22.0000 16 36710.64576
22.1000 16 36050.04288
22.2000 16 33460.06016
22.3000 16 36637.24544
22.4000 16 35861.2992
22.5000 16 36133.92896
22.6000 16 33690.74688
22.7000 16 35588.66944
22.8000 16 36616.27392
22.9000 16 34582.03648
23.0000 16 36752.5888
23.1000 16 34949.03808
23.2000 16 36123.4432
23.3000 16 35116.81024
23.4000 16 36270.24384
23.5000 16 35609.64096
23.6000 16 34540.09344
23.7000 16 36752.5888
23.8000 16 35200.69632
23.9000 16 35316.03968
24.0000 16 34498.1504
24.1000 16 36794.53184
24.2000 16 35043.40992
24.3000 16 35190.21056
24.4000 16 32275.16928
24.5000 16 31268.53632
24.6000 16 22942.84288
24.7000 16 3386.90048
