0.1000 16 0.0
0.2000 16 31698.45248
0.3000 16 31761.36704
0.4000 16 37371.24864
0.5000 16 32296.1408
0.6000 16 15078.52288
0.7000 16 15749.61152
0.8000 16 35966.1568
0.9000 16 37455.13472
1.0000 16 23729.27488
1.1000 16 31855.73888
1.2000 16 25260.19584
1.3000 16 31541.16608
1.4000 16 33533.46048
1.5000 16 36742.10304
1.6000 16 27409.77664
1.7000 16 32558.2848
1.8000 16 24641.536
1.9000 16 35169.23904
2.0000 16 34277.94944
2.1000 16 33984.34816
2.2000 16 36867.93216
2.3000 16 36207.32928
2.4000 16 34131.1488
2.5000 16 35032.92416
2.6000 16 36553.35936
2.7000 16 32327.59808
2.8000 16 25732.05504
2.9000 16 32684.11392
3.0000 16 35924.21376
3.1000 16 35934.69952
3.2000 16 32442.94144
3.3000 16 31687.96672
3.4000 16 35357.98272
3.5000 16 33355.20256
3.6000 16 34477.17888
3.7000 16 36154.90048
3.8000 16 35368.46848
3.9000 16 34550.5792
4.0000 16 35683.04128
4.1000 16 36700.16
4.2000 16 34414.26432
4.3000 16 35305.55392
4.4000 16 29234.29888
4.5000 16 32317.11232
4.6000 16 34162.60608
4.7000 16 35766.92736
4.8000 16 36123.4432
4.9000 16 34634.46528
5.0000 16 34288.4352
5.1000 16 35326.52544
5.2000 16 31090.2784
5.3000 16 35494.2976
5.4000 16 30492.59008
5.5000 16 34372.32128
5.6000 16 25962.74176
5.7000 16 11838.42304
5.8000 16 13358.85824
5.9000 16 31666.9952
6.0000 16 33774.63296
6.1000 16 33323.74528
6.2000 16 33239.8592
6.3000 16 35295.06816
6.4000 16 35200.69632
6.5000 16 32977.7152
6.6000 16 35011.95264
6.7000 16 34089.20576
6.8000 16 35253.12512
6.9000 16 33648.80384
7.0000 16 37297.84832
7.1000 16 32096.91136
7.2000 16 34057.74848
7.3000 16 27850.17856
7.4000 16 37549.50656
7.5000 16 32537.31328
7.6000 16 30912.02048
7.7000 16 35913.728
7.8000 16 36490.4448
7.9000 16 33302.77376
8.0000 16 33848.03328
8.1000 16 37601.93536
8.2000 16 35955.67104
8.3000 16 31677.48096
8.4000 16 29611.78624
8.5000 16 35441.8688
8.6000 16 37130.07616
8.7000 16 33585.88928
8.8000 16 25039.99488
8.9000 16 32736.54272
9.0000 16 36333.1584
9.1000 16 35211.18208
9.2000 16 32558.2848
9.3000 16 29548.87168
9.4000 16 35777.41312
9.5000 16 33334.23104
9.6000 16 34225.52064
9.7000 16 37392.22016
9.8000 16 33879.49056
9.9000 16 34886.12352
10.0000 16 33827.06176
10.1000 16 34623.97952
10.2000 16 33743.17568
10.3000 16 36616.27392
10.4000 16 35274.09664
10.5000 16 31761.36704
10.6000 16 30565.9904
10.7000 16 35882.27072
10.8000 16 35032.92416
10.9000 16 33627.83232
11.0000 16 33522.97472
11.1000 16 33785.11872
11.2000 16 37119.5904
11.3000 16 33774.63296
11.4000 16 32747.02848
11.5000 16 34162.60608
11.6000 16 36658.21696
11.7000 16 34644.95104
11.8000 16 35284.5824
11.9000 16 29496.44288
12.0000 16 32180.79744
12.1000 16 36029.07136
12.2000 16 35578.18368
12.3000 16 33187.4304
12.4000 16 36521.90208
12.5000 16 34603.008
12.6000 16 31666.9952
12.7000 16 32977.7152
12.8000 16 37234.93376
12.9000 16 34896.60928
13.0000 16 33848.03328
13.1000 16 32369.54112
13.2000 16 34340.864
13.3000 16 36458.98752
13.4000 16 34068.23424
13.5000 16 31897.68192
13.6000 16 35924.21376
13.7000 16 36836.47488
13.8000 16 29265.75616
13.9000 16 30104.61696
14.0000 16 36836.47488
14.1000 16 33669.77536
14.2000 16 32935.77216
14.3000 16 34938.55232
14.4000 16 35127.296
14.5000 16 34875.63776
14.6000 16 31551.65184
14.7000 16 35420.89728
14.8000 16 35305.55392
14.9000 16 35158.75328
15.0000 16 31268.53632
15.1000 16 30712.79104
15.2000 16 36563.84512
15.3000 16 36846.96064
15.4000 16 33103.54432
15.5000 16 31100.76416
15.6000 16 34634.46528
15.7000 16 35043.40992
15.8000 16 34844.18048
15.9000 16 31939.62496
16.0000 16 34550.5792
16.1000 16 34424.75008
16.2000 16 34644.95104
16.3000 16 35672.55552
16.4000 16 35934.69952
16.5000 16 36060.52864
16.6000 16 34634.46528
16.7000 16 34215.03488
16.8000 16 33093.05856
16.9000 16 35966.1568
17.0000 16 36291.21536
17.1000 16 33931.91936
17.2000 16 34970.0096
17.3000 16 35525.75488
17.4000 16 35504.78336
17.5000 16 31845.25312
17.6000 16 31320.96512
17.7000 16 36133.92896
17.8000 16 36972.78976
17.9000 16 34204.54912
18.0000 16 34078.72
18.1000 16 35871.78496
18.2000 16 35253.12512
18.3000 16 33942.40512
18.4000 16 32715.5712
18.5000 16 36909.8752
18.6000 16 36385.5872
18.7000 16 32935.77216
18.8000 16 34739.32288
18.9000 16 37559.99232
19.0000 16 36595.3024
19.1000 16 32830.91456
19.2000 16 34288.4352
19.3000 16 35515.26912
19.4000 16 34508.63616
19.5000 16 32013.02528
19.6000 16 35578.18368
19.7000 16 36186.35776
19.8000 16 34980.49536
19.9000 16 34330.37824
20.0000 16 35127.296
20.1000 16 33921.4336
20.2000 16 36364.61568
20.3000 16 35578.18368
20.4000 16 30345.78944
20.5000 16 34655.4368
20.6000 16 36500.93056
20.7000 16 32579.25632
20.8000 16 34529.60768
20.9000 16 36469.47328
21.0000 16 30408.704
21.1000 16 34959.52384
21.2000 16 37067.1616
21.3000 16 33030.144
21.4000 16 33271.31648
21.5000 16 34162.60608
21.6000 16 37455.13472
21.7000 16 35378.95424
21.8000 16 33858.51904
21.9000 16 34445.7216
22.0000 16 36312.18688
22.1000 16 35924.21376
22.2000 16 33323.74528
22.3000 16 36396.07296
22.4000 16 34498.1504
22.5000 16 33963.37664
22.6000 16 35525.75488
22.7000 16 35347.49696
22.8000 16 32128.36864
22.9000 16 34215.03488
23.0000 16 36668.70272
23.1000 16 34361.83552
23.2000 16 32170.31168
23.3000 16 37465.62048
23.4000 16 33785.11872
23.5000 16 30922.50624
23.6000 16 36658.21696
23.7000 16 37664.84992
23.8000 16 34592.52224
23.9000 16 27200.06144
24.0000 16 30691.81952
24.1000 16 37046.19008
24.2000 16 34424.75008
24.3000 16 37224.448
24.4000 16 33239.8592
24.5000 16 36637.24544
24.6000 16 36301.70112
24.7000 16 34036.77696
24.8000 16 33481.03168
24.9000 16 14963.17952
25.0000 16 1562.37824
