0.1000 16 0.0
0.2000 16 33323.74528
0.3000 16 37434.1632
0.4000 16 37360.76288
0.5000 16 27598.52032
0.6000 16 13243.51488
0.7000 16 30482.10432
0.8000 16 37559.99232
0.9000 16 36563.84512
1.0000 16 30010.24512
1.1000 16 29475.47136
1.2000 16 29999.75936
1.3000 16 14795.40736
1.4000 16 34298.92096
1.5000 16 32568.77056
1.6000 16 28301.06624
1.7000 16 33617.34656
1.8000 16 30513.5616
1.9000 16 34644.95104
2.0000 16 31677.48096
2.1000 16 33827.06176
2.2000 16 29464.9856
2.3000 16 31583.10912
2.4000 16 36280.7296
2.5000 16 35337.0112
2.6000 16 27808.23552
2.7000 16 32442.94144
2.8000 16 36846.96064
2.9000 16 34236.0064
3.0000 16 34791.75168
3.1000 16 29475.47136
3.2000 16 29748.10112
3.3000 16 12415.13984
3.4000 16 32359.05536
3.5000 16 33942.40512
3.6000 16 33491.51744
3.7000 16 33606.8608
3.8000 16 26172.45696
3.9000 16 35053.89568
4.0000 16 32589.74208
4.1000 16 33208.40192
4.2000 16 34267.46368
4.3000 16 37360.76288
4.4000 16 33669.77536
4.5000 16 27147.63264
4.6000 16 29821.50144
4.7000 16 37245.41952
4.8000 16 35808.8704
4.9000 16 34980.49536
5.0000 16 32642.17088
5.1000 16 33449.5744
5.2000 16 36291.21536
5.3000 16 32065.45408
5.4000 16 32191.2832
5.5000 16 35263.61088
5.6000 16 36018.5856
5.7000 16 31331.45088
5.8000 16 26895.9744
5.9000 16 29349.64224
6.0000 16 35903.24224
6.1000 16 20824.71936
6.2000 16 19325.25568
6.3000 16 35263.61088
6.4000 16 29265.75616
6.5000 16 31876.7104
6.6000 16 34550.5792
6.7000 16 33460.06016
6.8000 16 32233.22624
6.9000 16 27399.29088
7.0000 16 31813.79584
7.1000 16 37476.10624
7.2000 16 37172.0192
7.3000 16 31383.87968
7.4000 16 32684.11392
7.5000 16 23970.44736
7.6000 16 32673.62816
7.7000 16 30555.50464
7.8000 16 35116.81024
7.9000 16 34603.008
8.0000 16 32285.65504
8.1000 16 35955.67104
8.2000 16 34875.63776
8.3000 16 34623.97952
8.4000 16 34655.4368
8.5000 16 34592.52224
8.6000 16 36731.61728
8.7000 16 35064.38144
8.8000 16 30880.5632
8.9000 16 33848.03328
9.0000 16 35462.84032
9.1000 16 35305.55392
9.2000 16 35630.61248
9.3000 16 35221.66784
9.4000 16 35032.92416
9.5000 16 33669.77536
9.6000 16 33617.34656
9.7000 16 31268.53632
9.8000 16 31237.07904
9.9000 16 35462.84032
10.0000 16 35997.61408
10.1000 16 35053.89568
10.2000 16 22009.61024
10.3000 16 26015.17056
10.4000 16 34592.52224
10.5000 16 34498.1504
10.6000 16 37161.53344
10.7000 16 33051.11552
10.8000 16 32086.4256
10.9000 16 36794.53184
11.0000 16 33376.17408
11.1000 16 36888.90368
11.2000 16 34498.1504
11.3000 16 34676.40832
11.4000 16 35263.61088
11.5000 16 32023.51104
11.6000 16 34015.80544
11.7000 16 34351.34976
11.8000 16 35064.38144
11.9000 16 34057.74848
12.0000 16 36228.3008
12.1000 16 37392.22016
12.2000 16 34256.97792
12.3000 16 31520.19456
12.4000 16 29863.44448
12.5000 16 37004.24704
12.6000 16 35683.04128
12.7000 16 35095.83872
12.8000 16 34288.4352
12.9000 16 35326.52544
13.0000 16 30073.15968
13.1000 16 29978.78784
13.2000 16 33533.46048
13.3000 16 34498.1504
13.4000 16 35085.35296
13.5000 16 35966.1568
13.6000 16 32956.74368
13.7000 16 35127.296
13.8000 16 36301.70112
13.9000 16 34928.06656
14.0000 16 35829.84192
14.1000 16 35546.7264
14.2000 16 36354.12992
14.3000 16 34152.12032
14.4000 16 34592.52224
14.5000 16 36154.90048
14.6000 16 35871.78496
14.7000 16 32380.02688
14.8000 16 33271.31648
14.9000 16 34634.46528
15.0000 16 36983.27552
15.1000 16 32369.54112
15.2000 16 35158.75328
15.3000 16 37067.1616
15.4000 16 36207.32928
15.5000 16 34938.55232
15.6000 16 33522.97472
15.7000 16 32484.88448
15.8000 16 36553.35936
15.9000 16 33135.0016
16.0000 16 35704.0128
16.1000 16 32736.54272
16.2000 16 34078.72
16.3000 16 34644.95104
16.4000 16 34550.5792
16.5000 16 36710.64576
16.6000 16 34403.77856
16.7000 16 35651.584
16.8000 16 36469.47328
16.9000 16 36029.07136
17.0000 16 35483.81184
17.1000 16 33281.80224
17.2000 16 37130.07616
17.3000 16 35787.89888
17.4000 16 33313.25952
17.5000 16 35221.66784
17.6000 16 36584.81664
17.7000 16 34361.83552
17.8000 16 36280.7296
17.9000 16 35955.67104
18.0000 16 35316.03968
18.1000 16 35473.32608
18.2000 16 35714.49856
18.3000 16 35662.06976
18.4000 16 33061.60128
18.5000 16 34424.75008
18.6000 16 36605.78816
18.7000 16 33827.06176
18.8000 16 35987.12832
18.9000 16 35242.63936
19.0000 16 36511.41632
19.1000 16 35536.24064
19.2000 16 34277.94944
19.3000 16 35546.7264
19.4000 16 36773.56032
19.5000 16 37528.53504
19.6000 16 34152.12032
19.7000 16 33711.7184
19.8000 16 36805.0176
19.9000 16 36731.61728
20.0000 16 36060.52864
20.1000 16 32075.93984
20.2000 16 30419.18976
20.3000 16 34131.1488
20.4000 16 34540.09344
20.5000 16 34131.1488
20.6000 16 37182.50496
20.7000 16 34770.78016
20.8000 16 34445.7216
20.9000 16 36112.95744
21.0000 16 34917.5808
21.1000 16 36396.07296
21.2000 16 33722.20416
21.3000 16 33627.83232
21.4000 16 35295.06816
21.5000 16 35724.98432
21.6000 16 34183.5776
21.7000 16 35588.66944
21.8000 16 36427.53024
21.9000 16 32946.25792
22.0000 16 35462.84032
22.1000 16 31614.5664
22.2000 16 32872.8576
22.3000 16 33837.54752
22.4000 16 34330.37824
22.5000 16 35735.47008
22.6000 16 34686.89408
22.7000 16 36291.21536
22.8000 16 37130.07616
22.9000 16 36899.38944
23.0000 16 35599.1552
23.1000 16 36679.18848
23.2000 16 36060.52864
23.3000 16 32862.37184
23.4000 16 36878.41792
23.5000 16 36259.75808
23.6000 16 34078.72
23.7000 16 34225.52064
23.8000 16 36888.90368
23.9000 16 36186.35776
24.0000 16 34603.008
24.1000 16 37360.76288
24.2000 16 32243.712
24.3000 16 34865.152
24.4000 16 36133.92896
24.5000 16 37297.84832
24.6000 16 33376.17408
24.7000 16 32935.77216
24.8000 16 33344.7168
24.9000 16 20667.43296
25.0000 16 314.5728
