0.1000 16 0.0
0.2000 16 31006.39232
0.3000 16 37465.62048
0.4000 16 37297.84832
0.5000 16 27850.17856
0.6000 16 11785.99424
0.7000 16 28154.2656
0.8000 16 35882.27072
0.9000 16 34844.18048
1.0000 16 35515.26912
1.1000 16 28405.92384
1.2000 16 30188.50304
1.3000 16 36354.12992
1.4000 16 36259.75808
1.5000 16 32526.82752
1.6000 16 34655.4368
1.7000 16 31048.33536
1.8000 16 36207.32928
1.9000 16 33711.7184
2.0000 16 35850.81344
2.1000 16 35337.0112
2.2000 16 36679.18848
2.3000 16 34173.09184
2.4000 16 36270.24384
2.5000 16 32956.74368
2.6000 16 31614.5664
2.7000 16 35337.0112
2.8000 16 36259.75808
2.9000 16 32264.68352
3.0000 16 37507.56352
3.1000 16 33082.5728
3.2000 16 31677.48096
3.3000 16 31373.39392
3.4000 16 33575.40352
3.5000 16 34550.5792
3.6000 16 34896.60928
3.7000 16 33176.94464
3.8000 16 32642.17088
3.9000 16 35557.21216
4.0000 16 37497.07776
4.1000 16 33858.51904
4.2000 16 29297.21344
4.3000 16 33722.20416
4.4000 16 37507.56352
4.5000 16 35651.584
4.6000 16 34120.66304
4.7000 16 35745.95584
4.8000 16 32893.82912
4.9000 16 36595.3024
5.0000 16 35766.92736
5.1000 16 32086.4256
5.2000 16 33690.74688
5.3000 16 34823.20896
5.4000 16 34571.55072
5.5000 16 37434.1632
5.6000 16 35137.78176
5.7000 16 32914.80064
5.8000 16 34749.80864
5.9000 16 27179.08992
6.0000 16 18979.2256
6.1000 16 33585.88928
6.2000 16 34183.5776
6.3000 16 29066.52672
6.4000 16 36553.35936
6.5000 16 26130.51392
6.6000 16 35326.52544
6.7000 16 33931.91936
6.8000 16 20782.77632
6.9000 16 31782.33856
7.0000 16 35074.8672
7.1000 16 32338.08384
7.2000 16 35295.06816
7.3000 16 34246.49216
7.4000 16 36500.93056
7.5000 16 35420.89728
7.6000 16 34131.1488
7.7000 16 35190.21056
7.8000 16 35410.41152
7.9000 16 35032.92416
8.0000 16 35609.64096
8.1000 16 31635.53792
8.2000 16 25543.31136
8.3000 16 35074.8672
8.4000 16 32851.88608
8.5000 16 33365.68832
8.6000 16 28049.408
8.7000 16 35211.18208
8.8000 16 33376.17408
8.9000 16 35861.2992
9.0000 16 35483.81184
9.1000 16 34456.20736
9.2000 16 35808.8704
9.3000 16 35389.44
9.4000 16 33292.288
9.5000 16 33093.05856
9.6000 16 36563.84512
9.7000 16 34435.23584
9.8000 16 35620.12672
9.9000 16 33795.60448
10.0000 16 34424.75008
10.1000 16 33575.40352
10.2000 16 35106.32448
10.3000 16 32967.22944
10.4000 16 33837.54752
10.5000 16 32768.0
10.6000 16 34372.32128
10.7000 16 35305.55392
10.8000 16 34173.09184
10.9000 16 34131.1488
11.0000 16 32327.59808
11.1000 16 35274.09664
11.2000 16 35232.1536
11.3000 16 35861.2992
11.4000 16 34697.37984
11.5000 16 35368.46848
11.6000 16 35295.06816
11.7000 16 34498.1504
11.8000 16 36637.24544
11.9000 16 37601.93536
12.0000 16 31373.39392
12.1000 16 31373.39392
12.2000 16 37119.5904
12.3000 16 35567.69792
12.4000 16 35714.49856
12.5000 16 32180.79744
12.6000 16 37234.93376
12.7000 16 33009.17248
12.8000 16 34603.008
12.9000 16 36165.38624
13.0000 16 34393.2928
13.1000 16 34812.7232
13.2000 16 35043.40992
13.3000 16 36721.13152
13.4000 16 33816.576
13.5000 16 36448.50176
13.6000 16 37350.27712
13.7000 16 31404.8512
13.8000 16 33931.91936
13.9000 16 34582.03648
14.0000 16 36878.41792
14.1000 16 34644.95104
14.2000 16 33785.11872
14.3000 16 36584.81664
14.4000 16 35934.69952
14.5000 16 32327.59808
14.6000 16 32799.45728
14.7000 16 36815.50336
14.8000 16 35274.09664
14.9000 16 32348.5696
15.0000 16 36228.3008
15.1000 16 36228.3008
15.2000 16 35955.67104
15.3000 16 35452.35456
15.4000 16 34665.92256
15.5000 16 34707.8656
15.6000 16 36186.35776
15.7000 16 35966.1568
15.8000 16 34110.17728
15.9000 16 35190.21056
16.0000 16 35808.8704
16.1000 16 36679.18848
16.2000 16 34309.40672
16.3000 16 36637.24544
16.4000 16 30272.38912
16.5000 16 32799.45728
16.6000 16 35630.61248
16.7000 16 36039.55712
16.8000 16 33564.91776
16.9000 16 31027.36384
17.0000 16 35326.52544
17.1000 16 37444.64896
17.2000 16 34340.864
17.3000 16 34896.60928
17.4000 16 31216.10752
17.5000 16 33973.8624
17.6000 16 37350.27712
17.7000 16 35641.09824
17.8000 16 35515.26912
17.9000 16 34812.7232
18.0000 16 36217.81504
18.1000 16 35053.89568
18.2000 16 36186.35776
18.3000 16 36249.27232
18.4000 16 30482.10432
18.5000 16 32935.77216
18.6000 16 36039.55712
18.7000 16 35378.95424
18.8000 16 33910.94784
18.9000 16 36071.0144
19.0000 16 33019.65824
19.1000 16 34823.20896
19.2000 16 35232.1536
19.3000 16 35504.78336
19.4000 16 35399.92576
19.5000 16 35850.81344
19.6000 16 35955.67104
19.7000 16 35609.64096
19.8000 16 35211.18208
19.9000 16 35903.24224
20.0000 16 37077.64736
20.1000 16 33931.91936
20.2000 16 33187.4304
20.3000 16 35274.09664
20.4000 16 37633.39264
20.5000 16 31593.59488
20.6000 16 32212.25472
20.7000 16 33795.60448
20.8000 16 37234.93376
20.9000 16 35672.55552
21.0000 16 34823.20896
21.1000 16 35766.92736
21.2000 16 35672.55552
21.3000 16 34592.52224
21.4000 16 35494.2976
21.5000 16 35913.728
21.6000 16 36867.93216
21.7000 16 34078.72
21.8000 16 32285.65504
21.9000 16 36018.5856
22.0000 16 37622.90688
22.1000 16 36071.0144
22.2000 16 32075.93984
22.3000 16 31845.25312
22.4000 16 36322.67264
22.5000 16 36081.50016
22.6000 16 33187.4304
22.7000 16 32589.74208
22.8000 16 31771.8528
22.9000 16 35378.95424
23.0000 16 36343.64416
23.1000 16 33218.88768
23.2000 16 32516.34176
23.3000 16 36532.38784
23.4000 16 36259.75808
23.5000 16 34686.89408
23.6000 16 37025.21856
23.7000 16 35546.7264
23.8000 16 34319.89248
23.9000 16 34928.06656
24.0000 16 37444.64896
24.1000 16 36406.55872
24.2000 16 34183.5776
24.3000 16 36920.36096
24.4000 16 33900.46208
24.5000 16 24966.59456
24.6000 16 1352.66304
