0.1000 16 0.0
0.2000 16 28825.35424
0.3000 16 37539.0208
0.4000 16 37381.7344
0.5000 16 29286.72768
0.6000 16 11051.99104
0.7000 16 24473.76384
0.8000 16 36983.27552
0.9000 16 35253.12512
1.0000 16 33848.03328
1.1000 16 25218.2528
1.2000 16 29831.9872
1.3000 16 37224.448
1.4000 16 35819.35616
1.5000 16 32075.93984
1.6000 16 34319.89248
1.7000 16 36458.98752
1.8000 16 33963.37664
1.9000 16 34173.09184
2.0000 16 35179.7248
2.1000 16 34089.20576
2.2000 16 34099.69152
2.3000 16 34938.55232
2.4000 16 32243.712
2.5000 16 17112.76032
2.6000 16 13075.74272
2.7000 16 33176.94464
2.8000 16 34047.26272
2.9000 16 34634.46528
3.0000 16 34372.32128
3.1000 16 35850.81344
3.2000 16 36102.47168
3.3000 16 33376.17408
3.4000 16 36857.4464
3.5000 16 35599.1552
3.6000 16 36207.32928
3.7000 16 32170.31168
3.8000 16 32400.9984
3.9000 16 35095.83872
4.0000 16 36805.0176
4.1000 16 34540.09344
4.2000 16 34298.92096
4.3000 16 35462.84032
4.4000 16 37360.76288
4.5000 16 32432.45568
4.6000 16 32851.88608
4.7000 16 33973.8624
4.8000 16 34393.2928
4.9000 16 35064.38144
5.0000 16 33827.06176
5.1000 16 31163.67872
5.2000 16 31268.53632
5.3000 16 34823.20896
5.4000 16 22470.98368
5.5000 16 31992.05376
5.6000 16 35284.5824
5.7000 16 31016.87808
5.8000 16 35578.18368
5.9000 16 36763.07456
6.0000 16 36417.04448
6.1000 16 36333.1584
6.2000 16 31761.36704
6.3000 16 31037.8496
6.4000 16 36175.872
6.5000 16 34959.52384
6.6000 16 35662.06976
6.7000 16 35095.83872
6.8000 16 33764.1472
6.9000 16 36553.35936
7.0000 16 34340.864
7.1000 16 33376.17408
7.2000 16 36364.61568
7.3000 16 35693.52704
7.4000 16 31929.1392
7.5000 16 34319.89248
7.6000 16 35504.78336
7.7000 16 36112.95744
7.8000 16 34823.20896
7.9000 16 31457.28
8.0000 16 32327.59808
8.1000 16 35095.83872
8.2000 16 34277.94944
8.3000 16 35567.69792
8.4000 16 33460.06016
8.5000 16 34896.60928
8.6000 16 34718.35136
8.7000 16 35724.98432
8.8000 16 35284.5824
8.9000 16 34424.75008
9.0000 16 34487.66464
9.1000 16 32715.5712
9.2000 16 35787.89888
9.3000 16 34655.4368
9.4000 16 35190.21056
9.5000 16 34582.03648
9.6000 16 35861.2992
9.7000 16 30209.47456
9.8000 16 33921.4336
9.9000 16 29664.21504
10.0000 16 32128.36864
10.1000 16 33984.34816
10.2000 16 32264.68352
10.3000 16 32013.02528
10.4000 16 34382.80704
10.5000 16 32631.68512
10.6000 16 35284.5824
10.7000 16 34424.75008
10.8000 16 34571.55072
10.9000 16 34089.20576
11.0000 16 31981.568
11.1000 16 33722.20416
11.2000 16 36133.92896
11.3000 16 34089.20576
11.4000 16 34340.864
11.5000 16 35200.69632
11.6000 16 35976.64256
11.7000 16 35316.03968
11.8000 16 34739.32288
11.9000 16 34990.98112
12.0000 16 32841.40032
12.1000 16 33491.51744
12.2000 16 33732.68992
12.3000 16 33543.94624
12.4000 16 36825.98912
12.5000 16 34634.46528
12.6000 16 31048.33536
12.7000 16 34833.69472
12.8000 16 35997.61408
12.9000 16 33690.74688
13.0000 16 36448.50176
13.1000 16 35473.32608
13.2000 16 29989.2736
13.3000 16 28856.81152
13.4000 16 35179.7248
13.5000 16 37580.96384
13.6000 16 34833.69472
13.7000 16 34582.03648
13.8000 16 31048.33536
13.9000 16 35263.61088
14.0000 16 35924.21376
14.1000 16 35882.27072
14.2000 16 33418.11712
14.3000 16 33418.11712
14.4000 16 34152.12032
14.5000 16 36815.50336
14.6000 16 34623.97952
14.7000 16 31771.8528
14.8000 16 35200.69632
14.9000 16 35368.46848
15.0000 16 36333.1584
15.1000 16 34236.0064
15.2000 16 34340.864
15.3000 16 34194.06336
15.4000 16 33659.2896
15.5000 16 36322.67264
15.6000 16 36144.41472
15.7000 16 33302.77376
15.8000 16 33176.94464
15.9000 16 36605.78816
16.0000 16 36060.52864
16.1000 16 33449.5744
16.2000 16 34141.63456
16.3000 16 35588.66944
16.4000 16 35693.52704
16.5000 16 33659.2896
16.6000 16 29360.128
16.7000 16 35253.12512
16.8000 16 35861.2992
16.9000 16 33910.94784
17.0000 16 33910.94784
17.1000 16 35515.26912
17.2000 16 35966.1568
17.3000 16 34896.60928
17.4000 16 33093.05856
17.5000 16 34351.34976
17.6000 16 36805.0176
17.7000 16 34802.23744
17.8000 16 31467.76576
17.9000 16 35693.52704
18.0000 16 34487.66464
18.1000 16 34403.77856
18.2000 16 29758.58688
18.3000 16 34057.74848
18.4000 16 36731.61728
18.5000 16 34749.80864
18.6000 16 34949.03808
18.7000 16 31897.68192
18.8000 16 36888.90368
18.9000 16 35389.44
19.0000 16 33848.03328
19.1000 16 29811.01568
19.2000 16 35724.98432
19.3000 16 35148.26752
19.4000 16 33806.09024
19.5000 16 34886.12352
19.6000 16 35179.7248
19.7000 16 22712.15616
19.8000 16 32830.91456
19.9000 16 34141.63456
20.0000 16 35326.52544
20.1000 16 35976.64256
20.2000 16 34131.1488
20.3000 16 33355.20256
20.4000 16 36322.67264
20.5000 16 34875.63776
20.6000 16 35829.84192
20.7000 16 32233.22624
20.8000 16 35651.584
20.9000 16 35368.46848
21.0000 16 28804.38272
21.1000 16 35095.83872
21.2000 16 34844.18048
21.3000 16 34141.63456
21.4000 16 35620.12672
21.5000 16 33176.94464
21.6000 16 33428.60288
21.7000 16 34099.69152
21.8000 16 36217.81504
21.9000 16 33764.1472
22.0000 16 30733.76256
22.1000 16 35693.52704
22.2000 16 37381.7344
22.3000 16 35085.35296
22.4000 16 32306.62656
22.5000 16 36123.4432
22.6000 16 36364.61568
22.7000 16 35127.296
22.8000 16 33155.97312
22.9000 16 36008.09984
23.0000 16 35704.0128
23.1000 16 35620.12672
23.2000 16 34980.49536
23.3000 16 33407.63136
23.4000 16 35766.92736
23.5000 16 34550.5792
23.6000 16 36280.7296
23.7000 16 35987.12832
23.8000 16 33806.09024
23.9000 16 35263.61088
24.0000 16 33931.91936
24.1000 16 34582.03648
24.2000 16 35326.52544
24.3000 16 36637.24544
24.4000 16 34298.92096
24.5000 16 31761.36704
24.6000 16 36196.84352
24.7000 16 30461.1328
24.8000 16 9112.12544
