0.1000 16 0.0
0.2000 16 34928.06656
0.3000 16 37402.70592
0.4000 16 36941.33248
0.5000 16 27955.03616
0.6000 16 22355.64032
0.7000 16 33554.432
0.8000 16 34896.60928
0.9000 16 34340.864
1.0000 16 33187.4304
1.1000 16 31834.76736
1.2000 16 34340.864
1.3000 16 32306.62656
1.4000 16 31006.39232
1.5000 16 30188.50304
1.6000 16 29685.18656
1.7000 16 37434.1632
1.8000 16 37318.81984
1.9000 16 35410.41152
2.0000 16 24631.05024
2.1000 16 29769.07264
2.2000 16 37591.4496
2.3000 16 36448.50176
2.4000 16 24473.76384
2.5000 16 32002.53952
2.6000 16 33848.03328
2.7000 16 37245.41952
2.8000 16 34928.06656
2.9000 16 32222.74048
3.0000 16 30272.38912
3.1000 16 36490.4448
3.2000 16 36584.81664
3.3000 16 34791.75168
3.4000 16 30429.67552
3.5000 16 30545.01888
3.6000 16 28542.23872
3.7000 16 34026.2912
3.8000 16 25973.22752
3.9000 16 34361.83552
4.0000 16 33837.54752
4.1000 16 33994.83392
4.2000 16 35609.64096
4.3000 16 36364.61568
4.4000 16 33491.51744
4.5000 16 32935.77216
4.6000 16 29894.90176
4.7000 16 24641.536
4.8000 16 34445.7216
4.9000 16 34728.83712
5.0000 16 33984.34816
5.1000 16 36469.47328
5.2000 16 34309.40672
5.3000 16 31069.30688
5.4000 16 35567.69792
5.5000 16 37025.21856
5.6000 16 32400.9984
5.7000 16 33355.20256
5.8000 16 32956.74368
5.9000 16 34236.0064
6.0000 16 34372.32128
6.1000 16 35284.5824
6.2000 16 32400.9984
6.3000 16 32505.856
6.4000 16 29423.04256
6.5000 16 36396.07296
6.6000 16 33680.26112
6.7000 16 31069.30688
6.8000 16 31289.50784
6.9000 16 29360.128
7.0000 16 33051.11552
7.1000 16 34770.78016
7.2000 16 34665.92256
7.3000 16 29894.90176
7.4000 16 34812.7232
7.5000 16 33973.8624
7.6000 16 33145.48736
7.7000 16 32516.34176
7.8000 16 35777.41312
7.9000 16 32935.77216
8.0000 16 35483.81184
8.1000 16 34561.06496
8.2000 16 35599.1552
8.3000 16 31310.47936
8.4000 16 35588.66944
8.5000 16 36249.27232
8.6000 16 31824.2816
8.7000 16 30293.36064
8.8000 16 35420.89728
8.9000 16 36018.5856
9.0000 16 34141.63456
9.1000 16 33774.63296
9.2000 16 34215.03488
9.3000 16 34970.0096
9.4000 16 34372.32128
9.5000 16 34403.77856
9.6000 16 35452.35456
9.7000 16 36207.32928
9.8000 16 34707.8656
9.9000 16 33386.65984
10.0000 16 35735.47008
10.1000 16 35515.26912
10.2000 16 33952.89088
10.3000 16 33051.11552
10.4000 16 35525.75488
10.5000 16 34550.5792
10.6000 16 36238.78656
10.7000 16 32736.54272
10.8000 16 34047.26272
10.9000 16 35221.66784
11.0000 16 33386.65984
11.1000 16 30639.39072
11.2000 16 30419.18976
11.3000 16 25585.2544
11.4000 16 34267.46368
11.5000 16 36658.21696
11.6000 16 34791.75168
11.7000 16 34728.83712
11.8000 16 36700.16
11.9000 16 33753.66144
12.0000 16 34749.80864
12.1000 16 35693.52704
12.2000 16 34435.23584
12.3000 16 35924.21376
12.4000 16 35053.89568
12.5000 16 34718.35136
12.6000 16 33418.11712
12.7000 16 33879.49056
12.8000 16 35557.21216
12.9000 16 35221.66784
13.0000 16 35148.26752
13.1000 16 36563.84512
13.2000 16 32673.62816
13.3000 16 35378.95424
13.4000 16 35378.95424
13.5000 16 35599.1552
13.6000 16 36700.16
13.7000 16 33176.94464
13.8000 16 34865.152
13.9000 16 35567.69792
14.0000 16 36605.78816
14.1000 16 34152.12032
14.2000 16 35756.4416
14.3000 16 34298.92096
14.4000 16 34015.80544
14.5000 16 36532.38784
14.6000 16 35777.41312
14.7000 16 30670.848
14.8000 16 32820.4288
14.9000 16 36490.4448
15.0000 16 35116.81024
15.1000 16 35179.7248
15.2000 16 35305.55392
15.3000 16 35085.35296
15.4000 16 34424.75008
15.5000 16 33732.68992
15.6000 16 34403.77856
15.7000 16 36133.92896
15.8000 16 35326.52544
15.9000 16 36658.21696
16.0000 16 34267.46368
16.1000 16 34015.80544
16.2000 16 36909.8752
16.3000 16 36836.47488
16.4000 16 34183.5776
16.5000 16 34613.49376
16.6000 16 34047.26272
16.7000 16 34760.2944
16.8000 16 32914.80064
16.9000 16 34099.69152
17.0000 16 28584.18176
17.1000 16 29454.49984
17.2000 16 37140.56192
17.3000 16 35704.0128
17.4000 16 34078.72
17.5000 16 37266.39104
17.6000 16 33575.40352
17.7000 16 34120.66304
17.8000 16 35242.63936
17.9000 16 36846.96064
18.0000 16 34603.008
18.1000 16 32474.39872
18.2000 16 36259.75808
18.3000 16 37151.04768
18.4000 16 34603.008
18.5000 16 33418.11712
18.6000 16 37392.22016
18.7000 16 36794.53184
18.8000 16 32610.7136
18.9000 16 35357.98272
19.0000 16 37025.21856
19.1000 16 32830.91456
19.2000 16 28395.43808
19.3000 16 36972.78976
19.4000 16 36018.5856
19.5000 16 34896.60928
19.6000 16 35420.89728
19.7000 16 36553.35936
19.8000 16 28814.86848
19.9000 16 32201.76896
20.0000 16 35567.69792
20.1000 16 35777.41312
20.2000 16 35284.5824
20.3000 16 33365.68832
20.4000 16 35420.89728
20.5000 16 34508.63616
20.6000 16 35641.09824
20.7000 16 36469.47328
20.8000 16 34162.60608
20.9000 16 33848.03328
21.0000 16 33009.17248
21.1000 16 35242.63936
21.2000 16 36479.95904
21.3000 16 36773.56032
21.4000 16 33502.0032
21.5000 16 34508.63616
21.6000 16 36291.21536
21.7000 16 37056.67584
21.8000 16 35745.95584
21.9000 16 31992.05376
22.0000 16 31845.25312
22.1000 16 36983.27552
22.2000 16 36427.53024
22.3000 16 29307.6992
22.4000 16 24484.2496
22.5000 16 33239.8592
22.6000 16 35777.41312
22.7000 16 32956.74368
22.8000 16 36521.90208
22.9000 16 31824.2816
23.0000 16 32652.65664
23.1000 16 27829.20704
23.2000 16 30104.61696
23.3000 16 34676.40832
23.4000 16 36626.75968
23.5000 16 36867.93216
23.6000 16 29769.07264
23.7000 16 32988.20096
23.8000 16 35651.584
23.9000 16 35871.78496
24.0000 16 34099.69152
24.1000 16 32872.8576
24.2000 16 33669.77536
24.3000 16 36846.96064
24.4000 16 35934.69952
24.5000 16 33061.60128
24.6000 16 33617.34656
24.7000 16 26675.77344
24.8000 16 10202.64448
