0.1000 16 0.0
0.2000 16 36364.61568
0.3000 16 37192.99072
0.4000 16 35064.38144
0.5000 16 28521.2672
0.6000 16 16074.67008
0.7000 16 31866.22464
0.8000 16 37570.47808
0.9000 16 33082.5728
1.0000 16 33942.40512
1.1000 16 31845.25312
1.2000 16 35106.32448
1.3000 16 34854.66624
1.4000 16 34697.37984
1.5000 16 35462.84032
1.6000 16 33659.2896
1.7000 16 35368.46848
1.8000 16 35777.41312
1.9000 16 32726.05696
2.0000 16 34519.12192
2.1000 16 36993.76128
2.2000 16 33806.09024
2.3000 16 34728.83712
2.4000 16 36616.27392
2.5000 16 33785.11872
2.6000 16 33302.77376
2.7000 16 36291.21536
2.8000 16 34928.06656
2.9000 16 36542.8736
3.0000 16 33680.26112
3.1000 16 34697.37984
3.2000 16 27944.5504
3.3000 16 35829.84192
3.4000 16 37371.24864
3.5000 16 33606.8608
3.6000 16 35116.81024
3.7000 16 34215.03488
3.8000 16 33218.88768
3.9000 16 35399.92576
4.0000 16 31698.45248
4.1000 16 32610.7136
4.2000 16 34907.09504
4.3000 16 35032.92416
4.4000 16 32589.74208
4.5000 16 34519.12192
4.6000 16 33816.576
4.7000 16 33491.51744
4.8000 16 34865.152
4.9000 16 34980.49536
5.0000 16 35263.61088
5.1000 16 30251.4176
5.2000 16 35221.66784
5.3000 16 35085.35296
5.4000 16 31918.65344
5.5000 16 35106.32448
5.6000 16 31782.33856
5.7000 16 35494.2976
5.8000 16 33669.77536
5.9000 16 36029.07136
6.0000 16 35452.35456
6.1000 16 35777.41312
6.2000 16 31604.08064
6.3000 16 36689.67424
6.4000 16 34854.66624
6.5000 16 31824.2816
6.6000 16 35127.296
6.7000 16 36196.84352
6.8000 16 26036.14208
6.9000 16 35137.78176
7.0000 16 37276.8768
7.1000 16 35724.98432
7.2000 16 30607.93344
7.3000 16 30167.53152
7.4000 16 37350.27712
7.5000 16 35578.18368
7.6000 16 33334.23104
7.7000 16 33197.91616
7.8000 16 35683.04128
7.9000 16 34288.4352
8.0000 16 35892.75648
8.1000 16 31467.76576
8.2000 16 33271.31648
8.3000 16 33617.34656
8.4000 16 32600.22784
8.5000 16 34707.8656
8.6000 16 34907.09504
8.7000 16 33554.432
8.8000 16 35053.89568
8.9000 16 34970.0096
9.0000 16 36637.24544
9.1000 16 31593.59488
9.2000 16 32904.31488
9.3000 16 36071.0144
9.4000 16 34980.49536
9.5000 16 32013.02528
9.6000 16 34047.26272
9.7000 16 36154.90048
9.8000 16 34194.06336
9.9000 16 35179.7248
10.0000 16 34896.60928
10.1000 16 35337.0112
10.2000 16 35525.75488
10.3000 16 35001.46688
10.4000 16 34676.40832
10.5000 16 35630.61248
10.6000 16 34550.5792
10.7000 16 33994.83392
10.8000 16 35295.06816
10.9000 16 35871.78496
11.0000 16 33449.5744
11.1000 16 33764.1472
11.2000 16 36920.36096
11.3000 16 36511.41632
11.4000 16 33827.06176
11.5000 16 34707.8656
11.6000 16 34634.46528
11.7000 16 34456.20736
11.8000 16 35420.89728
11.9000 16 35924.21376
12.0000 16 32359.05536
12.1000 16 34728.83712
12.2000 16 35714.49856
12.3000 16 31509.7088
12.4000 16 33764.1472
12.5000 16 36081.50016
12.6000 16 36500.93056
12.7000 16 34676.40832
12.8000 16 35882.27072
12.9000 16 36763.07456
13.0000 16 34361.83552
13.1000 16 31467.76576
13.2000 16 35074.8672
13.3000 16 36784.04608
13.4000 16 34057.74848
13.5000 16 33638.31808
13.6000 16 37549.50656
13.7000 16 33072.08704
13.8000 16 26770.14528
13.9000 16 34519.12192
14.0000 16 37224.448
14.1000 16 33344.7168
14.2000 16 32841.40032
14.3000 16 34865.152
14.4000 16 36029.07136
14.5000 16 35106.32448
14.6000 16 35326.52544
14.7000 16 31583.10912
14.8000 16 37035.70432
14.9000 16 33680.26112
15.0000 16 36207.32928
15.1000 16 33910.94784
15.2000 16 35651.584
15.3000 16 34519.12192
15.4000 16 34634.46528
15.5000 16 33711.7184
15.6000 16 34707.8656
15.7000 16 35704.0128
15.8000 16 34298.92096
15.9000 16 33858.51904
16.0000 16 36563.84512
16.1000 16 35525.75488
16.2000 16 35399.92576
16.3000 16 33386.65984
16.4000 16 35085.35296
16.5000 16 36427.53024
16.6000 16 33795.60448
16.7000 16 33030.144
16.8000 16 36165.38624
16.9000 16 35829.84192
17.0000 16 36500.93056
17.1000 16 34194.06336
17.2000 16 33785.11872
17.3000 16 34319.89248
17.4000 16 35567.69792
17.5000 16 32463.91296
17.6000 16 35840.32768
17.7000 16 33135.0016
17.8000 16 33816.576
17.9000 16 33638.31808
18.0000 16 35127.296
18.1000 16 33292.288
18.2000 16 35431.38304
18.3000 16 34928.06656
18.4000 16 36857.4464
18.5000 16 32893.82912
18.6000 16 31226.59328
18.7000 16 35745.95584
18.8000 16 37182.50496
18.9000 16 35588.66944
19.0000 16 33785.11872
19.1000 16 35221.66784
19.2000 16 35494.2976
19.3000 16 34162.60608
19.4000 16 36920.36096
19.5000 16 36301.70112
19.6000 16 30429.67552
19.7000 16 34613.49376
19.8000 16 36542.8736
19.9000 16 36343.64416
20.0000 16 35011.95264
20.1000 16 35420.89728
20.2000 16 35840.32768
20.3000 16 34686.89408
20.4000 16 32170.31168
20.5000 16 36102.47168
20.6000 16 34152.12032
20.7000 16 36144.41472
20.8000 16 35829.84192
20.9000 16 34508.63616
21.0000 16 34036.77696
21.1000 16 36542.8736
21.2000 16 35305.55392
21.3000 16 34026.2912
21.4000 16 36458.98752
21.5000 16 36595.3024
21.6000 16 33827.06176
21.7000 16 34802.23744
21.8000 16 34445.7216
21.9000 16 36752.5888
22.0000 16 33627.83232
22.1000 16 31918.65344
22.2000 16 36154.90048
22.3000 16 35295.06816
22.4000 16 34424.75008
22.5000 16 32421.96992
22.6000 16 36668.70272
22.7000 16 34393.2928
22.8000 16 33040.62976
22.9000 16 34603.008
23.0000 16 26759.65952
23.1000 16 32327.59808
23.2000 16 35651.584
23.3000 16 35158.75328
23.4000 16 34990.98112
23.5000 16 34582.03648
23.6000 16 36050.04288
23.7000 16 33879.49056
23.8000 16 27252.49024
23.9000 16 30639.39072
24.0000 16 34770.78016
24.1000 16 36354.12992
24.2000 16 37329.3056
24.3000 16 32516.34176
24.4000 16 25501.36832
24.5000 16 5567.93856
