0.1000 16 0.0
0.2000 16 32107.39712
0.3000 16 37423.67744
0.4000 16 28363.9808
0.5000 16 33439.08864
0.6000 16 3953.13152
0.7000 16 6176.11264
0.8000 16 32904.31488
0.9000 16 37539.0208
1.0000 16 31174.16448
1.1000 16 33795.60448
1.2000 16 32768.0
1.3000 16 33669.77536
1.4000 16 36521.90208
1.5000 16 28940.6976
1.6000 16 34603.008
1.7000 16 32663.1424
1.8000 16 33418.11712
1.9000 16 36050.04288
2.0000 16 33135.0016
2.1000 16 33931.91936
2.2000 16 32390.51264
2.3000 16 35987.12832
2.4000 16 34949.03808
2.5000 16 31750.88128
2.6000 16 31604.08064
2.7000 16 35641.09824
2.8000 16 37559.99232
2.9000 16 36217.81504
3.0000 16 32589.74208
3.1000 16 30660.36224
3.2000 16 31058.82112
3.3000 16 31121.73568
3.4000 16 37539.0208
3.5000 16 32138.8544
3.6000 16 29779.5584
3.7000 16 32201.76896
3.8000 16 33879.49056
3.9000 16 34256.97792
4.0000 16 33103.54432
4.1000 16 32946.25792
4.2000 16 35777.41312
4.3000 16 33481.03168
4.4000 16 32579.25632
4.5000 16 24211.61984
4.6000 16 36626.75968
4.7000 16 36668.70272
4.8000 16 30838.62016
4.9000 16 32568.77056
5.0000 16 36207.32928
5.1000 16 35316.03968
5.2000 16 34928.06656
5.3000 16 29328.67072
5.4000 16 34833.69472
5.5000 16 36144.41472
5.6000 16 34267.46368
5.7000 16 35630.61248
5.8000 16 35903.24224
5.9000 16 33197.91616
6.0000 16 34435.23584
6.1000 16 36563.84512
6.2000 16 36301.70112
6.3000 16 34644.95104
6.4000 16 32705.08544
6.5000 16 36584.81664
6.6000 16 34256.97792
6.7000 16 33187.4304
6.8000 16 29517.4144
6.9000 16 36385.5872
7.0000 16 34215.03488
7.1000 16 33785.11872
7.2000 16 34970.0096
7.3000 16 36867.93216
7.4000 16 35683.04128
7.5000 16 33281.80224
7.6000 16 35326.52544
7.7000 16 35777.41312
7.8000 16 36123.4432
7.9000 16 35997.61408
8.0000 16 33764.1472
8.1000 16 35064.38144
8.2000 16 35672.55552
8.3000 16 35756.4416
8.4000 16 32579.25632
8.5000 16 36081.50016
8.6000 16 36322.67264
8.7000 16 33239.8592
8.8000 16 23750.2464
8.9000 16 27011.31776
9.0000 16 36039.55712
9.1000 16 34634.46528
9.2000 16 31887.19616
9.3000 16 29748.10112
9.4000 16 34173.09184
9.5000 16 34550.5792
9.6000 16 35599.1552
9.7000 16 33145.48736
9.8000 16 35420.89728
9.9000 16 37266.39104
10.0000 16 36406.55872
10.1000 16 33827.06176
10.2000 16 32579.25632
10.3000 16 31237.07904
10.4000 16 33481.03168
10.5000 16 36154.90048
10.6000 16 30691.81952
10.7000 16 34917.5808
10.8000 16 36962.304
10.9000 16 35945.18528
11.0000 16 35106.32448
11.1000 16 34812.7232
11.2000 16 35955.67104
11.3000 16 35924.21376
11.4000 16 35494.2976
11.5000 16 34204.54912
11.6000 16 35766.92736
11.7000 16 34036.77696
11.8000 16 36228.3008
11.9000 16 32673.62816
12.0000 16 34823.20896
12.1000 16 37161.53344
12.2000 16 35316.03968
12.3000 16 36825.98912
12.4000 16 33323.74528
12.5000 16 36521.90208
12.6000 16 32726.05696
12.7000 16 34896.60928
12.8000 16 34309.40672
12.9000 16 36679.18848
13.0000 16 35410.41152
13.1000 16 32621.19936
13.2000 16 35525.75488
13.3000 16 36050.04288
13.4000 16 35316.03968
13.5000 16 32799.45728
13.6000 16 36742.10304
13.7000 16 36259.75808
13.8000 16 35274.09664
13.9000 16 33994.83392
14.0000 16 36280.7296
14.1000 16 34561.06496
14.2000 16 30712.79104
14.3000 16 36144.41472
14.4000 16 35378.95424
14.5000 16 34896.60928
14.6000 16 35316.03968
14.7000 16 34424.75008
14.8000 16 35683.04128
14.9000 16 36175.872
15.0000 16 35274.09664
15.1000 16 35232.1536
15.2000 16 33355.20256
15.3000 16 37213.96224
15.4000 16 33638.31808
15.5000 16 36364.61568
15.6000 16 35001.46688
15.7000 16 36186.35776
15.8000 16 34330.37824
15.9000 16 36595.3024
16.0000 16 34865.152
16.1000 16 35588.66944
16.2000 16 35829.84192
16.3000 16 36815.50336
16.4000 16 34026.2912
16.5000 16 34697.37984
16.6000 16 36563.84512
16.7000 16 34970.0096
16.8000 16 33344.7168
16.9000 16 31908.16768
17.0000 16 37025.21856
17.1000 16 34686.89408
17.2000 16 35766.92736
17.3000 16 34603.008
17.4000 16 35242.63936
17.5000 16 35148.26752
17.6000 16 36553.35936
17.7000 16 35903.24224
17.8000 16 35945.18528
17.9000 16 32317.11232
18.0000 16 35903.24224
18.1000 16 35179.7248
18.2000 16 35557.21216
18.3000 16 36343.64416
18.4000 16 35001.46688
18.5000 16 34907.09504
18.6000 16 36039.55712
18.7000 16 32956.74368
18.8000 16 37497.07776
18.9000 16 28458.35264
19.0000 16 30387.73248
19.1000 16 35724.98432
19.2000 16 37392.22016
19.3000 16 36521.90208
19.4000 16 27283.94752
19.5000 16 27839.6928
19.6000 16 34938.55232
19.7000 16 33197.91616
19.8000 16 34970.0096
19.9000 16 33260.83072
20.0000 16 33187.4304
20.1000 16 37182.50496
20.2000 16 36700.16
20.3000 16 32631.68512
20.4000 16 32558.2848
20.5000 16 35672.55552
20.6000 16 35735.47008
20.7000 16 34141.63456
20.8000 16 37224.448
20.9000 16 35756.4416
21.0000 16 35305.55392
21.1000 16 27934.06464
21.2000 16 34162.60608
21.3000 16 35945.18528
21.4000 16 33481.03168
21.5000 16 36291.21536
21.6000 16 34298.92096
21.7000 16 35945.18528
21.8000 16 36731.61728
21.9000 16 34823.20896
22.0000 16 29695.67232
22.1000 16 33208.40192
22.2000 16 36825.98912
22.3000 16 36060.52864
22.4000 16 35515.26912
22.5000 16 35148.26752
22.6000 16 34330.37824
22.7000 16 36805.0176
22.8000 16 35347.49696
22.9000 16 33114.03008
23.0000 16 34015.80544
23.1000 16 32138.8544
23.2000 16 37350.27712
23.3000 16 34802.23744
23.4000 16 35766.92736
23.5000 16 36700.16
23.6000 16 36469.47328
23.7000 16 34204.54912
23.8000 16 33460.06016
23.9000 16 32715.5712
24.0000 16 35798.38464
24.1000 16 37140.56192
24.2000 16 34057.74848
24.3000 16 33323.74528
24.4000 16 35599.1552
24.5000 16 33313.25952
24.6000 16 20919.0912
